data/NR84.asc
ncols 200
nrows 200
xllcorner 180000
yllcorner 640000
cellsize 50
[rows 0 to 36 of 200, columns 0 to 82 of 200]
199.8 198.2 196.4 194.9 197.8 203.2 202.7 197.5 196.5 196.5 196.5 199.8 201.8 204.2 206.3 208 208.3 207.7 205.9 202.5 199.7 195.1 190.2 185.3 181.6 177.5 172.5 168.5 168.5 166.8 166 162.8 159 155.2 149.6 141.7 133.6 126.9 118.7 111.6 104.8 96.3 89.2 83.2 75.2 66.7 64 62.7 63.2 65.6 69.6 72.2 74.8 77 79.1 81.5 82.1 79.7 74.5 68.1 60.6 51 54.1 49.4 47.1 44.2 36.6 23.6 3.8 -1.1 -1.1 -1.1 -1.1 -1.1 -1.1 -1.1 -1.1 -1.1 -1.1 -1.1 -1.1 -1.1 -1.1
197.9 196.9 195.6 195.2 196.1 197.1 196.5 196.5 196.5 196.5 197 200.3 202.7 207.4 210.8 211.5 212 211.1 210.5 209.6 208.1 206.7 199.4 191.3 186.2 181.6 176.9 177.4 180.2 181.8 179.3 177.1 171.5 162.9 155.1 147.8 140.6 133.8 126.5 117.8 108.2 99.4 91.7 85.5 77 68.4 62.6 61.4 63 64.8 71 73.9 76.6 79.4 80.2 80.1 79.9 78.2 72.9 65.9 57.5 58.8 56.2 55.1 52.2 46.3 35.7 20.9 8.8 -1.1 -1.1 -1.1 -1.1 -1.1 -1.1 -1.1 -1.1 -1.1 -1.1 -1.1 -1.1 -1.1 -1.1
196.9 196.8 198.9 199.9 201.5 199.1 198.6 196.5 198.8 202.5 207.1 210.8 213.3 212.7 216.3 216.2 216 214.9 217 216.1 213.8 209.4 200.3 194 189.6 182.9 180.3 185.4 189.9 191.1 189.1 185.1 176.9 166.6 160.2 153.8 146.5 138 129.6 121 111.7 102.8 95.9 89.5 81 72.5 64.2 60.9 61.8 67 72.9 79.1 80.7 81.5 80.7 79.9 79 76.2 71.8 62.9 63.5 62.4 59.8 58.7 55.7 46.8 33.7 17.9 3.9 -1.1 -1.1 -1.1 -1.1 -1.1 -1.1 -1.1 -1.1 -1.1 -1.1 -1.1 -1.1 -1.1 -1.1
197.4 200.8 207.6 208.9 205.6 201.4 199.5 200.7 204.7 208.5 213.9 220.3 224.2 219.6 218.3 217.9 217.9 221.1 221.1 219.7 215.7 208.3 201.6 196.5 192.8 188.6 187.8 191.1 194.6 193.6 193.3 188.1 179 168.8 164.7 158 149.3 140.7 132 123.6 115.2 108.2 101.9 93.5 85 76.5 67.8 60.9 62.3 67.9 74.4 83.7 83.4 82.5 81.3 79.2 77 73.9 69.1 63.5 65.2 63.2 61.2 61.2 56.7 47.6 32.3 14 3.4 -1.1 -1.1 -1.1 -1.1 -1.1 -1.1 -1.1 -1.1 -1.1 -1.1 -1.1 -1.1 -1.1 -1.1
198.6 205.4 211.8 210.7 206.5 202.6 201.9 204.7 207.3 211.4 216.3 219.7 223.5 219.2 219.2 219.1 220.3 223.7 223.8 224.1 216.4 208.6 202.3 199.3 196.2 194.4 193 194 196.4 196.6 195.3 187.4 176.6 171.7 170.3 161.1 152.9 144.4 135.5 126.5 120 112.9 105.3 97 88.2 79 67.6 59.6 63.7 68.3 75.7 84.5 84.2 83.6 82.5 79.5 75.5 71.4 66.9 64.6 63.7 62.3 61.4 61.5 54.7 43.9 29.5 16.1 2.4 -1.1 -1.1 -1.1 -1.1 -1.1 -1.1 -1.1 -1.1 -1.1 -1.1 -1.1 -1.1 -1.1 -1.1
202.7 210.1 212.2 209.2 205.8 203.5 205.2 207.6 209.9 212.3 214.7 216.1 218.2 217.8 219.7 220 222 223.2 222.7 223.2 215.4 207.6 202.8 200.4 198.4 197.4 196.5 196.6 197.5 198.3 193.9 183.2 177.5 173.5 168.9 162.6 156.5 149 140.5 130.7 122.9 115.2 107.3 100.2 92.3 81 67.8 59.7 66.9 69.9 76.1 82.7 83.6 83.6 83.5 80.1 75.7 69.7 68.7 65.7 61.8 60.3 59.2 56.9 49.8 37.1 30.4 12.8 -1.1 -1.1 -1.1 -1.1 -1.1 -1.1 -1.1 -1.1 -1.1 -1.1 -1.1 -1.1 -1.1 -1.1 -1.1
213.1 217.9 217.2 213 206.5 204.7 206.7 208 210.3 212.6 211.7 213 215.2 215.7 218.3 222.1 222.7 222.5 219.5 216.5 212.2 208.8 205.3 202.3 200.3 199.4 199.4 199 199.1 198.3 189.9 182 179.3 175.1 169.9 164.8 160.2 153.9 144.4 133 123.6 115.6 111 105 94 80.2 66.1 60.5 63.5 66.4 71.9 77.5 81.5 83 83.1 79.9 75.6 73.6 70.6 64.5 59.3 57 56 50.4 44.7 37 25.4 8.7 -1.1 -1.1 -1.1 -1.1 -1.1 -1.1 -1.1 -1.1 -1.1 -1.1 -1.1 -1.1 -1.1 -1.1 -1.1
221.2 226.9 222.3 214.4 207 206.5 207.7 208.5 210.4 211.4 210.4 209.4 209.4 211 217.5 223.4 223.4 221.9 216.9 215 212.6 210.2 208 204 202.1 201.3 202.1 202 200.2 195 186.6 183.3 180.7 176.6 171.2 166.8 163 156.4 147.4 137 127.3 115.5 111.4 103 91.8 80.5 65.7 58 57.4 61.9 67.3 73.8 78.9 80.2 81.4 78.4 74.6 77.6 70.7 63.1 59.4 54.4 52.1 49.3 42.8 29.6 19.6 10.2 -1.1 -1.1 -1.1 -1.1 -1.1 -1.1 -1.1 -1.1 -1.1 -1.1 -1.1 -1.1 -1.1 -1.1 -1.1
227.5 231.7 222.9 213.4 211.6 210 209.3 209.3 210.5 210.3 208.4 207.1 207.8 209.4 213.6 219.3 220.4 219.3 216 214.3 213.1 212.4 210.8 208.6 207.9 206.8 205.9 203.7 197.4 192.2 187.5 185 182.5 178 172.7 169.3 164.7 158.4 147.9 136.8 126.3 116.6 109.2 100.3 88.7 77.6 73 61.8 50.7 57.6 64.9 70.5 75.9 77.6 78.2 76.1 79.7 78.5 71 63.9 59.3 53.9 50.2 45.6 36.6 26.9 14.3 5 -1.1 -1.1 -1.1 -1.1 -1.1 -1.1 -1.1 -1.1 -1.1 -1.1 -1.1 -1.1 -1.1 -1.1 -1.1
229.8 229.9 225.1 223 218.5 215.7 212.7 210.3 210.7 209.1 207.2 206.3 206.6 209.5 212.1 213.2 214.8 215.6 215.4 214.8 213.5 213.1 212.8 213.2 212.3 210.6 208.3 202.1 194.4 190.4 187.4 184.6 181.6 178.6 175 171.8 165.7 157 147.4 134.4 126.6 117.6 107.2 98.3 86.2 80.9 73.2 57.7 49.8 51.9 60.7 66.8 70 72.2 73.9 74.7 76.6 76 69.2 66.3 62.2 52.3 44.5 39.3 30.4 22.2 13.6 3 -1.1 -1.1 -1.1 -1.1 -1.1 -1.1 -1.1 -1.1 -1.1 -1.1 -1.1 -1.1 -1.1 -1.1 -1.1
232.2 230.8 231.5 231.2 226.8 218.8 216.9 213 210.5 207.9 206 206.3 206.6 208.5 209.6 211 211.8 213.8 215.4 215.2 213.9 213.7 213.7 213.1 211.8 211.8 208.7 198.9 191.7 187.8 185.5 183.9 181.4 178.6 175.6 171.8 164.5 155.9 146.1 134.6 127 118.3 106.2 96 86.5 82.3 70.7 63.4 53.2 48.5 57.8 62 64.7 67 67.7 72.4 72.6 72.6 73.2 72.9 61.8 51.4 39.1 32.2 26.4 17.6 9.9 -1.1 -1.1 -1.1 -1.1 -1.1 -1.1 -1.1 -1.1 -1.1 -1.1 -1.1 -1.1 -1.1 -1.1 -1.1 -1.1
233.1 232.8 234.5 236.4 234.1 223.8 222.8 220 212.3 206.2 205.2 204.4 206.3 207.5 209 209.9 210.8 212.1 213.8 215.2 214.4 214.3 215.6 213.2 211.3 209 204.1 195.5 189.1 185.6 183.6 181.7 179.5 177.1 174.3 168.7 161.6 154.5 144.5 133.9 126.1 117.7 105.7 94.9 84.6 81.8 78 64.4 52.1 46.3 54.3 56.8 59.6 62.2 62.3 67.6 69.1 71.5 71.6 73.4 61.6 47.8 35.1 28.1 24.8 19.7 4.1 -1.1 -1.1 -1.1 -1.1 -1.1 -1.1 -1.1 -1.1 -1.1 -1.1 -1.1 -1.1 -1.1 -1.1 -1.1 -1.1
235.1 234.7 235.2 237.3 233.9 229.4 228.7 224.4 213.8 206.5 205.1 203.7 204.5 207 208.1 209 210 211.1 212.5 214 214.9 216.5 215.3 213.4 210.8 205.8 199.6 193.8 190.3 181.8 181.3 178.3 177.1 174.9 170.8 165.5 159.1 152.8 140.8 133.6 125.5 117.4 105.9 94.8 86.6 82.8 79.2 65.3 50.2 41.3 49.2 52.4 53.7 55.3 60.7 64.7 64.6 67.5 70.3 75.2 57.2 46.6 32.9 27.3 21.8 17.6 -1.1 -1.1 -1.1 -1.1 -1.1 -1.1 -1.1 -1.1 -1.1 -1.1 -1.1 -1.1 -1.1 -1.1 -1.1 -1.1 -1.1
238.3 236.9 234.8 234.2 232.6 230.7 228.4 221.7 213.1 206.7 205.1 203.5 201.5 205 207.1 208.1 209.1 210.1 211.5 213.2 216.6 218.1 215.8 213.8 208.1 200.4 195 191.3 185.9 180.7 175.2 174.2 175.4 172.3 165.7 158.8 153.9 146.9 142.2 135.2 127.9 120.6 105.1 94.8 88.9 84 79.6 66 51.5 38.4 45.7 48.7 50.3 50.3 59.1 60.6 61.1 66.4 75.5 68.7 49.5 38.6 28.3 26.1 19.5 13.6 4.4 -1.1 -1.1 -1.1 -1.1 -1.1 -1.1 -1.1 -1.1 -1.1 -1.1 -1.1 -1.1 -1.1 -1.1 -1.1 -1.1
241.6 239.2 234.9 234.4 232.1 232.4 229.4 220.3 214 208.2 205.2 202.9 199.7 202.9 206.2 207.2 208.2 209.1 211.3 213.5 214.9 216.3 215.6 211.9 203.6 196.8 192 188.8 182.9 177.1 172.6 169.9 170.4 167 159.6 152.7 149.8 145.7 142.1 135.7 126.5 117.2 102.5 95.9 91.1 86 80.1 67.7 53.4 39 38.6 44.5 46.2 48.9 55.8 57.3 60.6 64.8 67.8 61.8 42.4 28.5 25.1 22.9 19.9 16.2 7.3 -1.1 -1.1 -1.1 -1.1 -1.1 -1.1 -1.1 -1.1 -1.1 -1.1 -1.1 -1.1 -1.1 -1.1 -1.1 -1.1
245.3 241.7 236.8 234.7 232.5 228.7 223.8 219.6 213.8 211.9 206.3 201.2 199.1 201.4 204 205.6 206.5 208.6 211.5 212.9 212.6 211.2 210.6 206.8 201.4 195.4 191 185.7 178.8 172.7 168.8 166.2 162.8 158.9 155.5 152.7 148.6 144.8 139.5 132.1 123.1 112.5 100.3 94 91.3 86.4 77.6 68.7 56.1 41.5 31.1 38.9 41.5 48.8 52.6 54.7 59.3 60.9 59.8 48.9 35.7 23.1 22.4 20.8 22.7 12.9 -1.1 -1.1 -1.1 -1.1 -1.1 -1.1 -1.1 -1.1 -1.1 -1.1 -1.1 -1.1 -1.1 -1.1 -1.1 -1.1 -1.1
247.8 242.8 240.1 236.6 236.9 227.7 220.7 217.3 213.5 211.3 205.5 200.1 198.8 199.2 201.5 204 205.4 208.8 212.4 213.6 209.9 207.5 204.8 202.9 197.8 192.8 189.6 182.9 175.6 168.4 163.3 162.1 158.5 154.4 150.7 148.4 145.8 141.9 136.2 127.8 119 109 97.3 91.3 88.7 81.2 72 67.7 56.7 42.1 30.6 32.7 41.7 50.6 50.7 53.3 55.9 53.6 47.2 37.2 19.9 18.5 18.9 21.4 16.9 8.4 -1.1 -1.1 -1.1 -1.1 -1.1 -1.1 -1.1 -1.1 -1.1 -1.1 -1.1 -1.1 -1.1 -1.1 -1.1 -1.1 -1.1
248.1 246.5 242.6 238.4 229.1 223.8 219.9 216.1 212 207.1 202.1 198.9 197.3 195.9 198.7 201.3 205.3 208.7 211.5 210.3 207.9 204.6 200.6 195 187.9 186 183 178.1 172.2 165.9 158.8 156.1 153.7 148 148.6 147.3 142.2 138.1 132.7 123.5 114.7 104.3 93.6 89.7 84.8 74.6 65.5 61.9 51 38.5 29.7 32.2 40.6 46.7 45.5 51 48.7 44.1 36.8 25.4 8.2 13.3 17.2 16.7 8.6 -1.1 -1.1 -1.1 -1.1 -1.1 -1.1 -1.1 -1.1 -1.1 -1.1 -1.1 -1.1 -1.1 -1.1 -1.1 -1.1 -1.1 -1.1
250.9 253.4 246 231.4 225.2 220.9 218 214.7 210.3 204.4 198.6 195.8 194.6 193.6 195.7 197.4 202.8 208 208.7 207.3 204.9 200.9 196.9 189 183.1 175.9 171.4 169.1 163.1 160.8 152.2 149.4 144.1 143.7 145.7 145.5 138.9 133.7 126.6 119 110.5 99 91.6 89.4 79.1 65 59 54.3 44.5 34.2 26.6 30 38 42.6 43.5 46.3 41.2 36.3 27.5 7.6 5.1 4.9 8.5 4.8 -1.1 -1.1 -1.1 -1.1 -1.1 -1.1 -1.1 -1.1 -1.1 -1.1 -1.1 -1.1 -1.1 -1.1 -1.1 -1.1 -1.1 -1.1 -1.1
253.2 256.1 248.7 225.5 221.5 217.8 215.6 212.3 208.1 201.3 197 194.6 192.1 191.5 190.5 191.4 199.5 204.1 203.3 200.1 199.9 197.1 190.6 182.2 178.7 170.8 162.3 157.4 154.1 150.4 145.3 140 138 139.2 142.5 141.1 134.6 126.6 119.5 111.9 104.3 91.2 89.6 85.1 74.8 58.5 52.4 45.9 36.4 30.3 25.1 27.9 34 36.2 42.2 38.7 32.7 24.4 11.3 2.2 1.2 1 -1.1 -1.1 -1.1 -1.1 -1.1 -1.1 -1.1 -1.1 -1.1 -1.1 -1.1 -1.1 -1.1 -1.1 -1.1 -1.1 -1.1 -1.1 -1.1 -1.1 -1.1
251.3 251.1 240.7 222.5 218.6 214.8 212.8 210 206 201.6 198.2 195.2 192.5 191 188.1 185.7 191 195 195.2 191.6 190.9 186.9 182.2 176.1 170.7 164.1 155.9 148.6 143.2 139.6 136.3 133 133.5 133.6 136.1 133.9 127.6 120.4 112.5 104.9 96.1 87.5 86.9 80.6 72 59.7 47.7 37.6 31.2 29.4 22.2 25.6 28.3 33.5 36.1 31.3 21.9 5.7 2.3 1.7 -1.1 -1.1 -1.1 -1.1 -1.1 -1.1 -1.1 -1.1 -1.1 -1.1 -1.1 -1.1 -1.1 -1.1 -1.1 -1.1 -1.1 -1.1 -1.1 -1.1 -1.1 -1.1 -1.1
250.6 244.2 229.1 219 215.6 213.2 210.8 207.8 205.2 203.4 200 196 193.3 191.2 189.7 183.5 181 183.3 187.7 183.8 183.1 180.4 171.5 166.8 163 155.3 148.4 141 133.9 126 124.8 125.6 122.8 122.4 123.5 122.8 118.4 112 103.2 96.6 87.8 82.9 79.5 74.5 65 54.7 42.1 32.8 30.3 27.9 25.5 18.9 24.5 27.4 27 19 4.7 1.7 -1.1 -1.1 -1.1 -1.1 -1.1 -1.1 -1.1 -1.1 -1.1 -1.1 -1.1 -1.1 -1.1 -1.1 -1.1 -1.1 -1.1 -1.1 -1.1 -1.1 -1.1 -1.1 -1.1 -1.1 -1.1
248.7 235.7 220.4 217.7 215 211 207.5 205 204.3 202.9 200.6 194.5 191.6 189 183.9 180.7 176.7 170.2 168.9 171.2 172.6 171.2 162.6 158.2 152.8 144.7 136.6 130.3 122.4 117 114 114.1 109.9 109.2 108.5 111.3 108.7 103.4 94.9 85 79.5 77.8 73.7 66.8 58.4 48.9 35.4 29.8 28.6 26.5 24 19 12.4 7 5.9 1.9 -1.1 -1.1 -1.1 -1.1 -1.1 -1.1 -1.1 -1.1 -1.1 -1.1 -1.1 -1.1 -1.1 -1.1 -1.1 -1.1 -1.1 -1.1 -1.1 -1.1 -1.1 -1.1 -1.1 -1.1 -1.1 -1.1 -1.1
231.5 222.8 218.9 216.2 212.4 207.9 204.5 202.4 201.7 199.6 196.5 192.7 190.5 190.2 189 185.8 180.7 175.3 169.1 164.1 160 160.3 156 152.1 145.5 136 128.2 123.8 120.2 116.9 114.3 108.5 102.7 96.3 95.6 94.1 92.5 88.7 79.1 69.5 68 69.2 65 56.2 46.7 38.3 29.5 27.3 26.3 24.3 11.6 8.4 6.3 3.5 1.6 -1.1 -1.1 -1.1 -1.1 -1.1 -1.1 -1.1 -1.1 -1.1 -1.1 -1.1 -1.1 -1.1 -1.1 -1.1 -1.1 -1.1 -1.1 -1.1 -1.1 -1.1 -1.1 -1.1 -1.1 -1.1 -1.1 -1.1 -1.1
220.3 220.1 215.6 211.4 207.9 203.8 200.9 199.6 198.3 198.6 198.2 196.4 194.4 193.2 192 189.1 184.1 178.9 174.2 168.7 162 154.2 147.2 143.8 139.8 134.3 127.9 120.4 115.6 111.6 108.8 104.8 99.4 92.5 81.8 78.4 75.1 70.5 63.8 58 55 53.8 49.1 44.1 36.2 29.8 27.6 26.7 24.6 14.8 8.7 5.6 3.2 0.8 -1.1 -1.1 -1.1 -1.1 -1.1 -1.1 -1.1 -1.1 -1.1 -1.1 -1.1 -1.1 -1.1 -1.1 -1.1 -1.1 -1.1 -1.1 -1.1 -1.1 -1.1 -1.1 -1.1 -1.1 -1.1 -1.1 -1.1 -1.1 -1.1
219 216.8 214.2 209.1 204.4 202.6 202.8 203 203.3 203.6 202 199.7 197.5 196.4 193 189.8 185.6 181.6 177.2 172.2 166 160.9 155.1 149.8 146.3 141 136.5 132.6 125.8 117.5 111.5 104.5 96.7 91.2 88.5 83.2 76.2 71 65.2 57.5 46.2 41.8 41.3 36.1 30.1 28.3 26.7 26.1 23.2 10.4 6 2.9 0.6 -1.1 -1.1 -1.1 -1.1 -1.1 -1.1 -1.1 -1.1 -1.1 -1.1 -1.1 -1.1 -1.1 -1.1 -1.1 -1.1 -1.1 -1.1 -1.1 -1.1 -1.1 -1.1 -1.1 -1.1 -1.1 -1.1 -1.1 -1.1 -1.1 -1.1
218.1 216.3 214.9 212.7 210.1 208.5 208.1 207.9 207.2 206.6 205.6 203 199.1 195.6 192.2 189.7 187.3 183.7 180.2 175.6 170 165.6 160.6 155.1 151.6 147.1 142.6 136.7 128.7 120 113.1 107.6 101 96.1 92.6 89 82.4 74.9 67.8 57.9 47.6 39.5 32.4 27.2 25.6 24.1 21.1 18.6 16.6 8 4.8 1.2 -1.1 -1.1 -1.1 -1.1 -1.1 -1.1 -1.1 -1.1 -1.1 -1.1 -1.1 -1.1 -1.1 -1.1 -1.1 -1.1 -1.1 -1.1 -1.1 -1.1 -1.1 -1.1 -1.1 -1.1 -1.1 -1.1 -1.1 -1.1 -1.1 -1.1 -1.1
217.2 217.6 217.5 216.9 215 211.5 210.1 209.8 209.5 208.9 208.5 205.9 198.9 194.7 192.2 191.1 190 186.4 183.3 179.5 175.6 170.9 168.6 163.5 158.9 154.2 148.2 139.7 131.6 120.5 115.2 109.9 103.5 98.7 94.9 91.3 85.7 79.3 69.7 57.7 46.2 38.7 31.6 25.4 22.1 19.5 15.6 12.2 8 6.8 3.6 0.7 -1.1 -1.1 -1.1 -1.1 -1.1 -1.1 -1.1 -1.1 -1.1 -1.1 -1.1 -1.1 -1.1 -1.1 -1.1 -1.1 -1.1 -1.1 -1.1 -1.1 -1.1 -1.1 -1.1 -1.1 -1.1 -1.1 -1.1 -1.1 -1.1 -1.1 -1.1
217.9 219.2 220.8 221.5 217.4 213.2 211.3 211.2 211.3 211.1 210.1 206 200.7 194 192.7 192 191.3 189.8 188.5 186.7 181 179.6 176 171.8 165.3 159.5 154.5 142.3 132.4 124.7 119.1 113.1 106 101.2 97.3 93.9 91.3 84.5 72.6 57.9 44.3 36.5 30.2 24.4 27.5 26.8 25.5 22 12.2 7 2.7 0.5 -1.1 -1.1 -1.1 -1.1 -1.1 -1.1 -1.1 -1.1 -1.1 -1.1 -1.1 -1.1 -1.1 -1.1 -1.1 -1.1 -1.1 -1.1 -1.1 -1.1 -1.1 -1.1 -1.1 -1.1 -1.1 -1.1 -1.1 -1.1 -1.1 -1.1 -1.1
219.3 220.7 222 222.5 216.9 214.8 212.4 211.5 211 209.4 209.2 203.5 199.8 192.8 191.7 191.2 190.7 190.4 190.2 187.6 184.3 183.6 179.2 176.4 167.6 159.2 150.2 141.2 132.6 127.7 121.6 114.7 108.6 103.7 101.4 98.9 95.1 87.6 73 56.7 42.8 34 29.8 28.1 30.9 28.5 26.9 24.4 14.4 7.2 3.4 1 -1.1 -1.1 -1.1 -1.1 -1.1 -1.1 -1.1 -1.1 -1.1 -1.1 -1.1 -1.1 -1.1 -1.1 -1.1 -1.1 -1.1 -1.1 -1.1 -1.1 -1.1 -1.1 -1.1 -1.1 -1.1 -1.1 -1.1 -1.1 -1.1 -1.1 -1.1
222.2 224.4 225.7 221.6 218 215.5 213.1 210.5 208.3 206.5 203.6 200.9 196.1 191.8 189.5 190.2 190.5 190.3 190.2 185.6 185.9 184.5 179.9 174.3 166.2 155.8 146 137.6 132.8 126.6 120.2 115.1 110 105.2 102.5 99 94.5 83.4 71.2 54.4 41.1 36 32.1 29.5 30.1 29.5 27.2 24.5 19.9 8.4 5.4 1.8 1.3 1.9 -1.1 -1.1 -1.1 -1.1 -1.1 -1.1 -1.1 -1.1 -1.1 -1.1 -1.1 -1.1 -1.1 -1.1 -1.1 -1.1 -1.1 -1.1 -1.1 -1.1 -1.1 -1.1 -1.1 -1.1 -1.1 -1.1 -1.1 -1.1 -1.1
224.8 225.3 223.9 222 219.7 216.4 213.8 210.2 206.1 203.2 201.8 197 193.7 189.9 186.4 185.3 187.2 187.7 185.7 185.7 184 181.5 177.8 171 161.5 152.7 141.3 134.2 130.4 123.5 117.7 114.4 110.8 105.5 100.7 96.5 90.4 79.2 67 60 53 44.2 36.5 33.4 32.7 32.7 30.2 27 21.5 14.4 14.2 8.8 4.7 4.5 -1.1 -1.1 -1.1 -1.1 -1.1 -1.1 -1.1 -1.1 -1.1 -1.1 -1.1 -1.1 -1.1 -1.1 -1.1 -1.1 -1.1 -1.1 -1.1 -1.1 -1.1 -1.1 -1.1 -1.1 -1.1 -1.1 -1.1 -1.1 -1.1
223.6 225.5 224.2 223.1 221.6 219 215.1 210 205.8 201.8 199.2 196.4 192.5 187.7 184.2 180.3 178.7 179.8 180.8 180.7 178.8 176.8 172.2 164.5 155.8 146.7 135.1 132.3 127.2 120.3 115.9 112.5 107.9 102.2 97.5 90.8 83.3 73.6 71.3 66.8 60.2 53.2 43.5 37.4 36.4 38.4 37.8 34.9 25.9 22.9 18.4 14.2 12.5 7.8 2.6 -1.1 -1.1 -1.1 -1.1 -1.1 -1.1 -1.1 -1.1 -1.1 -1.1 -1.1 -1.1 -1.1 -1.1 -1.1 -1.1 -1.1 -1.1 -1.1 -1.1 -1.1 -1.1 -1.1 -1.1 -1.1 -1.1 -1.1 -1.1
222.7 224.5 224.6 224.8 223.9 222.7 217.6 212.4 208.2 200.7 198.2 196.2 192.5 190.5 188.5 181.9 174.6 174.3 175.2 175 174.1 172 166.3 158.5 148.5 138.5 133.1 128.8 122.7 118.1 114.5 109.2 104.2 98.9 92 84.3 77.7 74.9 74.6 72.3 67.8 59.5 50.8 42.8 40.4 40.9 40.2 36.7 30.5 24.9 19.9 17.9 16 10.4 7.4 -1.1 -1.1 -1.1 -1.1 -1.1 -1.1 -1.1 -1.1 -1.1 -1.1 -1.1 -1.1 -1.1 -1.1 -1.1 -1.1 -1.1 -1.1 -1.1 -1.1 -1.1 -1.1 -1.1 -1.1 -1.1 -1.1 -1.1 -1.1
223.2 224.8 225.5 225.5 228.7 225.2 219.3 216.2 211.7 201 196.9 195.4 194.1 193 191 182.7 174.3 168.9 169.6 168.9 167.5 164.4 158.6 151.4 140.8 132 129.3 125.4 120.6 116.8 112.8 106.2 102.3 97.6 89 80.8 76.2 74.2 73.7 74.4 72.2 65.1 56.3 47.3 43.2 41.7 40.8 38.9 35.7 26.9 23 20.6 16.7 12.9 9 -1.1 -1.1 -1.1 -1.1 -1.1 -1.1 -1.1 -1.1 -1.1 -1.1 -1.1 -1.1 -1.1 -1.1 -1.1 -1.1 -1.1 -1.1 -1.1 -1.1 -1.1 -1.1 -1.1 -1.1 -1.1 -1.1 -1.1 -1.1
224 225.1 226.3 226.4 226.8 224.9 219.3 217.2 209.3 199.9 196.1 194.9 194.9 192.5 188.2 182.3 172 166 161.6 160.8 158.2 153.6 149 140.6 135.3 131.5 127.7 124.9 121.5 117.2 111.1 104.8 97.2 93.4 86.8 77.6 74.9 73.3 72.5 73.1 73.8 68.7 60.7 51.4 39.6 42.2 42.4 42.6 38.5 28.7 25.8 20.3 15.4 12.3 11.7 -1.1 -1.1 -1.1 -1.1 -1.1 -1.1 -1.1 -1.1 -1.1 -1.1 -1.1 -1.1 -1.1 -1.1 -1.1 -1.1 -1.1 -1.1 -1.1 -1.1 -1.1 -1.1 -1.1 -1.1 -1.1 -1.1 -1.1 -1.1
225 226 227 227.3 226.4 223.4 217.9 212.4 206.3 200.8 194.7 193.3 192 186.5 182.5 176.4 168.7 163.2 154.6 152.5 149.5 145.2 141.2 138.5 136.5 131.2 127 123.2 117.9 113.6 109.4 104.7 96.2 82.6 84.4 76.3 71.9 71.2 70.1 70.3 71.5 71 63.6 51.2 40.4 41.1 41.4 39.2 32.4 27.5 22.9 18.8 15.1 10.8 2.4 -1.1 -1.1 -1.1 -1.1 -1.1 -1.1 -1.1 -1.1 -1.1 -1.1 -1.1 -1.1 -1.1 -1.1 -1.1 -1.1 -1.1 -1.1 -1.1 -1.1 -1.1 -1.1 -1.1 -1.1 -1.1 -1.1 -1.1 -1.1
