data/NR85.asc
ncols 200
nrows 200
xllcorner 180000
yllcorner 650000
cellsize 50
[rows 36 to 71 of 200, columns 81 to 161 of 200]
131.1 129.4 126.6 123 120.2 115.9 111.6 107.4 103.9 99.7 95.5 90.3 84 80.6 78.7 76.4 68.4 73 72.1 71.5 70.9 70.1 67.8 66.8 65.6 64.3 61.7 59.9 57.5 55.4 53.8 51.9 50 46.3 42.1 44.2 39.8 40.6 42.8 39.6 36.1 34.7 31.3 31.6 32.5 32.3 32.4 32.9 33.2 39 37.2 41.2 41.4 46.6 54.3 63.6 69.1 73.1 70.7 77.4 83.7 87.1 91.3 99.8 105.5 110.8 117.2 120.6 120.8 123.8 130.2 131.2 131.6 135.2 139 140.3 143.2 146.8 146.6 153 156.7
133.5 132.1 133.2 130.3 125.1 121.3 118 112.4 108.8 104.9 100.2 91.8 84.7 79.9 77.6 70.2 75.2 76.8 76.4 76 75 74.1 71.1 70.1 69.1 66.9 64.9 62.6 61.4 60 56.4 53.4 49.3 45.4 49.9 50.9 48.9 50 51 49.2 42.1 42 42.4 40.3 37.3 32.1 28.4 30.2 31.1 31.4 34.4 42.5 49.8 57.5 63.1 67.8 71.6 75.1 80 84.2 88.3 93.9 97.1 101.2 105.4 107.5 111.2 112.3 119.1 124 123.2 125.4 129.1 129.5 137.2 141.8 143.4 145.8 149.8 152 154.4
140.1 142.3 142.7 141.1 133.6 128.9 124.2 116.8 113.3 108.5 99.8 91.7 83.5 77.1 72.1 72.4 77.7 80.1 80.8 80.2 79.6 79.7 75.3 73.8 72 69.7 68 67 66.9 66.2 59.8 53.1 50.8 53 55.1 55.2 56.3 57.4 57.3 55.3 53.1 53.3 51 50.6 49.2 45.2 35.4 29.5 30 29.5 36 42.6 53.2 60.4 65.2 68.7 71.5 75.7 82.5 87.4 92.4 97.2 102.3 106.5 111 114.5 117.3 121.6 126.3 132.4 138 143 145.3 145.6 149.7 151.5 152.7 154 155.1 156.4 157.3
149.8 149.6 147.7 143.2 138.7 135.2 128.2 121.4 115.7 109.8 101 91.1 77.3 72.4 73.4 75.1 83.1 84.2 85.6 86.2 85.8 83.4 78.2 78.4 76.4 74.9 71.6 68 66 63.6 56.2 56.4 59.3 60 60.8 61.4 63.3 63.7 63.3 60.9 62.5 64.2 62.9 61.3 58.2 51.8 45.8 36.9 29.7 29.5 28.8 41.9 53.5 59.1 64.2 67.7 71.3 78.3 84.9 90.4 95.7 101.1 106.7 111.7 116.5 122 125.1 129.4 134.9 141 146.5 151.2 153.4 154.9 157.7 158.1 157.8 157.1 159.1 161.9 163.2
150.2 149.6 148 144.7 143 138.7 132.8 124.8 118.4 109.2 98.3 86.9 76 74.9 75.8 77 87 90.8 91.3 91.8 90 87.1 84.1 85 82 81.4 73.6 71.5 65.3 58.5 65 68.7 68.8 68.5 68.7 69.4 70.7 70.2 69.8 71.9 73 73.6 71.2 68.4 63.3 56.8 49.2 41.9 30.6 29.3 28.8 41.2 52.1 57.8 62.8 67.9 73.7 80.9 87.4 93 98.9 105.2 111 115.4 119.6 125.7 131.1 137.3 143.3 148 152.2 157.3 160.2 161.4 161.6 161.9 160.8 159.7 162.1 164.5 165.3
152.4 151.9 150.1 146.8 145.5 142 135.2 127 119.7 105.1 93 87.6 80.5 76 77.4 79.8 87.7 93 94.2 97.4 92 89.1 89.4 90.2 85.8 80.2 79.3 75.8 72.4 74.8 77.6 76.7 77.8 77.8 77.5 78.7 78.6 77.8 77.9 77.7 76.9 76.5 75 70.9 65.4 60.2 52.7 45.9 34 27.9 29.4 46.6 54.2 60.1 65 70.1 75.9 81.7 88.4 93.8 100 107 113.9 119.1 122.9 129.6 135.6 142.4 147.7 153.1 157.7 160.9 165 164.4 165.2 164.8 162.4 162.1 165.5 167.7 169.3
153.9 152.6 148.7 147.6 146.2 141.7 136.2 127.5 114.6 105.1 101.3 95.7 83.9 78.8 83.3 89.4 91.8 95.4 99.8 98 96.2 94.5 93.4 91.7 85.4 86.8 87.6 90 91.3 87.7 85.1 86 87.5 87.1 83.5 84.3 83 82.7 81.8 80.9 80.1 79 77.7 72.5 68.2 62.9 55.1 47.8 38.3 27.9 31.7 46.8 55.6 61.7 67 72 75.1 82 89.3 94.8 101.1 108 114.1 120.2 126.6 131.6 137.3 144.4 150.8 156.8 160.4 163.6 167.7 170.4 169.3 167.4 163.2 164.8 169.4 172.4 174.2
156.5 155.1 152.6 149.8 148.2 140.6 133.6 127.4 118.6 109.2 104 96.9 80.7 87.3 94.5 96.1 96.7 97.7 98.3 98.2 98.9 96.4 91.9 89.8 91.1 96.9 102.4 100 100.1 98.9 98.9 98.4 98.7 95.1 89.7 89.8 87.9 87.5 85.8 84.5 83.6 80.6 76.9 73.1 68.7 64.8 55.9 48 36.8 28.6 32.7 46.1 55.2 62.4 68.2 73.4 72 82.7 90.1 95.8 102 108 113.9 119.8 127.1 132.7 138.9 146.1 151.8 157.7 162.3 166.3 170.5 171.1 169.5 166.5 164.6 168.3 173.6 176.2 177.2
158.7 156.6 153.3 150.9 146.4 140.9 136.5 129.8 119.6 111.5 105.2 98.3 85 91.1 96.7 97.3 97.2 98.5 99.4 99 98.9 96.2 91.3 93.1 97.8 102.8 107.8 106.3 105 105.6 109.4 107.4 109.5 105.4 97.9 95.5 97.6 97.8 93.1 90.4 86.6 82.2 77.9 74.3 66.3 58.8 52.5 45.5 35.3 25.8 38.9 45.4 55 61.8 68.2 69.8 70.6 81.6 90.7 96.1 101.6 107.5 113.4 119.5 126.5 132.6 139.3 145.3 152 158.2 163.8 170.3 173.4 171 167.9 165.3 167.6 172.2 175.5 177 176.4
160 157.6 153.4 150.7 146.3 142.5 135.7 128.7 118.3 112.5 106.4 100.9 89.7 93 97.1 98.6 98.4 99 100.5 105 104.3 95.1 95.8 102.6 101.8 108.3 111.3 109.3 111.9 115.8 118.8 119.3 117.6 110.5 108.7 101.7 101.5 101.2 97.8 96.6 91.3 84.3 77.5 71.2 64 57.3 50.5 43 35.6 25.8 40.7 44.3 52.7 60.9 65.2 63.5 73.2 83.7 90.2 95.8 101.6 107.2 112.9 119.3 125.6 131.7 137.9 144.5 149.9 157 164.6 170 169.5 167.3 165.2 164.8 168.1 173.1 175.5 176.8 174.8
161.1 156.9 151.4 146 143.8 138.8 133.1 124.7 117.1 111.4 105.6 96.5 81.4 95.9 98.1 99.2 99.7 101.5 107.4 107.9 101 101.9 107.7 108.9 110 114.3 116.1 114.7 120.2 122.7 124.9 124.2 120.1 118.1 115.1 106.9 109 105.3 105.4 103.3 96.7 88.9 77.7 69.1 62.1 55.6 49.1 41.4 33.8 27.1 23.8 37.8 44.3 53.6 55.8 65.6 75.3 81.9 88.9 94.9 101.1 107.1 112.1 117.6 123.5 129.5 135.7 142.4 149.2 155.7 162 165.3 165.2 163.2 162 164 168.7 175.4 182.1 181 173.2
158.2 154.5 147.7 143.3 138.1 134 126.7 118.2 113.8 108.2 99.9 83.1 90.2 98.6 99.6 102.7 105.6 111.3 114.2 110.1 104 112.5 112.6 113 115.4 117.9 119.2 125.4 127.1 129.4 130.8 126.3 124.7 124.2 117 116.2 110.8 109.2 109.4 104.8 97.8 89.5 81.8 71.5 63.3 55.8 47.6 38.6 29.8 26.4 25.4 22.8 39.1 43.2 56.4 66 71.4 77.3 84.4 91.2 97.3 104.7 109.8 115.5 121.4 127.3 133.5 140.5 146.4 152.5 156.9 160.7 161.6 159.8 159.8 163.4 171.7 180.6 183 180.5 172.9
154.4 152.4 144.1 139.5 134.3 127.1 121.2 114.7 110.2 104.5 94.5 85.8 94.9 98.7 104.1 106.6 112.9 115.8 117.4 108.5 112.1 116.1 119 115.9 118.3 120.4 128.8 131.4 132.2 133.2 132.6 132.8 134.1 131.7 124.9 122.8 114.1 112.2 111.6 108.6 99.6 92.9 84.3 77.4 68.3 56.2 46.4 38.8 29.7 24.7 23.4 19.1 26.1 41 54.2 60.5 66.6 72.8 79.9 87.1 93.5 100.9 107.7 113.5 119.3 125.2 130.9 136.9 142.9 148.4 152 155.3 156.8 155.9 158.4 166.3 174.8 179 180.9 174.6 167.9
150 148.1 141.5 134.9 128.8 122.6 117.4 113.1 109.3 101.1 90.6 91.8 98 102.5 106.4 112.4 115.9 114.4 111.1 111.2 115.7 118.5 119.7 123.1 125.5 132.1 134.2 137.9 139.1 137.3 136 139.3 142.3 140.2 128.7 124.3 119.4 117.3 114.9 109.5 103.6 98.1 89.2 78.5 67 53.8 45.3 37.7 33.5 26.4 20.6 19.9 20.7 40.3 49.8 54 60.7 69 75.9 82.8 89.8 96.5 103.1 109.4 114.6 120.2 126 131.4 138 142.8 147.2 149.4 151.1 153.8 158.2 166.2 170.6 172.9 170.3 165.9 162.5
145.2 142.4 137.3 132.3 127.4 121.7 113.6 110.9 104.2 92.3 91 101.7 105.5 108.1 114.8 117.4 115.2 113.1 112.4 115.8 118.7 124.1 127.4 130.4 133.6 139.6 136.2 144.1 144 142.5 145.9 150.8 152.4 141.8 131.8 129.1 121.6 121.9 116 111.4 105.2 98.6 91.1 81.6 68.6 55.6 46.5 42.9 37.9 31 22.7 19.7 19.2 39.2 44.2 50.8 58 65.3 72.3 78.6 85 91.5 98 104 109.7 115.6 121.4 126.5 131.2 136.7 139.4 142.4 147.2 151.3 156.7 160.7 164.3 164.3 162 159.6 158.1
140.9 136.6 132.3 128 123.9 117.3 109.7 105.6 94.5 93.3 101.6 109.3 108.9 113.5 117.7 117.1 115.2 119.2 120.2 124.2 129.7 132.6 134.6 138.4 139.7 140.9 143.4 143.6 152.9 150.1 157.3 163 155.2 144.3 134.7 129.5 123.4 121.1 118.6 114.2 108.2 102.3 96.9 83.9 73.4 62.6 54.2 49.5 42.1 34.4 26 18.3 20.7 29.9 40.9 49.3 56.5 62.3 68.2 74.4 80.6 86.7 92.7 99 104.9 110.8 116.7 121.4 125.1 129.5 132.7 137.1 141.7 146.9 151.3 154.4 155.2 155.5 154.5 153.6 153.3
135.3 131.4 127.2 122.5 118.2 112.4 105.5 99.8 94.4 102.8 109.2 115.6 116.7 121.7 121 120.5 127.6 125.7 127.7 132.3 138.2 140.3 143.8 147.7 150.2 146.9 146.6 146.7 151.3 157.3 164.5 161.1 154.7 145.9 135.9 132.8 124.3 125.9 123.9 119 113.3 107 96.2 85.6 80.2 68.9 59.9 54.1 45.3 37.4 28 19.4 19.3 26.2 41.1 47.1 53.1 58.5 64.5 70.6 76.6 82 87.1 93.3 99.5 105.7 111.4 115.1 119.2 123.1 127.4 131.8 136.3 141.2 145.5 147.6 147.8 147.9 148.6 148.4 148.3
130.1 126.2 122.2 117.3 112.5 106.9 101.9 96.2 104 110.1 117.2 120 120 123.6 127.5 130 131.7 131.2 133.6 139.7 144.9 148.5 152.1 154.7 155.1 151.2 150 147.6 147.7 161.7 161.9 154.7 154 147.9 136.8 133.3 126.4 132.6 128.3 122.5 119.3 105.8 94.9 87.5 80.1 72.5 64.9 56.8 48.2 41.3 28.5 20.5 16.6 27.2 39.2 44.6 49.5 54.7 60.7 66.4 71.8 77.1 82.1 87.6 93.8 100 104.7 109.4 113.7 117.6 122.1 126.6 131 135.6 139.2 141 141.2 142.3 144.4 144.1 143.4
126.4 121 117.2 112.3 106 102.2 101.1 105.4 109.3 116.8 120.9 121.5 127.3 132.4 134.6 134.5 135.6 135.6 140.7 146.5 150.5 154.4 157.2 159 156.7 154.3 153.6 149.2 145.6 155.4 159.7 151 148.1 140.6 136.3 134.5 132.7 134.9 133.1 126.2 114.8 105.6 96.5 88.6 82.4 75.9 69.3 60.7 51.9 43.7 30.8 19.8 15.7 19.5 35.2 40.6 45.8 51 56.1 61.6 67 72.2 77.3 82.2 87.8 93.9 98.5 102.8 107.3 112.8 117.2 121.7 126.1 130.4 132.9 134.5 135.1 138.1 139.5 139.6 138.3
122.5 117.9 112.4 107.9 99.9 102.9 108.4 112 118.5 122.4 122.4 124.3 128.8 134.7 137.1 139.7 140.1 142.6 147.4 152 156.1 157.7 159.9 159.4 160.3 160.4 156.7 149.7 144.1 146.3 150.1 145.8 142.5 137.3 136.5 136.1 134.4 136.3 134.7 127.8 114.8 108.1 99.4 91.5 84.6 78.2 71.8 63.8 55.5 46.8 36.2 19.9 16.6 16.5 31.3 38.7 43.7 48.5 51.8 57.1 62.7 68 72.9 77.3 82.6 88.1 92.4 96.3 102.1 108.3 112.9 117.1 121.3 124.5 126.7 128.1 130.6 133 133.9 134.6 133.4
118.2 113.6 108.8 102.8 107.7 110.8 114.6 118.2 123.6 124.6 123.5 125 130.1 135.6 138.8 142.7 143.8 147.9 152.3 156.3 160 159.2 160.7 163 164.4 163.6 157 146.6 142.9 139.4 140.7 140.1 135.4 137.2 137.2 135.1 136 137.7 134.2 126.9 115.6 107.2 100.9 94.6 87.9 80.9 74.3 67.9 58.1 51.3 43.7 22.9 15.4 17.6 25.5 35.4 41.2 44.3 48.1 53.3 59 64.3 68.4 72.7 76.7 81.7 84.6 92.5 98.3 103.9 108 112.1 115.6 118.5 120.7 123.4 125.9 127 128 128.3 125.9
112.3 108.4 105.4 109 112.2 114.6 118.1 121.5 124.6 125 124.8 125.9 133.7 137.9 141.4 144.3 146.8 150.6 155.2 158.8 160 157.7 159.5 162.9 165.1 159.4 151.4 142.6 136.1 132.6 137.3 135.8 134.2 136.2 135.4 135 134.6 134.6 129.6 124.3 114 108.5 102.8 98.6 92.2 85.2 77.9 70.7 63.3 55.6 49.2 31.3 14.8 17.7 20.4 31.4 36 39.9 45 50.4 55.3 58.5 62.7 67 69.2 75.6 82.3 88.3 94.3 99.9 104 107 110 113.1 115.4 118.4 119.9 120 120.3 120.5 120.7
106.4 106.5 109.1 115.2 116 117.5 121 123.5 124.7 127.1 130.1 135.3 136.9 138.9 142 146.4 149.4 153 157.1 158.2 157.3 155.3 156.6 161.6 158.9 152.2 145.3 136.9 132.2 132.1 132 132.2 133.7 134.7 134.3 133.6 132.9 130.4 129.8 120.1 115.2 110.5 107.7 102.8 96.5 89.5 82.3 75.3 67.5 59.9 53.9 46.5 19.2 13.4 16.7 24.2 30.7 36.2 41.7 45.8 49.4 54.3 58.3 57.3 66.5 73.4 78.9 84 90 96 99.7 100.9 104.2 107.7 111.1 113.5 115.6 116 115.9 115.2 110.4
109.4 112.7 115.7 118.2 119.4 120.5 123.2 123.9 128.1 134.1 137 140.3 139.6 141.4 143.5 146.4 150.4 154.4 154.7 154.3 152.6 151.3 151.2 151.7 148.9 142.7 134.6 132 131.8 131.8 131.9 132.1 133.4 134.2 133.8 133.5 132.7 128.2 123 118.7 116.7 115 112.2 106.6 100.5 94 86.9 79.6 71.9 64.3 57.7 52 43.9 18.1 12.6 16.2 24 31.2 35.6 40.1 45.2 50.3 53.7 56.8 64 69.9 74.9 81.3 85.3 90.3 93.6 97.1 100.7 104.5 108.4 111.2 111.8 112.3 110.1 106.7 101.5
113.4 117 119.8 120.9 121.9 124 124 127.1 135.3 139.6 140.8 141.7 142.6 143.8 145.5 147.3 150.5 153.4 152.3 151.5 151.1 149.6 147.2 145.5 138.6 135.5 132.1 131.7 131.6 131.6 131.7 132.3 133.4 134.2 133.7 133.4 131.3 127.5 125.9 122.6 121.1 119.3 116.5 112 105.7 98.5 91.4 83.7 75.8 65.8 59.2 53.8 48 40.4 16.3 11.4 15 24.4 29.2 34.1 39.2 45.1 46.4 53.4 61.1 66 71.1 76.2 81.3 85.8 89.7 94.1 98.2 101.8 105.4 108.7 109.6 109.1 105.8 99.7 94.4
117.8 120.6 122.3 124 125.1 128.3 129.3 133.5 140.6 142.9 144.1 144.9 146.1 145.6 147.1 149.2 152.9 153.8 152.4 150.7 149.7 148.7 145.7 140.8 135.3 134.2 130.9 131.1 131.4 131.4 131.5 132.8 133.7 134.3 133.8 133.3 132.7 129.3 128.4 126 123.7 122 119.9 116.6 109.8 102 94.8 87.2 79.1 70.7 62.3 55.3 44.6 36.9 31.9 15.5 9.2 14.5 23.3 29.1 35.4 38.1 42.8 51.7 57.8 62.3 67.4 72.7 77.6 82.8 88 92.2 96.4 100 103.6 106.5 107.1 105.4 102.1 94.9 86.1
122.7 125 126.7 127.4 129.4 133.4 135.9 138.6 142.3 145.6 147.3 149.6 153 153.6 151 152.8 157.1 156.3 152.7 149.9 148.1 146.8 141.8 134.9 132.2 131.1 129.9 130 130.5 131.1 132 133.3 134.3 134.4 134.3 135.1 133.5 130.9 130 129.2 128.4 125 121.3 118.9 113.1 105.8 97.1 90 82 73.6 64.8 55.5 50.3 44.7 38.3 23.8 12 8.9 20.9 26.7 30.5 30.7 42.4 48.6 54.5 59.4 63.7 65.5 75.6 81.1 86.5 90.4 94.3 98.2 101.4 103.3 101.9 99.6 95.6 89.5 80.7
127.6 129.6 131.4 133.8 138.1 139.6 142.8 145.6 147.2 149.3 155.6 159.4 159.2 158.9 159.5 158.2 157.9 158.8 154.2 148.8 146.3 142.8 138.3 131.8 129.9 129.3 129 128.9 129.3 131.6 134.7 138.9 139.7 137.4 138.7 143.6 142.1 138.1 134.6 134.3 137.8 129.2 125.6 120.4 115.9 110.8 98.7 91.7 83.7 75.7 66.5 57.2 48.6 43.3 38 26.9 12.2 9.5 12.8 23.9 25.1 32.7 38.9 42.8 47.3 55.9 63 68.5 74.2 79.5 85 88.9 92.8 96.4 99 100.6 98.6 96 89.7 84.2 74.1
132 135.1 138.4 140.8 144.6 144.2 149.4 150.8 152.2 157.3 161.8 164.2 164.8 165 163.5 162 162.2 160.6 158.8 153.8 143.6 138.8 134.1 130 127.7 127.4 127 127.9 127.8 132.3 138.1 142.7 143.3 145.5 151.8 151.8 147.1 142 139.6 139.8 141 134.8 136.5 127.5 117.4 111.2 101.6 93.3 85.5 77.4 69.1 60.3 48.9 40.3 33.2 24 11.8 9 7.5 18.1 25 27.7 37.2 44.7 50.2 56.3 61.8 67.5 73 78.2 83.4 87.6 91.6 94.7 97.2 98.1 97.4 90.8 84.1 77.3 66.4
134 140.6 143.9 145.1 147.3 147.2 153.6 157.3 158.4 161 163.6 166.2 168.6 167.8 168.1 168.1 167.4 165.1 161.7 157.8 144.1 133.5 130.6 126.2 125.4 125.2 125.2 126.2 125.8 130.1 137.2 143.5 146.9 150.4 156.9 153 146.9 145.2 143.8 144.4 142.4 145.5 145.5 134.2 120.5 111.4 102.6 95.2 87.1 80.5 73 64.2 54.2 45.2 39.1 28.7 12.1 6.4 8.8 13.9 18.4 27.9 36.4 43 48.8 54.6 60.4 66.3 71.7 77 82.2 86.7 90 93 95.7 96.6 95 85.2 76.5 70.1 58.9
139.1 145.9 146.9 148.6 148.8 149.3 158.8 158.5 161.7 164.9 167.9 169.3 169.3 170 172.4 173.9 173.9 175.2 172.6 158 143.8 133.7 128.8 125.2 123.8 122.9 124.4 124.5 125.2 128.5 135.9 142.6 147.6 154 155.4 152.6 149.2 147.1 146.3 146.3 147.8 148 144 133.6 122.1 111.6 103.2 96.6 89.9 83.3 75.9 67.6 57.8 48.9 41.4 33.1 16.5 7.4 7.5 11.6 18.4 26.9 34.9 41.4 46.6 51.3 57.8 63.7 70.3 75.9 81 85 88.2 92.4 96.4 95 88.2 75.2 67.6 60.5 49.1
140.8 147.9 148.1 151.1 151.2 153.6 158.1 161 164.4 167.1 169.1 169.8 170.7 171.7 174.5 175.4 177.5 178.9 177.5 159.2 145.1 134.7 127.7 123.7 121.1 122.4 124 123 125.4 128.9 135.1 143.1 149.9 154.6 154.9 153.5 151.4 147.9 146.9 145.8 146.3 145.4 141.2 133.1 122.4 109.2 105.1 99.6 92.8 86.1 76.5 69.5 59.4 48.3 42.3 33.9 25.2 13.1 4.8 9.8 16.3 23.1 32 38.1 43.5 48.2 54.1 60.6 67.6 73.2 78.4 81.7 85.3 89.7 93.7 93.1 83 69.4 60.2 48.3 33.6
144.6 145.8 146.8 149.8 150.9 155.7 160.6 163 165.2 167.1 169 170.5 171.4 172.6 175.3 177.5 178.5 178.1 169.8 162.2 150 135.1 125.6 122.2 119.7 120.8 121.8 122 126.1 130 137 145.9 151.3 153.8 153.5 151.8 147.9 146.2 146.4 144 142.7 140.1 136.6 131.1 118.6 111.4 106.8 102.3 95.9 87.1 78.4 67.5 62.3 55.7 48 40 31.5 21.4 11.3 3.9 10.7 14.1 20.3 33.1 39.2 44.2 49.3 55.7 62.6 69.3 75.4 78.5 81.4 84.8 86.6 81.2 69 61.7 53.9 41.9 21.7
148.9 150 150 149.2 152.1 155.2 161.1 163.7 165.3 166.6 169.1 170.6 171.9 173.5 175.7 178.6 176.4 172.6 168 159.2 148 133.4 125.5 120.9 118.5 118.2 119 123.5 127.2 131.9 139.2 145.3 151.6 154 150.3 149.5 144.7 144.5 143.8 142.6 138.1 135.7 132.7 125.9 119.1 113.4 108.1 101.5 96.1 89.4 83.6 75.3 67.7 60.6 52.7 42.8 34.5 25.1 14.9 7.5 6.5 8.8 14.4 30.1 34 38.7 44.8 51.6 58.4 64.9 70.8 73.5 75.8 76.5 73.1 67.4 59.5 53 43.6 31.7 10.3
150.5 152.2 152.3 151.3 153.9 158.1 159.2 162.7 165.4 165.7 167.9 169.8 171.9 172.9 173.7 174.2 170.1 166 158.4 151.3 141.7 134.7 128.1 121.4 118.5 116.4 118 123.1 128 132.2 139 145 150.7 154.2 147.5 144.9 143.9 148.3 143.6 141.5 135.3 134.2 129.4 123.2 117.5 112.7 108.6 106.7 100.5 96.7 89.8 81.8 76.7 68.8 58.9 47.7 37.3 27.9 19 10 4.5 5.7 9.9 26.1 24.5 33.4 40.9 48 54.7 61.2 65.3 67.3 67.7 67.8 64.5 58.6 50.8 42.6 30.3 10.8 5.1
154.1 155.7 154.3 153.5 156.4 159.9 161.2 163.1 164.5 165.9 168.4 169.4 171.5 173.2 173.8 175 170.3 166 161.1 150.4 142.5 133.4 129.7 119.6 116.5 114.2 116.1 120.1 125.5 132.6 138.2 141.5 144.3 145 143.5 142.7 146.2 146.3 141.8 138.4 131.4 126.4 124.9 122.8 117.5 115.7 114.3 109.3 107.6 103.4 96.1 90.1 81.6 71.5 61.7 51.7 40.7 27.5 20.3 9.8 7 2.9 4.6 11.3 17.7 33.2 39 45.6 51.8 56.4 58.8 59.4 59.2 58.4 54.4 48.1 40.7 24.5 13.9 4.9 4
