data/NR89.asc
ncols 200
nrows 200
xllcorner 180000
yllcorner 690000
cellsize 50
[rows 0 to 38 of 200, columns 0 to 87 of 200]
67.9 87.2 107.4 117.7 142.6 169 169.3 170.6 152 148.2 140.7 130.8 121.2 120.5 109.6 108.3 144.9 171.1 179.7 178.5 184.6 207 212.7 201.4 190 174.7 169.3 169 170 168.5 168.2 171.2 181.1 191.2 202.7 207 220.7 209.6 197.1 190.5 186.6 179.8 166.1 161.5 164.8 169 178.4 173.6 169.2 163.8 151.9 140.5 126.4 117.6 105.5 90.9 80.6 68.7 69.6 68.9 75.8 78.4 71.5 64 64.8 54.9 48 49.1 49.4 48.8 46.2 42.2 40.1 38.7 33.1 30.5 28.6 36.5 47.3 74.7 100.5 109.8 109.5 111.8 133.2 154.3 162.8 169.1
70.7 87.9 115 130.3 156.4 170.1 181.1 164.6 159.9 151.6 140 132.8 130.5 124.6 110.2 121.2 155.6 180.4 181.1 181.2 190.4 207.1 210.9 199.6 190.8 180.3 173.9 170.7 169.1 168.3 168.7 171.5 188.5 211.1 209 226.4 221.4 207.1 199.1 194.3 191 180.3 176.7 174.5 177 174.5 181 180.6 166.6 157.5 147.3 137.2 125.5 114 97.9 84.6 74.8 67.9 65.7 68.8 70.7 72.2 57.2 56.3 56.6 48.4 45.2 45.9 46.4 45.1 42.5 39.9 39.3 39.2 39.2 29.4 28.2 38.5 57.5 90.4 100.1 100 113.2 113.9 128.6 149.5 164.9 166
71.3 89.7 121 135.6 160.5 177.9 176.2 159 161.1 149.3 141.3 135.7 130.5 121.9 119.1 133.7 166.9 182.9 186.2 190.1 196.3 208 209.1 195.2 187.5 178.9 174.3 171.3 169 167.7 168.1 176.7 204.5 219.1 211.9 231 217.7 206.3 201.8 198.8 191.2 194.7 192.5 191.8 189.7 182.1 180.6 174.9 162.4 151.1 142.4 135.4 120.8 107.7 100.3 90.5 78.2 69.5 61.3 66.3 67.3 66.6 50.9 50.4 49.5 46.2 42.8 40.9 42.5 43.3 41.4 39.1 39 39.3 40.5 29.1 28.9 48.9 64.7 80.6 92.4 123.4 133.5 123.8 133.4 143.3 158.1 161.3
75.4 106.3 130 151 171.7 177.4 161 159.2 159.8 146.8 140.8 140.5 134 120 131.6 143.4 175.3 186.1 188 193.1 199.2 202.2 200.9 190 178.7 173.3 171 171 163.8 161.2 166.9 184.8 214.8 211.1 220.8 219.5 208.5 207.8 206.1 201.9 198.9 201.3 201.3 201 200.7 191.5 182.3 173 162.7 149.6 137.8 130 120.7 112.5 99.3 90.1 77 72.5 60.1 60.5 61 59 48.5 46.3 46.5 45.7 43.6 42.4 42.9 42.4 41.2 39.2 38.9 42.3 29.3 28.7 43.2 60.2 62.9 80.3 118.8 143.9 146.6 137.3 144.9 153.9 159.2 159.2
94.2 125.6 153.9 170 179.6 174 157.7 152.7 149.6 149.6 144.7 141.2 131.3 128.8 140.7 162.3 180.1 188.4 189 194.2 199.9 200.7 197.8 190.3 172.2 167.6 166.6 165.3 159.4 166.3 173.5 197 211.2 199.9 205.9 210.2 210.1 211.1 210 201.5 200 201.2 201.2 198.9 199 192.1 187.2 178.8 166.6 154.4 142.6 133 122 112 101.5 86.8 75.8 69.1 59.9 60 57.5 48.6 44.6 43.2 44.3 43.4 43.3 43.9 43.4 42 40.2 38.9 39.9 40.5 26.5 35.5 55.4 59.5 78 104.4 131.1 144.6 158.8 151.2 153.4 158.6 161.1 154.4
124.5 153.3 164.8 177.4 190.9 167.5 160.6 151.8 149 150.5 145.5 141.1 129.9 139.8 149.4 182.5 188.4 190.5 190.5 194.5 203.4 205.1 197.5 189.9 171.7 165.7 160.6 159 159 170.5 175.8 194.6 201.5 200.3 208.6 211.1 210.9 211.1 211 199.3 200.5 201 201 200.3 201 196.7 191.3 184.4 173.4 160.4 146.9 134.8 123 113.2 100.1 83.5 77 68.9 58.8 55.8 51 43.6 41.2 41.9 42.2 42.7 42.9 43.1 43.2 41.6 39.6 38.9 41.1 29 29 46.5 51.5 69.8 106.6 111.1 119.2 150.3 161.7 159.3 162.2 162.5 161.1 152.2
158.6 161.2 173.7 187 180.2 165.7 160.6 150.7 149.7 149 142.7 139.5 134.8 144.9 168.2 188.8 188.8 191 192.5 198 215.3 218.5 200.7 184.9 178.5 166.3 160.1 158.3 161.3 171.1 178.4 188.2 193.2 201.1 210.2 211.1 210.9 210.8 207.6 199.1 200.2 200.5 198.3 199.5 198.2 198.1 194.2 190.1 176.4 161.2 148.2 134.8 122.7 111.8 95.9 88.4 82.2 73.4 62.7 55.4 48.9 39.7 40.9 40.7 42.1 41.8 42.1 42.2 42.3 41.8 40 38.9 32.2 28.1 37.3 50.6 62.3 94.6 100 118.7 130 147.3 159.4 169.5 176.6 166 157.9 149.9
159.9 171.1 174.8 187 169.2 164.9 160.3 149.7 150.6 150.9 142.3 138.1 138.6 148.1 177.6 186.7 189.2 189.9 198.5 206.1 220.7 219.9 197.2 186.3 181.2 166.1 159.5 158.9 167.9 169.9 177.8 188.1 199.9 205.1 210.4 209.6 211.1 209.8 199.6 196.6 198 199.7 200.6 191.8 190.4 190.2 191.2 187.5 175.4 162.3 148 131.7 124 108.8 97.4 89.8 80.4 76.7 68.6 58.2 49.7 39.7 40.5 40.1 41.4 41.1 41.1 41.2 41.3 41.3 40.6 33.8 29.1 28.8 41.1 46 81.9 83.4 109.8 127.4 148.8 150.6 158.3 173 181.1 172.9 152.8 141.9
154.3 160.8 179.3 170.7 169.4 163.9 150.6 150.9 150.9 149.5 140.3 139 150.6 158.3 179.8 187.3 189.3 192.6 203.5 211.1 220.4 214.9 199.9 189.7 176.1 159.9 158.4 159.1 168.7 168.4 181.5 197.5 200 210.7 210 211.6 211.9 206.2 193.9 189.8 192.9 196.7 193.6 189.1 190.7 188.6 187.2 183 173 164.3 147.7 128.9 118.7 100.7 94.1 84.9 78.8 76.8 71 59.6 48.3 38.9 39.7 40.2 40.5 40.8 40.8 40.8 40.9 41 36.7 30 28.1 35.4 43.9 62.8 79 101.2 115.8 140.2 152.2 160 158.4 173.1 178.2 169.4 154.7 138.3
170.1 167.4 173.4 158.6 161.5 160.2 148.7 150.9 150.9 147.2 140.1 153.8 162.4 182.2 187.5 190.8 189.7 200.7 208.8 211.1 215.4 211.4 197.5 188.6 173.3 158.4 158.1 158.5 161.8 166.1 189.6 200.6 202.8 208.7 209.6 211.2 210.5 195 188.5 188.2 189.5 189.9 187.9 189.1 191 184 181.6 180.8 173.8 160.9 144.3 128.5 112.3 100.8 90.1 80 79.1 79.7 80.3 68.5 49.5 38.7 38.8 39.9 41 41 41 41 41 39.8 31.5 28.7 28 40.4 49.8 70.9 76.9 102.7 120.9 142.3 158 159.1 150.9 168.4 171.2 161.2 143.3 132.2
164.6 170.8 165.6 156.3 155.7 149.1 149.9 150.5 149.5 148.1 148 161.5 176.7 193.6 189.3 191.5 196.9 209.2 201.2 198.4 208.5 198.7 190.8 178.5 168 158.4 158.3 158.3 158.5 168.1 196.3 198.9 202 204.1 207.2 208.7 204 190.5 185.7 185.6 185.7 185.6 184 183.5 186.2 179 180.6 181.6 171.2 154.5 138.3 125.8 105.4 97.5 89.2 87.1 88.3 90.8 90.5 75.3 55.1 37.7 38.8 40 41 41 41 41 40.5 31.4 29.8 28.2 28.7 41.8 70.4 68.9 80.2 102.6 132.6 151 162.4 158.1 148.3 172.4 162.9 146.3 134.3 124.8
157.3 163 153.4 153.4 151.2 148.9 149.6 148.9 148.5 147.9 157.8 166.3 199 199.3 189.1 190.3 197.2 209.6 193.5 188.9 200.7 189.6 183.3 168.4 161.5 158.1 158 158.1 158 180.1 199.1 199.2 199.2 199.5 201.1 199.2 193.4 185.3 182.4 182.1 182.2 182 180.9 178.1 175.1 175.8 179.5 182.6 166.4 147.3 132.4 119.8 96.1 89.2 88.9 90.5 90.6 91 86.7 72.5 54.4 34.6 32.7 39.3 41 41 41 40.3 30.1 28.7 27.3 25.7 27.7 52.3 67.1 69.6 86.9 105.8 139.9 163.8 166.1 157.9 148.2 162 150.3 132.3 124.2 116.8
150.3 152.1 148.9 149.9 149 149.2 149.1 148.8 150.7 151.8 164.8 189.7 201 198.1 189.2 188.9 199.9 196.8 189.1 186.4 192.3 179.6 179.8 164.2 159.1 158.4 158.3 158.1 158.9 190.9 196.4 192.3 193.6 198.8 198.9 189.4 185 180.9 180.6 180.5 180.6 181.2 178.9 172.4 169.5 169.4 174.8 179.8 162.1 138.6 127.7 108.7 92 88.6 90.5 90.6 88.1 86.3 82.8 70.7 53 34.2 33.4 41 41 40.8 40.9 29.3 28.7 28.3 25.1 25.2 36.8 60.2 62.1 74.1 92.1 115.2 154 170.5 166.6 151.2 141.9 146.1 130.5 120.7 114.2 108.8
154.3 148.8 148 148.4 148.3 148.5 149.1 151.1 155.4 165.1 177.9 206.8 204.8 193.6 187.3 188.9 194.4 187.7 180.5 186 190 178.7 172.3 161.8 158.3 158.5 158.8 158.8 171.7 191.5 189.8 184.8 181.9 190.9 189.5 183.9 172.6 177.1 181.1 181 182.2 183.3 180.4 169.7 163.8 167.2 170.3 174.2 154.5 135 123.1 102.3 89.1 89.6 90.5 90 87.5 83.4 78.1 65.7 46.4 33.6 29.6 40.4 41.8 40.6 29.6 28.1 28.3 27.8 27.7 28.3 50.2 59.3 67.4 82.5 95.7 136.7 164 169.3 160.4 137.9 137.5 129.3 116 112.5 109.3 100.5
164.5 160 149 147.9 147.9 148.7 151 153.3 161.6 174.9 197.7 204.3 199.3 188.8 178.7 184.5 187.6 183 177.9 182.2 183.2 173.2 161 156.5 158.1 159.2 159.8 159 175.6 192.5 190.3 173.9 172.1 183.7 178.1 169.3 164.7 176.4 181 181.6 186.8 188.8 178.9 167 159.6 160.5 170.8 168 144.9 129.5 118.5 98.8 89.6 90.7 89.3 89 87 82.9 80.9 57.3 47.4 40.6 29 35.7 37.4 29.2 28.2 26.8 27.6 28.1 28.2 34.6 52.2 58.2 74.1 83.4 109.2 148.9 160.1 160.8 147 133 126 112.6 107.4 109.5 104.8 100.2
170.4 160.4 159.5 148.1 148.3 148.8 150.9 151.4 167.4 181.6 202.9 198.8 191.2 182.9 177.8 178.4 179.3 175.1 172.6 180.3 173.1 167.9 154.1 150.7 155.5 161.1 159 163.6 183.6 190.5 185.4 169.6 168.5 175.5 169.6 157.4 155.1 174.4 179.3 180.6 187.9 191 178.4 164.9 157.4 157 168.9 153.1 137.2 125 112.3 96.5 90.9 90.8 89.2 89.2 88.8 83.8 66.2 54.7 47.8 39.9 29.3 29.3 28.3 26.6 26.1 26.3 26.1 26.7 28.3 41.7 49.4 68.7 81.1 86.3 126.7 152.4 156.1 148 129 124 110.9 102.1 100.4 105 99.5 109.6
161.8 162.4 156.1 149 151.7 150.5 148.6 148.4 164.6 187 194.5 191.4 186.4 178.5 173.4 172.6 173.5 169.6 169 171.4 164.4 156.3 148.8 154.3 158.5 158.7 161.3 171.6 182 182 179.1 170.3 161.2 162.7 156.3 147.7 151.5 170.6 176.8 181.3 190.5 187.4 174 165.2 156.9 146.1 142.1 142.4 132.1 121.4 110.1 97.1 90.7 91.2 91.3 90.5 89 79.4 65 49.3 49.2 47.4 32.5 28.6 28 28 26.6 26.3 26.1 26.2 31.7 40.3 48.6 64.6 75.4 93.1 128 149.1 145 132.7 121.4 110.2 100.8 98.4 98.9 100.6 101.3 131.7
161.2 161.1 151.6 156.2 167.6 160.5 149 148.8 159.2 183.4 186 184.3 181.7 172.2 168 170.8 170.1 166.9 163.3 161 154 148.9 150.5 159 158.4 159 164.4 177.8 187.3 187.1 180.5 173.8 163.8 156.2 145.4 139.9 156.4 168.7 177.6 185.3 190.4 184.7 162.9 160.9 154.7 138.7 140.5 137.3 126.4 118.7 108 94.8 89.8 91 91.2 90.7 90.2 78.2 66.7 48.5 51 50.6 33.2 28.6 28 28 28 26.9 26.1 26.5 36 43.2 50.9 61.7 73.1 97.5 120.8 138.7 129.6 114 109.8 103.8 98.4 98.1 98.1 98.3 121.1 144.4
160.9 155.8 148 167 171.2 168.2 163.5 165.3 186.6 190.5 185.1 180.2 178.3 169.8 162 163.6 164 164.2 160.1 148.9 150.9 149 149.9 153.7 158.7 160.3 169.8 188.6 198.8 195.4 191 176.3 163 148 139.7 139.9 153.8 166.6 176.6 181.7 185.2 171.9 159.9 151.9 148.2 129.9 131.5 127.6 121.7 117.5 104.8 93.4 88.5 97.8 94.3 88.9 88.3 84.8 67.5 48.5 50.2 44.3 32.8 28.3 28 28 28 28 28.1 30.9 40.4 43 49.9 63.8 78 97.1 109.3 116.3 112.9 105.5 99.3 101.1 98.1 98.2 98.3 101.7 129.3 146.8
154.9 147.5 154.6 173.2 179.9 170.1 171.6 191.1 202.3 197.8 200.1 188.6 176 166.5 159.9 159.2 160.1 160.5 154.6 148.8 148.3 148.8 150.7 152.8 159.4 160 182.4 194.8 200.2 192.7 182.1 169.5 161 142 129.7 139 152.6 162.6 172.7 175.8 172.3 154.2 144.4 145 138.4 123.6 124 122.1 121 117 105.9 90.1 88.9 100.1 90.8 88.8 88.9 85.1 52.2 42.4 45.5 40.2 30.8 28.2 28.2 28 28 28 28.6 38.9 41.8 43.8 49.8 72.8 80.8 92.5 106 108.8 103.3 98.9 101.1 99.4 98.2 98.1 98.3 116 138.8 145
139.5 146.6 172.5 180.6 181.3 169.1 187.6 205.9 200.6 198.1 201 193.1 174.8 162 158.2 158.6 160.4 160.7 152 148.9 148.9 150.7 150.2 149.2 151 163.5 177.2 186.7 188.6 183.2 175.1 159.7 147.2 129.5 127.5 140.1 148.3 155 163.1 157.7 148.2 140.3 136.6 140.8 130.1 120.4 118.1 118 118.2 114.3 97.7 81.6 85.3 90.8 88.9 90.7 90.7 79.3 46.4 43.5 42.4 37.8 29.4 28.3 28.1 28.1 28 28.1 31.8 39.3 42.7 45.1 49.2 72.3 71.4 93.1 101.3 95.8 94.1 89.6 98 98.1 98.4 98.3 119.3 131.1 149.2 159.5
136.1 157.4 189.1 195.6 174.3 168.3 194.6 203.5 192.7 191 190.1 189.8 173.7 159.2 159 159 161.1 154.4 148.4 149.3 150.6 151.3 145.7 139.7 141.7 151.5 166.6 170.4 174.4 172 159.8 147.4 137.5 118.9 126.7 142.3 144.3 148.2 147.8 143.9 133.2 122.8 128.9 133.2 116.8 110.1 111.4 114.4 113.1 103.8 93 79.2 81.1 86.4 90.6 90.8 85.2 64.8 44.2 42 40.7 35.4 29.1 28.3 28 28 28 28.5 33.8 40.1 42.2 44.6 52.2 64 72.6 95 89 78.2 78.9 89.9 91.5 94.6 101.5 121.3 134.5 143.7 156.8 172.3
145.4 174.7 203.2 191.4 168.2 167.9 195.4 198.9 186 188.6 188.8 188.2 166.3 158.2 158.9 159 158.6 150.3 142.6 148.8 151.6 152.8 138 132.2 130.9 141.9 157.5 154.7 146.8 158.4 146 137.1 123.5 117.9 130.2 141 139.8 141 136.9 122.5 112.6 115.6 119 119.9 109.1 108.7 111.1 111.8 110.7 93.5 87.1 79.2 79 84.1 90.9 83.7 78 57.6 45.4 41.7 37.6 31 28.8 28.3 27.6 28 28 28.4 33.5 39.4 41.5 45 49.3 58.3 80.1 88.8 68.6 69.6 89.4 92.8 90.2 97.1 121.6 139.3 146.3 155.5 167.5 174.7
154.9 188 200.3 180 163.1 164.8 184.8 185.6 180 181.2 179.5 175.2 158.4 158.8 159 165.6 160.8 147.7 139 143.3 146.7 138.8 128.7 129.4 130.1 137 148.4 143.1 134.8 138 135 126 119.4 118.7 130.5 140.5 136.9 134.6 120.1 108 108.7 118.5 118.9 112.7 101.7 104.1 111.1 105.3 99 94.3 79.2 78.3 79.8 89.2 90.1 87.1 76.7 55.7 49.1 39.2 33.9 30.4 29.4 28.3 27.2 26.8 27.3 28.3 34 41 39.8 39.9 43.3 53.8 65.3 65.8 57.8 74.3 93.3 92.6 92.7 114.8 144.5 148.8 147.5 163.7 175.7 178.6
158.1 185.4 185.7 169.2 159 166.4 177.7 178.9 181.1 177 172.6 167.3 159.4 159.4 159.2 169.2 162.1 147 135.5 135.3 130.8 128.2 128.1 127.3 130.3 129 141.9 131.5 120.7 122.7 123.5 118.6 116.8 119.5 128.5 129.7 128.8 127.9 107.1 106.8 112.1 120.8 116.1 104.9 97.2 100.7 103.9 101 93.5 84.6 73.2 75.5 85.2 90.9 89.7 85.1 76.7 72.3 53.3 36.2 33.7 31.7 29.6 27.7 25.6 24.7 25 26.9 29.5 32.6 33.4 32 35.4 41.4 47.7 48.8 64.6 81.4 93.5 93 105.8 129.3 150.9 149.4 157.9 170.6 180.2 185
159.5 171.1 170.3 161.3 158.3 170.7 171.8 172.1 175.6 170.4 171.1 164.1 158.2 159.1 159 166.8 166.6 144 131 130.5 128.7 128.3 124.3 121 120.8 119.3 125.5 120.1 113.9 114.8 114.8 114.2 114.4 117.5 124.7 126.5 116.5 99.3 101.1 100.5 113.6 116.5 109.1 99.4 90.9 98.5 97.4 92.5 83.9 78.3 69.4 78.6 89.5 91 88.9 89.7 89 80.1 57.4 34.1 33 30.7 28.8 26.6 25 24 24.5 26 27.9 28.2 28.2 28.8 29.6 39.1 41.5 56.1 70.3 84.1 90.5 98.9 125.1 143.8 149.8 151.2 164 177.5 184.9 189.4
141.6 149.6 157.4 161 170 171.5 173.4 170.1 168.9 170.1 169.6 162.7 159.1 158.5 159.4 166 159.8 143.4 132.7 131 143.8 144.3 137.1 130.6 123.9 113.8 109.9 103.4 104.7 107.8 107.7 109.5 111.5 114.2 121.6 111.2 95.2 92.7 97.3 99.1 109.4 110.7 102.1 86.1 83.4 90.6 86.8 81 74.8 69.3 72.2 83.6 91 90.1 90.7 91.5 90.7 81.5 59.9 31.6 31.3 29.3 27.6 25.4 24.2 23.3 24.1 24.6 25.9 27.9 26.8 28.2 48.2 72.4 78.5 64.9 78.2 81 88.7 114.4 131 141.1 146.6 155.8 172.2 184.7 194 191.9
136 135.2 153.3 159 168.1 181.8 178.8 169.6 168.9 170.6 169.9 170.3 160.6 158.3 164.4 173.2 164.8 145.4 137.4 139.9 156.7 166.8 166.4 149.6 137.8 133.1 120.4 107.7 99.1 96.6 98.9 101.1 103.7 104.3 102 93.2 88.4 91 91 99.2 102.8 102.2 95.7 74.6 75.2 77.5 78.1 76.3 70.8 68.8 75.3 86.6 91 88.9 94.4 98.5 87.9 79.7 47.9 30.6 29.2 28.6 25.9 23.9 23.3 23.1 23.3 23.3 23 26.3 27 49.7 80.8 100.9 105 98 89.8 83 89.8 117.2 130.7 139.4 148.2 163.7 182.2 198.8 199.8 196.7
123.4 137.2 159.1 163.1 185.8 196.4 184 168.1 168.7 173.9 181.5 176.1 164.2 154.3 159.8 171.6 158.8 142.1 138.6 144.9 168.1 177.4 173.5 155.3 140.9 136.8 131.7 121 105.8 94.7 89.4 88.9 89 89.3 87.8 84.5 85.3 88.8 91 101.3 97.7 91.4 81.8 68.8 70.1 73.5 72.7 70.7 68.9 72.3 85.9 89.5 90.7 89 102.1 98.1 89.6 69.9 39 32.4 29.2 26.3 23.9 22.7 22.3 22.2 22.2 22.1 22 25.9 40.4 75.1 98.4 105.9 108.9 111.4 105.4 94 94 114.6 128.5 141.7 151.7 175.3 187 199.2 199.4 200.6
119.5 138.7 161 168.6 192.9 200.7 180.5 161.6 167.7 183.3 189.4 182.1 170.3 149.2 158.4 161.2 154.4 139.1 140.2 153.3 173.1 179.7 171.9 149.8 139.9 134.2 130.1 125.2 111.1 101.2 95.6 92.9 88.6 81 79.7 80.3 81.5 82.6 84.8 91.6 84.8 78.7 69.5 68.3 70.2 71.2 70.1 68.3 69.1 80.3 90.8 90.1 89.6 90.8 99.8 94.5 78.6 58.4 36.6 33.3 29.6 25.2 23 22.4 22.1 22.2 22.2 22.4 23.9 28.8 63.7 86.5 101.1 110.4 115.9 111.8 108.2 106.9 113.2 114.8 124.3 141.8 151 171.8 183.8 191 200.6 201.1
119 127.3 146.3 166.5 190.8 193.4 185.6 164.3 164.4 174.2 175.1 167.6 157.3 149.7 163.5 159.7 149.4 139 142.7 160 171.6 171.6 166.9 144.6 136.9 132.1 126.1 120.9 110.8 102.4 99.2 99.8 91.5 86.2 82 78.7 74.8 73.4 74.3 74.8 75.9 69.1 63.3 69 71 70.4 69.2 68.9 79.9 83.3 87.6 82 87 91.1 92.9 80.5 61.8 38.4 32.3 32.6 29.7 25.8 24.3 23 21.4 20.1 21.8 23 25 41.2 76.9 90.4 103.2 115.4 120.7 115.7 115.8 119.8 125.2 134.2 137.7 138.7 142.1 153.2 173.9 178.6 200.6 202.7
140.5 146.3 137.3 143.2 176 179.2 173 151.5 162.9 165 163.7 156.4 148.9 154.6 162.4 150.2 140.4 138.6 145.7 162.3 169.7 168.3 158.2 138 131 128.5 123.5 117.3 110.6 105.1 101 101.1 95.3 91.1 88.9 78.9 71.9 68.7 67.4 67.5 71 61.9 60.5 62.1 65.4 66.8 65.5 69.3 79.3 81.4 79.9 80.8 88.1 92.7 85.6 64.3 51.8 36.7 32.1 31.7 28.1 24.8 23.4 22.3 20.8 19.1 19.8 22.7 27 53.5 80.5 93.8 106.3 121 119.1 118.6 119 126.2 132.7 144.2 150.8 154.6 156.2 154 158.3 170.8 183.7 194.7
152.1 151.5 144.8 138.4 146.9 158.3 144.2 140.1 156.2 162.4 162 153.6 148.3 161.7 155.3 140.6 133.3 135.8 142.3 147 155.4 161.1 145.2 129.8 121.2 122.2 120.6 115.8 109.7 106 101.8 101.1 98.6 93 87.9 76.3 70.1 69 67.5 63.6 60 60.9 59 59.1 60.7 59.9 60.3 66.5 70.9 71.8 72.1 72.7 79.1 81.5 69 54.9 46.3 35.2 32.6 30.5 26.2 22.6 21.8 20.1 19.3 18.3 19.6 20.8 29.4 60.5 84.8 96.9 109 119.7 118.8 118.3 118.9 131.8 148.7 158.7 167.4 173.8 182 182.8 173.6 171.2 172.8 178.2
154.9 154.5 155.5 154.7 138.8 138.5 138.6 138 142.9 155.8 151.6 148.9 150.9 160.4 142.3 135.3 128.6 130.1 137.7 145.2 152.8 151.4 129.8 119.7 110.7 115.2 116.6 113.9 108.6 105.7 102.7 99.3 95.8 89.8 82.3 72.1 69.2 69.7 69.6 67 63 61.2 59.1 56.3 57.4 58.9 60.8 62.3 65.3 66.3 63.6 64.3 69 64.1 58.6 52.5 39.1 34.1 31.9 29.1 23.4 20.8 20.1 20.5 18.5 17.9 19.8 22.6 43.9 72.6 88.4 98.6 109.9 117.1 117.7 117.9 125.4 138.5 149.9 162.1 174.6 182.4 188.5 193.5 188.8 180.8 178.2 178.2
153.9 158.5 161.5 156.5 151.4 139.5 144.9 139.7 138 138.6 142.4 141.2 150.4 139.7 132.7 123.9 121.1 122.2 128.4 136.8 137.1 134.1 115.5 108.8 106.4 108 109.4 108.7 104.7 103.7 101.4 97.4 91.6 87.9 81.1 73 70.8 70.7 71 71 67.2 61.4 57.3 50.9 49.4 58.1 59.6 60.5 61 61 59 59.6 59.3 52.6 51.5 43.4 36.1 33.3 29.6 25 21.2 19 18.9 20.9 18.9 18 19 26.8 55.2 81.5 92.9 104.7 114.5 113.6 113.7 125.5 140.2 151.4 155.8 162.4 179.7 189.5 200.7 210.9 210.1 204 188 180.6
154.5 161 165.6 164 157.9 157.5 152.3 140.5 138.1 138.6 139.1 135.7 131 126.5 121 118.4 118.1 118.5 121 124.6 125.3 119.5 112 105 101.6 99.7 99.2 97.6 98 99.7 100.6 90.3 89.6 84.7 80.3 72.5 70.9 70.9 71 71 65.6 59.6 55.7 51 50.1 51.2 54.3 57.3 59.8 53.7 51.1 53.1 49.8 45.8 43.1 36.7 35 32.1 26.2 20.6 19 19.1 18.9 20.9 18.8 17.8 17.9 38.3 66.4 82.2 94 109.8 110.8 111.4 116.1 139 156.1 169 173.3 174.2 180.4 188 210.7 219.4 222.5 228.7 216.4 189
154.9 164.6 169.5 166.2 160.1 161.1 151.8 138.6 138 138.3 138.5 132 129.2 126.2 120.4 119.4 118 117.9 114.7 112.6 114 111.9 111.1 103.8 99.4 93.7 90.4 89.6 90.4 88.8 87.3 87.4 86.1 81.7 79.6 73.6 69.9 69.5 70.2 65 60 56.3 53.7 50.6 49.9 49.6 50.5 49.9 49.2 51.1 49.5 46.8 40 39 37.1 35.6 33 31.6 23.8 19.2 19.2 19.5 19.6 18.2 17.7 17.8 17.9 50.7 69.3 79.9 96.9 111.1 110 112.5 122.4 151.3 166.6 174.9 186.9 191.4 186.6 187.9 201.5 217.6 221 223 214.3 200.6
158.2 171 170.7 159.4 159 159.6 145 138 138 138.6 139.7 133.1 129.1 129.6 121.5 118.6 117.9 117.9 111.4 109.8 108.9 113.2 109.4 103.4 102.6 98.5 91.2 89.4 88.6 83.7 80.3 80 81.1 80.2 78.8 71 70.5 69.1 64.7 58.6 55.5 54 52 49.9 49.3 43.3 46.1 49.1 49.8 40 40.8 38.7 35.8 34.9 33.5 32 29.6 26.7 20 19.1 19.1 19 19 18.1 17.4 17.6 26.1 55.1 68.8 82 99 109.5 109 115.4 132.5 155.1 169.3 177.1 188.5 199.8 195.2 192.5 193.5 206.6 214.5 216.1 205.9 196
161 170.4 162 156.2 155.7 150.1 140.8 138.1 139.1 138.4 145 130.8 130.2 130.1 119.5 118.7 118.4 118.2 113.4 113.2 126.9 132 121.7 115.5 109.7 100.7 95.5 91.4 90.3 88.4 81.8 79.4 80.4 73.8 70.9 71.6 71 63.2 59.5 55.5 51.6 50.5 49.5 46.9 50.6 44.6 45 51.7 44.8 37.1 37.2 34.1 32.5 28.3 24.9 21 21.1 21.2 19.6 19.2 19.1 18.9 18.7 18.7 17.5 17.2 40 58.5 68.1 84.5 101.5 108.8 110.2 116.3 131.7 147.2 164.5 177.3 193.9 199.9 200.4 199.4 198.8 200.4 207.9 209.2 200.8 197.9
