data/NR93.asc
ncols 200
nrows 200
xllcorner 190000
yllcorner 630000
cellsize 50
[rows 72 to 107 of 200, columns 0 to 79 of 200]
128.7 129.4 129 128.7 129.1 130.6 134.7 134.4 134.3 134.7 133.6 134.4 139 142.3 146 150.4 153.4 158.1 163.1 169.4 174.3 181.4 185.9 189.9 194.1 197.7 200.2 204.1 206.3 208.6 212.1 215.2 218.3 222.2 224.8 227.3 229.1 231.5 233.3 233.2 231.5 229.5 228 226.6 225.2 224.2 227.5 231.2 234.6 237.2 239.6 240.9 242.4 243.8 245.3 246.8 248 248.6 248.7 248.2 248.2 248.7 250.3 253.1 256.8 258.2 260 262.7 264.6 264.2 264.9 264.8 262.8 259 255 251.1 246.2 240.3 235.2 226.2
130.9 132.3 134.6 133.1 134.1 135.3 140 139.8 139.4 136.9 136 141.4 145 147.2 151.6 153.9 157 163.4 167.3 172.1 177.2 184.3 190.1 194.2 198.4 200.7 204.2 207.7 209.9 212.7 216.1 220.1 223.7 226.5 228.5 229.3 231.1 233.3 233.1 232.3 229.5 226.9 225.3 223.9 223.4 223.1 225.5 228.6 232.2 234.8 237.2 238.5 239.5 240.5 242 243.5 244.9 245.5 245.6 246 248.1 250.4 252.5 255.1 258.1 259.6 261 262.7 264.2 263.7 263.3 261.7 259.8 255.2 251.2 245.9 237.7 227.3 220.6 208.4
132.4 136.5 139.1 140.5 139.9 143.4 145.1 145.1 144 138.8 137.8 143.5 146.1 148.5 157.2 161.7 164.1 169.5 172.1 177.6 180.9 187.2 194.2 198.4 201.5 204.6 207.8 211.1 213.6 216.7 219.8 223.6 227 229.2 230.2 231.1 232 233.1 231.6 229.4 227 224.7 222.8 221.8 220.8 220.6 223.8 226.8 229.7 232.7 234.7 236.3 237.4 238.4 239.4 240.4 241.9 244.4 246.5 248.9 251 253.3 255.5 257.7 259.6 261.1 262.5 264 264.5 263.2 261.2 259.1 256.7 252.5 245.7 237.4 229.2 216.6 206.9 190.4
135.1 135.9 140.8 141.9 145.5 152.3 150.6 150 150.2 143.7 140.6 143.6 144.8 149.8 155 158.6 165.9 171.6 174.7 180.2 184.3 191 196.3 199.7 203 207.4 211 214.5 217.7 220.8 223.9 227.1 229.2 230 230.8 231.6 231.8 229.8 227.7 225.7 223.4 221 219.9 219.3 219.2 218.1 221.8 224.8 226.5 227.7 230.5 233.7 235.3 236.5 238.9 241.4 244 246.5 249.5 251.7 253.9 256.2 258.6 261.6 263.8 264.9 265.7 266.5 266.6 260.8 258.9 256.5 251.7 246.9 238.8 229.8 219.2 200 187.2 169.3
140.3 149.8 146.4 150.1 156.8 167.2 160.3 155.3 151.3 147.8 143.3 143.4 144.8 149.1 151.5 156.3 165.5 172.6 176.2 181 186.7 193.8 196.9 200.9 206.4 210.6 213.9 216.9 218.8 221.9 225.2 226.7 228.2 229 229.8 229.7 228.1 226.1 224 221.9 219.6 217.4 216.9 217.1 215.3 216.4 219.8 221.5 222.6 223.3 226.8 231 235.6 238.4 240.9 243.4 246.8 250.1 253.4 255.5 259.2 263.5 263.5 265.9 267.9 269.5 270.3 270.8 268.8 261.4 256.5 252 247 240.5 231.1 219.3 209 198.1 169 153.6
142.9 148.5 153.3 165.6 172.2 170.7 170.1 165.8 155.2 148.6 144.6 145.7 146.4 147.3 160.4 158 163.9 174.2 178.5 182.5 190.7 195.4 199.4 203.3 210.1 213 216 218.5 220.3 222.2 225.6 226.2 226.9 228 227.6 226 224.4 222.4 220.2 216.9 215.4 214.4 213.1 213.1 212 214.5 216.4 218.3 221 225.9 230.1 233.5 236.6 239.8 242.4 248.6 252.8 255.9 258.8 263.9 268.4 271.2 271.2 271.3 272.1 273.5 274.8 273.9 268.7 260.4 253.6 248.6 241.5 232.2 220.8 207 196.5 177.4 146 162.3
138.5 147.5 154.4 167.7 172.1 171.9 173.3 165.3 153.2 146.1 145.9 148.9 148.9 151.3 158.3 161.5 167.8 174.9 180.8 189 198.4 202.9 204.3 210.2 214.8 216.7 218.4 220.7 221.8 223.5 225.2 225.7 226.2 225.7 223.9 222.4 220.7 218 214.2 212.6 211.2 210.1 209.2 209 209.4 211 212.9 217.9 222.8 227.8 232 234.6 237.5 241.1 247.8 253.6 257.8 262 266.5 272.2 276.8 278.1 278.1 278.3 280 282.4 282.1 280.4 271.7 261.1 253.1 245.2 235.8 223 209.5 196.7 185.5 158.4 138.9 172.6
135.2 144 153.5 162.3 164.7 169 164.7 155.7 148.8 140.8 143.7 147.7 154.1 160.1 163.2 161 168.3 175.1 182.7 192.5 204.2 206.3 211.4 217.7 219.6 219.2 226.2 227.5 226.2 224.5 225.4 225.5 224.7 223.6 221.5 219.4 215.8 212.1 209.9 208.4 206.9 205.4 205.5 205.7 206.9 213.1 217.8 221.6 225 229.6 233.8 235.1 238.2 247 253.7 258.7 262.8 267.3 273.4 279.3 282.4 281.7 283.5 286.1 293.7 298.7 294.7 286 275.2 263.1 250.9 241.9 229.5 212.8 199.3 189.1 172.8 143.9 142.8 171.4
131.7 139.9 148.2 155.4 158.6 161.4 154.9 146.1 139.7 137.4 142 147.1 156.3 164.9 167.9 165.9 164.8 172.1 182.7 194.4 204.5 210.6 215.2 218.5 219.1 218.6 222.5 224.9 224.1 223.5 223.6 224.8 224.3 220.2 217.9 212.3 209.4 207.1 205.7 204.2 202.7 201.3 204.7 209.4 213.5 217 220.2 223.9 227.9 231.9 234.7 236.9 246.8 255.7 259 263.1 267.3 272.2 277.7 282.2 282.7 283.8 286 291.2 297.1 301.8 296.9 286.4 274.9 263.2 248 233.4 218.2 203.3 194.5 184.1 173.7 136.4 139.4 165.3
125.9 134.2 143.6 148 151.2 152.8 145.7 139.6 131.9 133.9 138.5 147.1 160.6 166.4 167.1 165.2 164.8 181.7 193.6 204.3 213.5 214.3 218.1 220.9 214.4 213 216.9 218.8 220.3 222.2 221.9 222.7 221.5 217.6 212 206 201 201.1 200.8 200.4 199.2 202.2 206.9 211.7 216.5 220 223.1 226.2 229.6 233.3 237.1 243.4 251.7 258.8 262.7 268.6 273.3 278.4 281.6 282.1 282.6 285.4 290.3 295.4 299.2 295.1 288.8 281.6 271.1 253.8 236.4 220.9 209.7 199.3 188.8 178.5 163.7 131.8 130.5 155.1
120.6 128.7 137.9 141.6 144 142.8 136.7 131.5 127.1 132.8 138.4 146.3 159 161.1 162.1 161.8 166.2 184.1 198.9 211.7 213.3 222.8 217.4 214.9 210.2 208.1 210.8 213.7 216.4 217.9 219.4 219.8 218.4 213.9 207 200.6 195.8 196 195.5 195.2 200.7 205.4 210 214.7 219 222.6 225 227.1 230.3 234.7 238.9 246.1 251.9 258.1 269.9 276.9 280.5 282.5 283.1 282.9 280.5 281.9 287.9 293.8 291.3 284.9 278.6 274.6 264 247.5 224.1 210.4 201.9 195.4 185.2 171.9 164 137.5 116.8 141.9
116.6 124.3 132 136 138.3 134.5 128.8 124.4 124.9 131.8 139.3 146.1 154.5 153.9 158 163.7 169 182 195.6 202.9 209.7 211.6 213.4 209.5 205.5 203 207.6 211 215.8 216.4 217.2 218.6 215.8 206.9 201.3 196.5 193.2 191.8 193.9 198.5 203.3 208.1 212.8 217.4 221 223.6 225.5 227.6 230.9 235.3 240.3 247.2 254.1 260.5 271.3 278.7 280.8 284.5 284.5 278.7 273.2 275.5 278.6 277.5 273.1 271 269.1 264.8 255.2 240.6 214.6 202.5 196.2 188 177.2 165.6 156.4 143.5 114.6 135.1
112.3 121.7 128.3 128 127.3 124.3 121.9 120.6 122.7 129.2 136.6 143.2 149.4 150.8 155.9 159.1 167.3 178.6 189.3 196.5 200.3 200.3 199.4 199.5 194.8 198.2 203.3 207 210.5 212 215.6 218.3 209.9 200.8 194.8 191.5 190 192 197.2 201.8 206.1 210.7 215.5 219.3 222.5 224.1 226 228.1 231.4 236 241.6 248.2 255.9 262.2 269.4 276.4 280 279.9 277.6 265.4 263.6 263.8 262.1 260 263.1 263.1 260.1 255.1 246.1 234.8 209.9 196 187.9 176.6 165.6 158.1 146.5 136.7 107.7 135.1
108.1 118.2 119.5 118.9 115.2 113.7 115.4 116.8 120.7 127.7 134.9 140.4 144.1 147.5 149.8 155.1 163.3 173.7 181.7 188.5 190.3 191 188.9 186.3 187.5 192.2 196.8 201.5 205.9 209.3 211.6 207.6 200.8 193.9 189.3 186.2 188 193.7 199.2 204.5 209 213.6 217.7 220.9 223.3 224.6 226.6 228.7 231.9 237.3 242.9 249.6 259.9 264 266.4 271.1 272.9 269.5 259.5 255.6 255.7 260.1 260.4 255.8 254.2 254.3 254.4 248.6 235.5 223.5 206 184.9 172.2 163.1 151.8 141.8 136.1 118.4 105.3 132.8
102.8 110.9 110.4 111 107.6 108.3 111 115.1 119.9 127 132 135.7 139.4 141.8 143.3 150 158 167.8 174.7 180 181 180.8 178.2 175.3 181.3 186.7 191.8 196.5 201 204.6 204 199.5 193 188 185 184 190.7 196.2 201.3 206.5 211.7 215.8 219.2 222.4 223.8 225.1 227.1 229.2 232.9 238.1 243.3 251.7 253.5 255.6 259.6 262.6 258.8 252.9 248.8 250.3 258.1 260.7 256.7 250.9 247.3 245.1 242.6 232.4 220.9 209.6 190.6 172.7 160.5 148.4 137.4 131 122.9 103.4 104.8 125.9
99 105.2 104.4 104.4 105 106.3 112 115 119.2 123.7 127.3 131 134.7 136.6 139.7 145.1 152.3 160.3 166.3 171.3 171.9 170.4 168 169 174.7 180.8 185.8 190.9 196.4 198.8 197.5 191.7 186.4 183.8 178.4 185.4 193 198.9 204.1 209.2 213.5 217.2 220.4 222.3 224.1 225.6 227.3 228.3 230.6 235 239.5 242.2 245.1 247.8 248.6 248.1 242.5 243.8 249.6 248.5 252.3 254.5 250 241.8 237.8 232 224.7 215.9 205.6 195 179.7 163.1 146.4 133.3 125.6 122.5 111.4 94.7 101.2 115.7
96.2 98 97.8 101.7 103.6 108.8 112.5 116.8 117.2 119.5 123 126.4 130 131.9 135.3 138.7 147.8 154.6 159.9 161.9 162.7 160.5 158.5 163.4 168.9 174.4 179.8 185.7 189.5 190.4 186.9 183.7 179.3 175.6 176.8 186.3 193.9 201.6 206.8 210.5 214.3 218 219.9 221.5 223 224.5 225.3 226.7 229 232.2 232.4 233 235.4 238.1 237.6 235.6 235.7 242 241.7 241.2 241.7 242.3 237.7 234.4 224.9 215 207.2 201 193.5 181 169 151.7 134.4 120.8 116.7 114.3 101.8 90.3 96.2 103
91.3 91.9 96.4 105.2 109.3 113.1 115 115.8 116.1 115.9 119.4 122.8 125.6 127.6 130.7 134.6 143.4 148.2 151.2 152.7 153 150.6 152.8 157.8 163.3 169.1 174.1 178.1 181.6 180.7 177.7 175.3 167.1 177.4 183.2 190.1 197.8 204.7 207.7 211.3 215 217.8 219.5 220.8 222 222.4 222.7 224.2 225.8 225.6 225.4 225.2 227 229.3 227.3 226.9 229.8 230.4 230.5 234.3 234.6 228.5 223.8 219.6 210.4 205.6 199 191 181.5 167 151.1 135.4 117.6 110.6 106.1 102.6 91.8 88.3 87 94.6
88.9 88.9 98.9 108.3 112.6 112.6 114.7 115.1 114.5 112.4 115.5 118.1 120.5 124.4 127.6 132.1 136.9 140.6 142.1 143.5 143.6 143.3 147.2 152.5 158.8 165 169.5 172.7 175.7 174.3 172 162.6 175.2 181.6 188.5 194.6 200.3 205.6 208.7 212.4 215.3 216.9 218.5 217.9 219.1 219 220.2 220.8 219.5 219.2 218.9 218.7 219.9 221.6 220 219.1 219.2 219.7 221.1 223.1 217.2 213.5 209.6 205.9 203.9 198 189.3 178.1 165.3 148.9 133 117.7 109.7 103.8 99.1 97.2 87.9 85 81.1 83.4
88 89.1 99.2 107.5 112.2 113.8 114.9 112.8 111.7 109.9 110.6 112.8 115 117.8 123.2 127.6 131.6 133.1 134.1 135.3 135.6 138.4 143.6 149.3 155.2 160.9 163.9 166.9 170 165.7 160.3 170.8 178.6 185.5 191.1 196.2 200.7 206 209.4 212.5 214.2 215.8 217 216.6 215.9 215.2 214.9 214.5 213.4 212.8 212.6 212.6 212.8 213.6 213 210 209.7 209.3 208.6 205.8 202.3 199.8 197.2 193.9 189.4 182.2 171.8 160.6 147.2 130.6 117.2 106.5 101 97.9 91.5 91.5 83.6 80.8 79 80.5
87.4 91 99.8 108.6 113.9 116.6 114.7 112 109.2 107.1 106.4 108.9 111.4 114.6 120.3 122.8 125.1 125.8 126.7 127.8 131 135.3 140.8 146.3 152 156.1 158.8 161.7 162.4 156.6 167.7 173 180.9 187.7 193 197 201 205.7 208.4 211.1 212.6 214 213.5 213 210.9 209.4 208.5 208.1 207.3 206.6 206.3 206.7 207.1 206.4 204.3 200.9 200.5 200 196.8 193.6 191.1 188.9 185.4 180.6 174.4 166.2 154.7 143.4 128.9 114.4 104.4 95.4 90.5 88.6 83 80.9 78.6 78.4 77.5 77.5
90.9 97.1 104.1 110.5 114.9 115.6 113.8 111.1 107 103.6 102.7 105.4 107.9 110.5 113.3 116.7 117.9 118.6 119.3 120.8 124.7 125.1 135.6 142.4 147.4 150.5 152.4 152.8 153.1 163.6 169.4 175.9 182.9 189.4 194.3 197.8 201.3 204.9 207.4 209.6 211.1 211.1 210 208.5 207 205.5 204.1 203.1 202.4 201.8 200.6 201.2 200.1 199.3 198.3 195.5 191.4 190 188.5 186.5 183.7 180.4 174.9 167.3 161 150.9 139.3 125.9 112.9 100.9 95.1 85.9 82.6 79.1 76.1 74.5 74.9 74.9 74.9 74.2
89.5 96.3 103.7 110.8 117.4 116.3 112.5 108.1 104.3 101 99.6 101 104.2 106.6 108.8 110.1 109.6 110.8 112.6 112 123.2 123.8 135.2 136.9 140.6 142.3 156.3 160 162.8 167.2 173.2 179.6 185.1 190.6 194.9 198.4 201.6 203.4 205.7 207.3 208.5 207.5 205.3 204.4 202.9 201.4 201.7 201.8 200.6 199.1 196.7 195.9 194.8 195.3 194.4 193.4 190.3 186.8 182.6 180 176.9 171.1 164.5 156.1 146.5 135.8 123.6 110.9 99.1 89.1 80.8 77 77.6 72.7 71.4 71.9 72.3 72.6 72.7 72.5
88.8 96.3 103.2 110.2 116.8 115.5 111.3 105 102.7 99.9 98.4 99.5 102.5 102.1 103.7 102.3 101.6 100.9 108.8 119.8 125.8 131 134.1 138.3 145.4 150.9 155.3 159.6 163.7 169.1 176.7 181.7 186.8 191.5 195.4 197.9 200.4 201.1 203 205 204.1 201.5 200.2 198.1 198.4 198 199.5 200.7 199.1 195.9 193.9 193.6 192.6 192.2 192.5 192.6 188 182.3 177.3 173.4 168.7 162.4 154.7 144 133.7 122.7 111.8 99.9 88.5 79.3 75.2 70.9 70.2 69.6 69.8 69.9 69.7 70.1 70.4 70.4
89.7 97 104.2 111.6 116.3 113.5 110.7 102.5 100.7 99 97.9 99.2 100.5 99.7 97.8 96.2 96.3 103.8 113.1 121.6 126.7 126.2 130.7 137.4 144.7 150.1 155.5 160.9 164.5 171 179.3 183.8 187.2 191.4 194.2 196.7 199.2 201.6 200.8 202.6 199.5 197.2 196.3 194.2 193.6 195.5 197.4 200.5 198.4 195.4 192.2 191.4 190.4 189.4 189.5 187 182.5 177.5 171.7 166.5 160.3 152.3 143.3 132.3 121.7 110.5 100.4 90.4 81.3 72.5 70.9 67.3 67.3 68 68.2 68.8 68.6 68.4 68.2 68.2
90.1 97.8 103.9 110.9 113.4 111.6 108.3 102.1 99.3 97.7 97.5 97.1 96 95.5 92.5 91.8 96.3 103.5 110.9 119 122.2 124 129.3 136.9 144.2 149.3 155.6 161.6 166.5 173.8 182.1 184.6 186.4 189.8 192.7 195.5 198.1 200.6 199.9 200.5 195.8 193.5 192.2 190.8 191.3 194 197.5 199.9 199 196 193.4 187.7 187.1 186.5 184.1 180.6 176.3 172.3 166.8 158.4 151.3 142 131.8 121.3 111.2 100.9 91.8 83.1 74.6 68 66.4 65.2 65.5 66.1 66.5 67.6 67.4 67.2 67 67
90 99.9 104.2 110.4 111.7 109.9 104.9 102 98.8 96.9 96.9 94.8 93.3 91 88.8 91 95.8 100.6 107.3 113.5 118.4 123.7 129 136.4 143.7 149.2 155.7 161.9 168.2 174.1 179.9 183.2 185.3 188.4 191.2 194 196.7 199.4 200.6 195.5 192.1 189.5 188.9 187.3 190.7 194.2 197.7 199.4 198.4 197.3 194.3 189.2 181.5 180.4 178.6 175.6 170.4 165.4 157.9 149.7 141 132.1 117.5 110.6 102.8 92.8 84.4 76.6 68.4 65.2 63.8 63.3 63.7 64.3 64.9 66.2 66.3 66.1 65.9 66
89.9 101.9 106.8 109.3 109.7 107.3 100.7 99.9 98.1 96.3 95.5 92.6 90.3 86.5 87.5 90.2 94.3 98.2 103.5 111.2 117.7 124.5 129.8 136 143.3 149.3 155.8 162.2 169.2 174.1 177.5 180.2 184.5 189 192.6 197.9 201.6 203.5 198.9 192.9 188.2 185.8 185.7 187.3 190.9 194.7 195.8 197.7 194.3 192.5 189.7 184.3 178.2 175.5 173.2 170.2 166.2 160.9 149.9 139.6 130.5 122.6 110.4 97.7 91 86.5 79 71 65.1 63.1 62.2 62.8 62.9 62.9 63.3 64.5 65.2 65 64.8 64.6
95.8 103.5 108 109.2 107 104.7 99.6 97.3 95.5 92.1 90.4 89.8 85.5 86.8 88.9 93.3 99.2 102.3 105.1 110.4 116.9 122.6 128.5 135.1 142.7 150.3 156.9 163.1 169 172.4 175.2 179.1 183.3 187.6 190.6 197.3 200.5 199.5 191.5 188.3 185.5 184 185.9 189.7 191.6 193.7 193.4 191.9 188.8 185.7 182.1 178.6 174 171 168.7 165.3 160.2 152.4 141.7 133.2 122.8 115.8 104.6 95.5 89.8 78.3 73.2 66.1 63.1 62.4 62 62 62 62 62.3 63.5 64.7 64.4 64.2 64.8
98.6 104.9 107.1 108 105 101.8 98.8 97 94.7 91.7 90.7 84.4 81.6 86.5 91 96.8 101.7 105.1 109 112.4 118.3 121.6 127 134.9 143.7 150.5 157 161.7 166.4 169.4 171.8 175.4 179.7 184 187.6 191.8 193.9 189.5 187.6 185.5 183.5 181.8 181.7 186.8 189.6 189 187.6 187.1 186.1 183.2 179.6 174.2 169.5 163.9 160.8 158.4 151.2 141.3 132.4 125.9 116.9 109.3 98.7 92 82.4 71.6 67.7 63.4 61.9 61.1 60.7 61.1 61.3 61.2 62.3 63.8 64.7 65 65 66.8
101.1 104.2 105.4 105.6 103.1 100.3 99.8 96 92.4 90.7 84.5 81 81.1 86.5 90.8 96.8 100.9 104.7 109.8 113.4 118 120.1 126.8 134.4 142 148.7 155.6 160.4 163.3 166.1 168.9 173 176.7 180.4 184.6 188.6 187.1 182.3 181.5 183 181.6 179.6 180 182.8 183.6 182.5 183 182.9 182.8 180.7 177.1 170.9 164.6 158.3 150.5 148.2 145.1 135.3 126.6 118 111 102.5 93 85.1 74.6 67.1 63.7 61.9 60.7 59.7 59.8 60.2 60.6 61 62.7 64.3 65.7 66.1 67.8 69.3
101.5 102.6 102.3 102 101.6 101 100.3 96.6 91.4 86.5 80.8 80 82 88.1 91 98.2 101.4 104.2 108.6 112.8 117.9 120.2 127.6 134.4 141.2 146.8 152.9 156.5 160.2 163.1 166.4 170.6 174.5 178.5 180.3 183.3 179.5 177.3 177.5 178.3 176.4 175 177.4 177.8 177.4 177.9 178.5 180.3 178.3 175.3 171.5 167.7 163.4 159.4 151.9 142.4 136.9 128.5 117.8 109.7 103.6 94.9 88 77.3 68.8 63.5 62.1 61.2 60 58.8 59.6 59.9 60 61.5 63.2 65 68.4 69.6 71.5 74.7
100.8 102.2 101.6 101.5 102.2 101.6 101 95 88.9 81.1 78.9 81.3 85 90.2 93.5 99.1 103.5 107 110.6 113.6 118.4 122.4 128.8 134.1 140.1 145.2 148.9 152.4 155.7 160.5 163.6 167.6 171.3 175.3 178.3 176.7 171.9 171.5 173.1 171.6 168.7 171.4 172.2 172.1 172.3 173.9 175 174.6 172.5 169.3 166.5 163.1 162.7 160.1 151.3 140.9 127.5 115.9 109.3 99.4 95.7 85.9 79.1 70 66.8 62.7 61.3 61 59.8 58.6 59.8 59.9 60.6 61.8 64.4 67.9 71.8 74.4 77.7 81.5
98.9 100 101.1 101.8 102.4 101.8 100.9 94 85 79.4 79.4 81 85.3 90.5 95.2 99.2 102.8 108 110.9 114.5 120.5 125 129.6 132.5 138.6 142.3 145.7 148.9 151.1 156.2 160.9 164.6 168.3 171.9 171.6 168.6 166.8 167.9 166.9 164.7 162 165.9 166.7 166.6 169.2 170.7 171.4 169.9 168.9 167.7 161.7 160.2 154.8 147.3 140 129.8 119.8 110.7 99.5 92.9 85 79.1 71.5 65.9 62.1 60.9 60 59.8 58.5 58.6 59.4 60.2 61.2 63.5 67.3 73.4 76 80.8 86.1 92.6
94.4 96.7 99.4 101.3 99.7 98.2 96.8 91.8 84.2 73.4 79.3 80.9 85.7 90.8 95.5 99.9 103.1 109 110.6 117 122.1 125.2 130.1 132.1 137.7 140.8 142.6 146 149.4 152.7 157.5 160.5 163.3 166.5 163.8 160.8 161.2 162.8 160.7 159.7 160.6 160.7 161.4 161.7 164.7 164.7 163.8 163.3 161 156.6 153.4 149.3 143.5 137.9 129.9 120.2 112 104.6 95.5 84.6 78 73.4 69 63.4 59.6 59.2 58.8 58.3 58 58.5 59.9 61.5 62.7 65.9 71.8 78.7 85.5 91.2 98.7 105.1
91.2 91.6 94.4 97.9 96.2 94.5 91.1 87.4 80.9 72.8 79.1 82.6 86.3 91 95.8 100.4 104.4 109.9 113.5 118.5 122.5 126.1 129.5 132.8 136.3 139.4 141.3 142.5 146.4 150.3 154 157.4 160 159.3 156 154.4 156.8 156.5 153.7 151.5 156 157.1 157.8 157.7 159 158.8 156.6 156.5 150.4 147.6 145.6 142.5 137.2 131.3 124.3 114.5 105.2 96.6 89.1 82.9 77.9 70.8 66.3 61.3 58.8 58.4 58 57.8 57.8 58.1 60 63.7 67.5 72.5 81.1 90.7 99.5 107.6 108.7 117.2
