data/NR97.asc
ncols 200
nrows 200
xllcorner 190000
yllcorner 670000
cellsize 50
[rows 72 to 107 of 200, columns 0 to 80 of 200]
-0.8 -0.8 -0.8 -0.8 -0.8 -0.8 -0.8 -0.8 -0.8 -0.8 -0.8 -0.8 -0.8 -0.8 -0.8 -0.8 -0.8 -0.8 -0.8 -0.8 -0.8 -0.8 -0.8 -0.8 -0.8 -0.8 2.5 4.1 5.7 7.3 9.6 12.6 16.3 20.5 25.4 31.2 39 46.2 50.8 57 64.3 72.5 75.5 75.8 74.6 70.2 68 66.8 67.4 67.8 67.7 67.8 67.3 69.7 69.9 72 69.8 74.1 70.4 63.7 64.4 63.4 60.1 57.7 56.5 56.3 57.6 60.1 62.9 67.4 72.9 79.7 89 95.5 101.5 107 112.7 120.3 129.2 138.4 145.5
-0.8 -0.8 -0.8 -0.8 -0.8 -0.8 -0.8 -0.8 -0.8 -0.8 -0.8 -0.8 -0.8 -0.8 -0.8 -0.8 -0.8 -0.8 -0.8 -0.8 -0.8 -0.8 -0.8 -0.8 -0.8 -0.8 2 3.4 4.7 6.2 8.9 12.6 17.5 22.2 27.9 33.8 41.4 48.7 55 60.3 68.6 75.2 79 80.6 79.8 77.8 72.9 68.7 67.9 67.7 67.2 64.5 62.5 63.6 64.6 66.5 66.7 67 61 58.2 60.3 58.3 55 51.4 50.9 54.1 57.9 62 65.3 72.6 78.9 85 95.1 101.5 107.5 113.4 118 125.6 134.9 143.9 150.2
-0.8 -0.8 -0.8 -0.8 -0.8 -0.8 -0.8 -0.8 -0.8 -0.8 -0.8 -0.8 -0.8 -0.8 -0.8 -0.8 -0.8 -0.8 -0.8 -0.8 -0.8 -0.8 -0.8 -0.8 -0.8 -0.8 1.9 2.5 3.4 5.5 8.1 12.3 19.1 24.5 30 35.9 42.8 49.4 55.4 61.1 69 75.1 80.7 81.2 81.1 82 80.8 72.2 69.2 67.7 64.4 60.9 60.2 59.4 59.1 60.6 60.6 60 55.7 51.1 50.7 49.4 50.9 44.3 48.7 53.5 59.1 63.3 68.2 78.7 86.6 92.8 99.9 107.1 113.4 119 124.1 132.1 140.5 149.1 157.9
-0.8 -0.8 -0.8 -0.8 -0.8 -0.8 -0.8 -0.8 -0.8 -0.8 -0.8 -0.8 -0.8 -0.8 -0.8 -0.8 -0.8 -0.8 -0.8 -0.8 -0.8 -0.8 -0.8 -0.8 -0.8 -0.8 2 2.3 3.3 5.5 8.3 13.5 19.4 24.2 28.8 35.7 42.9 49.5 55.9 62.9 71.4 77.8 81.2 81.4 81.1 84.3 82.6 74.7 70.5 67.3 65 62.9 60.4 59.7 59.2 56 54.4 54.2 50.1 46.1 43.7 42.3 40.4 40.4 47.4 53.8 59.9 65.4 73.7 84.1 92.4 97.7 105.1 111.4 118.9 123.8 129 136.9 143.9 153.8 163.6
-0.8 -0.8 -0.8 -0.8 -0.8 -0.8 -0.8 -0.8 -0.8 -0.8 -0.8 -0.8 -0.8 -0.8 -0.8 -0.8 -0.8 -0.8 -0.8 -0.8 -0.8 -0.8 -0.8 -0.8 -0.8 -0.8 1.3 1.7 2.8 6.3 9.7 15.6 20.8 24.7 29 35.9 42.7 49 57.6 65.7 73.9 80.5 80.8 80.6 79.2 81.6 79.6 70.2 71 67.9 66.3 64.6 62.4 60.9 61.2 53.1 50.6 49.1 45 42.2 39.3 38.8 39.6 42.7 50.2 56.6 63.1 71.4 80.2 87.8 95.8 101 109.8 117.5 123.3 127.5 133.4 140.6 148 160.3 168
-0.8 -0.8 -0.8 -0.8 -0.8 -0.8 -0.8 -0.8 -0.8 -0.8 -0.8 -0.8 -0.8 -0.8 -0.8 -0.8 -0.8 -0.8 -0.8 -0.8 -0.8 -0.8 -0.8 -0.8 -0.8 -0.8 -0.8 1.8 3.1 6.5 10.6 17.1 22 25.5 29.2 37.9 43.7 48.8 59.3 66.5 74.1 79.7 80.8 78 75.1 77.4 74.6 68.7 69 68.5 68.1 66.5 64.2 61.9 61.5 51.6 46.1 43.4 39.3 41.1 38.8 38.4 38.5 43.7 51.2 59.9 68.3 78.3 86.4 92.4 98.6 104.9 111.7 121.5 126.3 132.1 138.4 146.7 153.5 162.9 175.1
-0.8 -0.8 -0.8 -0.8 -0.8 -0.8 -0.8 -0.8 -0.8 -0.8 -0.8 -0.8 -0.8 -0.8 -0.8 -0.8 -0.8 -0.8 -0.8 -0.8 -0.8 -0.8 -0.8 -0.8 -0.8 -0.8 -0.8 1.1 2.8 7.5 11.6 17.7 22.5 26.3 31 39.5 44.4 49.2 57.6 62.8 72.4 79.9 79.9 73.1 69.2 70.5 68.2 64.8 67.8 69 69.5 68.3 66 61.4 59.8 45.9 39.4 39.4 38.5 38.3 38.9 38.4 38.8 45.4 54.1 65.1 76 85.2 92.3 98.1 103.5 110.5 116.4 119.3 129.7 135.7 142.4 149.9 157.7 167.5 180.6
-0.8 -0.8 -0.8 -0.8 -0.8 -0.8 -0.8 -0.8 -0.8 -0.8 -0.8 -0.8 -0.8 -0.8 -0.8 -0.8 -0.8 -0.8 -0.8 -0.8 -0.8 -0.8 -0.8 -0.8 -0.8 -0.8 -0.8 1.4 3.7 9.2 13.6 19 23.6 27.6 32.2 39.2 43.9 48.2 54 60.1 67.9 72.1 70.4 68 65.2 63.3 60.4 59.3 68.3 73.5 76.6 72.2 63.8 60.7 55.6 50.9 36.8 37.4 37 37.7 38.6 40.4 44.3 51.9 64.1 73.2 83.2 90.5 96.9 105.1 108.8 114.7 120.7 127.5 133.7 139.4 143.9 151.2 160.6 169.3 183
-0.8 -0.8 -0.8 -0.8 -0.8 -0.8 -0.8 -0.8 -0.8 -0.8 -0.8 -0.8 -0.8 -0.8 -0.8 -0.8 -0.8 -0.8 -0.8 -0.8 -0.8 -0.8 -0.8 -0.8 -0.8 -0.8 1.2 3.1 6.6 11.4 15.9 20.9 26.2 30.1 34.3 38.6 42.9 47.3 52.1 57.8 62.5 66.8 66.4 63.7 62.1 59.7 59 59.9 69.6 78.3 81.6 79.6 62.7 53.6 50.9 44.9 31.2 34.2 37 38.2 41.7 47 53.3 62.8 73.6 82.4 89.7 96.3 103.6 111.1 115.8 120.1 128.2 132.7 138.9 143.8 148 154.5 160.8 170.5 181.5
-0.8 -0.8 -0.8 -0.8 -0.8 -0.8 -0.8 -0.8 -0.8 -0.8 -0.8 -0.8 -0.8 -0.8 -0.8 -0.8 -0.8 -0.8 -0.8 -0.8 -0.8 -0.8 -0.8 -0.8 0.9 1.7 4.5 7.4 10.1 14.2 19 24.1 29.7 32.4 35.7 38.4 42.4 46.8 51.5 56.4 61 62.8 62.6 60.4 59.4 59.1 60.3 64 69.3 76.4 85.6 72.6 57.2 50.8 44 35.5 29.7 33.4 37.7 41.6 47.4 53.8 65 74.7 82.9 93.5 100.2 103.3 110.9 117.1 121.8 124.8 131 137.8 143.8 150.3 158.5 165 171 181 183.1
-0.8 -0.8 -0.8 -0.8 -0.8 -0.8 -0.8 -0.8 -0.8 -0.8 -0.8 -0.8 -0.8 -0.8 -0.8 -0.8 -0.8 -0.8 -0.8 -0.8 -0.8 -0.8 3.5 9.8 9.4 9.3 9.7 10.6 13.6 19.4 25 28 31.2 33.9 36.7 38.9 42.6 47.4 50 54.4 57.5 59.2 60.6 59.3 59 59.7 60.4 64.4 68.7 76.2 81.3 61.4 52.3 47.2 39.8 29.5 28.9 33.8 40.3 46.6 55.2 61.8 73.5 83.6 89.8 100 105.9 110.6 116.1 121.1 125.7 127.8 133.2 140.9 148.4 156.6 165.6 172.6 178.9 185.9 190.8
-0.8 -0.8 -0.8 -0.8 -0.8 -0.8 -0.8 -0.8 -0.8 -0.8 -0.8 -0.8 -0.8 -0.8 -0.8 -0.8 -0.8 -0.8 -0.8 -0.8 -0.8 1.8 15.2 25.6 24.3 20.3 20 18.3 21.2 29.2 33.2 31.6 33 35.7 38.2 39.7 45.5 49.7 49 51.1 54.2 58.4 59.6 59 59 59 59.3 61.9 66.1 70.6 67.4 57.8 46.4 41 33.3 28.9 29.8 36.4 44.8 52.7 61.5 70.5 81.9 93.4 100.8 100.1 108.4 114.7 119.2 123 128.4 131.9 138 145.5 156.9 169.4 173.9 180 184.6 190.5 195.9
-0.8 -0.8 -0.8 -0.8 -0.8 -0.8 -0.8 -0.8 -0.8 -0.8 -0.8 -0.8 -0.8 -0.8 -0.8 -0.8 -0.8 -0.8 -0.8 -0.8 -0.8 11.8 30.3 36.2 36.7 29.4 27.4 26.9 28.5 36.7 41.1 39.4 39 38.7 40 42.8 47.8 49 49 50.2 51.5 55.7 56.1 55.3 58.7 59.3 61.2 61.1 61.2 64.4 59.3 53.4 40.3 38.2 29.6 28.9 34.8 42.5 51.7 59.8 68.2 78.2 91.2 102 105.6 106.5 109.7 115.6 122.1 125.4 130.4 136.7 142 152 167.5 177.6 183.4 188.8 193.1 196.9 201.2
-0.8 -0.8 -0.8 -0.8 -0.8 -0.8 -0.8 -0.8 -0.8 -0.8 -0.8 -0.8 -0.8 -0.8 -0.8 -0.8 -0.8 -0.8 -0.8 -0.8 2.5 25 44.4 50.9 51.9 45.5 36.8 35.5 36.5 40.8 40.6 38.9 39.4 40 40.3 43.1 46.7 49.5 50.4 49.8 51.1 50.6 49.3 50.4 57 61.2 61.7 61.6 56.9 58.3 54.5 46.2 36.2 31.1 28.8 30.9 38.9 48.3 56.5 65.1 72.7 84.1 97.1 104.6 108.4 111.6 114.3 117.4 123.5 127.9 133.7 140.4 146.7 154.9 171.7 185.1 190.7 195.5 198.8 200.4 205.7
-0.8 -0.8 -0.8 -0.8 -0.8 -0.8 -0.8 -0.8 -0.8 -0.8 -0.8 -0.8 -0.8 -0.8 -0.8 -0.8 -0.8 -0.8 -0.8 -0.8 15.2 42.1 55.8 64.2 68.3 58.5 48.7 41.8 41.6 41.1 41.1 38.7 39.2 39.9 41.1 41.4 44.7 49.2 50.9 47.9 45.3 47 49.7 52.8 58.5 61.2 61.8 59.8 49.5 51.2 47.3 39.2 30.7 20 26.7 34.8 44.6 54.5 60.2 68.1 75.7 88.8 99 106.2 109.2 117 119.3 122.1 125.6 130.9 136.9 144 151.1 159.4 172.3 191.6 196 201.1 204.4 206.6 208.2
-0.8 -0.8 -0.8 -0.8 -0.8 -0.8 -0.8 -0.8 -0.8 -0.8 -0.8 -0.8 -0.8 -0.8 -0.8 -0.8 -0.8 -0.8 -0.8 -0.8 26.3 52.8 63.1 72.7 73.8 68.5 63.7 50.2 47.1 43.8 40.4 38.4 38.1 38.9 39.7 39.7 42.9 45 44.7 41.1 38.9 39.8 48.8 53.1 56.6 58.7 57.9 51.1 42.6 45.2 40.5 28.7 18.7 21.5 32.1 40.7 51.2 57.8 63.5 71 79 90.3 101.6 108.9 118 121.1 120.1 123.5 127.2 133 139.9 146.6 154.3 163.9 177 192.5 197.2 202 209.7 210.2 210.1
-0.8 -0.8 -0.8 -0.8 -0.8 -0.8 -0.8 -0.8 -0.8 -0.8 -0.8 -0.8 -0.8 -0.8 -0.8 -0.8 -0.8 -0.8 -0.8 6 37.3 58.6 68.8 80.6 78.7 74.5 71.8 65.7 56 46 41.5 37.6 35.8 36.7 37.4 38.2 40.6 40.6 38.6 34.5 33.2 37.4 44 49.3 50.9 51.9 51.2 44.7 38.9 38.4 29.9 20.3 18.3 28.9 35.7 45.1 54.1 60.1 66.1 73.4 81.1 89.8 100.6 109.7 117.5 120.1 120.4 124.1 128.1 133.7 141.4 149.1 158.2 167.9 178.7 188.8 195.6 203.8 211 211.1 211.1
-0.8 -0.8 -0.8 -0.8 -0.8 -0.8 -0.8 -0.8 -0.8 -0.8 -0.8 -0.8 -0.8 -0.8 -0.8 -0.8 -0.8 -0.8 -0.8 14 43.7 62.3 73.4 81.9 79.7 79.6 77.7 75.7 66.9 49.5 41.8 36.7 33.8 33 34.7 36.6 38.4 38.6 34.6 29.9 30.4 38.6 41.4 44.4 45.4 46.5 45.9 40.2 32.7 29.9 19.7 18.9 27 33.3 38.9 49.3 56.2 62.3 68.5 74.8 82 89.8 98.5 109.1 114.4 117.6 120.2 123.1 128.3 133.9 142.7 152.7 161.8 171.2 180.4 189 195.2 202.2 209.3 211.1 211.1
-0.8 -0.8 -0.8 -0.8 -0.8 -0.8 -0.8 -0.8 -0.8 -0.8 -0.8 -0.8 -0.8 -0.8 -0.8 -0.8 -0.8 -0.8 -0.8 20.9 47.8 60.8 73.7 79.8 77.8 79 79.6 80.5 68.5 51.3 41.6 37.6 32.4 30.4 31.6 33.5 34.4 32.9 30.3 28.8 34 39.5 41.1 41.2 40.7 41.6 42.3 38 25.7 18.8 18 20.5 32.9 37.5 42.9 51 57.3 63.8 69.4 74.5 81.2 87.9 96.4 104.6 110.8 114.8 117.7 122.1 128.5 136.4 146.8 157.2 165.4 172.7 181.2 189.7 195.1 200.5 206.9 209.8 209.6
-0.8 -0.8 -0.8 -0.8 -0.8 -0.8 -0.8 -0.8 -0.8 -0.8 -0.8 -0.8 -0.8 -0.8 -0.8 -0.8 -0.8 -0.8 -0.8 27.8 47.3 61.5 70.5 71.9 70.3 75.1 79.7 80.5 65.2 51.6 44.5 39.9 31 30.3 30.8 30.9 31.2 28.7 27.1 28.8 36.2 46.8 43.6 40.6 37 36.6 37.5 30.2 19.6 18.3 18.2 32.1 38.1 43.2 49.7 53.5 58.3 65.1 70.3 75.2 81 86.8 96.3 104.3 109.6 114.2 117.2 123.3 129.8 139.3 151.4 161.9 172 177.7 183.3 189.8 196.1 200.8 206.8 208.9 208.7
-0.8 -0.8 -0.8 -0.8 -0.8 -0.8 -0.8 -0.8 -0.8 -0.8 -0.8 -0.8 -0.8 -0.8 -0.8 -0.8 -0.8 -0.8 2 29.5 45.3 59.8 66 68.1 67.5 70.9 71.3 71.5 59.4 47.4 43.2 38.8 32.5 29 29 28.5 27.1 23.1 22.2 26.5 42.8 50.5 44 35.7 32.7 31.1 29.9 24 18.3 17.8 21.6 31.9 39.8 48.6 53.4 56.7 60.1 64.4 69.5 74.3 79.6 86.4 95 102.7 108.5 113.4 116.5 122.4 130.6 141.7 154.6 167.9 177.7 184.4 190 199.2 201.6 204.8 209.2 208.1 208.1
-0.8 -0.8 -0.8 -0.8 -0.8 -0.8 -0.8 -0.8 -0.8 -0.8 -0.8 -0.8 -0.8 -0.8 -0.8 -0.8 -0.8 -0.8 3.2 25.9 42.2 54.3 61.5 60.5 60.2 71.1 64.8 60.5 50.2 42.6 40.6 35.8 31.8 28.9 26.4 24.1 22.4 19.6 20.8 28.1 42.9 48.9 40.5 31.1 30.7 26.3 22.3 18.6 18.3 18.9 24 31.2 40.9 50.9 55.6 59.5 62.6 65.8 69 73.6 79.1 86.3 94.1 100.2 106 111.6 115.7 122.1 131.8 143.6 157.6 175.8 185.7 190.8 196.2 203.3 208.7 209.3 209.1 208.5 208.7
-0.8 -0.8 -0.8 -0.8 -0.8 -0.8 -0.8 -0.8 -0.8 -0.8 -0.8 -0.8 -0.8 -0.8 -0.8 -0.8 -0.8 -0.8 4.5 26.4 38.5 51.6 59.2 52.3 57.7 62.4 54.3 49.9 40.3 37 35.7 32.4 27.1 23.7 22.7 20.4 19.2 18.6 20.2 29.1 41.2 45.7 34.6 27 24 19.9 18.6 18.1 19.7 21.9 26.4 34.7 42.4 49.9 54.7 60.1 63.5 66.9 70.3 73.3 78.7 84.7 92.2 98.8 104.1 110.1 114.4 121.1 132 144.4 163.9 178.2 185.1 189.3 196 202.4 209.9 211.1 209 208.6 211.2
-0.8 -0.8 -0.8 -0.8 -0.8 -0.8 -0.8 -0.8 -0.8 -0.8 -0.8 -0.8 -0.8 -0.8 -0.8 -0.8 -0.8 -0.8 4.2 26 35.8 45.9 47.7 45.2 51.2 52 46.5 41.5 34.5 33.3 33.2 30.1 23.6 18.9 19.8 20 18.5 17.9 18.6 24.9 42.2 37.3 28.3 22.1 18.3 17.9 17.8 18.2 21.6 27.1 30.4 37.3 43.6 50.3 55.8 61 63.5 65.9 68.2 72.2 78.1 84.4 90.9 97.6 102.6 107 110.5 120.2 131.1 145.1 164.5 178.5 181.9 184.7 192.6 204.5 211.1 211.1 209.1 209 212.7
-0.8 -0.8 -0.8 -0.8 -0.8 -0.8 -0.8 -0.8 -0.8 -0.8 -0.8 -0.8 -0.8 -0.8 -0.8 -0.8 -0.8 -0.8 -0.8 20 29.4 37.6 40.6 39 41.6 40.7 40.1 32.4 27.8 29.2 30.3 27.1 20.7 18.5 16.7 16.7 16.6 15.3 16.4 21.3 28.8 24.3 22.2 17.6 15.5 17.7 18 20.8 29.1 31.7 36.8 42.9 46.9 52.3 57.5 61 63.9 65.1 66.8 70.6 78.1 83.9 89.9 95.9 101.1 104.9 110.1 119.4 130.1 145.9 163.1 173.1 177.1 178.9 191.2 203.4 210.1 208.6 204.3 209.1 211.1
-0.8 -0.8 -0.8 -0.8 -0.8 -0.8 -0.8 -0.8 -0.8 -0.8 -0.8 -0.8 -0.8 -0.8 -0.8 -0.8 -0.8 -0.8 -0.8 12.7 25.1 31.1 33.2 30 32.6 35.4 32.8 24.5 21.3 23.2 24.4 23.6 20.7 11.7 11.5 12.1 12 11.9 13.9 18 22.6 21.7 17 12.5 11.1 16.5 20.1 26.5 31.1 35 44.9 50.7 49 58.9 61.2 62.1 63.9 65.1 66.9 70.3 77.7 83.6 88.4 93.3 98.7 103.4 107 117.4 131 146.8 160.3 166.9 169.5 173.8 186.2 195.8 203.3 200.1 198.8 206.6 211.3
-0.8 -0.8 -0.8 -0.8 -0.8 -0.8 -0.8 -0.8 -0.8 -0.8 -0.8 -0.8 -0.8 -0.8 -0.8 -0.8 -0.8 -0.8 -0.8 6.4 21.1 27.9 27.2 23 25.4 26.5 22.8 15.3 14.1 18.4 21.3 20.7 10.7 8.6 8.6 9.1 10.1 8.9 12 15.4 15.2 10.8 9.3 9.9 10.5 17.9 23.4 29.5 29 32.1 49.5 51 51.5 60.5 61.1 61.9 63.2 64.6 66.3 71.9 76.6 82.4 86.6 91 98.3 100.5 104.3 115.5 131.5 147.8 155.7 160.3 162.7 168.8 177.7 186.5 193.2 193.1 192.9 202 210
-0.8 -0.8 -0.8 -0.8 -0.8 -0.8 -0.8 -0.8 -0.8 -0.8 -0.8 -0.8 -0.8 -0.8 -0.8 -0.8 -0.8 -0.8 -0.8 3.4 13.2 23.3 20.2 13 18.7 19.4 11.7 8.3 8.6 14.3 19.9 12.6 9.2 8.3 7.9 7.9 8.1 8.5 9.7 10.8 11.6 8.6 8.1 9 12.8 18.7 27.5 31.7 34.7 38.7 43.2 50.5 50.9 58.3 61.3 62.3 63.3 64.5 66 69.1 73.8 79.1 84.3 89.3 93.8 99.2 104.9 115.9 132.5 144.3 150.1 151.5 154 161 169.7 180 183.8 183 188.6 199.7 204.9
-0.8 -0.8 -0.8 -0.8 -0.8 -0.8 -0.8 -0.8 -0.8 -0.8 -0.8 -0.8 -0.8 -0.8 -0.8 -0.8 -0.8 -0.8 -0.8 -0.8 10.3 11.1 5.4 6.3 11.6 10 5.4 5 6.6 8.7 10.2 7.9 7.9 7.9 7.9 7.9 7.8 7.9 8.1 8.4 8.7 8.7 8.6 11.4 15.3 21.2 30.3 34.1 36.6 40.6 47.9 48.9 50.9 57 60.8 62 63.5 65 66.8 68.3 70.7 75.7 79.7 84.9 89.8 96.7 102.5 117.8 131.1 141.7 144.2 145.6 150.6 154 160.8 171 174.3 173.5 191.3 196.3 196.7
-0.8 -0.8 -0.8 -0.8 -0.8 -0.8 -0.8 -0.8 -0.8 -0.8 -0.8 -0.8 -0.8 -0.8 -0.8 -0.8 -0.8 -0.8 -0.8 -0.8 3.8 3 1.8 2.7 10.1 4.4 2.4 2.5 4.3 6.5 7.2 4.9 3 7.9 7.9 7.9 7.9 7.9 8 8 8.4 9 9.3 13.7 18.2 26 32.1 35.3 37.7 46.3 50.7 50.3 53.3 58.7 61 63.1 64.6 66.6 68.7 69.2 70.8 75 78.7 81.3 86.7 92.8 103.2 116.1 129.8 141.1 140.2 139.7 144.6 145.8 151.3 159.9 163 161.1 181.8 188.1 188.8
-0.8 -0.8 -0.8 -0.8 -0.8 -0.8 -0.8 -0.8 -0.8 -0.8 -0.8 -0.8 -0.8 -0.8 -0.8 -0.8 -0.8 -0.8 -0.8 -0.8 -0.8 0.4 0.3 0.8 1.6 -0.8 -0.8 1.6 2.9 4.2 4.2 2.4 1.2 1.1 7.9 7.8 7.9 7.9 8.1 8 8.3 9.5 10.3 13.9 18.6 25.5 32.3 37 39.7 49.9 51.4 52.8 55.5 60.1 60.5 62.8 65.8 68.1 70.3 71.6 73.5 77.3 79.9 84.4 90.8 88.9 100 115.3 128.9 134.7 135.8 136.7 139.1 138.6 141.7 150.9 152 159.4 177.7 181.5 179.8
-0.8 -0.8 -0.8 -0.8 -0.8 -0.8 -0.8 -0.8 -0.8 -0.8 -0.8 -0.8 -0.8 -0.8 -0.8 -0.8 -0.8 -0.8 -0.8 -0.8 -0.8 -0.8 -0.8 -0.8 -0.8 -0.8 -0.8 1.4 1.8 2.4 2.3 1.3 1.1 1.1 1.1 7.9 7.9 7.9 8.4 8.5 8.6 8.9 9.6 14 18.5 25.1 32.7 39.4 43.8 49.3 52.8 54.4 56.9 59.5 59.2 62.6 66.8 70.1 71 73.6 76.6 80.5 80.5 84.7 89.8 95.3 102.8 117 127.9 130.5 129.9 131.6 133.3 131.6 133.4 141.7 141.2 155.9 169.5 178.7 176.5
-0.8 -0.8 -0.8 -0.8 -0.8 -0.8 -0.8 -0.8 -0.8 -0.8 -0.8 -0.8 -0.8 -0.8 -0.8 -0.8 -0.8 -0.8 -0.8 -0.8 -0.8 -0.8 -0.8 -0.8 -0.8 -0.8 -0.8 -0.8 -0.8 -0.8 1.9 1.3 1.2 1.1 1.1 3.8 7.9 7.9 8.5 9.4 10.6 11.5 12.9 16.1 18.9 25.3 31.9 38.4 43.2 48.1 51 50.5 52.9 56.4 59.7 64.7 69.3 70.1 72.2 74.4 78 84.1 86.6 88.4 89.7 98.2 107.6 122.5 131.4 130.4 128.9 128.9 129.6 129.6 129.6 131.1 135.5 153.3 163.1 171 168.2
-0.8 -0.8 -0.8 -0.8 -0.8 -0.8 -0.8 -0.8 -0.8 -0.8 -0.8 -0.8 -0.8 -0.8 -0.8 -0.8 -0.8 -0.8 -0.8 -0.8 -0.8 -0.8 -0.8 -0.8 -0.8 -0.8 -0.8 -0.8 -0.8 -0.8 -0.8 1.5 1.4 1.4 1.8 4.4 8.3 12.5 16.1 18.7 18.7 17.6 17 21 25.4 28.3 29.5 36.4 40.3 44.3 49.6 49.5 51.3 55.7 59.5 69.5 71.7 72.3 74 76.1 79.1 90.5 91.7 94.1 96.9 99.3 106.5 124.8 136.4 135.6 128.9 129.4 129.6 129.6 129.6 129.6 129.8 147.3 155.1 160.9 160.8
-0.8 -0.8 -0.8 -0.8 -0.8 -0.8 -0.8 -0.8 -0.8 -0.8 -0.8 -0.8 -0.8 -0.8 -0.8 -0.8 -0.8 -0.8 -0.8 -0.8 -0.8 -0.8 -0.8 -0.8 -0.8 -0.8 -0.8 2 2.1 2.1 -0.8 1.8 2.1 2.8 4.1 6.7 13.6 24.3 27.5 25.4 24.4 22.5 22.9 28.6 32.8 33.6 33.9 38.5 39.7 44 48.2 48.8 51.6 57.2 63 70.9 73.3 74.6 77 81 85.8 93.7 96.4 98 101 99.2 104.3 118.5 133 133.3 129.6 129.6 129.6 129.6 129.6 129.6 129.6 134.9 145.8 151.9 150.8
-0.8 -0.8 -0.8 -0.8 -0.8 -0.8 -0.8 -0.8 -0.8 -0.8 -0.8 -0.8 -0.8 -0.8 -0.8 -0.8 -0.8 -0.8 -0.8 -0.8 -0.8 -0.8 -0.8 -0.8 -0.8 -0.8 -0.8 2 2.1 1.7 1.5 2 2.8 4.9 8.3 11 24.1 30.9 31.8 31.2 30.7 31.6 33.5 38.3 42.2 44.3 39.2 40 43 47.4 48.7 49.6 54.9 60.8 68.9 72.9 75.3 77.5 81.5 88.5 91.1 98.8 102 101.6 102.8 102.2 104.1 114.6 127.7 130.5 129.6 129.6 129.6 129.6 129.6 129.6 129.6 129.6 133.3 138.8 140.1
