data/NS02.asc
ncols 200
nrows 200
xllcorner 200000
yllcorner 620000
cellsize 50
[rows 72 to 107 of 200, columns 0 to 81 of 200]
386.5 383.5 387.8 397.1 399.9 401.3 390.4 375.1 359 346.4 331.6 325.2 319 310.4 306.5 302.2 296.9 294.8 294.1 292.8 290.8 288.4 285.8 283.3 280.7 277.7 275.2 272.3 270.1 265.9 261.1 252.3 253 251.1 247.5 252 263.1 272.2 283.8 290.9 296.2 299.1 299.6 300.1 300.4 299.8 298.6 297.2 295.7 294.8 293.6 290.4 286.8 283 278.3 273.4 268.8 268.2 266.2 264.8 263.2 260.3 248.6 228.4 221.7 209.6 191.7 171.4 162 152 143.1 138.6 135.1 137.2 132.1 123.6 113 102.8 97.5 90 85.8 78.8
372.5 370.6 374.9 383.1 386.7 388.2 382.4 370.4 355.8 336.8 320.9 313.8 309.8 304.7 300.8 296.8 294.1 290.6 290 288.5 286 283.3 281 278.7 276.5 274.7 271.7 268.9 265.9 262.5 258.2 250.6 251.1 248.9 246.2 250.1 261.6 272.1 281.7 288.3 292.8 294.5 296 296.6 297.1 297.3 297.1 295.5 293.8 294 293.3 292 288.3 283.6 279.5 275.6 270 265 261.2 260.2 259.3 257.6 250 232.7 217.7 209.4 191.9 172.4 160 149.8 143.2 137 134.2 135.2 129.4 120.7 111 100.8 94.6 89.4 84.7 78.2
352.6 353.2 357.5 361.6 367.1 370.8 371 361.3 341.5 321.5 309.3 305.1 301.6 299 297.7 294.4 290.4 286.5 285.9 284.1 281.2 278.4 275.9 274.2 272.7 270.2 266.6 265.1 263 259.9 255.1 249.5 249.4 246.6 243.3 248.4 260 270.8 279.3 285.2 287.8 289.5 291.2 292.8 293.6 294.5 296 293.4 291.8 292.6 292.9 292.8 287.7 283.2 278.9 275 270.7 264.1 259.2 255.7 254.8 254.4 247 229.7 214.9 203.9 187.7 167.7 157.7 146.7 140.9 136.1 134.2 132.6 125 117.4 108.6 99.1 93.4 88.1 82.8 76.3
332.2 333.7 338.8 343.8 348.4 354.1 356.1 347.1 322.8 304.6 300.1 297.9 296.6 295 292.8 290.5 288 282.5 281.7 279.3 276.4 273.6 272.1 270 268.6 265.8 259.9 259.9 259.1 257.5 254.2 249.7 239.3 241.3 241.7 248.2 258.7 269.4 276.5 281.3 283.1 284.7 286.4 288.1 290.2 294.2 294.5 291.9 289.8 290.1 291.3 292 287 282.8 277.6 273.8 269.4 263.7 259.6 256.7 250.5 251.6 243 223.4 212.3 200.4 182.9 163.6 152.6 143.3 137.8 133 129.7 128.2 120.1 112.6 104.4 98.2 92.3 87 80.4 73.3
317 320.4 324.8 330.1 332.2 334.3 335.3 319.8 302.2 296.8 295.1 293.1 292 290.8 289.1 286.8 284.7 279.4 277.4 274.4 271.8 269.6 268.4 267.2 264.9 262.6 256.5 254.8 254.8 254.8 252.9 248.8 239 238.2 238.8 246.7 257 265.5 272.2 276.3 278.6 280.3 281.6 282.8 286.8 291.6 291.4 289.6 288.1 287.8 289.4 288.9 283.3 277.6 274.2 270.9 267.4 263.1 259.3 256.6 248.4 247 234.6 219.6 209.9 196.6 176.5 158.5 150.6 139.8 135.2 132.5 130.6 125.8 117.1 107.4 102.3 97 90.8 84.2 77.4 70.7
306.3 310.4 314.8 319.1 321.7 317 309.8 299 293.6 293.2 291.7 289.3 287.3 286.2 284.9 283.4 281.4 277.1 273.3 270 267.4 266 264.7 263.5 262.3 260.7 255.8 250 250.3 250.6 248.7 246.2 240.2 225.4 237.6 246 253.6 261.5 266.9 271.1 274.8 276.1 276 279.3 283.6 287 287.4 287.6 286.1 284.7 285.6 282.8 278.3 274.3 271.3 268.1 264.4 261.1 257.5 255.2 243.8 237 226.7 214.8 204.4 189.8 174.1 155.4 145.4 137.6 132.9 130.6 128.6 123.9 119.4 102.3 95.3 94.9 88.4 81.2 74.3 67.7
298.2 301.7 305.9 309.7 309.9 305.4 299.5 291.5 288.8 288.6 287.3 285.1 282.8 281.5 281.3 280.1 278.2 275.2 270.6 266.6 263.6 262.3 261.1 259.8 258.6 257.5 254.2 250.6 246.6 245.8 244.1 243.5 239.4 225.7 238.7 244.8 251.1 256.5 261.8 267.1 270.4 271.5 272.9 277.2 280.3 283.4 285.5 286.6 284.9 283.1 281.3 280.1 275.3 271.3 267.9 265 262.4 259.5 254.3 248.5 238.7 222.9 216.8 207.5 198.3 184.6 170.3 152.4 139.2 133.3 131.3 129 126.6 123.1 117.6 104.4 90.3 91.3 85.8 79.4 71.3 65.8
293.2 296 298.8 301.2 300.5 296.4 290.4 284.7 284.1 283.4 282.6 280.8 277.6 277.9 280 277.3 275.2 273.4 269.3 265.6 261.4 258.6 257.7 257.1 256.6 255.7 254.2 252 248.6 243.5 242.5 242.6 237.2 224.8 237.5 242.2 247.3 252.3 257.4 262.6 265.7 266.5 270.1 273.6 276.4 279.3 283.5 285.6 284 282.7 280.4 277.8 276.6 270.6 264.3 260.3 259.2 256.6 249.6 238.2 232.3 218.2 200.7 191.8 186.6 178.4 164.4 145.7 134.7 130.5 128.5 126.1 123.9 121.5 115.9 105.1 88.1 87.3 82.6 76.4 69.5 64.3
289.2 291.1 292.2 293.1 291.5 287.3 281.3 279.2 278.6 277.9 277.2 275 271.4 273.2 275.8 274.1 272.2 270.4 268.1 264.6 260.1 256 255.2 254.6 254.1 254 253 251 250.6 246.3 239.5 237.8 234.3 220.8 233 239.1 243.9 248.2 253.2 257.8 260.5 264 266.6 270.1 272.6 277.2 282.6 283.7 283.3 283.1 282.3 276.1 273.1 268 263.4 256.5 252.7 250.7 240 229.3 221.7 210.3 198.4 186.1 172.9 169.8 156.9 139.5 131.5 127.9 125.8 123.3 120.9 118.1 112.6 101.3 84.1 81.5 78 71.8 65.9 61.9
286 286.5 286 286.6 283.3 278.1 274.4 273.4 272.7 272.2 271.7 268.5 266.9 269.6 271.6 270.4 268.8 267.2 265.6 264.3 259.7 254.2 252.5 252.1 251.7 251.3 251.6 250.4 249.8 247 242.1 235.6 233.2 220 226.9 236.1 241.9 246.4 250.7 254.7 257 261.5 264.1 266.7 269.8 276 280 282.1 282.3 281.6 279.9 276.6 264.7 266.9 261.8 258.7 247.9 240.8 229.3 223 213.3 201.2 192.1 182 171.4 153.1 149.5 133.3 129.1 125.9 123 120.5 117.4 112.6 106.2 96.2 84.9 76.4 69.9 69.5 66.2 60.9
281.1 280.8 280.4 280 274.7 270.1 271 269.2 267.4 266 265.2 262.2 263.2 265.9 268 266.2 264.5 262.7 261.6 261.3 258.3 252.5 248.4 248.9 249.1 248.8 249.3 249.2 248.3 246.3 242.7 236.4 232.5 224.4 219.7 232.8 238.3 243.5 248.2 252.4 255.1 258.7 261.2 263.6 268.5 273.8 277.8 280 280.4 279.1 277.1 273.9 269.7 260.4 258.8 256 238.2 229 220.6 215.8 203.9 194.6 184.9 175.3 167.6 159.2 143.4 125.1 125.1 122.5 119.6 116.2 114 109.2 101.9 91.3 84.2 77.1 68.9 68.2 66.1 60.5
273.2 274.4 273.7 269.9 264.2 263.7 264.8 265.3 263.6 261.8 258.9 256.9 259.6 262.4 264.3 261.5 259.8 258.8 258.5 258.1 253.4 250.4 245.4 244.6 245.7 246.8 247.2 247.4 245.8 244.1 241.8 236.5 230.1 227.4 214.7 229.1 235 240.2 245.7 250.3 253 256.1 257.8 261.9 268.1 271.8 276 278.2 278.1 276.5 274.3 271.3 268 261.2 245.4 237.8 226.7 219.4 214.8 206.3 195.2 188.1 178.2 169.1 163.8 156.3 141.4 126 116.2 119 116.4 112.4 108.2 104 95.6 86.3 79.2 73.2 64.6 66.4 63.4 59.6
266.5 267.3 264.8 260.7 256.9 258.1 258.9 259.5 259.7 257.4 253.5 252.6 254.5 256.6 257.2 256.7 255.8 255.8 255.7 255.5 252.3 248.7 244.6 240.7 244 244.7 245 244.8 243.5 241.7 240 235.5 229.3 223.4 223 222.1 232 236.8 243.6 247.6 250.3 252.7 255 261.6 265.5 270.3 275 275 274.6 272.3 270.7 268.5 265.2 258.8 232.6 225.4 217.4 210.8 205.6 192.4 187.5 180.6 171.4 163.9 157.2 152.6 137.6 121.8 113.7 114.1 112.9 109.4 104.4 98.7 89.9 80.6 74.2 67.5 62.1 65.5 60.6 58.5
262.7 259.1 256.3 253 251.8 252.7 253.4 254.2 255 251.8 248 248.7 250.3 252 252.4 252 252.2 252 251.8 251.6 251.8 249.2 244.3 239.4 240.2 242.2 242.5 241.9 240.9 239.5 237.3 233.9 229.4 220.1 218.9 217 229.5 234.4 240.5 243.8 246.4 248.3 254.2 258.6 263 268.6 271.7 272.2 270.7 268.2 266 263.8 260.2 253.3 230.3 216.6 201.2 204.6 198.1 186.4 179.5 172.4 165.5 158.8 152.6 145.7 130.3 115.4 109.3 109 109.1 106.4 101.7 94 86 80.3 68.1 63.6 60.6 61 57.2 55.8
257.1 248.6 248.3 246.7 248.2 249.2 250 249.9 250 247.9 244.4 245.2 246.5 247.1 247.6 247.8 248.1 248 247.8 248.6 250.9 248.4 243.5 239.7 237.2 238.7 240 239 238 237 234.6 231.4 226.9 222.1 208.5 217.3 227.7 232.5 236.7 240.2 242.5 246.8 251.7 256.4 261.6 265.1 268.1 268.8 268.1 264.2 260.7 258.2 252 238.6 220.2 209.1 194.3 196 189.9 178.5 171.3 165.3 159.3 152.9 148.4 139.4 122.5 108.6 104.5 106.4 106.1 103.8 97.9 90.4 83.8 79.5 65.4 52.4 56.9 54.6 51 53
247.6 243.3 241.9 243.4 245 245.9 246.8 247 246.6 246.1 242 242.1 243.1 243.4 243.9 244.2 244.5 245.4 246.3 247.5 250.1 247.6 243.7 240.6 236 236.6 237.5 236.7 235.7 234.2 231.8 229 224.6 219.7 205.9 221.6 225.3 229.8 233.7 236.2 239.6 246 249.3 254.2 258.7 261.6 263.9 265.2 264.4 260.8 257.2 250.8 242.8 230.3 215.1 201.6 188.4 186.3 181.6 170.8 166.5 159.3 151.4 148.1 142.9 133.7 114.4 102.8 100.4 103.5 102.8 99.5 93.6 86.5 79.5 75.1 60.3 55.4 46.6 47.8 46.5 50.4
239.6 236.2 236.5 240.3 241.7 242.6 243.5 244.7 243.2 242.8 239.3 238.7 239.6 240.2 241.4 242 244.4 244.8 245.3 247.2 248.3 247.9 244.4 241.4 236.7 234.5 235 234.4 233.4 230.7 229 226.8 223.1 218 206.6 219.5 223.2 226.9 229.5 233.6 239.4 244.1 247.3 251.5 255.1 257.2 259.3 261.4 260.4 260.9 252.1 245.2 237.2 226.1 210.8 198.2 182.3 174.5 171 164.6 160.2 154.8 148 140.4 137.7 129 108.9 96.4 95.6 99.9 98.9 93.5 87 79.2 72.2 65.5 54.4 49.7 41.4 42.9 45 47.3
231.9 229.8 230.2 234.6 237.8 239.3 240.3 242.2 241.9 239.3 236.9 236.1 236.7 237.3 238.3 241.3 244.6 245.5 247.4 249.5 248.8 247.4 245.5 242.1 237.4 232.7 232.5 232 230.4 227.5 225.5 223.5 220.7 215.9 207.1 216.9 219.7 222.8 225.3 232.7 238.1 241.2 245.2 249.3 251.1 253.1 255 256.9 260.2 261.2 259.6 242.4 233.1 220.1 199.7 185 174.1 163.7 160.2 157.8 153.7 148.2 143.5 137.5 130.2 122.3 102.2 89.8 87.5 92.3 89.7 84.5 77.6 71.4 66.2 54.9 49.8 43.7 36.9 41 44 46.4
225.5 224.6 226 229.5 232.1 235.3 237 239.8 239.4 238.4 233.6 233.9 236.1 237.1 237.8 241 245.3 248.9 250.8 250.9 249.8 247.3 246.4 243.8 238.7 235.5 233.7 232.7 230.1 227.2 222.9 220.7 217.6 209.8 198.4 212.8 216.5 218.3 224.4 231 234.5 238.9 243.3 244.9 246.7 248.6 250.5 252.5 254.8 255.4 250.8 242.2 228.7 214.3 193.3 174.8 165.8 157.3 151.2 150.2 148.7 143.5 137.5 132 125.6 108.9 90.3 80 69.2 81.3 81 75.9 69.9 64.7 58.7 49.4 45.3 41.5 36.9 35.4 40.7 44.3
219 219.2 223.3 225.9 228.5 231.1 233.6 234.1 234 234 233.2 235.3 236.4 237.5 239.1 241.9 246.8 251 253.8 252.1 249.3 247.4 246.2 245.3 241.4 238.3 236.8 235.7 233.1 229 224.7 218.9 216.1 207.8 195 203.6 210 214.7 221.8 226.8 231 236.5 238.9 240.6 242.3 244.1 246.1 248 248.6 246.9 241 231.3 214.9 203.1 180 161.8 156.7 150.5 144.9 141.4 142 137.9 131 125 113.8 94.9 88.5 79.6 59.6 69.7 72.5 67.7 63 58.3 51.3 45.4 43.3 42.1 39.8 33.1 34.8 41.3
211.2 215 219.7 222.5 224.9 227.5 229.9 230.3 229.8 225.7 234.3 235.8 237.1 238.6 239.6 242.9 247.3 250.6 251.7 250.6 249.5 247.5 245.7 245 243.6 240.7 240.2 239.8 237.4 233.4 228.7 222.8 216.7 209.7 203.5 191.8 197.3 207.6 218 221.6 227.4 231.4 234.4 236.2 237.9 239.6 241.2 241.6 240.3 237.9 231.3 219.8 201.2 175.9 163.8 151.8 145.1 140.8 138.3 136 129.3 130.7 123 110.1 99.7 87.9 82.6 76.3 62.5 57.7 64.9 60.2 55.1 50.4 44.7 42.3 42.2 44.9 44.7 39.3 24.6 34.6
203.4 212.1 215.6 218.8 221.6 224 224.6 224.2 219.1 229.1 234 237.2 238.3 239.3 240.3 241.2 245.6 250.1 250.4 251.7 253.6 247.2 245.2 244.6 244.4 244.1 243.7 243.2 242 238.5 233.4 227.1 219.7 212.4 206.1 202.5 188 208.4 212.1 217.6 222.3 226 227.9 229.7 231.8 234.1 235.1 234.1 229.4 225.5 221 207.3 185.5 160.9 152.7 144.7 137.5 134.5 132.1 131 124 117.7 107.8 100.5 91.7 80.8 69.7 73.1 65.4 48.5 55.8 55.1 49 43.4 39 38.7 45.1 47.8 45.1 30 14.4 21.2
205.7 207.6 210.6 214 217.1 217.3 216.9 214.9 222.5 229.8 233.5 237.3 239.4 238.9 237.9 239.4 243 247.1 249.7 251.1 258.6 252.7 245.8 245.6 247.2 248.7 249.1 248.9 246.8 243.5 238.1 231.1 223.4 216.8 212 206.1 187.2 198.3 205 213.9 217.4 220.1 221.6 223.4 226 227.7 227.2 224.6 218.4 212 205.4 193.4 174.5 151.9 144.6 137.6 131.1 127.2 125.8 122.6 114.1 104.2 90.7 93.9 88.6 76.9 64.7 61.8 61.7 43.3 44.8 44.8 42.9 35.7 28.2 27.5 32.3 31.4 30.6 20 12.4 11.4
203 205.3 206 211.4 212.8 212.1 207.7 218.9 224.5 228.8 232.8 235.1 237.4 239.1 235.3 237.7 240.5 244 246.5 249 254.3 255.1 250.8 252.4 254.9 254.9 254.8 254.5 253.2 250.7 242.9 232.5 227.8 223.8 218.8 212.7 203.1 192.6 191.7 211.1 213.8 215.3 215.5 217.8 220 221.2 218.1 214.4 207.7 200.5 191.8 179.5 158.6 142.5 137 131.9 123.7 122.3 116.1 109.6 100.7 90.3 77.2 83.4 86 76.5 59 49.5 53.8 42.1 35.8 33.3 27.9 26.3 22.2 20.2 23.9 24 20.6 15.4 18 18
200.5 203.7 207.3 209.8 210.3 201.8 211.7 218.7 222.8 227.1 230 232.4 234.8 231.6 234.2 236.6 238.9 240.4 243.3 245.9 250 253 254.1 254.2 254.7 257 261.1 260.3 257.1 254.3 250.4 236.3 230.3 228.3 226.4 219.6 214.6 208.7 197.7 197.2 209.1 209.5 209.9 211.8 213.8 211 208 203.6 196.4 188.9 180.4 165.5 141.4 137.2 136.2 133.5 125.6 114.9 111.6 106 95.5 85.6 64.7 60.8 64.8 59.8 48.6 40.9 40.4 34.4 28.7 27.5 25.3 24.1 25.3 23.9 21.3 22.1 24.3 26.2 28.2 28.6
197.2 201.1 204.5 207.8 205.3 202.9 211.9 216.3 220.3 224.5 226 228.5 227.4 229.4 232.7 235.3 236.2 237.1 238.3 240.9 243.4 245.8 248.5 252.2 254.1 257.3 261.1 263.7 259.1 255.8 252.9 244.4 233.3 230.7 229.2 225.6 222.7 217.8 207.5 172.5 202.1 205.8 204.6 204.9 204.9 201.9 197.9 191.3 185.1 178.4 163.4 142.1 136.2 136 138.5 133.8 123 116.1 112.2 101.3 85.6 67.3 51.7 42 40.2 44.8 32.5 34.8 37 38 41 42.2 42.9 40.5 39.1 40.4 37.4 43.9 54.3 57.7 58.5 55
191.9 197.3 201.4 202.3 197 202.5 210.5 214.1 217.8 221 222.3 223.2 223.8 227.8 231 233.5 233.1 234.3 235.5 236.6 239.6 243 246.4 249.7 253 255.3 258 261.5 258.3 255.8 252.8 249 238.3 233.3 231.9 230.1 229.7 223.1 210.1 180.3 181.8 201.5 199.7 198.1 196.3 193.1 186.9 181.3 173.6 160.4 140.7 135.5 135.2 134.8 136.8 129.5 119.6 117.5 109.1 92.4 66.9 58.9 58.8 59 55.6 51.4 48.2 52.2 56.4 61.7 69.5 75.7 77.6 76.9 75.5 74.6 69.5 74.2 81.8 81.6 79.6 75.6
187.7 193.9 196.5 193 193.3 201.3 208.1 212.4 215.4 218.2 219.1 219 221.9 225.8 229.6 229.4 229.4 229.7 231.3 234.5 238.4 241.8 245 248.3 251.3 253.3 255.4 258.4 257.5 255.2 253 248.7 241.5 235.1 233.4 233.5 232.3 226.8 217.3 192.8 163.9 177.1 179 188.8 185.9 181.7 175.8 171.6 159.5 143.8 130.8 131.7 134 132.2 131.9 123.6 114.3 110.4 106 89 78.1 81 82.4 81.7 80.1 76.1 73.6 76.5 80.5 87.6 100.1 105.4 107.9 105.4 101.1 100.5 96.5 92.2 96.5 93.9 93 92.8
186 192.6 187.9 188.8 191.3 198.3 202.1 206 209.7 214.1 216.5 216.2 220 223.8 225.6 225.5 225.3 225 230 233.7 237.3 240.5 243.7 246.9 249.6 251.6 253.5 255.4 256.4 255.1 253.1 250.3 243.7 233.6 233.6 234 234.3 229.5 219.7 207.9 186.7 166.7 162.4 177.3 174.7 169.5 163.8 155.1 141.3 138.2 124 124.1 126.9 123.6 125 116.3 110.9 108.2 103.8 105.9 104.8 102.5 106.5 105.3 102.3 101.3 97.6 102.6 109.5 113.2 119.4 121.3 121.6 118.8 119.5 123.6 112.3 103.1 102 100.1 99 97.2
183.6 184.8 190.7 196.9 200.8 200 199.5 201.1 203.6 210.8 212 214.3 217.3 220.3 220.6 220.9 220.2 223.5 229.7 233.3 236.2 239.2 242.4 245.6 248.2 250.5 252.8 254.1 254.7 254.9 255.2 252 245.3 233.5 233.2 233.4 233.7 228.4 218.9 208.5 195.2 177.4 157.4 159.6 158.4 150 148.5 140.7 136.7 137.6 122.9 118.2 115.6 114.7 112.3 110.8 110.9 113.2 111.9 112.3 112 113.4 115.5 115.4 115.2 113.4 113.3 115.7 120.9 123.4 127.7 129.2 127.3 124 127.5 131.1 126.6 124.2 119.2 113.7 106.4 102.1
182.9 188.8 201.8 205.5 207.9 208.2 208.5 211.3 205.1 206 209.9 213.5 217 216.8 217 216.6 218 224 229.3 232.3 235.1 238 241.2 244.5 247.4 249.9 251.5 252.7 253.7 254.2 255.3 255.5 249.1 235.6 232.2 232 232 224.8 215.6 205.5 197.8 186 167.4 150.4 140.7 134.2 133.5 129.3 128.1 133.8 122.4 116.7 115.2 115.7 116.5 115.4 114.6 117.4 118.3 118.8 120.1 121.6 123.2 123.8 122.8 119.2 120.2 124 128.5 132.2 136.9 136 131 137.4 144.3 149.5 139.8 143.8 143.5 137.5 130.8 121.8
196.2 196.3 205.5 206.3 208.8 211.4 215.8 220.7 219.2 218.7 215.8 213.9 213.9 213.5 214.3 214 219.1 225.8 228.6 231.2 234 236.8 240 243.7 246.4 248.6 249 249.8 251.3 253.5 255.1 256.9 256.7 238.7 231.2 230.5 228.9 222 213.2 206.9 204.6 196.6 181.9 169.5 159.9 151.4 142.7 137.2 129.4 124 127.1 124.6 122 121.9 121.5 119.9 118.8 122.2 125.5 127.9 127.6 128.9 130.8 131.7 130 127 127.5 132.1 136.2 140.8 144 146.4 155.6 161 162.9 162.8 158 171.6 164.6 146.8 141.7 135.7
197.6 200.8 204.3 206.4 208.3 210.3 214.2 219.1 217.5 216.4 214.3 211.3 210.4 210.2 211 213.9 219.8 225.1 227.9 230.4 233 235.7 238.8 242.9 245.1 246.9 247 247.3 248.3 251.4 255.3 256.7 257.5 241.1 231.5 229.4 226.5 222.6 214 211.7 210.9 210.9 197.6 182.1 173.8 167.9 160.9 156.9 148.4 141.9 138.8 140.6 138 132.8 133.8 130.4 129.9 134.7 139.3 144.1 147.8 142.1 144.8 139.7 136.8 136.2 133.1 141.4 147.5 149.9 152.7 158.8 162.6 166.9 168.1 165.5 168.8 180.4 183.1 173.6 149.2 138.8
199.1 200.6 202.8 205.4 207.2 209.1 212.5 215.7 214.1 212.7 210.3 207.5 206.3 206.9 209.7 216.3 219.9 224.4 227.2 229.8 232.3 234.8 237.9 241.8 243.5 245.2 245.2 245.3 246.5 249.5 253.2 256.2 253.4 243.2 231.7 230.3 229.1 225.2 221.7 216.9 216.7 218.7 217.9 191.9 180.9 175.6 173.6 170.7 166 155.5 145.1 158.2 161.1 159.5 158.2 158.8 161.9 166.9 170 169.7 170.6 163.6 160.4 161.7 150.8 153.9 154.2 154.5 156.4 156.8 163 166.5 169.5 171.9 171.3 170.8 177.1 181.9 183.9 190.7 157.5 142.7
196 199.2 200.8 203.6 206.4 208.2 210.2 210.8 209.5 208.1 206.4 203.4 210.7 212.7 215 216.6 220 224.4 226.8 228.4 230.4 232.3 236.7 240 242.1 243.5 243.5 243.6 244.9 247.6 250.9 252.8 244.9 241 233.8 231.6 231.2 227.8 223.6 220.9 222.1 224.7 222.8 210.5 190.9 187.9 186.9 184.9 177.4 168.9 158.3 168.8 175.7 176.1 177.7 182.6 187.5 192.7 197.3 196.7 197.3 189.5 190.2 187.2 161.9 156.6 158.4 158.8 161.5 164.4 170.1 173.6 176.6 177.2 176 175.4 181.7 182.7 184.3 185.7 160.4 148.1
194 196.6 198.9 201.7 204.5 207.5 207.6 207.7 206.1 204.6 202.5 208.8 213.5 215.9 217.9 219.3 221.4 225.6 228.2 229.2 230.2 233 235.7 238.6 240.4 241.5 242.6 242.7 243.2 245.3 248.4 245.9 240.5 237.6 233.9 234 235.9 233 230 229.3 230.1 229.5 226.3 221.5 204.8 204 201.2 195.6 188.9 181.8 174 173.1 182.7 184.8 190.7 195.3 206 203.1 201.8 202.3 203.5 199.1 198.4 181 163.7 160.2 162.8 161.3 165.6 174.1 177.4 180.5 183.2 182.3 185.3 183.3 182.9 184 184.4 178 166.3 153.2
