data/NS21.asc
ncols 200
nrows 200
xllcorner 220000
yllcorner 610000
cellsize 50
[rows 160 to 199 of 200, columns 90 to 179 of 200]
0.8 1.9 6.8 28.8 30.4 32.6 37.7 43.6 51 57.9 64 69.8 73.2 75.6 77.7 77.2 77.4 79.5 83.9 89.6 98.1 105.9 113.2 120.8 127.9 133.9 139.5 143.8 148.5 151.8 154.3 156.4 155.5 158.2 160.9 162.7 164.1 166.6 170.5 173 175.7 178.5 181.6 185.9 189.1 192.3 196.7 202.6 206.3 204.6 205.9 207.4 210.5 212.7 221.9 223.9 223 225.3 230.8 232 231.7 231.3 231.6 230.3 223.9 222.5 224.5 220.7 212.7 211.1 208.8 206.7 205.4 205.5 205.3 203.8 201.3 197.5 193.7 189.5 185.5 181.8 176.6 171.2 165.2 159.7 154.5 151.3 148.2 147.2
1 2.9 10.6 28.8 29.9 33.5 39.2 46.2 53.2 59.5 65.2 69.3 72.3 73.8 74.1 74.1 75.7 80.6 86.2 91.9 98.7 105.6 112.5 118.6 124.8 129.6 134.1 138.1 141 143.4 145.9 147.9 149.3 151.9 152 153.6 155.1 159 162.4 165.6 167.8 170 173.9 177.6 180.3 183 186 188.2 192.9 195.3 198.4 191.5 184.1 205.2 207.6 211.9 213.9 217.4 221.5 226.1 230.7 230 228.8 225.6 224.6 227.5 221.1 214.9 210.1 208.3 206.5 204.9 203.8 203.7 203.4 200.8 198.4 195.7 193.5 188.3 185.3 182 177.3 169.3 163.5 158.3 155.6 150.5 147.4 146
1.1 3.9 10.9 28.9 30.3 34.3 41.6 48.5 55.3 60.7 65.2 68.5 70.7 71.4 73.9 73.7 76.5 81.6 86.9 92.2 98.2 104.2 109.8 115.1 119.6 123.6 127.2 129.7 132.5 134.7 137.1 138.1 140.5 141.5 141.9 143.8 146.1 150.8 154.5 157.6 160.5 162.8 166.1 169.5 171.8 174 175.9 178.5 181.7 185.8 190 179.9 194.2 201.8 206.6 205.9 205.7 208.4 212.3 215 219.7 220.6 222.8 221.4 223.7 227.5 216.3 209.1 206 204.3 202.5 201.8 200.8 199.6 199.8 198.4 197.1 196 193.3 188.3 185.6 181.7 177.3 170.6 163.9 159.5 154.9 149.3 146.3 145.5
1.3 5.9 12.4 29.5 31.1 36.5 43.8 50.5 56.5 60.9 63.6 65 66 67.8 69.1 74.3 77.3 81.8 86.7 92.1 97.6 101.9 106.5 110.7 114 117.6 120.7 122.3 124.5 126.1 127.3 130.4 132.2 134.7 134.3 136.6 139.6 143.5 147.4 150.6 153.3 156.3 159.7 162 164.2 166.5 168.6 170.6 173.1 176.1 178.3 171.1 184 186.5 193.4 194.4 197.5 201.8 205.7 209.8 214.1 216.8 219.3 221.8 222.6 213.7 205.3 201.8 199.3 198 197.3 197.4 197.2 197.1 198.9 198.2 197.7 197.4 196.2 190.7 185.4 181.9 177.3 171.9 164.6 157.5 152.2 148.9 145.4 148.2
1.4 7.3 11.5 28.8 31.2 39.4 46.1 51.6 55.7 58.3 59.9 57.1 60 66.4 70.4 77.7 78.9 83.3 87.6 91.9 95.9 100.1 102.9 106.2 109.4 111.5 114.2 115.4 115.6 115.9 123.9 126.3 126 127.9 129.5 132.4 135.2 137.4 140.6 143.9 146.4 149.7 153.6 156 158.4 160.6 161.8 163.5 165.5 167.4 168.6 162.4 174.4 176 180.8 185.4 190 194.8 198.5 201.2 204.3 206 211.8 215.4 212.1 204.7 198.9 196.1 194.8 194.9 194.3 194 194.4 195.2 196.6 197.9 198.2 196.3 193.4 189.9 185.4 180.5 174.5 168.2 160.4 153.4 147.6 142.4 144.6 143.7
1.6 6.8 10.4 16.5 28.5 40 45.8 47.5 51.9 54.5 46 61.8 65.5 69.2 72.8 76.5 80.7 84.8 88.5 91.3 94.3 96.8 99.7 101.5 103.5 105.9 107.5 108.8 108 111.5 118 119 120.7 122.2 125.6 128.2 130 132.2 134.5 137 139.4 143 146.5 150.1 152.7 154.5 155.8 157.4 159.8 161.5 161.3 161.5 167.2 170 173.9 178.2 182.6 187.5 190.4 192.2 192.5 191.2 192.4 194.9 198.2 198.3 194.6 191.8 191.1 191 191.3 192.2 192.3 193.2 194.7 196.1 195.9 194.6 191.7 187.5 182.7 176.4 170 163.2 155.9 149.9 145.2 141.4 141.3 141.3
2.1 3.8 7.8 8.4 11.9 14.2 15.6 16 39.6 36.2 56.5 63.9 67.7 70.3 73.8 78.2 80.6 85.4 88.6 90.7 92.1 93.1 94.4 96 97.8 100.3 101 102.4 104.8 108.1 112 114.5 116 119.5 121.9 123.7 125.4 127 128.8 130.2 131.6 134.8 138.8 142.2 144.9 147.6 149.7 151.6 153.7 155.4 151 159.4 161.7 163.6 166.2 170.2 174.1 178.1 180.6 180.8 181.7 180.1 181.2 182.1 184.4 186.4 186.6 185.2 185.9 187.6 188.1 189.3 191.1 193 194.8 196.2 195.2 193.4 190.5 186.2 180.5 174.3 166.8 159.4 153.7 148.3 144.1 142.9 141.7 141.3
4.4 9.6 24 31.3 32.9 35.6 40 38.4 19.6 37.6 53.4 64.8 68.8 71.8 75.2 78.6 81.8 84.4 86.8 88.4 89.2 89.5 90.4 91.9 93.7 95.9 98.5 101.2 102.6 106 109.5 111.4 112.2 116.3 117.4 119.8 121.6 122.7 124.4 125.8 125.7 126.9 130.4 133.7 136.9 140.2 142.4 144.7 147.1 149.3 143.3 153.7 154.9 156.9 159.1 161.3 163.7 165.3 166.4 166.9 168.2 170.5 171.1 171.6 172.7 174.2 176.1 177.9 180.4 183 185 187.6 190.5 192.8 194.7 196.4 194.7 192.8 189.2 185.8 179.5 173 165.8 157.2 150.8 148.3 148.3 146.8 146.4 145.8
6.6 15.2 39.7 47.2 47.9 48.5 48.4 46.7 44.7 30.9 44.6 58.9 67.9 70.8 73 75.9 78.7 81.2 83.7 85.5 85.9 86.8 88.7 90.2 92.2 95.1 97.8 99.2 100.6 103.6 105.8 107.5 109.4 112.6 113.7 114 118.7 119.3 120.1 121.4 121.1 122.2 124.1 126.1 128.9 132.1 135.7 138.5 139.5 136.6 141.5 147.9 150.4 152.3 154 155.5 156.9 157 158.3 159.8 161.9 163.9 164.3 165.3 166.7 169 170.1 173.1 175.5 180 182.1 185.2 188.1 190.9 192.3 193.7 193.5 191.2 188.6 186.6 182.1 175.8 168.3 159.9 154.8 152 150.4 149.7 150.3 149.3
6.8 21.9 42.7 44 44.8 44.9 46.7 49.9 49.8 37.9 38.9 52.5 58 63.6 68 69.5 70.1 72.8 78 81.5 84.2 85.4 85.3 87.6 93.1 94.8 93.9 91.3 91.6 94.5 92 100 101.2 106.7 103.7 110.1 116.1 117 118 117 117.1 118.2 119.7 121.5 123.3 125 128.2 130.4 121.7 129.6 141.8 144.1 146.3 148.1 149.6 150.7 151.9 152.9 154.2 156.3 158.2 159.6 159.2 160.5 161.1 161.8 164 165.8 169.8 173.2 176.3 179.5 181.7 185 187.5 188.8 188 186.3 185.6 184.2 182.4 176.8 170.5 163 156.5 154 151.9 152.5 153.2 153.3
8.7 25.8 39.5 42.1 44.1 45.8 48.4 50.7 44.5 33.8 29.1 38.3 43.4 50 56.5 59 58.3 68.6 75.1 76.4 76.3 70.3 81.3 84.6 84.6 83.6 82.7 82.4 80.7 82.1 75.4 80.1 78.9 89.1 88.5 106.1 111.6 114.6 114.8 114.1 112.4 114.7 116.1 117.4 119.3 121.2 122.5 121.5 126.2 131.3 136.3 138.7 140.1 140.8 143.1 143.4 145.3 147.2 149.3 150.4 152.1 153.1 153.8 153.8 155.1 155.9 156.1 158.1 162.5 165.7 168.5 172 175.2 177.6 179.9 181.6 182.5 182.7 182.2 181.1 178.6 174.9 170 164.8 159.8 156.8 154.8 155.4 156.8 157.3
13.8 39.7 42.9 44.8 46.7 47.5 49.4 49.5 41.2 39.3 36.6 28 34 38.2 44.4 40.2 46.5 53.9 59.1 60.8 63.3 63.9 67.9 70.6 73.1 73 75.6 69.9 65.8 66.2 70.5 73.3 74 71.6 74.5 89.5 101 105.7 110.7 112.6 109.2 112 111.7 113.3 115.2 117.1 118.5 110.6 121.7 125.8 128.9 131.6 132.4 133.9 134.1 134.9 137.4 138.6 140 142 144.2 145.1 145.9 146.6 148.5 149.1 150.1 152.2 155.2 158.7 161.1 164.6 168.3 171.9 174.5 176.7 178.6 179.9 181 178.4 176.3 175.3 169.5 165.4 163 159.6 158.4 156.9 157.8 157.5
21 43.2 45.5 47.9 48 47 48.2 47.1 41 41 42.2 45.4 49.3 46.4 40.1 51.4 57.1 51.5 47 47.5 48.8 48.9 51.6 54.6 57.6 58.2 60.4 67.5 73.1 79.2 82.6 84 84.3 83.1 79 75.8 85.8 97 104.7 109.5 104.9 108.1 104.6 107.5 112.5 113.9 114.3 105.6 114.7 121.2 123.4 125.1 125.7 126.7 126.7 127 129.4 131.2 133.1 135.1 137.4 137.9 138.4 139.6 141.2 141.7 143.1 145.8 147.8 151.3 153.7 157.5 161 165 168.5 170.8 173.3 174.8 174.1 174.3 173.3 172.5 168.9 166.6 164.3 161.5 160.8 158.4 157.1 157.4
29.9 44.6 45.4 46.3 46.9 46.1 45.3 45.1 42.1 43.7 49.2 56.6 61.5 65 67.5 71.8 72.2 62.8 65.1 65.8 66.4 55.8 70.2 71.7 73.2 75.1 77.8 84.8 89.5 91.8 93.8 95.5 95.4 91.1 86.8 82.9 78.5 91.4 102.6 103.4 92.3 90.8 91.4 98.2 106.9 110 109.2 103.6 111 114.9 117.9 119.5 119.8 119.6 119.5 120.7 123.1 124.6 127.4 129 130.7 131.6 132.8 133.9 135 136.1 136.4 138.4 140.2 142.9 145.9 148.9 152 155.2 159 162 165 165 166.4 168.2 169.7 170.1 170 168.4 165.5 162 161.8 157.3 154.6 155.1
35.9 40.5 41.1 41.7 40.8 40.3 42.9 45.8 48.6 51.1 55.9 62.9 66.8 71.9 75.4 78.4 79.5 75.6 79.5 79.1 75.5 64.9 76 81.1 83.6 86.6 90.2 95.3 100.2 100.8 101.7 101.6 101.1 100 97.9 90.7 80.7 82.9 90.1 89.4 84.7 95.9 97.7 88.8 94.1 100.4 100.4 101.6 105.8 107.6 109.7 110.8 112.2 112.5 112.4 114.4 116.5 118.3 120.8 123.2 124.8 126.1 127.2 129.2 129.6 131.2 131.5 133.4 135.3 137.8 140 142.7 145 148 151.1 154.1 156.6 159.2 160.3 164.7 167.9 170.3 172 169.5 165.6 162.7 159.2 154.3 150.7 151.4
35.4 35.8 36.3 36.4 37.8 39.9 42.9 46.2 49.7 53.5 59.1 63.1 68 72.6 76.4 78.9 80 80.5 83.9 86.2 85.3 80.2 72.1 85.3 94.3 97.2 99.5 101 101.5 101.9 102.7 103 102.8 102.4 102.3 101.3 94.2 84.3 82.9 86.2 97.3 104.7 105.2 105.6 96.5 93.1 96.9 99.4 100.8 102.6 103.4 104.5 106 106.7 107.5 108.5 110 112.7 115.4 118.2 119.9 120.9 123 125.1 125 125.8 126.7 129.4 130.7 132.5 134.7 137 139.5 141.5 144.3 147.1 149.5 152 155.5 159.8 162.7 165.4 168.6 168 164.5 158.4 154.7 150.6 145.8 145.8
28.3 27.8 29.9 32.8 36.1 38.2 40.2 42.8 48.1 55.4 56.8 59 65.8 72 76.8 79.1 80.5 82.5 84.2 89 91.2 92.5 89.9 84.2 86.4 97.6 100 101.6 102.7 103 103.9 103.8 103.5 103.3 103.2 102.9 102.6 100.6 97.7 101.9 104.5 104.2 104 104.9 103.5 95.8 95.4 95.8 96.9 97.6 99.7 101.2 102.3 104 105.3 106.3 106.6 109 112.1 114.1 116.5 117.9 119.5 120.9 122.2 123.5 124.5 125.4 127.5 130.3 130.6 133.3 135.6 136.6 137 138.8 140.9 141 145 148.3 151.6 156.7 160.6 161.9 159.7 153.6 149.3 145.7 141.3 139.8
30.6 35.4 37.8 37.9 34 35.9 38.9 42.8 41.3 50.6 53.9 61.5 68.9 73.5 77.6 80.6 83.8 85.6 88.3 93.4 95 96.3 97.5 98.5 95.9 96.6 100.2 101.5 102.8 104.1 104.5 104.6 104.3 104.2 104.1 103.9 103.5 102.8 103 103.3 103.9 103.7 103.5 103.6 103.7 101.8 100.4 100.8 101.3 100.9 101 99.3 101.4 103.4 104 106 105.8 106.1 108.9 111 113.1 114.2 115.5 116.2 116.1 118.5 120.2 120.9 124.1 127.1 125.7 128.8 130.2 130.8 131.2 131.2 131.4 131.6 134.6 137.3 139.9 143.5 146.1 150.4 151.9 147.3 141.1 139 137.2 135.3
34 35.9 37.7 40.1 42.9 42.8 43.6 47.5 50.8 51.8 56.8 63.9 70.5 75.3 79.7 84 87.7 86.8 93 97.6 98.7 99.8 100.5 101 101 100.1 99.9 100.7 102.8 104.6 105.1 105.3 105.1 105 105 105.1 105.2 105.1 105.7 105.7 105.3 104.9 104.8 104.4 104.6 103.5 103.4 104.3 103.2 102 101.5 101.2 100.4 102.4 104.3 106.3 106.8 105.6 106.5 108 109.9 110.3 111.5 113.4 113.4 112.7 113.4 117.3 118.8 118.5 118.2 120.8 121.9 123 123.7 123.7 124.4 125.9 127.1 128.6 129.8 131.5 134 137.7 140.2 138.7 135.5 133.1 127.8 128.1
36.2 37.2 37.7 39 42.6 46.2 45.7 51.3 48.8 53.5 57.8 66.1 73.4 78.6 82.8 87 88.9 94.6 97.2 99.6 100.8 102.3 103.2 103.8 102.9 102.9 103.4 104.5 105.4 106 106.4 106.5 106.8 107.4 108 108.6 107.9 108.1 108.5 108.1 107.8 107.7 108 107.7 107.6 107.1 107.3 106.8 106.1 106.3 105 103.9 101.5 102.1 105.4 108.5 109.1 106.8 105.9 106.5 106.9 107.1 108.1 108.9 110.6 110.6 110.9 111.2 110.7 111.3 112.5 113 113.9 114.7 115.5 117 118.6 119.9 120.2 119.4 119.7 121.3 120.9 122.4 123.4 123.8 120.8 121.7 125.3 130.4
40.7 41.2 41.4 41.7 43.7 47.7 49.8 54.2 51 56.8 61.1 68.6 77.4 83.1 86.7 90 94.1 97 99.6 101.5 102.9 104.4 105.9 106 106.3 106.7 107.7 108.5 108.6 109.2 109.5 109.8 110.4 111 111.6 112.2 111.8 112.1 112.3 112.8 113.1 112.7 112.4 112.2 112 111.3 110.8 110.2 109.6 110.6 109.2 106.4 102.9 101.2 104 107.8 108.6 107.2 105.3 104.8 105.6 105.4 106 107.3 109 109.3 109.7 109.4 109.3 109.2 110.3 111.1 111.1 111.4 112.1 113.4 114.1 114.5 113.8 113.6 114.2 114.4 114.8 116.3 120.5 123.1 125.9 127.6 129.9 129
49.2 48 47 47.2 47.4 48.3 50.9 55 54.5 59.9 64.5 71.4 78.3 84.1 88.9 90.1 97 99.6 102.2 104.4 106.6 108.3 109.8 110.5 110.9 111.4 111.3 112.1 112.2 112.4 112.9 113.5 114 114.4 115 115.4 115.7 115.8 116 116.5 116.1 115.8 115.4 115.2 115 114.4 114 113.4 113 112.2 110.1 107.1 103.6 102.5 101.7 103.1 104.6 104.4 104 104.2 106.2 106.3 105.7 105.8 106.6 107.3 108.1 108.2 108.7 108.5 108.8 109.6 110.1 110.5 111.1 111.5 112 112 112.9 116.6 116.2 120.1 123.2 125.7 128.7 131.3 134.1 134.8 134.9 135.7
57.4 55.6 53.4 53.1 53.5 54.2 54.7 56.8 59.2 63 68.5 75.8 82.3 87.1 88.5 97.4 100.6 103.6 106.5 109 110.6 112.9 114.5 115.1 115.6 115.9 115.5 115.7 115.6 116.2 116.1 115.5 116.2 116.9 117.2 117.7 118.3 119 119.8 119.6 119.2 118.8 118.4 118.2 118 117.6 117.2 116.7 116 114.5 112.9 110.9 108.5 105 104.8 105.4 105.6 106.4 108.6 109.7 110.7 110.4 109.7 109.5 108.5 107.8 107.8 107.9 107.7 107.9 108.2 109 109.7 110.6 111.8 112.7 113.7 116.7 119.4 122.5 126 130.1 131.9 133.4 136.3 139.5 139.9 137.9 138.7 138.8
63.3 61.1 59.5 59.2 59.4 59.8 60.3 59.6 62.7 67.6 73.3 80.7 86.9 89.6 96.7 101.5 105.2 108.8 111.7 113.6 114.9 116.8 119.3 119.6 120.1 120.2 119.7 119.1 118 117.9 118 118.3 118.8 119.2 119.8 120.3 120.6 120.9 121.7 121.3 120.9 120.5 120.4 120.3 120.2 120 119.7 119.4 120.2 120 119.6 117.7 114.9 111.5 110.1 111.1 111.6 112.1 113.8 114.6 114.9 114.2 113.4 112.3 110.3 109.5 109.3 108.4 108.3 109.2 109.3 110 111.1 112.9 115.3 117.8 120.3 123.3 128.2 133.7 136.8 139.4 141 143 142.8 145 144.1 142.2 140.6 140.8
66.9 66.9 66.4 66.1 66.6 67.5 68.1 64.8 68.1 72 78.2 86.5 90 94.1 101.3 105.8 109.2 111.9 114.6 116.9 118.7 120.7 123.6 123 122.1 121.5 120.8 120.2 119.9 119.8 120.5 121.1 121.1 121.2 121.9 122.6 123 123.3 123.8 123.6 123.5 123.1 122.8 122.5 122.3 122.1 122 122.1 122.4 122.8 122 121.6 120.2 119 118.2 118.5 118.4 118.2 118.8 119.6 118.5 117.8 116.3 114.4 112.6 111.2 110.7 108.2 109.6 111.6 112.4 112.5 114.5 117.8 119.8 122.6 125.3 129.3 134.9 138.2 141.5 143.7 145.3 147 146.7 145.5 145.1 144 141.6 142.1
70.5 71.6 72.1 72.7 73.4 73.7 73.4 70.7 74.1 77.8 84.2 89.7 92.4 99.5 105.7 109.3 111.7 114.1 116.7 119.1 120.9 122.3 123.3 123.2 123.1 122.9 122.6 122.6 122.8 123 123.4 123.9 124 124 124.7 125.1 125.5 126.4 127.2 126.7 126.4 126.2 126.1 126 125.9 125.8 125.5 125.6 125.5 125.7 124.7 125.2 124.8 124.7 124.3 124 123.5 123.3 123.4 124.1 122.2 120.2 118.2 116.3 114.6 113.3 113.2 109.5 111.1 113 114.7 116.9 117.3 121 122.9 125.8 129 133.4 136.8 140.2 142 144.4 146.3 148 148.1 147.1 146.4 145 145.5 144.4
74.4 76.1 76.8 79.3 81.4 81.2 79.1 76.3 78.9 82 85.7 91.1 97.6 104.8 108.7 112.1 115.1 117.2 119.2 121.3 122.8 123.3 123.9 124.5 125 125.5 125.6 125.7 126 126.3 126.5 126.7 127 127.6 128.1 128.4 128.9 130 130.5 130.8 131.6 131 131 131.1 130.7 130.9 130.9 129.8 130 129.5 129.7 129.9 129.9 130 130.1 129.4 128.7 128.2 127.9 126.6 124.3 122.1 120.1 118.3 117.3 116.2 113.9 114.6 116.5 118.9 120.9 121.2 117.8 122.3 125.1 127.2 130.4 132.7 136.3 137.9 139.4 141.1 142.8 144.4 146.3 146.6 147.6 146.5 146.2 146.1
77.7 79.4 80.8 83.1 83.4 82.8 77.4 80.1 83 86.9 94.2 97.5 102.7 107.4 111.2 114.5 118.2 120.6 122.5 123.6 125.3 126 126.9 127.6 128.1 129.1 129.4 130.2 130.7 131.1 131.4 130.7 131 132.1 132.5 132.5 133.1 134.2 134.9 135.8 136.4 136.3 136.8 137.4 137.6 137.3 137.5 138.5 136.5 135.7 135.7 136.5 136.7 136.1 136 135.3 134.4 132.7 130.9 128.9 126.3 123.5 121.7 120.6 119.6 119.3 118.7 121.3 123.4 125.2 124.8 123.1 120.7 122.8 127.8 129.8 131.2 132 133.3 135.4 135.9 137.3 138.1 139 141 142.6 144.3 145.3 146.6 146.8
78.9 81.4 83.2 83.6 84.3 82.8 79.9 83.3 88.1 92.6 98.5 102.3 106.4 110 113 117.6 121.7 124.4 126.7 128.4 130 130.7 131.7 132.6 133.4 133.5 133.6 134.5 135.8 136.3 135.8 135.1 135.4 136 136.9 137.6 138.3 139.1 139.6 140.9 142.6 143.8 145.2 146 146.8 147.4 148.3 149.5 148.7 147.2 145.5 144.5 144.6 143.6 143 141.6 140.4 138.8 135.9 133 130.9 127 124.8 123.3 121.7 122.8 125.6 128 128.9 128.8 128.3 126.6 122.8 124.6 128.8 130.5 131.3 132 133 133.1 133 133.7 134.2 135.5 137.6 139.4 140.1 141.9 143.2 143.8
72 77.1 81.7 83.3 83.5 81.6 83.5 91.1 95.8 99.7 103 106.1 109.6 112.7 118.4 122.7 126.3 129 131.3 133.2 134.6 136.2 137.1 137.3 137.9 138.4 139.3 140.1 140.6 141.3 140.5 139.7 139.9 140.5 141.5 142.6 143.6 144.7 146.5 147.8 150.4 152.2 153.8 155.9 157.9 160 161.2 162 162.2 160.4 157.1 155.4 153.5 152.5 152 150.6 149.5 146.7 142.9 139.1 135.8 132 128.4 126.2 124.8 126.4 130.4 130.6 131.2 131.7 131.3 127.7 122.3 123.3 125.9 129.9 131.2 131.9 132.1 131.9 132.3 133.9 135.1 136.5 137.7 138.2 138.4 138.3 138.3 138
67.5 69.6 76.2 82.1 81.4 85.4 91.2 95.3 99 103.1 107.1 110.9 112.8 116.5 122 127 130.4 133 135 137.4 139.3 141 141.4 142.4 142.3 142.3 143 143.9 145 145.3 145.4 145.2 145.3 145.6 146.8 148.1 149.4 150.5 153.2 155.3 158 161.2 163.6 167.3 170.7 174.3 176.6 178.2 179.9 179.2 174.8 170.3 167.7 165.3 163 160.5 159.5 156.2 151.6 147.2 142.9 138.9 133.5 128.8 128 128.3 128.9 129.7 130.2 130.5 130.3 127.7 123.7 122.8 122.8 126.5 128.9 130.8 130.7 131.6 132.5 133.2 134.5 135.9 137.7 137.7 137.3 137 135.8 133.4
77.5 75.4 73.7 79 84.4 90.4 95.4 99.9 102.9 107.2 111.3 114.5 118.2 121.6 125.9 130.7 134.5 137.1 139 140.1 143.1 145.3 145.1 143.8 144.7 145.2 146.9 148.4 149.5 149.5 150.3 151 151.5 151.7 152.7 153.8 155.1 157.3 161 164.8 166.5 171.7 176 182.5 187.6 191.5 195.1 196.5 197.6 195.5 191.1 186.3 183.4 179.9 176.7 171.4 167 163 159.6 155 149.8 145.1 139.2 134.3 131 130.7 130.4 130.8 131.1 131.2 130.2 128.3 126.2 125 125.1 125.4 126.3 128.6 130.3 131.8 132.7 132.6 134.3 137.1 137.2 137.1 136.5 135.2 132.9 130.9
80 79.6 75.8 83.1 89 94.6 100.1 104.6 108.3 112.9 116.3 120.1 123.9 127.3 132.2 136 138.7 140.6 141.6 142.5 144.3 146.6 146.6 145.2 146.8 149.8 152.2 154.3 155.3 156 157.6 157.6 159.1 160.5 162.2 162.9 163.5 166.1 170.4 175.1 179.3 187.9 197.8 204.3 211.4 220.4 227.1 227.8 217.3 210.7 205.2 199 195.3 189 182.8 177.5 173.4 169.7 165.1 160.5 155.1 149.8 145 139.9 136.9 135 134.1 133.1 132.6 132.6 131.1 129.4 129.1 128.6 128.1 127.2 126.2 127.4 129.2 131.5 133.2 133.7 135.8 137.8 138.2 137.5 136.4 134.4 132.8 131.2
81.4 81.2 83.5 87.8 93 98.8 104.6 109.4 113.7 117.8 122.1 125.4 129 133.2 136.8 138.9 140.7 141.5 142.3 143 143.3 144.3 146.1 146.6 148.4 152.1 156.4 160 162.3 163.6 163.5 166.7 173.2 182.6 185.7 182.3 176.4 174.7 180.2 188.5 197.4 208.8 219.2 226.5 233.3 237.8 242.1 243.5 236.6 225.5 215.2 208.7 202.2 195.6 188.9 182.9 178 173.1 168.4 163.6 159 154.3 148.9 144 140.9 137.4 136.1 134.7 133.3 132.9 131.7 130.3 129.6 129.1 128.5 127.7 126.8 126.5 127.8 129.1 130.7 133.8 136.2 138.4 138.7 137.6 136 133.5 131.9 130
83.6 82.3 86.9 92.4 97.8 103.2 108.9 114.1 117.6 121.3 125.2 129 132.4 135.4 138 139.7 141 141.6 142.1 141.3 141.6 143.1 144.5 147.2 149.3 153.2 160.7 165.3 169.2 171.2 174.6 180.2 193.5 205.4 210.1 208.9 203.9 198 195 203.2 217.4 231 236.7 241.4 245.5 248.1 247.6 247.8 246.2 236.4 224.4 213 205.8 199.1 192.4 187 181.3 176.5 171.6 166.5 161.4 156.3 150.6 146.9 143.5 139.9 137.1 135.5 134 132.8 131.5 130.8 130.2 129.6 128.9 128.1 127.3 126.9 127.2 127.8 128.4 131.7 133.2 135.9 136.6 136.4 134.7 132.8 130.7 128
85.5 84.2 91.1 96.6 101.9 107.6 112.5 116.2 120 123.2 128.3 131.5 133.3 135.5 135.9 137.2 139 139.2 139.1 139.5 142 144.7 147.2 150.6 154.3 161.3 166.4 170.6 175.1 179.3 187.1 196.3 204.6 219.1 225.3 225.7 225.4 224.2 222.2 222.8 232.3 239.7 246.1 249.6 252.2 252.6 252.3 252.4 252.1 246.6 233.5 218.5 207.7 201.6 194.3 188.3 182.3 177.1 172.7 167.8 163.2 158.4 153.6 149.6 145.9 142.2 138.9 136.9 135.1 133 131.7 131.2 130.7 130 129.4 128.9 129 127.7 128.2 128.7 129.5 129.6 131.6 133.9 134.6 134.4 133.6 131.9 128.4 125.8
86.2 89.1 95.2 100.6 105.8 110.4 114.1 117.9 121.5 125.6 128.4 130.7 132.5 133.4 133.7 134.9 136.4 137.7 140.3 142.8 147 149.4 151.4 155.3 161.7 167.1 172.4 176.3 181.1 187.2 194.3 204.5 215.4 228.6 237.6 239.7 243.6 248.2 248.7 249.3 243.4 243.5 248 253.6 257.2 258.6 259.2 258.8 257.8 253.7 242.2 225.5 208.6 199.7 193.2 186.8 181.6 177.3 173.6 168.9 164.9 159.5 156 151.3 147.5 143.9 140.8 138.7 136.6 135 132.1 130.8 130.2 130.3 130.6 130.6 131 129.6 129.7 129 129.1 129.1 131.3 132.8 133.1 134.6 135.1 133.8 131.9 127.6
87.3 92 98.4 104.1 108 111.7 115.5 119.1 121.9 123.3 126.4 129.1 131.2 129.9 131.5 134.3 137.3 140.2 143.9 147.4 151.8 155.1 160.8 165.2 170.5 175.5 179.8 184.2 189.3 194.1 200.1 208.2 218.5 229.1 241.3 251.8 259 264.5 264.2 265.6 258.4 250.3 251.5 259.4 262.7 264.6 263.4 261 258.3 255.9 241.8 224.3 207.4 195 188.6 183.5 180.1 176.6 173.9 169.6 165.2 160.6 157.2 153.6 148.8 144.8 142 139.6 137.3 135.5 133.3 132.6 132.2 133.4 133.1 132.9 132.8 131.5 130.3 128.9 129.2 130.3 133 133.8 133.1 135.2 136.9 136 133.9 130.4
88.2 96 99.9 104.4 107 110.6 114 116 119 120.2 122.3 124 127.1 130.7 134.4 138.3 142.1 145.1 148.8 152.5 156.2 160.7 164.4 169.6 176.1 180.6 186.7 191.1 197.4 199 207.1 211.5 218 222.8 231.7 243.1 255.5 265 267.7 267.8 264.9 262.9 260.7 257.6 257.9 260.6 259 253.3 245.2 237.1 224.6 213.9 200.3 187.1 182.1 178.5 177.3 174 171.2 168.8 164.5 161.2 157.9 154.2 150.7 147.2 143.6 141.2 139.1 137.2 135.1 134.2 134.8 135.8 136.3 136.4 135.7 134.4 132 129.9 130 130.8 135.9 134.8 133.4 135.4 138.7 138.6 137.1 134
90.4 95.5 99.3 103 105.5 108.2 110.3 113.9 114.4 117.6 120.1 126 129.7 134.9 138.8 143.1 146.7 149.5 151.9 155.2 160.2 163.3 167.8 172.3 177.1 181.6 185.9 189.5 195.1 200.2 204.9 209.3 213.8 218.9 224.6 231.8 242.1 253.5 265.7 269.1 268.9 265.7 261.6 256 250.1 243.7 240.3 234.2 224 212.3 201.5 194.9 185.6 180.9 178.5 174.1 172.7 170.9 168.6 166.6 163.4 160.2 157 154.2 150.9 147.9 145.1 142.8 140.8 138.8 135.3 134.1 134.6 135.7 136.5 137.3 136.9 136.4 134.4 131.9 130.6 133 135.5 133.9 133.9 134.9 137.5 138.5 138.8 135.6
