data/NS30.asc
ncols 200
nrows 200
xllcorner 230000
yllcorner 600000
cellsize 50
[rows 144 to 179 of 200, columns 81 to 161 of 200]
232.1 234.5 236.7 240.6 244.4 248.5 251.3 253.5 254.3 255.1 256.2 254.9 252.8 250.5 248.6 251.3 252.5 259.4 265.3 272.2 281.4 293.9 299.3 300.7 297.4 292.9 280.7 277.4 274.6 271 260.1 247.7 235.9 225.1 219.9 218.9 217.1 216 216.1 216.2 215.7 208.7 202.4 199.6 196.7 195.5 193.7 191 189 185.6 180.6 176.4 176.3 176.2 174.7 174.1 175.6 186.5 193.4 198.5 202.9 208.7 211 210.5 210.6 210.8 211.3 213.1 218.3 209.9 208.5 213.3 205.7 193.1 186.6 191.2 197.7 203.9 209.9 210 201.8
232.1 235.8 240.6 245 249.7 254.6 258.8 263.3 266.1 269.4 272.5 273.3 272.2 270.3 266.7 261 254.3 257.2 264.6 275 282.6 288.6 293.6 290.7 288.1 282 268.7 269.2 263 258 251.7 244.1 237.7 225.8 217.8 215.4 214 213.2 212.5 211.8 211.6 209.4 204.1 201.5 198.5 193.8 189.5 187.7 185.2 183.5 179.4 177.8 177.2 176.5 175.5 174.7 173.9 174.8 182.6 185.6 187 188.1 190 190.6 191.7 191.9 192.6 194.1 192.4 193.1 192.9 190.8 187.7 180 171.5 170 172.6 177.7 184.7 193.1 189.3
234.2 235.7 241.1 247.8 252.9 259.6 264.9 271.5 279.1 285.2 289.9 291.6 291.8 288.9 282.7 271 263.7 258.7 266.6 273.6 278.9 279.7 279.7 281 276 274.3 265.6 261.8 255.1 252.7 248.5 242.5 234.8 224.6 216.5 214.2 213.1 212.7 212.3 211.5 208.9 206.1 203.4 201.5 199.4 195.6 189.9 185.2 182.5 180.5 178.7 178.1 177.4 176.7 176 175.2 174.3 173.8 173.5 176.2 177.9 178.8 179.5 180.7 181.4 182 181.7 182.1 183.4 183.6 181.8 180.5 178.5 174.2 165.4 157.2 157 159.2 162 170 172.1
242.3 243.2 242.4 249.3 256.2 263.8 270.5 276.8 284.1 291.1 300.3 303.4 305.9 301.2 291.7 280 271.6 267 270.1 272.2 273.7 274.7 276.3 275.8 272 268.4 263.4 257.5 250.9 248.2 245.2 240.6 231.2 219.4 215.1 214 213.9 213 211.7 211.3 209.5 206.1 203.7 201.9 200.1 197.5 194.1 186.9 183.4 180.6 179.5 178.3 177.6 176.9 176.3 175.6 175.2 174.8 174.5 173.9 172 173.2 175.4 176.5 176.7 176.1 175.9 176.3 177.2 174.6 171.6 168.8 166.5 162.3 159.9 155.7 149.5 141.7 147 147.8 147.5
251.2 253.6 256.2 256.8 256.7 263.5 270.8 279.3 288.1 294.8 299.1 302.6 304.1 300.8 292.7 286.4 281.5 276.5 275.6 276.8 276.1 275.6 274.4 272.3 267.9 262.2 257.3 252.4 245.1 241.1 239.8 234.3 223.6 222.1 222.4 219.9 216.8 213.8 212.1 208.6 209.3 207.7 204.1 200.7 196.1 196.1 194 190.2 185.4 180.1 180.3 178.6 177.8 177.2 176.6 176.3 175.5 175.2 174.9 174.1 172.9 171.7 171.4 173.3 174.3 174.5 174.1 174.5 176.3 170.4 165.8 165 169.4 170.1 168.8 162.6 157 149.7 141.9 136.5 128.5
264.7 264.9 265.7 261.7 263.1 262.8 268.9 276.4 285 291.7 298 302.4 301.7 296.7 291.1 290.8 287 283 281.2 280.7 277.1 275.6 270.8 267.2 263.6 258.3 250.8 243.5 239.4 239.5 238.5 227.3 231.5 229.3 229.7 227.3 222.7 218.6 216.3 213.3 206.8 203.1 202.2 203.2 199.9 197 189.9 184.9 184.9 184.9 182.8 180.7 178.6 177.8 178 176.9 175.9 175.5 175.1 174.1 173.3 172.6 171.7 170.6 172.9 172.8 172 170.6 169.1 166.8 174.3 176.9 178.2 178.9 174 166.4 160.1 153.2 146.1 140.6 133.4
278.3 279.6 279.7 274.7 274.1 269.8 267.6 272.9 281.3 289 296 297.8 297.6 295.2 295.2 295.7 293.9 288.5 286.6 283 274.8 270.9 268.9 264.2 258.8 251.7 248.1 245.2 245.4 242.8 236.8 238.6 236.4 236.8 236.2 233.6 230.7 225.6 222.4 220.1 216.9 212.6 209.5 206.4 203.7 200.9 197.2 193.1 189.5 187.2 185.4 183.2 181.3 179.6 178.6 177.5 176.5 175.8 175.5 175.3 175.8 175.3 173.8 173.4 170 170.3 169.9 171.5 171.9 175 179.9 184 181.5 182.1 181.5 172.8 164.4 155.7 145.8 141.1 138.8
285.3 290.5 290 290.1 285.7 278.3 274.1 273.4 278.5 286.8 290.8 293.4 295 297.5 299.9 299.1 296.1 291.7 289.7 283.2 277.5 272 268.2 265.2 257.5 256.6 256.4 254.7 251.5 246.5 246.8 246.1 245.6 245.4 242.5 240.1 237.6 234.6 229.7 227.5 226 217.7 218.1 213.8 209 205.8 202.9 198.1 195.1 191.3 187.7 185.2 183.7 180.8 178.8 179.1 178 179 179.4 179.2 177.8 176.7 176.5 175.9 175 176 177.4 179.5 177.9 176.6 179 181.3 184.5 185.1 186.3 178.7 172.3 163.2 148.2 140 134
290.3 295.9 294.9 291.4 290.1 285.4 278.8 275.3 276.8 283.8 288.2 289.6 292.7 297.5 299 298.4 295.9 293.2 289.8 288.6 283.5 278.4 274.7 269 266 261.7 264.1 258.9 254.1 248.5 253.4 254.4 255.2 253.9 251.9 249.8 246.9 244.1 239.7 235.4 231.3 231.1 226.7 221.4 215.7 211.3 208.2 204.2 201.3 198.2 193.4 188.2 185.1 181.6 182.6 183 181.3 182.4 180.7 179.6 178.5 177.6 177.7 178.1 177.8 178.4 180.6 181.3 179.5 177.2 177.7 179.6 183 186.1 183.8 181.7 177.3 169.5 154.1 142.2 133.3
295.3 298.7 297.1 298.3 292.6 287.2 285.2 279.7 280.9 284.9 286.2 288.2 292.5 297.6 300.3 300.3 298.9 295.1 290.8 287.3 282.7 279.5 275.8 271.6 269.1 264.8 264.7 261.5 254.5 252 256.2 260.3 262.5 262.2 260.8 258.7 255.2 252 247.2 242.8 238.7 238 235.1 228.8 223.1 218.4 213.8 210.9 208.2 204.6 200.2 195.1 189 185.7 185.1 185.1 184.7 183.3 182.5 180.4 179.1 178.5 178.9 179.1 179.1 179.5 182.4 184.3 181.2 178.3 178 181.3 185 188.5 188.1 183.2 177.5 173.2 159.3 143.7 134.1
294.3 297.9 298.9 298.9 295.1 293.1 290 285.2 281.2 287 286.9 289.4 295.2 301.4 302.5 302.5 300.6 296 291.6 289.6 285.6 281.3 276.7 272.9 272 271.4 270.3 264.2 260.4 256 261.3 262.3 265.6 268.2 267 266.3 264.1 260.4 254.2 249.2 243.4 243.2 240.1 236.7 231.6 226.3 221.5 216.9 213.6 209.5 206.4 200.9 191.2 191.2 189.9 187.9 186.1 184.9 184 182 180 179.1 179.1 179.1 179.3 180.2 179.2 181.1 179.7 178.2 178.3 181.9 186.1 188.4 190.1 186.1 179.8 173.7 163.9 145.6 133.5
293 297.2 299.7 299.3 299.1 294.4 292.3 286.9 286.3 284 284.5 289.6 294.6 301.9 304.6 303.6 298.4 296.8 296.2 292.6 287.9 284.7 284.6 280.6 279.2 278.1 273.4 269 266 262.2 265.9 267.5 267.5 268 270.2 269 266 262.8 258.5 253.3 247.5 247.3 244.5 240.8 236.5 232.6 228 223.6 218.7 212.8 211.6 206 192.3 198 194.6 191.5 188.6 185.9 184.9 183.1 181.3 180.8 179.9 179.1 178.9 178.3 178.2 177.6 178.2 177.7 178.3 181.4 186.3 188.3 191.3 190.4 180.7 171.7 163.5 150.1 139.7
292.3 296.5 299.5 302.7 304.3 304.2 300.2 294.8 286.5 289.2 292.4 290.6 293.3 299.7 301.3 301.7 303.7 306.1 302.8 297.1 295.9 294.4 294.1 292.3 288.3 283.9 278.7 272.7 267.5 268.1 269.7 271.2 272.1 270.5 268.5 266.3 263.6 260.3 255.9 251.6 252 250.6 248.4 244.7 239.2 235.8 232.5 229.1 221.5 214.4 209.8 204.8 205.8 204 200.3 197 194.9 191.2 185.8 183.9 182.9 182.4 181.8 180.5 179 177.5 176.1 176.2 177 177.9 178.2 180 185.9 188 188.2 192.4 183.8 173 164.9 153.7 140.7
291.3 295.5 298.1 301.4 305.2 308.1 304.5 296.6 295.5 299 300 298.7 297.1 297.3 301 303.7 306.2 309 307.8 308.9 309.7 311.1 303.7 302.5 296.3 292.3 288.1 277.5 268.5 272.5 272.7 273.1 274.1 273.5 270.8 267.7 264 262 260.4 258.3 256.3 254.2 251.9 249.5 244.5 239.6 235.6 231.8 220.3 223.3 218.6 213.7 211.3 208.4 205 202.9 200.6 197.5 192.7 185.9 184.6 184.7 185.6 182.9 180.5 177.5 174.8 175.7 177.6 179.1 178.4 179.1 182.5 186.9 187.6 186 181 175.5 166.3 154 140.4
285.2 293.2 296.9 300.8 304.5 307.7 305.2 306 308 309.7 308.9 306.4 306.9 304.7 306.1 308.1 311.9 315.5 317.4 318.3 320.6 320.5 313.5 309.6 304.4 299.1 290.8 280.3 272 276.5 276.1 275.4 275.6 274.6 274 272.8 271.1 268.3 265.4 262.6 260.1 257.7 255.3 253 250 244.5 238.7 235.2 230.2 230.5 226.4 222 217.8 213.8 210.4 207.6 205.3 202.2 198 191.3 190.5 189.4 188.6 186.3 183.3 180.5 174.9 172.9 174.4 176.6 176.4 177.6 180.8 183.5 187.9 185.9 181.8 177.2 166.8 153.5 142.1
284.7 289.6 295.6 300 303.9 307.8 312.5 316.9 319.6 320.7 319.6 317.4 315.8 314.9 312.3 312.4 313.9 320.8 323.4 323.2 328.7 328 319 315.6 310.7 303.3 292.7 277.7 277.6 280.7 280.5 279.9 278.5 277.1 276.6 276.9 275.9 273.4 270.3 267 264.2 260.7 257.8 254.9 251.2 243.9 240.5 236.5 237.9 234.5 231.3 227.5 223.6 219.9 216.1 212.7 210 206 201.5 196.6 193.3 192.2 192.1 189.5 184.9 183.9 178.7 172.4 173.9 173.8 173 174.4 176.8 178.8 186.7 187.8 185.1 179.6 171.7 158 145.2
285.3 289.5 295.9 300.1 305 311.8 318.9 324.8 328.8 330.7 329.2 326.1 324.4 322.7 320.7 318.6 318.5 319.7 321.8 324 329.7 331.5 324.7 322.6 315.1 303.6 290.8 278.6 282.2 284.7 284.5 283.1 281.5 280 278.9 278.7 277.8 278.5 275.1 271.4 267.6 263.8 259.4 252.8 250.6 250.6 247 243.5 240.4 237.2 234.1 231 227.3 224 221.2 217.9 214.3 211.3 206.2 201 197.3 195.3 194.6 191.6 186.9 184.1 182.9 173.5 170.6 169.4 169.3 172 172.5 174.6 180.5 191.5 187 178.6 172.4 160.9 147.4
283.9 290.8 296.9 302.1 308 315.5 322.4 329.3 334.5 338.2 338 334.6 332.7 330.8 328.6 326.2 325 326.2 325.9 327.1 327.9 330.2 326.9 324.1 313.5 303.5 294.3 289.2 291.7 290.9 288.6 287.3 284.8 283.6 281.4 279.5 276.5 276.7 276.6 272 262.7 258.6 256.6 258.2 256.1 252.9 249.4 245.7 241.8 237.9 234.8 231.6 228 225.2 222.3 219.8 217.5 213.2 209.2 204.6 200.9 197.6 196.1 192.8 188.1 183.9 181.3 176 172.7 171.4 169.9 170.1 168.3 168.5 173.1 187.8 185.4 177.3 171.8 161.9 149.4
291.1 297.4 302 306.9 314.5 321.9 327.9 335 340.5 345.7 347.2 343.5 340.9 338.6 336.2 333.8 332 331.7 331.4 330.6 330.5 331.4 328.6 323.7 312.5 302.4 302.2 303.1 300.9 298.5 296 291.8 289.8 285.6 282.6 280.7 276.4 275.7 268.8 268.1 265.8 263.7 261.1 258.8 257.1 255 250.8 246.7 242.8 238.7 234.6 231.2 228.3 225.1 222 219.5 217 214.8 211 207.5 204 200.8 197.3 194 189.1 184.1 181.1 175.6 173.2 172.8 171.1 166.4 164.9 164.5 167.7 177.2 188.6 181.9 171.9 162.6 151.4
290.5 298.2 306.9 313 320.5 330.7 342.2 348.1 352.1 354.7 354.7 351.1 348.3 345.8 343.4 340.9 339.4 338.2 337.1 335.3 334 333.1 331.5 328.9 316.2 313.6 313.9 311.7 308.8 304.1 302.5 295.6 290.5 287.9 281.9 278.2 274.4 274 275.5 275.6 269.7 264.4 260.7 259.4 256.3 253.6 251.5 246.7 241.6 234.9 230.9 227.8 225.5 223.2 220.9 218.3 216.5 214.6 212.1 209.3 205.8 201.8 199.3 195.8 192 186 182.1 176 174 174.1 173.1 168.3 162.9 162.8 163.6 169.2 179.5 185.5 176.5 167.1 154.1
289.3 297.7 306.9 316.2 326.4 342.6 351.1 356.4 360.7 360.5 360.5 358.7 355.9 352.7 350.3 348.3 347.3 345.7 344.4 340.2 337.1 333.8 331.3 327.8 320.1 320.1 318.3 315.5 312.8 305.9 305.5 300.9 292.3 284.4 279.9 276.6 275.2 274.9 278.3 279.1 271.5 264.3 261.7 258.1 253 250.8 249.2 245.2 237.6 230 227 224.2 221.3 218.2 216.3 215.4 214.7 214.2 211.7 208.9 206.6 202.2 198.7 195.7 193.2 186.9 181.2 176.1 173.3 173 171.9 167.7 161.9 158.8 157.8 160.3 169.1 178.2 181.5 169.4 155.1
287.2 293.9 304.7 314.1 326 342.1 355.6 362.8 366 367.8 368.8 367.1 363.6 359.6 357.2 356.1 354.6 351.5 347.6 345.7 341.5 336.6 333.1 328.7 326.2 323.8 320.3 316.5 311.2 307.7 301.4 298.6 291.5 280.5 278.1 276.9 277.2 276.7 278.5 281.7 282.6 270.7 269.1 266 261.7 255.6 249.7 246.4 242.2 234.7 226.9 219.5 216.5 215.9 213.8 210.7 210.6 211.7 210.2 207.6 205.8 202.4 198 194.3 191.3 187 181.4 174.5 172.3 172 169.8 166.1 163.6 164.1 159 158.5 161.9 169.1 176 169.7 154.8
285.8 290.7 298.2 307.2 320 335.8 349.6 361.2 369.4 374.3 375.4 373.8 371.3 367 364.3 362 359.9 354.6 348.7 347.1 343.3 338.3 334.1 328.4 323.2 320.1 318.2 314.8 310.2 303.2 297.7 293.6 290.1 285 280.7 278.7 279.8 280.1 281.6 283.6 285.5 281.1 276.2 272.2 266.2 261.7 256.8 251.8 244.4 237.4 230.1 223.2 221.4 219.2 216.6 213.3 208.3 207.5 208.8 206.1 203.8 203.2 199.7 195 189.3 181.1 177.8 173 171.1 171.5 171.1 167.6 165.5 165.7 162.7 155.5 161.3 161.3 166 167.1 156.2
283.4 287 292.2 299.5 310 321.5 336.9 352.5 361.7 370.8 374.9 374 372 369.8 365.7 362.6 358.8 354.5 349 344.3 337.7 333.3 329.9 324.4 320 316.4 314 311.7 307.5 302.3 296.7 289.8 290.5 283.4 283 286.1 290.6 290 287.3 285.2 288.3 287.7 281.2 276.8 270.3 265.7 261.6 256.3 248.3 236.2 229.7 227.8 226 222.4 219.2 216.2 212.2 209 207 202.7 199.9 197.6 195.2 191.3 186.7 177.6 171.3 171 169.2 169.9 170.1 167.8 165.7 165.6 164.4 160 149.9 155.5 157 157.5 151.7
279.4 283.6 286.4 290.6 297.7 307.6 318.3 330.9 346.6 356.9 361 364.2 365.5 363.2 361.5 358.8 355.7 352.5 347.7 343.2 336.6 331.2 325.2 320.8 318 313.8 310.4 307.7 305.7 300.9 296.2 295.4 292.8 293 294.8 292.3 303.3 302.8 300.9 297.2 292.7 289.3 286 281 274.2 272.1 266 261.2 255.7 242.6 237.7 232.3 230.4 226.9 223.6 220.5 216.4 212.8 209.5 207.2 205 202.1 200.9 198.5 194.6 189.8 179.5 171 166.6 167.9 168.1 166.8 163.1 148.2 144.4 141.4 147 139.1 138.2 146.8 139.7
272.2 276.9 278.9 284.6 291 298.3 306.1 312.9 322.1 330.4 341.1 347.1 351.3 352.5 352.7 351.6 349.7 349.2 347.4 344.1 339.4 334.5 327.9 321.5 316.2 317.1 316.3 315.9 316.1 314.2 311.7 308.5 307.2 307.3 309.4 308 315.9 316.5 316.5 313.3 309.5 303.7 293.5 288.3 282.3 279 275.2 269.5 264.9 255.8 250.7 243 237.3 232.8 229.1 224.4 220.3 217.4 213.3 209.8 206 202.8 201.4 198.3 194.3 189.6 178.8 171.2 165.2 163.3 163.8 158.6 152.4 144.7 141.9 140.6 139.9 143.7 144.2 133.8 133
264.6 267.7 272.9 279.9 284.7 291.2 298.4 305.8 311.6 318.3 325.3 331.8 337.5 341.3 344.4 347.8 348.7 348.3 347.7 345.7 342.3 337.5 332.3 324.9 321.9 321.6 321.1 322.9 327.5 332.4 329.8 328.3 325.3 323.2 323.6 323.6 324.7 327.9 328.8 326.4 322.7 320.9 309.9 300.2 295.6 290.4 286.9 280 272.5 268.4 266.3 260.6 251.7 243.6 238.2 233.1 225.8 221.8 217.7 212.9 208.2 204.1 200.5 197.7 193.1 187.7 181.2 172 165.6 164.5 162 161.6 148.4 159.7 160.8 155.2 149.3 149.1 148.9 142.8 143.4
269.5 270.9 273.3 279.6 283.2 288.2 294.1 300.6 307.4 314.1 320.5 326.6 330.5 334.8 341.5 345.1 347.9 347.9 348 346.5 344.3 340.4 335.2 328.6 325.6 328.3 331 336.8 342.8 347.7 353.1 353 348.5 341.6 336.8 333.1 331.5 336.5 339.7 337.6 334.3 333.3 328.2 319.3 312.4 307.5 303.1 297.1 285.6 279.2 279.1 279.7 271.4 258.4 251.6 245.8 239.5 232.6 223.6 217.9 210.9 206.7 202.1 197.1 191.6 185.5 177.4 171.1 166.1 162.7 163.2 162.9 164.5 164.1 163.4 159.2 154.4 155.6 154.7 150.8 149.6
271.2 273.9 277 278.5 285 290.8 294.9 295.7 299 303 311 319.1 324.1 329.5 338.7 342.3 346.3 348.3 348.4 346.9 344.7 343 338.3 332.4 330.5 338 341.3 346.6 357.4 362.6 367.8 371.6 373 369.3 355.8 345.7 341 340.6 343.2 347.6 344 337.9 334.5 333.1 327.7 326.2 322.3 313.9 300.5 291 290.6 289.9 278.5 271.5 266.6 260.4 253.7 246.9 238.8 226.9 215.9 209.3 203.1 196.4 191.8 186.2 178.4 172.2 162.7 166.2 166.6 172.5 171.3 168.7 164.9 160.9 160.3 161 157.4 154.6 152.7
271.5 274.8 277.8 281.4 285.1 291.9 298.1 304 308.5 311 312.8 318.9 321.6 328.2 334.8 340.1 344.1 348 348.7 347.2 345.3 343.9 342.2 342.5 343 345.6 352.4 356.1 362.7 375.2 381.1 383.3 384.8 383 375.9 363 348.5 344.3 349.3 349.7 353.1 349.5 340.3 345.7 344.1 338.6 338.2 327.1 309.1 301.8 299.2 298.4 293.6 287.4 283.2 276.2 271.3 261.1 249.9 238.5 224.2 212.3 205.8 198.5 191 184.6 177.6 168.4 170 170.2 173.7 176.8 175.9 174 171.9 167.5 165.8 166.2 160.1 158.2 157
274 277.3 279.7 282.7 287.3 292 297.7 303.9 310.3 315.7 318.3 320.4 323.4 328.3 332.7 337.6 341.8 345.9 348.6 349.3 349 352.6 360.1 366.4 369.4 368.8 367 368.1 371.6 377.7 386.6 395.5 395.5 394.1 388.2 376.6 359.1 349.9 353.2 356.7 354.4 351.7 348.3 357 357 350.1 343.1 334.5 320.1 309.7 309 309.7 307.9 300.7 300.5 294.7 286.4 280.6 259.4 245.5 231.2 216.3 208 200.5 193 185.9 177.5 171.4 175.5 181 184.4 183.8 180.2 177.1 175 172.4 169.7 168.5 164.9 162.7 160.8
279.5 281.1 281.7 286.5 289 294.4 299.9 305 310.5 315.9 321.7 327.1 332.9 333.2 333.7 336.1 339.8 347 353.9 360.4 363.1 364.8 370 379.6 387.2 390.7 390.3 385.6 386.6 391.8 391.8 399.1 405.1 402.6 398.1 392 378.7 360.8 363.2 363.3 362.1 355.5 352.2 357.3 359.6 352 346.9 340.1 332.2 320.2 318.3 314.2 312.1 309.2 310.2 308 297.2 291.2 270.1 250.1 237.5 220.6 209.4 201.4 194 186.8 179.4 177.2 182.6 187.4 190.8 191.9 186 180.2 178.3 176.4 174.6 172.8 168.9 166.5 165.2
281.7 282.4 284.9 288.5 292.5 297.2 300.9 305.2 310.6 316.4 322.8 329.5 332.8 341.9 339.7 342.5 348.2 354.7 361.1 368.7 375.3 378.7 381.1 386.6 399.8 412.7 416.1 407.7 396.6 400.8 403.7 405.6 407.3 404.2 402.4 398.4 390.1 375.1 372.5 372.9 363.7 359.7 356.2 355.6 357.4 356.6 355.2 347.4 340.7 329.5 323.9 318.5 316.8 316.8 318.9 314.7 308.6 294.3 274 258.8 242.4 225.7 211.1 202.5 195.1 187.8 177.7 177.8 184.9 191.6 196.4 196.7 191.5 184.2 182.4 180.7 179 176.8 174.2 170.4 167.8
284.7 287.8 289.3 291.5 294.8 298.7 302.6 305.5 310.8 317.1 322.7 328.8 336.6 342 346.7 351.6 356.3 362.2 368.8 376.6 384.7 391.5 393.5 391.8 401.8 415.5 424.1 418.6 407.4 402.4 405.4 405.4 403.9 400.7 395.6 394.3 390.6 380.9 374.1 373.3 366.5 357.3 353.2 353.1 353.9 354.2 354.9 350.5 342.5 334.9 331 325 321.1 320.2 314.7 311.5 304.1 290.7 274.6 258.5 245 229.2 214.5 202.4 194.9 186.3 179.6 186.3 183 194 199 199.2 195.5 188 186.8 185.5 183.9 181.3 179 174.5 170.9
287.8 290.5 292.5 294.1 296.2 300.5 304.5 307.4 311.5 315.4 320.7 326.6 337.2 346.1 352.6 359.2 364.4 369.6 375.6 381.9 388.5 396.5 401.8 397.2 403.4 415.2 421.1 415.5 408.6 403 401.8 399.1 398.7 395.6 393 393.4 389.5 380.2 368.5 361.8 358.4 355.6 352.4 351.1 351 352 351.8 349.2 344.2 335.6 334.5 328.9 317.7 309.7 305.8 299.4 292.8 283.1 267.7 252.2 240.9 225.5 213.4 201.6 194.6 187.7 181.4 186.2 187.1 196.9 201.2 201.5 199.9 195.8 192.3 191 189.6 187.6 185.6 181.4 178
292 293.4 295 296.6 298.2 301.8 305.8 308.8 311.8 315.9 320 324.3 335.6 346.3 353.6 361.5 369.3 373.7 377.9 383.6 388.7 397.9 401 401.4 401.4 409.7 414.4 413.8 409.7 407.1 401.6 394.1 389.7 388.8 386.5 386.4 385.1 374.6 362.6 355.4 352.9 356 351.9 341.9 340.5 340.7 339.4 337.4 334.1 328.6 320.5 310.8 302.1 295.3 289.4 283.1 275.2 265 253.3 243.7 232 220.1 208 201.4 192.9 183.1 182.7 188 196.8 201.3 203.3 204.6 203.7 202.1 199.2 196.4 196.9 195 192.2 189.2 186.1
