data/NS37.asc
ncols 200
nrows 200
xllcorner 230000
yllcorner 670000
cellsize 50
[rows 156 to 194 of 200, columns 87 to 173 of 200]
139.2 138 138.7 138.5 135.7 134.3 131.1 129.6 130.4 127.1 128.8 130.4 131.6 130.5 130.5 130.8 128.4 122.2 114 104.2 98.3 98.3 98.3 98.3 98.3 98.3 98.3 98.3 98.3 102.7 106.5 109.7 113.4 119.6 122.2 126.2 131 134.8 138.2 141.8 142.6 141.9 140.3 138.6 139.7 141.7 140.8 138 141.2 146.6 150.1 155.6 157 154.3 152.5 154.3 156.8 156.8 156.9 157.9 161.4 166.2 172.3 176.2 180.2 177.3 175.2 179.5 174.5 170.9 169 167.6 167.1 167.1 159.2 156.6 155.2 153.6 150.6 148.4 141.6 131.2 123.3 115.6 110.2 107.6 105.6
142.8 141.2 139.4 137.4 136.8 136.2 131.2 127.2 127.2 127 125.3 126 126.5 126.1 126.7 127.5 126.7 123.6 116.4 105.5 98.3 98.3 98.3 98.3 98.3 98.3 98.3 100.9 102.6 106.7 110.8 114.3 118.8 123.3 126.7 131.2 137 143 150.5 153.9 152 149.4 147.8 146 146.3 147.9 147.7 143.8 143.8 148.3 151.1 153.3 155.4 155.4 155.1 156.5 159.1 161.7 164.6 166.8 167.1 169.3 173.8 178.6 179.2 177.2 175 174.7 173 171.6 169.8 167.8 167.3 167.3 166.8 159.7 157.2 155 151.5 147.1 144.6 137.4 129.3 120.7 113.4 113.4 110.6
146.5 144.9 140.8 137.6 137 136.8 133.7 129.9 126.9 124.9 123.2 122.2 121.2 121.5 122 123.2 123.4 121.1 116.5 106.7 99.6 98.3 98.3 98.3 98.3 98.3 100.8 105.6 107.3 110.2 113.9 119.2 124.2 126.5 129.8 134.6 142.7 151.3 160.8 162.6 159.2 156.2 154.4 153.2 151.9 150.6 149.4 146.3 146.7 148.5 150.4 150.9 151.7 154.2 158.1 158.3 165 173.6 174.2 174.3 172.9 173.1 176.3 180.5 179.1 178.1 176.6 171.6 168.9 168.3 169.5 168.4 167.9 167.7 167.6 164.2 158.5 155.3 152.8 149.3 146.3 143.4 138.3 132.2 122 116.9 114.8
148.4 148 145 139.9 138.1 138 135.6 131.9 128.1 124.2 121.9 119.8 118.3 118.7 119.1 118.7 118.3 116.1 115.1 106.2 98.3 98.3 98.3 98.3 102.1 102.9 108.9 111.7 112.2 117.3 121.3 125.2 127.6 129.7 137 144.9 151.7 159.2 171.1 170.9 165.9 162.8 159.6 157 155.1 153.2 150.8 148.3 148 147.5 149.7 149.7 150.6 154.6 159.3 163.9 173.5 175.4 177.9 178.3 177.3 176.6 177.8 178.6 177.9 178 175.5 171.6 168.7 169.9 166.5 166.9 167.1 166.5 170.8 171.7 162.3 159.8 154.2 151 147.9 145.2 144.6 140 133.9 125.7 118.5
147.2 150.2 155 148.6 145.8 141.4 139.1 134.9 131 125.3 121.3 119.4 116.6 116.3 116.9 114.4 114 112.4 109.5 105.8 98.3 98.3 98.3 99 104.4 107.9 113.2 118.3 118.9 125.4 128.8 129.1 131.5 136.4 143.5 150 159 166.1 183 181 174.9 168.1 162.2 159.9 158.4 159.6 152.8 150.1 147.8 149.6 148.7 148.5 150.8 157.1 161.9 168.2 173.1 176.4 179.9 180.2 179.7 179.7 179.9 176.9 174.8 176.2 175 172.5 171.8 172.3 167.8 162.6 161.5 163.6 168.8 171.2 169.8 166.7 163.3 156.4 150.6 148.6 147.5 145.7 144.2 133.2 125.9
144.4 150.5 151.3 150.3 148.4 147.6 146.1 140.7 135.6 129.3 122 117.7 115.6 113.4 113 111.8 110.9 109.6 108 104.8 100.2 98.3 98.3 100.2 107.8 110.7 118.1 125 131.1 136 137.1 139.5 141.6 143.7 149.1 152.8 159.3 166.1 178.2 180.3 178.4 173.6 169.6 165.2 162.6 161.3 159.2 152.8 149.4 148.1 148.1 148.4 153.1 159.3 164.6 170.7 175.4 179.5 181.5 180.8 180.7 181.4 179.6 176.3 174.3 173.2 172.9 172 171.4 169.7 167.1 160 154.3 160.1 166 170.9 173.9 170.2 168.9 166.2 159.5 152.6 149 147.3 143.7 140 131.8
143.1 148 148.5 147.2 146.9 147.9 144.9 141.4 137.3 130.1 123.4 118.3 114.9 112.6 110.7 110 108.8 107.3 107 107.7 101.7 100.6 98.3 103.8 114.1 120.8 127.6 134.5 143.3 147.2 149.1 152.1 154.7 155.2 155.6 159.1 163.2 166.3 169 173.2 174.6 173.8 169.7 168 165.8 159 156.9 156.6 149.6 148.4 148.3 149.6 154.9 158 165.8 173.4 178.8 183.2 188 186.9 184.4 180.1 178.4 175.2 173.3 172.5 170.8 170 168.7 165.4 161.9 158 152.9 153.5 159.5 167.3 171.1 173.3 172.7 169.1 164.4 162.6 154.1 147.6 146 141 138.7
136.8 147.1 145.5 144 143.8 144.5 142 138.2 136.7 129.8 125.3 120.5 114.8 112.9 110.6 107.7 107.5 110.1 106.2 107.6 104.6 103.5 102.7 105.3 118.5 127 136.3 143.3 149.3 153.6 158.1 163.1 163 163.4 161.4 164.1 164.5 166.4 169.8 172 174.2 172.9 168 165.1 166.4 160.9 154.9 152.3 150.2 149.7 148.4 150.1 153.6 159.7 167.6 174 179.2 189.2 188.3 187.3 185 180.1 176 171.7 170.2 168.8 168.3 165.9 162.7 160.2 157.5 153.9 150 149.5 155.5 164.3 168.7 170.7 170.6 167.8 163.4 160.2 157.6 152.3 146.3 143.3 140.9
128.8 137.8 141.7 141.4 140.6 140.7 138.9 135.1 132.6 129.2 123.6 119.9 114.7 111.9 109.4 107.8 106.2 105.3 106.9 107.6 108.2 108.4 107.3 109.2 118.1 130 140.4 151.1 157.3 162.1 165.6 169.1 172.3 168.3 167.2 167.6 166.2 168.1 170.6 172.7 174.3 172 168.7 164.2 162.8 160.7 155.4 149 149.7 152.2 151.8 151.5 155 162.9 170.5 175.5 176.8 179.9 186 186.2 183.4 180.3 174.2 169 165.6 163.2 162.2 160.1 156.4 154.2 151.8 149.3 147.8 147.8 155.7 162.3 167.1 166.5 166.9 166.3 165.2 165.3 159.9 157.1 151.4 147 144.9
124.8 129.4 137.9 146.6 140.1 135.9 134.3 132.5 127.7 122.8 120.3 117.5 113.6 110.9 108.4 107.6 107.6 107.6 107.6 107.6 108.9 109.6 109.8 110.7 118.6 130.5 142 147.5 158.3 159.9 160.8 163.9 167.7 167.3 167 168.7 170.2 169.2 170.3 170.8 171.7 170.3 168.3 164.7 159.4 157.3 154.9 151.3 150.7 151.6 151.8 153.5 157.1 166 170.5 173.3 174.5 175.7 182.2 181.9 180.9 178.3 172.6 165.9 159 155.9 154.1 152.3 149.9 147.7 146.9 146.6 145.6 145.2 150.7 156.5 162.3 162.3 163.3 163 160.7 161.8 162.5 159.7 157 154.7 155.2
121 124.9 129.4 139.1 141.4 133.1 129.1 125.9 121.5 118 115.7 117.2 111.9 109.5 107.6 107.6 107.6 107.6 107.6 107.4 108.2 110.2 111.5 112.9 122.3 129.7 136.3 142.3 150.9 154.8 155.5 157.5 162.3 163.9 162.4 162.4 165.6 169.2 166.7 167.4 168.1 167.2 163.8 162.8 160.8 157.4 155.4 151.1 149 150.5 152.6 155.9 158.8 165.4 167.1 169.5 171.4 172.8 173.7 176.5 178.4 175.4 169.3 161.7 155 149.9 149.1 148.4 146.6 143.8 143.2 143.1 143.3 142.6 145.4 150 155 156.9 158.7 160.4 160.4 163.3 162.6 163.7 159 162.7 165.2
115.9 119.4 122.8 130.4 136.8 130.1 124 119.1 114.8 112 109.7 110.4 111 107.4 107.6 107.6 107.6 107.6 107.6 107.6 110.1 113.4 116.5 116.5 123.6 128.7 133.5 139.3 144.5 147.1 150.5 154 157.5 160.2 158.9 157.3 160.9 164.7 165.7 164.7 164.4 163.7 160.1 159.5 159.3 157 154.2 151.4 148.3 150.1 151.9 154 155.9 158.2 163.3 164.1 165.1 166.3 167.4 171.7 175.3 171.4 165.4 157.8 151.4 149.7 150.5 149.6 148.1 146.3 144 141.4 140.3 140.4 142.8 143.9 145.5 148.6 158 160.9 161.2 162.4 164.1 167.4 165.4 169.1 172.3
111.5 111 116.4 120.5 123 121 116.9 112 110.3 108.3 104.9 102.8 107.3 107.6 107.6 107.6 107.6 104.4 107.6 107.6 111.8 119.3 122.2 121.6 122.9 129.3 134.1 137.9 142.3 145.4 147.1 148.9 152.6 155.1 155.1 155.8 159.7 162 162.4 160.7 160.5 158.6 156.2 154.4 152.8 151.4 150.4 148.1 146.5 145.1 148.9 152.8 153.1 153.2 159.1 159.1 160.2 161.3 161.7 165 171.3 166.5 159.9 152.8 150.2 150.9 152.1 151.1 150.3 149.6 146.6 142.5 140.7 140 139.3 140.4 140.8 152.2 161.1 163.2 163 163.5 165.6 165.6 171.6 176.9 179.5
105.1 105.7 113.6 117 118.8 115.1 109.2 107.2 107.6 105.4 101.9 103.7 106 107.6 107.6 107.6 107.6 107.6 105.9 107.9 115.8 122.6 127 131 124.5 130.5 137 139.9 142.9 146 147.5 149 151 153.2 153.9 154.8 159 160.6 160.4 159.1 156.2 154.1 152 150.8 149.6 149.3 148.3 145.9 144.1 142.4 144.3 150.2 150.7 149.5 154.6 155.5 155 156.1 155.6 154.8 159.9 160.6 155.3 154.2 154.3 155.4 156.9 159.5 159.3 157.6 153.4 143.6 141.1 139.9 138.7 138.9 139.2 150.5 160.7 161.1 163.3 164.9 166.4 166 172.7 178.5 181.3
101.8 103.3 111.3 114.7 115.4 110.9 105.1 105.7 106.3 103.3 100 102.3 102.4 101.7 107.6 107.6 105.9 106.8 110.3 113.3 119.7 124.2 129.6 133.8 130.2 130.3 135.9 139.7 143.1 144.9 147.7 149.4 149.4 151.2 152.8 155.2 155 156.1 157.1 155.7 152.7 150.2 148.4 146.9 145.6 145.9 144.6 142.6 140.2 139 141.1 146.7 147.3 146.5 153.6 150.6 148.2 147.8 148.5 149.3 151.8 153.7 152.5 158.1 161 164.4 165.7 166.2 164.2 163.6 159.9 151.1 141.4 139.9 137.8 137.3 137.7 142.5 149.5 157.4 162.3 166.5 167.3 170.8 175.5 177.7 179.9
97.9 98.9 106.4 113.3 110.4 104.6 101.3 106 104.4 101.4 98.2 99.8 101.2 102.6 103.2 107 110.6 111.8 114.6 119.9 123.2 127.4 129.1 130.3 131.8 130.7 133.9 140.6 142.3 143.9 146.6 148.8 149.4 151 152.4 152.7 153.4 153.5 152.7 152.1 151.2 147.7 143.8 142.8 142.5 141.7 139.9 139.5 138.5 137 137.8 141.6 142.7 141.8 145.1 146.1 142.9 140.5 142.4 146.9 149.9 152.1 154.5 162.4 166.4 168.7 170.8 171.7 168.6 161.7 157.8 150.3 144 138.7 137.1 136.8 137.4 139 141.3 150.6 161.3 164.6 167.9 174.6 175.8 176.2 177.5
96.7 97.2 98.4 105.6 106.4 98.7 103.5 103.9 101.7 99.3 97.5 99.1 101.4 102.4 105.4 109.9 113.7 115.5 118.9 122.8 128.9 131.4 131.6 131.8 132.3 131.6 132.3 137.7 139.8 142.7 145.2 148.4 149.7 149.3 150.6 152.4 152 151.4 149.4 148.5 148.6 145.5 142.5 139.6 138.5 137.8 138.1 138.7 137.9 135.9 135.7 138.3 136.6 136.6 138.5 140.3 138.1 135.2 136.7 141 147.9 154.1 154.8 165.1 166.7 165.4 171.1 170.1 169.7 161 154.9 149 143.7 138.8 136.3 136.9 137 138.3 139.8 141.9 159.1 163.8 168.8 173.8 173.2 173.1 174.7
96.3 96.6 96.7 98.2 98 97.5 104.8 104 99.5 96.8 97.3 98.9 102.2 105.2 110.1 113.8 117.2 119.8 123.2 125.5 126.3 133.7 137.4 135.3 132.3 131 131.4 134.6 138 142.9 144.8 148.1 147.4 146.5 147 149.6 150.7 149.2 146 144.2 145.4 143 140.5 137.7 134.8 133.7 135.1 135.8 136.8 133.9 133.7 134.4 133 131.7 131.4 132.7 133.4 131.9 134.6 138.5 147 153.5 152.7 159 168.8 171.6 169.8 167.2 164.1 159.3 153.5 147.3 141.5 137.8 135.9 137.1 137.6 138.6 139.6 140.5 146.7 161.2 174 170.2 169.1 167 166.4
95.8 96.3 98.8 97.7 95.7 96.4 103 102.3 98 97 98.6 100.7 104.4 109.7 114.1 118.9 122.5 124.9 128.1 127.7 127.8 131 134.7 136.7 134.4 133.1 130.2 132.9 137.7 141 143.8 145.4 145.8 145.9 146.6 147.4 149.9 146.8 144.6 144.1 145.2 144.1 141.5 138.4 137.2 133.3 131.7 131.8 131.6 131.9 131.4 132.7 132.5 131 130.5 131.1 131.4 131.3 134.3 139.3 144.7 150.6 151 152.8 161.8 169 166.7 164.9 159.1 154.3 149.3 144.9 138 134.7 133.3 134.8 137.8 138.2 136.7 138.4 143 148.6 161.1 165 164.3 158.1 165.3
96.9 98.3 97.6 95.1 95.4 96 100.1 100.4 96.4 98.2 101.2 104.4 108.5 113.4 118.2 122.7 126.3 127.9 128.7 128.8 129 131.3 131.5 134.3 135.5 134.5 129.7 132.7 137.6 143.1 146.3 148 151.1 150.9 151.9 151.5 151.2 149.8 147.5 145.3 145.3 145.2 143.4 140.2 136 132.9 131.9 131.2 131.1 130.8 130.7 130.6 131.3 130.8 130.5 130.6 130.8 130.7 132.7 136.4 140.6 146.6 151.1 152.8 155.5 153 158.6 156.2 152.4 148.5 144 140.8 137.7 135.3 133.4 131.3 133.4 135.1 134 132.2 135.5 142.6 146.7 152.1 150.5 152.3 167.3
97.4 96.6 94.9 95.3 95.6 95.9 96.3 98.1 97.1 103 103.9 108.4 113.4 118.3 121 125.4 126.9 127.8 128.7 129 128.7 130.1 130.2 131.8 133.6 133.9 131.1 132.4 138.3 145.4 147.2 152 155.4 158.6 158.5 158.7 157.1 155.2 151.3 147.7 145.8 144.2 142.3 141.7 137.8 133.4 132.6 131.6 131 131 131 130.9 131.3 131.5 132.3 132.6 130.8 130.1 130.5 132.6 135.1 139.9 148.2 153.6 152.9 150.8 148.9 148.4 146.4 143.6 138.8 136.5 135.4 136.9 135.5 131.1 131.1 132.2 132.4 130.6 132.6 137.6 140.3 141.6 144.6 148.1 160.1
95.4 95 95.1 95.4 95.7 95.7 96.1 97.9 97.6 103.1 108.1 113.6 118.7 123.3 127.1 129.1 129.2 128.4 129 129.4 128.2 127 126.9 128.8 131.9 131.9 130.3 130.8 137.1 145.7 148.3 151.5 156.1 160.2 162.8 163.2 163.1 162.4 158.8 150.6 141.4 137.7 137.8 138.5 137.5 135 134.1 133.5 134.3 134.3 134 133.1 135.3 136 135.7 135.8 131.9 130.2 130 130.3 131.1 133.9 139.6 148.1 147.3 145.4 143.4 141.7 140 138.4 135.5 132.3 132 133.3 134.7 130.6 127.9 129 130 128.9 129.1 130.7 135.8 139 144.2 149.3 153.6
95.9 94.8 96 97.5 96 95.6 95.9 96.8 97.6 106.3 112.4 117.8 123.1 128.2 132.8 135 135 133.7 132 129.4 126.8 126.8 126 125.1 127.7 128.5 128.6 129.8 135.2 145 147.8 151.9 156.4 161 164.7 165.6 166.3 163.6 159.8 152.3 144.9 141.1 142.5 145.2 144.7 144.2 145.3 145.4 145.7 145.5 144.3 142.5 141.7 140 137.1 135.5 132.8 130.8 129.8 129.7 129.9 130.5 134.3 137.3 139.4 138.8 136.5 134.5 133.9 134.8 132.2 128.5 127 128.1 129.7 127 125.7 126.9 127.9 125.8 127 129 130.4 132.9 137.7 144.1 145.8
98.9 99.7 100.5 100 100.5 99.9 96.7 96.7 102.4 108.9 114.8 120.6 126.4 132.5 138.5 139.8 139.4 137.8 137.1 134.7 131 128.5 127 124.9 123.9 124.6 126.3 128.5 134.8 142.7 147.3 150.4 155.1 160 164.3 164.7 164 162 156 147.3 144 147.4 148.1 151 151.7 151.9 155.2 155.9 155.2 154.7 155.5 154.4 149.9 147.5 144.1 139.4 134.8 132.3 131.7 130.8 130.3 130.5 131 131.2 132.2 133.9 132.9 133.1 131.7 130.9 128.7 125 122.9 122.4 124.5 124.4 121.9 123.6 122.9 124.8 127.5 128.2 126.6 128.8 134.1 137.5 139.3
101.7 102.1 101.8 100.8 100.2 101.9 100.5 100.6 104.9 111.7 117.1 122.7 129.8 134.6 138.5 141.2 141.9 141.8 140 138.2 134.9 131.9 128.5 124.6 123.7 124.2 126.9 127.5 130.3 137 145.6 149.3 153.3 157.4 161.4 163.7 163.2 160 152.3 144.6 146.7 150.7 154.2 157.2 157.4 156.8 159.8 161.9 164.3 162.2 161.5 162.2 157.7 155.3 152.6 150.4 145 139.6 136 136.5 134.1 131.4 130.2 130.1 130.4 130.3 129.8 131.2 129.9 127 124.3 122.2 120.6 119.7 121 121.2 118.7 119 120.9 124.2 126 124.2 122.7 122.6 127.7 131.4 133.1
99.1 102.6 103.8 101.1 103.9 104 100.5 101.4 106.2 114.1 119.5 124.7 130.6 136.1 139.9 143.1 145.8 146.2 144.4 139.8 135.6 132.1 128.5 124.4 124.6 124.9 125.7 126.2 128.1 132.2 137.7 143.3 148.3 152.7 155.9 158.5 159.5 157.3 149.1 148.2 151.8 155.8 158.8 160.5 161.3 160.2 160.3 164.4 164.8 165.6 166 167.7 164.9 163 162 156.5 154 149.7 145.5 143 137.8 132.8 130.5 129.8 129.6 129.8 129.4 128.4 127.4 124.4 123.7 122.1 120.5 118.4 118.3 117.6 117.6 117.5 118.1 122.6 123.2 119.8 122.3 126.7 121 123.1 125.5
96.7 99.9 103.7 103 103.8 104.6 102.1 103 107.1 114.6 121.3 126.7 130.7 134.1 139.4 144 146.9 143.8 141.4 139.2 136.9 133.7 130.8 127.8 126.1 125.7 124.8 128.4 129.7 131.4 136 136.6 141.7 147.5 149.9 151.5 154.1 152.3 148.5 154.6 160.6 165.5 165.6 162 163.3 162.1 164.2 168.8 167.3 166.7 167.9 169.8 170.3 167.3 166 163.4 158.9 155.9 153.8 149.6 140.9 135.2 132.8 132.5 130.8 129.7 129.9 128.4 127.7 128.2 128.1 126.3 124.7 123.4 120.4 118.2 118.1 118.5 118.3 117.6 116.7 115.5 120.8 122.6 121.4 115 114.8
94.9 96.6 99.5 101.3 104.4 105.4 104.1 104.6 106.5 114.4 120.5 124.6 127.2 131.4 137.1 139.8 142.3 140.7 138.9 137 134.9 133.7 133.1 132.4 126.4 124.7 122.9 124.8 126.5 129.3 133.8 134.1 139.6 148.4 151.2 150.3 149.7 150.7 152.4 157.5 161.6 163.5 163.8 164.6 165.2 163.7 165.1 166.2 166.3 165.4 166.1 167.9 166.9 165.3 163.7 162.1 160.2 157.9 154.8 151.1 143.9 139.5 137.8 135.8 133 133.1 132.7 132.1 131.4 131.2 130.8 129.9 128.2 125.1 121.8 120.6 120.1 119.6 119.3 118.6 116.7 114.7 113.2 114.8 116.3 115.1 111.9
92.2 93.4 97.7 103.6 110.1 109.2 100.2 104.8 105.3 110 115.1 121.1 122.3 125.8 132 135.8 136.7 138.2 136.5 134.5 133.6 133.9 133.2 132.3 127.6 122.5 121.5 120.9 124.9 127.8 130.2 132.2 136.4 144.4 147.6 148.2 147.5 148 151.3 156.3 160.5 163.1 165.3 166.5 165.9 166.4 166.9 166.4 164 163.9 164.7 164.8 163.7 163.2 162.8 161.9 159.2 156.6 153.1 150.5 147.5 145.8 143.3 140.6 137.4 136.9 136.1 135.6 135.3 135.2 135 133.2 130.6 127.5 124.8 123.2 121.9 121.1 121.2 120.3 118.4 116.1 114.9 109.9 109 110 108.6
92.5 93.2 96.6 100.9 106.9 106.9 106 103.2 101.8 102.5 103.4 108.5 116.7 119.5 123.1 127.8 133.1 133.2 133.7 131.7 129.5 131 131.1 128.4 124.7 120.9 119.9 120.5 126 125.4 128.8 130.4 134.2 141.5 144.9 146.4 146.2 148.9 150.5 154.5 158.1 162.4 164.9 168 168.5 169.9 179.6 176.5 170.5 167.7 163.7 163 162.6 162.4 161.1 160.4 159.6 156.7 153.5 149.8 148.1 146.6 144.3 142.4 140.7 142.4 140.8 139.3 138.8 139 139.3 138.7 137.1 134.9 130.4 127 125.2 123.7 122.6 121.3 119.9 118.1 116.2 113.5 109.5 107 106.7
90.2 90.4 92.9 98.3 101.8 103.9 104.2 103.4 102.2 99.1 100 100.5 102 112.3 116.5 118.6 128.2 128.1 129.6 128.9 125.9 126 124.4 123 119.9 117.5 119.1 119.5 121.9 124.3 126.2 130.1 137.5 145.6 147.8 148.3 147.8 150.8 153.2 152.8 156.8 159.8 163.1 166.4 170.4 170.8 171.8 178.3 172.6 168.5 166.1 165.6 163.9 163.6 161.8 160 158.3 155.7 152.1 150.1 148.7 146.5 145.3 145 143.9 146.1 145.1 143.6 142.1 143.8 144.9 145.1 143.7 143.2 140.3 136.7 133.9 130 125.8 122.4 121.6 121.6 121.9 119.8 116.8 113.4 109.7
88 87.4 90.6 96 100.1 100.5 100.9 101.5 101.8 100.1 97.2 95.8 92.8 99.3 108.2 113 117.4 123.2 124.1 125.2 123 120.7 118.7 116.7 114.5 120 119 117.4 120.7 123.2 125.3 133 144 146.9 148.7 148.1 150.8 151.6 150.8 152.9 155.3 157.7 158.8 161.2 164.6 167.8 169.1 170.5 167.1 172.6 171.9 168.3 166.3 170.4 172.9 165.5 157.9 153 151.8 151.5 149.3 148.3 149.7 149.2 146.4 147.2 148.2 147.2 146.6 148.8 150.3 151.5 150.4 150.8 149.7 147.1 145 140.7 135 128.4 122.8 124.1 125.3 125.5 126.9 124.2 118.8
86.8 86.2 87.6 92 100.5 100.4 97.3 97.8 98.5 97.7 95.6 91.3 90.1 89.9 97.7 107 112.8 118.4 119.3 119.4 118.8 117.2 116.2 114.1 111.5 113.7 113.8 115.6 119.8 123.1 124.1 133.8 144.4 146.2 146.4 147.1 151.4 151.4 151.2 152.4 152.7 154.5 156.2 157.1 159.6 162.8 166.8 164.6 164 175.8 177.8 171.9 171.9 179.4 181 174 164.9 156 154.6 153 151.7 151 151.3 149.8 148.2 150.2 151.2 151.8 152.4 153.7 155.4 156.4 155.8 157 159.5 159.1 157.4 152.9 148.9 141.1 132.8 129.3 127.8 126.8 125.3 122.5 121
86.8 85.6 87.1 91.9 101.2 98 97.8 95.5 94 93 92.1 89.1 85 84.7 93.7 100.1 107.4 110.1 114.2 115.5 115.6 116.8 116 113 111 110.6 112.1 114.8 117 119.4 119.4 126.7 139.5 142.3 143.4 146.3 149.2 150.2 151.3 152.1 151.4 150.9 153 155.4 156.2 157 159.7 160.2 160.7 170.4 175.1 171.8 180.3 185.3 184.9 181.9 169.5 161.1 157.1 156.2 155.4 154.1 153.2 151.1 149.8 153 154.7 160.1 164 164.9 163.3 160.8 159.6 158.8 160.7 163.2 160.1 155.2 152.9 149.7 145.9 139 131.3 126.7 125.4 122.4 121
86.7 85.2 85.1 90.5 96.9 94.6 94.4 93.4 90.6 88.7 87.8 86.6 83.1 84.1 83.2 91.1 99.6 104.6 109.5 112.8 113.2 113.6 112.8 111.6 110.4 109.4 110.2 113.3 114.9 116 120 127.4 137.4 140 142.4 144.8 147.1 148.4 149.8 149.8 149.2 148.2 150.2 151.7 151.9 152.1 154 155.6 154.4 159.6 164.3 165.1 174.6 183 180.6 179.3 171 163 158.9 157.7 158 156.8 155.5 153.6 151.7 153.7 160.3 170.8 185.3 187.6 176.7 168.3 165.5 163.1 162.2 161.4 159.6 156.9 153.8 150.7 147.2 143.1 138.5 131.8 126.5 124.2 122.8
87.8 86.5 84.6 86.4 87.6 89.6 90.7 89.7 87 85.8 83.7 82.5 81.8 81.2 81.1 82.6 92.7 94.5 104.4 110.3 109.2 109.6 109.8 109.3 107.9 106.7 107.2 110.5 111.6 115 120.3 129 136 138.9 139.8 144.1 146.1 147.2 147.1 145.8 144.4 144.9 146.3 147.7 148.3 147 150 152.6 153.5 152.7 153.8 158.4 162.5 171.1 177.8 175.1 169.5 162.3 159.3 158.8 157.8 157 157.6 156.3 155.9 158.8 164.7 173.7 184.2 184.8 184 182.1 182.4 172.7 167 163.5 160.8 158.1 154.9 152.1 149.8 145.6 141.3 137.3 131.8 127.8 124.8
86 86.4 85.3 84.1 83.5 85.8 86.5 85 84.1 83.9 81.6 81.8 81.4 81 80.7 80.8 83.8 90.5 94.2 99.8 102.8 105.8 106.1 107 105.7 102.7 107.6 108.9 111.7 116.1 119.4 128.5 135.1 138.1 137.8 143.7 145.2 146.3 144 143.4 141.1 143.5 143.5 144.6 143.9 142.2 142.5 149.3 148.7 148.7 150.5 153.1 154.7 159.3 165.9 169.5 164.9 159.2 159.8 160.3 158.8 159.4 159.7 160.9 162.8 165.8 168.6 171.8 179.1 180.1 178.9 177.5 175.7 179.4 176.9 172.9 162.6 159.2 156.4 153.6 152.1 149.1 145.3 141.2 136.9 134 130.2
83.5 84.3 84.9 84 82.6 82.1 83.1 82.2 81.6 82.7 81.5 81.4 81.2 81 80.8 80.6 81.2 86.2 91.1 94.7 99.6 100.1 99.4 101.4 102.3 102.3 108 108.9 110.3 114.6 116.5 126.9 131.9 136.1 133.9 140 141.8 144.7 143 143.4 142.7 143 142.8 141.3 139.4 137.4 138.5 141.2 144.2 146 148.5 150.7 152.1 153.3 154.7 160.5 158.6 159.5 165.9 168.7 169.5 170.9 172.3 167.9 167.7 168.9 171.1 173.1 175.3 177.2 176.4 175.4 171.6 171.3 175.8 173.9 169.6 165.6 160.6 156.3 154.2 152.3 148.9 145.5 141.5 138.5 135.7
83.3 84.5 84.8 83.7 82.1 81.1 81.2 82 81.3 81.1 81.5 81.2 81 80.7 80.5 80.5 80.4 82.8 86.4 88.6 92.8 94 93.9 97 99.5 98.7 101.5 107.2 109.3 111.3 114.9 120.1 126.9 127.5 131.6 137.4 139.5 141.9 141.5 144.2 141.8 140.1 141.1 139.9 137.1 135.6 137.6 140.1 144.1 144.2 145.9 147.6 148.8 149.6 151.1 151.7 152.8 155 161.5 168.7 172.1 171.7 171.9 172.5 172.1 171.8 171.1 170.9 172.2 174.4 172.7 170.4 169.4 169.7 169.4 168.4 168.6 165.7 162.3 158.4 156.8 154.6 151.1 148.4 145.7 142.7 139.8
