data/NS50.asc
ncols 200
nrows 200
xllcorner 250000
yllcorner 600000
cellsize 50
[rows 105 to 139 of 200, columns 78 to 155 of 200]
447 445.8 444.2 444.2 442.2 446.2 450.8 456.6 462.1 465.9 468 469 469.8 470.9 468.7 466 461.8 458.5 453.7 446.8 440.7 435.7 430.9 425.6 418.1 411.9 404.5 407.8 413.9 418.9 424.2 426 427.9 428.2 426.9 425.7 422.5 419.3 416.1 413 412.4 410.1 408.6 410.1 412.8 414.7 415.6 416.5 417.4 418.3 418.2 417.3 415 413.1 411.1 406.5 401.7 395.8 387.5 383.5 391.5 399.2 408.5 422 436 450.1 461.4 467.3 466.3 459.7 440.3 415.4 394.8 374.4 356.5 346 343.9 348
441.5 441.5 440.3 437 440.9 444 447.1 450.8 455.2 458.5 459.5 459.9 460.8 462.2 462.8 460.9 459.2 458.3 455.1 448.2 441.2 436.1 431.7 427.2 420.1 414.5 407.4 402.9 409.5 413.6 417.7 420.5 421.1 421.9 421.3 420.4 417.5 414.5 411.4 409.6 408.9 407.1 403.7 405 408.1 411.5 414.1 415 415.9 415.9 414.2 413.3 411.1 408.8 406 401.5 397.1 392.7 385.8 383.6 390.9 398.2 408.2 421.5 434.7 447.7 457.2 462.4 459.6 450.5 429.8 408.6 389.1 369 349.8 343.3 342.6 350.5
436 436.2 435.8 432.2 437 439.6 440.7 444.6 448 450.7 452.2 452.4 452.6 452.7 454.1 455.7 455 454.9 454.2 448.4 442.2 436.8 432.6 428.4 423.3 417.9 412 400.6 398.9 406.7 410.3 413.4 415.1 415.8 416 414.4 412.5 409.6 406.5 405.9 403.7 402.4 396.9 400.2 403.7 407 410.2 413.5 413.5 412.4 410.7 409.2 407.1 404.8 401.8 397.6 393.4 389.1 382.9 381.7 389.2 396.8 407 420.1 432.9 444.1 452.7 455.8 451.4 439.6 419 401 382 363.2 347 341.4 346.6 353.8
430.4 430.3 429.6 423.8 431.9 432.5 433.8 436.8 440.4 443.1 444.6 445.1 445.5 445.9 445.7 448.4 450.5 451 450.9 448 443 437.8 433.3 429.4 425 420.3 413.7 406.2 391.6 399.1 403.5 406 407.9 409.2 409.2 408.3 406.9 404.7 402.5 399.7 398.2 396.5 389.8 396.4 400.1 403.3 406.5 409.6 410 409 407.4 405.6 403 400.6 397.3 393.4 389.2 384.7 377 379.1 388 396.3 406.2 418.3 430.8 440.3 448.9 448.9 442.4 428.5 410.6 392.4 374 356 340.3 340.3 349.5 357.2
423.7 423.8 423.2 419.7 426.9 426.4 426.7 429 432.5 435.3 437 437.8 438.4 439 440.1 441.3 444 446 446.5 444.8 441.9 438.7 434.2 430.5 426.2 422.1 415.8 407.8 395.4 384.4 394.2 398 400 401.1 400.8 400.8 400.4 398.2 395.6 393.1 391.7 389.9 386 392.4 396.4 399.6 402.8 405.6 405.6 405.2 404.1 402.1 399.3 396.1 392.8 389 384.2 378.7 371.8 378 387.5 395.6 405.5 417.6 428.4 436.9 443.7 441.1 432.4 417.7 400 381.4 362.9 342.8 338.9 345.5 352.5 361
416.9 417 416.1 415.8 419.4 419.1 421.1 422.1 425.6 428.1 429.7 430.7 431.5 432.1 433.7 434.9 437.7 440.3 441.9 441.6 438.7 436 433.2 429.4 425.7 421.2 414.9 408 400.6 381.5 383.3 387.3 391.4 392.5 392.5 392.5 391.6 388.9 385.5 385.6 385.2 383.8 383.7 388.5 392.1 395.4 398.9 401.5 402 401.4 400.7 398.5 394.9 391.5 388.2 384.2 377.8 372.8 367.2 377.9 387.1 395.2 404.5 416 426.4 435.3 438.9 433.2 422.7 407.3 389.2 370.6 352.4 337.3 339 347.7 356.6 365.5
410.1 409.1 407.7 405.4 412.3 412.4 414.3 415.7 418.7 421.3 422.5 423.5 424.6 425.3 426.9 428.5 431.1 434.2 436 437.5 436.2 433.5 430.9 427.4 423.8 420 413.3 405.7 398.1 386.9 376.5 378.8 383.5 384.5 384.4 384.3 382.7 379.9 376.5 376.7 377.7 377.3 379 383.1 386.9 390.2 393.8 397.4 398.8 398.7 397.1 394.8 390.5 387 383.8 380.9 376.2 367.1 367.9 379.1 386.2 394.1 403.5 414.2 424.4 434 434.9 425.9 413.9 397.8 379.9 360.9 344.1 336.9 342 351.3 361.4 372
403.8 402 400.2 399.1 404.2 404.9 406.4 408.5 411.6 414.2 415.3 416.3 417.4 418.4 420.1 421.9 423.9 426.8 430.2 432.7 433.3 431.1 428.5 425.5 421.8 417.8 411.2 403.6 396.6 390.9 384.5 370.3 374.5 376.5 376.7 375.9 373.1 369.8 367.6 367.7 368.6 366.9 371.8 376.6 381.3 385 388.6 392.2 393.6 394.8 393.3 391.1 387 382.9 380.8 377.9 373.4 361.1 370.3 378.5 385.5 393.1 402.9 412.5 422.3 431.8 429.7 419 405.8 388.1 370.7 353.3 339.7 338.2 346 354.1 365.1 380.4
398.6 397.3 396.6 395.1 397.5 398.1 397.4 398.5 403.9 407 408.4 409.4 410.5 411.6 413.5 415.3 416.6 419.9 423.4 426.5 428 428 425.8 423.1 419.3 415.1 409.7 403 396.3 389.8 384.3 379.1 367.8 369.1 368.8 367.3 362.8 363 363.7 362 360.9 359.5 363.3 367.4 372.4 379.5 383.2 386.5 387.9 388.7 389 386.5 382.1 378.7 375.7 373.1 370.1 357.7 369.7 374.9 383.2 392.1 401.9 410.7 418.7 426.6 420.6 410.4 396.6 380.4 362 340.7 334.3 339.6 347.7 357.8 371.9 390.7
395.3 393.5 394.2 393.3 393.3 391.8 390.2 392.6 397.4 400.2 401.4 401.7 403 405 406.8 408.7 410.6 413.2 416.6 419.7 422.4 422.6 421 418.5 415.3 411.8 407.2 400.6 394.1 387.2 380.8 376.2 367 363.2 363.2 362.1 359.9 361.3 362.4 362 359.4 353.1 354.7 358.1 365.5 373.3 377.8 380.7 381.9 382.5 382.2 379.7 376.2 373.3 370.2 366.9 363.9 356 365.2 371 379.6 389.8 399.1 407.4 415 417.1 411.3 402.2 388.8 372.4 353.8 339.4 333.7 340.8 350.1 361.8 378.4 402.9
399.3 395.2 393.4 392.2 392 394.1 395.2 391.1 390.5 394.4 394.8 392.9 391.9 393.7 396.5 399.6 402.9 406.5 409.8 412.6 414.8 415.9 414.9 414 411.2 408 403.4 397 390.1 383.1 377 371.6 365.4 361.7 358.9 359.4 358.9 360.4 362.8 362.1 359.2 351.9 346.3 345.3 357.1 364.5 368.3 371.4 374.2 376 374.3 372.1 369.5 366.7 363.5 361 359.1 351.2 360.8 367.9 376.9 386.5 395.7 403.4 409.5 409.7 404.2 394.2 380.1 363.9 347.3 333 332.6 342 352 365.5 385.1 411.6
403 399.3 397.4 397.1 396.4 397.9 398.6 396.1 385.5 390.9 390.2 388.1 386 385 386.5 389.4 392.4 396 400.2 404.3 406.6 408.4 407.7 407.1 405.3 402.8 398.6 391.9 384.9 378.2 371.5 365.9 363 360.6 358.6 355.5 356.6 356.1 357.7 356.3 352.8 348.4 351.2 345.4 348.2 353 357.7 361.8 364.6 365.7 364.8 363.5 361.4 359.5 357.3 355.6 350.1 346.8 355.7 364.4 372.7 382 391.9 399.3 403.7 402.7 397.4 385.9 370.8 355 337.2 332.7 334.1 343.8 352.8 366.6 390 415.4
407.6 402.1 401.9 401.4 400.9 401.6 401.4 399.4 394 385.3 383.9 383.4 382.4 382.3 379.7 380.1 383.7 386.4 389.4 393.9 398.6 400.5 400.8 400.4 398.7 396.5 392.6 386.8 379.9 373.2 366.7 362.7 360.7 358.7 357.2 354 353.6 353.1 351.3 349.8 354 356.5 354.7 350.8 343.3 340.6 345.9 351.6 354.7 356.1 355.7 355 354.1 352.5 349.6 348.8 344.3 342.5 350.1 360.1 368.8 377.5 385.5 391.9 396 396.2 390.4 376.1 360.9 348.1 335.5 329.8 337 344.3 353.2 367.7 388.3 413
413.1 411.4 408 408.1 407.9 407.9 406.3 403.1 397.3 391.1 388.3 386 383.1 385.5 387.1 380.6 378.7 381.3 382 384.1 387.1 390.3 392 392.8 391.7 389.1 385.4 380.2 373.9 368.3 363.2 359.9 357.3 358.8 358.2 357.4 357.5 358.6 358.5 359.7 359.6 359 356.9 352.1 347.6 339.8 336.2 342 345.1 346 345.7 344.6 344.8 342.7 339.6 339.7 334.6 338.6 346.2 354.8 363.1 371.3 377.5 382 384.7 385 377.8 366.3 353.9 342.4 333.1 330.7 337.9 344.6 353.8 365.6 383.3 403.4
419.9 419.1 415.7 415.5 414.2 412.7 410.8 406.7 402.7 397.1 392.3 388.7 387.9 387.2 387.3 385.8 380.2 375 377 379.6 380.6 380.7 382.1 383.2 383.5 380.8 377.7 373.1 368.5 363.8 361.4 357.8 361.3 361.1 360.3 360.5 361.5 362.2 363 361.7 361.7 361.9 359.3 352.5 345.8 340.9 338.2 334 336 336.1 334.9 333.4 333.7 331.9 331.2 330.5 329.8 335.2 341.7 348.5 355.4 362.2 367.9 369.9 372.3 371.2 365 357.5 347.4 337.1 328.7 332 338.6 345.4 352.9 360.8 375 391.6
427.1 426.3 424.1 421.5 419.8 417.6 415.3 410.7 406.1 401 395.8 391.2 389.1 388.2 387 385.2 382.1 377.3 373.5 375 375.2 374.5 376.4 375.9 375.8 372.9 369.6 366.5 362.6 360.9 360.8 363.8 363.5 363.2 364 365.2 366.4 367.2 366.8 366.5 366.2 366.7 363.4 356.7 349.2 345.7 345.9 342.4 338.8 336.2 335.1 334.9 328.4 326.6 326.7 325.5 326.2 330.1 335.5 340.6 346.9 353.2 358.4 360.3 360.8 358.8 355.8 348.8 339.6 331.6 328.8 334 340 345.7 351.5 356.8 365.6 378.2
432.1 434.1 431.8 428.2 426.4 422.5 419 413.6 408.8 403.9 398.8 393.2 390.7 389.1 387.2 385.5 382.1 376.9 374.4 374.2 372.1 371.5 371.3 372 366.8 366.4 368.4 366.8 366.6 366.5 366.3 367.8 367.6 368 368.5 369.7 371.1 372.1 372 372.4 372 371.4 369.3 365.2 359.4 354.9 353.1 350.9 347.2 346.1 344.3 341.7 334.3 330.4 325.8 322.4 322.5 326.2 329.5 333.3 338.6 344.3 348.9 351.1 351.1 349.2 345.4 341.3 334.2 326.5 330.5 336.5 341.6 344.1 349.3 354.3 359 365.2
437.5 440.6 438.4 436.1 433.5 428 424.2 419.1 414.3 408.2 402.2 395.6 391.7 389.3 387 385.7 381.1 378.4 376.4 375.2 374.5 374.2 370.8 373.1 374.2 373.6 373.3 372.2 371.1 371.5 371.7 371.9 372.4 372.7 373.1 374.2 375.5 377.1 378 378.4 378 377.5 378.6 375.6 370.3 365 358.5 355.9 353.4 352.4 350.1 344.7 334.5 330.9 327 323.5 319.1 320.8 323.3 327.6 332.3 337.4 340.8 343.4 342.5 339.8 338 335.8 330.6 325.5 329.3 334 338.3 340.7 346.6 351.4 355.9 361
441.1 444.9 446 444 442.3 439.4 432 425.7 419.5 412.6 407.7 397.7 393.9 390.5 387.2 387.3 386 383.7 381.5 380.7 380 379.3 378.5 379.3 379.6 379.3 377.7 376 374.8 374.5 374.9 375.4 375.8 376.3 376.8 378.4 380 381.3 383.6 386.7 387.6 387.5 386.6 385 380.4 375.1 365.2 359.2 356.2 353.2 349.6 345 337.4 331.9 328.3 324.6 320.5 317 320.7 324.4 328.2 330.6 332.9 335.3 335.3 333.2 332.6 332 329.8 324.9 326.1 330.6 333 335.4 341 348.8 354.1 357.4
446 450.1 452.4 451.1 448.6 445 441.1 434.1 424.7 417.2 411.3 403.2 396.4 391.9 390.2 390 390.3 388.6 386.9 386.6 385.9 385.9 385.9 385.3 384.4 382.7 381 379.3 378.4 378.2 377.8 378.2 378.6 379.1 380.4 381.7 383.3 386.4 390.7 393.4 395 395.2 395.3 392.7 388.9 382.9 374.4 361.8 357.3 353.1 349.2 345 339.4 333.9 329.3 324.6 320.5 317.5 319.1 321.2 323.4 325.8 327.7 329.3 329.4 327.7 327.2 327.4 326.4 323.9 325.9 327.2 330.1 333.9 335.3 341.7 351.3 356.3
450.6 454.3 457.1 456.1 453.8 450.3 446.8 441.2 432.8 424.4 416.5 408 399.5 394.9 393.3 393.2 394.2 393.3 392.6 392.6 393.1 393.6 393.8 393 390.2 386.6 385 383.4 381.6 381.2 381 381 381.4 382.3 384 385.1 388.1 394.2 397.9 400.2 401.8 403.3 403.3 400.4 397.2 390.6 383 374.8 364.5 356.2 351.7 347.3 343 337.2 330.5 324.9 320 315.8 315.9 317.4 318.9 319.7 321.3 323.2 323.1 321.5 322 322.2 322.3 322 326.3 329.3 334 337.4 339.5 340.3 340.8 344.9
453.9 457.2 459.7 460.8 458.3 454.5 450.5 445.3 438.6 428.2 420.4 412.3 403.6 397.3 396.1 396.9 397.7 398.2 399.3 399.9 400 401 401.6 401 397.8 393.2 390 388.2 385.1 384.2 384.1 384.2 384.2 385.9 387.5 389.1 395.8 400.7 405.1 407.2 408.9 410.5 411.4 408.5 404.7 398.3 390.9 382.3 372.4 364.5 358.8 352.7 346.8 340.4 333 324.9 318.1 314.7 313.5 315.7 315.6 314 315.3 316.6 316.8 317.1 318.5 319.7 320.8 324.4 328.5 332.6 337.2 341.8 346 348 346.5 346.3
456.9 459.5 461.7 463.2 461.4 457.9 454.2 448.6 441.8 432.6 424.4 416.5 406.4 400.8 399.9 400.9 403.3 405.7 407.1 407 406.8 407.9 408.8 407.9 405.1 400.4 395 392.8 389.5 388.3 387.6 387.4 387.8 389.4 390.3 397.2 402.1 407 411.3 414.1 416.4 418 418.7 415.6 412 405.6 398.5 388.7 378.2 369.4 362.8 355.4 350.2 342.4 333.9 324 315.6 314.6 312.5 313.2 314.3 316.2 316.1 316.4 317.2 318.5 319.7 322.4 325.6 329.2 333.4 337.3 341.8 346.3 350.9 354.3 357.8 357.6
462.2 464 464.3 465.8 463.5 461.1 457.3 450.8 443.8 435.2 427.4 420.4 412 404.1 406.7 408.7 410.4 411.8 412.9 413.7 414.1 415 414.6 414 411 406.9 401.5 397.3 394.1 392 391.2 390.9 392.3 394.9 399.1 403.8 408.5 413.1 417.1 420.3 422.6 424.9 425.1 421.1 417.3 411.3 404.2 394 383.3 373.7 365.4 355.2 349.2 341.4 331.2 320.5 314.2 312.3 312 314.7 314.6 315.9 318.2 318.8 318.6 320.6 324.7 327.4 330.8 334.5 338.2 342.2 346.6 351.1 355.5 359.9 364.5 368.9
467.5 468.3 468 468.3 466.2 463.8 459.2 452.4 445.6 437.2 428.5 422.9 414.9 409.6 411.5 413.4 415 416.5 417.7 418.9 420.6 422 422.4 419.9 416.8 412.3 407.7 403.6 399.3 397 395.1 395.5 398.1 401.3 404.4 408.2 412.4 417.1 421.6 425.8 428.4 430.8 431.5 426.5 421.7 415.3 408.5 398.7 388.2 378.7 368.7 356 346.1 337.2 326.5 316.8 311.7 311.7 312.6 314.2 315.6 318.3 323.1 326.1 327.3 330.1 331 332.8 336.1 339.8 343.4 347.6 352.1 356.5 361 365.4 370 373.4
472.3 472.3 471.6 470.6 468.5 465.1 460.4 453.8 446.4 437.9 429.4 424.6 419 413.5 414.7 416.9 419.2 421 422.4 423.9 425.9 427.8 427.9 425.9 422.3 417.7 413.4 408.4 402.8 400.5 399.7 399.9 400.9 404 407.4 411.7 416.4 421.1 425.7 430.2 434 436.9 436.1 429.4 423.4 418 411.2 401.6 390.2 379.6 368.6 352.1 340.4 331.7 323.5 314.5 310.7 312.6 313.1 314.3 318 321.5 325.2 328.9 331.6 334 335.4 337.7 341.1 345 348.7 353.1 357.6 362.1 366.6 370.9 374.7 378.4
475.9 475.2 474.1 472.8 469.6 465.7 461 454.7 446.7 438.1 430.6 426.5 422.5 418 417.5 419.7 422 424.3 426.6 429.3 431.5 433.2 433.7 432 427.8 422.9 417.6 412.3 406.4 403.9 402.1 401.2 401.7 404.8 408.9 414.2 419.4 424.1 428.5 433.3 435.7 437 433 426.2 419.1 412.3 405.4 396.7 386.2 374.9 362.1 346.3 334.2 325.4 316.9 310.4 311.7 312.6 314.1 314.7 319.6 324.6 327.6 330.5 333.7 336.7 339.9 342.6 345.5 349.9 354.2 358.9 363.6 368.1 372.5 377.5 382.2 385.8
477.9 476.6 475.2 472.5 468.7 464.6 458.9 452.2 444.7 437.7 431.4 427.2 423.4 421.5 420.9 422.5 425.6 428.6 431.7 434.3 435.9 436.7 437.3 435.5 431.8 426.4 421.5 416.3 410.7 407.1 403.7 400.9 401.4 405.2 410.2 415.5 420.2 424.1 427.9 431.4 433.4 433 427.5 419.7 411.6 403.4 396 387.8 377.8 366.3 353.7 339.4 329.7 320.8 313 310.4 311.1 311.6 313.7 316.1 320.6 326.3 330.9 333.8 337 340.2 343.4 346.5 349.6 354.3 359.8 364.9 369.6 374.1 378.9 384.3 389.9 393.8
478.2 476.4 473.9 470.5 466.6 462.4 456.2 450.3 444.2 437.2 431.4 427.5 425.2 424.4 425.5 427.4 430.5 433.2 435.5 437.5 439.3 440.1 439.8 437.3 433.1 428 422.8 417.2 412.4 406.9 403.6 400.4 399.3 403.3 408.7 413.5 417.3 421.6 425.8 428.9 429.7 426.9 422.1 413.5 404.6 395.7 386.8 378.1 369.2 357.7 345.3 334.4 325.3 316.8 310.2 309.3 310.6 310.7 312.7 317.7 323.4 328.3 333.8 337.2 340.4 343.6 346.8 350.1 353.9 359.4 364.9 370.3 375.5 380.1 385.2 392.2 397.8 401.6
476.4 473.8 471.1 467.4 463.5 458.1 452.8 447.5 442.2 435.8 431.4 429.6 428.3 428 429.5 431.2 433.7 436.1 438.2 440.1 441.5 441.1 439.4 435.8 431 426.3 421.8 417.2 411.7 405.5 401.3 397.9 397 399.7 404.8 409.9 414.4 418.4 421.7 424 423.9 421.2 416.3 406.8 396.8 387.7 378.8 369.4 360.2 348.8 337.5 328.2 319.2 313 309.6 308.8 309.6 310.2 316.4 321.4 327.7 333 338.1 341.9 345.2 348.5 351.8 355.1 359 364.4 369.9 375.4 380.9 386.2 393.2 400.1 405.7 410.3
473.7 471.4 468.2 464.3 459.2 453.8 449.1 444.2 439.4 434.9 431.8 429.7 429 430 432.1 433.8 436.3 438.4 440.4 442.2 442.6 441.4 438.7 433 427.5 421.2 417.1 413.2 408.5 403.4 398.8 395.9 393.3 394.6 398.4 403.7 409.5 414.5 417.1 417.9 416.1 413.2 409 400.7 390.7 380.9 371.7 362.3 350.7 338.8 327.1 319.1 312.9 312.2 309.6 307.2 308.7 311.4 321.3 327 332.6 338.2 343.4 347.7 351 354.3 357.6 360.9 364.8 369.3 374.7 380.2 385.7 392.1 398.7 405.7 411.8 416.8
470.9 469 465.7 461.5 456.6 450.7 445.9 441.4 436.4 433.4 431.3 429.9 429.2 431.3 433.6 435.9 438 439.9 441.8 443.2 443.6 441.1 435.6 429.3 421.7 416.2 412.3 408.7 404 398.8 394.8 391 388 389.8 392.8 396.3 402.2 406.9 408.8 410 409.1 406 401.2 394.3 384.5 373.1 363.2 353.3 341.3 326.6 316.2 311.4 312.6 313.3 310.8 308.1 307.9 317.6 325.8 332 337.6 343.1 348.7 353.3 356.8 360.2 363.4 366.6 370.6 375.1 379.6 385 391.4 397.4 403.2 410.2 417 422.1
468.2 466.5 463 458.6 454 447.9 441.9 438 434.6 431.2 430 428.3 430.3 432.5 434.7 437 439.3 440.4 441.1 441.5 439.9 436 430.1 422 416.8 411.8 408.3 403.9 399.3 394.4 390.3 386.5 382.9 383.9 386.8 390.4 393.3 398.6 400.7 401.9 401.3 398.6 392.7 386.1 375.4 363.8 353 342.3 328.8 318 310.5 313.4 314.1 313.3 310.9 307.6 313.9 321.6 329.4 336 342.1 347.7 353.3 359 362.6 365.9 369.1 372.3 376.4 380.6 384.5 389.2 395.3 401.2 407 414.1 421.3 427.3
465 462.3 458.3 453.7 449.3 444.2 438.4 434.2 431.2 429.3 428 427.1 430.4 433 435.4 437.4 439 439.4 440.2 439.2 435.8 430.8 423.5 416 412.3 407.9 403.8 399.1 394.5 389.8 385.7 381.6 377.7 376.9 379.9 382.8 386.7 389.7 390.3 390.9 391.1 388.5 379.8 373 363 352.4 341.3 330 320.6 310.4 313.2 314.7 314.6 311 308.6 308.2 317.5 325.4 333.8 340.6 347.1 353.4 360.2 365.8 369.3 371.1 374.3 377.1 380.1 384 388 393 398.2 404.3 410.5 417.1 423.9 431.4
457.4 457.2 453.5 448.9 444.5 440.1 435.5 431.2 428 427.7 423.8 426 429.5 432.9 435.1 437.1 438.2 438.1 437.2 435.3 430.6 424.2 417.5 411.2 406.6 402.9 398.8 394.7 390.1 385.4 381.2 376.5 372.8 370.1 371.3 373.8 377.5 381.2 380.9 380.3 379 374.7 367.4 358.9 349.7 340.6 330.1 321.9 316.2 311.1 313.9 314.7 310.6 306.3 309.9 318 320.9 329.7 338.2 346 353.1 360.5 369.1 374.2 376.9 378.1 379.2 381.4 383.5 387.4 391.9 396.9 401.8 407.2 413.2 419.9 426 432.7
