data/NS69.asc
ncols 200
nrows 200
xllcorner 260000
yllcorner 690000
cellsize 50
[rows 38 to 75 of 200, columns 86 to 171 of 200]
17.1 16.9 16.7 16.6 16.5 16.3 16.2 16.4 16.5 16.7 17.2 17.1 16.9 16.8 16.6 16.7 16.9 16.3 15.6 15.2 14.5 14.3 14.2 14 13.8 13.7 13.6 13.6 13.4 13 12.7 12.3 12 11.6 11.3 11.3 11.7 11.7 11.7 11.7 11.6 11.6 11.7 11.7 11.7 11.6 11.5 11.3 11.2 11.1 11 10.8 10.7 10.6 10.5 10.4 10.6 10.8 11.1 11.4 11.9 12.5 13.4 13.1 12.8 12.5 12.2 11.9 11.6 11.5 11.3 11.2 11.1 11 10.8 10.8 11.4 11.4 11.4 11.3 11.5 11.7 18.5 18.9 18.8 18.6
17.4 17.3 17.2 17.1 17 16.8 16.6 16.7 16.9 17.2 17.2 17.1 16.9 16.8 16.7 16.7 16.7 16 14.8 13.6 13.6 13.6 13.6 13.6 13.6 13.6 13.6 13.6 13.3 12.9 12.4 12.1 11.7 11.4 11.1 11.4 11.8 11.9 11.8 11.8 11.8 11.8 11.7 11.8 11.8 11.7 11.6 11.4 11.3 11.2 11.1 10.9 10.8 10.6 10.5 10.4 10.7 10.9 11.2 11.4 11.7 12.3 13.4 13.3 13 12.6 12.2 11.8 11.5 11.2 11.6 11.5 11.4 11.3 11.1 11.5 11.7 11.7 11.6 11.8 11.6 11.3 14.1 16.7 16.2 14.2
17.3 17.1 17 17 17.2 17.3 17.2 17.1 17.2 17.4 17.2 17.1 17 16.8 16.8 16.8 15.9 14.4 13.3 13.5 13.6 13.6 13.6 13.6 13.6 13.5 13.5 13.5 13.2 12.8 12.3 11.9 11.5 11.2 11.1 11.4 11.7 12 12.1 12 12 11.9 11.9 11.9 11.9 11.8 11.6 11.5 11.4 11.2 11.1 10.9 10.8 10.6 10.5 10.5 10.7 11 11.2 11.5 11.7 12 13.2 13.2 12.8 12.4 12 11.8 11.4 10.8 11.2 11.7 11.7 11.5 11.6 12.3 12.2 11.9 11.9 11.6 11.3 11.3 11.2 11.5 11.8 11.8
17.1 17 16.8 16.7 16.9 17.1 17.4 17.5 17.5 17.4 17.3 17.1 17 16.8 16.9 16.6 12.8 12.6 13.3 13.3 13.4 13.5 13.5 13.5 13.5 13.5 13.5 13.5 13.1 12.7 12.2 11.8 11.4 10.9 11.1 11.4 11.7 11.9 12.2 12.3 12.3 12.2 12.2 12.1 12 11.8 11.6 11.5 11.3 11.2 11 10.9 10.7 10.6 10.6 10.6 10.8 11 11.2 11.4 11.6 11.8 12.8 13 12.6 12.2 12 11.7 11.3 10.6 10.8 11.2 11.7 11.9 12.2 13 12.6 12.3 12.4 12.4 12.4 12.2 11.1 11.8 12 11.9
16.9 16.8 16.6 16.5 16.6 16.8 16.8 16.4 15.8 15.3 15.5 15.7 16 16.4 15.8 12.5 12.8 12.8 13.1 13.2 13.3 13.4 13.5 13.5 13.5 13.5 13.5 13.5 13 12.6 12.2 11.7 11.3 11.1 11.1 11.3 11.6 11.9 12.2 12.4 12.6 12.5 12.5 12.4 12.3 12.1 11.8 11.5 11.3 11.2 11 10.9 10.8 10.7 10.7 10.7 10.4 10.3 10.9 11.3 11.4 11.6 12.3 12.8 12.5 12.2 12 11.7 11.2 10.5 10.3 10.8 11.2 11.9 12.3 11.9 12.8 12.5 12.6 12.8 12.8 12.7 11.5 12.3 12.1 12
16.5 16.5 16.4 16.4 15.8 15.2 14.8 14.4 13.9 12.9 12.5 12.5 12.6 13.7 13.9 12.4 12.7 12.9 13 13.1 13.2 13.3 13.4 13.5 13.5 13.4 13.4 13.4 12.9 12.5 12.1 11.7 11.5 11.3 11.2 11.4 11.6 11.9 12.1 12.4 12.7 12.8 12.7 12.7 12.6 12.3 12.1 11.8 11.5 11.2 11 11 11 11 11 11 10.8 10.5 10.2 9.9 9.6 9.3 11.4 12.1 12.4 12.2 11.9 11.7 11 10.3 9.9 10.6 9.8 11.7 11.4 11 12.7 12.8 12.7 12.6 12.5 12.5 12.1 12 12.3 12.2
16.7 16.6 16.6 16.3 15 14.3 13.7 13 12.5 12.4 12.3 12.3 12.2 12.1 12.1 12.3 12.6 12.8 13 13 13.1 13.2 13.3 13.4 13.4 13.4 13.4 13.3 12.8 12.4 12.1 11.9 11.8 11.5 11.2 11.4 11.7 11.9 12.1 12.4 12.6 12.9 13 13 12.8 12.6 12.3 12 11.7 11.4 11.1 11.2 11.3 11.3 11.3 11.3 11.2 10.9 10.6 10.3 10 10.7 10 10.1 11.4 12.1 11.9 11.6 10.9 10.2 9.5 10.2 8.8 11 8.8 11.5 11.8 12.6 12.5 12.4 12.2 12.2 12.2 11.2 11.6 11.8
16.9 16.8 16.6 16 14.3 13.5 13 12.6 12.6 12.3 12.3 12.2 12.1 12 12.2 12.2 12.5 12.7 12.9 13 13 13.1 13.2 13.2 13.3 13.4 13.4 13.2 12.8 12.4 12.3 12.1 12 11.6 11.2 11.5 11.7 11.9 12.2 12.4 12.6 12.9 13.1 13.3 13.1 12.8 12.5 12.2 11.9 11.6 11.3 11.1 11.4 11.6 11.6 11.6 11.6 11.3 11 10.7 10.4 10.7 9.4 9.5 9.4 10.5 11.9 11.5 10.8 10 10.1 11.3 12.1 12.2 12.3 10 10.4 11.7 12.7 12 11.9 7.7 11.5 10.7 10.8 11.4
17 16.9 16.4 15.5 13.8 13.1 12.8 12.6 12.6 12.5 12.2 12.1 12 12.1 12.3 12.3 12.4 12.6 12.8 13 13 13.1 13.1 13.2 13.2 13.3 13.3 13.1 12.8 12.7 12.5 12.4 12.2 11.8 11.4 11.5 11.7 12 12.2 12.4 12.7 12.9 13.1 13.4 13.3 13 12.6 12.3 12 11.7 11.4 11.1 11.3 11.7 11.9 11.9 11.9 11.8 11.5 11.1 11.5 10.2 10.7 11.4 12.2 12.5 10.4 10.9 11 10.2 12.5 12.9 13 12.9 12.8 12.4 10.8 10.8 10.7 10.5 11.2 10.4 10.5 10.1 10.8 11
17.1 16.7 16.3 15 13.8 12.9 12.6 12.6 12.6 12.6 12.1 12 11.9 12.3 12.5 12.6 12.5 12.5 12.7 12.9 13 13 13.1 13.1 13.2 13.2 13.3 13.2 13.1 12.9 12.8 12.6 12.4 12 11.6 11.5 11.8 12 12.2 12.5 12.7 12.9 13.2 13.4 13.3 13.1 12.8 12.5 12.2 11.8 11.5 11.2 11.2 11.6 11.9 12.2 12.3 12.2 11.9 12.3 11 11.8 12.4 12.2 12 12.9 12.8 10.3 10.4 11.8 12.6 13.1 13.3 13.2 13 12.8 11.3 12.2 12.1 12 11.9 10.3 11.9 12.1 10.8 10.6
17 16.5 15.9 14.9 13.9 12.7 12.7 12.7 12.6 12.6 12 11.9 11.9 12.5 12.6 12.8 12.7 12.6 12.6 12.8 12.9 13 13 13.1 13.2 13 12.6 13.2 13.3 13.2 13 12.9 12.6 12.2 11.8 11.6 11.8 12.1 12.3 12.5 12.8 13 13.3 13.4 13.2 13.1 12.9 12.6 12.3 12 11.7 11.4 11.1 11.5 11.8 12.2 12.5 12.6 12.3 12.1 12.6 12.4 12.2 12 11.9 13.1 13 11.7 11.5 12.6 12.8 13.3 13.5 13.4 13.3 13 12.7 12.5 12.5 12.7 12.8 12.2 11.9 12.2 11.4 11.4
16.7 15.7 13.7 13.2 12.6 12.6 12.6 12.7 12.7 12.7 12.6 11.9 12.5 12.6 12.7 12.8 13 12.8 12.7 12.7 12.9 13 13 13 12.4 11.9 12.3 12.8 13.2 13.4 13.2 13.1 12.8 12.3 11.9 11.6 11.9 12.1 12.3 12.6 12.9 13.2 13.4 13.4 13.2 13 12.9 12.7 12.4 12.1 11.8 11.5 11.2 11.4 11.7 12.1 12.4 12.7 12.8 12.6 12.4 12.2 12 11.8 12.2 13.3 13.3 13.2 12.4 13.2 13.1 13.5 13.6 13.6 13.5 13.4 13.1 12.8 12.9 12.8 12.8 12.8 12.7 12.6 12.5 12.2
12.5 13.6 13 12.3 11.7 12.4 12.8 12.6 12.6 12.7 12.7 11.8 12.6 12.7 12.9 13 13.2 13.1 13 12.8 12.9 12.9 12.5 11.9 11.4 11.3 11.9 12.4 12.8 13.3 13.5 13.3 12.9 12.5 12.1 11.7 11.9 12.1 12.4 12.7 13 13.3 13.5 13.3 13.1 13 12.8 12.7 12.5 12.3 11.9 11.6 11.3 11.3 11.6 12 12.3 12.6 12.4 12.3 12.2 12 11.8 11.6 12.4 13.5 13.5 13.6 13.6 13.7 13.6 13.6 13.7 13.7 13.9 13.6 13.1 13 12.9 12.7 12.9 12.8 12.7 12.1 11.2 10.4
12.2 13.1 12.2 11.5 11.6 12.3 13 12.7 12.5 12.5 11.6 12.8 12.8 12.9 13 13.1 13.3 13.4 13.2 13.1 13.1 13 12.9 12.7 12.5 12.2 13 13.1 13.2 13.3 13.4 13.5 13.1 12.7 12.3 11.9 11.9 12.2 12.5 12.8 13.1 13.4 13.4 13.3 13.1 12.9 12.8 12.6 12.5 12.3 12.1 11.8 11.5 11.2 11.5 11.9 12.2 12.5 11.9 11.9 11.8 11.7 11.5 11.3 12.6 13.8 13.7 13.5 13.7 13.6 13.4 13.4 13.4 12.9 13 12.8 12.3 12.7 12.8 12.7 12.9 12.8 13 11.9 10.9 10.7
10.9 10.7 11.1 11.1 11.6 12.3 13 12.5 11.8 12.6 13 13.1 13.2 13.4 13.4 13.3 13.4 13.7 13.4 13.1 13.3 13.2 12.9 12.6 12.4 12.1 13.1 13.1 13.2 13.2 13.3 13.3 13.4 13 12.5 12.1 11.8 12 12.1 12.4 12.9 13.4 13.4 13.2 13.1 12.9 12.7 12.6 12.4 12.3 12.1 11.9 11.6 11.3 11.4 11.8 12.1 12.2 11.5 11.4 11.3 11.3 11.5 12.1 13.5 13.6 13.7 13.3 13.7 13.5 13.3 13 12.8 11.9 12 12 12 12.4 12.7 12.8 12.9 13.1 13.1 11.7 10.6 11.1
11.3 11.1 11.3 11.6 11.8 12.5 11.3 11 11.2 10.8 12.1 13.1 13.3 13.7 13.9 13.6 13.6 13.2 12.8 12.5 12.7 12.8 12.8 12.5 12.2 12.2 12.7 12.7 12.8 12.9 13 13.1 13.1 13 13 12.6 11.8 11.6 12 12.4 12.8 13.3 13.4 13.2 13 12.9 12.7 12.5 12.4 12.2 12.1 11.9 11.7 11.4 11.3 11.7 12 11.8 11.7 11.7 12 12.1 12.3 12.8 13.3 13.4 13.5 13.6 13.6 13.4 13 12.6 11.9 11.1 10.9 11.8 11.9 12.2 12.6 12.8 13.1 13.4 13 11.5 10.5 11.7
11.6 11.4 11.6 11.9 12.1 12.5 12.7 12.7 12.5 9.5 11.7 12.9 12.7 13.5 13.7 13.4 13.2 12.7 12.3 12 12.1 12.2 12.3 12.4 12.1 12.3 12.3 12.4 12.5 12.6 12.7 12.8 12.9 12.9 13.2 13.1 12.7 12.2 12.6 13 13.4 13.6 13.4 13.2 13.1 12.9 12.7 12.6 12.4 12.2 12 11.8 11.7 11.5 11.2 11.5 11.8 12.6 12.7 12.6 12.6 12.6 12.9 13.3 13.3 13.3 13.3 13.4 13.3 13.3 12.8 12.8 11.8 11 12 12 12 12.2 12.6 12.9 13.4 13.5 13.1 12.5 12.2 12.4
11.9 11.8 12 12.2 12.5 12.9 13.2 13 12.8 12.3 9.1 10.6 11.9 13.1 13.3 13.1 12.7 12.2 11.8 11.4 11.5 11.6 11.7 11.8 11.9 11.9 12 12.1 12.2 12.3 12.4 12.5 12.6 12.7 12.9 13.2 13.8 13.1 13.2 13.6 13.6 13.5 13.3 13.1 12.9 12.8 12.6 12.5 12.3 12.1 12 11.8 11.7 11.5 11.3 11.7 12.8 12.7 12.7 12.9 13 13.1 13.2 13.2 13.2 13.2 13.3 13.3 13.3 13.2 13.1 12.6 12.5 12.3 12.2 12.3 12.3 12.3 12.6 12.9 13.2 13.2 13.2 13.4 13.5 13.5
12.3 12.2 12.3 12.6 12.8 13.1 13.4 13.4 13 12.6 11.5 8.7 11.5 12.9 13.4 13.4 12.6 11.7 11.3 10.9 10.9 11 11.1 11.4 11.7 11.6 11.7 11.8 11.9 12 12.1 12.2 12.2 12.5 12.7 13.3 13.6 13.8 13.8 13.7 13.6 13.6 13.5 13.1 12.9 12.7 12.5 12.3 12.2 12 11.9 11.7 11.5 11.4 11.5 13 12.9 12.7 12.6 12.8 13 13.2 13.3 13.2 12.8 12.7 12.8 12.8 12.9 12.5 12.8 9.6 5.2 13.3 12.7 12.7 12.5 12.4 12.4 12.8 13 12.9 13.1 13.2 13.4 13.4
12.6 12.6 12.7 12.9 13.2 13.4 13.5 13.4 13.1 12.6 12 11 10.8 12.2 13 13.5 12.9 12.1 11.3 10.5 10.6 10.9 11.2 11.6 11.7 11.6 11.5 11.6 11.6 11.7 11.8 11.9 12 12.2 12.8 13 13.2 13.5 13.7 13.8 13.8 13.8 13.6 13.3 13 12.7 12.4 12.2 12.1 11.9 11.7 11.6 11.4 11.4 12.8 13.2 12.9 12.7 12.5 12.7 12.9 13.2 13.4 12.7 12.7 12.5 12.2 12.3 12.1 11.7 10.3 7.7 11.1 9.5 12.7 12.6 12.5 12.5 12.3 12.6 12.7 12.8 12.9 13.1 13.2 13.2
13 12.9 13 13.3 13.4 13.2 13.5 7 5.3 12.8 12.3 10 8.7 12.1 13.1 13.5 13.1 12.2 11.4 10.6 10.8 11.1 11.4 11.8 11.6 11.5 11.5 11.4 11.5 11.5 11.5 11.6 11.8 12.1 12.4 12.7 13 13.3 13.5 13.7 13.8 13.8 13.6 13.4 13.1 12.8 12.5 12.3 12 11.8 11.6 11.5 11.4 11.5 12.4 13.2 12.9 12.6 12.4 12.6 12.8 13 12.9 12.4 11.6 11.7 11.7 11.6 11.1 10.5 9.3 11.4 10.6 9.5 12.2 12.6 12.6 12.5 12.1 12.4 12.5 12.6 12.8 13 13.1 13.1
13.3 13.3 13.3 13.1 12.9 12.7 11.5 11.1 10.6 7.7 8.3 11.9 8 11.6 12.9 13.4 13.1 12.3 11.6 10.8 11.1 11.3 11.6 11.7 11.6 11.5 11.4 11.3 11.3 11.4 11.4 11.4 11.6 11.9 12.2 12.4 12.7 13 13.2 13.4 13.6 13.4 13.5 13.4 13.1 12.9 12.6 12.3 12.1 11.8 11.8 11.8 11.8 11.4 12 12.9 12.9 12.6 12.3 12.5 12.7 12.6 12.3 11.9 11.5 10.5 10.5 11 10 9.6 8 10.6 10.2 7.1 10.9 11.4 12.2 12.5 12.2 12.2 12.3 12.5 12.7 12.8 12.9 12.9
13.3 13 12.7 12.5 12.3 12.1 11 10.6 12.2 11 10.8 5.2 11.6 12.4 12.4 13.1 12.9 12.3 11.8 11 11.4 11.6 11.8 11.6 11.5 11.5 11.4 11.3 11.2 11.2 11.4 11.8 11.6 11.6 11.9 12.2 12.5 12.8 13 13.2 13.4 13.3 13.4 13.5 13.2 12.9 12.7 12.4 12.2 11.8 11.9 12.1 12.1 11.3 11.9 12.5 13 12.6 12.3 12.4 12.3 12.1 11.7 11.3 10.9 9.3 9.4 9 6 10.9 10.9 10.8 10.7 10.6 4.2 10 10.6 10 10.6 11.4 12.2 12.4 12.5 12.7 12.8 12.7
13 12.6 12.2 11.9 11.7 11.6 11.4 8 12.2 11.7 11.8 10.7 5.2 11.7 11.2 12.1 12.7 12.1 11.6 11 9.4 6.4 6.3 5 11.5 11.4 11.3 11.2 11.1 11.4 12.1 12 11.8 11.7 11.7 12 12.3 12.5 12.7 13 13.2 13.3 13.3 13.2 13.3 13.1 12.8 12.6 12.3 12 12.1 12.3 12.4 11.2 11.6 11.8 9 9.8 12.3 11.4 11.1 10.6 11.6 11.3 9.9 8.8 11.3 11.2 11.1 10.7 11 10.9 10.8 10.7 10.2 8.2 4 4.5 4.3 7.2 10.5 11.5 12.4 12.6 12.6 12.5
12.6 12.2 11.7 11.3 11.2 11.2 11.1 10.7 12.4 11.3 11.7 11.4 11.1 7.5 5.2 5.2 10.8 11.7 11.1 10.4 5.4 11.1 10.6 10.3 9.3 10.9 10.5 10.2 10.2 12.1 12.4 12.2 12.1 11.9 11.8 11.7 12 12.3 12.5 12.7 12.9 13 12.8 12.8 12.6 13 13 12.8 12.3 12.2 12.3 12.3 12.4 9.6 11.3 7.8 8.9 9.5 4.9 10.5 9 3.9 3.9 9.5 10.7 9.5 11.5 11.1 11.3 11.1 10.8 11 10.9 10.8 10.3 10.1 10.8 10.8 10.9 10.4 4.1 11.3 12 12.4 12.5 12.5
11.7 11.2 10.8 11.2 10.8 10.7 10.7 5.3 12.3 11.4 11 11.1 11.2 11.4 11.4 11.6 10.5 4.9 11 10.2 11.7 11.5 11.3 11.1 10.9 10.5 5.1 5.3 5.6 5.2 12.5 12.4 12.3 12.1 12 11.9 11.8 12 12.3 12.3 12.4 12.4 12.5 12.4 12.7 12.8 12.9 12.8 12.2 12.3 12.1 12.6 12.4 12 10.2 9.4 10.6 11 9.9 8.1 10.8 10.9 10.6 8.8 10 4 11.1 11.2 11.4 11.4 11.1 11.1 11 10.9 10.4 9.9 10.4 10.2 10.1 9.7 8.4 11.2 11.7 12.3 12.4 12.4
10.7 10.5 10.8 5.1 10.2 9.1 5 12.4 11.7 11.2 11.3 11.3 11.4 11.6 11.4 11.6 11.7 11.3 7.8 10.1 11.6 11.5 11.3 11.1 10.9 11 10.9 10.9 11.4 10.5 5.7 12.7 12.3 12.1 12 11.9 11.8 11.8 11.8 11.8 11.8 11.9 12 12 12 12.1 12.1 12.2 11.9 11.8 12.2 12.6 12.3 11.4 10.5 4.9 8.3 11.3 11.3 11.1 11.4 11.1 11.1 10.9 9.7 11.1 11 11.3 11.5 11.7 11.4 11 11.1 11 10.5 9.7 9.8 9.5 9.3 9.1 4.1 11.3 11.6 12.2 12.2 12.2
9.7 11.4 11.4 9.9 11.9 12.1 11.8 12 11.4 11.5 11.5 11.6 11.8 11.6 11.5 11.6 11.7 11.7 10.3 10.3 11.6 11.5 11.3 11.2 11 11.1 11.4 11.4 11 10.8 8.7 11.9 12 11.7 11.5 11.4 11.2 11.8 11.8 11.8 11.8 11.8 11.7 11.6 11.5 11.4 11.4 11.4 7 9.5 10 5.4 11.8 11 10.6 9 11.4 11.5 11.6 11.5 11.6 11.2 11.1 11.1 11.5 11.4 10.9 11.3 11.6 11.8 11.8 11.4 11.2 11.1 10.6 9.4 9.3 10.2 8.9 7 11.6 11.7 11.6 12.1 12.1 12.1
11.6 11.6 11.7 11.3 12.3 13.5 12.4 11.6 11.6 11.7 11.8 11.8 11.9 11.6 11.5 11.6 11.7 11.6 10.8 10.8 11.6 11.6 11.4 11.2 11 11.3 11.5 11.7 11.9 6 11.6 11.6 11.6 11.6 11.1 10.8 11.1 11.7 11.8 11.8 11.8 12.1 11.7 11.5 11.4 11.3 11.1 11 6 9 9.9 10.9 9.2 4.9 4.9 11.4 11.6 11.8 11.8 11.8 11.9 11.8 11.1 11.1 11.9 11.6 11.1 11.2 11.5 11.9 12 11.7 11.4 11.2 10.7 4.1 4.1 4.8 10.8 11.3 11.6 11.8 11.5 12 12 11.9
11.6 11.6 11.8 12 14.8 14.8 12.5 12.3 12.4 12 12 12.1 11.9 11.7 11.5 11.6 11.6 11.6 11.5 11.3 11.5 11.5 11.5 11.3 11.2 11.4 11.6 11.8 11.6 9.9 7.6 10.9 11.3 11.2 11.1 9.9 11 11.6 11.8 11.7 12.1 12.1 11.6 11.5 11.3 11.2 11.1 11.2 10.5 8.3 9.5 10.9 10.6 10.8 11.1 11.4 11.8 12 12.1 12.2 12.3 12.4 11.5 11.5 11.7 11.5 11.2 11.1 11.4 11.8 12.1 12.1 11.7 11.4 7.2 9.8 10 10.3 10.7 11 11.6 11.8 11.8 11.9 11.7 11.6
11.5 11.7 11.9 11.8 12.6 14.2 12.9 13 13.1 12.2 12.3 12.2 11.9 11.7 11.5 11.6 11.6 11.5 11.4 11.4 11.4 11.5 11.5 11.3 11.3 11.5 11.7 11.4 11.3 11.1 11.2 11.4 7.1 10.5 8.9 10.9 10.8 11.5 11.7 12.1 12.5 12 11.6 11.4 11.3 11.4 11.4 11.4 10.5 10.2 9.4 11.2 11 11.1 11.4 11.8 12 12.2 12.4 12.5 12.4 12.2 11.8 11.8 11.6 11.4 11.2 11.1 11.7 12 12.2 12.4 12.4 12.2 11.6 9.8 9.7 10 10.1 10.1 10.7 11.4 11.4 11.6 11.4 11.2
11.6 11.8 11.8 12 15.3 15.2 14.4 14 13.7 13.6 12.4 12.2 12 11.8 11.5 11.6 11.5 11.4 11.4 11.4 11.4 11.4 11.4 11.4 11.4 11.6 11.3 11.1 11 10.8 10.9 10.9 10.8 9.6 11.3 11.5 11.6 11.8 12.2 12.6 12.4 12 11.6 11.5 11.5 11.6 11.6 11.6 10.7 10.8 10.5 5.2 11.5 11.5 11.8 11.9 12.3 12.5 12.6 12.2 11.8 11.4 11.1 11.7 11.7 11.5 11.3 11.3 11.9 12.3 12.8 12.4 12.7 12.7 12.1 8.7 8.9 9.7 9.5 9.5 9.7 10.2 9.9 10.8 11 10.8
12.8 11.9 13.4 15.2 16.1 15.8 15.5 15.2 14.8 14.5 14 12.9 12 11.8 11.6 11.6 11.5 11.7 11.9 12.1 11.9 11.7 11.5 11.4 11.4 11.2 11 10.8 10.7 10.6 10.7 10.4 10.4 5.9 11.7 11.9 12 12.4 12.7 12.7 12.4 12 11.6 11.7 11.7 11.8 11.8 11 11.1 11.2 10.9 10.4 10.1 8.9 11.5 11.9 12.3 12.5 12.4 12.1 11.7 11.3 11.1 11.6 11.6 11.5 11.6 11.5 12 12.6 12.6 12.8 12.8 12.4 11.8 10.8 10 4.1 8.9 9 9.1 9 3.7 3.7 10.5 10.4
14.6 13.8 15.9 16.8 16.5 16.3 16.1 15.8 15.4 15.1 15.1 14.9 14 13.1 12 11.9 12.1 12.2 12.4 12.6 12.5 12.3 12.1 12 11.7 10.9 10.7 10.5 10.4 10.3 10.3 5.8 8.6 11.9 12.2 12.3 12.6 12.6 12.6 12.6 12.5 12.1 11.8 11.9 11.9 11.9 12 11.4 11.5 11.3 10.9 10.4 10.5 10.7 10.8 11.9 12.4 12.3 12.2 12.1 11.7 11.2 11.7 12.1 12.1 11.8 11.8 12.5 12.8 13.1 13.2 13.1 12.7 12.3 11.6 10.7 9.9 8.9 8.1 6.7 7.5 6.5 11.2 10.4 8.5 3.6
16 15.8 16.9 17 17 16.8 16.6 16.4 16 15.8 15.8 15.7 15.5 14.4 13.2 12.5 12.7 12.8 13 13.2 13.1 12.6 12.7 12.6 12.7 12.1 10.6 10.2 10.1 10.1 10.2 11.3 11.6 11.9 12.4 12.6 12.5 12.5 12.5 12.5 12.4 12.1 12 12.1 12.1 12.1 11.7 11.8 11.6 11.3 10.8 10.7 10.8 10.6 10.3 11.1 12.4 12.1 12.1 12 11.6 11.8 12.3 12.6 12.3 11.9 12.1 12.8 13.5 13.3 13.2 13.1 12.7 12.1 11.3 10.4 9.5 10.2 10.7 10.6 11.8 11.7 11.5 10.8 9.9 9.2
15.5 16.8 17.1 17.2 17.4 17.2 17 16.8 16.6 16.4 16.4 16.2 16.1 15.5 14.4 13.3 13.3 13.4 13.4 13.2 12.9 12.9 12.9 12.8 12.8 13 12.2 10.2 9 9.9 5.8 11.2 11.6 12 12.2 12.2 12.5 12.5 12.4 12.3 12.3 12.2 12.2 12.2 12.3 12.3 12.1 11.9 11.5 11.2 10.8 10.9 10.7 10.6 10.5 9.9 6.1 11.9 11.9 12 12 12.4 12.2 12.5 12.4 12.1 12.4 12.9 13.1 13.2 13.1 13 12.7 11.9 11 11 11.5 11.7 11.8 12 12.1 12 11.8 11.8 11.2 10.6
14.9 16.4 16.9 17.1 17.3 17.4 17.2 17.1 16.9 17 16.9 16.7 16.6 16.4 15.4 13.9 13.3 13.3 13.1 13 13 12.8 12.9 13 13 12.8 11.8 10.1 10.5 11.6 11 11.2 11.6 12 11.9 11.8 12.1 12.4 12.6 12.5 12.4 12.3 12.3 12.4 12.5 12.4 12.1 11.8 11.5 11.2 11.1 10.9 10.9 10.9 10.8 9.8 9.9 4.7 8.1 11.5 11.2 11 11.4 11.8 12 12.1 12.3 12.5 12.6 12.8 13 13 12.6 11.9 12.3 12.5 12.4 12.4 12.4 11.9 12 12.4 12.4 12.3 12.2 12
14.4 16.1 16.7 16.9 17.2 17.3 17.1 16.9 17 17.3 17.4 17.2 17 16.4 15.5 13.8 13.2 13 13.1 13.2 12.9 12.7 12.8 12.9 12.8 12.3 11.5 10.3 5.9 10.5 11.3 11.2 11.6 11.7 11.6 11.5 11.6 12 12.3 12.6 12.6 12.4 12.2 12.4 12.6 12.4 12.1 11.8 11.5 11.2 11.1 11.1 11.2 11.2 11 10.2 10.4 10.1 9.9 9.8 9.7 10.1 10.7 11.2 11.4 12.1 12.4 12.5 12.5 12.6 12.7 12.8 12.9 12.8 12.7 12.7 12.8 12.5 12.1 11.7 11.8 12.1 12.2 12.3 12.5 12.6
