data/NS71.asc
ncols 200
nrows 200
xllcorner 270000
yllcorner 610000
cellsize 50
[rows 140 to 174 of 200, columns 78 to 155 of 200]
217.6 217.6 218.6 218.5 220.2 222.1 224.2 227.8 229 229.5 227.5 229 231.1 231.7 232.8 234.5 233.4 232.6 231.8 230.2 225.5 226.1 228.5 229.1 230.2 229.8 235.1 240.2 242.6 245.6 248.5 251.5 255.6 260.5 263.7 264.8 274.6 277.5 282.2 286.6 289.1 289.4 287.8 288.4 288.4 286.4 286.1 286.5 287.3 289.5 291.7 293.5 295.6 297.8 300.6 303.9 306.8 307 306.8 306.5 304.8 301.4 299.5 297.5 294.6 290.9 287 282.7 276.5 270.4 262.1 239.1 218.7 209.1 199.5 207.1 221.4 232.9
213.7 216.1 216.8 217.1 217.2 218.4 220.8 224.6 226.7 226.5 225.6 224.9 226.6 227.2 230.4 231.7 232.7 231.3 229.4 228.5 225.7 223.5 224.6 224.8 225.5 226.6 230.7 235.8 239.5 242.1 244.7 247 249.4 252.8 253.8 262.5 267.4 272.1 277.1 281.8 283.4 284.3 284.1 283.9 283.8 283.5 283.9 284.3 285.2 286.6 288 289.2 291.3 292.9 294.3 297.3 300.3 300.8 300.6 300.3 299.5 296.5 294.7 291.8 288.9 285.2 282 279.6 275.5 271.4 269 259.4 248.3 234.4 225.4 208.5 194.1 214.8
213 216.8 217.5 218.3 218 217.8 216.8 220.6 222.7 222.8 222.6 221.2 220.8 224 226.9 228.6 230 229.6 228.2 225.7 223.7 221.5 222.5 222.3 223.2 223.9 227.1 232.2 235.4 238.6 240.3 241.3 243.4 244.2 250.9 260.7 262 266.3 271.1 275.3 278.4 279.8 280.7 281.6 282 281.7 282.5 283.2 283.7 285.2 287 286.2 286 287.3 288.5 291 292.6 294.6 295.6 295.7 294.9 293.8 289.2 285.7 282.8 279.5 277.2 275.1 273.9 271.9 268 264.9 260.2 251.1 244.9 235.8 210.6 191.1
212.8 217.5 218.6 218.9 218.8 218.6 217.8 216.9 218 219.6 218.8 219.3 219.2 221 221.7 223.7 223.3 225.5 225 222.2 220.5 220.2 220.2 225.1 225.6 223.8 225.2 229 232.8 235.5 237.6 239.6 239.8 245.3 251.7 253.9 257.9 260.9 265.1 269.6 273.2 272.7 274 278.8 281.6 281.9 282.2 283 283.8 283.7 285.1 284.2 285.2 280.7 285.9 285 286.6 287.7 289.3 290 289.7 287.8 284.2 279.9 276.9 274.7 272.6 270.7 269.9 269.2 266.7 264.4 262.5 257.8 252 244.1 233.5 214.3
213.4 218 219.4 219.4 219.4 219.3 218 216.7 215.2 216.9 217.8 218.1 219.6 219.3 218.9 219 221.1 221.6 221.2 220.2 218.2 221.6 226.1 229.4 229.7 229.3 229.4 228 230.2 232.6 234.7 237.2 239.7 241.9 246.1 248.5 251.9 255.4 258.7 263.8 256.6 272.6 276.4 278.7 282.2 284 285.9 285.1 283.5 282 282.6 280.2 278.5 276.8 279 279.8 280.2 281.2 282.5 283.2 283.8 282.1 278.2 274.2 271.6 268.7 266.4 265.5 264.6 264.2 263 261.4 261.2 257.6 252.7 247.5 243.3 233.1
214.4 218.7 219.3 219.3 219.3 218.9 218.4 217.7 212.1 214.5 216.6 217.6 219.1 218.1 217 214.3 215.7 217.4 216.9 217.6 222.9 226.6 227.5 230.2 231.1 231.6 230.9 230.8 232.1 230.6 231.9 235 235.4 237.7 240.9 243.6 248 251.4 250.1 256.2 265.8 270.6 274.3 276.8 278.7 279.8 281.4 282 281.4 279.9 277.7 275.1 275.4 273.5 273.7 274.5 274.9 275.3 274.9 276.5 276.4 274.8 272.2 268.8 265.7 262.7 260.4 259.9 259.3 258.5 258.1 258.1 257 255.3 251.6 249.3 245.3 240.4
214.9 218.2 219.3 219.2 219.1 218.2 215.4 212.8 207.8 210.8 204.8 208.1 210.3 209.1 209.3 217.8 218.9 218.9 219.5 221.3 224 226.2 228.1 230.2 231.1 232.6 233.2 233.8 234.3 233.7 231 233.4 231.8 232.7 239.9 240.8 242.9 243.2 252.4 258.3 262.9 267.1 270.2 272.7 274.5 276.3 277.1 278.1 277.1 277.1 273.3 270.8 270.4 268.3 268.3 269.7 269.1 268.6 269 269.3 268.4 267.5 267.8 263.6 260.6 258.6 253.6 252 252 252.2 251.2 253.7 252.2 251.6 251 251 247.1 243.9
213.9 217.7 218.6 217.4 215.5 212 208.6 206.9 203.6 207.4 215.2 217.2 218.7 221 220.5 220 219.8 219.9 221.3 222.4 223.4 225.3 228.1 230.3 231.2 232 233.3 235.2 236.6 235.7 232.6 230.8 233.3 229.8 231.6 230.3 237.3 244.7 249.2 253.9 257.9 261.7 265.3 268.5 271.1 272.6 273.4 276.7 275.2 273.8 269.1 267.5 265.3 263.6 259.9 263.7 264 263.6 263.3 261.2 261.9 261.4 259.7 258.9 255.2 250.7 248.7 247.4 247.8 247.5 250.8 251 248.6 250.2 250.5 247.8 245.2 241.4
211.8 214.4 214.7 211.7 207.9 202.9 205.4 208.6 210 211.2 214.7 216.4 220.1 221.5 222.3 221.8 221.3 221.9 223.2 222.7 222 223.8 224.8 227.9 229 230 231.5 233 234.3 234.6 233.7 231.1 232.6 229.2 232.5 235.8 240.4 242.5 245.4 248.7 252.5 256.2 260.3 264 266.4 269 269.9 274.5 275.7 274 273.1 266.8 261.7 259.5 258.2 259.1 259.5 259.8 259 257.8 256.7 255.7 255.6 253 250 248.6 247 245.7 244.6 244.8 246.7 247.6 246.6 244.4 245.6 242.6 239.9 238.7
209.5 212 210.3 206 206.3 208.1 209.9 210.4 211.8 213.7 215.9 217.5 218.9 220.8 222.2 222.5 223.1 224 224.6 222.9 221.3 222.6 224 225.3 225.6 226.4 227.2 230.7 231.8 232.3 233 231.4 230.7 230.6 231.6 233.3 236.9 239.2 241.7 243.7 247.1 250.8 255 258.4 261.7 265 266.7 268.7 269.2 267.5 265.1 262.8 259.9 253.7 251.5 253.4 255 256 255.3 254.5 253.9 252.7 251.5 249.8 249.8 246.3 244.9 243.9 243.4 243.1 243.2 244 244 241.9 240.4 238.1 236 234.7
207.9 207.7 205 202.5 206.4 208.6 210.9 211.7 213.3 215.2 217.2 219.4 220.8 221.5 223.1 224.5 225.1 225.8 226.4 224.7 223.3 221 220.2 221.7 222.6 222.9 223.5 226 229 228.9 229.4 231.1 218.3 230.9 231.8 232 233.6 235.8 235.6 238.9 242 245.4 249.5 253.9 257.2 260.4 261.8 262.1 261.2 259.7 256.9 255.7 254.1 251.5 243 251.2 251.8 252.1 251.5 250.2 249.8 249.3 248.1 247.7 247.4 244.8 243.5 242.8 242.3 241.9 241.3 241.2 241.4 239.5 238.8 234.8 232.2 229.7
205.3 203.1 198.4 202 205.4 208.3 210.4 212 214.2 216.4 218.3 220.5 221.7 223.6 225.2 226.6 227.7 227.6 228.3 228.5 224.6 222.9 219.8 218.1 219.2 220 219.9 221.4 225.1 224.8 225.4 225.1 221.4 228.4 230.2 230.8 230.8 229.6 228.6 230 232.4 237.2 242.2 246.3 250.3 254.5 255 254.6 253.6 253 251.9 250.3 246.5 244.9 240.8 246.4 248 248.1 247.9 246.4 245.6 245.2 244.8 244.3 244.3 244.1 242.9 241.7 240.9 240.2 239.9 241 239.7 238.5 236.9 234.3 230.5 229.2
199.4 194.5 195.7 199.4 200.7 204.9 208.7 211.7 213.4 214.9 217.7 221.4 223.7 225.6 226.9 228.3 229.6 229 230.3 230.1 228.4 223.2 220.8 218.3 216.1 216.6 217.7 220.3 220.8 220.6 221.5 222.1 220.1 224.8 226.9 228.3 227.2 224.3 222.8 224.5 226.1 228.1 231.7 236.3 241.6 245.1 247.5 246.4 246.7 246.3 245.2 244 241.6 241.9 239.2 241.2 242.4 242.6 245.3 244.5 242 241.1 240.9 240.9 241.5 241.8 240.7 239.4 239.4 239.7 238.7 238.4 237.6 236.6 235 232.9 231 229.4
189.9 190.3 192.7 196.5 199.4 202.7 206.1 209.5 211.5 213.5 216.3 219.5 222.9 225.5 227.1 228.3 229.7 231.4 232.5 231.2 229.9 226.9 222.6 220.4 214.7 212.3 212.8 215.6 216.7 216.8 215.4 210.8 220.7 221.7 222.9 223.9 224 222 220.2 218.9 220 221.1 223.6 227.9 231 233.7 236.3 237.4 238.5 239.2 238.7 237.5 237.1 236.7 235.9 235.6 236.4 236.2 238.4 238.5 239.2 235.3 236.3 237 237.8 238.2 238 236.7 236.8 237.2 236.9 236.5 235.6 234.7 233.2 231.1 230.9 228.9
183.9 187.2 190 193.6 196.9 200.1 203.3 206.5 209 210.9 214.7 218.2 221.5 224.3 226.2 227.4 228 229.9 231.9 232.5 232 230.8 226.6 223.5 219.3 214 209.3 211.3 213.3 213.1 211.1 209 215.7 218.5 218.9 219.5 220.7 219.6 217.9 217.2 216.6 216.7 218.3 219.9 223.3 225.6 228 228.8 231.1 231.3 232.7 232.4 232.6 232.2 230.1 229.8 230.2 230.2 230.4 230.3 231.1 229.7 231.9 233.3 233.9 234.4 234.8 233.9 234.3 234.8 235.2 234.5 233.8 232.7 231.3 231.1 228.9 227.3
179 183.3 186.5 190.4 193.6 196.6 199.6 202.6 205.7 208.7 212.4 216.8 220.4 222.8 224.6 225.8 226.4 226.8 228.3 230.2 230.9 230.9 226.4 224.9 221.7 216.9 211.5 205.9 208.8 210.5 209.3 199.6 211.6 212.8 214.1 215.4 216.5 215.6 214.9 214.7 214.1 213.6 212.5 214.9 216.3 218 220.6 222.2 223.7 225.2 227 227.5 227.6 227.5 227.8 223.5 224.7 224 223.5 222.6 224.2 225.5 228.1 229.4 229.9 230.5 231 231.4 231.8 232.3 232.7 232.5 231.9 231.2 229.2 229.1 227.4 225.7
173.4 179.5 183 187 188.7 192 195 198.3 201.7 205.7 209.5 212.7 217.5 220.8 220.9 221.9 222.2 221.9 222.4 224.1 225.3 224.2 224.1 223.8 219.9 217.2 213 206.7 204.5 206.3 203.8 197.4 205.9 208.4 210.2 211.2 210.8 210.5 211.8 212 211.7 211.2 209.6 212.3 213.5 214.6 215.3 216.8 218.2 219.3 220.6 222.4 222.8 223.1 222.9 220.2 218.6 217.5 217.8 217.9 219 220.5 222.9 225.4 225.9 226.5 227 228.4 229.2 229.9 230.5 230.9 230.8 231 227.8 226.6 225.3 223.8
166.2 171.1 177.1 182.3 183.5 187.1 190.4 193.5 196.9 201.1 204.8 206.5 210.2 212.2 214.5 216.9 217.3 216 216.4 217.5 217.8 217.3 216.8 218.3 215.6 212.1 209.8 207 198.1 201.9 199.9 192.4 201.1 202.2 205.5 205.6 206.2 206.8 208.5 209.2 208.8 209.6 208.4 207.6 209.3 209.6 209.6 211.3 212.8 214.2 216.2 217.5 217.9 218.2 218.7 215.9 213.2 210.3 212.2 213.9 213.9 215.8 218 220.4 221.9 222.5 224 225 226.3 227 227.3 227.5 228.1 227.1 226.5 224.1 222.8 221.4
152.3 156.2 163.2 172.9 178.3 181.6 184.9 187.5 191.3 195.9 199.3 200.7 203.1 205.6 208.9 209.4 210.6 210.1 211 209.8 209.3 210 210 209.6 209 206.6 205.8 204.2 200.6 195.7 195 196.5 199.5 198.9 199.9 202.6 202.5 203 203.1 203.4 204.6 205.2 205.1 202.1 204.2 206 207.5 207.6 208.3 209.7 211.6 212.5 212.9 213.3 212.6 210.6 209.8 209.3 203.2 208.6 208.5 211.1 213.3 215.6 217.9 219.4 220.4 221.6 223.3 223.2 222.5 222.5 223.4 222.7 222.2 221.6 220.3 219.5
149.6 149.4 149.8 154.7 161.8 175.5 180.2 176.8 187.4 189.9 192.8 195.2 195.3 198.1 200.8 199.8 202.6 203.9 203.9 203.9 204.3 205 203.6 203.7 203.2 201.8 199.3 199.4 197.8 191.3 182.4 194.1 195.8 195.2 196.1 196.7 197.6 197.3 197.6 199 200.2 200.9 201.3 199.4 203.8 204.1 204.7 204.6 205.1 205.6 206.9 207.5 207.9 208 207 207.3 207.4 207.5 205.8 202 204.8 207.3 208.7 210.3 212.3 213.4 215.9 218.4 219 218.3 217.8 219.9 218.9 218.7 218.6 218.4 218.3 217.1
149 148.7 146.8 147.8 147.8 155.4 161.9 165.3 184.4 184.8 186.4 188.3 188.1 190.9 192.4 192.8 194.1 194.9 196.4 197.4 198.8 198.7 197.1 198.4 198 196.2 194.1 194.3 192.9 186.4 187.9 192.1 192.4 192.6 192.3 192.8 192.6 192.2 192.7 193.4 195.1 196.5 196.9 195.9 199.6 200.8 201.8 201.9 202.2 202.1 202.3 202.6 202.2 201.9 202 202.4 202.5 202.7 202 196.2 201.7 202.6 205 205.7 206.9 208.5 210 212.1 213.2 214.3 215.4 215.6 214.5 215.9 216.3 216.1 215.9 215
149.4 149 148.5 148.2 147.9 146.7 148.8 155.5 161.9 177.8 182.5 183 183.6 185.2 184.8 184.5 184.5 185.9 188.2 190.7 191.9 191.7 191.1 192.6 192.3 191.2 190.8 190.2 187.8 178.6 185.7 189.6 189.6 189.1 188.2 188.3 187.5 187.2 187.9 188.1 189.3 190.7 192.3 193.1 194.4 196.9 198.1 197.3 198.3 198.8 198.6 198.4 198.1 197.6 197 197.5 197.7 197.3 195.7 191.9 200.8 200.9 201.6 202.5 201 201 201.1 204.9 206.4 209.7 211.1 211.1 211 212.3 214.2 213.9 213.4 212.9
155.9 155.8 153.2 155.7 154.1 147.9 147.2 146.2 154.5 160.4 170.8 175.1 176.9 178.1 178.1 176.3 176 177.8 180.7 183.1 183.3 184.9 184.8 188.7 187.1 186.9 186.2 184 181.9 179.7 176.4 183 183.8 184.9 183.9 183.9 182.6 182.1 183.1 183.3 183.3 184.1 183.5 189.3 187.8 191.7 192.2 191.4 193.3 194.6 194.5 194.3 194.3 194 192.3 192.7 192.8 191.9 192.9 182.1 195.1 197.8 199.2 199.1 197.3 195.4 196.6 195.1 198.8 203.4 202.8 205.9 205.9 208.7 212.5 212.7 213.2 212.9
157.4 157 154.7 153.8 153.8 156.9 148 147.7 145 149.9 159.3 165.5 169 171.4 172.5 170.5 169.9 169.5 172 174.6 176.5 177.8 179.4 180.8 182.3 182.1 181.1 180.8 178.5 174.1 174.4 176.6 180.4 180.6 178.8 179.5 178 176.9 177.9 177.8 177.8 177.8 179.5 177.3 178.9 185.1 187.5 188 187.8 189.6 189.6 190.2 190.2 190.2 189.8 188.8 189.8 189.4 190.4 183.1 191.8 193.5 194.5 196.6 194.4 192.7 190 189.6 192.1 196.7 198.9 197.3 200.4 210.2 224.2 214.7 213.8 213.4
157 155.8 154.4 154.1 153.9 153.9 154.5 161.2 159 144.9 148.4 155 162.7 165.1 166.8 166.6 165.2 165.9 167 168.3 169.8 172.2 173.7 174.8 174.9 176.5 175.8 175.3 173.7 170.9 161.9 172.4 174.3 176.2 174.3 174.7 173.5 172 170.5 170.5 170.7 170.9 172.4 173.8 176.7 178.5 179.8 175.3 181.2 183.7 184.9 185.2 185.3 186.3 186.9 187.6 183.7 183.7 184.8 184.2 187.6 189.7 191 192.2 191.3 189.6 184.4 183.5 186.4 188.4 190.7 191.1 200.7 205.3 223.6 222.9 214.2 213
157.9 156.2 154.8 154.8 155.4 154.3 152.9 157.2 157.5 154.7 144.9 149.1 149 154.9 160.9 162.2 162.5 163.2 162.8 163.7 165.5 167.2 168.6 170.2 168.6 170.7 170.4 170.4 170.4 166.9 161.5 168.4 168.6 170.3 170 169.7 169 166.8 166 163.9 163.9 163.3 164.5 165.7 171.2 172 174.2 175 175.8 177.8 179.1 180.2 180 184.7 186.5 185.1 184.7 183.7 183.6 177.3 183.9 185.7 187.7 188.4 188.1 187.3 185 180.3 181.6 181.5 187.5 193.2 192.4 194.2 207.1 225.9 212 211.4
157.3 156.5 155.2 155.6 155 155 153.6 153 153.3 151.3 150.1 144.9 146.7 146.8 150.3 155 158.7 160.4 160 160.4 161.5 163.3 164.6 165 164.9 165.6 164 165.9 166.5 161.7 160.5 159.4 163.1 165.3 165.7 165.6 164.3 161.7 160.3 159.4 158.6 157.9 159.2 162.6 164.4 165.1 167.7 166.9 170.2 171.2 173.6 174.7 175 195.3 198.1 183.6 180.1 180 179.4 164.6 180.5 182.8 184.3 185.1 184.7 184.3 183.2 180.3 177.4 178.6 182.1 185.3 185.5 187.1 196 207.6 211 207.3
156.9 156.2 155.2 154.5 154.3 154.5 154 153.7 153.4 152.5 152.3 147.7 148 146.6 146.1 144.5 144.2 158.4 157.1 155.4 159.3 160.8 161 160.4 159.6 158.8 158.4 159.8 161.7 159.9 157.3 155.3 158.4 160.6 161 161 161.8 160.7 158.8 156.1 154.1 155.1 156.4 157.8 158.8 160 161.2 164 166.2 167.6 169 169.1 178.7 188.7 182.4 180.5 179 175.4 175.1 171.3 177.9 179.5 180.7 181.2 182.4 182.6 182.4 181.3 178.1 174.7 176.8 180.6 182 185.1 189.1 194.2 198.4 201.6
157.2 156.4 156.8 156.4 153.7 154.3 154.5 154.3 154.1 153.3 148.3 147.8 147.4 146.3 145.9 145.6 145.6 143.5 150.6 158.6 156.9 157.4 157.8 155.3 155.2 155.9 155.6 155.9 156.7 157.1 155.9 154.5 153.8 155.8 156.1 156.5 158.4 159 156.4 153.4 151.9 152.5 153.2 154.2 154.9 155.9 158.2 160.6 161.6 164.3 165.6 165 165.1 173.7 179.5 178.1 172 171.8 168 163.9 174.9 176 176.9 177.5 179.6 182.3 182.2 181.6 180.2 177.7 170.3 181.8 180.3 181.7 184.2 187.7 190 195.3
157.5 158.1 158.9 159.4 158.9 156.6 155.1 155.1 154.4 153.2 148.9 148.1 147.5 147 146.8 146.1 147.3 146.5 145.5 142.7 152.6 152.7 152.5 154.4 154.2 154.7 154.7 153.4 152.7 152.2 153.2 153.7 153.3 153.5 154.2 154.5 154.5 154.4 154.3 154.3 154.2 153.7 152.8 153.1 152.5 152.9 156.1 158.3 159.4 158.8 159 160.7 162.6 161.8 165 166.2 168 168.8 166 168.5 170.8 172.1 174.9 176.1 177.7 179.5 180.7 179.6 180.8 179.1 175.7 174.1 179.3 178.3 179.9 181.9 183.6 186.6
158.4 159.4 159.6 160.5 161.1 158 155.7 155.9 154.5 150.6 149.2 149.5 149.1 148.7 147.4 146.8 148.5 147.7 146.6 144.6 147.9 147.8 147.1 147.6 148.9 147.9 148.9 149.3 151 150.1 149.6 150.1 149.6 148.3 149.2 149.9 149.6 149.6 149.4 149.3 148.4 148.5 149.3 149.1 149.9 149.6 150.4 150 157.9 162.8 158.1 153.8 156.9 158.2 158.8 161.8 163.9 165.6 166.1 165.9 167.8 170.2 172.5 174.1 175.6 176.3 177 177.5 178.3 176 173.4 163.9 172.3 175 177.2 177.8 179.6 179.8
158.8 160.2 161.5 163.6 161.9 156.6 157.3 155.4 151.3 151.2 150 148.8 148.5 148 148 147.8 148.4 147.9 147 146.9 142.1 147.1 146.4 146.6 146.9 146.7 145.4 147.2 147.3 147.2 147.5 148.4 147.9 147.5 148.3 148.5 147.7 147.7 148.4 147.9 148 148.2 147.9 147.9 147.9 147.9 147.8 149.3 159.4 175 168.3 164.8 156.2 146.6 153.6 155.9 158.8 159.1 162.9 163.5 165.3 167.6 168.7 171.3 171.8 172.4 173.1 174 175.3 171.8 171.1 172.3 164.8 172.1 175.5 176.7 177.6 176.8
159.7 160.5 162.9 164.2 158.5 157.4 156.2 153.6 151.8 150.4 148.9 149.5 149.5 149.1 150.2 150.8 149.5 148.2 147.8 147.4 145.1 144.2 144.3 145 145.8 146.1 146.2 146.3 146.4 146.4 146.1 146.6 146.3 146.3 144.8 147.4 146.7 144.4 145.4 147.4 147.7 148.7 147.5 147.4 147.2 146.4 145.8 146.9 155 175.3 173 160 148.9 143.9 148.1 150.4 148.1 154.1 158 161.1 162.6 164.2 165 166.6 167.4 168 168.6 169 170.1 171.7 169.2 170.1 162.3 168.6 176.3 177.1 176.8 169.2
162.6 163.4 162.9 160.6 159.4 158.3 155.8 153.3 152.2 149.9 151.5 150.4 152.4 152.5 152 150.9 149.6 148.5 148 147.2 146.1 141.8 143.1 144.3 145.3 145.2 145.2 145.5 145.6 145.6 145.3 145.1 145.1 145.2 145.2 144 143.3 142.4 143.6 145.9 146.7 148 147.1 146.8 146 145.2 144.4 144.5 146.2 150.1 149 145.7 143.4 143 144.1 144.8 146.3 148.8 153.6 156.9 154.8 160.7 162.1 163.4 162.7 163.2 164.5 165.5 166.7 168.2 163.7 160.9 158.8 165.2 175.9 164.6 164.5 165.7
166.4 164.8 163.4 160.5 160.4 158.7 156 153.4 152.6 151.3 156 153.4 154.9 154.5 153.4 151.2 149.3 148.7 148.3 147.4 146.4 141.6 142.9 143.8 144.5 144.3 144.3 144.5 144.8 144.8 144.6 144.6 144.6 144.6 144.5 143.3 143.1 142.3 140 139.5 138.9 138.4 145.8 145.9 146.1 145.4 144 143.6 142.4 144.3 144.7 144.2 142.9 141.4 142.5 142.9 145.1 148 149.5 151.7 153.7 156.4 155.7 157.4 159.1 159.5 161.6 162.1 161.8 163.4 159.1 160.8 162.6 158.2 158.6 160.7 158 149.2
