data/NS74.asc
ncols 200
nrows 200
xllcorner 270000
yllcorner 640000
cellsize 50
[rows 140 to 174 of 200, columns 0 to 77 of 200]
192.5 190.7 188.7 185.7 186.1 183.6 180 177.6 179.7 180.8 180.1 180.1 177.3 175.6 173.6 170.7 165.3 157 149.9 145.5 153.2 153.6 154.4 159.1 168 170.9 173.7 177.2 180.9 185 187 187.9 189.6 189.8 186.2 187.3 186.2 186.2 187.6 191.1 194.2 196 197.4 198.6 199.8 203.7 205 205.9 206.7 207.2 207.5 208.1 208.8 209.1 209.7 210.5 211.3 212.1 212.8 214.1 215.7 216.4 216.5 216 216.7 217.7 218.1 218.4 218.4 217.6 215.9 216.1 215.9 214.8 215.7 218 220.2 222.4
179.7 174.8 167.5 168.3 162.4 157.5 157.4 155.8 157.9 157.9 167.8 174 173.2 170.6 169.1 165.8 161.1 151.7 145.9 152.7 154.9 155.6 155.9 163.8 172.5 174.9 177 180.7 184.3 188.1 190.1 190.5 191.7 191.2 190.5 188.8 186.5 186.2 187.5 188.9 191.1 192.4 193.7 194.9 196.3 200.9 202.1 203.4 204.5 205.5 206 206.7 207.4 208 208.8 209.5 209.9 210.1 212.1 212.6 212.7 212.9 212.5 211.9 211.8 212.1 212.5 212.8 213.2 213.5 212.7 213 213.2 213 214.9 217 219.2 221.4
161 156.3 152.2 153.9 153.3 153.7 153.6 153.9 152.8 154.6 150.8 151.5 155.4 155.8 155.6 154.5 153.2 146.4 154.9 151.4 156.1 159.1 164.2 168.9 174.5 177.7 180.5 184.1 187.8 191.5 192.6 193 193 192.5 191.4 188.9 186.7 186.3 187.4 188.2 188.4 189.3 190.2 191.4 194 197.8 199.2 199.9 201.4 202.8 203.9 205.1 206.1 205.5 205.8 206.1 206.3 207.3 209.2 209.4 209.3 208.9 208.7 207.4 208 208.3 208.6 208.8 209.1 209.3 209.7 210 210.3 211.2 213.2 216.1 218.3 220.4
152.4 155.4 156.3 161.6 165.7 169.1 172.3 172.5 168 166 157.3 153.9 148.9 151.7 151.8 146.6 149.3 152.5 156.9 153.6 154.6 164.6 171.7 172.1 177 179.9 183.2 188 191.6 193.7 193.4 193.7 193.8 193.3 191.9 189.9 188.2 186.5 186.4 186.5 186.3 186.9 187.2 188.3 190.7 194.1 195.3 196.5 197.9 199.4 200.8 201.2 201.3 201.4 202.4 202.4 202.6 204.2 205.6 205.3 204.6 205.5 203.4 203.9 204.7 205.3 205.5 205.8 206 206.2 206.8 207.3 208.4 209.3 209.7 212.9 216 217.4
161.3 168.5 172.3 175.9 177.6 178.5 179.4 177 173.9 171.4 160.9 152.8 161.8 153.5 150.7 160.4 161.5 162.7 163.2 163.8 153 155.8 165.9 175.1 179.6 182.8 186.1 190.7 195.1 194.9 194.7 194.4 194.6 194 193.1 191.4 189.7 187.9 186.3 186 186.1 186.3 186.5 186.7 187 189.7 191.6 192.9 194 195.1 196.2 196.8 196.1 197.6 199.1 199.2 199 199.2 199.5 199.2 199.2 199.3 199.8 200.5 201.4 202.2 202.5 202.7 202.9 203.1 203.8 205.1 207 207.4 207.5 209.4 211.3 211.8
177.8 178.5 178.6 179.4 181 182.4 181.3 175.8 175.3 167.5 156.1 165.2 172 165.4 165.9 171.6 170 169.7 168.5 168.6 169.6 168.1 163.3 177 182.4 185.6 188.8 191.6 194.8 195.5 195.5 195.5 195.4 194.6 193.8 192.9 191.1 189.7 188.3 186.7 186.3 186.5 186.6 186.7 186.9 187.2 189 189.4 189.7 190.5 191.6 192.7 192.7 193.8 195.3 196.2 195.7 194.7 195.4 196 196.5 196.5 196.5 197.2 198 198.9 199.4 199.6 199.8 200 200.9 203.4 205.1 205.5 205.6 205.5 206.3 207.2
182.3 181.7 182.3 182.3 183.3 184.4 181.8 178.1 167.1 161.5 166.3 175.5 178.6 178.5 179.5 179.2 177 173.9 173.3 173.1 173.9 176 168.7 177.8 183.7 187.2 189.4 191.3 193.5 195.7 195.7 195.6 195 195 194.4 193.5 192.2 190.4 188.6 187.9 187.3 186.8 186.7 186.9 187 187.3 187.8 188.2 188.6 189.1 189.5 190 190.3 190.6 191.5 191.9 191.6 192.7 193.3 193.8 194 194 194 194.3 195.1 196 196.8 196.8 197.2 197.5 198.4 200.3 202.3 202.9 201.5 201.8 202.4 203.2
183.5 182.7 182 182.4 182.7 183.7 181.2 169 174.4 178.1 179.6 180.8 181.6 182.3 182.1 180.8 178.4 177.5 178.1 177.5 178.3 177.7 162.9 177.7 184.3 187.8 189.3 191.3 193.3 195.4 195.6 195 194.4 194.3 194.3 193.7 192.5 190.7 189.5 188.9 188.4 187.9 187.4 187 187.1 187.5 187.6 188 188.4 188.9 189.4 189.6 189.9 190.2 191.1 191 190.8 191.9 192.6 193 192.9 192.5 192.6 193.5 194.2 195 195.8 196.3 196.3 196.4 196.4 197.4 199.5 199.4 199.3 199.9 199.6 199.4
183.6 181.9 180.8 182.7 182.9 178.3 172.5 180.2 181.3 182 182.4 183.1 183.5 183.9 183.7 181.9 180.2 179.7 180 179.6 178.6 171.8 163.4 175.6 182.6 186 188.2 189.8 191.5 193 193.8 193.5 193.5 193.7 193.6 193.6 192.8 191.1 190.5 189.9 189.4 188.9 188.4 188 187.5 187.4 187.5 187.9 188.3 188.7 189.1 189.3 189.5 190 191.2 191.4 191 191.1 191.9 192.1 191.9 191.6 191.3 192.5 193.2 194 194.9 195.4 195.8 195.7 195.5 195.8 196.7 197.2 198.5 199.7 199.7 199.4
182.2 180.6 180 177.3 180.2 173.5 181 182.3 183.5 184 184.3 184.6 185.2 185.1 184.7 184.1 182.2 180.5 179.2 177.9 177.3 167.7 170.3 174.2 179.8 182.6 184.9 186.6 188.2 189.6 191.1 192.1 193.1 193.6 193.5 193.3 192.8 192.1 191.6 191 190.5 190 189.5 189.1 188.8 188.7 189.6 189.2 188.1 188.5 188.7 189.7 190.6 190.6 191.2 191.8 191.4 191.1 191.1 191.1 191.4 192.6 193.8 195.7 196.1 194.5 193.9 194.4 194.7 194.8 194.7 195.2 195.7 196.4 197.6 198.9 199.7 199.5
181 179.8 177.1 177.9 179.7 181 183 184.5 185.8 186.1 186.5 186 185.4 185.1 184.8 184.8 183.6 181.9 180.2 178 172.3 169.3 172 175.9 177.8 179.4 181.5 183.5 185.3 187.1 188.6 191.2 192.6 193.5 193.4 193.2 193.4 193 192.5 192 191.6 191.2 190.8 190.5 190.5 191.4 192.2 192.5 192 191.2 192.3 192.8 192.8 192.8 192.7 192.6 192.3 192 194.5 196 194.9 193 195.3 198.3 198.7 197.8 196.5 195.9 194.8 193.7 194.5 195.2 195.7 196.6 197.2 198 199.3 199.5
180.9 179.2 178.3 180 180.7 182.1 184.5 186.2 187.5 186.9 186.3 185.7 185.1 184.7 184.6 184.4 185.4 183.3 179.9 175.1 172.8 173.9 173.7 177.2 177.7 179.9 181.9 183.6 183.8 184.7 186.1 188.8 191.5 193.2 193.3 194.6 196.3 195.7 194.9 194.7 194.4 193.7 192.7 192.7 192.9 194 194.9 195.5 195.5 195.2 194.6 194.5 194.3 194.1 193.9 193.8 193.8 193.5 195.3 197.5 197.5 194.6 197.1 200.1 201.7 200.7 200.3 200 199.1 197.2 194.4 194.7 195.7 196.7 197.5 198.1 198.6 199.6
179.8 179.9 180.3 180.6 181.5 183.5 185.8 187.6 187.6 187 186.3 185.6 184.9 184.3 182.9 180.7 178.9 177.1 174.7 174 175.1 174.8 174.1 177.7 179.6 181.1 182.7 183.7 183.9 184.9 185.3 187.5 189.8 192 194 195.5 197.1 198.6 198.7 196.7 195.6 194.9 195.1 195.2 195.4 196.3 197.3 198.3 198.3 197.3 196.2 195.7 195.5 195.4 195.2 195.1 195.2 195.1 196.1 197.3 196.4 197 196.5 201.1 204.7 205.6 205.4 202.4 200.4 200.5 199.9 199 199.3 197.4 197.7 198.3 198.7 199.9
181.4 181.8 182.9 183.8 186.2 187.9 188.8 187.9 187.6 187.1 186.4 185.4 184.3 183.4 181.9 180.6 179.1 177.6 176.7 176.6 177.3 177.5 176.6 179.3 180.5 181.5 183.3 183.5 184.6 186.1 187.2 189.2 191.4 193.8 195.5 195.6 195.7 197 198.9 197.9 197.3 197.5 197.6 197.8 197.8 198.1 199 199.5 199.7 199.4 198.4 197.3 196.8 196.6 196.5 196.4 196.5 196.6 197 197.2 197.4 197.8 198.1 198.8 202.5 203.5 203.4 201.9 202.5 202.4 201.7 201.5 201.3 201 198.1 198.9 200 203
184.7 184.7 185.2 186.9 188.3 188.5 188.1 188 188 187.1 186.2 185.3 184.4 183.4 182.3 181 179.6 178.5 178.7 179.1 179.5 179.9 180.3 179.4 181 182.4 183.6 184.8 186.6 187.9 189.1 190.9 193.2 196.2 197.7 197.8 197.9 198 198.8 199.8 200.1 200.2 200.3 200.1 199.9 199.7 200.2 200.4 200.7 200.6 200.2 199.5 198.4 197.9 197.7 197.7 197.8 197.9 197.9 198.2 198.9 199.5 199.9 201 202.3 203.4 203.2 203.6 204.4 204 203.8 203.9 203.9 204.1 198.3 199.9 203.3 205.5
187.6 187 188.1 189.3 189.5 188.7 188.7 188.7 188.6 187.5 186.5 185.5 184.6 183.6 182.4 181.4 180.3 180.2 180.6 181.3 181.9 182.3 182.7 180.9 183.5 184.4 185 186.7 188.5 189.8 191.1 192.7 195.6 198.6 200 200.1 200.1 200.7 201.7 202.7 202.8 202.6 202.4 202.2 201.9 201.6 201.3 201.5 201.8 201.6 201.2 200.7 200.2 199.5 199 199 199.1 199.2 199.3 199.8 200.4 201.2 202.3 203.9 204.7 205.3 205.4 205.7 206.2 206.1 206 205.8 208 206.1 198.6 199 206.7 208.2
191.5 191.5 191.7 191.5 191.3 190.2 189.4 189.4 189.1 188 186.9 185.9 184.9 184.1 183.3 182.5 181.7 181.9 182.3 183 183.8 184.5 184.8 185.1 185.2 186.9 187.7 188.8 190.3 191.6 193.4 195.5 198 201.1 202.3 202.4 202.7 203.1 204.3 205 204.7 204.4 204.1 203.9 203.6 203.1 202.5 202.7 202.9 202.6 202.2 201.7 201.2 200.8 200.3 200.5 200.8 201 201.3 202.4 203.5 204.7 205.6 206.6 207.4 208.4 209.6 210.1 209.9 208.7 207.7 207.5 208.5 207 198.5 199.3 202.2 209.4
194.4 194.9 194.1 193.2 192.5 191.8 190.9 190.1 189.6 188.5 187.3 186.2 185.2 184.4 184.2 183.6 183.5 183.7 184 184.8 185.5 186.2 186.7 186.9 186.7 188.8 190.4 191.6 193.2 195 197 199.3 201.5 203.6 204.7 205.1 205.4 205.7 206.6 207.2 206.4 206.1 205.8 205.5 205 204.5 204 203.8 204 203.6 203.2 202.7 202.2 202.3 202.5 202.7 202.9 203.2 203.6 204.8 206 207.1 208.3 209.8 211 212 213.5 215.3 214.1 212.8 210.9 208.9 207.1 206.3 203.8 199 199.2 200.6
197.5 196.7 195.9 195.5 193.7 192.8 192 191.1 190.2 189 187.7 186.5 185.4 184.5 184.1 184.6 185.3 185.5 185.8 186.5 187.2 187.5 188 188.8 189.2 189.2 192.7 195.3 196.6 198.5 200.8 203.1 205.3 207.3 207.8 207.8 208.1 208.4 208.9 209.4 208.1 207.8 207.5 207 206.5 205.9 205.4 204.9 205.1 204.7 204.2 203.9 204.2 204.6 204.7 204.9 205.1 205.4 205.9 207.2 208.4 209.6 210.7 212.4 213.8 214.7 214.9 215 215.8 214.6 212.2 210.2 207.9 205.9 203.3 201.4 200.2 200.5
199.2 197.9 196.8 195.7 194.6 193.6 192.7 191.8 190.8 189.6 188.1 186.9 185.8 184.7 184.1 185.8 187 187.3 187.5 188.2 188.5 188.9 189.8 190.8 191.8 192.2 195.7 198.8 200.1 202.3 204.6 206.8 209 210.4 211 211.2 211.2 211.2 211.5 211.5 210.3 209.4 209 208.4 207.9 207.3 206.8 206.3 206.1 205.7 205.9 206.2 206.6 206.8 207 207.1 207.3 207.5 208.3 209.5 210.8 212 213.2 214 214.8 214.9 214.8 214.8 214.9 213.3 212 209.9 207.8 205.7 204.3 205.1 205 202.3
199.5 198.7 197.5 196.3 195.2 194.2 193.2 192.4 191.4 190.2 188.8 187.3 186.1 185 186.6 189.1 190.2 190.2 189.8 190.7 191.6 192.6 193.7 194.5 195.3 195.7 194.5 201.2 204.2 206.4 208.5 210.6 212.8 213.4 214.1 214.5 214.5 214.5 214.3 213.8 212.5 211.5 210.9 210.3 209.6 209 208.4 207.8 207.5 207.9 208.2 208.5 208.9 209 209.2 209.3 209.4 209.7 210.7 211.9 213.1 214.2 214.9 214.8 214.9 215.1 214.8 214.1 213.3 212.3 211.1 209 206.9 205.1 206.6 206.7 207 204.6
199.7 199.2 198.2 196.5 195.7 194.8 193.8 193 192.1 190.9 189.4 187.9 187 188.3 191.3 194.4 195.3 194.7 193.9 194.3 195.3 196.5 197.5 198.3 199.7 201 201.6 199.8 208.1 211.3 213.4 214.5 215.8 217.1 217.6 217.3 216.6 216 215.4 214.9 214.4 214 213.4 212.7 212.1 211.5 210.9 210.2 209.8 210.2 210.5 210.9 211.1 211.2 211.4 211.5 211.7 211.9 213.1 213.8 214.5 215.2 215.5 215.2 215.1 215 214.1 213.5 212.8 211.5 210.2 208.1 206.1 206.7 208.4 208.2 205.5 206.3
199.4 199.1 198.1 197 196.2 195.3 194.4 193.6 192.7 191.5 190.1 189.1 190.2 193.3 196.3 199.3 199.2 198.7 198 197.9 199.1 200.3 201.4 202.4 204.3 205.9 208.2 204.8 207.9 214.6 215.9 217 218.8 219.2 219.5 218.7 217.8 217.2 216.6 216.1 216.1 215.8 215.8 215.1 214.5 213.9 213.3 212.7 212.3 212.4 212.8 213.2 213.3 213.5 213.6 213.6 213.6 213.7 214.1 214.8 215.5 216.2 216 215.7 215.4 214.8 214 213.1 212.7 211.5 210.3 208.2 207.9 207.7 207.8 207.9 207.2 207.5
199.1 198.5 197.9 197.6 197 196 195.1 194.3 193.5 193.2 192.4 192 194.3 198.2 201.4 202.7 202.1 201.7 201.2 201.8 203 204.2 205.2 207.4 209.1 211 211.7 211.3 208.2 211.6 216.8 218.9 219.4 219.7 219.6 219.5 219.1 218.3 217.7 217.7 217.9 217.5 217.5 217.5 216.9 216.3 215.7 215.2 215.3 215.3 215.4 215.2 215.2 215.1 215.1 215 215.1 215.3 215.6 215.8 216.5 216.9 216.6 216.3 216 215.2 214.3 213.4 212.5 211.6 210.7 209.1 209 209.2 209.4 208.9 208.8 208.7
197.5 197.6 198 198 197.9 197.6 197.2 196.1 195.1 195 195.2 196 198.9 202.8 205.9 205.8 205.4 205 205.3 205.8 206.9 208 209.6 212.3 213.1 213.6 214.9 215 214 209.8 215.6 217.8 219.9 219.8 219.7 219.7 219.6 219.5 219.2 219.9 219.6 219.1 219.1 219.1 219.1 218.7 218.1 218.2 218 217.7 217.4 216.9 216.6 216.5 216.5 216.6 216.8 216.9 217.2 217.4 217.5 217.5 217.2 216.7 216.3 215.5 214.5 213.5 213 213 211.6 210.9 210.6 210.9 210.7 209.9 209.9 210
196.1 196.4 197 197.4 198.1 199 199.1 198.3 198.1 199.3 201 202.2 203.9 207.1 209 209.1 208.7 208.7 209.3 209.9 210.8 211.8 212.8 215.2 215.7 216.3 217.1 216.7 215.7 214.3 211.1 215.8 218.1 219.4 219.8 220.1 220.3 221.1 221.8 222.4 222.2 221.8 221.3 221.2 221.1 221 220.5 220.3 219.9 219.6 219.3 218.9 218 218 218.1 218.3 218.3 218.5 218.8 218.7 218.3 217.9 217.3 216.8 216.3 215.5 214.5 213.6 214 214.1 213.4 212.6 212.3 212.4 211.7 210.9 210.9 211.7
197.4 197 197.7 198.2 198.3 199.2 200.2 200.8 201.6 203.5 205.5 207.2 209 210.6 211.9 212.4 212.2 212.8 213.4 213.9 214 214.7 216 217.1 217.3 218.1 217.9 218.3 217.3 215.6 214.1 216.6 218 219.8 221.4 222.2 223 223.7 224.5 225.2 225.5 225 224.6 224.1 223.8 223.2 222.2 221.7 221.5 221.3 221.1 220.9 220 219.5 219.7 219.9 219.9 220.1 219.9 219.6 218.8 218.2 217.6 217 216.5 215.8 214.5 214.6 215 215.2 215.1 214.3 213.9 213.4 212.7 211.9 212.7 213.4
199.5 199.8 199.1 199.5 200 201.4 202.9 204.1 205.9 207.8 209.7 211.6 213.4 213.9 215.5 215.4 215.9 216.3 216.4 215.6 216.2 216.8 218 218.3 219 220.2 219.9 219.5 219 217 217.1 218.7 220.1 222.4 224.7 225.3 225.9 226.6 227.2 227.9 228.6 228.3 227.8 226.9 226 225.3 224.2 223.2 223 222.9 223.3 223.4 223.3 222.8 222.1 221.5 221.5 221.2 220.9 220.1 219.3 218.6 217.8 217.3 216.8 216.2 216.2 216.5 216.4 216.7 216.8 216.5 216.1 215.1 214.1 213.2 214.8 215.7
200.8 200.8 201 201.3 202.2 203.6 205.3 207.7 209.4 211.1 213 214.9 215.6 215.6 217.3 218.1 219.2 218.4 217.2 217.8 218.3 218.9 219.2 219.5 220.6 222.3 222.1 221.4 220.7 219.4 220.5 223 225.1 226.8 227.5 228.2 228.8 229.5 230.1 230.8 231.2 230.4 229.5 228.7 227.8 227 226.7 225.5 225.2 225.6 226 225.8 225.7 225.3 224.7 223.7 223.3 222.6 221.7 220.6 219.9 219.1 218.3 217.6 218 219.1 218.4 218.9 219.9 220 220.2 219.8 218.9 217.3 216.1 215.2 217.2 218.5
203.1 202.7 202.6 203.5 204.3 207.4 208.5 211.2 214 214.9 216.2 217.1 217.8 218.8 219.7 220.8 220.5 219 219.4 220.1 220.7 221.4 221.2 221 222.3 224 223.9 222 221.1 221.6 223.7 226.5 228.6 230 230.8 230.9 231.6 232.2 232.9 233.4 232.9 232.1 231.3 230.4 229.5 228.4 228.5 228.5 228.4 228.4 228.3 227.7 227.4 227.3 226.8 225.9 225.1 224.5 223.8 222.5 221.2 219.9 218.8 220.3 222 222.7 222.1 221.8 222.4 222.3 222.4 221.9 220.6 219.3 218.4 217.7 218.5 220.1
207.2 207.6 206.6 208.4 210.2 211.5 213.2 214.7 217.5 219.3 218.4 217.4 222 223.5 223.3 223.4 222.6 221.3 221.7 222.4 223.1 223.6 223.6 223.7 225.2 225.7 224.1 221.9 221.5 223.5 227 230 232.2 233.2 234.4 233.7 234.4 235 235.6 235.1 234.6 233.8 233 232.2 231.3 230.2 229.9 230.9 230.2 230.2 229.6 229.4 229.3 229.2 228.9 228 227.1 226.4 225.8 224.5 223.2 221.9 220.9 223.4 224.2 225.1 225.7 225.4 225 224.3 223.8 223.2 222.6 221.9 221.3 220.6 220 221.6
211.7 209 211.7 213.8 214.5 214.4 217.5 218.7 219.2 219 219.4 220.6 223.5 225.8 222.9 224.9 225.2 223.8 223.4 224.5 225.3 225.7 226.1 226.3 227.1 226.2 224.4 222.9 223.4 226.3 229.6 233.5 235.7 236.8 237.9 237 237.1 237.8 237.3 236.8 236.3 235.6 234.7 233.9 233.6 233.2 233 232.8 233.4 232 231.5 231.4 231.3 231.2 231 230.2 229.2 228.3 227.7 226.5 225.2 224 223.7 225.9 227.2 227.8 228.4 228.4 227.5 226.9 226.3 225.3 224.8 224.4 224 223.4 222.8 223.1
214.1 214.8 215.8 216 216.4 217.3 218.6 219.2 219.9 223.2 224.7 224.3 225.6 227 228.3 227.6 227 226.3 225.1 226.3 227.5 227.4 227.7 228 227.3 225.8 224.2 225.2 226.5 229.1 232.3 236.5 239.3 240.1 240.4 240.2 239.9 239.6 239 238.5 238 237.3 236.7 236.7 236.7 236.4 236.2 236.1 235.9 235.6 234.8 233.9 233.3 233.1 233 232.3 231.3 230.4 229.6 228.6 227.3 227.8 227.8 228.5 230.2 231 231.1 230.8 230.1 229.5 228.6 227.6 226.6 226.2 225.8 225.5 225.1 224.8
216.2 218.1 218.9 217.6 220.9 220.5 221.1 223.5 226 227.4 225.7 229.7 230.9 230.5 230.5 230.2 229.2 228.2 227.4 228.2 229.7 229.3 228.6 228.4 227.9 226.2 227.1 229.7 230.9 232.7 234.9 240.1 242.2 242.3 242.6 242.4 242 241.4 240.9 240.3 239.7 239.6 239.7 239.7 239.8 239.7 239.5 239.3 238.8 238.3 237.8 237.1 236.5 235.8 235.1 234.4 233.5 232.5 231.6 230.7 230.8 231.6 232 232.5 233.5 233.6 233.5 233.2 232.7 231.8 230.9 229.9 228.8 228 227.7 227.3 226.9 226.9
220 220.4 219.3 222.6 222.4 222.8 226 229.1 228.8 229.8 231.5 233.5 233.4 233.5 233 232.9 232.1 231.1 230.6 231 231.8 232 230.8 229.5 228.3 229 229.9 231.4 234.4 235.3 239.6 243 244.7 244.8 244.7 244.6 244 243.4 242.9 242.3 242.7 243.5 243.2 242.7 242.5 242.7 242.3 241.8 241.3 240.8 240.3 239.8 239.2 238.5 237.8 236.2 234.7 233.9 233.3 234 234.6 235.4 236.2 236.5 237.5 236.9 236.3 235.5 234.8 234 233.2 232.2 231.2 229.9 229.5 229.1 228.7 229.1
