data/NS90.asc
ncols 200
nrows 200
xllcorner 290000
yllcorner 600000
cellsize 50
[rows 70 to 104 of 200, columns 78 to 155 of 200]
588.8 583.9 578.8 572.6 563.9 552 545.1 535.8 526.3 513.8 512.3 514.7 516.1 521.3 527.2 532.8 537.5 540.4 543.2 544.6 541.8 539.3 535.5 532.3 525.4 520.4 518.5 516.9 515.9 514.9 512.1 515.1 519.7 526.2 531.6 534 540.2 543.6 541 538.8 538 537.3 533 528.7 519 504.1 484.2 463.8 443.4 422.9 406.5 390.4 378.1 367.2 357.5 348 339.8 339.8 339.8 339.8 339.8 339.8 339.8 340.5 343.7 347.1 350.3 350.3 350.9 352.4 353.7 359.3 364.6 369.9 375.2 381.1 387.3 393.6
592.6 587.7 582.6 576.4 568.2 560.1 550.4 538.7 523.1 519.7 522.8 523.3 525.7 532.7 538.6 542.3 546.5 549.4 552.3 555.6 552.6 552.3 549.9 546.9 542.5 539.6 537.4 535.5 532.8 528.7 532 539.9 544.2 550.5 553.2 555.8 555 552.7 549.8 547.8 546.4 544.3 539.2 532.4 521.8 504.5 482.9 462.5 442.1 422.5 406.7 392.3 379.1 367 357.5 348 339.8 339.8 339.8 339.8 339.8 339.8 339.8 339.8 343.8 348.3 350.4 351.5 352 353.5 355.4 360.8 366.1 371.4 376.7 382 388.2 394.6
596.4 590.6 584.2 576.4 570.5 562.9 552.3 536.4 528.1 531.9 538.1 537.1 539 543.5 547.9 551.8 555.5 558.4 561.9 566.4 565.1 568.8 569 567 563.3 560.8 555.3 552.6 549.9 550.6 557.5 562.2 567.2 570.6 570.1 568.1 564 559.4 555.3 553.2 551.5 548.4 544.3 535.3 524.1 504 481.4 461 440.5 420.6 405.4 390.5 378.1 366.2 356.9 347.5 339.8 339.8 339.8 339.8 339.8 339.8 339.8 339.8 341.5 347.4 349.4 351.1 352.1 353.6 356.3 361.7 367.4 372.9 378.2 383.5 389 395.7
597.1 589.9 584.5 577.7 571.1 560.1 550.6 534 538.2 546.7 550 550.4 552.6 557.1 561.7 565.3 564.9 567.1 571.5 576 579.5 585.8 588.6 587.3 583.6 577.5 573.1 571.6 571.8 573.7 575.3 579.5 581.6 581.5 577.8 572.8 567.6 563.3 560 557.4 555.3 552.7 546.9 537.2 523.5 500.9 479 458.3 437.1 418.9 404.3 389.3 377.5 365.5 356.1 346.6 339.8 339.8 339.8 339.8 339.8 340.3 341.1 340.8 341.5 346.5 348.4 350.3 351.5 353.2 356.7 361.1 366.8 372.4 378 383.7 389.5 397.7
593.9 588.3 583.5 578.1 571.4 559.9 547.4 544 552.7 556.6 560.4 563.8 566.3 570.8 575.4 580.1 579.8 580.5 583.9 590.1 597.5 603.1 606.4 604.3 597.4 593.2 587.9 585.2 583.8 584.4 587.1 587.5 588.4 585 581.1 576.5 571.2 566.7 562.4 558.9 557.4 552.7 545.7 534.6 517.8 494.2 472.9 453.2 432.9 416.7 402.4 388.3 376.6 364.9 354.8 345 339.8 339.8 339.8 339.8 341.1 343.1 345 346.2 345.9 346.3 348.2 348.7 350.9 353.2 357.1 360.9 366.1 371.8 377.6 383.3 389.8 398.6
592.8 587.8 583.6 578.2 571.4 561.5 548.9 554.6 561.8 566.3 570.8 576.5 580.7 585.1 589.5 593.3 595.7 598.2 602.6 608.6 613.7 616.4 617 611.9 605.6 600.1 594.5 593.1 591.9 591.4 592.8 592.4 589.1 584.5 580.4 575.1 569.6 565.8 562.3 557.8 555 549.9 542.2 530.4 513 488.1 466.8 446.8 428 413 399.1 385.8 373.8 362.1 351.8 343.2 339.8 339.8 339.8 341 342.9 344.9 347 348.7 348.5 348.8 348.7 346.7 350.2 353.5 357.1 360.6 365.6 371.4 377.1 383.1 390.3 399.1
592.4 587.2 585.1 577.9 570.9 561 554.2 563 571 576.6 584.5 590.4 595.3 599.9 604.5 609.2 611.7 617 621.5 624.9 627.9 624.8 620.2 614.1 606.6 600.3 597.5 593.9 592.1 592.2 592.5 590.3 588.1 583.6 578.4 573.2 568.2 564.5 559.4 555.3 550.5 544.8 534.7 521.7 504.1 480.9 457.6 439.9 423.4 410 396.7 383.4 370.9 359.3 348.3 339.8 339.8 340.2 341.6 343.1 345.1 347.1 349.3 350.7 349.8 350.1 348.6 346.6 350.6 353.2 356.5 360.1 364.9 370.8 376.7 383.1 390.8 399.5
592.1 586.4 581.4 575.4 567.5 559.5 564.9 573.5 581.6 588.9 595.9 603.1 608.8 615 619.9 625.2 631.7 637.3 637.9 639.1 635.1 628.9 618.7 610.3 604.7 597.4 592.3 589.3 587.9 588.1 587.5 585.5 583.4 579.5 574.6 569.7 564.6 559.2 554.1 549.6 543.6 537.4 525.2 511.1 494 471.8 452.1 433.5 418.9 407.1 394.3 381 368 356.4 345.8 339.8 339.9 341.7 343.5 345.3 347.3 349.5 351.6 352.6 351.8 351.4 349.1 348.1 351 353.7 356.5 359.6 364.2 369.5 375.2 383.1 391.2 399.7
589.9 582.8 578.6 573.9 573.8 573 576.6 584 592.2 599.5 605.7 614.9 623.6 630.5 635.9 642.4 647.7 651.6 651.9 647.4 639 625.6 614 602.8 594.4 587.3 582.4 580.7 581.4 582.4 582 580.3 578.4 573.9 569 564.1 559.1 553.9 548.7 544 537.4 526.9 513.7 500.1 483.3 461.3 443.5 426.9 412.7 402.1 390 377.9 365.2 353.9 343.4 342 341 342.9 344.8 346.9 349.2 351.6 353.9 354.7 353.9 353.1 350.2 349.9 351.4 354.1 357 359.7 362.8 367.3 373.2 380.7 390.4 399.6
593.2 585 583.4 583.9 583.4 585.6 589.4 595.4 602.9 610.3 618.9 628.4 637.7 645.8 650.3 655.1 659.1 662.9 659.7 650.7 637.6 621.3 604.8 594.3 584 577 574.6 572.9 574 575.8 576.5 574.9 572.3 567.3 562 557 553.6 548.4 543.3 536 527.9 515.2 501.9 488.6 471.1 449.9 435.3 422 409.9 396.6 385 373 361.6 350.1 344.1 343.5 342.5 344.3 346.5 348.7 351.1 353.5 355.5 355.4 356.1 355.2 350.6 351.8 352.2 354.3 356.7 358.8 361.9 366 369.4 377.9 387.6 397.3
592.5 590.7 591.9 593.8 594.9 596.4 602.2 607.2 615.2 623.8 632.5 642.1 650.1 656.1 661 664.4 668.2 670 662.5 649.4 633.9 616.4 596 584.4 574.3 569 567.3 565.6 566.6 568.2 569.5 566.6 562.7 558.9 554.4 549.9 546.3 541.3 533.4 525.7 515.9 503.5 490.1 476.6 456.9 440.4 428 418.7 409.5 393.6 379.2 367 356.5 346.3 345 344.2 344.3 346.3 348.4 350.5 352.9 355.3 357.2 357.6 356.8 356.2 355.3 354 353.9 354.8 356.3 358 360.8 364.5 368.2 375.1 384.9 394.9
600.8 598.8 600.9 602.6 605.1 607.2 613 619.7 628.7 637.2 649.5 656.2 661.9 667.4 671.8 674.8 675 671.1 659.3 647.1 632.2 610.8 591 578.6 566.9 561.3 558.5 556.7 556.9 558.6 557.4 555.6 552.3 548.5 544.8 542.3 536.6 530.1 522.7 513.5 503.2 489.7 475.5 461.8 443.3 430.1 420.6 410.9 401.1 386.5 373.2 361.8 351.3 345.2 345.1 345.5 347 349.7 351.6 353.5 354.7 357.1 358.8 360.2 359.7 359.7 360 358.6 358.3 357.9 358.1 359.2 360.7 364.3 367.9 372.8 382.6 392.6
607.5 606 609.5 612 614.4 619.3 624.8 632 641.5 652.3 663.4 669.5 675.7 680.1 681.6 681.5 676.9 666.4 654.4 642.3 627.3 608.3 589 577.2 564.6 552.5 549.4 547.5 545.5 545.9 544.8 543.4 540.6 537.6 533.9 529 523 517.3 510.4 500.2 489.6 476.7 462 447.3 432.7 422.5 413.6 404.2 394.8 380.7 367.4 356.4 345.9 345.4 346.8 347.5 349 352 354.9 357.4 358.7 359.5 360.6 361.8 362.7 365.5 367.1 365.7 363.4 361.8 359.1 360.1 361.5 364.5 368.5 372.5 381.3 390.6
612 611.4 614.9 619.2 622 628.1 635 643.9 654.9 664.7 672.4 678.4 684.5 686.5 685.7 679 670.5 661.3 649 637.1 623.2 604.7 589.6 576.9 565 552.5 538.6 535.4 532.4 532.5 531.8 531 528.7 525.6 520.9 515.6 509.5 503.2 496.3 486.8 475.4 462.6 449.7 436.8 423.9 413 403.5 393.9 384.7 375.5 361.9 350.5 346.3 345 347.6 349.4 351 354 356.9 360.4 363.2 364.5 366.3 367.7 370.1 372.6 373.5 372.9 368.3 362.8 360.4 360 362.4 365 369.1 373.2 380.5 390
617 616.9 619.8 624 628.8 635.9 642.9 651.8 661.7 668.4 677.3 684.7 687.6 683.3 678.8 670 660.9 653.4 642.9 630.9 621 607 596 583.4 572.6 558.9 542.6 522.7 519.3 519.2 518.5 517.8 517 511.2 505.2 499.5 494.3 488 482.1 472.6 462.1 449.4 437.1 424.5 412.2 402.2 393 383.5 374.7 366.1 356.8 347.9 347.3 346.1 348.4 350.6 353.4 357.3 361.2 365 367 369.2 373.7 376.8 378.8 379.6 380.2 377.4 371.6 365.7 360.8 360 362.3 364.9 368.9 373.1 380.8 390.3
620.9 621.8 624.7 629 634.4 641.4 648.7 657.8 664.8 672.8 680.2 683 681.9 675.5 668.2 660.2 653.9 644.8 634.7 626.2 616.6 609.8 600.1 591.1 581.7 566.4 549.7 531.7 511.3 505.9 505.2 503.4 500.3 494.2 487.4 483 477 471.1 466.7 457.4 447.6 436.7 424.4 412.2 401 391.3 382.1 373.6 367.5 360.6 353 348.4 347.4 346.6 350.4 353.7 357.3 361.9 366 368.9 372.3 377.7 382.5 385.6 388.7 387.8 385.3 381.7 375.8 368.9 362.1 361.4 364.1 366.2 368.4 373.7 381.1 390.6
624.9 625.9 628.4 633.2 639.8 646.9 653.4 660.5 667.6 672.7 677.2 676.6 671.5 665.1 658.6 651.1 642.8 633.4 627.5 621.2 613.7 607.7 601.5 593.9 585.8 574.7 559.4 540.8 521.5 506.7 492.2 489.3 484.6 478.8 472.5 467.2 460.6 453.4 446.9 440.9 432.8 423.8 411.5 400.5 389.9 381.8 372.3 367.9 363.7 356.7 351.2 348.7 348 347.9 352.3 356.6 360.7 365.6 370.8 375 381 385.6 391.3 394.5 397 396.3 391.8 386.1 379.2 373 366.9 364 366.1 367.7 370 374.4 381.4 390.9
628.4 629.4 632.5 637.3 644.3 651.9 657.2 663 668.6 669.4 671 667 658.6 652.1 646.2 640.2 631.7 626.6 621.2 616.4 612.8 607.1 600.8 594.6 586.7 578.6 567.8 548.2 530.7 520.6 505.3 487.8 472.9 468.5 460.7 452.1 444.5 436.4 429.7 424.8 418.1 409.2 399.2 388.8 379.9 374.2 368.3 363 359.8 353.9 349.5 349.1 348.7 349.7 354.2 358.7 364.5 370.2 375.7 381.7 387.9 393.8 399.3 404.4 408.6 406.8 399.5 390.1 383.3 375.9 369 366.1 367.6 369.4 372.1 375.4 382.4 390.9
630.1 632.2 637.1 643.3 649.6 652.9 658.1 661 661.4 657.6 652.9 648.9 645 639.7 633.8 627.9 623.3 619.6 615.1 611.5 607.9 604.4 600.1 594.1 586.7 579.7 572.7 558.2 551.2 537.7 521.3 504.5 489 478.5 471.7 462.6 456.6 450 439.7 429.4 420.1 407.1 397.8 390.6 377.9 369.6 365.1 361.5 357.9 354.1 349.4 349 350.6 352.4 356.3 361.4 367.6 374.1 380.8 387.3 393.8 400.2 407.8 413.6 418.1 419.2 405.6 394.6 387.5 379.4 371.7 368.8 368.3 370.1 372.6 378.1 385.3 393.9
631.5 636.1 640.9 646.8 650.7 652.2 652.3 650.1 647.1 642.8 638.4 634.1 631.1 627.3 621.5 616.9 614 611.7 609.3 605.7 602.1 599.4 596.6 591.6 586.9 580.9 575.5 570.2 562.1 552.2 537.8 520.5 506.6 496.3 481.2 469.7 462.5 454.6 444.6 433 422.9 411.3 399.5 390.4 378.3 367.7 363.6 359.9 356.3 352.6 349.9 350.6 353.2 356.6 359.6 364.2 370.6 377.8 385.2 392.8 399.3 407 415.2 422.3 426.1 422.1 413.3 400.7 390 381.6 373.9 371.6 370.9 370.9 373.8 379.6 385.6 394.9
635.4 639.9 642.9 646.4 646.9 643.4 641.4 637.2 632.2 628 623.6 620.6 618 613.8 610.7 607.7 604.8 602.6 600.7 598.8 597 594.4 591.8 589.6 585.6 581.7 577.4 573.7 566.5 560 548.3 534.7 517.9 501.9 487.2 473.6 466.8 458.5 447.2 435.6 424.8 413.1 401 388.6 376.6 366.6 362 358.4 354.8 352.8 351.9 352.6 355.7 359.1 362.9 367.3 374.5 381.7 388.9 396.8 405.2 414.4 422.3 428.1 431.1 428.2 419.2 405.9 394.1 385 379.8 374.6 373.7 373 374.2 378.6 385.3 395.1
640 641.4 641.8 642.6 639.8 633.6 627.5 621.2 615.4 612.1 608.2 606.6 604.7 601.8 600.9 598.8 596.4 595.3 593.7 591.8 590.8 589.3 587.1 586.5 585 582.4 578.6 572.3 565.2 556.9 548.2 535.8 518.3 503.1 491 478.1 469.3 459.3 448.7 436 425.1 413 400.1 386.7 375 366.5 360.9 356.8 355.4 352.5 351.9 352.9 355.5 358.6 363.4 368.6 375.7 384.2 392.6 401.3 410.2 419.4 428.5 431.1 433.7 431.7 423.2 410.6 398.1 387.3 382.6 378.3 376.6 376.1 377.1 380 387.5 398.4
645.8 641.7 638.3 630.5 624.1 618 611.8 605.5 599.2 596.1 595.1 594.2 593 591.6 590.8 590 588.9 587.8 586.6 584.7 583.9 583.4 583.4 583.7 582.3 580.3 578 569.8 561.6 552.8 542.1 529.6 515.3 502 490.8 479.9 468.7 457.4 445.8 434.3 424.5 411.8 398.5 383.9 370.3 362.8 359.4 357.6 356.1 352.8 352.1 352.8 355.7 358.4 363.4 369.9 376.2 383.6 393.7 404.1 414.2 423.1 430.5 433.5 437.1 437.2 424.9 412.9 400.3 387.5 383.9 381.3 379.1 379 381 382.2 389.4 400.6
643.9 637.3 628 615.2 608.4 602.3 595.7 588.8 585.1 582.4 580.9 582.9 583.6 582.2 582.7 582.5 581.7 580.3 579.2 577.7 577 577.2 578.9 580.7 578.3 574.7 570.7 565.2 554.5 544.1 533.4 521.1 509.8 497.9 487.5 477.1 465.8 453.9 441.9 430.2 419.9 406.4 391.4 374.7 363.6 361.3 359.2 357.8 356.6 355.3 353.4 352.9 356.7 358.7 360.4 370.1 376.7 383.3 394.6 405.5 415.9 426.3 433.2 438.1 439.4 435.1 423.7 412.1 399.9 390.9 386.7 384.4 382 380.1 381.3 383.4 391.2 402.7
640.6 630.4 616.7 602.3 591 584.2 578.3 574.5 571.8 568.9 566.5 568.8 572.3 575.1 575.3 574.8 574.7 573.5 572.1 570.5 571.1 571.5 573.4 574.5 571.2 567.2 562.8 553.1 542.3 531.6 522.6 512.2 501.7 490.4 480.6 471 460.6 449.7 437.8 426.2 413.3 394.5 377.8 365.1 362.7 360.9 359.6 358.2 357 355.8 354.5 353.3 356.5 360.4 360.5 369.3 376.8 383.5 394.8 406.7 418.6 429 435.8 439.9 439.6 430.7 421.8 412 402.2 394.4 388.9 387.1 384.7 382.2 381.7 385.4 393.6 404.9
636.3 620.2 605.1 588.2 575.3 563.7 563.8 560.8 558.1 555.4 552.7 555.7 560.8 566.2 567.3 567.2 567.1 566.6 564.9 562.2 563.6 565.4 566.3 566.3 562.2 556.5 549.5 540.1 529.6 519.3 508 497.1 486.1 476 469.8 461.7 453.8 443.3 431.9 418.7 399.6 380.6 367.8 364.1 362.7 361.3 360 358.6 357.4 356.2 355 354.4 356.5 360.7 364.7 363.6 377.4 383.5 393.4 405.3 418.3 427.2 434.9 437.2 435.6 426.6 418.7 411.4 402.8 396.1 390.1 387.2 385.9 384.5 382.4 387.5 395.9 407.1
633.1 617.8 593.8 574.3 559.8 550.1 550 547.5 544.2 542.1 540.3 543.4 547.8 554.7 558.5 559.5 559.6 559.1 556.5 553.8 554.5 555.4 557.1 554.1 550.4 543.6 533.1 521.6 510.9 499.1 485.3 473.5 464 456.8 451.7 446.7 439 428.8 414.6 399.8 381.8 370.5 364.8 363.5 363.1 361.7 360.4 359 357.8 356.6 355.3 355.6 356.4 360.5 364.8 363.4 374.4 383.4 391.4 403.3 415.6 425.5 431 432.5 429.7 424 416.8 410.5 402.9 398 391.8 388.3 385.5 384.1 383.3 388.3 397.1 408.8
629.9 611.5 587.1 567.6 552 537.7 536.5 537.3 532.8 529.6 528.2 530.9 536.6 545.2 550.6 551.3 552 550.2 546.5 544.3 543.4 544.6 541.7 537.3 534.4 526.4 514.6 502.2 490.9 473.7 459.7 446.8 438 432.9 427.5 420.2 413 403.9 392.7 381.2 373.5 366.8 364.1 363.4 363.3 362.1 360.8 359.5 358.2 356.9 356.1 356.9 357.6 360.4 364.9 365.7 372.2 382.7 389.6 400.7 410.5 420.5 427.3 430.1 426 420.6 414.9 409.1 402.7 398.3 393.7 389.5 386.6 383.7 385 389.9 399 409.2
626.6 609.8 587.3 567.4 549.8 533.5 524.7 525.9 521.1 519.7 518.2 516.6 528.8 535.8 542.7 543.9 544.5 541.3 537.4 532.2 529.6 527.7 525.8 521 515.3 506.8 495.3 481.2 464.6 447.7 433.9 420.6 409.5 405.2 398.9 393 389.1 384 378.2 373.5 369.9 366.4 365.1 364 363.2 362.4 361.1 359.8 358.5 357.4 357.3 358.1 358.9 360.2 364.6 367.6 370.3 381.7 388.4 396.8 406.5 416.1 424.3 427.9 424.1 420.4 414.3 408.2 402.1 397.9 394.1 390.7 388.1 385.5 384.7 392 400.6 410.4
622.5 607.9 588 567.9 550.4 534 522.9 514.6 511 510 508.7 513.7 522.2 530.2 535.5 538.3 535.5 532.5 527.5 520.9 512.6 514.6 512.7 507 499.5 487.4 472.5 456.6 440.2 424.5 412.8 403 394.1 387.5 381.2 379.4 377.1 375.5 373.2 372.1 370 367.4 366.2 365 363.9 362 359.3 359.4 358.9 357.9 358.6 358.6 359.2 360.8 364.2 367.6 368.9 380.1 387.7 395.3 404.9 414 419.2 423 423 420.9 413.9 408.1 402.6 398.7 394.9 393.4 390.8 388 385 391.9 400.2 412
617.3 602.3 586.1 568.9 552.1 538.6 526.1 516.2 506.4 500.7 499.9 507.7 516.2 524.6 528.9 530.5 527.9 522.5 516.3 510.2 498.7 503.3 500.7 493.3 480.4 466.3 451.1 432.6 417.9 407 399.8 390.9 388.7 394.2 392 387.5 378.7 375.6 373.6 372 369.9 368.5 367.4 366.3 365.1 362.9 360.1 359.8 359.2 358.5 358.1 358.9 359.8 361.6 364.2 367 368.1 378.7 387.7 393.6 403 410.6 417 421.8 421.9 420.2 414 408.2 403.4 399.5 397.1 395.7 393.8 391 387.4 390.7 401.7 413.6
611.8 596.7 580.7 568.8 553.6 542 532.3 521.6 511.1 503.4 493.9 493.7 504.7 515.1 522.6 522.9 519.5 511.7 504.5 498 486.9 486.4 482.4 474 463.2 447.6 430.2 415.6 404.6 397 396.5 403.3 410.2 409.9 405.7 398.5 389.6 381.3 376.3 373.6 370.4 369.4 368.7 367.5 366.1 363.9 361.5 361.1 360.1 359.3 358.9 359.6 360.5 361.7 363.7 366.4 367.7 377.6 385.6 392.6 400.4 407.3 414.3 420.4 423.5 421 415.5 410.4 406.6 402.4 399.5 398 396.6 393.5 389.1 392.8 403.6 415.6
606.3 591.2 577.5 566.1 555.1 543.5 534.3 525.7 516.3 509 498.5 486.6 499.8 505 511.3 512.5 509.7 501.6 493.9 485 476.1 467.3 461.8 453.5 443.6 428.6 415.6 406.4 399.6 403.8 414.1 422.7 425.4 423.3 419.1 411.9 403 395.1 388.9 385.4 380.9 376.6 372.5 368.5 367.2 365.1 362.9 362.1 361.2 360.3 360 360.2 360.7 362 363.6 366.1 368.2 375.8 383.4 388.5 398.1 406.5 414.6 421.5 423.1 423.4 418.3 414.3 410.4 406.6 403.3 401 399.6 395.2 391.6 394.5 405.2 419.3
604.7 590.4 576.2 566 555.9 545 536 527.8 519.5 511.7 497.4 482.3 492.7 497.7 498.8 500.4 494 488 478.9 469.1 459.2 450.2 443.7 433.6 426.3 418.6 408.5 401.2 411.9 423.5 433.3 440.2 439.6 438.6 432.5 425.2 416.3 408.8 402.2 397.4 391.4 385.5 381.2 376.4 371.9 367.8 365.6 364 362.6 361.2 361.1 361 361 362.1 363.5 366 368.7 375.1 381.1 389.9 399.3 407.2 415.3 421.8 424.8 425.5 421.3 417.4 414.3 411.2 408.1 404.8 402.9 399.8 390.9 395.6 406.2 420.3
605.7 591.9 577.2 566.7 556.3 546 537 528.9 520.2 510.1 492 475.7 484.6 489 490 487.1 476.3 469.4 462.2 451.1 445.7 439.9 434.3 426.3 419.9 410.2 404.7 414.8 429 441.1 452.1 459 460.6 457.8 450.6 440.9 430.6 421.8 415.6 409 403 397.4 392.5 387.4 383.3 378.4 372.7 370.9 369.2 365.4 362.3 362 361.7 362.1 363.1 365.2 368.7 374 380.8 390.3 400.8 408.6 416.4 423.4 427.1 427.6 424.2 421.5 418.6 415.4 412.4 409.3 405.6 401.4 394.8 395.1 406.8 420.1
