data/NS93.asc
ncols 200
nrows 200
xllcorner 290000
yllcorner 630000
cellsize 50
[rows 70 to 104 of 200, columns 78 to 155 of 200]
261.5 263.4 262.5 265.6 267.7 272.1 274 273.9 271.3 270.1 270.3 268.4 269.7 270.9 270.6 266.6 265.4 270.8 275.1 279.1 280.1 282 279.8 276.7 276.5 277.9 277.7 278.1 279.2 280.8 284.1 286.6 290.7 295.2 297.5 299.2 302.7 305.3 307.2 308.6 308.8 308.6 308.6 308.9 308.6 308.8 308.3 306.8 304.8 305.7 304.1 300.7 297.3 296.4 298.3 299.1 300.5 302.9 306.5 314.7 321 317.4 310.7 302.8 295.2 288.1 282.6 275.9 268.5 270.4 270.9 271 270.3 268.7 265.3 260.8 257.1 257.9
266.2 267.5 265.4 269.7 274.9 274.3 274.1 274.9 275.2 273.8 274.2 273.6 274.3 271.5 271.4 267.3 270.8 270.1 276.8 280.7 281.5 281.1 279.3 278.2 280.7 282.1 280.6 281.7 283.1 284.7 287.2 289.7 293.6 297.6 300.2 302.3 306.1 309.7 312.1 315.4 315.8 315.9 316.7 315.9 315.6 315.8 316 312.3 315 315.4 312.6 308.3 304.2 300.7 298.8 299.9 304 305.1 305.6 305.4 308.2 305.4 301.3 294.8 287.7 282.8 276.9 274.9 277 278.2 276.2 275.3 273.8 272.6 269.5 265.7 261.9 261.3
270.9 269.2 271.3 275.6 278.5 279.5 279.6 278.5 277.8 277.4 277.9 278.3 277.1 274.1 270.6 273.2 274.2 274.3 275 280.1 281.6 281.3 279.7 280.6 284.6 285.4 286 285.7 288.6 288.9 290.6 291.7 296.4 299.3 303.4 307.5 309.7 313.1 316.6 319.5 320.7 322.7 328.4 325.7 323.4 323.3 323.9 324.5 325.6 324.2 321.2 316.1 309.7 305.9 305.3 302.8 307.7 310.9 308.7 304 301.7 301.4 297.4 292.6 286.8 282.1 281.3 282.6 285.5 284.7 282.8 280.5 278.8 277.1 273.6 269.9 266.6 264.4
272.4 272.3 277.1 280.8 284.1 284.6 283.9 282.2 281.6 281.1 281.4 279.7 275.6 274.8 272.5 272.9 275.3 275.6 275.1 277.6 278.8 281 280.9 281.7 283.5 287.1 291.1 296.2 297.1 294.3 293.6 296.4 300.6 304.9 309.1 314 316.3 320 322.7 326.4 327.6 331 332.4 333.2 333.3 335.4 337.8 337.5 336.3 334.2 331.2 323.8 316.2 310.9 309.4 306.7 309.1 309.5 306.9 303.6 300 298.7 296.6 295.7 293.7 292.2 291.5 293.4 293 291.8 290.1 287.6 285.6 283 279.2 275.8 273.1 269.6
273.8 278.5 282.8 286.2 288.4 289 287.3 287.1 286 284.5 283.9 280.8 276.7 275.7 274.7 274 275.6 276.9 279.2 279.8 280.8 282.3 283.5 284.3 286.7 290.7 296.1 299.7 300.6 299.2 300.3 303.6 306.8 310.6 314.9 319.9 323.6 327.3 331.5 338.5 340.2 339.9 340.7 341.3 342.3 344.7 350.5 351.2 350 347.8 342.5 332.4 322.5 316.2 312.9 311 310.1 310.3 307 303.7 305.2 304.1 302.7 303 302 299.7 300.1 301.3 300.3 299.2 297.6 294.6 292.7 289.4 285.8 283 279.6 276.1
278.1 283.5 287.2 290.5 292.6 293 291.7 290.8 288.9 287.5 286.1 283 279.7 279.1 278.5 276.9 276.2 279.5 280 280.8 281.9 284.1 286 287.3 290 295.4 301.9 304.6 306.6 308.4 308.7 310.8 313.9 317.1 321 326.4 332.6 336.5 343.6 350.5 354.9 356.3 357.1 356.2 356 359.4 364.8 366.9 364.3 358.5 352 339.4 327.6 321.4 317.7 314.5 312.2 311.7 312.8 312.7 312.4 311.5 311.1 310.1 308.7 308.4 308.9 309.2 308.7 308.4 305 300.9 296.9 294.4 292.5 290.3 285 281.3
283 286.7 290.7 294.1 295.3 295.7 294.4 292.3 291.2 290.4 288.2 286.1 282.4 282.5 283 280.1 279.3 280.3 281.3 283.5 285 286.7 288.9 291.2 294.5 301.9 308.1 313.1 315.8 316.3 317.7 319.5 322.1 326.7 331.4 337.9 344 352 360.1 364.6 370 373.3 371.9 372.3 374.3 376.6 376.9 378.7 372 365.7 352.6 341.6 332 324.8 321.4 319.7 313.9 318.7 321.7 323.1 321.2 320.8 319.5 318.3 317.1 317 318.5 319.7 321.7 320.2 312.5 306.1 302 299 298.4 294.8 289.9 283.8
285.7 289.6 293.7 297.7 298.8 297.8 296.6 293.7 292.4 291 287.8 285.7 284.3 282.9 282.2 281.6 282.6 283.9 284.5 286.8 288.7 290 292.1 295.1 298.9 306.7 313.8 321.8 326.1 328 329.7 331.1 333.9 338.7 344.3 350.6 360.4 371.6 374.6 380.2 385 389.7 392.9 391.8 392.1 387.8 387.7 385 375.5 363.7 353.1 343 335.7 329.9 328.2 323.3 318.4 324.7 332.1 331.5 330.7 330.6 329.4 328.3 326.6 325.6 327.7 329.7 332.7 325.8 317.5 311.8 306.6 302.2 300.6 294.4 286.7 283.2
286.2 291.6 295.6 298.4 300.4 300.8 294.8 294.4 290.4 289.9 289 287.9 285.5 283.8 284.1 284.9 286.8 288 288.5 289.8 292.1 294.3 295.5 298.8 305.3 312.7 319.9 330.1 336.8 339 341 343.3 347.1 352.4 358.3 365.5 373.8 384.5 392.2 396.9 401.4 409 413 413.9 407.3 397.7 393.3 386 376.6 364.9 354.5 346.4 340.4 337.1 333.5 329.3 320.1 329.8 341.5 341.4 339.6 340.1 339.7 337.8 333.7 332.9 336.6 338.8 338.5 331.2 321.4 314.1 303.3 299.8 296.2 291 285 281
290.5 291 293.8 299.1 299.9 298 296.4 295.5 292.5 293.4 291.8 290.1 289 288.8 287.9 289.1 290.8 292.6 293.4 295.7 298.3 300.5 301.1 303.1 310.4 318.5 326.9 338.4 346.7 350.9 354.9 357.6 361.8 368.6 375.8 382.6 390 399.4 409 413.7 418.4 425.4 429.1 427.7 420.2 407.6 395.1 385.2 376.3 367.5 358.8 354.9 348.9 344.8 339.4 329.9 325.1 333.2 347.5 346.5 344.7 346.2 348.3 344.3 340.4 338.5 339.6 340.1 336.5 324.5 314.7 306.1 299 294.5 290.2 286.4 281.7 278.7
290.9 292.7 295.8 298.9 301 300.4 298 296.8 296 295.6 294.9 294.2 294.3 293.7 293.8 294.9 296.1 297.2 298.7 301.4 304.2 306.5 307.7 307 314.6 322.6 335.4 349.5 359.6 367.3 370.9 373.9 379.3 386.3 394.4 401.7 410.6 419.4 424.9 428.6 432.8 438.8 440.3 436.9 429 414.3 400.2 390.5 380.1 372.3 367.4 363.3 356.5 351.3 346 334.6 328.7 334.9 347.7 348.7 347.4 350.1 352.7 347 336.9 330 328.5 325.9 321.2 312.4 305.7 301.1 295.4 290.1 286.4 283.8 280.4 277.6
294.4 295.4 298.3 300.9 303.7 304.1 302.5 301.4 300.5 299.8 299.3 298.9 299.6 299.5 299.9 300.8 301.9 303.3 305.4 308.4 311.4 313.3 314 313.2 318.8 327.7 342.3 358.2 371.2 383.3 389.3 392.5 396.4 404.7 414.2 421.3 426.6 433.8 439.9 440.7 444.1 446 447.6 445.4 437.1 422.1 404 394.3 385.2 376.5 374.7 369.3 361.3 355.3 349.3 339.6 329.4 333.1 344.2 343.9 342.8 343.4 341.6 338.3 329.5 325 321.5 317.7 312.5 306.9 302.4 298 292.4 287.2 283.4 280.5 278.9 276.3
298.5 299.5 300.7 302.7 303.4 304.1 304.7 304.8 304.7 304.5 305.2 306.1 306.8 307.3 308.1 308.9 310 312 312.9 315.9 318.4 320.2 321 321.5 323 333.8 351.2 368.1 381.3 395.1 405.6 413.1 419.1 424.5 431.4 437.8 443.7 448.7 452.4 455.2 454.9 451.6 450.4 448.9 438.5 423.7 406.7 396.8 388.9 380.8 374.7 367.8 363.6 355.6 347.1 339 331.4 328.7 334.4 336.2 336.8 336.2 332.1 329.6 324.6 319.8 316.7 313 308.5 304.2 299.7 294.6 289.2 285.2 281.5 276.6 273.7 273
302.6 303.6 304.6 305.7 306.3 306.8 307.9 310 310.2 310.8 311.7 313.3 314.3 315.1 316.6 319.2 319.9 320.7 321.1 322.9 325.3 327.2 329.3 330.5 328.2 341.3 362.6 381.1 395.2 408.9 421.3 432.2 438.7 443.2 447.9 454 459.8 464.5 467.2 460.7 454.4 448 443.2 435.1 426 417.5 407.5 398.2 391.2 383.2 373.7 367.8 363.1 354.2 345.3 338.5 330.8 325.4 326.9 326.7 326.8 326.2 324.2 323 320.9 315.9 312 308.9 305.2 302 294.7 288.7 281.7 273.8 269.7 268.7 265.4 264.8
306.8 307.8 308.8 309.9 311.3 312.1 313.2 314.3 316.2 317.6 319.7 322.1 323.9 324.3 325.9 328.4 328.1 329.1 331 333 334.6 336.5 339.3 339.2 332.4 345.9 370.1 393.2 407.8 422.7 437.9 448.8 455.5 460.4 464.1 469.9 473.3 474.2 469.8 458.9 449.5 439.7 430.7 423 416.1 409.6 404.7 398.7 393.2 384.9 376.1 366.6 359.6 350 341.8 334.5 325.7 319.1 312.9 312.6 315.2 315.8 316.5 315.6 314.9 311.7 308.8 305.6 301.4 296.1 288.2 279.4 273.4 276.1 274.5 271.4 266.7 265
311.1 312.1 313.1 314.9 316.1 317.6 319.2 321.4 325.3 328.5 333.1 335 335.9 335.8 335.1 336.4 337.6 339.7 341.6 343.6 345.7 347.9 351.3 349.4 339.6 343 365.8 392 413.7 435.6 451.7 464.7 472.8 475.5 481.3 480.4 476.7 471.8 463.1 452.3 441.3 430.1 419.5 409.4 403.7 399.8 397.5 393.1 387.3 379.5 371.7 361.4 351.9 342.5 335.4 324.1 319.3 315.9 314.9 311.2 304.5 304.2 305.7 305.5 304.9 304.2 301.6 298.5 293.1 287.8 280.4 277.1 283.5 281 279.9 274.8 270.2 271
315.6 316.5 317.3 319 322.9 325.4 328.1 331.3 333.9 341.9 346.6 347.6 347.4 346.8 345.6 347 349.9 351.6 353.6 355.9 358.5 360.3 363.4 360.2 348.5 342.2 355.2 382 411.1 440.4 464.9 476.5 482.6 486.2 486.1 479.5 473.7 464.5 454 443.9 432.4 419.5 407.9 399 391.1 384 379.4 376.5 373.7 367.2 359.3 350.3 340.9 332.8 323.7 322 324.5 326 323.8 319.6 314.6 306.9 298.1 294.2 293.6 290 288.9 286 282.7 280.5 280.7 283.5 285.7 283.6 278.8 275.4 275.8 276.1
320.6 322.6 323.9 326.5 331.3 333.2 338.4 342.3 351.9 358 359.5 360.7 359.9 361.2 361.7 363.1 364.7 365.4 367.6 369.9 372.2 374.6 374.7 370.8 359.4 349.4 347.4 369.5 400.5 430.2 456.6 478.3 486.6 486.6 483.9 478.4 471.1 461.8 451 437.4 424.7 414.2 408 401 392.9 383 368.4 362.3 358.9 353.1 343.6 335.4 333 333.8 333.6 333.3 332.4 330.3 327 323.1 319.6 313.5 307.8 301.3 296.6 299.2 295.1 292 284.8 287.7 288.3 287.5 285.9 283.7 279.2 281.6 281.1 280.9
327.4 330.2 331.6 335.9 340.6 343.1 352.2 360.2 371.1 377.1 378 375.3 377.8 378.7 379.6 379.9 382.3 383.3 384.6 387.4 390.1 391.6 389.3 382.6 369.5 360 353.1 359 389.1 419.6 447.7 472 487.1 490.1 487 480.6 473.4 464.5 455 444 435.3 423.6 415.9 404.9 392.8 380.3 365.8 355.2 349.3 344.2 343.2 343 343.6 343.4 342.9 340.5 337.2 334.9 331.5 326.2 322.8 317.6 312.4 305.3 306.4 300.8 297.8 294.9 287 293.6 290.8 291.1 288.7 287.4 282.2 285.8 287.8 287
334.9 338.3 342.2 349.2 353.2 359 369 379.7 391 396.6 396.3 396 396.6 397.5 399.1 400.2 402 404.1 402.9 404.2 407 407.3 406.3 394.9 382.3 372.2 363.3 366.2 382.7 415.8 445.3 471.1 491.7 496.1 493.7 490.8 483.6 473.3 464.2 455.2 446 435.2 422.4 407.3 391.4 374 360.6 354.3 354.2 353.8 353.8 352.9 351.5 350.7 350 346.9 343.3 340.4 336.5 331.4 327.1 321.9 316.7 310.3 306.1 303 299.4 295.4 290.7 295.1 295.5 294.1 292.4 289.8 286.3 291.1 294.9 294.6
341.6 346.3 353.1 360.3 367.3 376.4 384.9 397.4 409.4 414.8 420.7 418.9 419.1 419.4 419 420.2 421.3 424.9 424.2 423.1 425.2 427.8 426.7 412.5 396.4 385 376.5 377.8 385.2 417.7 448.2 475.4 498 506.5 504 500.3 496 488.2 479.3 468.6 456.1 442.2 426.3 409.5 388.5 368.3 361.8 364.2 366 366.4 364.2 361.7 360.3 358.2 356.7 354.2 349.8 346.2 342.1 337.3 331.6 326.4 321.3 315.5 310.5 307.2 302.8 298.4 294.1 297.4 298 297.9 296.4 293.1 292.7 296.7 300.6 304.2
348.5 353.9 362.4 370.9 380.5 389.6 399.7 414.9 428.8 436.1 441.5 444.1 444.1 443 442.8 443.7 446 447.4 446.1 444.6 444.3 446.4 443.5 431.5 413.1 398.4 390 390.3 393.4 422.7 453.6 480.5 506.1 515.2 516.3 512.6 506.9 500.2 489 478 464.2 447.9 428.3 405.5 381.2 369.1 374.1 379.5 378.1 376.7 374.2 372.5 369.6 366.9 365.1 362.9 359.9 354.9 348.3 341.9 336.9 332.4 327.2 322.8 317.4 311.8 307.8 301.7 299.6 300.3 301.7 302.4 301.2 297.1 299.4 302.8 309.1 315
355.4 362.3 372.7 381.9 390.8 403.2 416.1 432.8 449.3 457.5 463.8 468.6 471.5 472.3 471.3 470.9 471.5 470.4 468 466.2 465.6 464.2 460.8 449.9 431.7 415.1 408.6 406.7 406.1 433.1 458.8 486.6 512.7 524.4 525.3 525 517.8 508.4 497.5 484.8 467.8 447.7 426.4 400.7 377.1 380.3 388.8 391.3 391.3 390.7 386.9 385.8 383.4 382.2 380.1 376.2 371.6 367.1 360.2 351.7 345.9 340.4 334.3 329.4 324.4 319.4 311.4 308.1 308.3 308.4 308.6 307.3 306 303.6 306.1 309 318.5 325
358.1 367.4 379.7 390.6 402.5 414.1 430.4 451.5 469.5 481.2 489.8 493.4 495.7 496.1 496.6 497.1 496.4 493 490.1 487.9 486.9 482.7 481.1 468.4 451.4 436 429.1 425.3 425.2 444.2 468.3 492.1 515.8 535.8 540.7 537.3 528.6 517.9 504.4 488.2 469.1 447 424.3 396.9 384.6 395.3 403.3 406.8 406.3 405.8 401.9 401.5 400.9 399.2 395.9 392.5 387 379.9 373 364.9 356.1 350.5 344.2 337.9 331.7 324.8 319.3 318.5 318.4 318.3 318 315.8 313.5 310.2 314.7 321.9 328.6 334.6
355.8 370.1 384.2 396 411.9 424.5 442.9 464.1 483.7 497.4 508.1 514 516.5 517.5 519.3 519.3 518 515.2 512.3 509 506.6 502.3 499.2 488.7 473.7 458.2 451.1 446.7 442.7 461.4 480.3 502.9 522.9 542.1 551.8 546.5 535.1 522.6 506.8 489.7 469.9 443.8 421.9 395.5 393.9 410.4 418.3 420.9 420.4 419.4 417.9 418 417.9 417.6 414.4 410.3 405.4 398.6 391 380.9 370.8 361.5 355.8 348.3 341.1 333.4 330.7 330.8 330.8 330.5 328.5 325.1 322.2 318.7 323.9 332.7 339.8 343.9
348.4 364.9 383.9 401 416.8 430.6 450.4 472.1 492 508.4 520.8 530.4 535.5 537.6 537.7 537.9 536.1 534.9 532.5 529.7 528.2 525.2 520.7 512.3 497.4 481.9 472.3 467.2 459.8 479.1 497.3 517.4 535 550.3 559.5 550.9 537.9 524.7 507.5 490 469.2 443 421.7 400.4 405.3 422.7 429.9 432.9 433.5 432.7 432.4 433.5 435.8 436.5 435.1 431.9 426 419.3 410.1 397.3 385.3 374.1 367 359.8 352.2 342.5 345.7 347.2 347.1 346 342 337.8 333.1 325.2 335.7 343.2 350.6 352.5
340.9 357.9 376.4 397.1 415.9 430.3 452.7 477.1 497.3 516.8 531.5 543.7 551.8 555.1 555.4 554.6 553.9 552.7 551.5 550.8 550 547.7 543.4 535.7 519.8 505 494.9 489.6 487.2 500.5 518.1 535.1 550.3 560.5 565.2 554 541.2 527.7 510.9 490.9 471.2 447.2 427.3 406 417.6 434.3 441.8 444.4 446.5 448.1 449.7 452.2 454.1 455.2 456.2 455.6 448.9 441.9 430 415.9 402.9 389.7 381.4 374 367.1 359.9 363.4 364.2 362.5 362.9 357.4 349.5 341.4 337.9 346 352.8 358.5 360.4
334.1 348.1 367.9 389.7 410.1 425.6 451.4 475.3 497.7 518.3 534.9 548.8 562.2 567.1 566.9 569 571 570.9 569.2 571.1 571.9 570.9 566.6 559.7 545.5 530.3 519.1 511 513.2 525.6 539.1 552.5 563.1 567.1 564.4 555.4 544.4 530.5 514.9 495.2 474.2 449.4 430.7 413 428.2 446.6 456.1 458.4 458.9 460.7 465.7 468.1 472.3 475 476.1 476.1 472 463.2 451.7 438.8 424.1 407.8 395.5 388.5 381.5 376.1 378.4 378.6 375.7 374.8 370.1 361.4 350 350.5 359.1 366.6 370.5 367.9
342.5 340.1 353.9 379.1 402.1 418.2 444.5 469.5 492.1 513.5 531.1 548.3 563.4 572.8 577.5 581.8 584.7 586.2 588.5 589.5 591.2 592.9 592.6 586.7 574.9 558.6 546.6 539 539.2 548 554 561.7 567.5 570.5 566.3 558.7 548 534 518.5 499.5 477.1 454.7 436.9 425.7 438.6 455.4 466 469 472 476.2 480.1 486.3 491.8 496 497.3 498 493.4 485 473 459.9 445.1 429.3 412 402.6 396.8 394.1 393.2 391 388.2 385.1 378.4 368.7 359.3 361 370.8 377.7 379.6 376.3
358.3 345.7 343 364.7 391.6 408.8 433.9 458.4 481.2 501.1 521.6 540.7 558.5 573.6 583.6 588.2 594.2 599.3 601.5 604.1 607.5 609.5 612.7 611.3 603 588.2 577.5 567.5 562.5 563.2 567.9 571.2 573.8 572.9 568.6 560.9 551.4 537.4 522.1 503.7 481 457.3 451.5 445.9 448.4 462.9 472.9 480.1 484.7 489.2 496.3 503.3 509.8 514.6 518.6 518.4 512.7 504 493 478.6 463.7 445.9 428.7 415.9 410.3 407.8 407 403.9 400.4 393.1 384.9 376.6 370.5 373.7 381 385.9 386.1 382.3
371.8 363.3 349.9 348.2 374.2 393.7 421.1 444.7 465.2 487.9 504 528.3 548.6 565.9 581.3 591.1 598.9 605.7 612.5 618 622.6 626 629 629 622.2 613.5 605.4 594.5 581.9 578.1 578 577.2 577.3 575.8 570 561.7 551.2 540.6 526.4 511.1 490.1 472.6 467.1 463 458.4 471.8 480 488 495.1 502.9 511.4 518.2 524.3 529 532.5 531.6 527.3 518.6 506.6 492.2 476.5 456.2 437.9 424.6 420.4 418 415 412.8 407 399 391.1 384.9 381.3 382.4 387.1 392.4 390.1 384.6
382 377.6 367.3 351.4 356.4 382.1 409.4 432.2 453.2 473.7 495 515.4 537.3 556.6 573.4 587.5 597.4 607.9 616.4 623.7 630.8 636 640.2 642.4 638.3 632.3 623.1 612 601 593 587.5 586.2 582.8 578.5 572 563.5 553.5 544.1 532.3 518.6 503.1 489.2 480.2 475.8 470.7 482.1 490.1 496.3 504.2 514.6 524.6 528.9 534.3 540.4 545.5 546.7 539.8 529.8 516.3 501.2 483.9 465.8 446.2 430.4 429.8 425 420.6 418.2 411.4 403.1 393.8 390.6 389.5 390.4 394.7 396 392.5 382.5
390.7 390.5 380.9 363.1 353.8 370.7 395.9 420 441 461.9 484.5 502.9 526.2 546.8 565.6 582.5 593.7 604.9 615.7 626.7 634.9 642 647.9 650.1 648 642.8 636.7 628.5 618.1 607.7 598.1 592.5 589.1 584.3 577 568.1 558.3 548.7 539.1 527.1 516.2 504.8 494.4 489 485.1 492.3 499.9 507.2 514.2 523.8 532.2 537 544.3 550.8 555 555.7 549.7 539.3 525.6 510.4 493 475.2 456.7 438.6 433.6 429.7 425.6 421.4 416 407 397.4 394.1 393.4 397.6 401 398.6 388.5 378.1
402 401.4 394.7 378.1 359.2 364.9 383.1 403.8 427.8 451.9 475.6 497.4 517.1 537.1 556.4 574.6 589.1 601 613.5 625.4 635.7 644.2 651.2 654.4 653.7 650 643.9 637.2 629.6 620.7 610.4 601.6 595.5 589.5 581.8 572.3 564.4 555.8 545.1 535.2 527.1 518.3 509 501.4 497.7 501.4 507.2 514.9 523.2 532.4 540 544.9 553.6 558.9 562.3 563.6 558 546.5 533.8 519.4 502.1 484.4 467.8 452.5 440.9 435.9 431.1 426.4 421.5 413 402.6 397.5 400.4 403.9 402.3 396.3 386.3 373.1
411.8 415.8 408.8 393.5 372.8 366.5 380.1 397 417.2 439.5 466 490.7 509.9 531.4 551.2 569.8 584.6 596.8 610 623.2 634.2 643.4 652.8 656.8 658.4 655.1 650.1 643.4 635.7 627.9 619.5 609.5 601.4 595 586.9 577.4 570.4 562.1 551 541.3 535.2 528.9 518.3 511.2 510.2 508.8 515.1 522.5 531 539 547 551 559.3 566.6 569.4 568.3 563.6 553.4 540.3 526.5 508.8 493.1 476.6 464.7 451.7 442.2 436.1 431.5 426.8 419.3 409.3 404.1 406.7 405.8 402.5 395.8 384.4 369.4
