data/NS99.asc
ncols 200
nrows 200
xllcorner 290000
yllcorner 690000
cellsize 50
[rows 38 to 75 of 200, columns 86 to 171 of 200]
89.4 81.8 87.2 85.8 83.2 79.8 75.1 68.6 70.3 69.6 67.4 64.4 62.6 59.7 56.2 52 50.8 49.5 48.3 45.3 41.6 39.6 37.4 36.9 36.2 36 35.8 37.1 39 40.2 41.5 42.7 43.9 44 44.4 44.9 45.3 45.9 46.9 46.7 47.4 52.1 52.1 53 53.2 53.3 53.9 51 52.4 53.2 52.8 52.6 51.5 50.5 51.2 54.1 57 57.9 58.5 59.1 59.8 59.7 56.4 52.9 49.8 50.2 51.5 53.5 56.1 57.6 57.2 54.3 47 40.3 34.8 33.9 34.2 34.4 34.5 34.5 34.8 35.5 36.8 38.8 44.3 53.5
78.8 72 77.4 75.3 72.7 68.9 64.5 60.6 61.1 60.1 57.1 54.1 51.7 49.8 45.3 42.7 41.5 40.7 40.6 36.6 35.4 34.8 35.3 35 34.1 32.8 35.5 36.5 38.2 38.9 40.8 41.9 42.3 42.7 42.9 43.7 44.1 44.6 45.1 45.3 45.5 48 51 51.1 51.4 51.3 51.2 48.8 51 51.4 51.2 51.1 50.4 49.7 48.2 52.8 55.9 56.4 56.5 56.8 56.8 54.3 51.2 47.3 51.8 54.2 52.7 54.7 55.2 56 54.9 50 43 34.7 33.4 33.6 34.1 33.6 33.3 33.6 34.4 35.4 36.5 36.5 37.7 38.9
69.5 62.4 67.7 66.1 63.3 59.7 56.7 54 52 50.9 48 46.6 45.5 41.1 36.4 33.3 33.1 34.4 34.6 33.3 32.5 32.4 33.2 33.3 31.5 32.5 34.7 36.4 37.6 38.7 40 40.8 41.1 41.3 41.5 42.5 43 43.4 44.1 45.1 44.9 46.1 47 48.7 49 49.9 49.1 45.5 49.4 49.4 49.5 52 50.6 48.9 47.1 51.4 53.1 51 50.7 51.4 51 48.3 45.8 50.4 57.3 58.9 57.4 55.4 53.2 51.1 47.6 41.2 32.8 31.2 33.2 33.4 33.2 32.6 32.4 33.3 33.8 32.7 31.7 32.6 37.2 37
58.2 52.7 58.6 57.9 56 51.3 48.6 46.6 45.3 43.9 39.5 37.8 35.8 32.9 30.9 28.6 27.9 29 31.8 31.8 30.7 30.3 31.2 30.3 29.8 34.5 35 35.8 36.8 37.8 38.9 39.7 39.6 39.9 40.4 41.5 42 42.3 42.7 42.8 42.7 42.8 43.7 48 47.8 48.2 48.3 43.9 48.1 47.9 48.5 51.4 49.8 46.6 46.4 49.8 49.7 49.3 48.9 48.3 44.3 42.6 46.3 52.2 58.4 61 60.4 57.8 54.1 47.8 39 29.9 29.6 30.2 31.8 32.4 31.3 31.1 31.8 31.1 30.2 34.1 34.4 38 42.1 43.1
51.9 48.4 48.9 49.5 47.9 43.5 43.1 41.9 39.8 37.5 33.6 31.8 29.6 28.6 29.9 27.9 25.7 25.3 30.9 27.2 28.6 30.1 29.8 27.8 32.4 34 34 35.1 36.1 37.1 38 38.5 38.2 38.2 39.2 40.2 40.6 41 41.3 40.9 40.3 41.5 42.9 44.3 46.2 46.5 46 42.4 46.4 45.4 45.7 47.1 46.2 43.7 47 47.7 47.8 47.5 46.5 45.4 41.5 42.2 46.5 52.5 57.6 57.3 56.6 55.4 48 31.7 29.5 28.7 28.4 28.3 29.5 30.6 29.3 29.5 30.8 32.1 33.7 38.8 38.8 37.3 43.6 52.9
46.7 42.1 41.1 40.3 38.6 35.6 36.4 37.5 36.3 35.2 32 29 26.1 27.8 30.9 23.8 21.2 20.3 22.1 21.7 29.6 30 26.9 29.3 32.2 33.3 32.9 34.4 35.4 36 37.2 37.2 37.3 36.9 37.9 38.9 39.2 39.7 40.4 39.9 39.8 41 41.1 41.1 41.6 43.1 42.3 40.8 44.5 41.8 44.5 44.8 44.6 48.2 45.6 45.7 46 44.9 43.9 42.1 40.3 42.2 47.5 52 55.9 53.1 49.8 32.9 27.8 29.1 28.4 27.6 27.6 27.7 27.9 28.3 29.4 30.5 32 32.4 33.8 37.1 43.1 48.1 59.7 68.9
37.8 36 37 34.6 32 31.9 32.7 33.7 32.9 31.8 30.8 29 25.9 24.9 27.3 23 22.4 22.4 23.7 23.9 26.9 27.1 28.4 29.8 29.2 30.8 31.7 33.1 34 35.1 35.9 35.9 36.1 36.1 36.7 37.6 37.8 38.3 39.2 39 38.3 38.4 38.4 38.5 38.8 41.2 39.6 39 42 38.6 42.7 43.4 43.5 43.4 43.6 43.5 42.9 41.7 41.7 40 41.2 45.8 49.5 53.2 54.1 47.3 34.5 28.9 29.9 30.1 29 27.9 28.1 28.5 28.8 29.3 30.2 31.1 32.9 34.1 42.2 47.4 55.4 67 75.7 81.7
31.1 32.3 33.5 30.5 30 28.7 29.4 30.7 28.1 26.6 29.1 27.8 26.2 23.4 20.9 19.8 19.7 19.8 20 21.6 23.3 25 29.4 30.1 27.1 28.8 28.5 25.6 31.6 33.5 33.2 33.3 34.2 34.6 33.4 34.7 36.4 37 37.9 37.5 36.8 36.9 36.9 36.9 37 37.4 37.4 37.6 39.3 36.3 39.3 41.6 41.5 41.2 41.5 40.5 40.5 38.8 37.7 39.4 44.4 47.4 49.4 49.6 45.4 32 28 29.3 29.5 29.7 29.5 28.4 28.6 28.9 29.6 30.1 31.1 31.8 38.4 46.4 51.1 59.7 68.5 79.8 88.3 94.6
28.8 29.8 30.4 28.9 24.4 21.4 24.2 27.3 25.8 25.3 24.5 22.8 21.7 19.8 19.6 19.4 19.4 19.8 20 21.1 22 26.9 27.7 27.2 24.6 23.8 24.5 25.1 29.7 30.9 31.3 31.9 32.5 33.5 34.7 36 36.4 36.7 35.6 35.4 35.3 35.5 35.5 36 36 35.9 35.6 36.3 37.5 36.2 37.1 40 40.6 40.6 37.6 37.3 36.9 35.7 36.1 41.7 45.2 47.4 41 30 29.1 28 29.2 28.8 29 29.3 29.5 28.9 28.9 29.4 31.1 42.2 31.6 39.2 46.3 55 62.1 69.3 83.7 93.1 99.6 105.5
26.7 27.9 28.1 25.1 18.6 18.6 19.7 20.3 20.9 21 20.3 19.4 19.3 20.1 19.3 19.1 19.2 19.5 20 20.3 20.5 20.6 21.8 22.1 23.5 23.5 23.4 27.2 28.6 29.4 29.9 30.8 31.8 32.8 33.9 34.9 35.4 35.1 35.7 35.8 34.1 34.6 35.1 35.1 34.9 34.9 34.5 34.9 35.9 34.6 34.5 36.9 38.7 38.2 33.6 33.1 32.5 33.7 37.1 39.1 41.1 39.9 29.4 28.3 28.3 29.2 28.6 28.3 28.5 28.8 29 29.3 29.1 37.3 43.2 42.3 36.6 48 54.7 62.9 68.6 84.5 92.2 99.1 105.6 111.4
24.8 26 22.9 24.1 17.7 18.6 18.2 18.8 18.5 18.5 19.4 19.2 19.2 18.8 18.6 18.7 19 19.4 19.6 19.7 19.9 20.1 21 20.6 23 23 23.1 25.1 27.2 28.1 29.1 30.1 31.1 32.2 33.2 33.2 33.1 33.8 33.6 33.8 34.1 34.1 34.3 34 34 34 34 33.9 33.7 32.3 30.3 32.6 36.6 36.2 31.3 30.4 33.9 32.5 31.8 33.4 33.6 31.3 27.7 27.4 27.4 27.5 27.8 27.8 28 28.3 28.7 29.1 31.6 35.5 35.1 34.1 49.3 55 62.9 66.4 84 91.9 97.7 104.5 110.3 115.8
22.9 22.8 23 22.9 17.5 17.9 18.2 19 18.6 19.1 19.8 19.6 19 18.7 18.9 19.2 19.4 19.3 19.4 19.4 19.5 21 20.1 20.4 22.2 22.7 23 24.7 26.1 27.4 28.5 29.5 30.5 31.4 32 32.1 31.5 32 32 32.9 33.1 33.1 33.5 33.2 33 32.9 32.8 32.6 32.5 30.5 29 28.4 32 32.5 28.1 27.8 27.6 27.5 27.8 28.1 28.2 27.1 27.4 27.5 27.6 27.7 27.7 27.8 28.2 28.7 29.2 31 38 43.6 42.5 49.4 55.7 61.9 66.3 81.4 90.7 97 102.6 108.9 114.3 118.8
19.8 19 20.6 20.3 19.1 17.3 18.5 18.8 18.8 18.8 19.6 19.2 18.8 19.1 19.3 19.5 19.8 20 19.6 19.2 19.2 19.5 21.1 20 20.9 20.9 21.1 23.4 25.4 26.7 27.9 28.8 29.4 30 30.6 31.2 31 30.8 31.1 31.7 32.1 31.5 31.7 32.1 31.3 31.8 31.6 31.5 30.7 29.5 28.3 27.3 28.1 27.2 27.3 27.3 27.2 27.2 27.3 27.9 27 28.4 27.4 27.6 27.7 27.8 27.9 28 28.4 29.2 30.6 37.1 46.2 50.5 50 54 61.1 68.5 75.7 87.5 94.8 100.6 106.3 111.8 117.4 119.8
16.5 16.7 18.7 17.9 17.5 16.9 19.1 19 19 18.9 19.3 18.9 19.2 19.4 19.6 19.7 19.8 19.8 19.4 19.5 19.5 19.5 19.7 21.1 21 20.5 20.8 21.3 24.8 26.3 27 27.8 28.5 29.2 29.8 30.4 30.6 30 29.8 30.2 31.3 30.9 30.8 30.6 32.6 30.6 30.7 30.6 29.4 28.2 27.4 26.7 26.8 27 27.2 27.4 27.3 27.4 27 26.5 28.8 28.5 27.5 27.7 27.8 28 28 28.2 29.7 31.4 35.7 43.7 47.8 53.5 55.2 60.6 64.7 71.7 80.5 90.8 97 102.5 106.8 110.6 114.1 117.3
17.5 16.9 17 17.4 17.4 17.4 18.7 18.9 19.1 19.1 19 19.2 19.3 19.5 19.6 19.7 19.8 19.5 19.5 19.5 19.6 19.7 19.9 20.8 21 20.2 20.6 21.1 22.2 23.3 24.3 26.8 27.9 28.5 29.1 29.5 29.8 29.6 29.4 29.3 29.6 30.3 30 29.6 29.5 31.5 29.9 29.3 28.1 27.5 26.7 26.6 26.7 26.9 27.1 27.3 27.4 27.4 27.5 27 27.9 28.3 27.6 27.7 27.9 28 28.2 29.2 31.2 33.2 41.2 50.4 56 58 60.3 62 68.3 75.1 84.2 91 96.7 101.4 104.3 107.4 110.8 113.5
17.6 17.5 16.9 17 17.1 17.2 17 17.6 18.1 18.7 19.1 19.2 19.3 19.5 19.6 19.7 19.6 19.5 19.5 19.6 19.7 19.8 21 20.9 21.2 20.7 21.1 21 21.4 21.9 22.2 23 26.7 27.8 27.9 28 28.2 28.5 28.5 28.5 28.8 29.2 29.3 28.8 28.9 29.1 29 28.2 27.7 26.9 26.3 26.5 26.6 26.8 27 27.2 27.4 27.5 27.6 26.3 28.2 27.9 27.7 27.9 28.2 28.4 28.7 30.1 32.3 35.9 44.7 54.8 60.3 65.3 66.9 66.1 71.6 79.6 85.8 90.8 96.7 100 102.5 104.6 107.4 109.2
17.4 17.2 16.9 17 17.1 17.1 17.1 17.6 18.2 18.8 19 19.2 19.3 19.4 19.6 19.7 19.4 19.5 19.6 19.7 19.7 19.8 20.2 20.9 21.2 21.4 21.8 21.7 21.4 22 22.3 22.6 23.7 26.4 26.6 26.9 27.2 27.6 27.6 27.8 28.1 28.2 28.4 28.3 28.2 28.4 32.9 27.8 27.1 26.2 26.3 26.4 26.6 26.7 26.8 27 27.2 27.5 27.6 26.2 26.8 27.2 27.8 28.5 28.8 29.1 29.5 30.8 34.8 42.6 47.9 61.1 65.9 67.9 70.4 73.1 74 80.8 85.3 88.5 94.3 98.2 101.2 103.1 104.1 105.9
17.1 17 16.9 16.9 17.1 17 17.3 17.7 18.3 18.8 19 19.1 19.3 19.4 19.5 19.5 19.5 19.6 19.7 19.8 19.8 20.3 20 20.8 21.6 21.1 21 21.7 21.9 22.1 22.4 22.7 23.1 24.4 25.6 25.9 26.2 26.6 26.7 27 27.2 27.6 27.8 27.7 27.6 27.7 26.6 27.4 26.4 26 26.2 26.3 26.5 26.6 26.7 26.9 27.1 27.3 27.6 26.2 26.7 27.3 27.9 28.4 29.2 29.8 30.3 33 40.8 50.6 58.9 61.7 66.6 70.5 74.5 77.3 79.3 83.3 86.6 89.4 91.4 95.3 97.2 98.8 100.5 104
17.1 17.1 17.2 18.1 17.3 17.3 17.6 17.8 18.3 18.9 19 19.1 19.3 19.4 19.5 19.5 19.6 19.7 19.9 19.9 20.5 21.1 20.7 20.2 20.1 20.1 20.5 21 21.2 21.4 21.9 22.2 22.4 23.1 24 24.9 25.2 25.6 25.9 26.2 26.6 27 27.6 27.4 27.2 26.8 25.6 33 25.7 25.9 26.1 26.2 26.4 26.5 26.7 26.8 27 27.2 27.3 26.2 26.7 27.5 28 28.5 29.1 30.6 34.8 40.5 47.9 57 63.6 69.9 71.1 72.2 76.8 80.9 82.3 85.2 87 88.7 91.2 93.7 95 96.5 98.9 101.4
17.3 17.3 17.6 18.3 17.8 17.7 18.2 18.1 18.4 19 18.9 19 19.2 19.4 19.5 19.7 19.8 19.9 20.1 20.7 21.3 22 21.2 20.9 20.7 20.9 21 20.5 20.2 20.6 21.2 21.4 22.3 22.6 23.2 23.7 24.2 24.4 24.2 24.7 25.3 26 26.7 26.8 26.5 25.9 25.4 29.1 26.7 25.8 26 26.1 26.3 26.4 26.6 26.7 26.9 27 26.7 26.3 27.6 27.8 29 29.7 31.5 37.7 43.1 46.8 54.2 62.3 68.5 73.1 76.1 77.5 78.6 80.5 83.1 86.2 87.8 89.4 91.3 93.6 94.7 96.3 97.3 98.3
17.5 17.5 18.1 18.4 18.3 18.2 18.4 18.7 18.6 19 18.9 19 19.1 19.6 19.8 19.9 20 20.2 20.9 21.6 22.4 22.8 21.7 21.4 21.2 21.2 21.3 21.4 21.3 21.1 20.6 20.6 21.9 22.2 22.7 23.2 23 23.3 23.9 24.1 24.5 25.1 25.7 25.6 25.7 25 25 25.6 37.2 26.1 25.5 25.7 25.8 26 26.2 26.3 26.4 27 26.7 26.3 26.9 28.6 30.5 32.1 34 39.6 45.2 51.1 59.8 66.7 72.9 76.6 79.7 82.3 82.1 81.9 84.5 87 88.5 90 91.4 93.4 94.1 94.6 95.2 96.2
17.6 18 18.6 19 18.9 18.8 18.7 19.4 19.3 19.1 18.9 19.2 19.6 20.1 20.3 20.1 20.4 21.2 22 22.8 23.4 23.6 22.4 22.1 21.8 22.2 21.9 22 22.1 22.7 22.2 22 21.6 21.6 22.1 22.4 23.6 23.1 24 24.1 23.7 24.3 24.5 24.6 25.1 24.8 24.7 25.2 26.5 32.4 26 25.4 25.3 25.5 25.7 25.6 26 26.2 27.1 26.6 27.9 32.1 34.8 35.6 37.9 41.9 47.9 56.4 64 70.5 74.9 78.9 82.9 84.1 83.4 83.9 86 87.8 89.3 90.7 91.9 92 92.4 93 93.6 94.5
17.9 18.6 20.3 21 21.8 22.9 23.2 24.3 24.9 26 23.9 23.6 22.5 22.7 22.6 22.3 22.1 23.2 24.2 25.1 25.2 25.7 26.9 25 25.3 25.3 25.2 25.5 26.1 24.7 25.3 24.9 23.8 23 22.8 22.2 22.5 22.7 22.7 22.6 22.5 23.9 23.8 23.7 24.3 24.6 24.6 24.7 24.8 25.3 25.1 25 24.9 24.8 24.6 25 25.1 25.5 26 25.8 30.9 34.9 38.9 41 42.2 46.4 52.7 61 66.9 71.9 76.1 80.2 83.4 83.1 83.1 84.1 85.4 88.1 88.8 88.9 89.6 90.3 91.2 92.2 93.1 94.4
19.2 22.3 25.1 25.4 27.9 30.2 32.2 33.3 33.9 34.8 34.6 34 33.9 29.4 29 32.1 34 35.1 36.5 37.9 38.5 39.2 39.6 39.6 39.4 39.2 39 38.7 38.1 30.9 36.6 35.4 33.6 33 29.9 29.9 28.4 29.8 29.7 27.8 25.9 27.4 31.2 32.3 31.8 30.8 31.5 32.4 32.2 34.8 31.1 30.5 30.3 30.5 31.2 33.3 34.7 36 36.2 36.2 37.4 39.7 41.2 44.6 48.6 52.8 58.8 63.6 68 72.6 77.3 81 81.9 81.8 82.2 83.1 86 88 87.7 87.5 87.9 89.2 90.8 91.8 92.7 94.3
25.5 30.1 34.2 36.6 38.9 39.8 41.1 42.3 44.6 46.7 46.3 45.7 45.2 43.6 40.2 43.8 44.5 45.7 45.7 44.9 45.2 44.6 44.3 44.3 44.5 44.7 44.6 45.5 45.9 36.5 44.8 46.1 44.4 42.8 41.8 41.6 39.2 43.5 42.7 40.9 39.3 39.6 42.2 41.8 43.3 42.7 41 41.2 40.9 40.3 39.9 38.8 38.5 39.7 41.4 40.8 43 44.3 45.3 43.1 44.1 46.3 48.2 51.2 54.3 59.4 64.6 68.7 71.6 72.9 76.5 79.4 81.6 82.7 83.3 84 86 87.8 87.2 87.2 86.7 87.8 89.2 91.3 92.5 94.1
34.4 41.6 45.6 46.3 48.2 51.4 58.5 64 66.2 66.5 65.4 64.2 62.3 59.5 56.6 56.1 54.9 54.4 54.2 52.7 53.2 56.7 56.4 54.4 55.5 56.6 58.8 60.8 60.2 44.5 57.9 56.6 55 53.2 51.8 50.8 46.1 51 50.5 49.8 49.4 47.9 48.9 50.1 48.6 50 50.6 50.5 48.8 47.8 47.8 46.6 47.1 48.1 46.8 47.2 50 50.6 51.5 48.4 50.9 52.8 54.9 57.6 60.9 66.2 70.5 73 75 77.5 79.8 81.8 83.2 84 84.8 86.1 87.1 87.3 87.2 86.7 86.1 86.2 87.1 89.2 91.2 92.6
47.6 53 56.9 57.9 60.3 66.9 74 79.2 81.9 82.3 81.4 81.6 80.1 76.8 74.1 70.8 67.7 65.8 63.9 64.2 66.4 69.1 71.6 72.6 72.7 73.4 73.9 72.8 70.1 57.2 67.2 66.4 65 63.7 62.2 60.7 57.3 60.5 59.5 58.6 59.7 58.1 57.7 58.1 57.5 58.3 59.1 59.3 57.8 57.4 57.3 56.8 56.6 57.1 56.3 54.1 55.4 54.9 53.9 55.8 57.8 60 62.1 63.7 67.8 72.3 75 76.3 78.1 80.6 83 84.9 85.7 85.7 86.8 87 87 87.1 87 85.8 85.6 85.7 86.1 87.7 88.5 91.1
60.4 64.7 68.7 73.4 74.5 82.9 86.6 90.4 93.3 95.5 94 92.4 91.2 89.8 89.2 85.4 80.8 75.8 75.2 75.7 76.8 78 79 80.4 79.9 79.8 80.3 80.3 79.3 68.9 77.2 76.6 75.1 73.3 70.7 67.9 67.6 67.8 68 68.9 69.9 68.3 68.4 67.9 67.7 68 67.9 68.6 66.9 66.6 66.8 66.3 65.7 65.5 63.3 61.6 60.7 59.3 58 63.3 64.2 67.1 69.5 71.8 73.6 77.4 78.9 80 81.5 83.6 86.1 87.5 87.5 87.8 87.4 87.1 87.2 87.2 87 85.7 85.7 85.8 86.3 86.3 88.7 90.2
72.1 77.5 80.8 80.9 82.9 87 91.8 95.2 98.1 100.1 102.1 101.6 100.7 99.8 97.1 96.3 93.2 87.7 83.4 83.1 83.2 84.4 85.6 87.5 87.5 87.9 88.2 87.4 85.3 80.3 84.8 84.2 83.4 81.6 78.8 74.8 76.7 78.7 80.1 81.1 80.8 79.4 77.8 76.1 74.8 76.4 77.6 77.1 76.1 75.7 76 75.7 74.9 72.9 70.1 67.7 66.8 63.5 62.3 67.7 70.4 73.4 75.6 77.7 79.4 81 82.6 83.9 85 85.9 86 86.8 87.8 87.7 87.3 87.2 87.3 87.3 87 86.2 86.2 85.9 84.3 86.1 88.5 89.1
81.7 85.3 83.8 82.5 85.5 90.7 93.4 97 100.2 103 105.7 108.3 108 106.6 105.2 105 105 100.4 92.8 90.6 90 90.7 92.4 94.4 95.5 95.5 94.9 93.9 91.5 90.5 91.9 91.2 90.5 88.7 86.4 82.3 85.6 88.7 91.9 93.8 91.6 88.8 86.8 85.6 84.5 86.6 87 85.6 84.2 85.4 87.1 86.2 83 80.4 78.1 74 71.1 68 67.5 72.4 76 78.9 81.3 83.5 84.5 85.3 85.5 87.3 88.2 87.9 86.6 85.6 86.3 86.8 86.8 86.9 87.2 87.4 87 86.4 85.5 84.1 83.6 84.5 87.2 88.2
86.8 88.2 89.9 90.2 92.2 93.7 95.8 98.5 101.8 104.7 107.5 109.8 111.4 111 110.3 110.5 110.5 108.2 101.9 98.4 97.2 97.4 99.6 100.7 100.3 100.3 99.9 99.3 98.8 97.4 98.3 96.8 94.5 93.3 91.9 89.2 93.6 96.7 99.8 99.3 98.2 95.8 93.7 92.8 91.7 93.6 93.8 93.4 93.3 96.8 95.8 93.1 89.2 85.5 82.4 78.7 76.8 75.8 70.5 73.1 80 83.8 86.2 88.7 88.3 88.2 86.9 88.2 88.6 88.5 87.5 85.9 84.7 85.1 85.5 86 86.2 86.5 85.8 84.3 83.3 83.1 82.7 83.7 85.4 86.3
90 92 94.3 95.4 95.9 97.3 99.1 100.9 104 106.8 109.3 111.2 112.7 112.9 113.3 113.7 113.6 111.1 106.7 103.7 102.9 102.9 103.3 103.3 103.3 103.2 102.7 102.7 102.6 97.4 101.5 100.6 98.6 97.4 96.3 95.4 99.2 102.9 104.4 103.5 102.1 100.8 99.8 99.1 98.1 100.3 101.2 100.8 99.7 101.8 100.7 97.2 93.5 89.4 86.2 83.9 81.5 82 77 74 80.8 86.7 88.8 90.5 90.1 90.1 88.9 88.4 88.6 88.6 87.4 83.9 83.3 83.3 83.1 84.1 84.6 84.9 83.6 83.3 83.5 83.4 81.8 82.9 84.2 84.6
93.2 94.2 94.9 97.4 98.7 100.2 101.7 103.5 106.4 109.1 110.2 111.2 112.5 112.9 113.2 113.4 113.4 112.4 109.9 106.8 105.1 104.8 104.7 104.7 104.7 104.6 104 103.2 102.5 98.1 103.4 103.7 102.4 100.6 97.9 99.6 105.3 107.7 108.3 106.8 105.6 105.5 105.2 105.2 104 107.5 106.5 104.6 103.8 103.6 102.3 99.6 95.9 91.9 89 86.2 88.1 87.7 83.6 75.8 78.9 84.7 87.3 90.7 92.6 92.6 90.1 88.5 88.1 87.2 86.1 83.5 82.8 81.8 81.9 83 83.8 84.6 84.5 84.3 83 81.6 80.9 81.4 81.8 82.3
91.4 92.3 94.8 98 99.7 101.6 103.9 106 107 108.5 108 108.8 109.9 110.9 111.3 112 111.6 111 109.6 106.7 106.7 106.3 106.1 106.1 105.9 105.8 105.5 104.9 104.7 99.7 103.5 104.4 103.9 102.1 99.3 104.5 109.4 110.5 110.6 109.7 110.1 109.6 110.3 110.4 109.5 108.4 108.5 107.6 107 106.3 105.2 103 98.8 94.5 92.2 91.7 91.7 90.3 87.3 80.6 76.8 81.8 86.9 92.3 94.8 93.8 89.7 87.2 87.1 85.9 84.8 83.1 82.3 81.1 81.8 81.9 82.6 84.2 85 83.1 81.5 81 82.4 82.6 82.6 82.9
93 94.5 96 97.8 99.5 101.4 103.2 103.9 104.1 105.1 105.3 106 106.7 107.2 108 108.7 108.8 108.7 107.8 106.9 107.1 107.2 107.4 107.3 107.2 107 106.9 106.2 105.2 101.9 103.7 105.1 105.1 104.8 102.7 104.1 108.7 111.9 112.5 112.7 112.9 112.9 113.1 113 111.9 110.4 109.9 109.4 109.5 108.6 107.5 105.1 100.6 98.5 96.8 96 94.4 91.9 89.1 85 77.1 79.9 85.3 91.3 92.1 90.1 88.2 85.2 85.5 85.2 84.7 82.7 81.2 81.1 81.6 81.1 81.6 82.6 83.1 80.4 81.1 83.5 83.7 83.6 83.5 83.6
94.1 95.2 96.6 97.8 99.3 100.5 101.4 101.4 101.8 102.1 102.8 103.5 104.1 104.7 105.4 105.7 105.9 106 106.2 107.3 107 107.2 107.5 107.7 107.9 108 107.3 106 104.3 103.6 103.5 105.4 106.5 107.2 106.1 106.1 111.2 113.8 114.1 114.5 114.6 114.7 114.7 114.3 113.4 111.7 111 110.5 110.5 110 108.7 107.3 104.4 101 99.1 97.4 95.3 93.1 90.6 88.3 80.8 78.8 82.4 84.9 85.8 85.4 85.1 83.2 83.1 83.6 83 82.4 81 80.7 81.1 81.3 81.5 81.4 79.9 79.7 82.6 83.3 82.9 82.4 81.9 81.7
95.5 96.2 97 98.3 98.9 98.9 99.1 98.8 99.7 99.5 100.6 101.5 104.1 104.5 104.9 105.9 106.7 106.9 107 107.6 107.2 107.1 107.6 107.8 108 108 106.9 106 105.5 105.7 104 106.5 107.4 108.4 108.6 107.3 110.6 114.4 115 114.9 115.6 115.6 115.8 115.7 115 113.3 112.4 111.7 111.2 110.6 109.2 107.9 106.2 103.4 101.2 98.5 96 94.6 92.2 89.5 85.4 77.4 78.5 80.7 80.6 79.8 79.5 79.1 80.2 81.2 81.2 81.1 80.6 80 80.7 80.6 80.6 78.4 76.4 80.2 79.8 80.1 80.2 80.1 79.6 79.6
94.5 95.7 95.7 96.7 96.3 96.6 97.1 97.6 97.9 98.9 99.8 100.7 102 103.5 105 105.7 106.5 107.3 107.8 108 107.6 107.2 107.7 108 108.1 107.6 106.7 106.1 106.6 106.4 105.7 107.6 108.6 109.8 111 110.3 111.1 112.2 113.6 114.6 115.6 116.3 116.6 116.8 115.3 114.1 113.2 112.9 112.5 111.2 109.8 108.5 107 104.9 101.5 98.7 96.1 93.5 91.2 88.5 85.2 79.9 76.2 78 78.7 76.8 75.8 76.7 78.3 80 80.3 79.1 78.7 79 79.5 79.6 78.1 75.2 75.4 76.6 75.5 76.4 77.5 77.8 77.5 77.2
