data/NT02.asc
ncols 200
nrows 200
xllcorner 300000
yllcorner 620000
cellsize 50
[rows 0 to 34 of 200, columns 0 to 77 of 200]
364.2 348.2 344.9 340.4 340.5 331.7 320.2 313.9 313.9 314 326.1 351.5 380.9 403.4 409.6 412.2 411.2 406.4 394.7 378.6 357.8 340.4 313.3 308.4 304.8 292.5 281.1 279.7 279.7 290.6 298.6 307.6 314 320.2 332.3 344 342.7 325.9 307.5 293.4 309.9 327.8 345 358 367.1 376.6 386.4 395.8 404.6 413.7 422.9 433 438.1 438.3 437.1 429.4 407.4 381.2 353.6 333.6 316 293.3 271.6 263.2 272.4 296.1 323 348.6 369.9 386.7 406.1 421.9 435.7 446.5 455.1 462.4 468.2 471.6
392.7 371.1 377 370.8 371.1 359 341.5 330.1 327.4 317.4 309.5 337.4 368 387.1 395.5 398 396.1 390.9 378.2 360.9 340.1 321.7 304.3 288.9 282.8 281.5 285.6 291.4 296.6 305.4 312.3 319.4 328.2 340.4 352.4 355.9 346.4 328.1 309.5 293.7 308.9 327.2 345.9 360.6 371.1 381.4 392.5 402.1 409.9 417.4 428.5 437.5 443.8 444.3 444.3 437.7 419 394.4 365.5 343.1 325.1 303.1 278.5 263.8 269.3 292.8 320 345.8 368 388.1 408.5 429 445.2 459.7 473.4 485.5 493.5 498.8
409.9 389.2 403.6 401.8 397.8 383.2 371 362 346.5 311.3 302.2 325.3 350 365.5 374.5 376.9 375 370.6 354.9 336.1 316.4 295.3 284.2 283.1 289.4 297.7 304 309.2 312.1 318.2 326.9 336.3 348.2 358.9 365.8 363 348.6 329.7 310.7 295.3 308.6 326.6 345.5 360.5 372.1 385.9 396.7 405.7 415 423.1 434.3 441.9 445.5 450.3 453 448.6 433 404.4 374.1 353.6 334.7 311.7 285.7 264.5 266.2 289.3 314 340.6 364.2 386.2 407.2 430.3 450.1 469.4 489 504.8 514.8 521.9
418.6 413 417.8 418 416.6 410.2 397.3 378.8 346.5 316.6 301 308.2 327.5 336.2 342.3 343.2 341.1 338.7 328.3 311.7 291.4 287.9 287.6 296.8 306 312.8 318 322.9 327.8 327.9 344.9 355.4 365.6 373.3 374.6 368.9 349.9 331.4 312 296.1 307.9 325.6 343.9 361.4 373.7 386.7 398.6 408.8 416.7 428.6 438.1 444.5 453.4 457.9 464.1 466.9 444.1 415.2 387.3 364.3 341.8 319.5 292 268.3 265.9 284.5 308.4 333.6 358.7 382.3 404.5 428.5 453.4 476.7 498.3 518 533.8 542.2
427.2 425.1 427 428.8 426.6 420.5 411.6 382.3 354.8 328.3 311.6 298.2 303.6 307.3 309.5 308.8 306.7 305.8 300.2 287.3 286.7 288.2 297.7 307.4 317.8 326.3 332.9 338.8 342.7 345 358.1 370.6 378.9 383.9 383.4 375.8 354.3 333.2 314.2 297 308 323.2 340.2 358.9 373.4 385.9 398.4 407.4 419.8 432.4 443.4 451.7 458.6 464.5 477.5 473.7 450.6 422.9 398.1 373.8 352.3 331.4 300.7 274.7 265.9 280 302.9 328.4 353.9 378.2 401.4 426.1 452.8 479 503.8 526 542.1 548.7
434.1 432.8 432.7 433.6 431.6 427 419 392.5 365.1 342.6 322.6 306.6 298.1 294.7 293.9 291.7 289.9 290 288.7 288.1 289.9 298.2 308.5 317.7 328.3 339.3 348.7 355.8 361.8 365.8 373.5 382.3 390.4 393.5 391.1 381.4 358.9 335.8 316.1 300 307 313.1 334.1 352.8 366.6 379.3 392.8 408.3 420.4 432.8 445.4 454.3 462.2 472.1 478 473.9 456.1 428.7 408 386.4 362.9 339.9 310.5 283.6 267 278 299 324.5 349.4 373.9 397.6 423.5 450.8 478 501.8 523.6 541.6 552.8
440.8 439.5 438.5 437.4 435.7 432.6 424 402.1 376.9 354.4 332.5 317.9 308.9 305.6 305.7 305.3 302 291 289.7 292.3 299.3 309.3 320.3 331.2 343.3 355.2 364.8 372 379.6 381.4 386 394 398.9 400.8 396.6 386.1 364.2 339.7 317.4 302.4 313 322 325.9 343.7 358 370.2 386 402.8 417.3 430.1 441.6 453.4 463.5 472.9 481.1 472.9 456.2 433.2 417.4 394.7 372.9 349.3 320.6 291.7 267.3 277.2 296.8 322.2 346.4 370 394.2 419.6 446.7 472.6 496.8 518.7 536.4 549.7
446.3 444.2 443.1 442.3 440.7 438.7 434.4 416.5 391.7 370.7 355.4 341.9 331.4 324.4 322.3 317.6 303.1 291.1 298.9 300.4 309 322.5 334.2 345.8 357.8 370.1 380.7 387.7 394.4 398.3 401.3 405.5 409.2 407.8 400.6 386.8 364 340.7 318.8 304.8 317.6 328.3 335.9 336.1 345.9 361.2 377.6 394.7 409.7 423.8 436.3 447.8 459.7 469 471.7 466.1 453.1 433.6 421.1 401 382.1 353.8 323.7 287.2 268.4 279.2 296.4 320.9 344 367.8 391.7 417.3 444.2 469.4 492.6 512.4 529.3 543.4
451.1 448.8 448 447.2 445.8 444.6 441.1 431.6 411.8 394.7 380.5 367.8 355.2 344.8 331.3 311.9 293.1 299.8 303.2 308.4 320.3 334.4 347.5 360.1 372.4 385.8 395.1 402.9 408.7 413.5 416.3 417.2 417.6 411.8 401.2 384.5 362.1 339 316.5 309.6 323.1 334.1 343.8 348.7 351.4 351.7 368.6 385.6 401 415 429.9 442.4 454.5 462.6 465.3 458.8 445.2 429.2 415.5 399.4 380.8 351.2 320 284.9 269.3 281.7 298.6 320.3 344.4 369.1 392.5 417 442.6 466.2 487.4 506.6 522.5 537
455.1 453.3 452.8 452.1 450.9 449.1 445.9 441 433.5 418.1 404.1 387.7 370.3 350.2 324.3 300.5 294.5 303.1 308.7 320.1 332.7 346.4 360.1 372.8 387.5 399.9 408.6 417.2 422.3 428 429.4 427.6 423 413.2 401.3 381.2 359 336.4 316.5 313.3 327.3 340 348.9 354.4 359.9 363.3 361.2 374.7 389.6 404 419.8 436.4 448.5 456 457 449.4 431.6 414.1 402.5 386.7 369.2 343.5 314.2 279.3 269.7 283.7 299.4 320.5 345.5 371.7 394.6 417.8 441.7 464.3 484.2 501.3 517 531
458.9 457.7 457 456.1 454.9 453 449.7 445.6 438.7 429.5 417.2 395.9 370.6 344.4 315.8 292.5 300.4 310.9 317.3 327.4 342.9 358.3 372.7 386.9 400.3 412.9 422.1 430.8 435.8 440 441.2 435.8 426.8 414.9 398.8 379.2 356 333.8 315.5 316.7 329.9 342.5 353 361.5 369.2 375 374.2 373.6 382.2 394.7 412.6 431.1 444.4 451.1 450.9 441.1 415.7 393.7 381.9 370.3 353.6 333.4 306.4 272.8 271.1 282.2 300.1 325.1 349.8 374.3 397.2 418.9 441.1 464.5 482.7 498 512.5 526
462.6 461.4 460 459.1 457.9 456.6 452.6 447.7 440.9 431.2 416.1 390.6 363.6 334.5 307.8 294.8 305.1 315.7 328 334.9 343.4 360.6 379.3 397.1 411.3 423.7 434.4 443.2 448.6 450.3 449.5 441.6 429.6 415.1 397.8 378.3 356.1 334.8 315.4 318 331.8 344.5 356.6 367.5 379.7 386.8 387.9 389.2 394.9 405.2 418.7 432.5 443.1 449.4 449.5 435.9 406.5 378.2 358.8 347 333.3 318.8 292.9 271.8 272.8 279.4 299.1 327.3 352.5 377 399.3 419.6 442.6 463.5 479.7 495.2 507.4 520.4
463.2 462.1 461.5 460.7 459.5 457.4 453.2 447.5 440.2 429.9 409.6 382.7 355.8 324.9 302.8 298.5 310.8 322.5 338.6 348.8 350 360.7 378.8 398.9 416.8 432.4 444.3 452.8 459 460.6 454.2 444.2 430.1 415.9 397.2 378.1 358.1 336.8 318.1 317.5 331 345.4 358.9 372.5 385.1 395.3 398.9 401.1 408.3 417.3 427.4 438.5 446.5 451.6 451.8 439.3 410.6 382.7 359.6 341.1 318.3 299.4 281.1 273.3 275.4 283.1 303 327.9 356.1 380.1 400.8 420 440.6 458.4 473.8 487.2 500.8 513.1
461.3 461.8 461.7 461.5 460.7 458.2 453.4 447.2 439.5 427.2 403.2 375.1 347.9 318 298.4 301.1 315.7 332.3 347 358.1 365.6 361.6 377.2 397.7 418.4 434.1 448.5 460.5 467.3 465.5 455.9 443.4 430.1 413 395 376 356.5 336 318.4 319.1 325.9 344.9 361.3 375.7 388.2 397.8 404.1 408.5 418.3 428 437.2 444.6 451.4 456.7 457 447.9 423.6 397.9 374.3 352.8 324.4 302.4 279.2 273.6 277.9 284.2 304.1 330.8 357.4 379.9 398.3 416.7 435.1 450 463.3 478.2 492.1 504.7
458.2 459.7 461.7 462.7 461.7 459 453.8 446.6 437.6 424 399.3 371.5 343.5 317.3 311.1 311.7 321.1 340.5 356 368.9 377.3 380.2 375.7 399 419.1 435.9 449.3 461.8 467.2 464.3 454.8 441.8 427.1 410.1 392.3 373.8 354.2 334 319.8 328.6 327.8 338.5 355.4 374 387.5 399.5 407.2 415.8 426.3 436.7 444.9 452.5 460.2 465.3 464.7 459.1 439.2 413.3 386 358.5 334.5 309.4 283.5 274.6 277.8 287.9 304.4 331.9 356.8 377.8 394.9 411.9 427.2 439.6 452.6 466.9 481.5 494.7
450.2 456.7 460.4 463 462.2 458.7 453.2 445.1 435.3 420.9 397.2 369.5 341.8 315.4 309.1 309.1 323.6 346 363.1 376.8 386.2 393.1 394.3 405.4 422.5 437 450 461.5 466.7 461.7 451 437.8 422.5 406.5 389.5 370.7 350.8 329.5 324.1 338.2 343.6 333.4 341.5 360 375.4 392.7 406.8 419 433.4 442 451.7 462 468.9 474.9 475.1 467.7 447 420.8 395 368.2 341.7 314.4 287.6 275.2 278 288.7 304.8 330.5 358.8 376.9 392.1 406.2 418 430.9 441.6 456 471.1 483.8
443.5 452.6 456.8 461.3 462.3 458.2 452.4 443.2 433.2 419.6 394.5 368.3 341.5 316 309.1 309.1 324.7 350.6 368.8 382.6 393.3 401.7 406.9 413.9 426.6 439.6 451.6 460.8 462.2 456.1 444.5 431.6 417.3 401.6 385.1 365.4 345.1 325.4 335 351.5 357.2 350.2 340.3 345.1 362.1 382.1 402.4 419.6 433.8 447.4 457.5 469.1 478.1 483.8 485.9 473.8 451 425.3 398.9 372.4 345.6 317.8 291.8 278.3 277 284 302.4 325.1 352.8 373.5 387.3 400.2 410.6 421 434.7 448.3 461.1 470
433.9 445.5 453.7 459.7 460.5 457.2 451.6 441.8 432 416.2 393.8 367.8 342.1 318.2 309.1 309.1 324.7 352.6 372.7 388.1 399.3 408.7 416.7 423.2 432.3 442.8 452.8 459.4 457.6 449.6 438.1 425.6 412.1 396 380.4 360 338.9 338.4 349.2 361.5 368.5 367.5 357.2 350.1 352.7 373.5 391.8 409.6 429.4 447.9 463.5 475.8 485.8 491.7 491.6 475.4 452.8 427.5 403 377.5 351.2 322.8 297.4 283.2 278.6 285.3 297.7 318.8 344.3 365.1 382.1 392.7 400.5 415.9 427.7 438.7 446.8 452.9
427.6 441.3 451.6 457.6 460 456.7 450.7 442.9 431.6 414.7 393.8 369 345.9 321.5 309.1 309.1 321.3 348.8 372.5 391.3 405.1 416.2 425 431.6 438.5 447 455 457 451.3 442.7 430.6 419.3 406 391.8 375.4 356 336.8 349 360.9 372.7 380.9 383.4 377.4 368.2 363.8 367.4 376.2 396.1 420.9 444.9 465.2 479.8 490.6 497.3 489.1 472.9 450.8 427.6 403.2 380.1 354.3 326.1 302.6 288.2 277.7 286.5 295.4 309.3 334.9 357.9 373.5 380.3 396.1 407.6 417.5 424.2 431.4 449.8
423.5 437.8 449.6 456.5 458.8 454.2 448.4 440.6 430.5 414.8 394.8 371.7 349.1 324.6 309.1 309.1 313 335.8 365.3 391.3 411 424 431.9 438.3 445 451.8 455.9 454.5 446.5 438 425.8 414.8 401.3 387.1 367.2 350.2 339.2 355.2 372.1 385.9 393.1 396.6 397 392.5 385.4 385.6 392.9 395.6 409.9 435.4 466.7 483.1 493.4 499.5 486.7 467.3 444.9 422.2 400.2 378.3 354.2 327.6 304.3 291.7 284.7 285.5 293.1 303.4 321.3 342.6 364.3 379 388.3 396 403.6 414.5 429.7 446.9
423.8 436.7 447.8 454.1 454.8 450.3 444.8 438.1 427.7 412.7 396.4 375.2 350.8 326.2 309.1 311 309.1 323.8 351.6 382.2 411.7 429 438.7 445.6 452.8 456.7 456.9 452.1 444 435.1 424.1 408.6 390.9 375.1 371 356.9 341.2 358.4 379.8 396.5 404.5 406.8 408 409.2 408.5 411.5 418 424 427.4 449.6 473 486.6 497.5 499.6 484.6 459.8 435.9 411.7 390.1 370.5 349.2 324.2 310.1 304.6 292.2 281.5 288.3 299.6 313.6 336.2 359 371.3 377.7 389.7 401.7 413.1 426.1 443.2
423.9 436.2 444.9 450.2 449.8 446.4 441.1 432.9 420.9 406.4 391.4 370.9 348.6 321.1 309.2 317.4 309.1 318.1 342 371.3 403.1 429.1 442.9 451.6 458.6 460.7 458.3 452.1 444.1 435.8 421.8 408.7 405.4 397.4 384.1 366.1 349.3 352.7 377.9 398.1 408.8 413.8 416.1 421.6 426.4 433.6 440.3 450.4 456.8 472.8 484.9 493.8 500.4 499.1 480.8 454.3 425.1 396.3 373.1 357.2 336.3 321.9 328.5 317.5 301.4 286.7 284.4 293.1 308.2 325 349 368.2 379.6 389.4 399.8 410.8 422.7 438.7
423.9 435.2 443.2 446 445.2 440.6 432.1 421.6 408 393.1 377.2 357.2 335.7 310.5 319 324 313.4 312.1 333.5 362.8 393.8 422.2 443.9 453.7 461.4 463.6 457.9 451.8 446.1 439.4 430 424.7 417.6 409.6 393.9 374.4 356.1 346.8 371.7 393.1 407.4 415.5 424.4 434.1 442.2 448.4 461.7 469.2 478.2 489 498.1 504.8 508.2 503.1 481.1 452.8 425.5 397.6 369 348.2 336.8 342 348.2 335.7 315.1 297 284.5 291.5 302.2 323 348 364.4 375.9 386.2 396.6 407.6 419.5 430.7
423.5 434.1 440.6 441.6 438.7 432.3 420.6 407.3 390.7 375.8 357.6 337.6 317.1 323.8 333.5 331.2 319.6 310.7 326.9 355.4 385.3 414 438.8 452.6 460.6 460.9 457.1 452.6 448.6 443 438.3 431.6 426 416.7 401.9 381.4 363 347.9 363.8 387.1 404.3 419.2 433.2 446 455.8 462.6 473.7 481.8 491.8 502.4 510 515 515.5 505.5 481.8 455.6 426.8 397.6 369.4 359.7 358.3 365.3 365.7 349.1 328.5 306 289.7 289.7 301.2 318.1 338.1 357.7 371.5 382.9 393.6 404 413.5 421.8
424.7 433.6 437.8 436.2 430.7 421.1 406.8 390.1 373.1 352.4 333.1 319.2 329.6 339.2 346.6 339.5 326.7 313.3 322.4 347 376.7 404.6 428.1 447 454.7 456.9 456.7 454.1 452.7 448.2 443.5 438.5 433.5 425 409.2 388.9 368.4 350 365.5 385.9 402.6 422.6 439.1 452.7 461.6 473.5 483.5 494.7 504.3 513.9 521.6 524 521.9 510.8 485.4 457.6 426.3 397.9 391.9 385.8 383.8 387 379.6 361.6 340.7 316.6 302.3 290 298.4 310.2 328.5 347.3 365.2 378.3 388.7 395.1 398.7 403.2
423.9 431.5 433.3 430.2 422 409.9 391.5 371.4 349.5 327.9 331 337.2 344.2 354.4 357.4 350.2 333.1 318.6 317.2 339.4 367.2 393.1 417.9 438.8 449.5 455 457.5 456.4 455.9 453.5 449.1 445.5 440.4 432 416.3 395.2 372.4 353.3 365.5 383.2 399.4 419.5 439.5 454.7 467.2 480.7 492.9 503.1 512.9 523.6 528.9 530 528.9 517.5 493.9 461 433.2 424.3 420.8 416.9 411.9 405.8 390.9 371.4 350.7 327.4 309.7 295.5 300.4 307.4 312.6 330.1 350.9 366.7 374.3 375.6 386.6 404.1
421.6 426.9 427.7 422.8 412.6 397.1 373.9 349.8 331.5 339.7 345.1 350.6 358.6 366.9 366.9 356.7 339.4 322.1 314.9 330.7 357.6 383.3 408.2 428.9 444.5 452.3 457.1 460.3 459.4 458.7 455.6 452.4 447.2 438.4 422.5 399.9 374.9 355.6 365.5 379.6 398.4 419.3 439.6 457.1 471.2 486.2 497.3 508.4 518.5 527.9 531.7 535.5 535.1 524.4 504.8 480.1 462.7 453.2 449 446.1 435.7 416.1 397.7 377.8 355.7 334.8 315.2 298 300.3 315.5 330.9 335.9 337 348.4 356.1 364.5 376.9 394.7
418.1 420.7 419.5 412.7 402 381.4 357 334.8 346.9 354.6 360.5 366.8 365.3 376.6 376.2 365.9 346.3 327.7 317.1 326.1 347.6 374.4 398.4 419.5 437.8 448.9 456.1 461.7 464.1 463.4 461.5 459.2 454 443.5 425.8 402.4 377.7 357.9 370.4 386.6 397.8 418.8 440.4 458.4 476 488.6 500.1 510.7 519.4 525.5 528.6 533.4 533.5 525.2 510.5 497 485.1 478.2 473.4 462.4 440.1 417.1 398.9 379.4 358.3 336.2 313.5 296.4 300.9 318.3 338.7 356.9 364.4 367.7 374.2 376.8 373.9 386
405.5 405.3 404.9 400.8 387.6 364.5 339.5 351.8 362.4 370.5 377.5 380.6 383.9 383 383.2 373.8 355 334.3 318.9 319.5 339.3 364.3 388.1 409.9 429.4 445.2 454.9 461.9 465.4 468.2 467.9 465.3 459 445.3 424.6 402.3 379 362.6 373.3 390 404.8 420.7 441.5 461.2 477.8 489.9 501 508.7 513.2 515.8 517.6 519.3 520.3 516.3 509.2 500 493.1 490.2 476.7 457.9 435.6 413 393.8 374.3 354 330.5 308 296.2 302.6 320.6 345.5 370.7 388.6 394.4 394.7 395.3 391.7 384.3
401.5 394.1 386.7 380.1 371 347.8 352.5 366.4 375.1 382.5 388.3 391.7 394.1 395.4 388.7 380.6 362.3 340.5 324 318.5 333.8 354.1 380.4 404.2 423.1 440.5 452.7 462.2 468.9 473.5 473.8 469.6 459.8 444.2 422.9 401.1 377.2 368.1 376.1 393.1 411.6 428.3 447.1 463.4 478.8 490.2 498.2 502.4 503.7 500.8 500.9 502.5 502.6 501.4 498.7 495.6 491.9 482.2 465.8 447.1 427.1 405.6 384.8 365.3 343.2 319 303 297.7 305.4 324 349.7 379.1 403.4 416 419 414.5 407.7 397.4
415.1 408.3 392.6 376.3 357.5 354.2 366.8 378.2 385.3 392 397.1 400.5 402.1 400.9 395.2 386 368.5 347.4 329.4 319.9 331.7 351.6 376.2 399.1 417.1 434.3 450.8 463.1 471.7 477.7 476.7 469.1 458.4 443.4 421.8 400 377.6 376.2 388.1 392.1 406.7 431.3 450.5 465.6 478.9 488 493.1 493.4 489.5 483.8 482.2 482.8 482.3 482.6 484.4 483.3 478.9 466.3 451.2 433.5 413 392.2 372.2 351.8 328.7 311.4 303.4 300.7 308.6 327.4 354.6 385.1 412.4 426.8 433.2 433.3 426.7 415.2
420.5 415.3 404.2 383 354.8 367.1 378 386.7 393.3 399.5 405.3 408.2 409.2 407.5 402.1 391.4 374.5 353.2 333.7 321.4 329.6 348.9 371.2 393.9 413.5 429.6 447.8 462.3 472.7 477.2 474.1 467.3 456.8 441 418.1 396.4 377.2 384.6 400.5 411.3 416.7 422.9 453.1 467.7 477.4 483.6 485.1 480.6 472.1 463.9 461.5 460.5 460.5 462.8 465.6 463.8 457.8 448.1 433.8 416.5 398 377.4 356.7 337.4 318.3 311.8 311.5 303.3 310.4 328.2 356.9 389 415.3 430.6 439.9 445.3 444.8 437.4
424.9 419.1 404.4 382.2 355.7 373.6 384 392.6 400.1 406.5 412.2 414.8 414.8 412.8 406.5 395.7 380 358.6 337.3 323.5 327.7 348.6 372.6 393.1 410.7 426.9 444.2 460.1 469.9 474.1 472.3 466.6 457.1 440.4 421.2 398.7 380.5 393.1 409.8 424 438.1 445.3 449.9 466.8 474.9 478.6 475.4 467.2 455.8 441.9 437.5 436.6 437.5 440.7 442.7 440.1 434.1 423.6 411.6 396.7 378.6 358.4 338.5 320.5 318.3 326.8 318.7 308.6 308.1 321.9 350.4 383.5 410.1 429.6 442.9 454.2 461.1 462.8
428.3 422.4 405.2 381.3 357.6 378.7 389.8 398.5 406.5 413 417.8 419.9 420.1 416.4 409.6 399.5 383.6 362.3 341.2 324.5 327.6 350.3 373.2 392.5 409.6 423.3 439.5 455.9 466.6 472.5 475.3 469.7 458.5 444.2 425.5 403.2 385.8 402.5 422 436.9 450.7 460.6 467.6 471.4 473.2 473.9 465.4 451.2 436.1 419.8 412.2 410.3 412.5 414.7 414.6 411.4 406 397.3 387.9 372.4 355.7 339.9 323.2 330.2 338.2 339 327.9 313 305.8 317 338.6 371 400.5 424.5 443 458.7 470.1 476.4
432.7 423.7 405.6 381 363.5 382.8 395.6 404.4 412.6 418.4 422.6 424.4 424.6 420.5 412 402 385.5 365.5 343 343.6 344.2 347.5 374.7 392.2 409.1 422.4 438.6 456.2 467.7 474.6 475.1 469.3 459.3 447.6 430.8 409.4 393.5 412 433.4 450.9 462.1 469.8 475.7 479.4 478.7 470.5 453.3 434.5 413.7 396 389.9 386.1 388.4 389.2 386 383.7 378.2 373.2 366.7 350.1 337.4 330.1 342.1 351 357 353.5 339.7 322 307.6 310.2 325.9 356.5 388.5 416.4 440.6 461.3 474.9 485.9
