data/NT18.asc
ncols 200
nrows 200
xllcorner 310000
yllcorner 680000
cellsize 50
[rows 114 to 151 of 200, columns 0 to 85 of 200]
35.9 35.7 34.5 33.8 33.3 33.8 32.7 31.3 30 29.4 28.9 28.7 28.7 28 27.4 26.9 26.4 26.2 25.7 25 24.4 21.3 18.1 19.2 23.6 25 25.2 25.2 25.2 25.1 24.7 23.3 21.8 20.7 20 19.6 17.5 15.7 15.2 16.8 18 17.9 20.1 18.1 19.2 18.8 18.2 17.4 17.1 16.8 16.8 17.5 19.3 19.1 18 19.3 17.6 17 16.5 16.1 14.9 14.7 14.4 14.2 14.1 14.2 14.1 15.1 15.3 15.1 14.8 14.4 14 13.9 14.8 15.3 15.6 15.7 15.4 15.3 15.7 16.9 15.7 15 14.4 13.6
35.9 35.6 35.1 34.8 34.4 33.6 32.3 31 29.8 29 28.4 27.7 27.6 27.3 27 26.7 25.6 25.1 23.9 22.6 22.2 19.2 17.4 17.8 21.7 23.7 23.6 23.9 24.3 23.9 23.6 23.5 23 22.4 21.9 21.7 20.7 19.6 16.7 14.3 15.1 16.7 15.7 15.5 16.5 17.3 17.2 19.3 16.3 15.3 14.9 15.2 18.9 16.7 16.2 15.7 15.4 15 14.5 14.4 13.7 13.6 13.4 13.2 12.9 13.2 13.2 13 13.1 13.5 13.1 12.7 12.4 12.4 13.2 13.5 13.7 14 14 13.8 13.7 13.7 12.2 12.5 13.1 14.3
35.3 35.8 35.5 35.1 34.3 33.9 32.2 30.7 29.7 29 27.4 26.8 26.5 26.2 26 24.4 23.2 22.3 20.6 18.7 19 18.5 17.4 16.5 19.7 22.1 21.7 22.2 22.7 22.1 21.9 21.8 21.6 21.2 20.8 20.5 20.1 19.7 18.1 15.7 14.4 13.6 14 13.3 13.3 14.4 15.4 15.1 14.8 14.4 14.3 14.5 14.4 14.8 14.1 13.6 13.2 13 12.9 12.5 12.4 12.3 12.3 12.2 11.9 12.1 12.2 11.9 11.9 11.8 11.6 11.3 11.2 11.2 11.5 11.7 12 12.5 12.7 12.6 12.7 12.7 13.3 13.8 14.9 17
34.8 35.7 35.2 33.8 32.3 31.1 30.8 29.9 29 27.8 26 24.3 22.9 24.1 23.7 22.8 20.1 18.7 17.4 16.1 15.8 15.8 15.9 15.8 15.8 16.6 17.7 19.2 20.3 21.3 19.8 19.6 19.3 19.4 19.1 19.8 19.8 19.2 18.3 17.5 16.9 15.2 13.8 13.3 13.5 13.8 14.1 14 16.7 17 19.8 13.6 13.3 13.4 13.2 12.9 12 11.3 11.2 11.2 11.1 11.1 11 11 10.9 10.9 11.4 10.8 11 11.3 11 10.8 11.2 12.5 14.6 15.6 16.3 16.7 17 17.3 17.5 17.8 18.5 18.9 19.3 20.2
32 30.9 31.2 30.8 30 28.9 28 26.5 26.3 25.1 23.4 21.9 21.4 21.5 20.9 18.8 18.3 17 15.6 15.3 15.2 15.2 15.4 16 18.3 17 16.2 16.2 16.8 18.2 17.3 17.2 17 17.1 17.2 17.5 17.8 17.5 17.4 16.4 15.2 14.1 13.4 13.6 13.7 13.7 13.7 13.4 13.1 17.8 17.5 12.8 12.7 12.7 12.4 12.2 11.8 11.4 11.1 10.9 10.6 10.6 10.5 10.5 10.4 10.4 11 10.6 10.6 10.6 13.6 12.3 11.3 11.2 11.1 11.7 11.9 13.1 15.4 16.5 16.5 17.9 19 20.6 21.9 23.7
28 27.1 26.6 27.1 25.9 25.1 24.1 23.8 22.8 21.1 20.1 19.8 18.8 18.1 17.5 17 16.4 15.6 15.2 14.8 14.6 14.4 15.2 17 20 19.1 17.8 15.3 16.5 15.9 15.3 14.9 14.8 15.1 15.1 15.2 15.5 15.6 16 15.3 14 12.9 13.1 13.2 13.3 13.3 13.1 12.6 12.5 16 14.3 12.5 12.3 12.6 11.8 12 12 11.6 11.4 11.2 11 10.7 10.4 10.4 10.3 10.9 10.8 11.1 12.2 11 10.4 10.2 10.5 10.8 11 11.3 11.7 11.7 13.9 16.9 18.7 20.6 22.1 23.1 24.4 26.3
27.6 26.3 25.4 25.4 25.9 26.4 24.5 22.9 21.4 20 19 18.8 17.9 17.3 16.8 16 15.9 15.7 15.1 14.5 14.5 15 15.5 18 20.3 20.3 19 18.4 17.5 16.4 15.1 13.7 13.4 13.2 12.9 13 13.5 14.1 14.6 14.2 12.9 12.1 12.7 12.8 12.8 12.9 12.4 11.9 11.5 14.2 12.4 9.5 9.5 11.2 11.3 11.2 11.4 11.4 11.6 11.4 11.1 11.1 10.8 10.4 10.2 14.7 11.1 10.7 10.7 10.7 10.4 10.3 10.5 10.8 11.1 11.4 11.6 12 16.4 17.6 19.1 20.4 21.8 23.1 25 27.2
25.8 25 26.7 28 27.7 26 23.8 21.9 20 18.8 18.3 17.8 17.2 16.8 16.5 15.8 16.1 15.5 15.1 14.8 14.5 15.3 16.1 17.8 20.1 20.9 20.3 19.5 18.7 17.6 16.3 15 13.4 12.6 12.5 12.8 12.6 12.8 13.3 13.1 12.3 11.4 12.1 12.3 12.4 12.2 11.8 11.3 10.7 13.1 12.1 9.5 9.5 9.5 9.5 10.8 11 11.2 11.4 11.7 11.3 11.1 11.2 10.6 10.8 12.3 10.4 10.5 10.6 10.7 10.4 10.3 10.6 10.9 11.1 11.4 11.7 12.8 15.2 17.3 18.5 19.6 21.1 22.6 23.7 25.4
23.5 23.6 27.5 26.9 25.2 23.3 21.4 20.6 18.9 18.7 18.6 17.7 16.8 16.4 16.5 17.5 16.2 15.8 15.5 15.2 15 15.2 16 17 20.6 21.2 21 20.5 19.4 18.1 16.5 15 14 13.4 12.9 13 12.8 12.4 12 11.9 12.1 11.5 11.5 11.9 12 11.6 11.1 10.8 10.6 12.4 11.3 11.5 9.5 9.5 9.5 10.6 10.9 11.1 11.4 11.4 11.6 10.4 9.9 9.8 11.2 10.7 10.4 10.3 10.4 10.5 10.4 10.4 10.6 10.9 11.2 11.5 12.2 12.8 14.9 16.7 17.7 18.9 20.6 22.2 22.8 25.1
22.8 24.8 26.6 24.9 22.6 20.5 19.7 19.6 18.6 19.1 19.2 17.7 17.8 18.6 18 17 17.3 16.2 15.9 15.7 15.4 15.2 16.7 17.3 20 21.2 21 20.3 19.5 18.1 16.6 15.3 14.7 14.1 13.5 13.2 13 12.7 12.4 11.9 11.6 11.6 11.9 11.7 11.5 11.3 11.1 10.9 11.7 11.5 11.2 11.4 11 11.6 11.5 10.6 10.8 11.1 11.5 11.5 11.5 9.8 10.2 10.4 10.8 10.6 10.5 10.5 10.4 10.3 10.4 10.5 10.7 11 11.3 12 12.9 13.5 14.1 15.4 16.7 18.8 20.3 21.8 23.2 25.2
21.5 20.7 21.6 19.7 18.8 18.1 17.8 18.1 18 18 17.5 19.4 20.3 20.9 19 17.6 16.9 17.1 16.7 16.3 15.9 17 17.2 17.9 21.8 22.2 21.3 20.1 19.3 18.2 16.8 15.9 15.8 15.6 14.8 14 13.4 13.4 12.9 12.3 11.6 11.8 12.1 12 11.8 11.6 11.3 10.9 13.1 11.1 11.3 11.1 11.2 11.4 11.2 11.1 10.8 11.1 11.2 11.7 11.5 11.3 10.8 10.6 10.7 10.8 10.7 10.6 10.5 10.2 10.3 10.7 10.8 11 11.8 12.7 13.7 14.1 14.7 15.8 18.1 20.1 21.8 22.8 27.8 30.5
19.7 19.2 19 18.6 18.2 18.1 17.9 17.9 18.8 20.7 21.7 22.9 23.5 22 19.7 18.7 18.7 18.5 17.6 17 16.8 17.2 18.4 20.5 23.5 23.5 22.1 20.8 19.5 18.3 18.1 18 17.7 16.9 16.2 15.5 14.7 13.9 13.3 12.8 12.5 12.2 12.3 12.3 12.2 12 11.5 10.9 14.4 11.4 11.5 11.5 11.9 11.5 11.3 11.2 11 10.8 11 11.9 15 10.9 10.7 10.8 10.8 10.8 9.8 9.7 9.7 10.2 11 11.8 11.9 12.2 12.8 13.5 14.3 14.6 16.8 19 21.9 24.5 30.6 32.5 34.1 37.5
20.3 20.1 19.7 19.6 19.4 19.1 19 18.8 22.4 24.6 25.8 25.8 25.9 24.1 22.5 21.4 21.5 20.9 19.8 20 20.2 19.9 20.9 23.1 25.2 24.5 23.3 21.6 20.8 21 20.4 19.9 19.2 18.5 17.8 17.2 16.4 16.1 14.9 14.1 13.7 13.3 13.1 12.9 12.7 12.8 13.6 14.5 15.6 11.7 11.7 11.8 12.2 12.1 12 11.9 11.8 11.5 13.2 16.2 15.7 14.1 10.8 10.8 10.8 9.9 9.2 9.3 10.1 10.9 11.8 12.7 13.1 13.7 14.8 15.8 17.5 19.6 21.8 28 28.2 30.8 32 35.7 39.6 42.4
24.2 24.7 24.5 24.2 23.5 23.9 24.1 24.9 27.4 29.6 30.9 30.4 29.2 27.3 26.3 25.6 25.3 24.2 24 23.8 23.9 23.6 23.7 24.6 25 25.6 23.1 23.1 23.4 23.5 23 21.6 21 20.3 19.7 18.9 18.3 18.3 17.4 16.1 15.4 15 14.6 14 13.6 13.4 14.1 15 15 12.2 11.9 11.9 12.4 13 12.8 12.7 12.6 14.6 17.4 19.2 17.4 14.6 10.5 12.1 10.5 9.7 9.1 10.2 10.9 11.7 12.5 13.4 14.5 17 18.8 20.4 25.8 25.7 27.8 29.3 31.1 33.5 35.8 39.2 41.9 44.2
29.3 29.1 28.8 29 28.7 29 30 30.4 31.7 32.1 32.1 31.3 30.8 32.1 31.8 30.7 28.8 27.5 27.9 27.7 27.2 26.6 26.6 25.8 25.3 24.3 24.3 25.6 25.6 24.9 24.3 23.7 22.9 22.2 21.5 20.2 20.2 20.2 19.7 17.9 17.8 17.8 16.6 16.3 15.6 14.4 13.7 18.7 12.9 12.6 13.3 15.5 16.9 19.4 20.7 21.2 21.9 22.8 23.3 23.5 21.7 20.4 11.4 15.4 10 9.4 9.5 11 12.9 13.4 14.5 16.5 19.3 22.9 22.6 24.8 27.2 28.4 29 33.1 35.2 36.8 39.3 41.9 44 45.9
31.8 31.8 32.2 32.6 32.8 32.7 32.4 32.1 32.2 32.5 32.7 33 33.3 33.4 33.1 32.8 32.8 33.3 32.1 30.2 29.8 28.3 27.8 27.4 27.1 27.1 26.7 26.4 26.4 26.2 25.7 25.2 24.6 24.1 22.9 21.9 22.1 21.8 20.7 20 20.5 20.1 18.7 18.4 17.2 16.5 16.2 20.4 13.7 17.1 25.3 35.4 37.9 35.3 32.4 31.7 30.5 29.9 29.5 28.9 25.4 19.2 16.4 16 13.6 11.7 10.9 12.9 15.3 17.2 19.4 20.5 22 23.1 25.1 26.6 29 30.1 32.4 33.6 36.1 37.8 40 41.7 43 44.7
33.9 34 34.2 34.2 34.2 34.2 33.4 32.9 33.2 33.6 33.9 34.5 34.2 33.4 33.6 33 32.7 32.6 32.8 31.2 30.6 30.6 29.2 29.4 29.5 29.1 28.6 27.8 26.2 26.4 26.2 26.1 25.6 25.1 23.8 23.1 22.9 22.9 22.4 22.2 22.2 21 19.8 19.2 18 17.1 15.8 14 20.2 31.7 43.7 53.5 51.6 47.7 43 41 39.6 38.4 36.1 33.2 29.2 20.7 14.2 11.1 11.1 13.2 16.5 18 19.9 24.2 24.4 23.1 22.4 24 26.5 28.4 29.6 31.9 33.2 34.1 37 37.9 38.6 39.8 41.1 41.3
36.7 36.6 37.6 37.6 36.7 35.4 35.4 35 34.7 35 34.8 35.1 35.5 37.3 37.2 36.8 35.3 35.5 35.1 31.8 31.5 31.5 31.6 32.1 31.7 31.5 32.5 29.4 28.3 28 28 28.1 27 27.1 26 25.7 25.4 25.2 24.8 24.9 23.2 21.8 20 19.3 18.6 17.5 23.2 22.6 31.3 43.1 52.4 58.4 60.2 57.8 53.9 51.5 49.3 45.7 42.1 37.8 30.9 23.5 14.3 10 11.8 13.6 17.1 19.4 23.9 24.8 25.2 23.3 23 24.1 28.8 30.2 31.7 33.6 34.4 36.2 38.1 40.3 39.8 39.8 39.4 38.7
38.8 39.8 40.4 40.6 37.8 35 34.9 35.8 36.5 35.8 35.7 35.7 36.8 38.8 39.4 39.4 39.7 38.9 38 36 35.9 34.7 34.7 34.6 33.7 32.6 33.9 32.2 31.2 30.9 30.8 30.5 30.2 29.6 29.2 28.9 28.5 28.3 28 27.2 25.3 23.8 21.7 19.6 19.3 19.2 24 25.9 35.1 40.7 44.1 62.8 66.1 66.2 63 59.3 54.1 50.1 46.4 40.4 31.2 23.4 13.4 10 13 15.4 18.2 20.9 23.3 24.4 24.9 25.9 25.4 26 28.5 31.4 33.2 34.3 36.2 38 39.7 41.6 40.6 39.1 38.9 37.1
37.4 37.8 37.6 36.9 36.2 34.7 33.6 34.3 34.6 34.4 34.6 35.4 37.6 39.8 39.8 40.5 40.7 39.5 38.7 37.1 37 37 37.4 36.2 38.3 38.4 37.2 36 35.1 34.1 34 33.3 32.6 31.7 30.3 30 30.4 29.1 29.5 29.7 27.4 24.7 22.9 21 19.9 21.7 24.8 27.9 39 48.1 49.5 63.9 70.9 70.3 66.8 62.2 57.5 54.8 50.1 41.4 30.1 22.5 11.1 11 13.8 16.2 20.1 22.7 24.6 25.4 25.6 28.6 28.1 29.6 31.7 32.8 33.8 34.8 37.5 39.8 40.9 41.3 40.2 38.6 36.5 34.2
34.6 34.6 34.1 33.7 33.3 32.8 32.3 32.3 32.7 32.1 33.2 34.1 37 42.7 47.8 47.7 47.7 46.5 43.7 41.9 41 40.1 39.7 38.5 39.5 39.8 39.8 38.6 37 35.9 33.8 33.3 32.9 32.3 31.3 30.1 30.3 30 30.2 31.2 30.6 27.4 24.5 22.4 21.9 24.4 26.6 28.8 45.9 61.4 60.6 65.2 73.6 74.1 69.4 65.3 60.3 56.8 50.5 40.7 29.2 22 13.1 11.1 13.7 16.6 21.5 24.9 26.2 27.2 28.1 28.5 28.9 30.3 31.8 32.9 34.2 35.7 36.8 39 40.3 40 39.4 38.4 34.8 32.3
33.6 33.4 33 32.7 32.3 31.9 31.5 31.1 30.8 31.4 31.4 32.7 35.7 37.9 39.2 42.9 41.9 42.6 44 42.7 41.5 39.5 38.3 37.8 39 38.6 38.5 37.6 36.2 35.7 33.6 33.3 32.9 32.5 31.8 31.6 30.1 30.1 31.9 31.9 33 30.7 27.8 26.3 25.4 27.3 28.1 30.7 38.1 61.9 68 70.9 74.6 74.1 70.3 65.3 58.6 53.4 47.6 39.4 30.5 21.9 17.1 10.2 13.6 16.8 20.9 23.1 26.3 27.8 28.7 29.7 29.2 30.7 31.3 32.2 33.1 32.7 33.3 34.7 36 36.1 35.2 34.3 33 30.6
33.3 32.8 32.4 32 31.7 31.3 30.9 30.5 30.1 31.1 30.9 31.5 32.5 35.3 35.7 36.6 37.2 38.5 41.6 40 40 39 36.8 35.8 35.9 36.7 36.9 36.6 35.6 34.9 33.8 33.4 33.2 32.6 33 33.2 32.6 32.6 32.8 33 33.6 34.1 31.8 31.5 30.4 31 30.4 33.1 37.7 65.1 74.2 76.3 75.5 73.6 69.6 64 54.6 49.7 43.4 34.7 27.2 21 14.8 9.8 11 15.2 19.2 21.6 23.6 25.8 27.8 27.3 29.2 30.1 30.4 31.1 31 30.6 30.2 31.1 31.5 31.5 31 29.9 28.5 27.3
33.5 32.2 31.7 31.4 31 30.6 30.3 29.6 29.2 28.4 28.8 29.3 29.5 29.9 30.8 31.5 33.5 34.6 35 34.8 34.9 34.9 34.2 33.9 34 34 33.6 33.2 33 32.6 33.3 33.5 34.5 34.7 35.1 34.9 35.4 34.9 35.9 37.3 37.1 36.8 37 36 35.3 38.7 32.3 41 40.9 61 73.6 77.4 74.9 72.9 69.2 63.1 52.9 47.7 41.4 33.7 28.8 21.4 15.3 9.9 9.5 13.4 18.2 20.6 22.4 23.6 24.7 25.4 26.5 27.6 28.7 29.6 29.2 28.8 28.4 27.8 27 27 27 25.7 24.9 24.4
33.2 31.5 30.8 30.5 30 29.7 29.1 28.7 28.1 27 27.4 27.8 28 28 27.9 28.6 30.2 30.2 30.2 31.6 32.8 32.8 32.6 32.7 32.8 32.7 32.4 32.1 32.5 32.5 35.4 36.2 38.4 40.1 40.8 41.5 42.7 43.3 42.7 44.4 44.5 43.8 42.9 40.9 41.1 46 34.4 50.3 50.9 58 73.1 75.5 74.3 72.3 68.5 63 54.7 50.2 44.7 40.2 31.7 23.4 15.8 9.8 9.8 14.8 17 19.6 21.7 22 22.5 22.7 24.1 25.7 27.6 28.6 28.1 27.4 26.3 25.8 24.9 23.9 23.2 22.7 22.5 23.1
25.8 29.2 28.2 28.7 27.8 27.6 27.4 27 26.5 25.6 25.5 26.3 26.5 26.6 26.7 26.9 27.7 27.8 28.3 29.1 30.3 30.8 30.7 32.1 31.9 31.8 31.5 31.9 32.5 36.5 40 41.8 43.6 45 46.6 47.7 48.7 49.8 50.9 51.3 51.3 51.4 49.1 46 45 52.6 36 52.7 60.6 56.8 72.4 75.5 74.3 70.2 66.4 61 55.1 50.1 45.1 40.1 33.3 24.7 11.8 10.7 9.5 9.4 15.9 18.8 19.9 20.2 20.4 20.6 22.1 23.5 24.4 25 25.7 25 24.1 23.8 23.2 22.1 21.3 21.2 21.9 22.6
22.5 22.9 23.9 25.2 24.3 24.2 24.3 24.1 23.9 23.1 23.1 24.2 25.1 25.4 25.7 25.5 25.9 26.3 26.8 27.4 27.8 28.4 29.3 31.6 31.3 31.4 31.7 33.3 38.1 41.5 44.1 46.7 49.1 51.3 53.1 54.1 54.8 55.9 57.6 58.7 58.9 58.5 56.4 52.6 50.1 56 38.2 50.7 63.8 59.2 71.8 73.6 74.9 69.3 62.3 56.8 50.9 46.9 42 39.1 31.2 27.2 21 14.9 11 8.4 12.7 17.3 17.6 17.8 17.9 18.6 19.6 20.6 21.4 22.2 22.7 22.5 22.2 21.9 21.4 20.5 20.6 21 21.4 22
14.7 16.4 18.6 20.4 21.9 21.7 21.9 21.8 21.7 21.2 21.4 22.1 23.2 23.7 24.1 24 23.4 25.8 26.2 26.5 27.4 28.2 29.6 31.7 31.6 32.2 34.1 40 43.5 46.8 49.8 52.7 55 57.3 59.2 60.5 61.1 62.8 64.6 64.8 66.1 65.5 64 61 57.6 58 40.1 53.8 65.9 60.1 66.5 70.8 72.1 66.7 57.6 51.5 47.7 43.7 39.8 35.2 30.3 27.5 20.8 15.7 11.5 7.2 7.3 9.3 13.7 14.1 15.9 16.5 17.2 18.6 19.4 20.2 20.9 21 20.5 20.2 19.7 20 20.4 20.7 21.1 21.8
6.1 8.4 9.1 11.6 16.4 20.6 20.4 20.3 19.9 18.8 20.5 20.8 21.3 22.1 22.3 22.7 23.2 23.9 24.9 25.8 26.8 28.6 31.7 32.1 32.4 35.7 41.7 46.3 50 53.2 56 58.6 61 63.3 65.1 66.5 68 70.1 69.6 68.8 68.7 67.9 66.9 64.5 62 54.2 42.7 52.5 67.6 61.9 66.6 68.7 68.1 62.7 52.2 49.2 44.3 40.4 37 32.8 30.5 27.1 20.3 12.2 9.8 8.4 7 8.8 11.7 11.9 13.2 13.5 14.3 16.2 17.6 18.3 19.1 19.5 19.5 19.4 19.7 20.2 20.3 20.5 20.8 21.5
6.1 4.8 6.1 6.9 8.6 12.7 18.3 18.3 17.5 17.8 20.1 20.5 20.8 21 21.3 21.7 22.6 23.5 24.3 25.8 27.6 29.3 31.2 34.2 37.3 42.8 49.2 53.1 56.5 59.6 62.3 65.5 68.6 71.1 72.7 74.3 76.2 75.6 74.9 73.7 71.7 70.6 69.5 65.6 63.3 54.1 45.2 52.1 63.5 64.7 66.1 66.3 65.4 56.9 50.2 42.5 40.6 38.3 35 32.6 29.3 22.7 15.2 7.1 2.1 9.2 13.1 12.5 11.5 10.9 11.3 11.7 14.5 16.3 16.5 16.6 16.7 17.8 18.3 18.9 19.7 20.5 20.7 20.8 19.5 21
6.1 4.9 4.5 4.5 4.6 8.6 12.4 15.3 16.7 17.8 19.2 20 20.3 20.3 20.5 20.8 21.7 22.7 24.1 25.7 27.4 28.9 31.3 36.4 42.9 46.7 51.7 59.3 63.2 66.7 70.7 73.9 75.7 77.3 76.9 79.1 79.5 84.7 83.4 79.3 76.6 74.6 72.2 68.5 65.4 58.9 46.4 49.9 55.9 60.5 64.1 62.4 57.9 51.4 44.3 37.5 34.3 35 32.9 32.6 27.3 19 14 1.2 7.3 14.9 14.5 13.2 11.3 10.1 9.6 10.5 13.3 14.8 16.5 16.4 16.4 17.6 18.3 18.4 19.4 20.5 21.1 20 16.9 15.4
5.5 4.8 4.7 4.6 4.5 5.8 8.3 15.6 17 17.5 18.1 19 19.8 19.6 19.6 20 21.1 22.3 23.7 25.2 26.8 28.3 30.4 36.9 41.7 45.6 51 57.7 61.6 67.3 69.2 69.8 72.2 72.3 74.8 76.5 78.7 85 84.7 80.6 79.9 77.6 74.5 71.6 67 59.5 46.9 48.1 53.7 62.5 65 61.4 54.7 45.9 36.9 32.8 29.9 30.3 32.4 32.3 24.9 18.8 9.7 4.6 4.5 6.5 7.6 10.4 8.6 7.7 8 9.2 10.8 12 12.8 13.5 14.4 16 17.9 17.8 18.4 19.8 23 22.8 13 11.6
4.8 4.8 4.8 4.7 4.7 4.9 5.4 13.8 15.1 16.5 17.2 17.6 18.9 19.2 19.3 19.9 20.9 21.9 23.4 24.8 26.7 29.9 31 34.9 39.8 43.7 47.9 51.5 55.9 60.1 61.7 63 64.3 65.9 69.8 73.3 76.3 79 79.8 79.4 78.7 76.8 73.7 70.7 67.8 58 44.8 46.6 52.9 60 62.7 58.6 49.5 41 33.3 29.1 25.6 27 27.5 29 22.3 10.9 -2.1 -2.1 4.5 3.8 4 4.8 5 5.1 6.5 7.8 9.6 11.8 16.7 16.7 17.9 18.3 18.2 18.4 20.7 25.1 30.1 26.9 15.4 6.9
4.7 4.8 4.7 4.7 4.7 5 5.3 5.4 5.7 7.3 9.6 11 13.4 15.4 17.2 19.6 20.8 21.8 23.3 24.8 29.3 31 31.5 34.6 38.3 41.6 44.4 47.8 50.7 53.6 55.5 56.8 60.8 67.9 71.5 74.1 74.6 74.6 74.6 74.5 74.3 72 69.4 66.5 63.2 55.4 42.6 44.7 52.9 58.5 56.5 50.8 43.2 36.8 28.9 22.7 21.6 23.9 22.2 18.7 6.9 5.7 -2.1 4 4.2 3.7 3.9 3.9 3.2 4.5 5.9 7.5 12.6 18.4 18.1 17.6 19.1 19.1 19.5 22.2 28.7 34.6 36.6 25 8.2 2.3
4.7 4.7 4.7 4.7 4.9 5.1 5.2 5.4 5.8 7.4 8.2 10.1 10.9 14 15.4 18.4 18.9 21.8 23 24.7 29.7 30.8 32 32.9 36 39.7 42.4 45.4 48 50.2 50.2 51.9 56.2 62.5 64.3 65 65.6 65.1 64.8 65.5 65.8 64.6 63.2 60.2 55.1 47.6 39.9 43.3 52.9 57 53.2 47.9 41.1 32.8 26.4 20 15.1 14.4 6.7 5.6 5.6 5.6 -2.1 2.2 3.9 3.8 3.8 4.1 4.1 4.1 5.4 10.4 15.2 16.7 17.6 18.3 18.8 23.4 15.5 28.7 32.1 32 26.9 7.8 1.9 1.2
4.6 4.6 4.6 4.7 4.8 4.9 5.1 5.3 5.8 6.3 6.3 7.9 6.7 13 15.4 16.7 19 21.3 22.1 24.1 27.5 28.9 30.9 32.2 32.9 36.4 40.3 43.3 45.4 46.1 47.4 48.7 49.3 52.4 55.4 56.1 56.8 56.2 55.4 55.2 55.5 55 54.2 51.9 47.1 38.3 37.2 41.1 50.2 55.4 51.8 46.3 37.3 28.2 21 16.2 12.7 4.9 5 5.1 5 4.9 -2.1 -2.1 4.4 3.6 3.7 4.3 4.1 3.7 4.8 6.8 11.1 14.3 17.5 22.5 12.6 6.2 6.6 23.4 28.6 23.7 11.2 1.6 0.2 0.1
4.8 4.6 4.7 4.7 4.6 4.8 4.9 5.2 5.7 5.5 4.8 6.3 6.2 8.3 10.9 15 16.3 19.4 21.1 22.4 24.1 27.7 29.1 30.2 30.7 32.4 37 41.8 43.3 44 44.7 44.7 44.4 45.9 47.7 48.2 48.3 48.5 47.8 47.8 48 47.1 45.7 43.2 37.6 33.8 34.6 40.8 54.4 53.7 49.7 42.8 32.7 23.6 19.1 11.6 5.1 4.6 4.6 4.4 4.3 4.5 4.8 -2.1 -2.1 3.4 4.1 4.4 4 3.6 4.5 6.3 10.5 18.5 3.8 3.8 3.8 6.6 32.8 28.8 23.2 13 1.5 -2.1 -2.1 -2.1
4.7 4.7 4.8 4.9 4.5 4.7 4.8 5.1 5.3 4.8 4.7 5.9 5.8 6.8 7.2 11.4 15.2 17.9 19.7 21.7 23.6 24.2 24.8 27.4 28.3 28.5 31.8 36.1 39.2 41.1 42.1 42.3 42.1 41.3 41 39 38.6 39.5 40.8 40.3 40.4 40.1 38.9 35.5 31.6 29.9 33.3 40.8 56.1 52.4 47.2 38.2 28.2 18.9 15.3 7.8 4 4 4.6 4.7 4.6 5.2 5 0.3 -2.1 0.7 3.8 4.2 4 4.4 4.4 6.8 14.8 19.7 3.8 5.6 7.9 27.7 20.2 18.3 11 -2.1 -2.1 -2.1 -2.1 -2.1
