data/NT20.asc
ncols 200
nrows 200
xllcorner 320000
yllcorner 600000
cellsize 50
[rows 140 to 174 of 200, columns 0 to 77 of 200]
321.5 324.2 327.2 330.6 336.7 344.2 351 357.2 367.4 374 376.2 369.5 358 329.4 309.6 298.4 289.7 280.6 280 285.3 298.7 314.2 334.8 349.9 365.9 366.3 360.8 353.7 348.3 345.4 341.9 336.6 330.5 323.4 317.5 312.3 308.6 305.3 302.9 300.1 298.4 295.4 292.6 289.9 288.3 287.2 286 284.8 283.3 280.4 277.9 275 271.9 267.5 262.4 257.3 252.8 249.6 245.8 246.5 239.6 234.4 232 243.8 244.9 247.4 249.9 253.5 257.8 257.2 254.2 249.4 241.2 232.1 223.2 214.6 208.3 208.1
318.6 321.2 324.3 327.8 333.1 342.4 350.8 356.7 367.6 376.7 381 378.5 364 334.8 314.7 302.5 292.8 279.3 279.7 283.6 295.5 311.3 329.3 344.6 360.4 361.2 356.6 350 345.7 342.9 340.4 336.2 331 323.6 318.4 313.5 309.5 306.2 303.7 301.2 299.6 297 294.3 292.9 291.5 290.1 288.8 287.6 286 283 280.4 276.4 273.3 268.8 263 258 252 249.2 244.9 242 237 233.6 232 242.2 245 247.2 250 252.5 253.3 254 251.4 245.5 238.1 229.5 223.8 214.7 207.8 207.7
316.2 318.8 321.5 325.5 329.5 339.9 348.4 354.8 362.9 374.3 381.1 382.4 368.5 341 320.7 306.6 295.6 285 279.6 279.3 292.4 307 320.9 339.3 355 355 351.1 346.8 342.9 339.5 338.6 333.6 329.1 325.5 321.8 317 311.3 307.2 305.2 303.6 301.2 298.8 296.8 296.3 294.8 293.3 292 290.6 289.6 287.5 284.7 281.6 277.2 271.5 265.8 260.8 255.9 250.4 245.9 239.7 234.7 232 231.4 241.4 244.2 247.2 250 251.1 251.6 251.1 249.2 244.2 236.2 229.9 225.6 211.1 207.6 207.5
309.2 315.5 318.4 321.8 325.5 333.2 342.4 351 358.5 369.6 379.9 382.1 373.7 349.8 326 309.7 297.8 288.3 278.5 278.1 290.8 301.9 312.1 325.3 343.3 346.7 344.3 342.6 340 338.7 338.4 335.4 331.2 329.3 328.7 323.3 317 312.3 308.3 305.7 303.7 301.7 299.6 299.6 298.1 296.6 295.2 294 294.4 292.6 289.5 284.9 280.1 274.9 269.4 263.8 258.1 251.4 246.6 241.7 235.9 230.1 236.8 239.8 242.5 246.1 248 249.5 250 249.5 247.4 242 234.7 227.5 223 209.7 207.5 207.2
303.1 307.5 312.4 317.2 319.8 326 334.1 343.1 352.1 364.2 378.2 384.8 379.4 356.7 330.9 313.9 299.3 288.7 279.1 277.8 285.2 296.8 305.6 315.5 328.5 335.9 337.6 338.6 338.6 338.8 338.8 338.6 339 336.4 334.9 328.8 322.7 317.9 312.9 310.6 307.5 305 302.7 302.3 301.3 299.9 298.4 298.7 299.8 297.1 292.4 287.6 282.9 278.1 272.4 266.6 260.9 252.1 247 241.5 238.8 229 233.5 236.1 239.6 243.1 245.5 247.2 247.8 246.4 243.8 239.3 234.1 227.4 220.8 208.9 207.5 207
302.7 301 303.5 308.5 312.8 318.4 326.6 335.1 345.8 359.8 376.8 384.9 379.5 362.9 339.3 318.8 302.1 290 279.7 278 280.8 292.3 300.2 306.6 317.2 326.7 331.6 333.8 336.7 338.8 339.9 343.6 345 343.4 340.9 334.4 329.1 325.9 322.2 319.4 314.3 311.3 306.1 304.4 303.7 302.7 303.7 305.3 303.6 299.9 295.3 290.5 286 281.6 276.2 269.8 263.8 254.9 247.1 241.2 237.8 230.4 228.7 231.7 235.5 238.9 242.5 244.4 245 243.7 240.8 236.4 230.5 228.4 224.4 210.9 206.8 206.7
313.9 303.8 299.5 299.7 302.2 309.5 318 326.8 338.7 353.9 371.5 381 378.1 369.2 351.2 330.7 304.9 290.6 279 277.8 279.1 287.1 294.1 299.8 308.1 317.3 323.7 327.8 334.1 339.7 344.9 349.6 351 347.5 343.9 339.4 336.3 334 331.1 327 324.6 318.7 313 309.4 307.5 307.9 309 312.3 308.1 304.4 299.9 295.5 291.3 286.6 281.7 275.1 266.8 255.9 247.3 242.6 236.6 231.8 226.9 225.8 228.3 232 237.5 240.3 241.3 240.8 238 233.2 229.4 228.5 227.5 215 206.7 206.3
324.3 314.4 306.6 301.3 299.3 298.1 309.2 320.6 331.7 349.8 365.2 372.1 372.8 372.2 359.6 339.4 306.5 289.6 278.5 277.8 278 282.2 288.8 294.5 302.3 309.3 316.6 324.2 334.1 342.4 349.3 351.8 353.4 350.2 347.3 343.1 342 341.4 338.9 334.4 333.6 328.1 321.4 316.8 314.6 315.4 316.9 319.3 314.3 309.1 304.7 301.1 296.6 291.6 285.8 278 268.1 258.1 250.5 243.9 238.5 233.7 229.6 226.4 223.2 223.4 230.2 235.3 237.8 237.7 234.7 228.8 228.2 227.8 224.5 215.9 207 206
330.9 321.1 312.4 304.4 299.3 296.2 302.2 315.4 326.2 342.2 356.2 363.4 371.3 366.4 357.3 336.5 306.6 289.5 279 277.8 277.8 280.8 285.3 289.8 296.5 302.9 311.2 322.7 334.6 344.5 351.5 353.6 355.5 352.7 351.1 347.4 346.7 346.4 344.2 341.4 342.2 339.4 331.8 327.9 323.8 320.9 321.5 321.3 318.8 312.3 309 308.5 303.3 294.5 286.6 280 268.6 261 253.4 246.4 240.1 235.6 231.2 227.9 225.2 222.8 220 229.3 233.6 234.1 231.4 227.5 226.8 226.5 223.6 218.3 207.1 205.8
331.9 323.1 313.6 304.8 299.3 293.3 298.7 309.3 320.7 332.1 341.4 349.6 349.6 345.7 341 322.5 300.8 291.3 281.7 277.9 277.2 277.8 281.2 284.8 290.4 296 305.1 318.7 333.2 347 354.4 356.5 358.1 354.7 351 349.1 350.6 349 349 348.8 346.8 343.8 339.3 335.9 331.5 327.1 322.5 320.9 318.7 312.8 311 311 308.2 295.7 286.5 278.3 270 262.3 256.1 249.5 241.9 237 233.8 231 228.1 225.2 221.8 222.9 228.9 231.2 227.9 226.9 226.5 226.3 223.7 217 207.6 205.8
332 322 313.5 304.4 300.1 293.2 294.3 304.3 314.7 321.4 325.2 328.1 325.6 322.6 319.9 309.2 297.5 290.4 284 278.2 276.2 275.2 276.7 279.6 282.6 289.8 300.3 315.8 332.1 347.1 356.5 359.5 359.7 356 351.8 349.8 350.1 350.5 349.2 349.1 346.7 343.7 341.2 340.8 335.7 327.6 323.8 320.8 316 310.4 310.7 311 302.2 291.4 283.8 276.9 270 264.5 258.2 251.5 245.3 240.1 237.3 234.7 231.8 228.1 223.5 216.7 222.9 226 225.6 224.4 225.5 225.1 222.2 217.4 207.7 206.2
329.8 320.1 313.4 309.6 308.5 300.2 292.8 300.8 309 312.9 313.7 312 311 308.7 306.2 302 295.5 289.2 282.4 277.4 274.4 273 272.2 275.2 280.4 285.3 293.5 311.6 330.2 346.5 360 360.6 359.9 358 353.2 349 346.9 345.2 345.4 345.4 342.7 341.4 342 342.8 332.6 327 322.9 318.9 313.6 309.2 308.9 307.7 298.2 288.2 281.8 275.1 270.1 264.7 259 252.6 248.6 243.7 241.1 238.4 234.8 229.9 225.4 221.3 215.3 220.8 222.2 220.8 222.9 222.6 220.5 215.1 207 206.5
328.9 322.4 319.1 313.8 312.6 309.8 298.2 288.9 296.2 304.1 304.7 304.4 302.3 301.5 298.4 295.5 290.8 285.3 279.1 275.2 274.5 271.1 269.5 270.8 271.2 281.4 289.9 306 328.5 345.7 359.9 360.5 359.8 356.5 351.4 343.9 339.8 339.4 339.8 341 339.5 338.6 339.5 335.8 330.1 324.1 320.1 315.4 310.5 306.3 304 301.9 292.1 284.9 279.2 274.6 270.5 266 260.3 255.5 250.4 247.8 245 241.6 238.8 232.4 227.2 224.1 218.1 212.3 215.8 216.2 219.5 219.1 217.7 213.2 207.6 206.8
330.9 326.7 323 318.9 316.2 313.8 307.9 297.5 288.5 289.5 292 290.3 290.8 290.2 288.1 285.1 281.5 278.4 276.5 280.2 276.8 273.2 270.7 269 267.9 271.7 283.7 300.8 324.8 343.1 356.9 359.7 358.1 354.1 350.4 339.2 332.6 331.5 333 334 333.6 332.1 330.8 328.3 324.5 320.3 315.4 310.5 306.2 301.3 298.8 295.4 289.6 282 276.9 274.4 272.4 269.3 265.1 259.5 254.8 251.7 248.4 243.7 239.8 235.4 231.8 228.3 220.6 215.2 211.9 209.5 212 210.9 210.5 211.8 207.6 207
336.6 333.3 329.1 324.9 321.9 319.2 314.6 307.8 296.7 290 286.2 283.5 283.7 282.4 284 286 283.9 287.7 290.8 284.7 279.8 276 273.3 270.7 268.8 267.6 274.9 294.6 319 342.4 356 359.4 355.7 351.6 341.2 332.7 326.2 325.1 326.1 327.2 329.3 327.3 324.2 321.6 317.7 313.8 309.7 305 301 297.1 294.6 291.5 285.6 280.3 276.8 275.7 274.4 271.8 268.1 262.6 259.1 256.5 252.2 247.5 242.9 239.3 236 230.5 223.9 220.8 215.8 212.2 210.4 209.3 209.1 208.9 207.9 207.2
345.4 341.1 337.3 334 330.8 327.2 322.3 315.6 309.3 300.1 289.2 290.5 292.3 295.7 297.5 298 298.9 300 296.9 289.4 283.1 279.2 274.3 270.6 268.3 267.6 268.3 287.4 312.6 339.6 357.2 361.2 359.4 346.9 336.4 327.2 320.6 319.2 322 323.4 324.4 323.7 320 314.9 311.1 307.2 303.9 299.6 296 292.6 290.4 287.3 281.7 278.5 277.1 275.4 274.3 272.6 269.8 265.2 262.4 259.6 255.9 252.1 247.4 244.2 240.6 235.2 228.6 223.7 221.4 221.6 216.1 210.4 209.6 208.7 207.9 206.9
359.8 354.9 349.7 345.7 341.8 338.8 333.1 325.2 315.9 311.6 306.3 302.6 306.2 312 314.9 316.3 316.1 312.4 305.3 293.7 286.6 281.5 275.8 270.7 268.5 267.5 267.6 281.6 304.6 332.4 353.7 363.1 360.4 345.8 334.7 325.5 316.2 316.4 319.2 320.8 321.2 321.5 317.8 309.1 304.5 301.2 297.9 294.4 291 288 285.9 282.9 279.9 277.9 276.1 275 274.3 272.9 270.7 268.8 267.2 264.2 259.8 257.5 252.7 249 244.5 237.5 234.2 230.2 229.3 228 219.2 214.8 209.4 208.4 207.5 206.7
375.9 371.5 366.3 361.2 359.1 356.4 348.7 339.2 329.1 323.3 318 312.8 322 327.5 330.5 333.2 334.4 329.2 316 297.8 290.5 284.4 278.7 273 268.8 266.6 267.1 272.5 296 321.2 344 360.4 359.1 342.9 332.9 322.9 312.8 312 319.7 321 321.8 321.3 314.3 304.8 298.3 294.2 290.9 288.3 285.9 283.7 281.8 279.9 278 276.1 275.1 275.3 275 274.1 272.3 269.4 269.6 268.9 264.9 261.8 257.4 253.8 248.2 243.7 240.3 235.6 232.9 230.6 224.2 220.1 209.3 208 207.1 206.6
394.6 388.5 383.1 379.1 378.5 373.6 365.1 352.4 342.7 334.2 331.1 329.7 336.9 343.9 347.7 350.3 352 341.5 330.5 305.2 294.3 287.9 282 276.1 269.6 266 266.7 268.3 288.8 308.2 332 353.6 352.8 339.2 328.5 317.3 308.7 310 316.3 321.1 321.9 320.3 310.8 302 296.1 290.6 287.4 284.3 281.7 280.1 278.3 276.5 274.9 274.7 274.9 275.6 275.8 276.2 274.1 271.5 273.1 272.7 269.6 266.6 260.9 259.3 253.4 251.7 247.4 241.5 238.5 234.8 230.4 221.7 209.4 207.6 206.7 206.3
413.3 406.3 399.6 393.6 393 388.7 379 368.9 355.6 347.6 344 344.2 351.5 358.5 362.5 366 363.1 353.1 328.6 306.8 296 290.6 285 279.2 271.7 266.4 264.7 264.2 278.6 301.3 317.9 339.7 348 335.6 322 310 305.5 306.7 312.1 318.4 321.1 316.8 307.9 300.3 294.2 289.6 285.1 280.5 277.8 276.1 274.7 273.4 272.6 273 275.2 277 277.7 278.9 277.8 277.3 279.5 278.2 274.2 270.2 264.4 261.6 260.2 260.1 254.9 249.7 242.8 237.8 233.3 223.7 211.3 207.6 206.6 205.8
425.1 419.6 413.4 404.8 403.2 398.2 390.4 383.7 366.4 362.3 357.1 356.4 364.6 371 374.7 378 369.5 348.7 325 308.6 299.4 293 287.4 282.7 273.5 267 264.2 263.4 269.1 292.3 308.1 328.7 340.6 331.6 316.8 306.1 300.1 302.2 308.1 313.3 316.5 312.2 306.4 301.2 294.7 289 284.4 279.3 274 272.5 271.5 270.4 271.9 271.9 273.1 277.2 279.7 280.1 279.4 280.5 281.2 281.4 278.3 273.5 269.6 266.3 270 266.4 260.8 251.8 244.8 240.9 234.7 226.9 215.8 208.3 206.4 205.5
430.6 426.5 421.4 416 411.5 409.1 402.1 392 379.7 374 367.4 369.1 376.2 381.8 383.8 383.2 373 348 323.9 308.2 300.4 294.4 289.8 281.4 280.1 268 263.8 262.7 262.8 285 297 315.8 331.5 328.2 312.5 302.2 297.1 299 302.4 307.8 310.3 309.5 307.4 303.3 296.8 290.6 283.1 277.7 271.9 268.9 268.8 268.4 270.5 268.9 271.9 276.4 280.8 279.6 280.5 283.8 284.9 284.3 281.5 278.5 273.9 269.7 270.8 271.5 264.5 260 247.8 241.8 234.1 226.2 219.4 212.9 208.2 205.6
430.9 429 427.8 423.7 418.8 416.1 409.8 399.2 388.3 383.7 379.2 382.6 387.1 391.3 391.9 386.6 376.3 351.3 326.2 309.4 300.8 295 292 286 280.9 273.8 265.1 262.2 261.2 276.9 287.4 302.1 318 318.8 307.5 297.4 290.6 294.1 299.1 303.3 307.2 309.5 309.3 305.9 300.4 295.2 285.9 277.8 271.7 268 267.7 267.2 268.3 268.9 273 275.9 278.7 279.1 282.3 286.5 288.1 287 286.7 282.3 278.2 275.7 275.9 275.5 268.7 262.5 251.8 242.5 234.1 227 221.5 215.1 209.7 205.1
430.5 429 430 431.6 424.9 418.9 412.1 404.9 395.6 391.4 391.5 395 398.4 401.8 399.1 390.2 378.4 358.2 329.7 310.5 301.3 294.6 292.3 288.2 281.4 274.5 266.4 261.7 261.4 267.4 283 294 301.8 310.7 301.7 293.8 289 290.9 295.3 299.2 303.9 307.6 310.6 309.6 304.5 297 288 279.4 269.8 266.8 264.9 265.1 266.9 269.4 272.8 275.4 277.3 279.5 284.3 289.5 290.6 288.6 288.8 286.6 281.6 279.4 280.3 280.2 269.9 265.1 255.6 243.5 235.6 229.5 223.5 217 211.2 206.3
429.3 429.9 430.9 431.3 427.1 419.6 412.6 406 400.1 398.2 401.5 404.8 407.4 410.3 404.6 389.8 380.5 358.9 330.3 315 304 296.6 292.3 288.3 281.1 281 273.3 261.6 260.1 262.1 271.5 285.6 293.2 298.9 295.5 289.6 286.4 289.1 291.4 295.4 300.3 306 309.4 310.7 305 297.7 287.1 277.3 269.4 265 262.6 262.6 265.1 268.8 272.4 275.2 278 280.9 284.8 289.8 290.9 288.9 288.6 289.8 286.1 282.8 280.9 279.1 273.7 268.2 259 251 237.7 230.3 222.7 216.9 211.6 207.2
424.7 427.6 428.8 428.3 425 421.1 413.2 407.6 401.6 402.2 407.5 412.1 412.9 414.8 411.1 395.1 381 361.5 334.4 321.5 308.2 300.7 295.8 291.6 285.8 282.4 277.8 266.1 259.8 259.4 260.3 276.9 286.1 290 288.9 284.4 280.3 284.3 287.6 290.4 295.7 302.8 309.2 308.5 302.2 295.3 286.7 277.6 268.3 263 260.3 261.1 264.2 267 269.3 272.1 275.7 279 283 287.8 290.9 289 290.8 293 290.4 287.6 283.4 281.7 275.3 267.6 260.2 253.5 243.3 234 227.3 217.9 210.5 207.1
421.9 422.8 423.3 422.8 419.7 415.5 411.3 405.8 400.1 404.6 410.1 415.9 418.7 418.4 414.9 402.1 383.8 362.2 340.6 327.4 315.1 304.8 297.3 293.6 289.7 285.2 280.3 272.4 262.2 259.2 259.2 263.7 278 283.7 282.2 281 279.9 281.7 283.7 286.7 292 298.7 304.5 303.1 299.4 292.5 284.3 273 266.3 261.6 259.4 261.3 263.1 264.3 266.5 270 273.8 277.4 280.3 286.5 290.9 290.9 292.3 292.1 289 289 288.3 290.9 279.4 268.4 260.6 254.9 247.9 238.6 231.6 220.8 213.1 209.7
421.1 420.8 417.2 416.3 413.3 409 406 401.1 398.9 404.5 410.5 417.1 420.2 419.1 418.2 406.5 390.8 365.8 348.1 334.9 322.1 309.8 302.9 295.9 292.3 286.9 281.2 277.1 268.1 260.9 257.8 258 262.5 276.2 276.1 272.5 272.6 279.2 280.6 282.5 287.5 293.3 298.9 297.9 294.8 290.3 283.3 271.3 264.6 260.6 260 261 260.7 261.9 264 268.9 272.2 276.3 279.1 283.6 289.4 289.7 291 293.6 290.4 290.3 298.6 296.2 281.7 269 260.5 254.6 249.3 241.7 233.9 224.7 216.1 213.1
419.1 416.2 411.9 408.7 405.7 403.4 401 395.8 393.9 401 409.1 415.8 419.7 420.3 418.1 411.4 394.5 377 358.2 344.3 330.2 322.9 314 306.1 297.4 291.2 284.9 280.9 276.8 268.9 261.5 258.1 257.7 259.7 271.4 269.7 271.8 275.5 275.6 278.7 283.8 289.6 293.3 293.2 290.6 289.2 281.7 273.2 265.6 260.1 258 258.6 258.9 260 261.5 265.7 270.5 275.4 280 282.1 284.3 284.9 288.2 291 289.3 290.9 299.8 297.8 281.9 268.8 262 256.4 249.7 244.6 238.2 230.7 221.4 217.8
413.5 411.5 405.8 400.8 397.8 394.7 391.2 387.4 389.7 398.5 409.2 412.6 417.9 420.5 419 415.1 403.6 387.9 371.1 356.3 345 338.9 329.4 316.9 308.2 299.1 291.7 284.7 280.5 277.3 271.1 262.4 256.9 257.7 261 259.5 271.2 270.7 273 275.8 281.1 286.4 290.6 290.5 290.9 289.4 283.3 273.5 264.5 259.3 256.4 256.3 256.7 257.8 259.7 264 269.5 276 280.5 279.8 280.2 280.7 284.6 287.4 289 292.6 299.5 298.6 283.5 268.5 264 258.6 252.2 247.6 240.6 234.6 229.9 222.9
409.9 406.9 398.5 393.1 389.7 384.6 380.5 381.7 385.8 392.8 400.8 410.4 419.9 421.6 421.6 417.8 409.7 398.1 385 375.2 363.4 355 347.1 330.3 321.1 308 298.6 290.8 284.5 281.7 277.7 272.5 261.5 255.5 255.5 257 259.4 265.3 272 273.8 278 282.5 286.8 289.5 290.9 287.3 279 270.9 263.4 257.6 254.5 253.4 254 255.3 258.5 262.2 268.7 272.8 277.3 276.7 276 277.2 281 282.8 286.5 291 295.7 292.3 281.2 273 267.3 261.2 254.9 250.2 244.3 240 235 227.5
404.2 399.4 389.2 384.8 380.7 376.7 372.4 372.8 382.3 388.8 394.1 408 417.4 421.9 424.1 420.4 414.2 405.7 397.8 389.7 382.4 369.9 362.2 351.7 335.2 317.2 305 297 288.9 284.1 281 277.1 270.7 255.2 253.7 254.4 255.1 256.4 262.3 271.2 274.3 278.8 283.5 287.8 289.1 285.4 279 270.2 263.1 256.7 252.2 251 251.4 253.4 256.4 260.2 265.8 271 272.2 270.9 270.9 273.5 276.8 279 283.3 287.8 289.9 289.1 283.1 277.7 272.3 264.6 260 255.6 249.3 245.9 241.6 234.4
399.2 393.5 385.2 376.7 370.9 369.3 368.1 371 379.5 386.8 394.7 406.4 415.5 421.1 429.8 423.5 418.2 414.9 409.8 406.3 397.4 390.3 372.6 366.7 346.4 328 310.8 301.9 296.8 291.8 286.8 280.1 277.5 264.8 254.1 253.8 252.7 252.5 254.1 261.9 270.7 274.7 278.4 283.2 284.4 282 276.1 268.2 262.6 257 251.4 250 250.1 251.5 254.1 257.4 261.9 266.8 266.8 266 266.2 268.9 271.4 273.7 278.7 283 282.9 279.6 279.7 279.8 277.4 269.2 267.1 263 255.9 252.1 247.5 240.1
394.1 386.7 378.4 369.2 364.9 361.7 363.6 371.8 380.1 390.4 399.3 406.5 416.7 421.3 424.5 421.4 421.4 421.3 421.1 414 405 394.8 383.8 370.4 351.1 332 316.7 309 303.9 299.5 293.3 283.8 280 273.3 258.8 254.5 253 253.4 253.7 252.5 258 271 275.1 279 279.5 278 273.3 265.6 259.4 255 250.5 249.2 250.6 250.1 252.2 255.3 258.4 260 260.6 261 262 264.2 266.6 269.1 274.2 276.8 276.4 276.2 282.4 283.9 280.3 279.3 274.7 268.6 262.5 258.7 253.2 243.9
386.4 379.2 369.5 362 359.4 359 365.2 373.6 383 394.1 405.1 411.1 417.2 421 419.3 421.4 422 422.6 421.7 417.4 409.7 402.3 393.8 377.7 358.4 340.5 328.4 318.6 316 311.3 305.1 297.6 285.2 275.6 272.2 265.6 259 253.5 252.7 251.8 251.4 264 273.1 275.4 274.9 272.3 268.5 263.8 258.5 254.2 250.2 250.6 249.2 248 250.2 253.2 255.3 256.3 255.2 255.5 257.4 260.2 262.5 264.8 268.6 270.9 271.1 275.1 285.6 289.6 284.3 285.9 279.4 273.9 272.6 265.9 259.5 247
