data/NT42.asc
ncols 200
nrows 200
xllcorner 340000
yllcorner 620000
cellsize 50
[rows 140 to 174 of 200, columns 78 to 155 of 200]
298.2 295.7 293.1 290.4 284.5 279.7 274.2 272.1 273.6 277.5 284.6 285.3 284.5 298.2 306.8 303.7 298.8 300.7 300.9 296.4 288.8 282.9 279.3 274 275.6 273.2 270.1 269.6 274.7 263 262.6 266 265.5 258.1 243.9 240.8 239.7 238.1 241 252.1 267.2 268.7 266.5 256.9 245.6 242.8 241.2 244.2 249.5 256.3 259.2 254.9 249.6 240.9 234.4 230 224.5 218.3 212.1 213 222.8 235.8 241.9 244.3 246.8 241.9 228.5 212.7 203.8 198.2 193 187.8 182.9 177.2 174.5 168.6 168.3 168
298.8 296.1 294.3 291.3 286.7 280.9 273.5 268.6 267.2 266.8 269.9 270.7 281.2 294 299.9 296.2 299 301 300.6 294.2 287.2 284 279.8 276.4 271.9 264.4 261.3 264 261.8 257.9 261.4 263.8 261.7 256.4 247.9 239.4 238.8 235.9 235.7 242 254.8 260 255.3 247.4 241.1 239.6 237.8 239.1 245.7 249.3 249.9 251 244.2 236.1 231.4 228.7 223 216.8 209.7 210.5 212.2 220.7 225.9 227.4 223.1 213.1 203.1 200.8 196.7 191.8 185 178 173.5 169.7 168.9 168.1 168 168
299.4 296.4 293.6 290.6 286.2 282.2 276.8 271.1 267.4 263 262 263.8 270.4 285 288 296.6 301 300.2 300.9 296.1 291.1 288.7 285.7 282.6 278.8 273 266.1 260.5 255.2 254.1 254.9 257.5 255.8 255.1 252.9 244.7 240.7 236.9 234.1 236.7 240 242.4 238.4 236.1 236 236.8 235.3 234.1 239.4 244.1 244.1 242.4 239.1 234.4 229.7 224 220.3 216.1 211.8 209.8 204.4 203.5 204.4 204 200.3 199.3 197.4 193.6 188.8 182.4 175.3 171.5 168.8 168.3 168.2 168 168.1 168.1
298.7 295.2 291.8 288.5 284.8 281.3 278.2 274.5 269.9 263.9 260.2 260.2 262.8 272.5 285.7 295.4 299.1 304.2 306.9 304.9 300.2 296.6 293.5 288.5 284.7 281.6 275.4 266.9 260.3 254.9 251.1 251.2 254.3 260 259.4 253.1 242.7 239.4 234.3 231.6 233 230.7 229.7 230.7 232.8 233.8 232.1 230.8 231.9 231.6 232 234.8 236 235.9 232 223.9 219.6 216 212.9 209.3 203.2 198.1 194.8 193.8 193.2 191.5 189 185.5 179.5 173.3 172.1 169.8 168.9 168.2 168.1 168 168 168.2
297.8 293.7 290 287 284.4 281.2 278.4 275.3 271.5 266.8 262.2 259.6 262.4 266.9 279.5 289.9 299.6 307.2 309.9 306.9 304.4 300.2 297.6 294.3 289.8 284.7 278.1 271.7 266.4 260.5 254.4 250.4 251 254 254.4 252.3 246.1 238.4 233.3 230.1 229.1 226.7 225.7 228.3 231.2 230.6 226.5 224.6 221.4 220.6 221.3 225.4 232 235.9 233.6 228.3 221.5 216.2 213 210.1 203.5 198 191 186.6 185.9 184.5 179.6 175.9 173.6 171.7 171.3 170.3 169 168.2 168 168 168 168.1
294.7 291.5 288.7 286.1 283.5 280.8 279.3 276.8 273 268.3 264.4 259.7 260.9 264 268.1 281.6 293.3 301.2 301.8 303.1 302.5 299.5 299.9 296.1 289.6 284.1 278.7 274.5 269.3 264.2 258.5 250.5 244.3 245.2 246.8 246.4 240.6 234.6 230.4 229.1 230.1 230.3 224.6 224.8 222.7 219.9 215.3 215.4 212.7 211.9 212.9 216.4 227.5 233.9 233.5 229.5 221.9 213.9 207 202 195.2 190.2 185 181.1 179.1 179.2 176.4 174.4 174 171.4 170.7 170 169.3 168.3 168 168 168 168.1
293.7 291.1 288.3 285.3 282.6 280.4 279.5 276.1 272.2 268.6 264.8 260.9 257.3 261.3 263.3 267.9 278.5 292 295.2 298.8 294.9 295 294.5 290.3 285.4 280.7 278.2 275.4 269.9 264.3 258.7 250.6 245.8 239.3 237.6 233.7 233.3 231.7 233.2 233.9 233.8 233.4 233.2 230 230 231.6 229.7 228.2 222.4 213.9 206.6 207 216 226.4 224.7 219.4 214.9 207.4 200.7 196 190.2 185 183.1 180.3 178.9 178.8 178 175.5 173.8 172.1 170.9 169 168.7 168.2 168 168 168 168.8
293.6 290.4 286.9 283.6 280.6 277.8 275.8 273.7 270.3 267.3 264.3 261.3 254.2 259.9 262.2 264.1 267.3 273.6 280.5 286.7 286.3 287.1 287.1 284.3 280.1 278.4 277 275.2 268.1 262.1 256.7 249.8 242.3 239.3 234.2 233.9 234.3 235 236.4 237.2 237.4 237.5 238.4 237.5 235.3 233.4 233 230.5 226 220.9 214.5 207.5 204.1 209.5 210.7 208.4 203.3 196.6 192.1 189.2 187.1 186.3 186.6 185.4 183.9 182.4 179.5 175.1 173.2 171.1 169.1 168.6 168.4 168.2 168 168 169.8 173.6
290.9 286.1 283.5 280.5 277.8 274.8 272.4 270.7 268 265.3 262.4 258.7 251.9 257.4 259.4 260.1 260 260.9 266.4 269.6 274.2 276.8 277.2 275.4 276 275.3 272.1 268.7 264.1 259.4 254.6 251.4 249.1 247.7 244.2 239.4 238.4 238.3 239.6 239.9 240.3 240.9 242 242.4 239.2 236.6 234.8 234.4 232.1 227.5 223.4 218.3 212.3 202.4 199.1 194.3 197.5 201.2 198.3 196.8 195.6 194.1 191.8 190.2 186.9 181.9 176.4 172.5 171.8 170.4 168.9 168.2 168.1 168.1 168.3 169.9 177.3 179
288.4 284.2 281.4 277.7 274.5 271.2 268.7 266.7 264.1 261.3 259 256 248.8 254.4 255.9 254.8 254 253.7 254.8 258.5 266.5 267.3 267.5 268.5 269.8 268.6 267.1 260.8 256.8 254 254.7 254.7 254.9 254.8 250.1 246.2 243.8 243.5 242.7 242.7 243.8 244.8 245.7 246.2 242.6 240.4 239.6 238.3 233.6 230 226.3 222.9 219.5 215 208.9 207.8 207 206.4 204.3 201.2 199 194.8 191.9 188.4 183.9 178.3 174.1 172 170.7 169.6 168.8 168.4 168.3 168.3 168.6 176 182.8 187
285.4 281.3 277.5 272.7 269.8 267 264.6 262.1 259.5 256.5 253.1 248.1 245.9 251.2 250 248.9 248.5 247.9 246.9 246.8 248.5 250.5 254.4 259.6 259.9 258.4 254.9 247.4 248.5 246.1 251.7 256.9 260.5 257.6 252.4 249.3 248 248.5 247.6 247.1 249 250 251.2 252.3 249.1 247.5 245.3 238.5 232.6 227.6 223.7 219.5 217.5 215.1 211.6 210.6 208.2 204.6 201.5 197.9 195 191.3 186.9 184.1 181.1 179.9 175.5 173.1 171.1 170 169.1 168.8 169.6 168.6 177.5 188.4 191 194.6
279.9 276.9 272.2 267.8 264.9 261.8 258.3 255.7 253.2 248.4 246 240.5 243.8 245.4 244.2 244.3 243.8 242.6 242.2 241.3 238.6 236.9 239.1 240.9 240.6 238.7 234 233.3 232.1 237.1 246.1 255.9 257.7 254.5 255 254 253.5 253.3 254.5 254.4 254.8 255.2 257 255.9 253.1 248.4 243.4 237.8 232.2 224.6 219.4 216.5 214.6 212.2 209.7 207.4 205.3 201.5 199.1 194.9 192.9 189.4 187.5 183.2 180 180.8 178.8 174.3 171.5 169.9 170.2 169.4 169.1 176.4 190.9 194.2 196.3 198.6
271.5 267.8 263.7 260.3 257.7 254.9 250.4 247.6 244.1 238.7 238.1 235.5 240 240.6 239.2 239.8 238.3 238.3 236.9 234 231.5 228.4 222.4 217.3 216.6 214.1 213.3 211.7 212.9 222.3 236.7 249.4 256.2 258.8 260.2 259.8 259.5 258.7 259.4 258.7 259.4 260.6 259.6 256.2 252.8 248.2 244.8 237.1 229.5 221.7 216.2 214 212.2 209.9 208.5 205.8 203 200.4 199.6 197.3 195.8 194.7 195.4 192.2 185.6 179.4 177.4 174.7 172.8 171.1 170.5 169.1 168.2 186.1 194 198.5 204.1 207.9
259 254 255 252.4 249.7 248 244.3 239.4 236.1 233.2 232.9 231.3 235.3 235.3 229.6 227.9 228.9 227.3 225.6 219.9 218.9 218.9 216.5 219.6 223.2 220.5 227.8 221.3 214.1 209.4 221.2 243.5 257.7 262.8 265.1 264.9 264.1 263.1 263.2 264.1 265.2 265.2 261.6 260 254.8 248.8 242.8 235.1 228.4 221.8 219.4 217.2 214.9 212.5 213.1 209.6 206.8 205.5 206.3 205.3 204 201 194.9 189.8 183.9 177.6 174.1 174.6 174.6 173.5 172.6 169.9 172.4 188 197 210.3 215.3 220.4
240.5 240.1 242.8 241.9 240.7 239.3 235 232.5 231.3 229.3 228.9 229 228.9 229.6 232.7 230.9 227.8 227.5 226.4 225.8 220.9 222.4 229.2 230.5 234.4 233.9 235.2 231.9 224.8 211.9 208.9 232.6 253.2 263.9 268 269.4 268.6 266.6 269.7 271.2 270.6 265.2 262.8 259.1 256.4 251.5 244 235.8 229.9 225.8 226.8 225 224 226.3 218.5 213.7 211.1 210.8 213.3 210.5 203.1 195.4 190.5 185.3 179.9 175.4 173.2 174.4 177.2 177.9 174.2 173.5 181.3 192.3 205.1 216.2 223.8 229.7
238.9 238.5 237.8 239.3 232.9 233.5 233 232.1 230.1 228.5 228.2 231.5 239.4 243.8 244.9 242.4 239.5 239 237.2 237.6 235.6 235.7 238.3 239.2 239.8 241.7 241.3 235.2 227.5 217.7 208.4 219.9 243.2 260.6 269.6 271.7 269 272.5 275.3 270 269.4 266.5 263.7 261.6 258.6 251.9 246.3 238.8 232.5 236.8 235.8 233.8 233.6 223.7 217.4 217 217.5 219.6 211.9 204.2 194.6 189.9 185.1 179.9 174.9 173.1 173.9 177.3 181.2 183.3 179.6 178.7 184.5 197.5 211.6 221.9 228.2 231.4
246.6 245.5 244.6 246.7 247.8 242.2 237.9 239.7 237.8 235.3 234.8 242.3 248 250.3 249.8 248.9 246.9 245.8 244 242.8 242.6 243.3 246.8 247.1 246.4 246.9 243.2 235.4 227.1 220.4 210.2 208.3 230 250.9 264.3 268.8 270.7 271.1 271.1 270.9 270.9 268.5 266.2 264.7 260.6 253.5 250.5 245.4 243.1 246.6 243.5 241.9 227.7 219.7 218.2 220.6 219 209.8 198.2 189.1 186.6 181.9 175.8 173.3 173 174.1 177 181.5 185.1 187.8 186.7 185.7 189.5 201.9 213.8 224.6 228.1 230.5
252.6 250.6 249.7 250.1 250.1 248 246.8 247.2 245.4 241.6 242.1 249.5 254.7 256.1 256.2 255.8 253.2 250 248.4 247.8 248 249.9 252.5 252.3 252 249.9 245.5 237.7 225.5 218.4 211.6 205 214.1 238.8 255.5 264.1 266.4 267.5 270.8 270.7 270.6 269.6 269.4 267.8 261.5 260.4 259.8 258 253 250.2 244.1 237.1 222.2 218.2 212.7 205.4 203.1 193.4 184.5 177.9 175.2 173.2 173.7 175.4 176.6 179 182.1 187 190.6 192.5 193.6 193.1 195.8 202.5 213.1 222 226.1 232.3
259.5 256.8 255.5 254.6 253 251.5 254.1 254.9 252.1 249.7 253.2 259.2 263 263.6 262.1 259.3 255.5 253.1 255.1 253.7 254 255.7 255.9 255.8 256.2 256 251.5 242.5 226.7 214.7 209.1 204.7 203.5 225.3 245.2 252.1 259 265.1 267.6 269.9 273.7 276.6 276.8 270.7 268.9 268.4 269.8 260.2 260.2 247.2 240.9 229.2 218.7 211.2 201.6 193.6 187.6 180.8 174.8 174.3 173.3 173 181 183.7 183 184.3 187 191 194.8 198.1 200.4 201.1 201.6 204.6 210.9 216.9 225.6 235.2
265.7 265.2 261.8 259.6 258.9 259.2 260.6 260.5 257.4 258.7 261.3 266.2 268.4 267.7 264.5 261.8 258 256.7 257.5 254.1 259 259.5 260 261.4 261.3 259.1 256.1 247.1 230.8 215.7 207.9 203.2 203.1 211.5 228.9 237.2 244.8 251.6 259.5 271.1 275.3 274.8 274.9 274.6 274.4 273.1 270.3 258.6 250.2 239.7 230.8 220.1 208.6 199.6 192 184.6 177.8 174.1 174.1 174.1 173.9 178.5 184.3 184.7 186 188.5 190.3 193.2 197.2 201.2 206 205.8 205.1 208.6 211.5 216.6 225.1 240.5
271.3 270.2 267.3 265.9 266.2 264.7 266 267.1 266.5 266.9 269.1 271.7 270.2 266.4 263.9 259.3 258.9 259.5 260.7 259.3 263.2 264 265.1 263.8 262.4 258.4 258.8 250.9 240.9 222.4 207.6 202.2 200 205.3 209.2 215.4 221.7 241.6 258.4 267.8 271.4 274.4 273.9 277.5 274.7 274 264.3 247.8 242.9 232.5 216 212 200.3 191.7 186.1 175.8 173.4 173 174 173.8 173.6 174.3 181.5 185.7 187.9 190.6 193.4 195.5 199.1 202.5 208 210.7 208.8 210.6 213.1 216.8 233.9 244.5
278.8 276.4 273.4 272.1 272 274.3 278.2 279.3 277.4 278.1 276.6 275.7 272.2 268 265.1 262 262.1 266 264.4 262.4 264.7 266 262.7 259.1 259 254.6 255.3 252.7 242.7 231.8 213.2 202.4 200.6 201.8 200.3 203.5 219.2 238.1 254.2 262.9 270 273.7 269.3 269.1 270.4 265.4 258.1 240.9 232.3 216.7 208.3 200.9 191.9 184.3 178.2 175 173 173.5 174.2 174.1 173.2 173.6 178.7 185.3 189.8 192.5 195.3 197.4 199.6 202.5 206.8 210 208.5 209.1 210.9 219.4 231.9 239.9
282.2 282.5 281.2 280 278.4 284.8 287.6 288.2 285.9 283.3 280.2 278.8 275.3 271.1 269.9 265.3 266.9 270 267.5 264.4 263.4 263.2 254.4 253.2 246.2 246.3 247 242.9 243.7 243 228 208.6 199.5 200.4 200.3 200.5 218.3 235.4 248.3 262.8 268.7 270.8 270.9 270.9 269.9 260.3 251.8 237.5 223.2 210.3 200.5 194.4 184.5 178.1 176 174.2 174.9 175.1 174.4 173.6 173 173.1 180.8 187.9 192.9 194.8 196.9 199.4 199.6 202.4 206.7 210.6 207.5 206.6 210.5 216 223.7 231.9
287.1 287.7 285.4 283.3 285.2 287.8 291.1 290.2 291.6 289.1 285.4 281.9 278.9 277.2 274.2 269.2 270.7 269.9 268 262.8 259.2 254.3 247.7 240 231.8 231.9 235.8 239.8 239 239.1 233.1 220.7 201.5 199.9 200.1 200.3 214 232.7 248.1 259.3 264.4 270.2 269.9 269.2 264.6 256 246.8 232.8 216.6 201.6 190.6 184.5 177.7 175.7 175.2 174.1 174.6 175.4 174.9 174.1 175.5 181.5 190.2 197 198.1 198.2 200.1 200.8 200.9 203.8 209.3 210.7 204.9 205 208.4 213.1 219.2 227.7
292.4 289.7 287.4 286.8 290.2 292.2 296.2 299.5 297.4 293.1 289.2 285.6 282.3 279.9 275.8 276.2 273.4 269.8 265 260.6 253 247.6 241.9 233 224.9 222.9 224.9 226 231 233.9 230.3 220.5 202.7 198 199.2 201.5 214.9 231.7 244 253.6 258.7 263.9 264.2 264.6 259.2 250.6 240.7 225 210 192.2 182.3 177 176.2 176.1 176.2 175.8 176.1 175.9 174.4 177.3 183.5 192.3 200.3 204.6 202.5 201.9 202.2 201.6 202.7 206.1 210.8 210.4 206.4 204.2 206 210.4 215 220.6
296.7 292.6 289 290.6 294.7 299.1 304.7 305.3 301.1 296.7 292.7 289.2 285.8 282.2 280.4 277.6 272.7 267.9 260.9 254.9 249.7 244.9 239.9 234.1 225.3 216.4 213.5 218.8 220.3 220.2 220.8 215.4 202.1 198 198.4 202.4 211.3 225.9 234.3 244.9 247.9 252.6 256.6 257.8 252.5 245.1 231.4 216.2 201.9 186.8 178.9 176.2 176.1 176.1 176.1 176.4 176.6 174.3 176.8 183.6 193.7 202.1 209.5 209.7 206.2 205 203.7 204 205.1 207.4 211.4 212.1 209.8 204.3 205.7 209.8 216.3 221.9
301 297.6 295.6 296.9 306.4 310 310.3 306.2 302.6 299.1 294.9 291.3 288.3 284.3 280.5 274.5 269.1 263.1 257.1 250.7 245.7 242.7 237.6 232.6 225 215.1 210.1 205.4 203.4 205.8 207.8 208.5 201.8 198.7 199 203.5 210.6 219.2 228.6 236.4 242 250.4 252.1 250.5 243.7 232.4 222.2 209 196.4 185.2 177.9 176.6 176.3 176.1 176.1 176.2 176 174.7 181.1 193 203.9 211 210.7 209.1 206.2 204.4 204.1 204.9 207.2 210.7 213.8 214.4 213.8 210.6 208.3 215.8 218.5 230.4
306.6 305.8 303.7 306.8 312.6 314.3 311.1 307.9 305.4 300.3 295.9 292 287.8 283 276.9 271 264.8 258.2 251.8 247.8 243.4 240 235.7 231.3 226.9 219.4 210.7 204.5 198.9 198.1 197.5 198.5 198.7 197.6 199.5 206.5 210 214.3 220.2 226.3 234 239.3 239.8 235.4 226.8 222.4 217.3 205.5 195.1 184.2 179.3 177.2 176.6 176.6 176.3 176.1 175.8 177.7 189.2 202 211 209.5 209.4 206.7 203.3 203.1 204.7 206.8 209.4 211.3 214.2 217.2 218.7 216 211.4 214.1 223.9 240.4
316.8 316.8 314.8 315.3 315.7 315 312.5 309.9 305.8 299.9 294.6 290.3 284.2 278.2 272.6 266.8 260.3 253.5 248.5 244.7 241.1 237.5 233.8 229.7 225.8 220 211.6 205.7 200.4 198.1 196 195.5 195.2 196.1 202 207.7 209.5 212 212.9 212.3 217.1 221.2 220.3 219.8 221.8 220.5 212.2 202.2 191.3 185.1 180.4 176.7 176.1 176.1 176.1 176.1 177 181 192.9 204.1 204.1 209.4 209.5 205.3 199.1 202 205.6 208.3 210.8 212.5 214.1 219.3 220.6 220.6 213.6 215.5 230.4 243.8
322.3 323.5 322.8 320.7 318.8 315.7 311.9 307.4 302 296.9 291.8 285.9 279.9 273.5 268.1 262 255.6 249.3 246 242.8 239.2 235.6 231.8 227.8 223 218.1 210.1 206.4 199.8 198.6 197.5 195 194.6 199.3 205.9 207.5 210.2 210.2 207.1 204.8 202.9 205.4 211.9 218.5 219.5 215.3 207.3 197.5 192.5 185 179.5 177.1 176.3 176.1 176.1 176.2 179 184.6 195.2 202.9 206.1 208.4 204.1 199.1 199.3 202.8 206.2 208.7 211.4 213.4 215.2 220.4 221.1 221.2 214.5 214.1 231.9 241.1
325.8 327.4 324.8 321.2 318.4 315.1 310.3 304.8 299.1 293.1 287.4 281.4 275.1 268.7 263.5 256.2 250.6 245.3 242.8 240.7 236.3 233.4 230.4 226.3 219.8 211.3 205.2 200.4 202.1 200.1 199 194.4 193.6 198.6 204.1 206.2 207.8 206.9 204.1 201.3 198.5 198.9 205.5 213.1 215.2 210.7 204.5 197.5 189.7 181.6 178.7 177.2 176.9 176.5 176.4 177.2 181 190.5 198.7 205.9 204.2 200.7 196.9 204.4 202.7 202.8 205.7 209.2 212 214.3 217.2 220.1 221.3 222.1 218.8 213.8 226.1 242
325.7 324.8 322.5 318.8 315.1 311.5 306.5 300.4 293.5 287.1 281.4 275.2 269.2 263.9 258 253.1 247.3 243.3 239.8 237.3 233.5 231.4 229.7 224.8 212.3 214.6 219.9 215.8 209.7 205.3 202.6 197.3 193.1 194 200.6 203.8 204.4 203.5 201.2 198.8 195.8 195.1 198.3 205.8 208.3 205.7 199.4 192 184.1 180.5 178.5 177.8 177.3 177 176.8 177.9 180 188.9 197.8 200.6 198.7 200 207.6 207.3 206.2 204.7 204.3 208.4 211.8 214.3 215.2 216.4 217.5 220 220.8 218.3 220.8 230
319.7 319.6 317.9 314.4 309.7 305.6 299.3 293.1 284.5 279.1 274.8 271 267.3 262.7 257.8 252.2 246.7 240.6 237 233.9 230.8 228.8 225.6 220.2 210.4 223.5 229 226 215.8 209.5 205.7 201.8 194.7 193 194.2 199 200.2 200.1 198.8 195.7 192.3 189.8 189.2 194.2 199.5 197.4 189.1 184 182.7 180.3 179.1 178.7 178.2 177.4 177 177.5 179.5 185.4 191.9 189.8 200.3 208.5 209.6 210.3 208.5 206.2 204.6 206.8 210.4 212.2 213.3 214 214.6 217.6 220.7 222 222.9 225.3
312.6 311.2 309.1 306.5 303.2 297.1 291 284.5 279 276.6 274.5 270.2 265.7 264.1 259.2 253.4 247.1 240.7 235.1 231.3 228.6 225.9 223.4 216.2 214 229.5 233.2 232 224.8 216.4 209.6 204.9 201.7 195.3 193.9 194.3 194.3 197.8 196.3 191.6 188.8 187.1 186.4 186.9 188.1 186.4 182.6 181.5 181.7 180.9 179.3 179.2 178.3 177.4 177 177.4 179.7 181.3 184.6 193.7 208.5 213.2 213.7 214.3 211.7 209.2 206.8 206.7 209.2 210.1 211.3 211 211.8 215.5 219.7 223.7 225.6 226.1
300.7 300.1 298.1 292.9 289.3 285.5 283.8 281.2 278 275 273.5 272.5 269 265.7 260.9 254.8 246.3 239.1 233 230.1 227.7 225.3 222 216.5 218.6 233.4 241.6 242.6 236.5 226.9 217.4 209.3 206.2 201.9 196.9 190.4 189.2 190 191 188.8 187.3 185.6 185.3 184.4 183.5 182.3 181.6 181.2 180.7 180.1 179.9 179.4 178.7 177.9 177.3 178.5 180.7 181 189.2 203.7 213.7 218.7 218.2 217.5 215 212.5 210.5 208.4 209.4 209.2 208.8 208.9 210.2 212.8 216.9 219.7 221.5 223.2
