data/NT46.asc
ncols 200
nrows 200
xllcorner 340000
yllcorner 660000
cellsize 50
[rows 105 to 139 of 200, columns 0 to 78 of 200]
149.6 154.7 157.2 159.6 158.3 158 160.4 160.6 159.3 159.1 160.2 159.2 159.4 159.1 159.3 159 158.8 158.9 159.4 161.1 160.1 159 158.4 157.4 156.6 156.3 156.4 156.8 156.5 155.3 156.3 157.3 158.2 158.7 159.1 158.9 158.3 158.2 157.8 157.4 158.9 161.1 164.6 165.8 167.2 168.3 168.4 169.1 168.6 168.4 168.2 167.9 168.3 169.2 169.8 169.5 169.3 169 169 170.2 170.3 170.6 170.7 170.8 170.7 168.7 166.9 165.8 165.2 164.5 164.1 164.3 163.6 163.2 162.7 161.3 161 161 163.1
153.6 157.1 160.7 160.6 159.2 160.4 160.3 160.2 159.3 162.7 163.8 161.5 160.5 160.3 159.9 160.9 162.3 163.1 163.4 162.6 161.6 160.7 159.7 158.2 158.6 158.2 158.2 158.6 157.8 157.3 157.7 158.1 158.1 158.7 159.2 159 159.2 159.3 159 158.8 159.6 162.4 165.7 167.8 169.3 170.4 170.1 170.6 169.2 169.2 169.2 168.9 168.7 170.4 170.2 170.7 170.6 170.1 170.8 171.2 171.5 171.8 170.7 170.8 170.5 168.4 166.3 165.6 165.4 164.1 164.2 164.2 164.3 163.6 163.2 162.1 161.4 162.7 163
156.3 160.2 161 160.8 160.9 161.6 161.7 161.1 163.5 166.1 166.4 166.1 165.2 165.7 165.3 165.4 165.4 165.5 165.3 164.7 163.2 161.6 159.6 159 159.6 160.3 160.2 159.8 158.9 158.3 158.4 158.8 159 159.1 159.3 160.5 160.8 161 159.8 160.7 162.6 164.4 168.2 170.1 171.1 171.2 171.4 170.3 169 169 169 169 169.2 170.5 172 172.8 173.1 172.7 172.9 173.4 173.8 172.9 170.5 170.7 170 167.8 165.8 164.9 164.3 164.7 165 166.2 166.8 165.1 164.1 163.7 163.1 163.4 165.1
160.7 161.5 162.6 162.5 163.1 163.4 163.5 164.5 166.5 167.9 168.6 168.7 168.4 168.9 170.2 169.9 167.6 167.2 166.6 165 163.4 161.9 160.9 160.5 160.4 160.5 161 159.2 159.1 159.3 159.1 159.2 160.6 161.8 162.1 163.2 163.8 163.5 163 163.2 165.6 167.4 170.2 171.7 172.6 172.9 172.6 171.2 169.6 169.7 169 169 170.3 171.8 173.3 174.8 175.3 173.9 175 175.5 175.2 173 170.4 169.7 169.3 167.6 165.9 164.7 165.9 168.4 169.4 169.8 169.5 168.4 166.6 166 165.6 165.1 166.7
161.3 163.1 164.4 164.4 164.6 165.3 164.8 166.5 168.4 169.5 170.4 170.8 171 170.6 170.6 170.5 169.4 168.3 166.7 165.2 164.2 162.7 162.1 161.7 161.6 160.9 159.8 159.1 159.1 159.1 159.1 160 161.4 162.7 163.9 165.5 166.3 165.9 165.5 165.5 167.6 170.5 171.8 173.4 174.2 174.6 173.7 172.3 170.8 171 171.1 170.6 171.7 173.1 174.5 175.8 176 176 176 176 174.7 172.7 170.6 169.7 168.9 167.7 167.6 167.4 168.5 171.6 173.7 175.3 174.9 174 170.9 169.3 170.3 171.8 171.6
162.8 164.8 165.8 165.8 165.5 165.9 166.7 168.2 170.1 171.1 172 172.9 172.7 171.5 170.8 170.8 170.4 168.2 166.4 165.7 164.9 163.6 163.2 162.9 162.6 162.1 160.9 159.4 159.1 160.1 160.2 161.3 162.4 163.6 165.1 167.4 168.7 169 168.6 169.1 170.8 172.8 174.3 175.1 175.8 176 174.5 173.3 172.6 172.7 173.9 173.3 173.1 174.3 174.1 176 175.9 175.8 175.9 175.9 174.3 173.3 170.4 170.1 168.8 168.4 169.4 168.7 169.5 174.2 177.9 180.3 178.7 176.2 175 174.6 176.5 178.6 175.6
164.3 166 166.6 166.6 166.3 166.7 167.5 169 170.9 172.6 173.6 174.4 174.1 172.5 170.9 170.2 170 168.2 166.5 165 164.6 165 164.4 164.1 163.9 163.6 162.6 161.6 161.1 161.6 161.7 162.7 163.8 164.9 166.8 168.8 170.9 171.1 171.2 171.7 173.6 175.4 176.2 176.3 176.1 175.9 175.7 174.7 174.5 174.4 175.5 175.3 174.4 174.1 174.1 175.1 175.4 175.6 176.6 176.1 175.3 172.7 170.5 169.3 169.3 169.1 170.7 171.1 173 176.3 179.8 179.5 179.5 177.8 177.7 179.5 180.5 179.7 177.5
165.5 166.5 167.2 166.8 166.5 167.1 168.6 170.2 171.8 173.4 174.9 175.7 174.5 172.5 171 169.4 169 168.5 168 167.1 167.1 166.9 166.3 165.8 165.4 165.1 164.1 164 164.4 164.5 163.4 164.1 165.1 167 168.8 170.6 171.7 173 173.7 173.9 175.6 177.3 177.7 177.5 177.1 176.9 177.2 176.7 176.8 177.1 178.1 178.1 176.3 174.5 174.1 174.7 176.2 178.4 179.8 177.2 174.2 172 169.3 169 169 171.4 174.9 176.3 177.6 179.7 180.7 179.1 179.4 179.2 179.1 179.2 179 179 178.8
165.7 166.6 166.7 166.8 166.9 168.3 169.7 170.8 171.9 173.1 174.8 174.4 173 171.2 170.2 169.2 169 169 169.7 169.6 169.5 168.9 168.2 167.6 166.5 164.8 164.1 165.7 166.7 166.5 164.7 165.5 167.2 169 170.8 172 173.2 174.3 175.4 176.4 177.6 178.9 179 178.9 178.5 178.7 179 179.2 179.5 179.8 180.3 180.7 178.8 176.2 174.4 175 178.1 180.4 180.6 179.5 175.8 173.2 171.8 172.9 174.8 175.9 178.5 179.5 180.2 181.1 180.6 180.6 180.2 180.6 180.4 179.1 179 179 179.8
166.2 166.7 166.8 166.9 167.5 168.8 169.9 170.6 171.3 171.8 172.3 171.8 171.2 169.9 169.8 169.2 169 170.4 171.7 172 171.4 170.8 170.3 169.8 168.7 167.4 167.5 168.3 169 168.6 167.6 167.8 169.7 171.5 172.4 173.4 174.6 175.7 176.8 177.9 180.4 182 182.2 180.7 179.7 180.9 181.6 181.9 182.2 182.6 182.7 181.3 179.7 177.5 176.4 176.6 178.4 179.5 180.9 180.9 179.5 175.7 174.2 174.8 179.7 180.4 180.6 181.4 182.2 182.2 181.7 181.6 180.4 180.7 180.8 180.1 179 179 179
166.6 167.1 167.2 167.3 167.9 169 170 170.8 171 171.1 170.9 171 169.6 169.7 169.2 169.6 172 173.9 174.4 174.2 174 173.9 173.5 172.9 172.2 171.5 171.5 171.8 172.1 171.2 169.3 171.4 173.1 174.3 174.9 175.6 176.3 177.1 178.3 179.1 183.5 185.6 185.6 185.2 184.1 183.4 184.2 184.6 184.9 184.9 184.3 182.8 181 178.7 178.7 178.5 178.5 179.8 181.1 181.3 181 179.9 178 177.4 180.1 181.7 181.5 182.2 183 183.2 182.9 182 180.6 180.6 180.6 180.9 180.3 180.5 180.9
167 167.5 167.6 167.9 168.4 169.3 169.6 171 171.2 171.4 171.1 170.3 169 169 170.6 173.5 175.9 176.4 176.7 176 175.8 175.7 175.6 175.5 175.9 175.3 175.2 175.7 175.9 173.9 171.9 175.4 175.2 175.6 176.1 177.4 178.1 178.9 179.8 181 186.7 187.6 188.5 188.8 187.6 186.9 187.4 188.2 188.7 188.9 187.9 184.4 183 180.9 179.5 178.9 179.6 180.4 181.3 182.3 182.2 180.8 179.9 179.4 181.7 183.4 183 183.1 183.8 184 183.5 182.2 180.8 180.5 180.5 181.2 181.1 180.3 179.3
167.4 167.9 168.3 168.9 169 169.2 169.5 171.5 172.2 172.2 171.9 171.5 170.5 172.1 175.2 177.4 179.2 179.1 178.7 177.9 177.6 177.6 177.6 177.7 179.1 179.3 177.1 176.2 175.3 174.7 174.5 176.1 176.9 177.2 177.5 178 178.7 180.2 181.4 185.5 190.7 191.9 192.3 193.1 191.5 190.1 190.5 190.9 191.2 190.9 190 188.3 185.9 183.3 181.6 180.9 181.7 183.1 184 184.2 183.2 182.2 180.6 181.5 183.4 185 184.6 184.3 185 185.5 184.1 182.6 181.3 180.6 180.7 180.7 180.6 180.4 179.1
167.7 168.6 169.2 169.5 169 169 170 171.6 173.1 173.4 173.6 173.5 173.4 175 178.2 181.5 183.3 183.1 182.1 181.2 180 179.6 179.5 180.2 180.8 180.7 178.1 176.6 175.6 175 176.2 178 178.9 179 179.1 179.3 180.2 182 184 189.2 194.3 196 196.6 197 196 194 193.7 193.6 192.6 192.3 191.9 191 188.7 185.7 184.2 183.3 184 185.3 186 185.5 184.4 183.3 183 183.9 185.2 186.9 186.9 186.2 185.8 184.7 184.7 184.1 182.1 180.8 180.7 180.6 180.8 180.9 179.4
168.9 170.4 169.4 169.1 169.3 169.8 171.3 173.1 174.4 175.1 175.6 175.4 175.7 177.7 180.7 183.6 185.9 186 185.6 185.2 185.1 184.2 181.9 181 180.8 180.2 178.8 177.5 177.1 178.3 178.8 179.9 180.7 180.6 180.8 181.6 182.8 183.8 187.6 192.9 198.7 199.8 200.3 200.5 199.5 196.9 196.4 195.4 194.4 193.7 194.2 193.9 191.7 190.9 188.8 184 184 185.3 185.9 186.5 185.4 185.5 185.4 186.8 188.1 188.8 188.9 188 186.4 184.2 184.9 183.2 181.8 181 180.6 180.6 180.7 180.8 180.9
170.4 170.7 170.5 170.8 170.8 171.4 173 174.9 176.2 176.8 177.3 177.7 177.7 180.6 184.2 184.3 184.9 187.7 186.9 186.2 186 185.5 182.7 180.5 179.6 179.7 179 179.5 178.5 179.9 181.3 182.2 182.4 182.3 182.9 184.2 185.6 187.4 191.2 196.7 201.2 201.8 202.3 202.1 201 199.2 197.9 196.7 195.8 195.3 195.8 195.5 194.1 192 190.5 187.2 186.7 187.2 187.3 187.2 186.2 187.2 187.8 189.1 190.5 190.2 190.1 189.8 187.9 185.3 184.5 183 182.3 181.5 180.7 180.5 180.7 180.9 180.9
170.6 172 172.9 172.8 172.7 172.9 174.8 176.7 178.1 179.2 179.7 180 180.3 182.9 185.8 187.1 186.7 188.8 187.9 184.9 184 184 182.6 180.2 180.1 180.2 181.2 180.9 180.4 181.3 182.7 184 184.1 184.3 185.7 187.3 189 191.8 197 200.7 204.8 203.7 203.8 202.8 201 199.4 199.1 198.1 197.3 197.2 196.9 195.9 194.9 192.6 190.5 188.9 189.2 189.1 188.8 187.8 187.4 188.4 189.5 190.8 191.2 191.7 191.6 190.8 188.4 185.8 184.3 183.5 182.7 181.9 181.1 180.6 180.7 180.9 179.4
172.5 173.9 174.4 174.5 174.5 174.5 176.9 179.4 180.1 182 182 182.2 183.1 185.5 188.9 191.7 192.8 191.9 190.4 188.9 186.2 185.4 185.1 185.1 184.5 184.1 184.1 183.2 182.4 182.8 184.1 185.3 187 187.8 189.4 191.5 193 195.7 201.4 205.8 209.6 208.6 205.1 203 201.4 200 199.8 199.4 199.1 199 197.7 196.2 194.6 193.1 191.8 190.7 190.5 190.5 189.4 188.7 188.6 189.4 189.3 190 192.1 193.1 192.6 191.1 189 185.9 184.4 183.8 183.1 182.3 181.5 180.9 180.6 179.9 179
174.9 175.5 175.7 175.8 175.8 177.1 179.3 182 184 184.6 184.5 184.7 185.6 188.6 192.2 194.4 196.2 196.7 194.8 191.2 189 187.3 187 187 187.2 186.5 185.7 185.1 184.1 183.8 185 188.1 190.5 191.4 192.6 195.3 197.5 200 203.4 208.2 212.4 213.7 207.6 203.9 202.5 201.3 200.2 201 200.9 200.3 198.8 195.8 194 193.9 192.8 192.1 191.7 191.1 190.6 190.6 189.1 189.4 189.8 190.2 192.3 193.9 192.4 190.6 188.1 185.8 184.5 183.9 183.2 182.6 181.9 181.2 180.9 180.5 178.6
176.6 176.8 177 177.2 178.3 179.6 181.6 183.9 185.7 186.3 187.1 187.7 189.5 192.4 195.4 198.4 201 198.6 195.5 190.9 189.2 188.8 188.5 188.5 189.4 189 187.7 186.3 184.4 184 186.9 190.4 193.5 195 196.5 198.8 200.9 202.8 205.1 209 210.8 210.9 209.3 206.1 204 202.8 202.2 202.8 202.4 201.3 199.2 194.6 193.9 194.5 194 193.4 192.9 192.4 191.8 191.2 190.5 190.4 190.2 191.1 193 193.9 192 190.9 188.3 185.6 184.5 183.9 183.2 182.6 182 181.4 180.8 180.7 179.2
177.6 178.7 178.8 178.5 179.7 182.2 184.9 186.7 187.8 188.4 189.1 191.2 193.6 196.7 199.4 201.5 201.3 199.8 196.1 190 189.1 189.8 189 189.7 190.7 191.1 188.1 185.8 184.5 184.7 188 191.7 195.9 198.8 200.1 202.3 204.2 205.4 207.4 209.7 211.1 210.9 210.1 207 204 203.9 204.5 204.3 203.7 203 200.1 196 195.8 196.1 196 194.5 194 193.6 193 192.3 191.5 191.3 190.8 191.5 193.9 193.4 191.1 189.2 187.6 185.6 184.4 183.8 183.2 182.5 181.9 181.3 180.6 180.9 179.4
178.6 180.3 179.8 180 181.8 184.8 187.5 188.8 189.9 190.6 191.4 193.9 197.5 200.1 202 202.8 201.2 199.7 197.9 194.4 189.3 191.1 191 190.4 189.8 189.1 188.8 187.3 186.1 186.7 188.6 192.7 198 200.9 202.3 204.1 206.4 208.1 210.3 212.2 211.6 211 210.3 208.9 209.1 207.7 207.1 207.8 205.7 204.2 200.5 198.5 198.2 198.6 198.9 197.2 195.5 195.3 194.7 193.7 192.7 191.9 191.2 191.5 192.9 191.7 189.5 187.9 185.7 184.3 183.8 183.2 182.5 181.9 181.9 181.4 181 180.9 179.6
179.9 180.6 181.1 182.8 184.4 186.8 189.6 191 192 192.7 194.1 197.3 200.5 203 204.9 204.3 202.8 201 198.7 196.4 192.7 191.1 191.1 189.1 189.1 189.1 189.6 188.7 188.5 189.2 192.9 197.7 200.7 202.3 203.8 204.7 208 210.5 213.3 213.6 213 212.5 211.9 212.4 211.9 212 210.9 210.6 208.9 205.5 200 199 199 199 201 200.6 199.1 197.1 194.9 193.9 193.1 192.2 191.6 191.1 190.3 189.3 186.4 185.2 183.6 182 182.9 182.2 181.6 181.6 181.8 180.7 180.6 179.3 179.9
180.8 181.7 183.4 185.1 186.8 188.6 191.2 192.9 194.1 194.9 198.1 200.6 202.7 204.9 205.9 205.7 204.1 201.9 199.7 196.2 193.1 190.1 189.6 189 189.1 189.1 189.1 190.7 190.8 193 195.6 199.3 201 202.7 205.5 207.7 210.6 213.5 215.6 215.1 215 214 213.7 215 215.4 215.6 213.7 211.4 209.7 205.7 201 199.5 199.7 199.5 200.6 200.9 200.1 197.5 195 194 193.1 192 191.2 190.6 188.6 186.2 184 182.4 180.7 179.8 181.2 181.2 180.9 182.3 181.7 180.6 179.8 179 179.6
182 183.7 185.3 187.4 189.1 190.7 192.7 194.5 196.4 198 200.8 201.9 203 205 205.9 205.2 204.5 203 199.9 194.4 190.5 189.1 188.8 188.8 189.1 189.1 189.1 189.1 193.2 195.2 196.7 198.1 199.9 204.1 207.7 209.5 212.8 215.9 217.1 217.8 217.6 216.6 215.3 215.9 216 216.1 210.7 209.9 209.1 205.6 200.5 199.1 200.3 199.4 199.6 200.8 200.2 197.6 194.7 193.5 192.8 191.8 190.9 190.5 186.8 184.5 181.8 180.2 179 179.2 179.7 180.6 181.6 183 182.1 183.1 181.6 181 180.6
183.3 184.7 186.7 188.9 190.5 192.2 194.4 196 197.9 200.7 201.4 202.5 203.6 204.7 205.2 204.3 204 202.6 199.8 193.8 189.5 189 188.4 188.8 189.1 189.1 189.1 189.4 195.6 196.3 197.4 198.8 201.4 205.9 209.7 212.4 215.9 219.3 220.7 220.9 220.3 218.8 216.5 216.3 216.1 213.4 209.1 208.8 207.3 204.5 200.1 199.3 200.5 200.9 200.6 200.1 198.8 196.5 194.2 192.3 191.2 191.2 189.8 187.7 185.7 183.6 180.9 179.1 178.8 179.1 180.5 181 181.2 182 183.1 184 181.6 180.3 178.6
184.3 186.1 188.1 190.2 191.3 193.2 195.5 196.7 198.7 200.3 201.4 202.6 203.7 204.8 205 204.2 203.9 202.4 199.9 193.9 190.5 189 188.5 188.8 189.1 189.1 190.9 192.5 195.5 198 198.3 199.2 203.3 207.9 212.1 215.9 219.3 221.8 221.1 221 220.9 218.6 215.6 216.1 216.1 213.5 210.2 209.5 206.9 204.1 201.4 200.6 200.6 200.8 201 199.4 196.2 193.5 191 189.4 188 186.4 185.1 184.7 183.6 183.1 180.7 179.8 178 180.7 176.8 171.6 169.6 169.1 168.6 168.1 169.6 169 169.5
184.9 187.5 189.5 191.2 192.4 194.3 195.5 196.6 197.8 200.1 200.6 201.9 203.2 204.4 204.6 204.2 203.9 202.3 200.3 196.4 193.4 192.3 189.2 189.1 190.5 192.9 195.1 196.4 198.6 200 199.1 200.2 206 210.2 214.6 218.3 221.9 222.9 221.4 220.9 220.5 216.5 214.1 214.1 214.4 213.5 211.1 210.5 207.6 205.8 203.1 201.1 201 201 199.4 196.6 194.9 191.6 188.4 186.7 185.5 184.3 183.1 183.1 183 182.6 180.7 177.8 171.1 170 163.3 159.6 159.9 158.9 160.3 153.9 153.7 150.8 154.3
185 187 189.8 190.7 192.7 194.8 195.9 195.9 196.7 198.5 200.1 200.7 202 203.9 204.6 204.2 203.8 202.9 201.5 200.3 197.6 195.6 193.1 190.3 191.4 194.3 195.7 197.7 200.5 200.2 200.1 203 207.5 211.6 215.9 220.2 224.1 224.9 222.4 219 216.4 214.4 214.6 214.1 214.4 211.8 210.3 211 207.6 205.2 201.7 199.4 200.9 198.8 196.6 193.4 191.5 189.9 187.3 184.5 183.2 182.4 181.7 180.7 179.6 176.8 171.4 165.7 165 164.3 169.9 174.9 175.1 171.4 173.2 171.9 167.4 158.7 153.2
185 186.9 188.9 189.4 191.7 193.3 193.7 194.8 195.7 196.9 198.4 199.7 200.8 202.7 204.4 204.5 204 203.3 202.9 201.7 200.8 197.8 195.7 192.8 193.5 195.3 196.3 199.1 200.3 202.2 203.2 205.7 208.2 212.1 216.1 222 225.8 225 221.4 217.5 214.4 213.5 213.1 215 215.4 211.5 209.5 209.3 206.4 202.6 199.4 197 196.8 195.8 193.6 189.7 188.9 187.4 185 182.7 181.3 180.7 178.1 174.7 170.5 169.3 168.3 169 170.6 175.5 179.4 179.6 179.3 179.7 173.5 167.4 160.6 154.4 147.7
184.7 186.6 188.4 189.3 190.6 191.1 191.6 192.9 194.5 195.4 197 198.3 199.6 201.6 203.3 204.6 204.2 204.4 204.6 203.8 202.5 199.9 198.6 194.4 194.6 197.4 199.2 200.9 202 203.4 205.3 208.1 210.9 213.7 217.3 223.8 225.9 222.6 219 215.5 212.8 211.4 210.4 212.1 212.6 209.6 205.8 205.3 202.6 198.5 195.5 193.9 192.9 191.7 189.3 184.4 184.6 184.5 182.8 181.6 180 175.3 174.5 170.1 169.3 175.3 176.1 174.8 174.2 178.6 179.8 180.6 176 165 155.3 148.8 147.6 144.8 143.4
184.4 186.3 187.8 188.5 189.3 189.9 190 191.7 193.4 194.2 195.7 197.5 199.7 201.3 202.7 204 204.2 205.2 206.2 205.4 204.4 204.1 203 198.9 196.5 199.3 201.5 203.1 203.9 205.3 207.4 210.3 213.5 217 220.2 225.2 225.2 221.7 216.9 212.9 210.6 209 208.3 208.2 207.4 204.8 201.8 200 198.1 194.4 190.8 189.8 189.8 187.9 185 183.4 183.2 182.2 181.9 180.7 177 174.1 179.2 179.7 179.2 176 175.7 175.1 176 180.9 179.8 175.6 162.5 154 148.1 145 145 143.5 147.4
182.3 184.4 186.2 187.4 188.2 189.4 189.9 191.1 193 195.1 196.1 198.8 200.6 202.3 203.3 204.1 204.5 207.5 207.7 207 206.8 206.9 206.2 203.1 199.1 200.7 204.1 205.8 206.7 207.7 209.4 211.1 214.9 218.9 223.2 225.8 225.4 219.8 213.6 209.2 208 206.7 206.2 205.2 203.7 200.4 197.8 195.8 193 189.1 189 188.7 187.6 185.2 183.9 183 181.8 181.1 180.4 176.9 175.9 180.3 180.6 180.7 180.3 177 176.5 177.4 179.1 180.9 178 171.4 160.3 151.6 148.1 147.8 150.9 163.3 170.4
181 182.9 184.8 186.7 187.7 188.9 189.3 190.2 193.3 195.8 197.9 200.1 202 203.5 204.7 205.9 209.3 210.3 209.7 209 208.9 208.9 208.7 206 202.5 204.8 207.8 208.7 209.7 209.7 211.7 213.3 217.1 221.3 225.4 226.1 224.4 217.6 210.5 205.5 204.1 204.4 204 203 200.1 196.3 194 192.2 190.4 188.7 188.4 189 186.8 184.1 183.8 183.8 182.3 181.2 179.7 174.9 180.7 181.2 181 181.2 179.9 178.6 178.9 179.6 180.2 179.7 174.6 168.6 161.3 149.3 147.9 155.3 175.8 184.3 185
182.2 183.8 185.1 186.7 187.7 188.5 189.4 189.1 193.6 194.8 198.7 201.4 203.4 204.5 206 207.2 211 210.1 209 210.3 209.7 209.7 210.5 209.8 205.6 209 210.7 211.4 212 212.7 213.6 216.1 220.7 223.2 226.1 225.8 222.4 214.3 207.1 203.3 202.4 202.5 201.9 200.5 197.2 194.1 193.9 192.4 189.6 189.1 190.4 190.6 188.3 185.8 185.7 184.5 183.1 180.2 178.7 177.5 180.7 182.2 182 181.9 181.3 180.8 183 185.7 183.6 179.4 174.5 167.7 160.9 149.8 149.9 148.4 158.9 181.7 186
