data/NT65.asc
ncols 200
nrows 200
xllcorner 360000
yllcorner 650000
cellsize 50
[rows 35 to 69 of 200, columns 0 to 77 of 200]
410.3 406.4 400.9 395.5 389.5 388.7 386.5 380.5 379.4 376.8 374.3 370.8 367.5 363.5 356 343.2 366.8 377.8 386.4 393.4 397.3 399 398.7 397.3 395 391.8 389.1 387 383.5 378 370 356.5 339.6 345.6 348.4 350.7 352.8 353.8 354.2 353.1 351 347.4 342.2 334.5 324.8 315.3 306.6 297.9 296.9 296.4 313.6 322.9 325.6 323.7 319.2 310.4 302.2 313.9 325.8 333.6 340.6 344.2 345.4 343.3 339.1 332.8 326.9 321 314.4 312.2 309.6 304.7 299.4 285.8 284 294 302.3 305
415.6 412.3 407.4 401.9 400 398.2 396.3 389.5 389.6 386.4 382.6 378 372.3 367.8 349.8 350.8 371.8 381.2 389.8 397.3 401.3 403.3 403 401.8 399.5 396 392.7 389.5 385.6 379.2 369.1 346.4 349.5 353 356 358.3 360.2 361 359.9 358 353.7 349.5 342.9 334.8 325.4 316.8 308.5 300.9 296.1 294.9 308.5 319.1 321.9 321.7 318 310.8 299.1 305.2 317.2 325.6 331.5 333.5 333.8 332.1 327.3 319.9 314.4 309.4 306.9 306.3 302.7 297.3 293 287.3 280.7 285.9 287.1 285.6
421.3 418.3 413.5 411 409.2 407.5 404.1 399.7 397.5 393.8 389.3 383.9 376.8 365.1 348.7 357.8 374.7 384 393.1 400 404.7 406.5 406.6 405.2 402.7 398.6 394.3 390.4 386 379.3 364.8 345.9 355.9 360 363.5 365.9 367.6 367.2 365.1 361.1 356.7 350.8 343.2 334.7 326.3 318.7 311.2 303.7 296.5 292.9 305.4 313.7 317.7 318.5 315.5 310.3 299.2 298.1 305.8 314.9 319.3 321.1 320.4 316.8 310.9 304.3 299.9 294.7 293.5 291 284.9 282.1 281.1 280.3 275.9 274.5 271.7 269.8
427.6 425 421.8 419.6 417.9 414.3 410.1 406.4 403.3 399.1 393.7 386.8 374.3 357.2 358.9 372.8 377.3 385.3 395.3 403.1 406.9 408.6 408.3 406.7 404.4 400.1 395.4 390.3 385 377.8 360.6 355.1 362.6 367.2 371.2 374.7 374.9 372.6 368.9 364.7 358.2 351.3 343.8 335.4 326.9 319.9 313.1 306.1 299.1 293.1 298.8 309.2 312.4 313 310.6 306.4 300 293.3 297.5 305.9 309.3 308.7 306.5 301 291.7 289.3 283.3 278.2 276.5 275.2 274.6 274.3 273.3 276.2 272.4 272.1 275.5 276.9
434 431.5 429.5 426.2 422.8 419 414.7 411.5 406.8 401.9 394.8 384.3 370.6 353.5 368.7 381.7 387.8 394 400.9 405.9 408.8 410.6 409.5 408 404.5 399.5 394 388.5 383.6 375.9 360.6 361.2 369.3 374.9 379.8 381.7 380.7 377.3 373 366.4 359.9 351.9 344.2 336 327.6 320.9 314.5 307.5 300.5 293.7 293.1 299 303 303.9 303.9 300.6 296.4 290.8 292.4 297.7 299.4 296.9 292.9 283.6 279.3 277.9 276.5 276.3 278.9 278.6 278.8 278 283.9 285.7 287.3 288.6 289.7 289.6
440.2 438.2 436.2 432.1 427.5 423.9 419.2 415.2 408.3 400.6 392.3 379.5 365.9 360.3 379.3 388.5 395 400.7 404.6 407.3 410.6 411.4 410 407.2 403.1 397.8 391.9 386.7 381.6 375.1 359.5 367.3 376 381.1 384.7 385.7 383.9 381.4 374.8 368 360.4 352.6 344.7 336.5 328.4 321.9 315.4 308.9 302.2 296.1 292.2 292.3 293.3 293.3 293.7 293.3 291.1 289.7 288.6 290.5 289.2 284.6 281.5 279.6 279.3 281.2 283.2 286.9 287.8 288.3 289.5 291.4 293.6 295.7 298.6 299.5 300 298.8
445.9 443.7 441.1 437.4 433.1 428.7 423.3 414.1 406.6 399 388.1 371.7 363.6 368.8 385.4 394 400.8 406.6 408.5 410.6 413 411.4 409.5 405.4 400.8 395.8 389.8 384.6 379.7 373.2 363.7 374.4 380.2 384.2 387.4 387.3 384.9 381.2 375.6 368.3 359.9 351.1 343.9 336.1 327.8 320 312.2 306.2 300.6 296.5 293.4 291 290.8 290.6 289.7 289.2 287.7 286.2 284.2 284 282.9 281.6 279.2 280.6 282.9 289.4 292.5 295.5 297 297.7 299.9 301.4 303.4 306.4 309.5 309.6 308 306.6
450.9 448.4 445.3 441 436.7 431.8 424.9 415.7 403 394.1 381.1 380.3 371 372.5 389.5 398.9 405.9 410.8 412.7 414.4 414 412.2 409.9 404.4 399 394.1 388.3 382.9 378.5 370.1 368.8 377.7 381.8 385.5 386.6 386.5 383.5 379.9 374.3 366.2 357.3 348.6 340.8 333 319.9 311.9 307.2 304.4 302.9 299.3 296.2 293.2 289.4 289.5 288.5 288.2 286.4 284.7 284.9 284.4 282.7 281.8 290.1 293.5 297.8 299.7 301.4 304.2 307 308.5 310.3 311.7 313.3 316.5 318.3 316.4 314.7 311.6
454.9 452.4 448.9 444.7 440.3 434.5 426.7 415.1 403.2 387.6 391.6 390.6 376.8 374 393.8 402.4 410.3 414.7 415.6 416.2 415.2 413 409 403.6 398.5 393.3 387.5 382.2 376.6 366.9 375.4 380.2 383.7 385.8 386.2 384.5 381.5 377.1 371.9 363.9 355.1 346.2 337.6 327.6 315.8 315.8 315.9 314.1 310 305.6 301.5 297.2 291.8 288.2 287.6 287.6 285 285.9 288.6 292.3 291.4 295.4 299 304.3 307.7 309.1 310.6 313.2 316.6 319.5 319.9 320.3 321.6 324.3 324.6 322.9 320.1 316.6
458 455.6 452.3 448.4 443.2 436.9 428.6 411.1 400.8 400.9 402.5 398.1 382.4 377 397.5 406.2 413.5 417.8 418.8 418.8 417.3 413.9 409.3 404.4 399.3 393.5 387 381.5 373.3 375.3 380.2 384.2 385.9 387.8 386.2 383.5 380.1 376.1 369.8 362 353 343.9 337.9 320.2 325.9 327.6 324.7 322.6 318.2 313.4 309 304.8 302.4 297.2 287.7 286.4 292.9 296.1 298 300.3 302.2 304.9 309.2 313 315.4 317.5 319.6 322.5 325.9 328.3 328.6 328.5 329.1 330.5 330.3 327.2 324.1 320.3
461.6 458.9 455.7 451.5 446 438.7 430.7 419.7 416 414.5 411.2 405.4 383.7 384.4 401.9 410.1 416.9 420.2 421.6 420.3 418.6 414.8 410.4 405.3 399.7 393.7 387.2 380.3 377.3 382.1 386 388.7 389.4 388.9 386.4 383.8 379.2 374.7 367.4 358.8 350.6 333.8 324.5 335 337.4 336.1 333.5 330.9 326.4 321.8 318 314.8 311.7 306.1 294.5 294.8 299.5 304.4 306.7 309.1 311.7 313.5 316.7 320.4 323.7 326.1 328.5 331.9 334.6 335.7 335.5 335 333.7 334 333.4 330.5 326.8 322
464.8 462.4 459.5 455 449.7 443.7 436.1 431.2 425.8 421.3 416.4 404.3 381.5 392.1 405.8 413.5 420.1 422.9 423.8 422.2 419.8 415.9 410.7 406 399.9 391.9 385.1 383 386.4 389.3 392.2 393.4 394.4 392.1 388.7 385.1 378.7 371.6 358.6 347.4 337.4 334.4 344.3 347.1 346.3 344.2 341.3 337.9 333.5 329.3 324.8 320.8 316.5 307.3 294.9 301.6 307.6 312.8 315.4 317.5 319.4 321.3 324 327.8 331.7 335.1 337.5 340.6 342.6 343.6 342.3 341.6 338.5 336.6 335.1 331.3 325.9 319.7
467.9 465.8 462.3 458 452.7 446.8 440.6 435.7 430.7 424.7 417.3 401.4 382.9 399.9 410.3 417.7 423.3 426 425.7 424.2 420.9 416.6 411.2 405.3 398.6 391 388.7 392.6 394 395.3 397.6 398.5 398 395.7 391.8 386.8 380.1 372.3 364.9 356.4 339.2 350.5 354.1 354.4 353.3 350.4 347.1 343.3 338.5 333.3 329.3 323.9 314.8 297.1 304.6 312.8 317.9 321.2 323.3 325.3 327.1 329 331.9 335.3 339.1 343.1 346.6 349.3 350.5 351 349.6 346 342.5 338.7 335.8 331.4 327.8 324.2
469.5 467.2 463.9 459.8 455 448.4 441.9 437 432.1 425.6 416.3 395.7 392.1 406.1 415 421.9 426.4 427.8 427.7 425.5 422.2 417.2 411.9 405.6 396.2 392.4 397.1 400.4 402.1 403.4 404.6 403.5 402.2 399.1 394.7 389.2 382.3 375.4 368 354.8 352.2 361 361.1 360.3 357.7 355.2 351.7 347.2 341.7 336.8 331.3 320.2 303.6 307.3 315.9 322.1 325.6 328.8 331.1 333 334.9 337.4 339.9 343.2 346.7 351.7 355.2 357.4 358.9 358.2 356.6 351.5 346.5 342 338 336.4 334.2 331.5
470.5 468.4 464.5 460.6 456 449.6 443.2 438.3 431.9 424.2 408.8 389.7 403.8 409.1 419 424.2 428.6 429.8 428.9 426.7 422.9 417.8 412.5 403.7 395.6 399.8 405 407.8 410.2 411.1 411 409.2 406.8 403.3 398.4 392 385.3 378.4 368 354.3 365.5 367.2 366.8 364.1 360.7 358.1 354.9 349.2 343.4 337.6 329.2 306.9 309.9 317.7 325.1 330 334.2 336.4 338.9 341 343.5 346 348.5 351.1 356.2 361.2 363.3 365.1 366.8 365.2 362.2 357.2 352.4 347.2 343.9 342.2 340.6 339
470 467.6 465.2 461.3 455.9 449.8 443.5 436.7 429.9 417.7 397.2 405.2 412.6 418.4 424.6 427.5 430.7 431.4 429.6 426.9 423.2 418.7 411.4 400 398.2 406.8 411 414 416.5 416.8 417 414.7 411.4 407.3 401.7 394.9 388.1 381.4 361.9 371.6 373.6 373 371 367.8 363.8 359.9 355.7 350.4 343.9 336.3 320 311.5 319.7 326.9 332.9 337.4 341.6 344.1 347.7 350.3 353 355.6 358.3 361.9 366.1 369.5 371.1 372.8 374.4 372.3 368.1 363.5 358.7 353.7 351.2 348.9 346.6 347.2
469.3 467.6 464.6 460.8 455.5 449.2 442.3 432.5 422.5 404.5 408.8 419.4 423.1 426.8 429.1 431.7 432.7 431 428.3 426 422.9 418 409.1 402.1 407.5 412.2 415.1 418.4 420.6 421.5 421.8 420.2 416.1 410.7 404.6 398.1 391.6 379.5 375 379.8 380.4 378.1 374.7 369.7 364.7 360.8 356.2 349.6 342.4 327 312.8 321.4 328.7 333.8 339.5 344 348.2 352.7 357.3 360.4 363.1 365.7 369.3 373 375.9 378.5 379.7 381.3 380.9 377.8 373.6 369.3 364.7 361.1 358.4 356 353.9 355.3
469.3 467.4 463.8 460.5 455.7 448.8 437.4 421 408.8 413.7 423.8 429.1 431.6 433.3 433.6 433.7 432.4 430.9 427.9 425.2 421.6 415.1 408.3 409.3 413.6 416.6 419.4 422.1 424.2 425.4 425 423.1 419.1 413.6 407.5 400.9 393.8 381.8 385.9 385.3 384.7 382.1 377.9 372.6 367.1 361.6 355.4 348.1 332.3 317.6 322.9 330.9 335.9 340.7 346.4 350.7 355.1 360.4 366 370.5 373.1 376.8 380.1 382.8 385.1 387.1 388 387.9 387 383.2 379 375 372.4 369.8 366.6 363.7 362.5 363.8
468.6 466.4 463.3 460.3 455.5 449.4 438.5 422.9 429 427.7 434.1 436.6 437.7 437.6 435.1 435.1 432.9 430.7 427.4 424 419 415.3 412.5 413.8 417.3 419.7 421.9 424.3 426.9 428 426.6 424.3 420.4 415 409.8 402.8 396.7 391.8 393.3 390.6 387.8 385.3 379.5 373.7 368.2 359.9 352.3 341.6 322.7 326.4 332.7 338.1 342.9 347.8 353 357.5 363.5 369.5 374.9 380.3 383.5 386.4 389.4 391.8 393.6 394.3 395.1 394.3 392.6 389.7 386.3 383.6 381 378.4 375.2 372.7 372.1 373
467.3 464.8 462.2 459.5 455.6 450.5 438.6 434.3 438.5 438.2 440.6 442.1 441.4 440 437.3 436.3 433.9 431 427.6 424.3 420.8 419 417 419.2 420.6 422.4 424.3 426 428 429.6 427.6 425.1 421.1 416.3 411.8 407.8 403.6 399.7 396.7 394.1 391.5 388 380.6 372.4 365.7 354.5 342.7 332.4 330 336.9 340.3 345.2 350.1 355 360.2 366 372 378.6 384.5 389.5 393.3 395.8 398.7 400.5 401 401.7 401.7 400.2 398.6 396.9 394.4 391.8 389.1 386.7 383.8 381.8 381.1 381.5
465.1 463.7 461.1 458.3 455.6 450.6 441.8 442.2 443.8 444.6 445.9 443.9 442.5 441.2 439.3 437.3 434.5 431.4 428.2 426.5 424.9 423 421.3 422.4 423.1 424.8 425.7 427.2 429.1 429.8 427.9 425 422.1 418 415.3 411.5 407.9 404.6 400.3 397.7 395.1 390.5 382.9 376.1 370.3 363.9 353.7 334.1 341.4 345.2 347.2 351.6 356.5 361.2 367.8 374.2 380.5 386.9 393 398.1 402.7 405.7 407.6 407.9 408.3 408.1 407.7 406.4 405.4 404.1 402.2 399.5 397.3 394.8 392 390.8 390.2 389.1
462.8 462.3 459.9 457.2 454.8 449.6 444.2 447.3 448.3 449 448.8 446.6 444.4 442.3 440.4 437.7 435.2 433.1 430.9 428.8 427.4 425.9 424.1 424.5 425.4 426 426.7 428.5 429.8 430.1 428.7 426.3 423.6 420.2 417.8 415.4 411.8 409 405.3 401.4 397.6 393 386.8 380.7 374.7 366.4 349.2 344 351.1 352.8 354.6 357.8 362.5 367.2 374.2 381.4 387.7 394.2 400.6 406.4 411.3 413.7 414.9 414.7 414.4 414.2 413.7 412.9 412.4 411.3 409.4 407.8 405.4 403 400.9 399.5 398.3 396.2
460.8 460.5 459.4 457.4 455.4 451.2 451.5 452.1 452.9 452.7 451.4 449.1 446.7 444.4 442 439.6 437.2 435 432.9 431.1 429.7 428.3 426.9 426 426.8 427 427.9 429.2 430.1 430.5 429.5 427.8 425.7 422.8 420.4 418 415.5 412.3 409.1 404.5 399.6 394.6 388.8 382.9 375 363.8 347.8 357 358.9 359.5 361.3 364.1 368.9 373.8 381 388.3 394.8 401.2 407.5 413.6 418.1 420.6 421.8 421.3 420.9 420.3 420.1 420.3 418.9 417.7 415.8 413.4 411.7 409.3 408.1 406.5 404.4 402.2
459.4 458.7 457.7 456.5 455.4 455 455.5 455.4 456.2 455.1 453.4 451.1 448.7 446.3 443.9 441.6 439.2 437 434.9 433.5 432.1 430.7 429.3 427.8 428.2 428.2 428.6 429.5 430.3 430.8 430.6 428.8 427 425 422.4 419.8 417.2 414.8 410.3 406 401.1 395.5 389.6 381.9 373.5 354.1 361.1 366 365.9 367 368.9 371.6 375.8 381.6 388.7 394.4 400.7 407.4 413.8 420.2 423.9 426.5 426.5 425.5 424.5 423.9 424.3 424.9 423.9 422.2 420.9 418.7 416.9 415.2 413.5 411.9 410.2 407.4
457.7 456.6 455.5 455.3 456.3 456.5 457.7 458.7 458.6 457.5 455.5 453.1 450.8 448.4 446 443.6 441.2 439 437.2 435.8 434.5 433.1 431.7 430.3 429.4 429.1 428.6 429.3 430.1 430.3 430.3 429.6 428.2 426.3 424.2 421.6 418.9 415.9 411.3 406.4 401.2 395.2 388.3 371.3 371.3 372.9 373.7 372.8 373.8 375.9 377.6 380.1 384 389.3 395.2 400.5 406.1 412.9 419.7 424.8 429.2 430.9 430.4 429.6 428.4 427.5 428.2 428 426.8 425.9 424.3 422.3 420.3 418.5 417.1 415 413.3 410.4
454.4 453.7 452.8 453.7 455.3 457.8 459.3 460.6 460.9 459.8 458 455.5 453 450.5 448 445.6 443.2 441 439.6 438.2 436.8 435.3 433.6 431.8 430.3 429.9 429.2 428.6 428.9 429.1 429.3 429.1 428.4 427.4 425.3 422.3 419.2 415.8 411.6 406.6 399.9 388.3 380.1 385 383.8 382.1 381.1 381.1 382.2 384.1 386.2 388.9 392.3 396.6 401.6 406.8 412 418.2 423.7 429.2 432.1 433.9 433.5 432.7 431.5 429.9 429.6 429.5 429.1 428.2 426.2 424.1 422 420.3 418.7 416.2 414 411.7
450.4 448.3 447.8 451 454.6 457.4 459.9 461.4 461.8 461.5 459.2 456.3 453.5 451.3 449.4 447.5 445.1 443.4 441.8 440.1 438.5 436.9 435.1 433.2 431.8 430.1 429.1 428.1 426.7 427.1 427.4 427.5 427.2 426.9 425 422.2 418.9 415.6 411.8 407.6 401.5 393 395.2 393.8 391.5 389.5 388.5 389.8 390.8 392.2 394.1 395.9 399.5 402.8 407.3 411.8 416.3 420.3 425.2 430.5 433.4 435.9 435.1 434.4 432.9 431.4 429.7 429.3 428.5 427.5 425.8 424.5 422.2 420.4 417.7 414.6 412.7 410.8
444.9 442.7 444.7 448.8 452.6 456.2 459.2 460.3 460.7 460.3 459.3 456.4 453.6 451.5 449.6 447.7 446.3 445.1 443.4 441.7 440.1 438.4 436.4 434.6 432.3 429.9 428.9 427.8 426.5 425.2 425.2 424.8 424.5 424.7 423.7 421.7 419.9 416.9 413.7 410.3 402.7 403.5 401.9 400.4 399 397.2 396.9 398.4 399.2 399.6 401.5 403 405.7 408.2 410.3 414.7 418.8 422.8 427 431.5 434.5 435.4 435.6 434.7 433.5 431.6 429.4 428 427 425.9 424.6 423.1 420.7 418.2 415.8 413.2 411.1 407.9
439 438.1 442.4 446.6 450.6 454.3 457.4 459 459.6 459.2 457.8 455.4 453.9 451.7 449.8 448.7 448 447.2 445.1 443.3 441.6 439.7 437.8 435.2 432.6 430.1 428.7 427.5 426.2 424.9 423.6 422.1 422.3 422.7 422.1 420.4 419 417.8 415.7 412.6 409.8 407.9 407.3 406.7 405.5 404.2 405.1 405.4 405.9 406.4 407.9 409.4 410.7 411.7 414.1 417.3 420.7 424 428.1 431.5 434 434.5 434.4 433.8 432.9 430.8 428.5 426 424.8 423.6 422.4 420.2 417.9 415.5 412.8 409.8 406.6 403.6
432.9 435.5 439.7 443.9 448.1 452.3 455.3 456.8 458.5 459.1 457.7 456.2 454.8 452.4 451.2 450.1 449.9 449.4 447.3 445.3 443.5 441.8 439.1 435.7 433 430.4 428.4 427.3 425.9 424.5 422.5 420.4 419.8 420.2 419.9 420.8 420.1 418.9 418.2 416.9 414.3 413.2 412.5 412 411.4 411 411 411.6 411.9 411.8 412.3 413.5 414 414.8 415.8 417.7 420.4 423.7 426.8 429.8 431.8 432.6 432.5 431.9 430.6 428.3 425.6 422.8 421.4 420.2 418.9 417.4 414.5 411.3 408.3 405.2 401.7 397.9
430.1 433 437 441.2 445.4 450 453.2 455.6 457.4 458.9 458.6 457.1 455.7 453.8 452.6 451.4 451.7 451.3 449.6 448.5 446.4 443.3 440.4 437.1 433.5 430.7 428.3 427 425.5 423.5 421.1 418.8 417.8 417.7 418.6 419.7 420 420.3 419.6 419.2 419.1 418.4 417.8 417.1 416.7 416.5 416.8 416.8 416.4 416.2 416.2 415.8 416.3 416.3 416.4 417.6 419.5 422.2 424.1 425.9 427.4 427.9 428.2 428.8 427.5 425.2 422.5 419.7 417.3 416.7 415.5 413.4 410.5 407.3 403.8 400.3 396 392.1
427.3 430.5 434.3 438.7 443.2 447.7 451.6 454.9 457.1 458.5 459.5 458 456.6 455.2 454.6 454 454.1 453.4 452.3 451.1 448 444.9 441.7 438.4 434.9 431.3 428.9 426.6 424.5 422.5 420.7 418.8 415.7 415.3 417.3 418.7 419.7 421 421.3 421.7 422.3 423 422.6 421.4 421.6 421.4 421.3 420.3 419.2 418.6 418 417.6 417.4 416.3 415.2 415.9 417.1 418.3 418.5 420.1 421.9 422.2 424.5 425.3 424.1 422.5 419.4 416.5 414.1 412.7 411.6 409 406.3 403.3 399 394.6 390.4 385.6
423.5 427.6 431.9 436.5 441 445.6 450.4 454.1 456.1 457.9 459.7 459.3 458.6 458.3 457.7 457.3 456.9 455.8 454.6 452.1 449 446.1 443 439.8 436.3 433.3 431 429.1 426.3 424.2 422.4 420.1 417.4 415.1 413.7 415.6 418.2 421 422.9 423.9 425.3 425.9 424.8 424 423.9 424.3 424.1 422.5 421.2 420.4 419 417.9 416.8 415.6 413.3 413 412.8 412.1 412 413.5 415.4 418.2 420.6 421.8 420.6 419.4 416.8 413.7 410.3 407.8 406.3 404.6 401.8 399 394.1 389.2 384.7 379.2
418.6 423.6 428.8 433.8 438.8 443.4 448.5 452.7 455.5 457.5 460.2 461.8 461.3 461.5 460.6 460 458.6 457.4 455.5 452.9 450 447 444.1 441.5 438.9 436.1 433.8 431.5 429.1 426.4 424.1 421.6 419 416.3 411.9 412.5 416.7 419.2 421.7 424.2 426 426.3 425.4 425.9 426 426.1 425.4 423.8 421.7 419.6 418.2 417 415.8 413.9 410.8 408.1 407.9 406.3 407 408.4 410.4 413.5 416.9 418.4 417.6 416.2 414.3 411 407.2 403.3 401.1 399.2 396.8 394.4 389.6 384.4 378.5 372.8
413.1 419.7 425.4 430.4 435.3 440.4 445.9 451.4 455.5 458.4 461.1 462.9 463.6 463.2 462.7 461.4 460.2 458.8 456.3 453.2 450.7 448 445.1 442.8 440.6 438.3 435.7 433 431 428.5 425.9 423 420.3 417.2 414 410.1 413.4 416.2 419.7 422.8 423.5 423.5 424.2 425.3 425.8 425.8 424.4 422.6 419.9 417.6 415.7 414.4 413.1 411.6 408.2 404.5 402.8 402.2 403.1 404.3 407.2 411.2 414.4 416.1 416.6 415.4 413 409.6 405.6 399.7 395.1 394.6 392.3 389.8 384.8 378.5 372.6 367.2
