data/NT66.asc
ncols 200
nrows 200
xllcorner 360000
yllcorner 660000
cellsize 50
[rows 0 to 34 of 200, columns 78 to 155 of 200]
336.7 336.1 334.6 332.7 331.5 330.5 328.1 325.8 323.9 321.1 318.5 317.7 316.6 315.1 313.2 311.5 309.8 307.3 304.7 303.6 305 304.4 308.9 312.7 315.4 317.7 319.4 320 320.6 321.1 322 322.5 323.2 325.7 329 332.3 336 338.9 340.9 340.9 340.8 340.7 338.7 335.4 331.7 328.1 324.8 321.2 317.2 313.4 309.6 306.3 303.3 300 303.9 309.3 313.6 318.2 323.1 328.7 332.6 337.3 339.8 341.9 343.4 347 351.4 355.4 361.2 366.7 373.8 381.8 387.1 393.1 396.1 396.2 395.5 395.3
337.5 336.4 335 334.1 332.7 331.3 329.1 326.8 325.1 322.1 319.1 318.1 317 315.1 313 311.3 309.5 307.8 306 301.4 302.9 304.4 309.4 312.3 315.2 317.1 317.9 318.7 319.2 319.3 318.8 319.5 320.6 322.4 326.1 329.9 333.2 336.1 337.7 338.3 338.1 337.7 334.5 331.5 328.8 325.3 321.9 318.5 314.7 310.9 307.7 304.8 302.1 300.6 305.1 310.5 315.2 319.7 324.3 328.9 333 337 340.6 343.8 345.5 349.6 355 360.4 365.8 371.5 377.9 384.2 388.9 393.5 395.3 395.9 394.8 394.2
337.2 336.7 336 335.3 334.1 332.1 330 327.8 326 323.7 320.8 318.5 317.2 315 312.8 311.1 309.3 307.6 306 303.9 300.9 304.9 309.2 312.1 314.5 315.9 316.4 317.2 317.7 317.5 317.1 316.6 318.1 320.4 323.6 327.5 330.3 333.2 334.8 335.5 335.2 333.8 331.2 328.6 325.9 322.9 319.3 315.8 312.4 309.3 306.3 303.5 301.5 303.3 306.4 311.2 315.1 319.1 323.3 328.3 332.7 337.9 341.7 345.2 347.9 352.7 358 363.1 368.6 375 381.1 386.2 390.6 393.9 395.2 395.8 394.8 393.7
336.9 336.5 336.7 336.9 335.1 333 330.8 328.8 326.5 324.1 321.7 319.4 317.1 314.9 312.8 311.2 309.6 308 306.5 304.3 300.1 303.3 308.1 310.9 313.2 315.1 315.6 316 315.6 315.4 314.7 313.4 316.1 318.6 321.4 324.7 327.5 330.4 331.9 332.7 332.1 330.5 328.3 325.7 323 320.2 316.9 313.5 310.8 307.9 305.2 303.4 301.6 303 307.2 310 313.7 317.7 322.1 327.6 332.4 337.9 343.2 346.7 350.6 354.6 359.6 365.2 370.9 376.7 382.2 386.5 390.8 393.4 394.8 395.4 394.2 393
336.6 336.2 336.5 337.1 336 334.2 331.9 329.5 326.9 324.3 321.8 319.4 317.1 314.8 313.7 311.9 310.1 308.5 306.9 304.6 300.8 301.2 305.5 309.3 311.6 313.3 314.3 314.7 313.8 313 311.6 311.4 314 316.9 319.9 322.6 325.3 328 329.3 329.6 328.4 326.9 324.8 322.7 320.1 317.4 314.7 312 309.3 306.5 304.4 302.6 300.8 302.8 305.6 308.4 312.1 316.2 320.9 326.4 332.2 337.8 343.8 348.8 352.6 355.9 360.2 364.4 369.4 375.3 380.5 385 389.3 392.2 393.8 394.1 393.3 392
335.8 336.1 336.5 336.9 336.2 334.5 332.3 330.5 328 325.3 321.8 319.5 317.1 315.5 314.5 312.8 310.9 309 307.4 304.5 301.5 298.1 303.2 307.2 309.9 311.4 312.7 312.8 311.9 311 309.3 309.8 313 316.2 319.1 321.8 324.2 325.8 326.8 325.7 324.7 323.3 321.9 320.6 318.5 316.1 313.5 311 308 305.3 303.3 301.2 300.1 301.5 304.1 306.9 310.6 314.7 319.2 324.9 330.6 336.8 343.1 348.5 352.3 355.5 358.5 362.5 367.7 372.8 377.7 383.3 387.1 390.2 392.1 392.3 391.3 389.8
333.8 334.7 335.3 336.1 335.6 334.6 332.6 330.4 328.2 325.9 322.1 319.7 318.1 316.7 315.4 313.6 311.7 309.5 307 303.7 301.7 298.5 300.2 304.8 308.2 309.7 311.2 311 310 308.4 306.6 310.1 313 315.7 318.3 319.5 320.8 321.8 322.4 321.5 321.5 321.3 320.2 318.8 316.8 314.4 312.2 309.7 306.3 304.1 302.1 300.1 299.4 300.3 302.4 305.3 309.1 313.3 317.6 323.1 328.7 334.6 340.8 345.9 349.8 353.1 357.1 361 365.1 369.7 374.2 379.5 384 387.4 389.3 389.9 388.9 387.4
331.9 332.8 333.5 334.3 334.5 333.7 332.9 330.1 327.8 324.9 323.3 321.9 319.7 318.2 316.6 313.8 311.2 308.6 306.1 304.2 302.6 299.1 297.3 302 305.9 307.9 309.2 309 308.1 305.7 303.3 307.7 310.7 313.6 315 315.4 316.4 317.6 318 318.8 319 318.8 318.4 316.9 315 313 311.6 308.6 305.2 302.5 300.7 298.9 298.1 299.3 300.9 303.9 307.7 311.7 314.8 318.8 324.4 330.5 335.7 340.7 345.5 350.7 354.4 357.9 361.1 364.6 368.4 373.6 379.9 383.6 385.2 386.6 386.3 385.1
329.1 330.3 331.4 332.1 332.6 332.4 331.9 330 328 326.7 325.5 324.1 321.5 319.7 317.8 314.8 311.9 309.3 306.7 304.9 303.3 301.7 295.9 299.5 303.6 305.5 307.3 307.1 305.7 302.7 302.4 305.3 308.2 310.4 310.5 311 312.2 313.6 314.7 316.1 316.7 316.4 316.2 315 313 311.1 309.3 306.6 304.8 301.6 299.8 298.4 297 298.2 299.6 303 306.2 308.7 311.9 315.9 319.8 324.9 329.8 335.5 341.7 347.8 351.2 354.1 356.8 359.2 362.6 367.6 374 379.1 382 384.1 384.2 383
326 327.1 328.2 329.4 331.3 331.6 331.8 331.3 330 328.2 327.6 326.3 323.7 321.2 319 315.9 312.9 310.1 307.5 306 304.6 303.1 301.1 296.1 299.5 303.2 304.4 305.1 303 299.8 299.9 302.3 304.7 305.7 305.8 306.6 308.2 310.5 312.6 314.2 314.7 314.3 314 312.8 310.9 309.1 307.2 305.4 303.5 300.1 298.8 297.3 295.8 296.9 299.1 302.6 304.7 306 309 312.9 316.9 320 326.3 334.1 339.1 344 347.1 350 352.4 354.8 357.2 361.6 368.5 374.8 378.8 382.3 383.7 382.5
322.8 323.9 325 326.7 329.2 331.7 332.5 333 331.2 330.2 330.1 328.4 326 323.2 319.9 317 314 311 308.8 307.3 305.8 304.3 302.7 299.1 294.3 300.5 301.4 302.1 300.1 297.1 297 299 301.1 301.8 302.8 305.6 308.2 310.7 313.1 314.8 314.7 313.5 312.2 311.2 309 307.1 305.2 303.3 300.1 298.3 297.5 296 294.7 295.6 298.9 301.7 302.5 303.8 306 309.6 313.8 319 326.5 330.5 335.1 339.8 342.6 344.6 346.6 350 352.4 357 364.8 372.9 377.6 381.2 383.1 382.8
319.6 321.1 322.9 324.8 328.3 331.7 333.6 333.9 333.2 333 332.7 330.2 327.3 324.3 321 317.5 314.5 312.3 310.4 308.6 307 305.5 304.3 302.4 297 293.5 298.2 298.8 297.4 294.4 295.4 296.5 299.9 302.4 304.5 307.1 309.6 312.1 314.5 316.1 315.3 314.4 313.6 311.8 310 307 304.4 301.8 300 298.3 295.9 294.7 293.6 295.1 297.4 299 300.5 302.2 304.5 308.9 313 318.5 324.3 328 331.8 335.3 337.3 339.3 340.2 342.8 349.5 355.6 363.3 371.2 376.7 380.3 382.3 383.1
317.9 319.4 321.2 324.5 328.4 332.4 334.2 335.1 335.5 335.2 333.6 330.6 327.1 323.7 320.4 317.9 316 314 312.1 310.3 308.5 306.7 305.3 303.1 300.5 295.3 292 293.5 294.1 293.2 294.4 298.4 301.7 304.1 306.3 308.7 311.1 313.5 316.1 316.4 317.2 316.4 315.5 314.2 311.5 308.3 305.7 303 300.5 298.1 296.4 293.4 292.5 293.1 295 296.9 298.6 300.7 303.8 308.6 312.8 317.9 321.8 325.5 328.9 330.7 332.8 334.6 335.3 342 347.2 353.1 361 369 374.8 378.9 381.5 382.7
316.3 318.1 320.9 324.7 328.9 332.8 334.6 336 337 336.2 333.6 330.1 326.5 323.1 321.1 319.8 318 315.6 313.7 311.9 309.6 307.6 305.8 304 302.1 298 294.3 290.8 291.1 291.2 294.4 299.7 303.2 306.1 307.6 309.8 312.2 314.3 315.2 316.2 317.6 318.3 317.3 315.7 312.8 309.7 306.9 304.4 298 297.8 298 295 291.9 291.7 294 295.1 296.9 300.2 303.3 307.8 311.9 315.5 318.9 321.9 324.3 326.2 328.2 329.7 334.6 339.8 344.9 350.6 358.6 366.2 372.4 376.7 379.9 381.4
314.8 316.8 320.4 324.7 329 331.8 334.5 336.5 335.6 333.6 330.7 329.2 326 324.3 323 321.8 320.2 317.3 315.3 312.8 310.2 308.6 306.8 304.9 303.2 300.5 297.2 294.2 290.1 290.3 295.6 301 304.7 307.7 309 310.8 312.3 313.4 314.4 317 319.1 320.5 319.3 316.8 313.9 311.2 309 306.1 297.7 297.4 297.8 295.8 292.4 290.7 292 293.4 295 297.9 300.1 304.7 307 311.4 316.2 320 320.4 322.2 325.7 329.2 333.2 337.5 342.2 347.4 354.5 362.1 368.4 373.5 377.3 379.4
312.6 315.6 319.5 323.6 327.2 330.2 332.7 333.8 332.7 329.9 329.2 328.3 326.8 326.5 325 323.7 322.3 319.1 316 313.4 311.4 309.6 307.8 306.1 304.1 301.5 298.8 295.8 290.5 289.2 296 302 306 308.4 309.9 311.3 312.8 314.2 316 319.7 322.6 323.6 321.4 318.4 315.6 313.8 311.9 309 297.7 297.6 299.8 296.9 293.5 290.3 290.5 291.6 293.1 296.9 301.5 306 310.6 315.2 318.4 319.9 321.4 322.4 324.6 327.6 330.7 334.9 339.1 344.1 350 357 363.2 368.8 374.7 377.1
309.7 312.2 316.2 321.2 325.4 327.7 329.9 330.9 329.7 328.3 328 327.7 327.8 327.7 326.9 325.5 323.6 320.4 318.2 314.9 312.4 310.7 309 307.2 305.1 302.4 299.8 297.2 292.3 287.6 295.6 304.2 307 309.1 310.5 311.9 313.4 314.9 319.8 324.2 326.3 326 323.1 320.2 318.3 316.5 314.4 308.2 300.9 297.6 301.3 297.8 294.2 291.3 289.3 290.6 294.5 298 303.9 309.2 313.4 317.2 320.3 320.1 320.3 321.7 323.4 326.2 329 331.7 335.3 340.4 346.9 352.5 359 365.9 371.1 375.8
314.5 308.1 312.1 318.3 321.3 323.6 325.9 327.4 326.8 327.1 327.4 328 328.3 327.9 327.5 326.4 324.4 322 319.4 316.6 313.5 311.8 310.1 308.4 306 303.4 300.9 298.2 293.2 287 298.1 304.7 307.9 308.7 310.5 312.5 314 318.9 323.8 328.3 329.7 327.9 324.9 323 321.1 319.3 316.3 312.8 308.5 304.6 301.5 298.2 294.9 292.8 291.4 289.1 293.3 301.5 306.4 311 314.9 318.6 321.1 320.8 320.4 319.6 320.8 322.2 324.4 324.6 330.5 338.4 345.3 350.8 358 365.5 371.1 376.3
316.6 316 307.6 310.8 314.7 317.4 320.6 323.1 324.2 324.2 326.9 328.3 328.7 327.9 327.3 326.1 324 322 319.5 317.5 314.6 312.9 311.2 309.5 307.1 304.5 301.9 299.2 293.1 286.3 298.3 303.8 307.3 308 309.5 311.7 315.9 322.6 327.1 331 331.9 329.9 327.6 325.8 323.7 320.6 316.8 313.6 309.6 305.2 302 299 296.2 294.5 292.7 287.9 294 301.7 307.4 311.5 315.4 319.4 319.6 318.2 316.8 315.5 316.5 315.8 318.4 325.8 333.2 339.7 345.4 351.7 359.1 366.3 372 376.6
318.2 316.7 311.1 306.3 307.2 311.1 314.8 317.1 318.9 321.4 324.6 326.3 326.5 326.2 325.6 324.8 323.2 321.2 320.2 318.1 315.9 313.8 311.6 309.3 307.3 305.4 303 300.2 294.2 285.4 291.2 298.6 304 306.9 309.2 313.1 318.3 324.8 329.5 331.9 332.6 331.2 330.1 328 324.5 321.3 317.9 314.2 310.4 306.1 303.2 300.4 297.5 295.9 293.1 287 294.5 300.8 305.5 310.1 314.5 317.4 316 314.6 312.7 310.9 311.4 314.9 320.8 327.7 333.8 340.1 346.1 352.5 360.1 366.6 372.4 376.6
319.8 316.5 312.4 309 304.6 306.3 309.5 312.1 314.5 317.7 320.1 321.7 322.9 323.5 323.8 322.9 321.8 320.4 319.8 317.9 315.8 313.4 311.2 308.9 306.7 304.8 302.8 300.2 295.7 288.3 285.2 292.4 300.1 306.2 308.8 313.8 320.8 325.6 328.7 330.7 331.7 332 330.9 328.2 325.2 321.8 318.2 314.6 311 307 303.4 301.1 298.9 296.7 293.8 286.6 291.7 298.6 303.3 308 312 314.1 312.6 309.9 307.5 307.2 312.3 317.5 322.9 328.8 334.5 340.5 346.3 352.3 359.2 366.1 371.4 375.6
318.7 315.2 312.1 308.3 304.9 302.7 303 305 307 309.9 314.1 316 317.5 319.5 321 320.4 320 319.6 318.2 316.6 315.4 313 310.8 308.5 306.3 304.2 302 299.4 297 291.5 283.5 286.5 297.1 304.6 310.2 316 321.9 324.6 327.4 329.3 330.1 330.4 329.7 327.3 324.8 321.4 317.8 314.3 310.7 307.2 303.6 301.1 298.6 295.9 292.7 285.4 290.9 297.2 301.9 306.3 309.9 310.7 309.2 306.5 303.4 308.1 313.7 319.7 325 330.4 335.7 340.4 346 351.1 357.2 363.4 369.2 373
316.3 313.3 310.3 307.2 306.9 308.4 308.3 305.6 301.2 301.1 301.2 305.3 309.3 312.9 315.1 316.3 316.7 317 316.7 315.4 314.3 312.7 310.4 308.1 305.8 303.6 301.2 299 296.7 292.2 286.5 283.8 295.2 303.6 311.4 317.2 321.6 323.7 326 327.6 328.2 328.4 327.4 325.8 323.3 320.3 316.7 313.1 309.5 306 302.4 300.2 297.8 295.1 291.3 284.6 288.7 295.4 300.2 304.2 308.2 308.3 306.5 303.5 302.2 308.9 314.7 321.4 326.6 330.7 335.1 339.4 343.9 348.1 354.3 360.5 365.8 369.6
314.4 312.5 308.8 308.2 310.7 311.7 312 311.2 308.7 307.1 302.8 299.6 299.3 304.1 308 310.2 311.8 312.9 313.5 313.9 313.1 312.1 310.4 308.2 305.9 303.8 301.5 299.1 296.7 294.3 287.4 283.5 293.7 303.9 312.3 317.1 320.2 322.4 324.2 325.6 326.3 326.3 325.3 324.1 321.7 318.9 315.3 311.7 308.2 304.6 301.1 298.9 296.9 293.5 289.7 282.8 289.1 295.1 299.3 302.9 306.3 306.9 304.4 299.8 301.1 309.1 316 322.1 326.2 329.7 333.8 337.5 341.5 345.5 351.4 356.7 362 366.1
313.5 311.4 309.7 311.7 313.8 315.4 315.2 313.9 311.8 310.6 308.2 304.9 297.8 296.7 296 300 304.5 307.2 310.7 311.8 312.1 311.1 309.4 308 306.7 304.7 302.7 300.3 297.9 294.5 288.1 282.5 291.7 304.1 312.1 315.6 318.2 320.4 322.5 323.6 324.4 324.2 323.3 322.2 320 317.5 313.9 310.4 306.8 303.3 299.8 297.6 294.7 291.5 288.3 282.1 287.2 294 298.8 302.6 305.7 304.6 301.4 296 301.3 308.8 314.7 318.9 321.8 326.9 330.1 334 338.2 342.5 347.6 352.9 358.2 363.1
312.3 311.7 313.8 315.4 317 318.9 318 316.3 314.9 313.3 311.8 308.2 304.7 301.9 299.1 294.6 295.6 301.5 307.6 310.1 310.4 310.8 310 308.9 307.6 305.7 303.7 301.4 298.1 294.7 289.2 282.7 291.3 304.4 308.9 312.2 314.9 317.9 320.3 321.7 322.5 322 321.3 320.3 318.1 315.8 312.6 309 305.5 302 298.4 295 292.5 290.3 288.2 281.9 285.3 292.6 297.3 300.7 302.2 301.2 297.9 294.5 300.4 308.2 313.4 317 319 323 325.8 328.5 334.1 338.9 344.5 349.8 354.7 360
312.9 315.4 318.5 320.6 322.2 323.2 321.1 318.8 317 315.5 313.4 310.5 307.7 304.4 301.5 298.4 293.4 293.9 305.3 308 309.4 310 310.1 309.1 308.1 306.4 304.6 301.4 297.4 295.3 289.9 281.7 285.5 297.7 303.7 308 312.3 314.7 317.7 319.8 320.6 320.1 319.4 318.4 316.2 313.9 312 308.8 305.5 302.3 298.6 294.4 291.8 289.7 287.5 281.2 284.4 290.8 294.9 297 298.3 297.4 293.4 293.2 298 305 309.2 311.5 313.5 317.1 320.1 323.9 329.1 335.5 341.4 347.6 353 358.4
316.3 320.5 323.3 326 327.1 326.8 323.4 321.1 319.2 317.5 314.8 312 309.2 306.3 303.4 301.1 299.2 291.7 295.9 306.1 308.4 309.3 309.4 309 307.8 306.1 304 300.4 297.7 294.7 290.1 284.8 280.2 288.7 297.8 306 308.8 311.7 314.6 317.8 318.8 317.8 317.1 316.5 314.5 313.4 312.3 309.6 306.4 303.3 298.9 294.4 291.8 289.9 287.9 282.3 281.5 288.1 291.3 293.3 293.5 292.1 288.6 292.8 295.6 301.1 304.9 305.1 308 312 315.7 320.9 329.4 335.3 341.4 347.3 352.5 357.3
320.2 324.4 327.7 328.3 328.9 329.3 326 323.3 321.4 319.1 316.3 313.5 310.7 307.8 305.3 303.7 302 297.8 289.7 300.6 307.1 308 308.7 308.4 307.3 305.5 302.5 299.5 296.8 294.6 291.9 286.5 280.3 287.4 295 301.3 306.2 309.1 311.4 315.2 315.7 315.3 314.7 314.5 314 312.9 311.7 309.9 307.1 303 298.6 293.9 291.8 289.5 286.9 281.3 277.8 285.2 287.8 289.6 289.5 285.9 286.7 290.4 293.1 294.8 298.2 301.1 305 309.3 317.4 324.3 330.3 336.3 342.2 347.7 352.9 358.6
325.7 329.9 331.7 332.3 331.7 331.7 328.9 324.7 323.2 320.5 317.8 315 312.2 309.7 307.1 305.5 303.8 302.2 291.6 290.2 304.2 306.2 307.2 307.8 306.7 304.6 301.4 298.6 296.3 294 291.8 288.5 279.4 282.9 289.8 296.6 304.1 305.1 307.4 310.5 312.2 312.8 312.6 312.8 313.3 312.2 310.9 309.2 305.9 301.8 297.4 293.6 291.2 288.6 285 280.2 277.5 283 285.1 286.7 283.2 284.9 290.5 293.2 296 298.7 301.2 304.2 308.4 312.5 318.7 324.9 331 336.9 342.4 348.4 352.9 357.9
333.2 335.6 336.2 336.3 335.6 333.6 331.2 327.9 324.4 321.6 319.4 316.5 314 311.5 309 307.1 305.2 304.3 300.3 289.4 298.6 304.3 305.5 306.7 305.8 303.2 300.4 298 296 294.2 292.3 290 281.6 278.4 283.9 293 298.4 299.3 302.4 305.7 307.8 308.2 309.6 311.2 311.9 311.1 309.9 307.6 304.3 300.6 296.5 293.6 290.2 286.6 282.8 279.8 277.7 281 281.6 280.7 284.8 289.2 293.1 295.8 298.1 301 303.5 306.4 310.2 314.1 319.7 325.5 331.6 337 342.9 348.9 353.9 357.7
337.7 339.9 339.9 339.2 335.9 335 331.4 328.1 325.1 322 320.5 318.3 315.8 313.2 310.7 308.9 306.9 304.6 302.1 290.4 291 302.2 303.6 304.7 303.7 301.6 299.4 298.2 296.5 294.6 292.8 289.6 285.4 277.8 278.4 284.9 290.3 289.9 295.9 300.8 301.2 302.3 306.8 309.1 310.7 309.7 308.2 305.6 302.6 299.1 295.3 291.5 288.1 285 281.3 279.2 276.7 278.3 278.1 281.1 284.8 289.8 294.4 297.4 300.1 303 305.8 308.6 311.9 316.2 321.2 326.8 332.4 337.4 342.9 348 352.9 356.4
342.7 343.8 342.7 340.7 337.5 335.1 331.6 328.1 325.1 322.1 320 319.1 316.5 314 311.4 309.4 306.4 304.9 301.3 296.1 287.3 300.6 302.1 302.6 301.1 299.8 298.3 297.9 296.4 294.8 292.6 289.5 285.5 281.9 276.9 280 281.3 284.8 292.3 294.9 294.1 298.6 305.1 307.5 308.8 307.9 305.6 302.6 299.5 295.6 291.3 287.5 284.3 282.1 280 277 275 276 279.4 281.9 284.9 289.1 294 298.9 301.9 304.9 307.9 310.8 314 318.4 322.8 328 333.3 337.6 342.2 347.3 351.5 355.6
346.1 345.7 344.2 341.8 338.7 335.2 331.8 328.3 325.1 322.6 320.2 317.7 316.6 314 310.7 307.7 305.5 298.4 292.1 292.7 285.5 298 299.8 299 298.2 297.3 296.8 297.7 296.7 294.8 292.1 289.6 286.6 284.6 282.4 276.7 276.6 275.8 280.1 284.7 288.8 298.9 303.5 306.3 306.1 304.5 301.9 298.8 295.4 292 287.7 283.9 281.5 279.9 278.4 275.2 275.5 279.3 281.4 283.7 286.1 289.5 293.2 299 303 305.9 308.8 312.2 316.2 320.6 325 329.2 333.1 337.1 341.1 345.3 349.6 354.2
348.5 347.3 345.4 342.6 338.9 335.4 331.9 328.4 325.2 322.2 318.7 315.8 314.3 312.9 310 305.7 299.2 299.8 301.6 299.9 289.1 285.4 285.9 287.4 294.4 294.3 295.1 296.5 295.8 293.4 291.4 290.2 288.9 288 285.5 283.3 279.5 274.5 274.1 277.2 288.8 296.9 301.4 302.8 302.5 300.8 298.1 295.1 292.1 287.2 283.4 280.4 278.8 277.8 276.4 274.5 277.6 280.3 282.4 285 288.9 293.7 297.5 300.9 302 305.7 309.4 313.5 318.2 321.3 325 328.5 331.8 335.6 339.8 343.9 348.3 353
