data/NT67.asc
ncols 200
nrows 200
xllcorner 360000
yllcorner 670000
cellsize 50
[rows 144 to 179 of 200, columns 82 to 163 of 200]
218.2 215.6 212.8 209.6 205.5 204.2 202 191.1 170.4 153.8 150 151.8 164.5 176.3 179.2 179.1 177.4 176.1 176.2 176.1 175.3 170.9 164 161 159.3 158.7 157.7 157.5 157.4 157.1 154.1 155.8 143.6 132.8 127.9 128.7 128 131.1 137.5 143.7 147.7 160.4 168.9 148.7 144.8 170.7 178 187.6 196.6 204.6 208.5 210.9 209.2 207.9 204.2 199.6 196.4 195.5 195.6 195.3 195.1 193.7 192.8 192.6 190.2 189.1 184.8 176 156 144.4 148.9 155.4 158 155.6 150.4 150 152.7 154.6 134.5 147.7 149.7 146.1
215.5 212.6 209.4 206.4 203.9 202.1 192.7 164.4 154.5 154 160 168.7 172.5 176.5 180.9 179.5 177.5 176 176.1 176.2 176.2 176.1 167.2 159.3 159 156.4 156.6 157.3 157.2 157.1 156 142.1 136.3 133.1 134.7 136.9 138.6 142.2 145.4 151.8 158 168.3 172.9 171.7 149 166.2 180.1 188.9 196.7 204.3 206.4 207.2 205 201.3 198.7 197.3 196 195.4 195.3 193.5 193.2 193.5 194.1 192.4 187.6 180.9 178.3 162 145.4 158 164.2 169.4 162.4 160.6 159.5 159.8 153.5 138.7 146 165.1 163.1 158.8
210.5 208.4 206.1 203.5 200.7 198.2 160.3 158 160.1 168 180.8 179.7 177.7 180.4 180.1 178 176 175.2 175.9 176.1 176.1 174.5 163.9 162.5 159.1 155.4 155.2 155.9 154.7 155.9 142.8 139 141.2 145 151.6 152.3 151.3 155.6 159.2 165.2 167.3 171.4 175.1 174.3 152.8 167.9 179.6 185.8 194.2 200.4 198.6 196.7 195.6 195.3 194.7 192.8 191.1 188.2 187.3 188.2 189.3 189.5 189.1 185.6 179.7 171.9 159.4 148.1 161.3 180.3 182.7 178.5 165.6 164 160.2 151.1 146.1 163.2 178.3 179.6 170.7 167.6
203.8 205 200.9 198.2 195.4 176.7 162.4 158.5 168.8 182.3 183.4 182.8 181.5 181 179.9 177.2 174.8 174 174.5 175 176.1 167.3 167.1 173.5 165.8 159 154.5 153.2 148.9 145.1 150.4 155 157.9 161.8 165.5 165.7 166.2 170.7 172.4 172.8 173 173 175.2 173.7 159.5 157.7 175.8 178.7 183.8 186.9 185.8 184.8 185.7 184.7 184.1 181.1 180.2 180.2 181.6 182.1 183.1 183.1 180.7 168.7 151.6 151 152.3 163.7 180.5 187.3 186.8 186 176.5 168.6 148.7 159.7 172.5 184.2 190.3 188 181.5 183.5
205.2 195.2 195.3 189.1 178.5 179.7 161.6 158 181 187.8 187.6 186.2 184.6 185 181.8 178.7 180.4 181.6 178.2 175.1 170.5 170.8 175.1 175 169.6 164.9 163.4 159.7 158.9 160 163.8 167.7 170.5 173 174.1 174.4 176.3 177.5 177.8 177.7 177.2 176.3 175.7 174.1 171.8 154.4 163.2 172.6 174.1 174 175.4 175.9 178 178.4 178 178.1 178.2 178.2 177.2 174.4 170.4 167.5 160.9 154.8 156.7 164.3 170.5 181.1 179.5 170.7 168 167 166.5 162.9 153.6 172.8 183.8 195.9 201 200.6 194.5 185.5
203.8 197.8 191.5 182 180.5 179.6 167.1 160.1 176.7 192.2 193.3 192.8 194.5 189.3 184.6 183.1 189.7 187.8 185.1 183 181.3 180 179.9 178 175.6 171.1 167.9 164.2 164.4 166.8 170.2 173.4 177.8 180.6 180.7 181.5 182.3 182 183.4 183.7 180.8 179 178.1 176.9 174.9 173.2 156 167.4 173.5 175.1 176.9 177.9 179.4 180.4 180.4 181.5 182.1 181.5 179 177.2 167.3 160.1 160.6 154 176.6 179.1 179.2 179.1 177.3 176.9 169.1 165.2 164 164.1 160.6 179.2 190.4 193.9 188.1 188.7 184.8 174.7
205.5 208.5 197.6 187.7 184.2 184.1 179 162.9 177.2 196 196.7 196.8 195.3 189 182.2 192.3 196.3 197 195.5 194.4 192.3 189.4 185.3 182.6 181.2 177.9 172.9 170.9 171 171.7 174.7 177.4 181.1 184 185.6 185.9 186.1 185.8 186 184.5 183.9 181.4 180.1 179.4 178.1 163.8 164.6 176.2 180.8 185.5 187 189.4 189.5 191.6 194.5 196.9 196 191.6 186.4 168.8 164.7 175.3 174.6 167.5 169.6 179.2 178.9 178.2 179.1 179.4 174.9 174 173 170.3 156.6 180.4 181.3 177.4 179 177.6 171 164.3
211.4 212 198 191.3 187.7 186.7 181.6 163.5 168.9 193.5 198.9 197.1 193.9 189 185.5 199.9 199.1 201 201.3 201 200.3 197.8 195.2 191.3 188.6 185.2 181 179.7 178.2 178.4 179.2 182.2 183.7 186.2 187.9 187.8 186.8 186.9 186.3 186 186.1 186 185.6 183 175.6 156.3 180.6 184.2 189.4 191.8 193.3 195.5 196.1 195.5 195.7 192.3 188 182 171.2 164.8 171.9 185.8 183.4 175.7 171.1 179.5 182 182.6 183.6 184.6 185.6 179.7 177.3 173.8 155.5 175.1 177.7 177.3 175.4 174.7 171.2 172.8
215.4 217.2 202.7 194.8 191.5 188.4 184 164.6 165.4 194.5 200.6 200.1 196.8 190.1 184 186.2 189.8 189 190.9 197 202.8 203.8 202.7 200.8 198.4 194.3 191.6 191 190.4 185.6 184.9 189.5 190.5 190.1 189.7 188.2 186.6 187.6 186.5 188.1 187.3 186.8 187 184.2 161.4 158.6 184.5 186.5 189.7 191 187.9 189.4 190.4 189.1 187.8 186.6 186.4 179.8 168 179.9 180.7 184 188.9 177.9 174 192 194.9 191.7 191.4 189.9 188.3 176.9 169.2 171.6 182.5 188.3 192.6 191.6 186.2 181.6 180.1 179.2
218.5 218.5 211 197.5 194 190.2 179.9 163.4 170.8 196.3 204.7 204.1 199.4 190.3 193.7 196.3 193.6 194.3 191.8 189.9 194.8 205.7 205.8 204 201.1 197.8 193 191.1 191 191 191 192.7 192.3 191.1 190.6 187.4 186 186 185.8 184.8 181.2 171.6 164.7 167 178.5 165.8 165.9 181.7 181.2 180.6 178.3 174.1 174.3 173.2 174.1 176.3 171.2 169.7 171.2 175.3 181.1 185.2 191.2 177 174.4 198.5 203.9 198.8 198.1 197.6 194.3 180.3 185.3 187.5 195 204.8 202.8 200.9 198 193.3 188.6 183.9
218.8 218.1 209.9 198.7 196.1 192.4 171.9 173 193.2 206.6 206.2 205.8 200.3 202.6 204 204.5 201.1 200.4 199.6 196 189.2 194.8 199.1 202.2 200.3 194.1 190.1 189 190 191 191 190.6 190.6 189.9 187.4 185.1 183.5 179.4 178.4 180.3 184.6 186.7 187 185.3 180.2 177.9 170.6 176.4 177.2 184.2 192.7 194.7 195.4 186.6 189.8 177.7 174 190.1 192.5 192.5 190 189 192.1 173.4 182 203.5 208.8 206.4 204.8 204.7 194 187 195.7 195.3 199.5 200.1 200.3 200.9 203.7 202.9 201.7 200.1
219.6 218 204.7 199.4 196.2 175.7 178.3 191 202.1 207.8 206.3 204 205.3 206.3 205.6 202.7 195.8 207.9 209.3 210 199.8 189.9 193.5 194.3 191.9 188.9 188.9 188.9 189.7 189.6 189.3 190.5 189 188.3 185.2 184.7 187.2 188.3 189.8 188.6 190.5 192.5 192 190.3 186.5 186.1 183.1 182.6 199.9 206.2 206.3 205 199.7 197.2 198.3 192.3 197.1 199.3 196.9 195.4 192.5 188.9 186.2 168 192.4 210.7 212 211.3 210.4 209.7 190.3 192.9 205.5 205.5 206.3 205.5 205.4 209.7 214.8 217.2 219.7 215.2
213.3 204.1 197.6 182.3 173 175.4 195.1 204.1 207.1 207.7 207.1 206.9 206.7 205.3 207.7 201.8 198.4 219.3 220.4 203.8 193.2 192.8 194.3 193.6 194.1 192.4 193.1 192.9 191.2 190.8 191 190.3 189.1 188.9 190.1 191.3 194.2 193.3 190.5 190.5 191.7 193.8 193.3 189.1 184.4 179.6 176.2 199.6 204.3 207.5 208.8 204.5 208 210.8 206.3 200 204.4 204.8 204.1 200.1 198.9 196.6 182 183 200.8 213.3 212.7 211.7 211.9 212.1 187.4 199.9 216.5 220.4 222.3 220.9 217.4 216.2 216.2 214.3 207.8 206.6
208.6 194.9 180.5 173.5 185.3 199.8 207.3 208.4 209 210.6 215 212.9 215.3 215.3 221.4 210.2 201 204.1 204.7 206.4 210 217 212.8 202.2 204.7 199.2 195.9 196.9 197.8 194.8 193.6 193 192.2 189.9 191.4 191.7 193.7 192.5 188.9 189.6 191.5 193.5 191.7 190.7 190.4 191.8 199.5 206.9 215.4 217.5 215.6 218.3 220.1 214.6 216.3 210.2 210.1 211.1 211.7 211.6 208.6 204.2 183.2 188.2 207.6 211.6 210.9 211.3 212.5 212.2 201.6 191.9 215 218.1 217.7 216.2 213.2 209.6 206.4 204 204.7 205.7
192.9 176.7 175.6 186.5 207.5 209 210.6 213.9 215.7 220.9 221.6 225.2 227.2 229.7 228.4 224.7 215.7 217.3 224.6 224 223.3 220.9 207.7 213.3 211 205.3 198.4 201.5 203.5 201 196.8 195.4 195.5 194.3 194.9 194.4 194.6 194.5 194.4 194.4 195.1 195.5 196 189.9 196 198 205.5 214.6 220.7 223.7 226.9 227.8 219.4 214.5 218.2 219.1 218.9 222.1 222.3 219.3 213.8 203.6 181.5 190.8 205.1 209.9 209.1 210 211.4 210.1 209.8 187 208.5 209.6 212.5 208.5 210.1 211.8 214.4 216.3 219.2 217.9
178.4 180.3 190.7 199 208.2 213.3 219.7 221.5 226.1 229.7 231.6 234 238.6 239.5 236.1 233.4 233 236.2 237 239.5 234.8 226.4 213.8 224.6 219.2 207.9 201.5 205.7 205.9 203.3 199 200 198.3 200.4 201.4 202.6 203.2 204.1 204.4 206 207 206.9 205 195.6 205.8 208.6 214.6 220.2 228.5 230.5 226.5 223.6 230.1 229.2 230.3 232.6 234.6 230.1 223.6 218 211.1 202.9 181.6 179.5 181.8 196.6 207.6 210.4 211.2 209.3 211.3 184 211.2 211.8 211.8 212.1 214.6 218.5 221.2 223.6 225.1 225
183.4 201.7 198.5 214 217.1 223.2 225.5 228.7 234.4 237.6 238.4 236.5 241.8 244.4 246.1 246 246 239.3 241.9 239.7 236.4 235 226.4 239.4 228.5 219 208.9 208.2 205.4 204.7 208.4 210.8 204.7 204.6 208.3 209.8 211.8 215.1 213.7 214.3 215.7 214.5 212.5 199 209.5 216 222.6 229.4 231.4 224.6 232.7 239.9 240.9 242 241.5 240.8 237.3 230.3 223 215.8 206.7 192.9 193.9 197.3 191.7 185.3 208.2 212.9 211.4 210.1 209.5 186.8 208.7 216.2 216.2 216.2 215.3 218.6 221.8 223.8 223.3 224.3
204.8 207.9 212.7 220.4 224.2 228.4 229.8 235.7 240.9 240.5 241 238.7 239.3 242.2 238.1 238.6 234 235.2 233.6 236.9 236 234.9 230.5 237.6 233.3 229.1 222.2 215 215.8 215.7 217.9 220.8 205.5 213.4 218.2 221.3 221.6 220.3 220 221 220.8 219.6 217.4 202.6 214.6 222.6 230.1 229.1 227 241.1 249.9 252.1 248.3 248.3 244.6 242.1 232.8 227 219.1 211.7 197 195.1 202.8 209.3 207.3 187.8 199.5 214.6 213.1 212.5 211.8 201.1 195.3 214.5 216.3 216.2 216.1 216.1 218.2 220.1 220.4 216.9
216.7 216.9 217.4 223.7 230.6 231.7 234.4 240.6 246.5 238.9 239 238.4 239.3 238.6 241.7 238.9 237.1 235.7 234.7 233.3 233.9 231.2 233.6 234.6 231.6 229.3 225.7 218.3 220.5 222.9 223.6 222.3 208.6 220.5 225.4 226 223.7 225 226.2 226.4 225 223.2 216.6 211 223.1 225.4 228.6 234.6 246.7 253.8 256.4 255.4 253.3 250.5 248.4 239 228.3 221 213.9 199.3 200.1 206.9 214.3 216 210.9 194.5 201.3 213.9 214.7 214.9 213.4 212.2 207.3 199.9 209.5 213.3 213 214.2 214.2 213.3 210.7 209.2
223.3 221.7 220 228.6 232.4 234.1 239.7 244.9 244.3 257.6 251.6 253.7 257.6 257.9 256.6 246 247.5 262.7 259.2 241.9 236.5 234.3 235.4 235.5 234.8 231.5 228.5 219.8 224.7 225.3 225.9 222.3 211.2 224.7 227 225.3 226.9 229.2 229.3 228.7 227.6 224.3 219.5 209.6 223.4 226.6 231.6 247.7 254.8 260.2 259.6 258.6 256.5 253.4 246.6 236.9 225.2 215.4 200 205.6 211 216.1 219.8 220.4 214.3 202.7 194.4 213.7 215.2 214.6 214.6 214.1 213 211.6 205.4 206.1 210.7 212.4 212.7 210.6 210.2 210.4
230.7 227.8 227.6 231.7 237.3 243.4 251.6 249.9 265.1 275.4 276.1 279.4 280.7 278.4 275.1 273.2 269.4 274.5 269.5 258.9 244.8 236.4 236.4 235 235.1 228.2 224.3 226.1 228.2 228.6 227.3 220.8 220.3 229.7 231 232.6 233.2 233.3 233.3 231.7 230.6 226.4 217.3 220.1 224.3 230.5 237.3 249.6 259.8 262.1 262.2 260.4 255.6 249.8 242.2 229.2 209.7 207.5 212.6 215.9 219 222.4 223.3 222.7 220.3 212.5 194.6 212.2 215.2 216.4 216.7 216.5 216.1 215.6 216.2 203.5 210.4 212.9 212.5 211.3 210.4 210.4
236.8 231 230 236.7 246.3 255.1 250.5 266.2 283.9 287.8 289.7 290.2 290 288 284.8 283.4 280.7 276.6 269.8 263.7 255.3 243.4 238.4 234 234.8 230.7 231.1 230.6 232.7 231.3 229.5 221 229.7 236.6 240.3 241.7 240.7 236.3 238.1 235.7 235.9 229.5 218.8 218.8 222.2 223 229 248.1 257.4 261 260.9 253.7 243 235.8 225.5 218.7 211.3 216.4 219.5 224.1 232.1 231.7 226.8 224 222.4 212.8 199.3 214.3 217.6 218.8 218.3 218.1 216.6 216.2 208.2 208.3 215.8 215.3 214.7 214.4 214.1 216.4
239.9 233.2 234.1 245.8 252.8 248.6 264.5 284.8 292.8 295.5 298.2 298.7 297.2 294 293.6 293.5 288.7 280.5 274.2 265 260 251.5 250.4 247.3 247.8 248.7 248.4 242.5 238.5 235.5 232.1 223 236.4 238.4 234.3 234.3 233.2 229.3 228.4 227.3 227.1 220.9 218.9 228.8 235.4 238.2 232 234.1 241 244.2 249.6 239.5 225.5 224.2 227.1 221.4 223.8 227.4 233.6 239 238.9 235.7 230.2 225.8 217.7 196.1 210.6 218.2 221 220.7 219.2 218.4 216.6 215 208.7 215.7 216.8 220 219.6 219.2 223.4 229.1
241.5 235.6 240.5 244 248.4 268.7 281.3 291.6 298.2 302 303.8 304.4 302.4 302.9 303.6 298.6 291.7 287.2 282.1 273.3 265.7 263.3 267.4 264.1 260.5 263.3 257.7 251.9 245.2 240.3 233.7 229.4 228.6 233 235.8 235 231.5 229.4 227.2 225.8 226.8 235.2 244 248.4 251.7 251.1 253.8 251.1 243.6 241 235.7 238.1 240.2 245.9 238.6 221.3 239.5 239.8 240.9 242.2 241.4 237.5 231.1 221.2 201.7 213.4 214.1 222.6 223.9 222 220.5 218.2 215.6 209.8 216.2 216.2 221 223.9 223.4 230 237.9 244.4
241.6 242.4 247.3 251.7 261.6 275.2 287.5 297.5 305 306.8 308.8 308.9 309.9 310.3 307 301.7 297.3 292.6 285.6 277.1 272.7 276.9 278.7 275.9 269.3 271.1 264.2 256.8 248.9 245.9 242.4 235.9 233 234.3 240.8 243.2 245.1 239.8 242 242.5 251.2 253.5 260.9 261.3 261.8 263.2 265.4 266.7 267.5 264 257.7 258 255 248.2 237.7 237.5 245.9 246.4 243.7 242.2 240.4 236.3 227.1 210.4 212.4 215.4 221.2 227.5 226.7 224.4 222.4 219.9 214.3 215.6 216.7 220.9 225.5 228.5 235.9 246.4 253.2 256.1
247 249.1 253.5 261.9 267.6 276.1 289.9 302.1 308.4 312.9 316.1 318.9 318.7 315.2 313.1 310.7 303.6 297.7 289.6 283.5 282.8 286.6 287.8 284.9 280 275.3 270.4 264.8 253.2 249.8 245.8 244.3 246.2 245.9 246.7 250.2 251.7 251.9 253.3 255.6 261.5 264.2 269.8 272.4 273.3 273.5 272.1 271.4 269.9 265.6 260.9 259.9 255 249 230.2 248.9 251.7 249.8 248.2 243.4 240.6 234.3 223.7 211.1 213 222.6 227.7 231.3 231.1 226.6 222.1 219.2 218.7 220.3 221.3 228.3 233.4 234.7 246.8 255.4 261.3 264.5
253.8 256 260.9 266.6 274.7 281.4 294.6 306.8 313.7 320.3 323.6 324.5 323.1 323.2 322.6 318.2 308.6 303.5 294.2 287.7 289 291.1 296.6 296.1 291.4 285.5 280.5 270.6 261.6 255.8 256.7 255.8 256.9 253.9 252.1 254.8 258.4 260.1 262.4 268.1 275.2 281.3 284.2 285.8 286.2 283.2 281.5 278.3 274.2 270.4 265.1 260.4 253.6 237.7 250.3 253.5 254.2 252.5 251.4 246.8 241.6 234.8 227 208.7 223.7 229.7 233.1 233.4 231.2 225.6 220 221.7 225.9 226.5 230.9 238.8 244.8 250.5 246.3 262.5 268.2 271.9
264.8 265.8 268.3 273.5 280.1 291 302.7 309.4 318.8 325.5 328.7 329.4 330.4 329.9 326.6 318.4 312.3 306.5 297.1 291.4 294.6 303 309.3 306.6 301 294.1 286.5 277.9 268.2 265.7 267 267.1 268.2 265.2 261.1 260.5 265.8 270.4 274 282.2 290.7 295.8 296.9 297.1 296 292.2 286.9 284.4 277.6 272 267.6 261.5 244.7 252.4 257.2 261.5 261.3 259.9 257 250.5 242.1 235.7 212.5 221.7 229.4 234.9 236.7 235.7 232.1 224.3 226.7 224.6 230.6 232.8 239.8 249.3 255.5 261.8 262.2 263.1 273.1 273.9
273.5 275.7 278.7 283.9 292.9 305.3 313.9 320.1 324.9 330.9 334.5 335.5 334.6 330 325.7 320.4 314.6 306.9 299.9 299.8 301.8 311.1 313.6 312.9 310.6 303.7 293.9 284.5 276.4 268.4 276.4 276.8 276.4 269.9 269.6 272 276.1 281.7 288.2 296.1 303.1 306.1 306.6 305.8 303 297.6 292.4 286.3 281.1 273.6 267.6 250.3 260.1 262.3 264.3 265.5 263.4 262.7 259.9 253.7 240.3 226.3 218.8 231.3 236 238 237.9 236.1 226.7 232.6 232.1 229.3 235.4 239.2 249 255.3 264.9 270 271.9 269.4 273.5 275.2
285.2 286.6 290 297.7 308.8 317.5 321.1 326.1 330.9 335.7 335.6 336 334.4 330.5 326.9 321.4 314.3 307.9 306.3 305.4 311.8 316 319.1 318.9 316.3 309.1 301.7 294.5 286.1 283.9 285.2 284.1 282.2 271.8 282 284.7 290.2 295.9 303.3 308.7 312.9 314.4 314.2 311.2 307 301.7 296.4 290.3 282.3 275 255.6 265.1 267.3 269.1 270.2 269.3 266 264.7 260 252.1 234.7 220.6 228.2 237.9 239.4 240.6 240.1 231.5 234.8 236 236.1 236.5 241.5 245.3 253.6 263 266.2 271.1 273.6 273.2 273.4 275.8
296.9 299.3 303.4 312.5 320.7 324.9 329.6 333 336.1 338.1 336.8 335.8 333.4 329.8 325.6 321 315.4 310.8 310.4 312 316.3 321 323.4 324.1 321.7 315 309.7 304.5 295.5 295.2 295.5 290.8 286.4 289.6 292.3 298.2 302.9 308.5 314.5 318.3 319.9 320.1 318.3 314.4 309.5 303.8 297.7 290.3 282.7 272.7 271.6 274.2 276.6 278.1 276.8 275.3 271.8 265.7 257.6 246.6 227.6 228.2 240.7 244.8 245.2 243.8 241.5 229.5 238.7 240.1 237.2 243.3 248.2 252.9 257.6 262.8 268.7 271.3 275 276.2 275.9 274.9
309.2 314.8 319.2 324.1 330.1 332.2 335.7 337.5 339.2 338.9 336.4 335.8 332.4 329.5 325.4 321 315.6 315.1 314.8 319.4 322.7 325.3 327.4 327.8 325.8 321.2 317.3 310.8 306.8 307.9 305.1 298.2 292.6 297.2 302.3 308.7 314.2 317.8 322.5 324.7 325.2 323.7 320.9 316.9 311 304.6 297.9 287.7 280.2 271.2 282.2 284.6 284.2 284 281.4 280.4 275.3 270.5 252.2 238.5 226.9 241 247.9 248.7 247.9 246.2 242 234 241.3 243.5 242.1 249.2 254.4 259.8 265.7 271 274.2 276.2 277.1 278.3 278.9 275.6
323.3 327.3 332.6 334.7 335.8 338 339.4 340.8 341 340 335.7 334.5 331 328.2 325.5 321.2 316.9 314 322.6 325.3 327.1 329.7 330.8 331.1 329.1 327.5 322.6 316.7 313.6 314.7 314.4 308.8 302.1 306 312 317.7 323.3 326.3 328.4 329.4 328.1 326.3 322.5 317.2 311.3 304.7 296.7 287.1 274.7 287.2 290.1 290.8 289.6 288.4 286.5 283.5 275.7 262.1 247.2 231.6 234.8 247.7 251.5 251.7 249.9 248 245.3 236.3 244.6 246.7 245.8 254.2 262.9 270.8 273.8 277.7 280.3 281.2 282.4 282.3 281.2 276.1
333.3 337 338.5 339.3 340.8 343.2 343.6 342.3 341 338.6 334.3 332.6 329.8 327.1 325 320.6 320.9 324.5 327.4 328.8 330.9 334.2 334.3 333.5 331.9 330.9 327 323.9 319.6 320.5 321.1 318.8 308.8 309.7 319.2 325.1 328.8 332.2 333 332.4 330 326.7 322.8 317.8 311.6 305.3 296.8 288.3 292.6 295.1 296.1 295.5 293.4 291.6 289.7 282.4 271.1 252.8 242.1 228.1 246.3 253.9 255.9 254.6 250.6 247.4 244.6 244.5 248 250.7 252.6 257.4 269.3 274.9 279 282 283.7 284.5 285.2 286.2 279.2 275.6
338.6 341.9 343.1 343.1 345.6 346.5 345.3 342.3 340.4 337.3 333.4 331.5 328.2 326.2 323.6 319.1 324.5 327.4 329.5 330.9 333.5 335.6 335.9 335.2 334.1 332 329.4 325.8 324.2 325.3 326.1 323.4 319.5 318.8 326.8 331.6 334.8 336 335.8 333.6 330.4 326.8 321.8 317.3 312 304.8 299.6 299.1 299.1 300.8 300.4 298.3 295.7 292.5 286.6 278.8 263.2 250.4 238.4 240.3 253.9 259.6 259 254.7 252.3 250.2 244.5 244.8 249.2 254.4 255.2 259.8 270.4 277 282.5 286.4 287.2 288.8 287.8 284.9 280.7 275.7
341.3 343.8 345 345.9 347.1 345.9 343.2 340.3 337.8 335.3 332.5 330 326.6 324.3 322 323.4 326 328.8 330.2 332.3 335.3 335 334.7 335.9 334.5 331.8 329.8 328.5 326.8 328.3 328.7 325.6 325.5 326.7 331.9 335.5 336.8 336.8 336 334.5 330.4 326.4 321.5 317.7 312.4 309.8 306 305.3 304.6 305.8 303.6 300.1 297.1 291.3 284.6 273.9 261.8 248.1 237.6 252.3 260.6 262 261 256.3 254.1 250.7 248.8 245.4 254.1 258.8 259.1 260.9 270.5 279.1 285.2 289.2 291.4 292.2 289.5 284.4 280.4 277.5
