data/NT76.asc
ncols 200
nrows 200
xllcorner 370000
yllcorner 660000
cellsize 50
[rows 70 to 104 of 200, columns 78 to 155 of 200]
266.1 266.1 265.4 264.6 263 260.5 260.2 255.2 250.9 249.5 252.1 254.2 260 267.7 269 269.9 268.2 263.4 259.6 256.3 252.8 249.8 246.8 242.8 239.1 238.3 238.7 240.7 240.6 239.6 238.9 236.3 233.8 232 228.7 224.1 222.9 221 219.5 214.9 209.3 203.5 205.5 213.5 220 225.3 228 229.4 229.9 230.1 230.4 230 229.1 228.3 227.7 227.5 227.4 228.5 228.8 228.4 227.7 226.1 225.8 225.3 224.9 224.7 225 225.1 225.7 226 226.1 226.4 226.8 228.2 228.2 227 225.8 224.5
267.2 265.8 264.1 264.2 261.7 260.9 260.3 257 252.9 252.6 254.8 258.6 263.9 270.3 273.8 279.1 279.9 273.9 265.7 262 259.1 253.8 249.8 245.5 241.9 239.5 239.3 240.1 240.3 240.1 239.9 237.3 234.7 231.9 228.6 224.9 220 219.2 217.8 214.9 211.6 206.3 203.8 207 212.3 217.5 222.5 224.8 226.7 227.3 227.9 227 226.4 226.6 225.5 223.9 224.1 226 225 224.1 223.3 222.2 222.4 221.9 221.5 221.5 221.9 221.7 222.4 223.3 223.9 224.7 225.8 227.2 227.2 226.3 225 224
270.2 267.3 264.2 264.8 263.3 261.4 260.8 257.5 256.6 258 259.5 262 267.8 274.7 280.9 284 284.4 282.1 275.6 271.6 267.3 261.4 253.8 248.9 243.7 240.2 236.7 236.2 237.3 239.4 240.4 237.8 234.5 231.8 228.4 224.7 219.4 217.6 215.8 213.4 212.2 210 204.2 204.2 205.9 210.4 215.2 218.9 222.3 224.6 224.8 223.9 224.1 224.3 223.2 221.3 221.1 222.8 221.7 220.5 219.6 219.3 219 218.3 217.7 218.2 218.6 218.6 219.3 220.6 221 222.1 224.4 226.2 226.2 225.9 224.6 223.3
273 269.6 267.2 266.7 265.7 263.2 261.4 260.1 259.5 261.3 263.4 265.2 272.2 279.1 284.8 287.9 287.6 285.5 281.5 276.8 271 264.4 257.8 252.3 248.8 243.2 236.4 233 231.8 234.7 237.3 236.4 233.7 230.8 228.1 225 220.7 217.1 214.5 213.2 212 210.7 207 204.4 204 206.1 209 213.5 216.9 219.6 220.4 220.5 220.6 220.8 219.6 218.2 218.2 219.4 218.8 218.1 217.3 215.9 215.4 214.5 213.7 214.6 215.1 215.3 216.3 217.6 218.4 219.5 221.5 224.4 225.8 225.6 224.6 223.3
274.4 271.6 270 268 265 264.1 263.6 262.4 262.8 264.5 266.7 271.3 275.6 282.3 288.3 291 289.4 286.4 282.4 277.9 273 266.6 261.7 256.8 253.1 249.7 244.9 234.1 229.6 230 231.6 232.3 231.6 229.4 226.8 223.7 220.7 217.9 215.1 213.1 212.2 210.8 207.6 203.6 201.2 200.7 205 208.4 212.6 215.1 216.2 217 217.2 217.1 216.2 214.1 215.9 216.7 216.3 215.6 215 213.6 212.5 211.3 210.6 210.7 211.6 212.2 213.2 214.5 215.7 217.4 219.6 222.9 224.8 224.3 223.7 222.8
275.2 274.4 273.1 270.4 266.6 264.6 265.8 265 265.3 267.7 270.5 275.2 278.9 285.2 290.4 290.8 289 285.4 281.9 277.7 273.5 268.2 263.6 259.1 254.7 249.9 244.5 238.9 232.7 228.1 226.2 226.5 226.6 226.3 224.9 221.5 219.2 217.1 214.9 212.3 210.7 209.4 207.9 204.3 200.1 199.1 201.7 205.5 208.8 210.9 211.9 212.7 213.7 213.1 212.5 211.6 213.6 214.1 213.7 213.1 212.5 211.3 210.4 209.2 208.2 208 208.5 209.3 210.5 212.1 214 216.5 219.1 221.1 222.6 222.9 222.3 221.7
278.1 277.5 275.4 273.4 270.2 268.2 268.1 267.6 268.6 270.6 274.1 279 281.5 285 289.1 289.5 287.4 283.8 280.6 277.5 273.7 269.2 264.8 260.4 256.2 251.9 246.9 242.1 236.1 231.8 226.9 223.7 221.5 220.3 220.5 218 217.1 216.2 214.5 211.6 209.2 207.9 206.7 204.6 200.5 199.3 199.7 202.4 205.4 207.2 208.2 209 210.2 210.2 209.4 209.9 211.5 211.1 211.3 210.7 210.1 209.2 208.2 207.1 206.1 205.2 206.2 207.1 208.7 210.5 212.4 214.8 218.2 220.8 221 220.8 220.8 219.9
282.1 281.5 279.3 275.6 274.1 271.7 270.5 271.1 272 273.8 277.8 281.1 281.9 283 286.6 286.6 282.7 281.8 278.6 276.2 272.6 268.6 264.2 259.8 256.3 252.4 249.1 244.6 240.4 234.6 230.3 224.9 220.5 217.7 215.7 215.1 214.5 213.7 212.5 210.8 207.8 206.8 205.9 203.9 200.3 200 199.3 199.9 202.2 204.7 205.3 206.6 207.4 207.5 206.7 207.4 208.5 208.8 208.7 208.3 207.9 207 206.1 204.9 203.5 203.6 204.3 205.7 207.3 208.8 209.8 213.7 216.9 218.8 219.6 218.6 218.5 217
284.9 283.4 281.7 279.9 277.8 274.6 274.1 274.6 275.2 278.4 280.9 281.5 282.3 283 282.7 282.9 279.9 278.9 276.5 274.8 270.6 266.8 262.9 259.3 255.7 252.1 249.7 245.8 241.5 236.1 232 227.7 222.2 218.5 215.1 213.8 211.5 210.9 209.9 208.5 206.7 204.4 203.8 201.5 200.1 199.5 198.7 199.4 200.1 201.8 202.9 203.8 204.7 204.8 204 204.8 205.6 206.5 207.3 206.7 206.1 205.1 203.8 201.7 201.6 202 202.5 204.4 205.9 207.3 209.4 212.1 214.9 216.2 216.5 216 215.3 214.9
285.1 283.7 282.3 281.3 281.2 279.3 280.3 279.1 280.4 281 281.4 281.8 282.4 282.3 281.9 280.9 277.7 274.9 273.4 270.8 268 264.2 260.3 256.9 253.9 250.3 247.6 244.3 240.2 235.8 230.9 227.1 223.8 219.5 216.2 213.1 210.1 210.2 208 206.5 205.1 203.9 202.4 199.7 200.2 199.1 198.2 198.5 198.8 199.4 199.9 200.5 200.9 200.9 201.2 201.9 203.6 204.7 205.1 204.9 204.2 203.1 201.9 200.4 199.7 200 201.1 202.7 204.2 205.9 207.9 210.2 212.5 213.7 213.7 213.5 212.8 212.7
285 284 282.6 282.1 281.9 281.5 280.8 281.3 281.4 281.5 281.9 282.2 281.8 281.3 281.3 279.2 275.7 273.3 270.4 267.4 264.3 261.6 258 254.6 251.9 248.7 244.7 241.2 237.3 233.6 229.4 225.4 221.8 218.1 215.8 213.6 211.1 208.9 207.1 205.6 206 204 201.9 200.9 200.3 199.1 197.7 196.3 196.3 197.3 197.5 195.9 196.6 196.4 197 198.5 200.9 202.3 203.1 203 202.3 200.7 200.7 197.3 198.3 198 199.7 200.9 202.2 203.9 206.1 208.4 209.8 210.2 209.9 210 210.3 211.1
284.9 284.2 283.3 282.8 282.6 282.1 281.4 282.1 282.2 282 282.2 282.1 281.7 281.4 281.1 277.1 275 272.8 268.6 265 263.1 259.8 255.7 252.6 250.3 247.2 242.2 237.9 233.8 229.7 226.4 224.5 221.5 220.1 217.7 215.4 213.9 211 208.8 207.1 205.4 204.6 202.9 201.3 200.3 198.5 197 195.8 194.2 196.2 194.3 194.1 193.7 193.5 193.9 195.2 197.6 199.6 200.6 201.2 201.1 199.7 199.1 196.4 195.9 197.2 197.9 199.2 200.4 201.8 204.1 205.9 207.1 206.6 206.3 206.4 208.5 211.8
284.2 283.4 283.2 283.2 283.2 282.6 282.2 282.6 282.2 282 281.8 281.7 281.5 281.2 279.5 277.1 274.7 272.3 268.7 265.4 263.1 260.5 255.9 251.5 249.8 245.5 241 236.9 234.4 231.7 229.7 227.8 225.7 224.9 221.6 219.1 216 212.9 210.5 208.6 206.6 205.4 204.1 202.6 202.5 202.5 203.1 203.4 201.4 200.1 195.8 194.3 193.7 191.8 191.6 192.8 194.2 196.4 197.9 198.8 199.2 198.2 197 195.2 194.2 195.3 196.2 197.4 198.7 200 201.9 203.2 203.5 202.9 203.2 204.6 207.7 211.3
282.6 282.2 282.2 282.8 283.2 283 282.7 282.3 281.8 281.4 281.2 281.1 281 281.1 279 276.6 274.1 271.7 268.5 265.3 263.4 261.3 257.9 253.6 251.5 248.2 244 240.2 238.1 235.6 233.2 230.9 227.8 224.8 222.1 219.4 216.3 212.9 210.8 209 207.3 205.7 204.4 204.2 204.8 206.1 207.2 207.4 206.7 205.5 204.6 200.6 195.2 191 190.2 191.2 191.9 191.8 194.6 196.1 196.7 196.1 195.2 194.5 193.7 193.4 194.4 195.6 196.9 198.2 200 200.6 201.1 199.6 203.1 205.5 208.3 212
281.3 281 281.6 282.3 282.9 282.9 282.3 282 281.6 281.2 280.8 280.8 281 280.9 278.9 276.3 274 271.6 268.6 265.5 264.3 261.4 258.5 253.9 251.4 249.1 246 242.7 240.2 237 234.1 230.7 227.8 224.9 222 219.1 215.9 213.2 211.2 209.7 208.2 206.6 205.8 206.8 208.2 209.7 210.7 210.8 209.4 208 206.5 202.1 197.9 195.3 190.6 189.6 189.8 189.5 189.3 192.5 194 192.9 192.9 192.1 191.5 191.3 192.3 193.5 194.6 195.7 196.7 197.1 198.5 200.8 204.1 207.5 210.5 213.6
277.6 277.9 280.8 281.8 282.2 282.5 281.9 281.4 281.4 281.1 279.6 280.9 281.1 279.6 278.2 276.3 274.1 271.3 268.2 265.1 262.7 260.6 258.6 253.9 249.4 248 245.9 243.5 240.5 237.5 234.2 230.7 227.8 225.4 222.7 219.2 216.5 213.8 212.2 210.7 209.2 208.8 209.3 210.2 210.7 211.2 212.2 210.8 209.7 208.3 206.7 205.7 200.4 197.6 195.2 191.1 189.1 189.4 189.2 189 190.5 190.2 189.8 189.7 189.3 190 190.5 191.3 192.4 193.4 194.7 194.6 198.4 203 206.4 210.2 213.2 216.2
274.5 274.4 277.5 281.2 281.6 281.9 281.6 281 280.6 279.2 278.6 278.5 278.2 278.2 277.5 275.9 273.9 270.7 267.6 264.4 261.8 259.3 256.9 254 249.7 247.1 244.8 242.8 240.4 237.1 234 231.2 229 227.3 225.2 222.3 218.1 214.8 213.9 212.9 211.2 211.2 212.2 213.3 213.8 213.9 212.9 211 209.7 208.3 206.7 205.3 202.2 199.6 197.5 196 193.6 189.8 188.6 187.8 188.2 188.2 187.8 187.2 188 188.8 189.4 189.3 190.5 191.7 193 195 199.7 203.4 207.7 212.1 215.7 218.8
270.7 273.1 275.3 278.7 280.3 281.2 281.3 280.6 280.3 277.6 275.2 276.1 275.8 276.2 275.7 276.1 273.1 270.1 267 263.8 260.8 257.2 254.5 252.2 249.2 246 243.8 241.7 239.5 236.9 234.2 231.7 230.7 229.6 227.5 225.2 221.1 216.8 215.5 214.6 214.4 215.1 214.8 215.5 216.1 216 213.2 210.8 209.5 208.5 207.1 205.5 203 200.9 201.1 200.1 198.5 193 189.7 188.3 187.7 187.7 186.5 185.4 185.8 187 186.7 187.2 188.5 190.1 192.6 195.7 199.2 202.7 207.4 212.1 217.6 221.6
267.1 271.4 274.3 276.4 277.9 279 279.9 279.1 279.5 276.2 273.9 274 273.5 274.4 274 271.3 270.4 268 266.2 262.8 259.8 254.6 252.6 250.5 246.8 244.5 242.1 240 238.1 236.5 234.7 232.6 231.1 231 230.5 228.7 224.3 219 216.9 215.8 216.1 216.8 218.2 218.7 218.7 217.1 214 211.4 210.1 208.8 207.8 206.9 204.6 204.8 204.8 202.1 200.7 197.5 196.4 193.5 190.9 188.5 187 185.7 185.3 184 184.5 185.1 185.6 188.2 191 194.9 197.9 202.6 207.3 212 218.4 224
265.6 269.1 271.7 274 275.6 276.2 276.8 277.2 276.6 276 274.9 272.2 271.6 271.8 267.1 265.6 265.7 264.7 263.4 260.9 258.6 255.3 252.7 248.7 244.5 242.6 240.5 238.3 236.7 235.2 234 232.6 231 231 230.9 229 224.8 220.9 218.6 218 218.4 219.2 219.8 220.4 220.6 217.8 214.3 213 211.8 211 209.8 208.7 206.7 207.3 206.8 204.8 204.1 203.9 203.2 200.2 197.1 195.1 190.5 186.6 185.2 184.3 183.6 183.9 184.1 185.1 188.9 192.9 197.2 202.4 207.5 213.5 219.7 224.3
264.2 266.5 268.6 271.1 272.3 273.1 273.6 274.3 273.7 272.8 271.3 268.6 268.4 268.1 265.8 259.9 260.8 259 257.8 258.2 256.5 255.1 252.1 249.3 244.8 242.2 239.5 236.9 235.5 234.1 233.6 232.7 231.3 230.9 230.9 228.3 224.4 221.7 219.7 219 220.3 220.4 222.1 222.4 220.4 218.2 216.6 214.9 214 213.2 212.6 210.6 209.3 210.1 209.9 209.4 209.2 209 207.1 204.2 201 199.6 198.4 197.7 195.6 192.7 187.8 184 183.5 183.5 185 190.8 197.2 203.5 208.8 214.5 219.3 224
262.6 264.4 266.4 267.3 268.9 269 270.4 270.8 270.3 269.5 267.9 265.8 265.7 265.3 264.7 259.2 254.8 254.8 255.9 255.5 254.4 253.5 251.8 249.4 244.6 240.5 238.3 235.7 234.3 232.9 232.6 232.1 231.4 230.9 229.7 227.3 225 222.7 220.5 219 219.8 222.3 224.4 224.2 221.9 220 218.9 217.8 216.6 215.3 214.2 213.2 212.4 213.3 212.9 212.8 212.4 211 209 206.6 205 204.7 201.2 199.1 197.2 195.6 192.6 190.6 184.1 183.6 183 185.9 195.4 203.4 209 213 218.4 224.1
260.7 262.5 263.7 264.6 265.5 265.9 267.1 267.5 267.5 266 265.8 260.7 264.3 262.7 259.4 256.8 252 249.6 251.5 252.6 252.8 252.1 250.8 247.4 242.5 238.6 236.7 234.5 233.1 231.7 231.5 231 230 229.7 229.1 227.4 225.1 222.7 220.4 219 220 221.9 224.9 225.5 223.4 220.7 220.5 220 218.8 217.5 217.1 216.8 216.6 216.4 215.8 215.5 215.5 212.2 211.3 209.5 209.1 206.7 205.3 204.9 201 198 196 194.8 189.9 184.3 182.9 182.6 191.5 200.7 207.3 211.3 217 223.3
258.7 260.1 260.8 261.4 261.9 261.7 264 264.9 265.2 262.7 261.3 258.1 259.5 259.2 256.8 254.4 249.4 249 250.2 251.4 251.4 250.4 249 245.2 240.4 236.8 235.1 233.4 231.9 230.6 230.2 229.1 227.5 227.6 227.1 226.4 225.2 221.9 219.2 219 219 220.7 223.6 223.9 222.3 220.6 220.5 220.5 220.8 219.8 219.5 220 218.9 218.3 217.9 218.1 215.8 215.2 213.3 211.9 210.8 209.5 207.2 205.8 202.5 199 197.9 196.9 194 187.5 183 180.5 185 197.3 204 208.2 214.8 221.3
257 256.9 257.1 257.7 257.8 257.9 259.4 261.3 260.7 259.6 257.3 252.7 255.5 254.4 253.7 248.4 245.9 245.3 249.2 250.4 249.3 247.8 246.3 243.2 239.4 235.4 233.4 232.2 231.1 229.6 228.3 226.3 225.7 225.6 225.2 225.4 224.5 221 219.1 219.1 219.1 220.1 221.3 221.8 220.4 220.8 220.3 220.6 222 222.5 222.4 222.5 221.4 220.6 220.2 219 217.6 216.5 215.5 214.3 212.4 211.2 208.5 206.1 205.2 202.1 199.7 198.6 196.5 191.9 184.7 180.2 180.9 191.1 200.6 205.5 212 218.7
256.3 255.7 254.4 254.1 253.5 254.3 255.9 256.9 256.9 256 253.1 248.8 250.4 249.8 250.2 246 240.8 242.7 246.7 246.4 246.1 244.6 243.3 241.5 238.3 235.3 233.2 231.6 230.6 230.3 227.8 225.1 224.2 222.8 222.8 222.6 221.5 220.7 218.5 217.9 217.7 218.6 220.3 220.9 220.1 219 220.5 222.3 224 225.1 225.4 225.3 224.7 223.3 222.6 221.6 220.2 218.9 218.2 216.7 213.8 211.7 209.4 207.4 205.4 204.2 202.1 200 197.8 194.2 188.7 183.1 179 184.6 195.6 202.6 209.2 214.1
256.2 254.7 251.7 249.9 249.2 249.5 250.1 251.5 250.3 249.4 247.5 245.1 245 246.3 246.6 241.1 237.5 239.3 243.6 243.3 243.4 241.8 239.6 239.4 237.3 234.8 233 231.5 229.8 229.1 227.5 225.6 223.2 220.2 220.2 219.8 220.2 219.8 217.4 216.1 215.5 216.4 218.1 219.3 219.1 219.5 222.1 223.6 224.9 225.7 226.2 226.6 226 225.1 224.2 223.7 222.9 221.2 219.2 219 214.9 213.1 210.4 208.4 206.4 204.4 202.6 200.8 198.4 194.6 190 183 178.2 179.6 191.1 200.4 206.1 211.1
255.1 254.1 250.4 248.3 245.7 245.2 245.5 245.6 245.7 243.9 241.9 240.5 238.5 241.1 241.8 238.3 234.9 232.4 238.3 240 241.5 241.1 239 237 235.5 234.2 232.6 231.5 230.3 228.6 226.9 225.7 223.3 219.7 216.4 217.1 217.3 217 216 214.3 214.2 214.8 216.1 217.8 219.4 221.1 224.6 225 225.9 226.9 227.5 227.7 227.3 226.4 225.5 224.8 225.7 223.6 222 220.1 218 215.3 211.6 209.4 207 204.7 201.7 200.2 197.9 194.3 189.8 184.5 179.8 179 188.2 197.4 202.5 207.2
255.7 254.3 250.3 248.2 245 241.8 241 241.2 240.2 238.4 236.6 236.7 234.2 235.6 236.2 235 231.1 228.3 231.2 237.2 239.3 239.9 237.9 235.7 234.1 232.8 232 230.9 230.1 228 226.3 225.1 222.4 219.1 215.2 214.6 214.6 215 215.5 213.9 212.8 214.1 214.1 217.8 220.7 223.7 224.8 226.2 227.1 228 228.2 228.5 228.4 227.5 226.9 226.3 226.2 225.4 223.5 221.4 219.3 216.8 213.1 210.5 208.1 205.6 202.5 199.5 197 194 189.5 185.6 180.9 179.1 184.3 192.2 197.5 200.2
252.6 252.2 250.2 247.8 245.6 240.3 237.6 237.5 236.8 234.8 232.5 231.4 229.9 231.1 232.1 229.9 227.1 224.3 227.9 235.4 236.9 236.9 236.2 234.2 232.6 231.4 230.8 230.7 229.2 226.9 225.3 223.8 221.6 218.3 215.1 212.7 211.4 212 211.8 210.8 210.7 212.8 216 220.3 223.2 225.4 226.3 227.1 228.1 228.6 228.6 229.1 229.4 228.5 228.1 227.6 227.1 225.8 224.3 222.6 220.5 217.9 214.3 212 209.7 206.6 203.2 200.2 197.7 194.2 189.3 185.5 181.6 179.4 178.9 186.9 191.9 196.4
248.7 249.2 248.3 246.5 244.6 241.4 237.5 234.8 235.9 233 230.1 227.7 225.5 227.5 227.5 226.8 223 221 226.6 230.8 233.9 233.7 233.1 231.8 230.9 230 229.6 230.3 228.1 225.9 224.4 222.3 220 217.6 214.6 211.8 209.4 209.7 209.6 209.4 209.7 214.6 218.6 222.3 225.5 226.6 227.2 228 228.7 229.2 229 229.7 230.4 229.7 229.2 228.6 227.2 225.9 224.4 222.9 220.8 218.5 215.9 213.4 211 207.7 204.4 200.2 197.2 194.6 189.2 184.5 180.7 178.9 177.8 181.9 190.1 198.5
244.9 246.1 246.2 244.6 242.6 239.8 236.8 232 231.8 231.2 230.6 227.9 222 221.8 222.6 222.9 219.5 219.4 225.6 228.6 229.6 230.1 229.8 229.4 228.8 228.1 228.8 228.2 226.9 225 222.5 220 217.9 215 213.3 210.5 208.4 207.5 207.5 208.5 209.8 215 219.8 222.6 225.2 226.7 227.6 228.5 229.2 229.6 229.6 230.4 231.1 230.7 229.9 229.1 227.8 226 224.6 223 220.9 218.6 216.6 214.5 210.6 207.4 205.8 202.4 199.2 196 190.6 185 181.8 179.6 175.9 179.6 192.8 200.9
239.3 242 241.3 241.5 239.9 237.8 235.6 232.1 230.4 226.1 226.4 226.4 223 216.9 217.3 218.1 215.2 220 224.5 226.1 226.6 226.8 227.3 227 226.3 226 227.2 226.8 226 222.8 219.9 218 216.2 213.6 211.2 209.1 206.8 206 205.1 207.8 209.9 215.2 219.3 222.1 224.4 226.4 227.3 227.8 230 231 230.9 231.4 231.8 231.3 230.4 229.6 228.3 226.5 224.5 223.1 221 218.8 217.1 215.4 210.6 209.3 206.5 203.6 200.2 196.3 191.3 186.7 182.5 180.1 176.7 176.9 197.1 202.9
230.9 235.7 236.4 235.8 234.6 234.6 232.1 229.8 230.9 230.2 224 219.3 218.3 215 213 211.9 215.6 221.3 222.6 223.3 224.3 225 225 224.6 223.9 223.9 225.1 225.1 223.8 220.8 218.5 216.2 214.5 212.3 209.9 207.5 205.7 204.1 204 206.6 210.2 215.2 218.4 220.7 222.9 224.5 225.5 226.9 229.3 230.2 231.1 232 232.5 232.3 231.3 230.2 228.8 226.7 224.5 223.9 222.2 219.9 218 216.2 212.3 210.7 206.9 203.2 199.2 195.3 190.6 186.9 182.8 180.7 174.4 177 197.8 201.7
220.2 226.3 230.2 231.1 231.4 230.5 230.8 227.2 226 225.7 221.9 216 212.8 212.8 209.5 208.6 215.3 221 219.3 220.1 221.5 222.2 222.7 221.5 220.4 220.9 222.9 222.9 222.1 219.9 218.1 216.8 214.7 211.7 209.1 206 203.9 203.6 204 205.9 210.4 214.1 216.5 218.8 220.6 221.5 224.1 226.4 228.8 230.3 231.3 232.2 232.9 232.7 232.1 231 230 228 226.1 225.2 224 221.6 219.2 217 213.9 210.3 205.9 202.1 197.8 193.9 189.2 186.1 182.9 180.2 173.8 188.4 196.3 199.4
