data/NT77.asc
ncols 200
nrows 200
xllcorner 370000
yllcorner 670000
cellsize 50
[rows 84 to 125 of 200, columns 0 to 93 of 200]
79.5 81.8 83.9 82 80.6 79.5 75.4 72.7 69.8 67.6 64 60.8 58.6 59.4 63.6 69.6 65.8 57.3 44.7 38.3 37.3 35 33.7 32.6 31.9 31.3 30.2 29.1 29 29.6 29.8 29.6 29 28.4 27.2 25.5 15.4 7.5 7.7 10.3 21.5 29 30.1 30.2 29.5 29.3 29 29.4 28.5 28.1 28.5 28 27.2 27.1 26 26 26 25.9 25.3 25.5 26.4 26.1 26.1 25.2 23.4 21.2 20.5 11 4.7 6.3 6.5 5 4.4 3.3 4.5 5.2 5.4 5.9 4.5 1.9 1 0 -1 -2 -2 -2 -2 -2 -2 -2 -2 -2 -2 -2
81.3 81.2 83 80.8 81.3 81.4 80.6 79.3 74.4 70.6 66.7 64 62.6 62.6 64.9 68.1 62.9 53.3 43.6 41.5 40.2 37.7 36.5 35.4 34.7 33.5 32.4 31.4 32.1 33.3 33.3 33.2 32.1 31.7 31.5 30.4 28.6 19.7 10.9 8 7.7 11.5 26.4 30.7 30.6 30.8 31 29.8 29.8 29.4 29.1 28.4 27.6 26.8 25.8 25.9 25 22.9 24.3 25.5 26.6 26.8 26.2 25.4 23.8 22 20.9 13.9 8.5 10.1 9.5 8.4 7.1 8 5.8 4.9 2.9 2.3 1.6 0.9 0.2 -0.4 -1.2 -2 -2 -2 -2 -2 -2 -2 -2 -2 -2 -2
82.9 80.6 81.3 80.5 80.5 81.4 84.3 85.2 79.6 73.6 69.6 68.2 66.9 65 65 62.5 59.2 51.5 48.1 44.4 43.1 41 39.5 38 36.9 35.9 34.9 34.3 35.8 36.8 36.8 36 34.4 33.6 32.8 31.3 30.4 28.5 24.4 16 8.8 7.4 7.5 17.1 27.6 32.4 30 29.8 29.8 29.8 29.5 28.5 27.4 26 24.8 23.4 21.2 19 19.6 22.6 25 25.1 25.6 24.1 23.2 21.4 17.4 11.4 8.9 17.1 17.7 15.7 16.5 13.3 5.2 2.2 1.5 0.9 0.6 -0.2 -0.9 -2 -2 -2 -2 -2 -2 -2 -2 -2 -2 -2 -2 -0.1
84.2 81.8 80.7 80.3 80 80.1 82.1 84.6 84.1 77.7 73.8 73.4 71.9 69.5 67.2 63.8 59.6 57.2 54.8 51.1 49.5 45.8 43.7 41.1 40.3 38.7 38 39 40.5 40.5 39.2 37.3 35.7 33.9 32.7 31.3 30.1 29.3 28.7 25.2 18.3 12.1 8.1 7.5 12.2 21.4 28.7 29.9 29.9 30 29.7 26.8 25.6 23.1 22.2 21 19.2 19 18.3 15.9 16.4 15.9 14 20.5 21.3 20.8 15.5 10.1 10.5 21 19.7 17.7 13.6 5.3 3 1.5 0.4 -0.3 -0.7 -1.2 -2 -2 -2 -2 -2 -2 -2 -2 -2 -2 -2 -2 -2 -2
84.7 84.8 82.3 80.3 79.9 79.9 80 82.3 83.3 80.8 79.9 75.7 75.1 74.8 73.6 68.9 64.3 61.9 59.6 57.7 56.7 54.9 51.2 46.2 44.4 42.8 42.8 43.8 43.8 42.9 40.7 38.7 36.5 34.5 32.7 31.3 30 29 28.6 28.1 25.8 23.2 18.7 10.8 7.4 7.6 18.7 29.6 29.8 29.9 28.9 24.6 20.5 19.9 19.2 19.4 19 19 19.1 16.9 15.6 13.7 14.3 14.2 14.7 18.1 13.5 9 15.2 19.9 18.3 15.5 8.3 4.2 3.3 1.5 0.1 -1.2 -2 -2 -2 -2 -2 -2 -2 -2 -2 -2 -2 -2 -2 -2 -2 -2
87.2 89.9 86.1 83.4 79.6 78.9 77.5 79.6 79.6 77.2 76.2 74.9 73.9 74.3 73.5 70.4 68.8 65.1 63 60.7 59.9 58.5 56.7 53.5 50.6 48.2 47.3 46.9 46.6 44.9 42.6 40.1 37.7 35.4 33.7 32.1 30.3 28.7 28.2 28.7 28.1 27.1 28.1 16.9 7.6 8.4 15.3 29.6 29.7 29.8 27.4 23.6 20 23.8 27.2 25.7 24.8 25.7 26.1 25.8 23.3 22 21.2 15.9 14.1 12.7 9.2 15 16.4 19.5 18.9 14.5 9.8 3.2 2.2 1.9 0.5 -0.6 -2 -2 -2 -2 -2 -2 -2 -2 -2 -2 -2 -2 -2 -2 -2 -2
89.3 90.4 91.2 89.8 83.3 77.3 75.2 74.7 75.2 74.5 74.1 70.7 70.7 69.4 68 69.1 66 65.2 63.8 60.9 60.8 60 59.3 56.4 53.4 51.5 50.2 49.2 48.7 46.4 43.8 41.4 38.9 36.5 34 32.2 30.4 28.9 28.6 29 28.6 27.6 26.7 14.5 8 10.2 20.1 32.7 30.3 29.9 26.3 24 22.3 24.2 29.3 27.9 27.6 28.8 28.6 28.2 26.8 25.5 23.4 21.4 18.2 16.7 17.8 14.9 15.4 18.7 19.6 20.8 14.3 3.3 3.2 1.4 1.6 0.8 -0.1 -0.7 -0.7 -0.7 -1 -2 -2 -2 -2 -2 -2 -2 -2 -2 -2 -2
90.8 91.9 94.7 95 85 82.6 85.8 81.8 79.3 75.5 74.7 71.8 70.1 68.3 65.3 64.4 64.6 64.1 61.7 59.9 60.2 60.1 60.4 60.1 54.8 52.4 50.8 50.7 49.7 46.8 44.3 42 39.7 37.3 34.8 32.3 30.3 29.2 28.8 28.7 28.3 26.1 20.4 10.3 8.6 17.2 29.9 30.6 30.4 28.5 26.1 23.9 24.5 26.9 29.7 28.7 29.2 30.9 30.5 28.6 27.2 26.2 25.2 25 22.8 22.1 21.7 19 17.3 18.8 19.2 21.3 15.7 4.4 5.9 5.2 2.7 2.1 1 0.5 0.5 0.5 0.2 -0.2 -0.8 -2 -2 -2 -2 -2 -2 -2 6 6.8
99.3 97.4 99.6 96.5 90 87.5 95.1 93 86.2 79.8 78.2 77.6 75.8 73 69.6 67.8 66.3 64.5 61.9 60 59.7 59.8 56.8 55.4 54.6 52.2 50.2 49.9 49.4 47.1 44.8 42.6 40.3 38 35.7 33 30.9 30.2 29.6 29.5 28.5 25.5 13.3 8.2 13.6 24.1 30.3 29.5 28.7 26.4 25 26 29.3 31 30.1 29 29 29 29.8 28.6 27.9 27 26.2 25.5 25.9 24.4 23.3 20.4 19.2 20.4 20.5 20.7 19.4 13.2 9.9 7.1 6.7 7.1 2.1 1.8 1.7 1.7 1.4 1.1 0.7 1.5 3.5 2.3 1.7 -2 -2 5.3 8.1 9.5
107.9 106.1 104.6 102.9 98.9 94.9 99.6 97.4 90.5 84.2 81.8 82 81.1 77.6 74.7 71.8 70.4 66.3 63.3 60.8 60.2 59.6 57.2 55.2 53.7 51 50.7 50.3 49.8 47.6 45.6 43.5 41.2 38.2 35 29.8 29.8 29.6 29.5 29.9 29.5 24.1 17.6 16.8 18.2 27.8 30.4 31 29.1 29.4 25.1 29.7 30.2 30.7 30.5 29 29 29 29 28.6 28.2 27.8 26.9 26.2 25.5 25.5 25.3 23.2 21.4 21.7 22.2 22 20.7 17.2 12.3 8.8 8.6 15 19.2 17.9 14.2 12.2 7.9 4.3 3.2 4.4 8.9 7.7 7.6 9.9 8.5 8.8 10.3 10.5
116.5 112.5 110.7 109 106.5 104.7 104.9 100.2 93.3 88.9 87 85.4 86.1 82.2 79.9 76.8 72.9 68.6 65.3 63.4 63.1 62.5 60 56.8 53.1 50.1 50.1 50.2 49.8 47.8 45.6 43.4 39.6 31.7 29.7 29.4 29.1 28.8 28.5 28.8 28.3 28.1 28.7 27.6 26.9 32.6 39.7 37 30.6 27.6 25.4 28.2 29 29.8 30.1 29 29 29 29 28.9 28.4 28 27.4 26.4 26.4 26.4 26.4 25.7 25.1 24.1 24.3 24.2 22.7 19.5 15.5 11.3 10.3 12.3 14.4 19.7 22.4 22.8 21.9 21.6 21.5 16.9 13.5 11.7 11.9 11.4 10.6 10.1 10.4 10.9
126.7 121 117.9 116 113.8 112.6 110.7 109.5 104.6 100.5 94.9 90.5 89.5 86.6 83.5 80.3 76.4 71.9 68.8 67.4 66.9 66.2 64.2 60.2 57 53.9 49.8 49.5 49.5 47.9 45.7 43.6 41.8 37.1 32.2 30.4 30.1 30.1 29.4 29.2 29.3 29.5 30.2 29.8 30.1 33.9 31.5 31.3 28.9 28.1 27.2 28.4 28.8 29.2 29.2 29 29 29 29 29.1 28.7 28.1 27.5 27.2 27.3 27.3 27.3 27.2 25.9 24.3 24.9 26.2 24.8 21.8 18.7 15.4 13.3 13.4 15 19.2 22 23.4 23.6 24.3 23.6 19.1 17 16 12.7 11.9 11.2 10.9 11.2 11.5
134.9 131.2 127 125.1 123 120.1 117.3 115.1 113.4 108.8 101.5 95.9 97 91.7 87 83.4 80 76.7 75.5 74.6 73 71.3 70.5 67.7 63.9 59.7 55.7 50 48.6 45.2 44.9 44.1 42.5 40.6 38.4 36.7 35.6 35.1 35.1 35.3 34.9 33.1 31.7 31.2 30.6 30.4 30.4 30.3 29.8 29.3 29 29.1 29.2 29.6 29.4 29 29 29 29 29.4 28.9 28.4 27.7 27.7 28 28.1 28.2 28.3 26.2 24.9 25.7 27.7 26.5 24.9 21.6 18.9 17.3 17 18.5 20.8 21.7 22.9 25.2 28.5 27 22 18.5 16.2 13.8 12.5 12.1 11.8 12 12.1
142.6 142 140.3 137.6 134.1 128.2 123.9 122.7 121.3 116.5 112.4 106.2 106.5 99.8 96.3 93.7 88.4 83.3 80.8 79.9 77.7 77.6 78 75.5 72.1 65.6 61 57.3 58.6 52.3 44.6 42.5 40.8 40.2 40.1 39.1 37.6 36.1 36 36.7 35.7 34.7 33.6 32.4 31.7 31.7 31.5 31.4 30.9 31.1 30.5 30.1 30.1 30 30.4 30.4 29.2 29.4 29.3 29.8 29.2 28.2 28 28 28.2 28.7 28.8 28.9 29.7 27.8 28.3 27.9 26.9 25.1 23.3 21.8 20.7 20.3 21 21.4 22.4 23.5 25.6 30.1 29.8 24.9 20.5 16.3 14.3 13.2 13 12.7 12.7 12.2
147.9 148.7 147.5 145.8 142.4 137.8 133.3 132.8 126.6 123.2 119.2 116.7 114.2 111.1 110.7 107.2 99.9 93.6 91.3 90.2 85.4 89.7 85.9 80.5 77.8 72.8 68.2 66.6 68.3 59.6 45.3 41.3 40 39.9 39.8 39.5 38.8 38 37.8 37.8 36.8 35.8 35.1 33.7 33 32.9 32.7 32.6 32.5 32.7 33.6 32.8 32.5 32 31.5 31.5 30.9 31.1 30.7 29.9 28.7 28.5 28.3 28.3 28.4 28.6 28.9 30.6 32.1 30.6 29.5 28.8 27.6 25.5 23.8 22.8 21.6 21.4 22.1 22.2 23 23.9 25 28.6 30.7 26.9 22.3 17.4 14.1 13.5 13.3 13.2 12.9 12.4
150.1 149 147.6 145.9 143.1 139.9 137.5 135.7 129.6 126.9 122.7 119.9 118.2 115.8 113.5 111.8 111.4 106.6 102.2 100.4 96.7 96 92.6 85.4 83.9 79.5 74.3 72.4 69 58.2 42.4 40.2 39.8 39.6 40.7 41.5 40.9 40 39.6 38.9 38 37 36.6 35.5 34.6 34.3 34 34.1 34.2 34.4 35.1 35.4 34.9 34 33.5 32.7 32.5 31.9 31.4 30.1 29 28.8 28.6 28.6 28.7 28.8 29.1 29.2 29 29 29.2 29.5 28.8 27 24.9 23.7 22.7 22.7 23.2 23.2 23.5 24.1 24.6 28 30.8 28 22.6 17.2 13.9 13.7 13.6 13.5 13.3 12.8
145.8 145.4 146.4 145.5 142.7 140.3 137.5 134.8 130.9 126.3 122.7 120.9 119.3 115.9 112.8 111.2 111.7 111.1 107.5 104.3 100.9 100.9 99.5 94.1 89.5 86 80.4 75.7 64.7 44.4 43.2 42.1 42.6 41.2 44.3 45 44 42.8 43.3 41 39.4 38.6 39.2 39.8 38.6 37.5 36.4 36.4 36.5 36.6 37.5 36.9 36.4 35.5 34.4 33.4 33 32.5 31.5 30.3 29 29 28.9 29 29 29 29 29 29 29.1 29.4 29.4 29.3 29.6 27.6 24.9 23.8 24 24.3 24.1 24.1 24.2 24.3 28.4 31 27.5 22.2 16.4 14 14 13.9 13.8 13.7 13.3
141.9 141 143.3 143.6 141.6 140.5 137.6 135.4 130.9 125.5 121.6 119 116.8 113.8 112.3 108.7 107.6 106.7 105.4 103.7 99.6 98.9 99.7 94.4 90.7 86.8 77.2 69.2 58.7 44.6 44.2 49.8 47.1 44.8 49.6 51.1 49.4 50 48.4 47 43.5 41.9 42.1 41.5 40.6 39.9 39.1 39 39 39 39 38.2 37.3 36.4 35.7 34 33.5 32.8 31.5 30.5 30.3 29.5 29 29 29 29 29 29 29.1 29 29 29.1 29.2 29.3 30.9 29.5 26.5 25.9 25.4 25.8 26.1 25.5 24.3 24.6 26.1 24.3 20.7 16.2 14 14 13.9 13.9 14 14.2
138.7 136.5 136.9 134.8 138 136.8 136.1 132.6 129.7 126.3 121 117.3 114.5 112.6 111.1 107 102.1 101.6 99.6 98.4 95.9 93.2 90.8 86.8 83.1 79.5 73 65.1 44.8 44.9 47 51.6 48.2 51.2 56.6 57 54.6 54.1 53.5 52.1 50.4 48.8 44.6 43.2 42 41.4 40.5 40.3 40.2 40.1 39.9 39 38.1 37.5 37.1 35.1 34 32.7 32.3 32.2 32 31.3 30.8 30.3 29.2 29.2 29.4 29.4 29.3 29.4 29.5 29.5 29.3 29.1 30.5 31.1 29.6 28.5 26.7 26.1 26.1 25.4 25.4 23.8 23.4 21.4 19.1 16.3 13.9 13.9 13.9 14.1 13.9 13.9
137.7 134.2 134 134.4 133 133.5 132 127.8 124.6 122 118.9 114.1 111.3 108.7 107 104.9 99.4 96.8 93.6 88.5 87.4 83.6 79.7 80.2 74.5 69.9 62.1 50.1 45.4 44.4 60.1 57.5 53.3 60.8 63.2 62.7 59.3 58 57.9 56.7 54.6 52.1 46.8 44.9 43.6 42.8 41.9 40.9 40.8 41.3 40.5 39.9 39 38.6 38.5 36.5 34.3 34.1 34 33.9 33.7 33.1 32.6 31.8 30.7 30.3 30.2 29.6 29.5 29.8 29.9 29.6 29 29.4 29.6 30.8 31.1 29.3 26.6 25.5 24.8 25.6 26.1 25.6 22.7 20.1 18.9 16.3 13.9 13.9 14.1 14.4 13.9 13.9
138.9 137.5 136.1 135.6 130.8 129.2 128 123.8 119.8 115.9 112.4 108.1 105 101.7 99.9 98.5 95.4 91.4 87 80.5 79.2 76.2 73.2 70.5 62.7 52.4 46.7 42.6 48 59.3 69 65.9 64.9 65.2 65.8 65.5 64.2 62 61 59.3 57.1 54.1 51.3 48.5 45.7 44.3 43.4 42.4 42.5 43 42.3 41 39.8 39.8 39.6 36.9 36.2 35.8 35.7 35.6 35.4 34.9 34.3 33.3 32.4 31.9 31 30.5 30.3 30.2 30.1 29 29.2 29.2 29.7 29.1 29.1 27.7 25.2 24.8 24.7 24.1 25.2 25.9 25.2 21.7 19.8 18.4 16.9 16.4 16.1 14.9 15.9 16.3
142.2 141.2 140.9 135.5 131.8 125.3 123.6 118.4 114.3 110.6 105.3 101.7 98.1 95.2 94.1 92.2 89.1 82.5 73.9 67.9 68.9 63.8 57.3 54.5 49.9 47.4 47.9 57.3 65.7 70.6 70.6 69.2 72.2 66.5 64.7 64.9 65.6 64 63.3 61.6 59.4 56.3 53.2 51.1 48.4 46.1 45 44.5 44.6 44.7 44.1 42.9 41.2 41.4 40.6 38.7 38.2 37.7 37.4 37.2 37 36.7 35.8 34.8 34 33 31.9 31.5 31.4 31.1 30.4 29 29.1 29.1 29 29.1 29.2 28.2 26.6 24.5 24.4 24.2 24.1 24.1 24.7 22.7 21.2 19.9 18.9 17.9 17.1 16.7 17.3 17.7
143.1 141.5 140.1 133.3 131.2 123.9 116.1 113.5 109.2 105.7 100.8 96.6 94.5 90.5 88.9 86.9 79.8 67.3 56.6 53 53.6 53.6 53 50.2 50.1 54 64 70.7 71.7 71.9 70.1 70 68.8 65.2 64.1 64 64.4 62.5 60.9 61 58.6 55.4 54 51.3 49.3 47.6 46.1 44.1 45.8 45.7 45.9 44.6 42.7 42.7 42 41 40.2 39.7 39.3 39.2 39.1 39.1 38.1 37.2 35.7 34.9 34.1 33 32.9 32 31.3 30.7 30 29.4 29 29 29.1 30.2 28.9 28.5 24.6 24.1 24.1 24.3 24 22.9 21.5 20.6 19.4 18.8 18.8 18.5 18.4 18.7
142.7 138.9 132.5 130.7 128.8 124.5 116.9 110.4 102.1 96.7 93.2 91.5 92.2 89.4 75.6 75.5 63.5 55 54.8 53.9 53.5 52.9 53.3 51.5 53.3 64.5 75.7 75.6 74.9 72.8 70.4 69.3 67.2 64.9 63.9 63.4 61.8 59.4 60.2 58.4 56.1 54 53.6 52.2 50.2 48.9 47.2 45.8 45.5 45.8 46.4 45 44.3 44.8 44.5 42.7 42.1 41.7 41.7 41.6 41.6 41.6 41.1 40.2 39 38.1 37.2 36.4 35 34.4 33 32.4 31.7 30 29 29 29 30.5 31 30.8 28.6 25 24.6 24.5 23.7 22.9 21.8 20.9 19.9 19.5 19.6 20.2 19.8 19.3
137.7 132.3 128.1 126 124.4 122.7 117.7 112.8 107.6 99.8 97.1 87.2 82.6 88.9 78 62.2 59.4 55 58.3 66.4 71.2 72.8 68.5 67 60.3 60.4 72.1 76.3 75.9 74.5 72 70.4 68.6 67.3 66.4 62.9 61.1 59.3 58.8 58 57.1 56 55.7 54.7 52.9 50.7 48.2 47.1 46.8 46.7 46.5 45.6 45 45.5 45.8 44.4 43.6 43.7 43.8 43.9 44 44.1 44.3 43.5 42.4 41.4 40.5 39.5 38.3 37.1 35.5 34.4 33.5 31.5 29.7 29.1 29.2 29.8 29.3 31.1 29 26.7 25.3 24.3 23.3 22.7 21.9 20.9 20.6 20.7 20.7 20.4 20.9 20.5
135.1 130.8 126.3 121.8 119.6 118.5 114.5 110.9 107.9 102.8 99.5 96.9 72.2 72.8 61.7 58.1 58 69 81.1 82.9 83.8 80.4 78.7 77.5 73.2 65.1 69.2 76.3 76 76 73 69.9 69 68.9 69.4 63.9 62 60.9 60 59.3 59.2 58.8 57.7 56.7 54.6 52 49.5 48.6 48.3 48.3 47.7 47.1 46.7 46.6 46.2 46.1 46.3 46.9 47.2 47 46.6 46.8 47.1 46.7 45.7 44.5 43.1 42.1 41.3 39.9 38.2 36.5 35.1 33.5 32.2 31 30.7 30.1 29 29 29.1 27 25.5 24.4 23.4 22.8 22 21.6 21.8 21.8 21.1 20.3 20.6 20.8
131.1 128.7 124.3 119.8 115.4 114 110.1 106.2 104.1 101.3 98.7 94.7 89.7 62.1 60 57.9 72.9 85.2 85 84.8 83.9 82.9 82.9 81.2 78 71.9 64.9 76.1 76.4 76.3 74.5 71.7 71.5 71.2 70.8 67.6 64.7 62.9 61.9 60.9 61.4 61.4 60.8 60.5 56.4 54.1 51.5 50.4 50.6 50.4 49.6 48.9 49.2 48.5 48.8 49.2 50.1 50.6 50.5 49.5 49.3 49.5 49.5 49.6 48 46.7 46 45.3 44.1 42.2 41.2 39.5 38 36.7 35.2 33.6 32.7 32 30 29.1 28.8 27 26.4 25.4 24.2 23.5 22.7 22.8 22.9 22.4 21.5 20.6 20.2 20.9
126.4 123.8 120.4 117.1 111.8 108.8 107.2 105.6 102.4 100.3 97.2 89 72.3 60.5 59.4 83.1 90.7 90.3 88 87.1 85.6 84.1 83.6 83 80.5 78 70.2 74 76 74.9 75.3 74 73.6 72.5 73.2 72 67.5 63.8 64.1 63.6 63.7 63.6 63.4 62 60.4 57.4 54.1 53.1 52.7 54.1 53.6 53.1 52.7 52.7 52.1 52.8 54.3 53 52 51.7 51.8 51.7 51.7 52.1 50.6 49.8 49.2 48.4 46.7 44.8 43.5 42.5 41.1 39.8 38.2 36.4 35.2 33.8 31.7 29.8 28.8 28.3 27.4 26.9 25.9 24.5 24.1 24 23.8 22.8 21.9 21.1 20.3 19
124.1 119.5 116.9 113.4 106.6 99.6 103.3 102.2 101.2 98.9 98.6 96.1 63.7 62.8 83.4 91.8 96.6 95.3 91.2 89.5 88.1 86.4 84.4 83.5 80.9 79.7 73.3 74.7 75.8 77.1 78 76.8 75.3 73.8 72.6 71.1 68.7 66.9 66.6 66.2 66.1 66.1 65.9 64.2 63.8 61.3 57.6 56 54 58 58.1 57.3 56.9 56.9 56.3 56.1 56.4 54.7 54.3 54 54.1 54.1 54.4 55.7 53.9 52.4 52.3 51.5 49.3 47.4 45.8 44.8 43.9 42.9 41.2 39.3 36.9 35.5 33.4 32 31 29.8 30 32.5 27.5 25.9 24.9 25 24.3 23.1 21.9 21.5 20.9 19.6
121.2 117.1 114.5 107.4 100.6 91.9 96.1 96.7 98.4 100.8 99.2 88.9 63 88.8 95.7 96.4 96.4 96.1 95 92.8 91.3 89.4 87.6 84.9 80.5 78 77.7 79.2 78.6 78.4 81 79.7 78 76.5 74.5 72.3 70.7 69.2 69 68.6 69.1 68.9 68.2 66.6 66.7 65.2 60.5 60 57.6 66.3 65.7 62.7 62.3 60.5 60.7 61 60.1 58.3 59 58.4 58.2 58.4 59.2 59.7 58.9 55.4 55.3 54 51.9 50 48 47.2 46.7 45.8 43.9 41.6 39.3 37 35.4 34.4 33.6 32.8 33.4 34 28.6 26.8 25.6 25.9 23.7 22.8 21.8 20.9 19.3 17.7
117.2 108.6 110.3 98.8 91.3 83.5 88.2 89.1 93.8 97.9 86.8 64.7 62.9 80.2 91.8 96 95.7 96.3 96.6 95.9 94.4 92.5 90.7 86.7 84.5 84 81.9 81.4 80.8 80.5 81.1 81 80.5 78.7 76.5 74.4 72.1 70.8 71 71.1 70.4 70.5 71 69.5 68.7 67.1 65.8 63.6 60.7 70.1 70.6 68.8 67 65.1 64.1 65.1 64.7 63.4 63.8 63.7 63.1 63.1 62.8 63.4 63.2 61.3 60 58 56 54.4 51.5 50.7 50 47.3 45.5 43.8 41.2 39 36.8 35.6 35.7 35.6 33.3 29.9 28.6 27.3 25.9 25.1 22.5 20.5 19.4 19.2 17 15.7
110.6 99.3 93 88.8 81.7 73.7 71.6 73.7 80.2 72.3 64.1 62.8 77.1 93.8 95.3 96.4 96.2 96.9 97 96.5 95.8 93.8 91.8 90.1 88.8 87.7 86 84.4 83 82.1 82.1 82 81.6 80.2 78.8 76.5 73.6 73.2 72.7 72.3 70.5 70.7 71.1 69.7 69.8 69.6 65.5 64.1 64.5 69.8 71 71.5 70.8 69.7 68.4 68.9 68.1 66.7 67.2 67.9 67.7 67.5 66.8 67.7 67.7 67 65.2 61.8 61 58.6 55.7 53.6 50.3 48.1 47.1 46 43.5 40.4 37.7 36.6 35.7 35.2 31.8 29.8 27.9 26.2 25.5 23.2 20.8 18.9 18.5 17.6 16.2 13.9
87.2 76.1 74.4 70.8 68 68 68.2 68.5 68.6 67.8 72 76.5 91.9 101 99.1 97.5 97 97.1 97.3 96.5 95.6 94.2 93.1 92.7 92 91.2 89.5 87.5 85.2 83.5 83 82.8 82.4 81.4 80.4 79.3 77.4 76 75.5 73.9 72.6 72.8 72.9 71.5 70.6 70.9 64.4 66 67.6 69 69.2 72 71.9 70.9 71 70.7 71 70.4 70.3 70.8 70.5 70.5 70.8 70.7 69.8 67.1 66.1 63.7 61 61 58.4 55 51.2 48.7 48.3 47.1 46.1 42.2 38.4 37 36.2 34 30.6 27.5 26.6 25.1 24.5 21.1 19.6 18.7 18.1 16.5 15.6 14.2
73.2 72 69.9 69.2 68.8 71.8 78.2 86.9 91.8 95.8 99.3 102.1 103.2 102.2 101.4 99.9 98.5 97.9 97.7 97.5 96.2 94.2 95.2 95.2 94.2 93.9 92.9 90.4 87.8 86.6 85.7 84.9 84.3 83.8 82.9 82 81.2 79.3 77.6 75.7 75.1 75 74.4 73.4 71.5 69.8 71 71.1 71.2 70.1 70 69 69 69 69.5 70.2 69.8 69.8 71 70.9 71.1 71.7 71.4 70.9 69 67.3 65.6 60.3 58.6 59.5 59.5 54.9 52.6 49.2 48.1 46.9 42.5 39.1 35.3 32.3 31.5 30.8 27.7 25.2 24.2 24.2 24 23.4 24.7 25.3 20.7 21.4 20 18.3
73.9 80.5 83.4 81.8 88.4 93.1 95.8 100.1 102 103.8 103.4 103.7 103.5 102.5 102.2 101.9 101.3 100.1 99.3 98.8 97.2 96.3 98.4 98.8 97.2 96.7 96.2 94.6 91.6 90.4 89.2 88.1 87.5 87.1 85.5 85.3 84.2 81.7 79.9 78.4 78 77.3 75.6 75.7 73.4 71.3 73.3 74.5 73.6 72.5 72.6 72.8 72.1 70.9 69.9 69.1 69 69 69 70.4 70.9 71.7 71.3 70.8 66.6 63.6 59.8 58.6 54.3 55 55.9 55.1 51.6 47.9 45.6 40.5 34.5 31.2 29 31.5 29.3 24 25 24.7 24.8 24.1 30 30.8 32.5 34 33.3 31.2 28.2 25.5
91.5 96.2 96.2 96.5 100.4 103.3 104.8 105.8 106.9 106.2 105.1 105.7 105.9 104.9 105.3 105.3 104.4 103.1 101.7 100.5 98.8 98.7 99.7 101 101.2 101.6 101.1 101 98.5 95.5 94.2 93.8 93.7 92.3 90.4 90.2 89.1 87.9 85.4 83.1 80.5 79.1 77.6 74.9 76.6 77 78 78 76.7 75.8 77.6 77.2 76.2 74.6 73 71.6 70.2 69.3 69 69.5 69.7 70.6 70.2 68.1 63.6 62.6 61 59.1 58.8 55.7 54 52.6 46.4 39.2 38.4 33.9 41.5 43.3 41.2 37.9 39.5 37.4 33.7 29.2 32.7 33 31.9 33.5 39 40.8 40.1 37.7 33.3 27.7
102.9 105.2 106.3 106.8 108 108.7 109.3 110.2 110.9 109.4 110.6 110.6 110 109.8 110.1 109.9 107.7 107.3 105.9 104.3 101.6 99.1 98.9 99.8 101.8 101.8 101 101 101 100.3 99.1 97.7 95.1 92.5 90.9 91.1 91.1 90.7 89.9 85.9 85.9 85.5 81.4 79.1 81.6 81.5 81.6 81.2 80.4 81.2 81.7 80.4 78.5 76.7 75 73.4 72.1 71.2 70.4 69 68.8 69 68.9 67 66.2 66 66.1 65.2 66.1 63.2 59.1 55.6 44.7 45.7 49.5 48.2 48.5 47.2 45.1 42.3 41.6 42.2 40.7 39 37.4 36.4 33.7 36 41.4 41.4 41.1 40.4 37 30.2
112.2 112.8 113.9 113.7 113.4 113.5 113.9 114.3 115.1 116 116.9 117.5 118.5 118 117.3 116.1 115.9 113 111 108.2 105.1 102 100 98.9 98.9 99.6 101 101 100.9 100.9 99 95.8 94 90.3 89.4 90.1 90.2 89.3 89.2 85.3 84.2 84.5 84 82 85.4 84.9 84.8 84.8 84.1 84.5 84.8 82.5 80.5 78.9 77.5 75.6 74.5 74 72.7 71.6 72.2 71.3 69.1 69.9 70.6 71 71.7 71.3 70.4 69.5 65 59.6 44.9 55.2 52.6 51.6 50.6 49.1 48.1 46.4 45.5 44.1 43.1 42.7 41.5 39.8 36.5 40.5 40.7 41.1 40.8 37.7 34.7 33.3
117.8 118.9 120 118.4 118 118.3 118.7 119.2 120.2 122.7 122.5 124.1 125.5 125.3 123.9 122.4 121.1 118.4 114.9 111.8 108.6 106.8 105 102 98.9 98.9 99.1 99.8 99.3 99 95.6 94 94.8 97.7 97.3 97 96.4 95.7 94.3 91.6 91.9 91.8 92.6 91.4 89 88.5 88.3 89.3 88.5 88.3 88 85.4 83.4 82.1 80.7 78.1 77 76.8 75.8 76.4 76.4 74.8 75.2 74.5 74.7 76.2 75.2 74.2 75.2 71.7 67.4 58.2 47.6 58.7 56.8 54.4 52.6 51 50.6 50.7 48.9 47 46 45.6 44.5 42.8 40 40.8 41.1 41.2 39.8 37.1 35.5 33.9
120.3 121.9 123 122.2 121.8 122.4 123.3 124.1 125.5 127.3 129.7 130.6 130.8 130.7 128.2 126.3 124.6 122.7 119.4 116.1 113.3 111.7 109.5 104.9 104.6 102.5 102.2 98.2 96.9 93.7 96.8 99.4 102 102.9 103.2 104.4 104.2 106.4 108.4 107.4 107.5 108.2 107.5 107.2 106.2 103.1 97.1 93.2 91.7 91.2 91 87.3 86.2 85 83.1 80.5 79.9 79.4 79.3 80.6 78.8 78.6 78.5 78.7 78.8 78.2 77.3 75.8 76.1 73.8 69.5 55.7 47.5 62.1 61.1 58.8 56.6 54.6 54.1 53.6 51.8 50.5 49.2 48.6 47.3 45.9 44.1 43.1 43.6 42.1 40.6 39 38.1 38.1
124.3 125.2 126.5 127.2 127.3 128.7 129.1 130.8 130.9 131.2 132.9 134.2 133 131.6 130 128.6 127 124.3 122.3 120.3 118 116.2 113.6 108.5 109.9 109.4 108.4 106.5 104.7 105.5 104.7 106 108.3 108.4 108.9 109.9 112.1 113.2 115.9 118.6 118.7 118.4 117.7 118.6 116 114.5 112 107.5 103 97.8 94.7 91.7 89.1 85.1 84.7 82.1 83.6 84.7 84.7 83.7 82.9 82.2 81.3 81.2 81 79.7 77.4 75.7 76.1 75.5 71.8 45.2 56.9 66.2 64.7 63.2 60.7 58.8 57.6 56.5 55.2 53.9 52.6 51.8 50 48.6 47.4 46.3 46 44.1 42.1 39.8 40.5 44.3
130.5 132.2 131.9 132.3 133.6 134 134.9 135.7 136.4 135.8 136.4 136.3 135.2 133.8 132.4 131 128.4 125.5 124.4 122.7 120.8 119.4 116.2 113.2 115.3 114.2 112.9 112.2 112.6 112 113 113.4 116.1 116.1 116.7 117.5 119.6 124.4 128.1 132.1 133.2 133.5 132.9 130.7 127.5 125.4 122.2 117.8 114 110.8 105.8 98.3 92.8 87.5 83.7 82.7 83.9 89.3 96.1 90.2 85.4 84 82.3 81.3 80.5 79.8 77.3 75.6 76.1 76.4 68 51.9 67.1 69.7 67.7 66.6 64.6 63 61.4 59.7 58.4 57.2 56 54.5 52.6 51.4 50.3 48.7 47.3 45.7 43.9 41.8 42.4 46.2
