data/NU04.asc
ncols 200
nrows 200
xllcorner 400000
yllcorner 640000
cellsize 50
[rows 120 to 159 of 200, columns 0 to 89 of 200]
48.8 49 49.2 49.4 49.6 49.8 50.1 49.9 50.2 49.5 48.8 48 46.8 45.1 44 42.6 40.9 39.2 38.6 38.4 37.4 36.4 35.2 34.2 33.7 32.9 32.1 31.2 25.3 29.3 28.9 28.5 28 28.1 28.1 28 27.7 27.1 26.3 25.5 25.2 24.5 23.8 22.6 21 20.2 19.7 19.2 17.7 16.9 19 21.1 21.6 21.8 21.6 21.5 20.7 20.5 20.1 19.9 19.7 18.4 18 17.9 17.8 17.7 17.2 16.5 14.6 15.4 14.8 13.2 13.8 13.6 12.6 11.8 11.2 12.5 12.8 12 10.9 9.6 7.5 6.6 6.6 6.4 6.2 5.8 5.5 4.3
50.5 50.7 51.4 52 52.1 51.8 51.8 52 51.8 51.2 50.5 49.6 48.5 46.3 45.2 43.9 41.9 40.3 39.5 39 38.5 36.9 36 35.4 34.6 33.9 33.2 32.2 25.2 31.7 30.9 29.8 29.7 29.7 29.7 29.4 28.8 28.1 27.4 26.8 26.1 25.4 24.7 23.2 21.6 20.9 20.6 19.7 18.5 17.9 18.8 21.5 24.8 24.3 23.4 22.5 21.8 21.6 21.5 20.8 19.8 18.7 18.2 18 17.7 17.5 17.1 16.5 16 15.9 15.8 14.8 14.2 12.9 12.1 12.6 10.8 10.5 11.1 10.7 9.5 8.3 7.2 6.7 6.4 6.1 6.2 6 5.9 5.6
52 53.3 54.2 54.8 55.1 54.5 54.7 53.9 53.9 52.9 52.1 51.2 49.9 47.6 46.4 45.1 42.6 41.4 40.4 39.9 39.6 38.5 37.9 37 36.1 35.4 34.2 29.9 27.5 33.4 33.2 32.7 32.4 32.1 31.6 30.5 29.8 29.1 28.8 28.3 27.1 26.3 25.4 23.7 22.1 21.6 21 20.3 19.1 19.8 20 21.8 25 24.5 23.9 23.2 22.7 22.2 21.7 21 19.9 19.2 18.4 17.8 17.5 17.2 16.9 17.1 17.3 17 16.5 14.2 13.2 12 12 12.8 10.8 8.8 8.5 7.7 8.9 8.5 7.1 6.2 6 5.9 5.9 6 6.3 6.5
53.6 55.3 56.3 57.2 58.1 58 57.8 57.1 56.6 55.3 54.2 53.3 51.8 49.5 47.6 45.8 43.5 42.4 41.2 40.9 40.6 39.9 39.2 38.5 37.6 36.7 35.6 26.9 30.2 35.1 35.2 35.2 35.1 34.6 33.7 32.5 31.5 30.8 30.5 29.7 28.3 27.3 25.9 24.3 22.7 22 21.3 20.7 20 20.7 21.3 22.3 22.8 23.9 23.2 22.9 22.6 22.1 21.6 21 20.4 19.7 18.9 18.1 17.4 17.2 17.1 17.2 16.1 15.9 15.3 14.5 13.8 10.2 10.4 10.7 10 8.2 9.7 11.4 12.2 11.2 9.3 7.1 6.8 6.5 5.7 6 6.7 6.8
55.4 57.3 58.3 59.3 59.9 60 60.1 60.1 59.2 57.7 56.5 55.2 53.3 51.3 49.2 47.6 45.8 44 42.6 42 41.9 40.4 38.7 38 37.3 36.8 35.3 27.9 36.2 36.8 37 37.3 37.2 36.2 35.2 34 33 32.7 32.2 30.4 28.9 27.7 26.3 24.6 23.4 22.7 22 21.3 20.7 20.4 20.8 21.2 22.2 23 22.9 22.6 22.3 21.7 21.2 20.7 19.7 19.1 18.6 17.9 17.9 17.4 17.2 16.2 15.2 14.6 13.7 11.6 9.9 11.9 8.8 8.6 8.6 11 12.8 12.6 13.3 12.1 10.8 9.1 8 7.3 6.4 6.7 6.8 6.8
57 59 60.2 61.3 61.8 62.1 62.3 62.2 61.3 60 57.1 56.9 55.2 53.5 52 50.4 48.4 46.4 44.7 43.5 42.5 40.9 39.2 37.6 37.2 36.7 28.9 34.4 37.7 38 38.2 38.3 37.8 37.2 36.6 36.1 35.5 34.7 33.5 31.7 29.7 28.2 26.6 25 24.2 23.5 22.8 22.1 21.5 21.2 20.8 21.1 21.9 22.6 22.6 22.3 21.9 21.3 20.9 20.4 19.1 18.5 18 17.8 18.2 17.5 16.3 14.5 12.4 10.9 10.9 12.2 12.4 12.6 11.2 11.2 11.7 12.3 12.2 12.1 12.7 12.2 11.1 10 9.1 6.9 6.8 6.8 6.8 6.8
57.7 59.1 60.8 61.3 62.7 63.8 64.1 63.9 63 62.1 61.1 59.4 57.7 56.1 54.7 53.1 51 48.8 46.8 44.7 43.2 41.6 39.6 37.7 36.4 33.7 28.4 37.5 38.2 38.5 38.6 38.7 38.2 37.7 37.3 37.4 37.2 36.2 34.8 33.4 30.5 29 27.9 26.2 25.1 24.4 23.7 23 22.1 21.8 21.5 21.2 21.6 22.1 22.1 22.1 21.7 21.6 21 20.1 17.9 17.8 17.1 17.1 17.3 16.1 13.9 14.7 14.9 13.9 15.4 15.2 14.8 13.1 12.7 11.4 12.5 12.2 11.6 11.9 12.1 11.9 11 10 9.1 7.6 6.8 6.9 6.9 6.7
58.3 59.1 60 61.1 62.7 64.4 65.1 64.8 64.3 64.1 62 60.4 58.9 57.5 56.1 55 53 50.7 48.4 46.3 43.8 42.2 40.6 39 37.4 33.3 28.4 37.3 38.4 38 38.6 38.8 38.3 37.9 37.1 37.5 37.8 37.3 36 34.8 32.2 31 29.8 27.5 26.3 25.3 24.6 23.8 22.9 22.4 22.1 21.9 21.7 21.6 21.7 21.3 21.2 20.6 19.7 18.9 16.1 16 15.2 13.5 13.9 13.1 14.2 15.5 15.2 15.3 16.1 15.6 14.9 13.9 12.4 12.2 12.5 12.1 11.9 12 11.7 11.7 10.7 9.8 8.9 7.5 6.8 7.3 7.3 6.3
58.9 59.8 60.6 61.5 62 63.3 64.1 64.4 63.8 63 62.4 61.1 59.5 58.2 57.6 56.6 54.2 51.9 49.5 46.8 44.3 42.8 41.1 40.4 38.8 35.9 29.3 36.8 36.9 36.5 37.4 38.5 38.6 37.9 37 37.3 37.7 38.2 37 35.8 34.4 32.6 30.8 28.8 27.6 26.5 25.4 24.6 23.7 23 22.8 22.4 21.9 21.8 20.8 20.7 20.9 19.8 19.4 19.3 18.2 18 16.7 16.1 15.6 15.1 15.1 15.1 15.3 15.5 15.5 15 14.3 13.3 12 12.4 12.2 11.7 11.8 11.9 11.5 11.3 10.4 9.5 8.9 7.8 7.1 6.9 6.6 6.3
59.6 60.3 60.9 61.3 61.4 62.5 62.6 63 63.2 62.6 62 61.5 59.8 58.3 57.4 56.1 54.3 52.2 49.8 47.3 44.8 42.8 41.4 41.1 40.3 38.2 28.9 32.6 34.2 36.5 38 38.8 39 38 37.1 37.1 38.5 38.2 37 35.3 34 32.4 31 29.8 28.8 27.7 26.6 25.7 24.7 23.7 23.2 22.8 21.8 20.3 20.2 21.2 21.4 21.8 21 20.5 19.5 18.5 17.8 17.2 16.5 15.9 15.4 14.9 14.8 14.9 14.7 14 13.3 12.5 12.4 12.4 12 11.6 12 12.3 11.5 10.9 10.1 9.3 9 8.2 7.9 7.3 6.3 6.1
59.8 60.3 60.8 60.9 61 61.5 61.5 61.5 61.9 61.7 60.9 60 59.1 57.8 56.4 55.2 53.3 51.3 48.7 47 45 42.5 41.7 40.9 40.4 39.5 37.3 34.2 32.5 36.3 39.5 40.7 39.7 38.5 37.7 38.3 38.7 37.2 35.9 34.6 33.3 31.8 30.6 30.4 29.3 28.1 27.1 26.3 25.6 24.8 24.2 22.9 21.6 20.6 21.7 22.9 23.6 23.6 22.5 21.3 20.5 19.7 18.8 18.1 17.4 16.8 16.3 15.7 15 14.9 14.8 14.4 14.7 13.3 12.5 12.6 11.8 12.1 12.6 12.6 12.1 11.1 10.1 9.7 9.3 8.4 7.6 6.7 6.2 6.3
59.8 60.3 60.5 60.6 60.7 60.5 60.5 60.6 60.6 59.9 59.3 57.9 56.2 54.8 54.1 53.1 51.9 49.7 47.4 45.3 43.8 42.3 41.2 40.4 39.7 39 38.3 36.8 32.4 35.6 39.5 40.4 39.1 37.7 38.1 38.3 38.9 36.9 35.2 33.8 32.5 31.2 30.3 29.8 28.7 27.6 26.4 25.7 24.9 24.1 22.9 21.9 21.5 21.8 22.7 23.8 24.2 25 23.3 22.5 21.8 20.9 20.1 19.2 18.4 17.7 17.1 16.5 16.3 16.4 16.7 16.6 15.6 13.6 12.6 12.6 12.7 12.9 13.3 13.1 12.7 12.5 10.9 10.6 10.5 9.2 8.3 6.5 6.5 6.6
59.3 59.9 60.2 60.5 60.4 60.1 59.8 59.8 59.4 58.6 57.8 56.2 53.8 52.5 51.2 50.9 50.5 48 45.5 43.8 42.4 40.9 40.4 39.6 38.9 38.2 37.3 35.9 32.7 35.6 38.7 39.3 37.6 38.1 38.5 38.6 38.9 37.1 35.2 33.7 32.1 30.6 30.3 29.2 28.1 27 25.9 25 24.2 23.4 22.6 22.3 22.2 22.2 23.6 24.1 24.1 25.1 24.5 23.7 23 22.2 21.4 20.5 19.7 18.8 18 18.2 17.9 17.1 17.3 16.3 15.1 13.7 13.7 13.6 13.5 13.8 14.1 12.8 11.9 12.4 12.3 11.2 11.2 10.2 8.7 6.7 6.6 6.8
57.9 58.6 59.5 59.6 59.6 59.3 59.1 58.9 58.3 57.5 56.7 55.2 52.4 49.6 49.1 49.2 48.5 46.7 44.4 42.4 41.3 40.4 39.8 39.1 38 37.3 35.8 34.1 33.4 35.1 37.7 38.1 38.1 38.6 38.9 39 39 37.4 35.5 34 32.6 31 29.7 28.6 27.5 26.4 25.3 24.3 24 23.8 23.6 23.2 23 22.8 23.6 23.9 24.3 25.2 25.1 24.9 24.2 22.9 22 21.3 20.7 20.1 19.5 19.3 19.1 18.4 17.6 15.9 14.8 15 15.4 14.8 14.1 14.6 14.7 13.4 11.7 11.9 12.4 11.5 10.3 10.2 8.6 7.1 6.7 6.8
57.4 58.1 58.7 58.8 58.7 58.3 58 57.7 57 56 53.6 52.7 51.6 47.9 44.8 47.7 47.4 45.5 43.4 41.9 40.7 39.9 39.2 38.5 37.4 35.9 33.8 33.6 35.2 35.8 37.5 37.8 38.1 39.1 39.3 39.7 40.3 38.6 36.6 34.7 33.2 31.4 29.8 28.6 27.5 26.4 25.3 24.7 24.2 24.1 24 24 23.5 23 23.2 23.5 23.9 25.2 24.9 24.9 24.6 23.3 22.8 22.4 21.9 21.3 20.7 20.4 20 19 18.3 17.5 16.3 16.4 16.5 15.8 14.9 15.3 15.2 14.3 13.1 12.3 12.1 11.9 10 8.9 8.1 7.1 6.6 6.4
56.8 57.6 57.9 58.1 57.8 57.4 56.9 56.3 54.8 52.2 49.8 49.1 48.1 42.8 48.2 42.5 43.6 43.1 42.3 41.2 39.2 38.2 37.7 36.6 34.5 34.9 33 35.9 36.8 37.4 38.5 38.5 38.6 40.2 40.5 41.1 40.8 39.8 38.1 36.2 34.2 32.3 30.7 29.3 27.9 26.8 26.3 25.9 25.3 24.7 24.3 24.3 23.8 23.4 23.4 23.5 23.8 24.5 24.7 24.9 24.6 23.6 23 22.6 22.1 21.9 21.4 20.9 20.4 19.6 18.9 18.5 18 17.8 16.4 16.3 15.9 15.9 15.1 15 14.1 12.1 9.8 9.7 10.3 8.4 7.6 6.7 6.8 6.6
55.2 56.7 57.2 57.4 57.1 56 55 52.8 50.4 48.5 46.9 45.3 45.2 49.4 50.1 46.8 43 41.1 40.4 40 39.5 37.9 37.1 37.1 38.1 37.2 36.8 37.1 38 39.1 40 39.8 40.7 41.8 42.2 42.4 41.7 40.9 39.6 37.7 35.7 33.6 31.6 30.1 28.7 27.8 27.6 27.1 26.5 25.8 25.2 24.6 24.3 23.9 23.6 23.9 24.2 24.9 25.1 25 24.6 23.8 23.5 23.3 22.9 22.4 21.9 21.4 20.8 20.4 20.1 19.5 18.5 17.5 16.6 16.5 16.3 15.3 14.9 15 12.7 8.8 9.1 7.5 9.7 9.5 7.8 6.7 7.2 7
48.2 49.1 53.7 56.6 55.9 54 51.4 49.7 46.6 46 46.5 48.3 51.9 52.4 50.8 48.6 45.6 43.3 42.5 41.8 41.6 40.2 39.4 39.2 38.9 38.1 38 38.4 38.9 39.9 41 41.6 42.2 42.8 43.3 43.7 42.9 42.1 41 39.2 37.2 35.1 33.1 31 30.1 29.2 28.3 27.9 27.3 26.7 26.1 25.6 25.6 25.2 24.9 24.6 24.8 25.2 25.7 25.7 25.3 24.8 24.4 23.9 23.4 22.9 22.4 21.9 21.6 21.2 20.3 19.4 17.3 15.4 14.1 13 10.6 12 13.9 14.8 11.2 9.2 9.8 6.6 6.6 9.1 8.6 6.6 7.2 7.4
51.7 47.2 48.4 46.8 47.1 48.2 48.5 53.2 55 53.2 51.3 53.9 54 53.5 52.3 49.5 46.8 44.6 44.1 43.7 43 42 40.9 40 39.3 38.7 38.7 39.7 40.1 40.6 41.5 42.2 42.8 43.8 44.4 44.8 44.1 43.3 42.2 40.7 38.7 36.6 34.7 32.8 32.2 31.4 30.2 29 28.1 27.6 27 27.1 27.2 26.8 26.5 26.1 25.7 25.9 26.5 26.2 25.9 25.3 24.8 24.4 23.9 23.4 22.9 22.4 21.5 20.9 20.5 18.3 15.2 11.8 8.2 13.2 11 8.8 10.6 13 9.6 7.5 12.2 10.5 9.2 6.7 10.1 6.8 6.9 7.4
57.3 57.7 56.3 55.7 55.9 56 56.4 58.2 58.1 55.7 55.5 57.5 57 54.5 54.3 52 49 46.6 45.7 45 44.5 43.7 42.6 41.3 40.6 40 39.5 40.7 41.3 41.1 42.3 42.9 43.5 44.3 45.2 46 45.2 44.5 43.4 42.2 40.3 38.4 36.5 34.6 33.9 33.5 32.3 31.2 30.1 29 28.5 28.6 28.8 28.5 28.1 27.7 27.3 26.9 26.7 26.4 26 25.6 25.2 24.8 24.4 23.9 23.5 22.7 21.6 20.6 18.2 15.1 11 9.1 14.9 16.3 14.2 10.8 9.2 8.5 8.2 7.4 13.5 12.6 11.3 10.3 9.5 8.4 7.2 7.3
58.4 57.9 57.6 57.1 57.5 57.6 58.1 60.9 60.3 56.8 56.2 57.9 58.4 55.3 55 53.8 50.6 47.4 46.7 45.9 45.6 45.4 44.3 42.8 42 41.2 40.3 41.5 42.6 42.7 43 43.5 44.1 44.7 45.9 46.6 46.4 45.7 43.9 42.5 41.1 39.6 38 36.4 35.6 35 35.1 32.8 31.2 30.2 30.2 30.3 30.3 30.1 29.6 29 28.4 28.1 27.8 27.5 27 26.1 25.7 25.2 24.8 24.5 23.7 22.9 21.3 18.3 14.2 10.3 11.4 14.9 17.6 16.4 14.3 13 11.7 10 9.7 11.7 13.4 13.5 12.6 11.9 10.9 10 8.8 7.8
59.8 59 58.5 58.2 58.8 58.7 57.5 59.9 59.7 57.2 57.2 59 58.7 56.8 54.7 54.2 51.7 48.8 47.7 47 46.8 46.6 45.7 44.1 43.4 42.6 41.4 42.3 43.5 43.9 44.1 44.4 45.1 46 47 47 46.8 46.5 44.6 42.9 41.5 40.1 38.6 37.9 37.2 36.5 36.3 35 32.8 31.9 31.9 32 31.7 31 30.4 29.8 29.5 29.3 29 28.8 28.2 26.7 26.2 25.6 25 24.3 22.2 20.4 18 13.3 9.6 10.9 15.9 17.4 17.6 16.6 15.8 14.9 13.5 10.8 11.6 12.4 13.2 13.6 12.6 12.3 11.1 10.1 9.6 8.5
60.4 59.9 59.3 59 59 59 59 60.2 58.8 56.8 57.4 59 58.4 55.9 53.8 53.2 51.8 50.5 48.7 48.4 47.5 46.5 45.5 44.5 44.3 44 41.8 43.4 44.3 44.5 44.8 45.5 46.2 47.1 48 49.5 48.2 47.3 45.4 43.6 42.2 40.8 39.5 38.7 38 37.5 36.4 35.1 33.3 33.2 33.3 33.3 32.6 32 31.3 30.8 31 30.2 29.5 28.8 28.5 27.4 26.5 25.7 25.1 24.6 23.4 19.9 16 10.2 13.1 16.9 17.4 15.2 16.7 17.1 15.5 13.7 12.6 12.1 13.8 13.3 13 12.6 11.9 11.5 10.7 10.5 10.1 9.1
60.3 59.6 58.9 59 59.1 59.2 60.1 60.5 57.4 55.5 56.4 57.1 57.3 54.5 53.4 52.5 51.4 50.2 49.1 48.2 47.1 46.1 45.1 44.3 44.1 45 42.5 43.6 44.9 45 45.9 46.6 47.2 48.1 49.3 50.4 49.6 48.1 46.2 44.4 43.1 41.9 40.6 39.6 38.5 37.2 35.9 34.7 33.9 34.2 34.3 34.1 33.5 33.1 32.6 32.1 31.7 30.9 30.1 29.3 29.1 28.1 27.8 26.9 25.8 24.3 23.2 19.8 12.6 10.2 17.2 19.3 17.4 15.9 16.9 17.2 16.4 14.5 12.5 12.8 14 13.1 12.2 12.5 11.8 11.1 11.3 11.2 10.4 9.6
59.9 59.2 58.8 58.9 59.1 58.8 60.8 60.1 57.4 55.3 56.2 57.2 56.1 53.9 53 51.8 50.6 49.4 48.4 47.5 46.6 45.6 44.7 43.8 43.8 44 42.6 42.1 43.4 43.8 47.2 47.8 48.3 49 50.5 51.3 50.3 48.7 46.7 45.2 44.1 42.9 41.6 40.2 39.1 37.8 36.5 35.2 35 35.5 35.5 34.9 34.4 33.9 33.4 32.9 32.2 31.4 30.6 29.9 30.5 28.7 28.5 28.3 27.3 25.6 22.5 17.6 10.6 13.5 19 20.5 19.6 18.1 18.4 18.6 17 14.3 15.2 15.6 14.9 13.5 12.3 11.8 11.3 11.2 11.6 11.6 10.5 9.7
59.4 58.8 58.7 58.9 58.5 58.3 59.4 58.2 55.7 55.1 56.4 56.1 55 53.4 52.3 51.2 50 48.8 47.9 47 46.1 45.1 44.2 43.9 43.8 43.4 42.8 42.8 43.6 46.2 48.2 49 49.5 49.9 51.2 51.4 50.5 48.9 47.5 46 44.6 43.4 42.3 41 39.6 38.4 37 36.7 36.6 36.7 36.3 35.6 35 34.5 34 33.4 32.9 32.1 31.4 30.7 30.9 29.9 29 29.1 27 24.9 20.9 14.6 10.4 19 22 21.8 21.3 20.7 20.1 18.9 16.3 15.7 16.5 16.7 15.6 14.4 13.2 12.2 11.6 11.9 12 12 10.7 9.5
59.1 58.6 58.7 58.3 57.8 57.7 58 55.8 53.3 54.6 55.8 55.7 53.5 52.8 51.7 50.5 49.3 48.6 47.5 46.5 45.6 44.6 44.3 43.9 43.7 43.5 42 42.5 41.9 46.6 48.2 48.5 49.1 49.6 50.8 51.1 50.2 49.1 47.8 46.6 45.3 44 42.7 41.5 40.3 38.9 38.3 38.2 38 37.5 36.9 36.3 35.7 35.2 34.7 34.3 33.7 32.9 32.1 32.1 31.4 30.5 29.6 28.4 25.8 23.3 17.5 11.6 16.1 21 22.5 22.4 22 21.4 19.9 17.8 16.8 17.4 17.8 18 17.2 16.2 14.7 13.6 12.6 12.3 12.4 12.4 11.2 9.8
58.8 58.5 58.1 57.6 57.1 57.2 56.3 54.3 53.9 53.4 54.5 54.8 52.9 52.2 51 49.8 48.6 48.1 47 46 45.1 44.7 44.1 43.4 42.7 43.2 41.6 41.9 45.6 46.6 47.4 47.7 48.4 49.1 50.3 50.9 49.9 48.8 47.5 46.2 44.8 43.6 42.6 41.4 40.3 39.3 38.7 38.3 37.8 37.4 37 36.4 35.6 35.3 35.1 34.8 34.4 33.7 33.1 32.5 31.8 30.9 30.1 28.4 26.1 23.4 16.3 13 18.3 22.6 22.9 22.8 22.1 21.3 19.6 18.4 18.1 18.5 19.4 19.5 19.4 17.6 16.1 15.5 14.5 13.7 13.3 13 12.5 11.9
59.6 59.1 57.8 57.2 56.5 55.4 54.6 54.4 54.5 53.9 52.7 55.3 52.7 50.9 49.9 49 48.2 47.6 46.5 45.5 45 44.3 43.6 43.1 42.8 42.4 42.9 43.7 44.6 45.9 46.6 46.9 47.7 48.7 49.9 50.6 49.4 48.3 46.9 45.5 44.2 43.5 42.4 41.2 40.1 39.4 38.8 38 37.6 37.2 36.8 36.2 35.3 34.8 34.7 34.6 34.2 33.8 33.3 32.7 32.1 31.3 31.2 29.6 27.2 22.5 16.9 12.3 16.5 23 23.3 22.7 22 21.2 20.2 20 19.8 19.7 20.7 21.2 20.6 18.4 17.1 17.4 16.4 15.3 15.3 15.9 15.9 15
61 60.2 57.9 56.3 55 55.4 54.2 52.5 52.1 50.7 50.3 49.7 49.9 49.8 48.9 47.9 47.9 47.2 46 45.3 44.8 44.2 43.7 43.4 43.4 42.8 42.9 43.6 44.2 45.1 45.9 46.5 47.2 48.3 49.4 49.8 48.8 47.5 46.3 44.9 44.1 43.4 42.3 41 40.1 39.5 38.4 37.4 36.9 36.7 36.2 35.6 34.8 34.2 33.9 33.7 33.6 33.6 33.1 32.6 32.2 32.2 32.3 30.2 27 22.6 18 14 12.3 22.5 22.4 22.2 21.9 21.4 21 21.7 21.4 21.2 22 22.7 21.8 18.8 17.9 18.4 18.2 17.2 17 17.6 18.4 17.1
61.9 60 57.9 56.7 56.3 55.7 54.4 52.9 52.4 51.8 49.1 49.9 49.2 48.1 47.8 47.6 47.6 46.9 46 45.4 44.8 44.3 44 44.3 44.1 43.4 43.5 44.1 44.8 45.3 45.6 46.2 46.8 47.6 48 48.4 48 46.8 45.5 44.7 44 43.3 42.2 40.8 39.8 38.8 37.7 36.7 36.1 35.8 35.5 34.8 33.9 33.3 33 32.8 32.7 32.6 32.9 32.9 32.6 32.7 32.9 30.3 27.1 22.9 19.8 16.2 13 22.1 22.1 22.6 22.3 22.5 22.3 22.8 23 23.1 23.1 23.5 22.5 20 19 19.4 20.3 19.3 18.8 19.7 20.7 18.7
62.2 61.2 60.1 58.7 57.1 55.4 54 52.8 51.5 50.5 50.6 51.5 50.8 48.9 48.3 49.4 49 47.6 46.1 45.3 44.7 44.6 44.9 45.2 44.7 44 44.1 44.6 45 45.3 45.7 46.1 46.7 46.6 46.5 47 47.2 46.2 45.3 44.8 44 43.2 42.2 41 39.5 38 37 36 35.3 34.8 34.4 33.8 33.1 32.5 32.2 31.9 31.7 31.8 32.4 32.8 33 32.9 33.6 31.7 28.4 25.1 21.9 16 12.9 22.7 23.2 23.1 22.8 23.6 23.7 23.9 24.5 24.2 24 23.7 23 22.1 21.3 22.3 23 22.1 21.8 21.9 22.5 21.6
63.9 62.8 61.8 60.3 57.2 55.3 53.8 53.5 53.7 53.4 53.5 52.6 50.9 48.9 49.9 50.9 49.9 48.3 46.9 46.4 46 45.8 45.8 46 45.3 44.4 44.3 44.7 45.1 45.4 45.7 46.1 46.5 46.4 45.7 45.3 45.9 45.4 45 44.5 44.2 43.5 42.6 41.4 39.9 38.3 36.8 35.2 34.1 33.7 33.2 32.3 32.3 31.8 31.4 31 30.8 31.2 31.8 32.3 32.7 33.1 33.4 32.7 30.1 26.9 21 14.6 19.5 23.7 23.8 23.6 23.2 24.4 24.8 25.1 25.7 25.7 25.6 25.6 25.6 25.9 25.2 24.8 25.3 25.7 25.3 24.9 25.1 24.1
65.5 64.3 63 61.8 58.4 56.2 55.9 56 56.2 55.8 55.5 54 52.3 50.7 52.1 52.1 51.1 49.6 48.5 47.9 47.7 47.5 47.5 46.9 46.7 45.5 44.7 44.9 45.1 45.5 45.8 46.2 46.5 46.2 45.5 44.9 44.4 44.3 44.3 44.2 43.9 43.2 42.1 41 39.9 38.2 36.5 34.9 33.7 32.9 31.5 31.3 31.5 31 30.5 29.8 29.5 30.2 31 31.6 31.3 32.5 33.5 32.6 30.1 26 17.9 12.8 22.3 25.3 24.9 24.7 24.9 26 26.2 26.6 26.8 26.8 27.5 28.5 28.6 28.9 28.7 28.4 28.8 29.2 28.4 27.7 28.5 27.9
66.6 65.5 64.6 63.2 60.3 58.5 58.3 58.3 58.6 58.4 57.3 56.3 54.5 53.8 54.3 53.4 52.4 51.7 51 50.1 49.4 49.3 49.3 48.4 47.8 46.8 45.9 48.2 46.7 46 45.7 45.7 45.6 45.5 45.3 44.4 43.3 43.2 43.2 43.3 42.6 42 41.3 40 38.8 37.7 36.1 34.8 33.6 32 29.7 30.3 30.5 28.8 27.3 27.8 28 28.5 28.5 27 27.4 29.4 30.6 29.1 26.9 21.9 15.5 21.2 24.3 26.7 27 26.9 27 27.8 28.5 28.1 28.8 30.2 31.2 31.9 31.8 31.7 32.2 32.4 32.7 32.9 33.9 32.2 30.5 31.2
66.6 65.5 64.4 63.3 61 60.5 60.7 60.7 60.3 59.5 58.5 57.7 56.3 56 56.4 55.7 55.1 54.3 53.1 52.2 52.2 51.9 50.9 50.6 50.2 49.6 49.7 51.3 50.1 48.3 46.9 46 45.1 44.6 44.5 43.2 41.8 42.2 42.2 41.2 40.6 40.1 39.3 38.4 37.6 36.8 35.5 34 32.1 30.3 26.4 28.1 24.4 21.9 20.2 20.2 22.6 25.6 23.3 20.6 19.9 17.9 25.2 24.6 21.6 15 22.1 26.2 27.6 28.4 29.1 29.1 29.4 30 30.4 30.9 31.6 32.4 34.3 35.3 35.4 35.5 35.7 36.3 35.5 35.9 36.4 36.1 34.5 34
66.1 65.3 64.2 62.7 61.5 61.1 61.1 61.4 61 60.2 59.4 58.6 57.6 57 57 56.6 56.4 55.8 55 53.7 53.5 53.3 52.5 51.9 51.6 50.9 50.2 49.7 49.1 48.4 47.5 46.9 46.2 45.2 43.7 42.5 41.3 41.2 41.2 39.3 38.8 38 37.2 36.4 34.9 34.6 34 32 29.8 27.5 23.5 21.3 25 26 25.3 24.1 21.7 20.1 19.5 18.6 16.4 19.5 16.3 17.5 18.6 19.8 26.7 28.5 28.5 28.2 31.7 32.2 32.1 33 34.1 35.3 36.2 36.7 37.1 40 39.3 39.3 40.6 40.7 39.5 39.4 38.9 39.9 38.8 37.6
66.6 65.6 64 62.5 61.8 61.3 61.2 61.5 61.4 60.6 59.8 59 57.8 56.3 56.8 55.9 55.3 54.7 54.5 53.9 53.4 52.8 52.1 51.5 50.9 50.9 49.4 49.1 48.5 47.8 47.9 47.7 47.3 46.3 44.5 43.5 41.9 41.8 40.3 38.3 38.2 37.5 35.4 33.3 32.2 32.1 30.6 29.8 23.5 23.1 23.5 26.2 30.5 30.5 29.5 28.3 26.7 24.6 24 23.6 28 26.9 24.7 25 25.6 26.3 27.7 28.7 31.3 31.9 33.9 34.5 35.2 36.6 38 39.2 40.5 41.5 41.6 43.7 44.5 44.9 45.6 45.2 45.1 45.2 44 44.2 42.6 40.4
67.8 66.8 65.5 63.8 62.5 61.5 61.4 61.7 61.8 61 60.2 59.1 57.5 55.7 56 55.6 54.4 53.7 53.2 52.7 52.2 51.5 50.8 50 49.7 49.3 48.3 48.2 47.9 47.7 47.5 47.7 47.9 45.6 42.5 41.9 41.7 42.8 41.1 39.5 38.7 37.8 36 34.9 29.8 28.2 25 24 24.2 24.8 27.4 29.8 33 32.7 31.7 30.8 29.8 25.6 29.3 31.6 32.2 30.9 30.1 31.7 32.9 32.4 33 33.5 33.6 34.1 34.5 36.1 38.3 39.8 41 42.2 43.8 44.6 46.4 47.8 49.2 50.8 51.9 51.3 51 50.4 49.5 48.5 46.2 43.6
69.1 68.1 66.8 65.9 65.2 63.5 62.2 61.9 62.1 61.4 60.4 58.8 57.3 56.3 55.9 55.5 54.6 53.8 52.7 51.3 50.6 49.7 49.2 48.4 46.1 44.8 44.4 45.5 46.6 45.6 43.3 39.4 39 39.3 40.7 36.6 38.5 42.8 41.6 40 38.6 37.6 36.7 35.6 23.5 25.6 25 26.6 29 30.5 32.8 33.8 34.5 33.8 32.9 32 30.5 30 32.3 34.3 35.2 34 34.2 35.2 35.8 34.8 35.8 36.1 36.1 36.3 36 38.5 41 43 44.4 46 47.4 48.9 51.6 53.9 54.5 56.6 58.4 58.1 56.6 55.2 54.3 52.8 50.6 48.5
