data/NX05.asc
ncols 200
nrows 200
xllcorner 200000
yllcorner 550000
cellsize 50
[rows 111 to 147 of 200, columns 84 to 167 of 200]
120.1 119.3 119 118.9 120.3 122 122.2 116.3 110.4 106.4 107.3 111.6 115.7 122.2 121.8 120.7 118.9 117 116 119 119.4 120.8 123.3 123.5 121.8 120 119.4 119.1 118.6 118.1 117.5 116.3 114.7 113.1 110.4 107.2 103.9 100.9 96.3 92.6 90.7 88.3 86.4 87.5 90 92.4 89.6 85.8 82.5 80.5 76.6 72.8 69.8 67.4 65.2 61.6 57 55.4 55.6 44.5 36.3 43.1 51.2 49.7 48.4 46.8 46.1 43.7 44.5 41.5 32.3 23.8 20.5 20.8 23.4 24.3 25 24.9 24.5 24.3 24.6 23.4 22.2 22.7
116.7 116.6 116.3 116.5 118.4 119.4 117.7 112.4 106.3 106.3 106.4 106.8 111.8 119.3 122.1 123.7 121.1 118.9 115.4 116.8 115.3 118.8 119.4 119.1 118.4 116.7 114.9 115.2 115.9 116.2 115.6 114.9 113.5 112.2 110.4 107.2 105.3 103.3 98.5 92.9 90 86.9 85.8 86.7 90.4 92.9 89.7 84.6 81.5 79.5 76.2 72.6 70.6 69.3 67.3 64.2 58.9 57.3 58.1 50.3 40.3 37.3 49.5 50 48.3 46.7 46.4 45.5 45 41.9 33.8 25.1 21.8 20.6 22.8 23.4 24.1 24.5 23.7 23.2 23 22.5 22.3 22.5
113.4 113.2 113.9 114.2 115.6 115.6 112.3 108.2 103.4 105.6 106.2 106.4 109.8 120.6 124.4 123.9 120.6 118.4 115.6 113.9 113.8 116 116.5 115.7 115 113.7 114 114.4 114.7 114.6 114 113.2 112.9 111.6 110.5 110 107.9 106.1 102.7 97.6 91.9 86.6 85.6 85 88.6 92.1 89.4 84 80.1 77.9 75.9 70.1 69.3 69.5 69.1 66.6 60.7 56.3 58.9 53.3 42.7 35.8 46.3 49.2 47.9 45.7 42.6 42.1 42.7 40.9 34.6 26.2 23.5 21.8 21.9 22.7 23.7 24 23.4 23.4 23.3 22.7 22.5 22.6
108.4 108.5 109.3 111.2 111 110.7 108.1 104.2 102.6 104.3 105.9 107.8 111.8 120.4 123.4 121.3 118.1 116.1 115.1 112.7 112.4 112.6 113.4 113.6 112.7 112.3 112.7 113.1 113 113 112.4 111.6 112.1 111.2 110.3 110.9 110.4 110.9 106.5 102 97.8 92.8 86.2 84.9 87 89.7 89.4 84.9 80 76 73.8 67.2 65.4 68.7 69.5 68.4 62.8 56.7 57.2 56.7 47.2 37.4 40.5 48.3 39.4 35.5 33.7 33.5 34.4 36.5 37.8 28.7 24.9 23.2 22 22.9 23.5 23.5 23.2 23.5 23.5 22.9 23.2 24.5
103.7 104.7 106.6 106.7 105.6 105.3 103.7 101.2 102.7 103.8 104.6 106.2 109.6 117.7 119.3 117.8 115.6 114.2 114.6 112.8 111.9 111.5 111.5 111.4 111 111.1 111.5 111.5 111.4 111.4 110.8 109.9 110.8 110.1 110 112.1 114.3 115.5 110.5 105.8 100.4 97.3 89.1 85 86.1 88 89.4 86.3 80.4 76.1 73.5 71.3 63.6 64.1 68.2 69.3 65.5 56.7 53.6 53.7 52.5 42 36.7 36.7 34.3 32.3 31.4 31.7 30 30.4 35 35.8 27.8 24.4 23 22.2 23 22.9 23 23.3 23.6 24.5 25.8 26.6
99.4 101.7 101.5 101.3 100.8 99.9 99.9 100.6 101.6 102.9 105.4 106.7 110 114.8 114.7 112.3 113.2 114.2 114.5 113.7 112.8 112 111.5 110.7 109.6 109.5 110 109.9 109.8 109.3 109.3 108.5 109.8 109.8 112.4 115.9 118.4 120.2 115.3 109.1 102.9 99.8 95.1 87.2 85 85.9 88.2 84.6 81.3 77.3 74.8 71.6 67.3 60.6 65.2 69 66.6 58.1 54.1 52.9 47 39.4 35.9 36 36.4 40.4 45.1 42.4 35.2 29.8 29.4 34.6 34.6 27.3 23.5 22.9 22.3 21.7 22.5 23.4 24.4 26.3 27 29
100.8 102.5 103.6 102.4 100.9 101.1 101.6 101.8 102.5 104.1 104.8 105.5 109.4 112.4 111.4 112.4 115.7 117.4 116.3 114.8 113.5 112 113.5 114 113.7 110 106.4 107.9 107.2 106.7 106.6 106.9 108.3 110.4 115.5 120.3 125.5 125.4 119.7 113.5 105.6 101.7 99 92.6 87.1 84.1 86.8 86.1 82.4 78.8 76 73.8 71.9 66.9 58.8 65.9 66.3 56.4 52.3 52.5 45.7 40 44.3 44.5 46 50.6 54.9 53.4 45.5 34.5 29.4 28.3 31.8 29.6 24 23.6 22.8 22 21.6 23 24.3 25.9 28.7 32.3
108.1 108.5 108.6 106.4 103.8 103 103.3 103.2 103.8 104.3 105.1 105.9 108.2 110.3 112.3 119 123 121.8 118.8 115.1 114.1 115.8 117.6 117.9 116.8 111.7 107.5 105 105.5 103.8 103.7 103.9 107.3 109.8 113.7 120.1 125.5 128 127.2 120.7 111.4 103.9 99.9 96.2 90.2 83.9 85 86.2 84 80.8 78.4 76.6 74.7 71.4 67 59.5 51.9 50.2 49.4 46.1 44.3 48.5 55.6 57.2 56 56 56.1 54.6 47.9 38.1 33.7 28.7 27.6 30.6 26.2 24 23.5 22.9 22.5 22.8 23.6 24.3 27.7 33.3
111.9 110.8 109.3 107.3 106 106.4 105.2 104.7 104.7 104.9 106.4 106.2 107.6 110 117.4 124.4 127.5 125.1 120.8 115.3 119.8 124.1 125.6 123.1 120.1 115.9 107.7 104.2 103.5 102.7 102.4 101.5 101.9 105.8 110.5 117.6 119.6 122.4 123.8 120.5 114.8 108.3 102.4 98.3 93.6 86.4 81.7 85.5 85.5 83.7 81.5 80.3 77.7 75.6 72.2 66.7 65.8 66.8 58.6 54 52.7 51.5 53 56.2 58.1 57.8 57.8 55.1 50.4 49.5 43.4 33.5 29.1 26 25.8 25.8 25.4 24.5 23.6 24.1 23.4 24.1 26.3 31.9
115.6 110.5 109.2 109.3 111.2 109 107.8 107.7 108.5 110.6 111.6 111.1 108.6 110.6 119.6 125.7 125.7 125.2 117.5 123 127.5 132.7 130.6 127.4 123.2 117.7 112.5 104.3 103.3 103 101.1 100.4 100.4 101 105.9 111.8 113.9 115.2 116.7 114.2 110.1 106.8 102.4 98.1 96 88.5 80.4 83.3 86.5 85.8 84.4 84.4 81.3 79.1 77.4 75 74.9 74 67.6 60.8 57.1 52.2 52.4 55.9 59.4 59.8 58.7 55.5 52.6 48.3 42 40.4 35.6 29.5 26.9 26.1 25.7 25.8 24.7 25.3 24.4 24.2 25.4 30.9
119.6 110.9 110.3 112.4 111.6 110.3 110.3 110.7 114 115.9 117.7 117.8 115.5 108.4 114.4 121.4 123.7 119.7 123.1 129.9 135.9 139.4 139.1 130.6 125.1 120.3 115.6 108.8 102.1 102.9 101.4 99 98.3 99.1 99.9 105.3 107.8 108.7 107.8 106.3 104.3 101.5 98.9 96.3 94.5 89.1 81.2 83.4 87.4 88.9 87.3 87.8 85.7 82.9 81.6 80.3 79.7 76 68.4 62.3 57.8 52 52.4 57.7 59.4 61.1 60.2 57.3 54.5 52.5 52.2 49.4 43.3 33.7 29.8 28.2 27.4 27.7 26.5 25.9 25.4 24.9 25.5 29
122.1 114.6 111.7 112.3 111.4 110.7 112.3 115.1 119 121.4 123.9 125.5 120.9 112 108.1 115.7 122.9 119.7 120.7 128.2 136.2 140 140 133.8 126.6 121.7 117.5 111.8 103.2 102.6 100.9 99.3 97.6 96.4 97.2 100.1 103 103.8 101.7 100.6 98.9 97.5 95.1 89.3 86.5 80.9 75.9 81.3 87 89.2 88.6 89.5 90.9 87.8 85.2 83.8 81.8 78.6 71.2 64.8 55.4 51.5 53.3 59.1 60.2 61.3 61.4 58.8 55.7 54 52.9 50.1 45.9 40.7 38.7 34.9 31 31.8 28.5 26.4 25.7 25.4 25.9 27.1
121.5 113.4 112.2 112 111.4 112.2 113.6 119.7 124.1 129.5 132.2 130.1 121.7 112.8 105.7 112.8 119.4 122.7 119.6 123.9 129.3 133.3 136.9 137.2 129.6 122.3 118.2 113.4 104.6 102 99.9 98.3 96.6 95.5 95.1 96.5 98.4 98.5 95.3 93.5 88.8 84.6 82.4 73.8 81.4 74.4 74 75.5 83.6 87.8 87.6 88.1 89.5 90.2 86.9 84.6 81.5 77.9 72.5 66.1 56.9 51.2 53.8 58.9 60 61.1 61.7 59.3 53.8 48.9 44.1 40.2 41.1 44.1 43.3 41.4 37.8 31.9 29.4 26.8 26.5 26.2 26.4 27.2
116.7 111.3 111.1 110.9 111.4 113.7 118.4 125.1 132.2 134.8 133.8 125.5 118.4 110.5 104.1 109.2 115.3 120.6 123 122.2 124.3 128.2 131.6 133.1 130.9 123.5 118.2 112.8 106 101.6 98.5 96.2 94.5 94.8 90 94.9 85.1 96.5 94 84.8 82.6 87.7 91.2 90.1 84.6 75.7 69.1 57.7 77.1 83.4 84.7 85.3 85.7 86.1 85.4 83.1 80.1 76.3 70.7 65.1 58.3 52.4 52.3 58.4 58.7 58 59.5 47.8 41.4 36.6 35.9 35 34.8 34.3 37.3 42.3 41.8 35.9 31.8 28.5 27.7 27 26.8 27.7
110.7 110.6 110.5 110.4 113.3 117.5 123.2 130.8 134.7 130.4 126.7 119.9 113.6 105.8 101.8 104.7 110.5 116.3 120.1 121.2 117.6 122.8 124 125 126.2 121.7 117.6 112.3 106.8 103.4 101.4 98.4 94.6 85.7 86.4 92 96.8 90.9 95.9 93.4 91.5 90.4 88.5 86.4 81 76.8 75.1 70 58.8 78.2 79.9 80 80.5 80.9 80.1 79.3 74.8 63.7 53.5 46 44.3 46.5 49.4 54.1 56.8 49.7 45.1 39.4 37.4 36.4 35.8 34.9 33.8 33.6 33.2 33.1 38.3 38.2 32.5 29.5 28.7 28.1 27.4 26.1
110.2 109.8 109.6 112.7 116.8 120.4 122.2 129.9 130.6 125.7 118.5 113 104.8 103.3 101.3 100.7 105.8 111.4 114 114.3 112.2 116.2 117.4 118.1 117.9 117.8 115.2 110.4 109.3 107 104.1 97.6 88.4 93.9 94.8 96.1 99.6 100.4 97.6 96.4 92.6 92.8 90.7 88.9 86 81.7 79.7 74.8 57.5 72.2 76.8 76.8 66.8 66.7 72.2 70.5 63.7 52.4 44.7 43.7 42.1 41.3 41.1 41.2 40 39.1 38.8 37.3 36.5 35.3 35.6 34.9 33 32.9 32.5 31.3 31.3 34.4 32.8 29.7 28.8 28 26.8 25.6
108.3 108.7 110.4 115.5 117.5 118.6 119.9 126 125.2 119.5 110.1 107.6 112 110.8 103.9 100.1 101.3 106.2 107.6 107 108.5 110.2 110.2 109.9 111.2 111.7 111 110.1 109 100.6 96.9 93.7 96.9 102.3 102.8 100.1 100.2 100.1 97.5 95.7 93.3 92.7 91.3 90.2 87.4 82.6 79.2 76.2 61.4 54.7 68.3 62.1 49.1 47.1 56.3 63.6 56.6 45.3 43.3 45.3 44 41.4 40.5 39.5 38.7 37.8 37 43.3 44.3 39.5 42.2 39.2 38.9 35 33.3 31.5 30.6 29.2 29.5 29.5 28.6 27.4 26.2 25
108.3 109.5 113.4 116.4 115.1 114.9 115.9 120.2 118.1 110.3 108.6 114.7 116.8 113.3 106.8 99.7 100.4 100.9 99.9 102.3 104.2 105.3 103.9 104.7 107.2 108.6 108.5 105.3 93.9 95.1 101.7 104.8 107 107.5 107.4 105.6 103.3 99.2 96.5 94.7 93.5 92 90.8 90.2 88 83.8 80.8 79.5 76.2 63.7 53.5 50.2 72.4 69.1 52.7 47.3 44.6 50.6 52.6 51.3 47.4 44.1 44.4 41.8 41 44.3 48 47.2 48.7 53.3 51.8 50.6 47.6 42 38.9 34.6 32.3 29.6 28.2 29.1 27.8 26.8 25.6 24.4
107.5 110.4 114.5 113.7 111.8 111.1 113.5 113.6 111.3 104.6 111.7 117 116.6 112.3 106.1 100 98.7 97.9 97.1 98.1 99.9 98.7 97.5 99.6 102.9 104.1 100.4 94.4 99.6 107.1 110 111.3 112.4 112.2 110.4 109.2 106.5 100.5 99.2 100.7 95.4 93.9 93.7 91.7 90.1 88.3 84.1 80.7 78.1 75.5 69.7 70.8 75.8 76.1 70.6 58.4 56.1 60.2 59.8 57.1 50.2 46.1 47.8 44.5 47.6 52.1 54.5 55.7 59.5 62.2 62 61.8 61.5 57 45.6 40.7 37.7 33.4 31.2 28.4 27.7 25.9 24.9 24.6
106.5 111.5 112.8 109.4 108 110.5 111.8 110 104.9 106.8 113.4 115.4 113.9 109.3 102.1 99 97.7 96.7 98.6 96.3 96.1 94.4 94.1 95.9 95.9 98.3 92.8 104.6 110.8 114.2 115.4 116.7 117 114.9 113 111.5 108.7 103.7 105.4 102.7 97.7 95.2 95.9 94.3 93.2 91.2 87.9 82.1 79.5 76.7 70.1 73 75.7 77.5 77.7 73.3 68.9 67.3 68.9 63.9 56.4 51.3 50.3 49.8 53.7 58.8 63.1 65.4 67.6 69.2 69.9 69.7 67.7 60.8 57.6 52.7 45.1 40.2 35.9 30.8 29.4 27.1 26.8 27.4
106.1 109 108.6 104.7 105.4 107.4 107.8 105.5 101.9 106.2 110.3 111.7 109.3 104 98.3 95.6 96 95.7 95.9 94.3 93.5 92.4 92.3 93.2 92.1 95.7 100.7 110.1 113.8 117.9 120.4 123.1 121.3 118.8 117.1 115.6 113.8 111.4 109 105.1 99.6 97.8 98.2 98 97.1 94.8 91.6 83.8 80.7 78 72.9 76.5 78.2 80.2 81.6 82.5 81.8 75.6 77.6 74.4 65 59.4 55.4 56.5 61.6 67.7 72.3 73 73 74.5 76 73.1 71.6 69.7 65.7 60.5 52.9 46.3 38 32.6 31.3 29.1 29.5 28.6
103.7 105.1 103.9 102.2 102.9 102.8 102.4 99.6 101.1 104.5 105.7 105.7 103.7 97.6 95.8 96.3 95 92.7 93.5 94.5 93.8 95.2 95.4 98.2 98.8 101.9 108.3 113.1 117.5 121.3 126.7 129.5 125.8 122.8 121.3 120.6 119.4 116.1 113.1 109 104.9 101.2 101.4 101.8 101.3 99.3 95.7 89.2 85.8 79.8 78.8 79.7 81.6 83.9 86.5 87.3 88.2 86.6 86.9 81.5 73.2 68.1 63.1 65.7 68.7 75.3 80.5 80.2 79.3 79.8 80.8 81.3 79.6 78.6 75.8 71.7 61.4 57.1 45.4 37.9 34.1 31.3 30.1 29.2
102.2 100.2 98.2 100.1 99.7 99.6 98.1 98.4 98.3 99.5 99.3 99 96.5 96 95.4 95.5 96.9 95.4 94.6 94.6 97.3 98.7 99.4 98.7 99.4 105.9 111 116 122 127.3 134.9 136.9 133.9 130.7 127 125.6 124.8 121.4 117.2 113.1 108.8 104.5 105.6 105.6 104.9 102.2 98.5 93.4 87.8 81.4 82.3 83.2 85.4 88.4 91.3 91.6 93.8 93.7 92.7 90.2 81.8 77.2 74.1 75.2 78.2 84.5 87.3 86.3 85.5 85.2 84.4 84.4 86.6 85.4 83.6 80.5 73.6 65.7 52.2 42.5 36.8 33.9 30.9 30.2
101.8 100.6 99.8 98.2 99.2 99.7 97.8 97.6 97.6 97.4 97 96.6 95 98.5 96.8 98.1 99.9 95.4 95.2 95.7 100.5 100 101.6 104.4 103.6 108.4 113.7 118.9 125.7 131.5 132.3 133 130.6 128.5 126.4 125.5 126.8 125.7 121.3 117.2 111.9 108.4 109.6 108.8 107.7 105.4 101.3 95.9 89 85.6 85.7 87 90.2 92.9 95.4 95.7 96.9 96.3 95.5 97.4 94.2 89.9 85.4 84.9 88.5 94.6 94.5 93.8 92.4 91 88.9 85.8 87.1 87.7 85.6 85.6 80.8 71.9 57.4 50 44.5 38.1 33.8 31.9
104.2 101.7 100.3 99.6 99.7 99.2 97.4 97.1 96.9 96.4 96.5 97 98.5 99 97 98.2 97.3 96.5 99.2 103.5 104.7 104.3 102.2 103.9 104.6 111.1 115.8 120.4 127.7 128 126.9 127.8 125.8 124.4 122.8 123.3 127.6 128.2 125.4 120.4 116.1 113.8 114.2 111.5 111.2 110.3 105.7 100 93.2 90.2 89.7 92 94.6 96.7 96.9 97.8 99.1 99.4 97.2 98 99.5 97.6 94.8 98.8 98.9 96.9 97 98.4 97.6 96.5 94.1 89.7 87 87.7 86.4 84.1 82.1 78.1 68.2 62 54.8 46 38.5 34.6
110.2 107.1 101.7 100.7 99.6 97.9 97.1 95.5 96.8 96.4 96.7 99.1 99.4 98.4 96 97.9 99.8 106 107.4 107.9 108.2 107.3 103.5 104.2 106.1 112.1 116.2 120.1 122.8 122.6 123.1 123.9 123.1 121.1 119.3 125.2 131.6 128.8 125.9 124.7 121.8 119.6 119.2 118.5 116.4 115.2 110.5 103.2 97.1 96.4 96.4 95 93.9 96.3 96.8 97 97.2 98.3 97.1 95.8 95.9 96.5 94.1 97.2 96.9 96.8 94.8 95.3 99.1 100.8 98.2 93.1 87 85.6 83.2 80.9 79 77.3 73.7 65 54 44.4 39 39.1
114.5 109.4 103.2 100.9 99 97.1 97.1 97 97.1 97.3 98.8 99.9 98.4 97.4 98.6 105.1 107.8 109.8 111.1 111.7 111.2 110.5 104.7 105.6 106.5 108.2 114.1 117.2 117.6 117.7 118.4 118.8 119.3 118.6 120.9 124.8 127 128.7 126.1 124.6 123.6 122.7 124.7 124.9 121.4 120.5 114.3 105.4 101.3 102.2 101.7 99.4 95.7 92.9 94.7 94.6 93.8 94.4 94.3 92.3 90 91.6 90.3 92.5 92.3 92.1 91.6 92.2 95.2 101.1 102 97.3 91.1 83.9 80.9 77.7 75 69.9 62.9 51 49.8 48 47.3 50.2
113.2 108.1 103.8 102.5 99.4 98.2 98.5 98.4 98.1 98.7 98.9 99.4 99.5 99.2 104.2 108.8 111.5 113.3 115.1 116.3 113.9 114.2 109.7 110.6 107.5 107.4 108.8 111.5 112.6 113.1 113.9 114.6 115.1 117.1 120.3 123 123.4 123.6 123.7 123.1 121.6 121.1 122.9 124.1 124.4 121.7 115.8 107 106.7 107.8 104.2 101.7 97.7 91.7 90.1 91 90.2 90.8 91 88.6 86.7 87.3 86.9 86.8 87.4 87.3 86.6 87.7 90.7 98.4 104.2 101.1 96.4 88.1 79.9 72.2 71.6 67.2 66.7 63.9 62.1 57 53.5 59.6
108.8 106.4 104.1 101.4 98.6 99.7 99.6 99.4 99.7 99 99 101.2 100.5 102.9 107.9 112 115.3 118.2 120 121.6 122.1 124.3 118.2 115.8 113.4 111.5 108.4 106.1 108.7 109.6 109.7 110.3 110.9 114.6 118 118.3 118.6 118.8 118.9 118.8 118 117.4 118.8 120.3 120.8 118 113.5 107.9 111.2 114.1 108.9 104.3 99.3 94.3 88.2 85.9 86 86 86.1 85 84.1 83.8 83.5 83.4 83.4 83.1 82.5 83.8 86.7 94.5 102.3 103.3 98.2 91.8 84.1 80.3 82 81.5 77.6 75.8 70.8 67.1 61 65.5
104.4 102.8 101.6 99.9 99.6 100.7 102.8 102.2 102.7 100.1 100.8 100.6 101.6 106.4 110.6 114.9 119.3 122.7 126 128.2 129.7 128.3 123.2 120.7 118.7 115.9 109.4 102.8 104.3 106.5 106.4 106.2 107.5 111.2 113.8 113.2 112.6 113.5 113.7 114 113.2 112.8 114.5 115.7 116.8 114.2 111.5 107.2 112.7 116.6 110.7 104.4 99.3 94 89.2 84.9 83.3 82.3 81.9 81.5 82.1 81 81.1 81.5 81.2 80.3 80.9 82.3 84.2 90.5 94.2 101.3 99.8 96 90 84.4 87.3 87.8 83.8 77.1 71.8 68 64.9 67.1
101.9 101.6 100.1 101.1 102.4 104 103.5 103.2 103.7 103.1 102.7 101.7 103 106.9 112.3 117.5 125 128.5 133.4 136.8 138.1 132.6 127.8 125.1 124 120.4 113.2 106.4 100.6 101 101 102.2 103.7 106.6 108.4 107.6 106.8 106.7 108.4 109 108.2 108.1 109.2 109.5 110.8 109.9 108.1 106.4 112.2 114.9 110.2 103.5 98.6 93.5 86.5 90.5 83.7 83 82.7 81.9 81.7 81 80.5 80.8 80.8 80.8 80.3 81.4 82.3 87.3 90.3 95.8 99.9 99.9 96 89.3 87.8 87.4 85.6 77.1 71.2 67.5 64.2 66.2
101.8 100.5 102.6 103.4 104.5 104.8 104.2 103.8 104.1 105 106.8 103.6 104 107.1 112.7 122.5 130.4 134.1 136.6 138.4 133.5 132.1 128.6 127.9 122.5 117.6 112.3 107.2 100.4 97.6 97.3 99.1 98.5 100.8 102 100.7 99.5 99.7 101.8 103.6 102.9 102.3 103.1 103.3 103.8 104 101.8 103.5 108.8 111.8 107.7 102.1 96.8 92.1 88 91.3 90.5 87.8 86.4 84.4 83.7 83.6 82.3 82.6 82.2 82 81.8 80.6 80.3 81.7 84.8 90.4 95.8 100.1 97.9 91.4 87 86.3 83.8 78.4 70.8 67.8 64.3 63
101.6 102.7 105 105.1 105.2 105 105.2 107 106.1 110.5 111.5 110.7 109.5 105.7 113.8 122 125.1 128.2 130.6 131.4 131 129.6 127.2 124 119 115.7 111.9 106.8 100 95.9 96.1 96.2 97.8 98.3 97.2 97.1 97 97 96.6 96.6 96.4 96.6 97.2 98 98.6 99.9 99.7 100.3 104.5 108.2 105.7 100.8 95.6 91 92 98.8 95.2 92.4 90 90 90 89.1 87.1 85.7 85.8 84.3 83.1 81.5 80.5 77.8 78.3 83.6 89.8 95.2 96.5 92.4 87.1 84.4 83.2 79.2 71.9 67.1 63.7 59.9
102.6 103.1 102.7 103.9 105.5 105.5 108.9 111.9 113.4 115.6 116.3 118 114.6 107.4 112.2 119.5 122.8 124.6 125.6 127 127.3 126.8 123.6 120.1 116 112.9 109.1 105.3 99.3 95.5 95.5 95.4 98.2 98.8 96.9 97.1 96.9 97.4 97.8 97.8 97.5 97.5 97.9 98.5 98.8 99.3 100 99.6 99.8 104.5 103.3 98.8 94.5 93.8 98.2 101.8 100.9 97 93.8 95.2 95 93.8 91.4 88.4 88.8 86.8 83.6 82.5 81.5 79.8 75.5 76.5 82.3 88.1 91.9 91.3 86 82.2 82.5 78.7 72.7 67.5 63.2 59.8
103.6 106.1 103.2 103.1 104.8 107.5 112.3 115.3 118.4 121.1 121.8 123.5 118.6 110.1 108.5 115.1 118.9 120.4 121.3 122.6 122.7 122.9 120 116.2 112.9 110 106.1 102.5 96.9 94.8 95.2 97.8 98.6 99.3 96.4 96.8 100.4 99.7 98.4 98.4 98 97.9 98.7 99.1 99.5 99.6 99.6 99.4 99.4 100.8 100.8 97.4 99.1 99.5 101.5 103.4 102.6 100 98.5 98.8 99.3 97.8 95.6 92.6 90.9 88.2 84.9 82.7 81.2 79.5 76.6 73.6 74.4 80.2 86.6 88.7 85.8 81.1 80.9 78.8 74.2 68.6 63.5 58.4
107.5 107 103.5 103.2 103.8 109.7 116.2 120.6 123.8 127.1 128.5 125.8 118.2 112.5 105.3 109.7 114.9 116 117.1 117.9 117.9 117.6 116.1 112.7 109.7 106.9 102.4 98.1 94.4 93.6 98.1 98.7 98.9 96.8 96.1 98.4 100 100.2 97.9 98 98.3 99.4 99.4 99.6 99.8 99.9 100 99.8 99.7 99.4 98.9 100.6 103 103.6 105.3 104.9 103.9 102.4 99.9 100.7 102.7 101.7 99 95.9 94.2 89.9 86.7 83.5 81.4 78.7 76.4 74.6 72.8 73.1 79.1 84.5 86 79.7 78.9 77.8 75.9 69.1 63.9 58.7
107.9 107.3 103.8 103.7 105.8 115.8 123.1 127.5 127.1 129.7 129.1 122.6 117.1 111.2 104.2 106.1 110.2 111.8 112.9 113.1 112.6 112.1 111.7 109.2 106.3 103.6 99.4 94.9 93.8 92.3 96.5 96.6 96.3 96 99.1 101.8 100.2 100.1 98.7 98.1 98.1 100.1 99.6 99.8 99.9 100 100.1 100.1 100.1 99.3 99.9 101.1 105.2 104.9 105.9 105.6 104.7 103.6 101.4 104.2 105.7 103.8 100.9 97.7 94.6 92.1 87.8 84.9 81.4 79.1 77.1 75.9 73.2 70.9 72.1 78.9 83.6 80.6 77.1 76.4 76.6 71.4 63.8 59
