data/NX13.asc
ncols 200
nrows 200
xllcorner 210000
yllcorner 530000
cellsize 50
[rows 74 to 110 of 200, columns 0 to 83 of 200]
133.5 138 135 140.2 147.2 152.8 151.2 144.4 131.5 129.8 124.5 125.1 124.4 124.3 122.1 118.3 113 109.3 111.3 114.4 118.2 122.5 127.9 134.7 134.8 127.1 120.7 115.3 110.7 107.6 104.2 100.3 100.1 101.6 100.9 102.4 101.9 100.9 99 95.9 93.5 91.5 91.5 93.4 94.2 92.4 92.5 93.3 90.4 92 93 92.6 93.1 92.5 96.2 94.5 93.3 90.2 86.5 83.5 74.6 70 60.6 55.2 46 38.7 30.2 30.3 28.6 26.6 28.2 29.1 27.8 26.3 25.7 25.1 22.5 18.6 16.3 14.3 8.4 7.4 7.1 7.5
139.3 138.2 140.9 141.8 148.4 154.5 157.2 153.8 141.2 139.6 131.8 132.7 126.8 126.5 123.8 119.4 115 112.4 114.5 116.8 120.7 125.3 130.3 136.7 135.8 128.2 122.2 116.6 112.2 110.6 107.1 102.6 107.3 109.7 107.6 104.8 105.1 104.7 103 97.7 94 93.8 94.3 96 96.1 94.7 94.6 97.2 89.4 91.4 91.7 92.6 93.6 92 96.8 95.9 93.9 89.3 86.4 82.9 73.5 68.6 59.5 50.2 44.6 42.8 34.2 31.2 32 35.4 37.4 36.6 35.2 35.8 34.3 30.7 25.6 20.9 17.6 15.3 13.4 7.4 6.5 7.4
137.1 141.6 146.8 140.3 151.2 155.6 158.9 157 144.9 143.7 137.2 138.5 130.1 128.5 124.9 121.1 117.2 115.3 116.2 118 121.9 126.7 132.6 138.5 133.9 128.3 123.5 117.8 112.6 111.1 108.9 110.6 114.5 113.1 111.2 107.7 108.2 108.2 106.1 100.7 95.5 96.4 98.3 98.3 97.9 96.9 96.3 95.8 92.9 87 88.2 91 92.6 91.9 97 97.4 94.4 89.2 85.1 82.1 74.6 65.6 58.4 48.8 43 37.9 35.3 35.3 43.5 48.2 47.7 46.7 42.8 41.3 38 33.7 27.3 22.4 19.4 16.8 14.1 7.4 6.4 6.7
136.3 140 145 142.7 154.8 156.6 162.9 159.7 148.3 145.2 141 139.9 133.1 130.9 127.3 122.4 119.7 119.9 120.1 120.7 123.8 129.6 137.7 140 133.8 127.4 122.2 117.5 113.4 113.2 113.8 118 117.5 116.1 114.5 111.1 110.7 110.7 108.7 103.4 98.5 99.9 101.1 100.4 99.2 98.1 99.2 97.3 95.7 87.6 83.9 87.8 90.7 91.2 96.9 97.8 93.9 88.4 85 82.7 76 65 54.7 44.2 45.7 41.9 41 43.5 53.3 56.8 56.9 54.6 50.4 45.1 41.6 38 34 23.8 21.1 18.6 16.6 14.8 6.9 6.1
140.3 139.7 143.1 144.2 155.2 156.7 160.3 157.3 152.6 147.8 141.8 139.8 136.2 133.8 130.6 126 121.9 123.3 124.2 124.5 127.3 132.8 139.9 139.8 134.7 127.8 120.9 116.9 119.1 120.2 119.6 120.3 119.9 118.9 117 114 112.6 112.2 109.7 106 101 102.5 103.2 102.3 101.3 99.9 99.8 98.4 96.8 93.1 87 80.9 74.3 85.7 94.9 96.1 93 88.2 84.4 83 76.7 65.7 51.7 52.6 48.8 46.8 52.3 51.8 57.9 61.4 62.6 59.6 56.4 50.1 46.6 41.9 35.4 27.3 23 20.9 19.1 17.3 14.8 6.6
132.5 135.7 136.4 142.8 151.5 153.8 157.5 151.1 151.2 148 146.1 140.1 140.2 138.3 135.1 128.2 123.9 125.2 126.7 128.5 130.9 134.1 137.8 137.7 136 133.1 126.2 126.5 126.8 123.3 121.6 122.8 122.1 121 118 116.2 114.4 112.8 110.4 108 104.3 105.2 105.6 104.8 103.2 102 101.1 99.5 97.8 94.2 91.6 84.1 77.8 73.4 72.1 77.9 85.6 83 75.3 67 62 53.8 54.9 55.2 51.2 52 55.5 57.5 61 64.6 65.2 62.5 58.7 55.2 48.8 44.3 39.5 29 25.2 23.9 21.5 19 16.7 15.5
124.4 129.9 130.1 139.6 146.6 150.1 155.3 150.5 150.4 148.9 147.6 140.9 143.4 142.7 139.8 129.9 125.1 125.6 129 135.8 133.2 131.6 134.2 136.9 140.5 139.4 134.5 132.4 129.6 126 124.6 124.8 123.4 121.8 120 118.3 116.7 115 114.3 110.7 105.9 105.8 107.9 107 105.7 105.9 105.8 103.9 99.4 94.8 91.5 89.4 86.1 81.5 81.3 75.6 67.8 60.4 58.9 58 56.2 59.3 59.7 58.3 55.9 56.9 59.5 60.8 63.6 65.4 65.7 62.6 59.1 55.7 50.5 44.9 40.6 31.3 26.3 25.1 23.4 20.8 18.7 17.2
116.8 121.1 126.1 136.4 142.7 145 147.6 144.7 146.2 146.1 143.3 140.6 142.5 143.8 140.4 133 125.9 124.9 135.9 138.8 135.4 136.3 135.2 143 145.3 143 137.6 133.9 130.5 129.4 126.7 126.2 124.6 122.6 120.7 119.1 117.4 115.7 114.3 111.9 106.8 107 109.6 109.8 109.7 110.7 110.9 108.9 103.8 98.9 93.1 93.3 90.1 85 89.3 91 89.4 83.3 80.8 78.4 66.7 66.2 63.7 62.5 61.1 61.3 64.4 63.1 63.2 64.4 64.1 60.6 58.3 55.6 51 44.5 42.4 33.2 27.1 25.4 24.8 22.5 20.6 19.1
107.9 112.1 121.2 129.9 137.5 143.3 143 145.4 142.3 141 136.7 137.6 140.5 142.3 139.7 135.3 131.3 130.5 136.4 139.4 140.6 138.6 138.2 144.5 147.4 144.9 138.7 137.3 136 129.9 127.2 127.3 125.4 123.4 121.5 119.8 118.1 116.4 114.8 113.1 107.6 107.4 111 112.8 113 114.4 115.1 112.3 108.1 101.2 93.7 94.9 91.1 90.7 91.1 90.4 89.3 85.4 80.1 69.2 75.6 71 68.6 66.6 63.5 62 66.4 66.9 63.3 64.6 62.9 60.2 57.6 54.5 50.3 44.1 41.3 33.8 28.1 25.7 25.8 23 21.5 19.8
103.4 107.2 115.4 122.8 132.3 139.3 140 142.1 139.7 135.3 132.1 134.5 138.2 140.4 138.2 135.6 133 132.7 137.6 138.2 138.7 141 140 146.7 146.9 142.2 140.8 141.5 140.3 132.5 129.6 129 125.9 124 122.2 120.5 118.7 117 115.2 113.2 109 110.8 115.3 117.4 118.7 120.3 121.5 117.5 111.9 104.2 100.2 94.7 94.5 93.1 91.8 89.8 88.9 84 79.2 79 78.1 74.2 71.8 69.2 65.3 62.4 64.7 65.3 63.5 63.9 61.7 59.8 56.3 52.7 49.1 44.2 40.2 32.7 28.9 25.8 24.9 20.8 21.8 20.5
98.9 103.3 109.8 116.7 123 128.6 133 134.1 131.3 128.5 128.5 130.9 137.4 138.5 136.5 134.8 132.7 133.6 137.5 137.2 139 143.2 148.9 146.2 146.1 144.9 142 146.8 143.7 139.8 133.5 130.7 127.4 125.1 123.4 121.3 119.5 117.7 115.7 113.2 110.6 114 119.8 122 124 125.8 127.6 122 114.7 108.7 103.6 97 96.6 95.2 93.9 91.7 87.8 82.8 84 81.9 81.7 78.3 75.9 72 67 61 64.9 59.4 62.1 64.6 61.7 58.5 54.3 49.9 47 42.7 37.2 31.2 28.6 26.6 24.4 22 23.1 21.9
95 98.9 105.1 110.9 115.7 119.6 123.6 125.5 124.1 123.1 124.5 127.9 138.6 137.8 133.7 131.8 130 133.2 136.3 137.8 143.3 146.1 147.3 148.1 146.4 142.4 147.3 150.3 149.5 144.1 139 132.2 129.3 127.5 125.2 122.7 120.4 118.4 115.6 113.8 112.1 117.7 123.5 127.4 129.4 132.3 131.1 122 116.3 111.8 106.4 100.5 98.7 96.6 96.1 95.1 87.4 89.6 87.7 89.2 88.6 83.7 79.7 75.6 68.4 61.8 61.4 61.2 60.6 61.8 59.7 56.3 52.2 47.8 44.3 41 35.5 29.9 29.2 26.8 22.1 21 23 22.5
91 94 100.1 105.8 111 114.5 117.5 118.2 117.9 118.3 121 125.4 129.6 130.4 129.4 128.1 126.9 128.4 134.5 138.7 145.2 148.9 146.2 149.8 147.5 144.2 151.5 154.9 153.8 148.7 144.8 134.5 131.9 130.1 127.5 124.9 121.8 119.1 116.6 115.2 117.5 120 126.2 132.5 136.6 137.3 133.3 124.4 118.5 113.3 108.2 101.9 101 98.7 98.7 96.8 91.7 92.5 91.4 94.6 94 87.9 82 76.7 70.7 64.2 59 56.5 48.7 48.3 55 53.5 47 43 41.6 37.2 33.1 27.7 27.5 25.4 20.2 23.1 21.8 20.9
87.3 90.5 96.4 101.4 105.9 109.4 111.6 113.1 113.6 114.9 118.3 122.3 124.6 125.7 125.1 123.9 122.7 126 131.9 137.5 143.7 146.1 148.4 148.2 146.9 148.2 156.3 155.7 156.7 155.3 147.1 137.7 135.7 132.8 129.4 126 123.3 121.4 117.8 118.5 119.5 121.4 127 133.3 138.2 137.9 133.7 129.1 122.3 115.1 106.3 103.2 102.2 102.1 100.4 96.8 97.2 94.6 95.9 100.5 98.1 90.7 84.3 78.3 73.9 68.9 58.6 57.9 54.6 56.3 42.6 37.6 29.5 28.1 27.8 32.9 28.8 25.6 25 22.5 21.1 23.6 21.5 19.5
85.7 87.5 93.4 97.9 101.5 105.1 107.1 109.1 109.4 112.3 115.9 120.1 121.3 121.3 120.6 119.4 118.6 121.6 126.4 132.7 139.9 144.2 149.8 145.2 148.9 151.5 155 159.9 160.8 155.8 150.4 141.4 138.2 135.4 132.4 130.3 128.7 126.1 121.5 121.1 121.4 121.8 126.5 130.6 133.9 134.6 132.7 128.4 123.4 114.3 107.2 104.6 103.6 102.7 100.8 96.6 96.9 96.6 98.4 102.8 101.1 92.9 85.9 80.9 76 68.9 61.7 58.1 55.2 53 49 44.2 36.7 33.8 26.9 24 23.4 22.9 22.5 20.3 21.5 22.6 19.8 17.5
85.2 85.6 91 94.4 97.9 101.6 104.1 105.3 106.4 109.3 113.7 117.7 117.4 116.4 115.3 113.4 114.3 117.6 122.9 128.8 134.9 140.5 144.6 146.8 148 149 155.1 161.4 160.8 154.5 149.1 143.7 141 138.6 136.8 134.8 132.9 130.1 127.1 123.1 122.6 122.3 123.9 127.3 128.9 129.7 128.3 125.2 120 114.1 109.7 106 104.8 104.5 100.3 97.1 96.9 97.6 98 101.1 100.3 93.8 88.1 82.4 75.4 70 62.9 58.9 55.9 53.6 49 42.4 37.8 30.6 28.3 24.1 22.4 21.6 21.2 20.4 19.6 20.6 18.9 17.9
83.7 84.3 89 92.3 95.7 99.8 104.2 103.4 103.2 106.7 111.7 114.9 113.7 112.6 109.9 108.6 109.5 113.4 118.2 124.2 129.8 135.7 140.9 146.9 146.1 146.5 152.7 159.6 157.8 154.6 148.2 142.4 140.6 141.4 142.2 139.3 136.9 134.1 131.1 128.1 124.8 123.4 123.1 123.8 124.5 124.5 122.8 122.2 118.5 119.7 114.2 110.5 110.3 108 103.8 99.6 97 97.8 98.7 99.6 101.1 97.8 91 82.8 75.2 69.4 62.6 60.5 56.1 52.4 49 43.3 42 30.6 26.6 24 22.1 21.6 21.1 20.4 19.9 18.9 18.8 19.1
83.8 85.1 87.9 91.9 96 101.5 106 104.8 100.3 104.2 109.5 111.7 110.3 108 105 104.6 106.2 110.1 114.9 119.4 124.7 130.8 136.9 143.8 144.6 147.6 149.9 154.6 155 152.5 147 143.3 140.7 143.6 146.5 144.2 140.4 137.3 134.4 131.7 127.5 124.4 124.4 123.7 122.8 123.6 127.2 123.8 122.1 122.7 120.2 118.6 116.6 113.4 108.6 102.5 99.2 98.5 99.5 98.1 99.8 99.3 91 82.9 76.2 69.9 64.4 60.2 56.9 52 49.8 43.7 40 31.7 25.6 22.9 21.3 21.2 21 20.6 20.1 19.2 17.4 17.3
84.5 83.5 87.5 91.9 97.1 103.1 107.1 103.9 98 102 107.3 108.4 108.1 105.2 102.5 102.9 104.2 107.4 111 115.2 121.3 126.3 131.8 139.2 140.1 143.8 147.4 149.7 151 151.3 145.9 142.5 141.6 145.9 150.5 148.7 143.6 140.5 137.7 134 129.9 124.8 124.7 125.4 128.2 129.7 127.2 123.2 123.3 124.1 125.8 124.5 121.3 116.2 110.1 103.7 100.2 99.1 100.3 98.3 98.3 95.5 89.4 82.4 76.3 70.8 66 59.9 58.8 54 48.5 42.9 40.5 30.5 24.6 22 20.6 19.4 19.7 20.3 20.3 19.8 19.1 16.1
87.9 82.1 85.9 90.7 95.4 101.8 106 101.9 96.4 100.4 105.5 107.1 106.9 104.5 102 102.3 103.4 105.3 108.3 110.8 115.1 120.2 126.1 130.7 134.7 140.2 145.6 146.4 146.9 146.5 143.6 142.7 142.9 147 151.8 154.9 148.8 143.8 139.9 136 131.9 127.1 125.2 127.7 128.9 128.6 128 125.5 125.2 127.3 130.5 128.7 126.2 121.1 113.5 108 106.5 100.9 100.1 99.2 96.4 96.7 89.4 84.1 80.4 71.7 66.1 60.3 58.6 56.7 53.6 44.7 40 30.3 24.4 20.9 20.5 18.7 18.2 19.1 18.8 19 18.5 15.9
91.6 83.6 85.1 89.8 94.3 101.6 101.7 97.7 92.9 98.8 104.7 106.8 107.1 104.9 102.1 101.6 102.9 105.1 106.2 107.7 110.2 114.7 120.6 126.9 132.2 137 141.3 140.9 141.4 140.7 140.5 140.6 142.2 146.9 152.1 156.3 153.1 147.7 142.6 138.3 132.9 128.7 127.9 128 127.3 127.1 125.8 125.8 126.9 130.3 133.8 136.7 133.2 124.2 117.5 111.8 109.3 103.2 100.6 100 99.5 97.2 91.7 86.5 80.4 72.9 66.1 60.6 57.9 58.5 53.7 42.8 39.7 31.8 23.8 21.9 19.8 17.8 16.5 16.9 16.6 16.7 16.2 14.4
94.1 86.1 81.9 86.5 94 99.9 95.8 93.2 89.7 97.4 103.6 106.7 109 104.8 103.4 105.4 109.2 107 107 107.7 108.5 110.1 116.3 122.8 128.6 135 137.1 137.9 137.6 136.7 136.9 137.8 141.2 145.4 152 154.5 152 148.7 144.7 139.3 133.6 131.2 128.6 128.6 128.3 125.6 124 124.9 126.4 130.6 135 138.8 134 126.6 119.8 113.8 109.6 105.3 103.6 103.4 101.8 98.2 93 88.8 81 74 66.7 60.8 58.3 58.3 55.1 45.6 38.3 31.4 25 22.1 19.7 17.1 16.4 16.1 15.3 15.2 15.1 14.1
96.1 88.4 80.3 83.5 91 94.7 92.4 89.6 88.1 95.6 101.6 106 109.6 104.9 104.8 110.2 114.7 113.3 111 110.6 107.8 108.4 112.9 120 125.8 132.8 134.2 134.9 134.2 134.1 134.7 135.7 139.8 144.7 150.3 151.6 148.9 145.6 141.7 138.4 134.5 131.3 132.9 129.4 128.9 125.9 123.9 124.7 126.5 130.5 134.5 139.1 134.1 127.8 121.1 114.8 109.4 107 107.1 104.3 103.2 98.2 92 86.7 80.5 74.8 67.8 61.3 58.3 58.3 58.4 51.8 45.2 36.9 28.2 22.9 21.2 17.8 16.4 15.7 14.9 14.5 14.9 13.9
94 86.8 80.2 82.6 86.9 89.1 87.3 85.1 87.3 93.8 97.7 102.6 107.6 103.2 106.6 113.8 118.3 118 116.5 113.7 110.9 108.1 113.1 118.7 124.3 130.8 133 135.7 134.8 134 132.9 135.6 139.4 144.9 148.8 147.9 146 142.5 139.2 136.4 133.1 132.6 133.9 132 129.6 126.8 123.7 124.2 126.7 130.5 134.1 138.5 134.4 128.4 121.4 114.1 107.6 107.7 107.2 105.1 103.8 99.3 91.2 86.7 80.6 77.6 72.5 62.8 58.6 58.5 61.8 57.7 51.4 44.9 36.1 28 20.9 18.8 17.1 17 17.2 15.9 14.6 13.8
91.9 85 79.6 78.2 82.6 83.5 81.7 80.9 84.3 88.7 93 98.1 103.5 99.7 106.9 115.3 118.5 118 120.5 118.1 112.9 108.6 112.6 117.8 123.1 128.9 134.1 140 137.5 133 131.4 134.6 137.4 142.9 146.6 146.4 143.3 139.9 137.1 134 133.1 133.7 133.2 130.1 128 127.6 123.8 124.3 126.5 129.6 132.9 137.3 134.8 126.8 120.3 114 108 107.7 107.7 106.3 103.9 99.6 91.7 87.8 86.3 81.8 76 66.9 60.9 59.7 64.8 63.8 57.2 51.5 51.4 38.7 23.6 20.5 18.2 19.1 20.2 17.3 14.9 13.9
88.6 83.1 75.7 75.1 78.4 78.3 77.6 76.7 81.1 85 88.9 92.8 97.8 98.2 105.3 113.9 116.5 118 121.4 120.4 115 110.7 113.7 118.1 122.2 127.3 134.6 142.3 137.8 133.8 130.2 132.8 134.8 139.3 143 143.2 140.8 137.7 135.9 135.1 133.3 136.3 133.3 129.3 129.4 128.3 124.1 124.4 126.5 129 131.8 134.6 132.1 124.8 118 112.2 106.6 106.2 106.8 105.4 105.3 100.4 94.3 90.7 89.1 84.2 77.9 70.9 62.5 59.8 66.7 67.5 62.1 55.6 48.8 37 28.1 22.4 19.8 21.7 23.2 20.2 16.1 14
85.4 80.4 74.2 73.3 74.5 74.1 73.6 75.5 77.6 81.2 85.1 88.2 89.9 96.8 102.1 110.2 113.9 116.2 119.9 120.5 115.9 111.4 114.4 117.9 121.5 127.3 134.5 140.9 137 133.3 130.2 129.8 131.5 135.4 139.4 141 139.5 136.2 136.1 137.7 140.4 139 136.2 131.2 128.4 127 124.3 129.4 126.5 127.7 129.8 130.9 128.7 122.7 115.8 109.6 108 104.7 105.6 105.5 106.7 102.7 97.5 94.5 93.5 88.2 81.1 74.1 64.8 60.3 66.6 70.1 64.5 58.5 50.7 41 30.8 21.8 21.4 23.2 23.9 21.1 18.2 14.8
79.7 78 74.5 72.5 72.3 72.4 71 72.4 74.3 77.9 81.4 81.4 87.2 93.7 98.8 106 109.4 113.6 117.6 118.5 115.7 112.2 113.8 117.3 120.9 128.2 134.4 140.8 135.5 132.1 128.9 125.9 126.4 131.5 135.6 137.5 138 136.3 141 142.7 142.2 141.2 136.9 130.2 127.5 125.2 128.4 128.6 125.8 126.4 127.8 126.8 124.2 120.4 115.1 109 108.5 104.5 104.7 105.4 107 104 99.7 98 97.4 93.8 83.7 76.6 69.7 62.8 66.2 72.2 67.6 61.1 55.2 51 37.8 23.4 22.4 22.7 24.2 23 20.1 17.5
73.1 72.7 73 72.6 71.5 70.1 69.5 70.2 71.9 73.9 77.4 81 85.7 89.6 94.2 100.5 103.8 107.8 114.2 115.3 113.9 113.1 111.4 115.7 120.8 129.5 136.4 138.9 134 130.6 127 123.3 121 127.7 131.8 134.2 137.3 139.8 143.6 145 144.5 145.2 140.4 131.4 125.7 126.7 130.4 128.4 125.3 125.2 125.4 124.4 119.4 118.2 115.6 111.4 110.3 104.7 104.3 103.9 104.5 104.3 100.4 100.3 100.3 96.7 87.8 79.1 72.7 67 67.5 73 70.4 63.7 58 52.2 40 27 21.5 21.7 23.6 24.9 22.1 19.6
73.1 71.1 71.4 71.1 70.4 69 69.2 70 70.8 72.3 75.3 79.7 82.8 86.1 89.6 94.4 96.7 101.1 106.1 109.9 112.6 112.8 109 113.9 120.4 127.2 132.4 137.3 132.8 128.7 125.1 121.2 118.2 124.8 128.4 131.7 136.3 141.8 145.2 146 146.8 146.3 142.3 133.2 128.7 129.2 129.1 127.4 124.5 124.7 125.2 127.6 119.9 116.1 113.1 112.3 108.7 105.1 102.5 102.9 103 103.2 100.3 99.6 101 98.7 89 81.4 75.1 68.3 67.7 72.1 72.7 68 59.8 50.2 41.8 31 22.8 21 21.9 25.9 24.4 23.1
74.1 71.6 70.3 69.5 68.8 68.4 69 69.8 70.6 72.1 73.9 77.3 80.2 83 85.9 89.5 91.7 96 100.6 106.9 110.1 111.7 109 114.8 120.6 124.6 128.8 135.4 131.3 127.2 123.1 119.1 116.2 122.2 126 129.3 135.6 141.3 145.7 146.8 148.1 146.2 141.5 135.6 130.7 131 130.9 129.3 126 126 127 125.4 121.8 119.2 116.5 113.6 109 103.9 102.7 101.6 101.6 102.1 99.8 99.2 101.7 100.4 91.3 84.5 76.2 69.2 69 71.4 72.9 68.2 59.9 51.8 44.6 33.1 24.1 22.2 21.4 24.4 28 27
72.9 71.9 70.2 69 68 68.2 68.8 69.5 70.2 71 73.1 76 79.5 81.5 83 85.3 88.5 91.3 95.6 101 106.6 110.4 108.8 114.3 118.6 122.8 127.6 135.1 131.1 126.5 121.5 117.4 115.9 119.8 124 129.3 135 140.5 144.9 147.2 147.6 147.1 143.3 138.3 133 132.2 131.6 130.6 128.9 130.2 132 127.7 125.1 122.5 119.9 117.5 112.7 105 103.4 100.4 100.8 101.5 100.1 99.1 102.6 103 93.1 87.7 80.7 74.6 71.9 69.7 72.5 68.3 60.2 52.1 45 35.6 27.1 23.2 21.7 22.6 28.7 31.2
72.7 70.9 69.5 68.4 67.6 68.1 68.5 69.1 69.7 71.2 74.4 77.8 80.2 80.3 80.5 82.5 85.3 87.8 92.3 97.2 103.5 107 107.8 112.5 116.9 122 127.8 133.2 131.2 126 121.5 115.7 115.4 118.9 123.1 128.2 133.7 139.2 143.6 146.4 147.4 147.7 144.9 138.7 137 133.6 133.9 132.2 131.4 131.9 131.7 131.1 129.8 126.4 122.4 117.7 115 112.7 104.1 98.8 99.2 100.6 99.2 99.5 103 104.3 95.1 88.7 82.1 76.3 73.2 67.4 69.8 67.7 59.5 53.3 45.5 39.7 35.5 25.1 22.5 21.4 23.1 27.4
70.4 69 68.3 67.5 67.6 68.1 68.5 69 69.7 71.8 75.8 78.5 80.4 80.7 80.1 80.4 81.8 84.7 89.1 93.8 99.2 103.4 104.1 109 114.6 118.8 122.8 129.5 132.1 127.4 121.9 116.8 115.7 118.6 122.6 127.9 133.3 138.7 141.4 144.7 146.9 147.9 144.6 141.7 137.6 135 134.2 132.8 132.2 132.6 135 135.7 135.9 131.2 124.2 119.3 115.3 112.6 106.9 100.5 98.1 99.2 98 99.3 103.6 105.4 98.2 90.5 81 78 75.4 70.5 65.1 66.6 60.3 52.1 46.6 41.4 38.5 28.6 24 21.3 21.9 24.1
68.1 67.1 67.2 67.3 67.7 68.1 68.4 69 69.6 72.2 75 77.7 79.8 81 80.1 79.3 81.2 83.1 87.1 91.1 96.5 100.4 98.2 106.6 111.1 115.4 120.3 126.5 131.7 126.6 121.7 117.5 116.1 118.7 122.6 128 133.9 137.9 141.3 144.5 146.3 148 145.3 144.6 143.9 138.8 134.8 132.8 132.3 134.7 136.7 139.7 139.8 133.1 126.3 121.2 115.4 111.7 111.6 100.4 98.8 98.1 97.6 98.5 102.3 104.6 99.8 90.9 83.8 79.7 77.8 76.1 68.1 62.6 61.6 52.3 46.3 42.6 37.3 31 24.5 22.2 21.4 22.4
66.9 67.4 67.4 68 68.2 68.2 68.4 69 69.5 72.2 74.6 76.9 79.1 80.7 80 78.3 80.2 82.5 85.7 89.7 94.9 97.9 100.3 105 108.4 112.6 116.8 124.1 130.5 126.3 121.2 116.7 116.6 119.2 125.5 129.9 135 136.9 145.2 145 147.3 147.5 147.5 150.2 147.5 142.3 138.6 133.8 132.7 135.3 137.7 140.9 139.7 133.6 127.9 122.5 116.8 112.5 110.5 105 104.9 99.1 98.5 98.1 99.7 102.3 98.7 92.7 86.6 83.2 80.4 75.7 71.5 62.9 62.3 57.7 48.5 42.4 37.9 32.1 25.7 22.5 21 21.5
66.5 66.5 67.6 68.2 69.7 69.8 69.1 67.9 70.3 72.4 74.5 76 77.6 78.5 77.4 77.1 78.4 80.6 84.2 88.7 93.5 94.8 98.9 103.6 107 110.3 115.8 122.1 128.3 126.5 120.8 115.5 116.2 121.2 128 131.8 135.3 135.9 144.1 144.9 147.4 149 151.8 154.9 149.4 143.8 139 134.3 132.3 135.5 139.4 140.4 139.2 134.3 129.2 123.9 117.9 111.1 108.5 105.8 104.6 101.5 100.9 100.8 97.9 98.4 97.6 92.9 90.4 86.8 83.2 78.3 71.8 61.3 62.2 60.7 52.7 44.6 39.4 33.2 27.6 23.3 21.9 21.2
