data/NX26.asc
ncols 200
nrows 200
xllcorner 220000
yllcorner 560000
cellsize 50
[rows 0 to 34 of 200, columns 79 to 157 of 200]
182.6 182.2 182.8 185.2 186.6 186.1 185.7 184 184.9 186.8 185.9 180.1 174.7 172.9 170.9 170.2 171.9 174.2 176.7 178.3 181.6 186 185.9 186 187 185.2 184.4 180.3 178.7 178.2 177.8 177.4 177 176.5 176 175.9 175.9 176.2 176.1 175.6 175 172.8 169.8 166.3 163.1 160.9 157.8 154.5 149.1 145.5 143.6 140.2 140.9 142.5 144 145.1 145 144.9 144.8 145.3 145.1 144.6 143.3 143 142.9 143.9 145.3 145.2 143 140.5 138.3 137.6 137 135.9 134.8 133.7 134.2 135.6 136.6
179.1 179.3 182.2 185.1 186.1 186.5 186.3 185.1 184.1 185.9 185.2 178.5 173.4 171.8 169.8 169.9 171.7 175.3 174.2 175.6 180.3 182.7 182.9 183.2 183.2 183.2 182.9 180.3 177.7 177.7 177.3 176.9 176.4 176 175.5 175 175 175.4 175.7 175.1 173.7 171.7 168.3 165.1 163.4 161.7 159.9 155.7 151.6 148 144.8 141.3 140 141.3 142.3 143.9 144.6 145.1 145.5 145.6 145.3 144.4 143.9 143.5 143 144.5 145.8 146.5 144.6 142.1 139.6 137.6 136.3 135 133.9 134.2 135.1 136.4 137
175.2 176.8 181.7 184.6 185.4 186.2 185.8 184.5 183.3 184.8 182.2 175.9 171.8 170.7 168.7 169.6 171.2 172.1 174.1 176.4 178.4 180.3 180.9 181.7 182.7 182.7 181.1 178.8 176.3 176.6 176.7 176.3 175.8 175.4 174.9 174.4 174.1 174.6 175 174.5 173.4 171.8 168.2 164.7 163.6 161.9 159 156.3 151.3 147.4 145.9 143.4 140.4 139.7 140.7 142.4 144.4 145.1 145.4 145.4 145.6 144.7 144.2 143.6 143.1 143.7 144.7 145.7 143.9 141.1 138.7 137.5 135.8 134.4 134.4 136.5 135.9 137.3 137.3
174.1 176 177.8 180.5 183.6 185.2 184.5 183.3 182.4 183 179.3 171.9 170.1 169.6 167.7 168.9 170.6 172.2 174 175.6 177.3 179.2 180.8 181.8 182.3 180.9 178.9 176.9 175.4 175.3 175.8 175.5 175.3 174.8 173.8 172.5 173.1 174.1 174.1 173.9 173.1 171.5 169.5 164.8 163.8 162.2 160.1 154.7 151.2 148.5 144.9 143.5 141 139.7 139.1 141.1 143.3 144.3 144.5 144.8 144.8 144.6 144.3 143.6 143 142.8 143.5 144.1 142.3 140 138.8 137.5 136.2 135.2 136.3 137.2 137.4 137.6 137.2
172.7 173.8 174.3 176.6 178.7 179.8 180.1 180.8 181 180.6 176.2 169.4 168.3 167.8 167 167.8 169.4 171.3 172.7 174.3 176 178.8 181.2 181.2 183.9 179.3 177.9 176.5 175.4 174.6 174.6 174.5 174.6 174.2 172.1 171.2 172.5 173.4 173.4 173.3 172.6 170.3 167.9 164.2 163 161.7 159.7 156.8 149.8 148.8 147.1 144.9 141.2 140.3 139.1 139.8 142.1 143.7 143.9 144.2 144.3 144.2 144.5 143.8 143.1 142.6 142.4 142.5 141.3 140 138.7 137.4 136.1 135.4 135.6 136.7 137.2 137.1 136.7
171.2 171.6 174.1 174.4 175.2 174.9 173.9 174.1 176.8 178.2 173 168 166.9 165.7 166.6 167.8 168.5 170.4 171.8 173.3 175.2 177.8 179.7 179.2 181.9 178 177.4 176.4 175.4 174.5 174.3 174.4 174.5 173.9 171.6 170.6 172.1 173.1 173.1 172.9 171.9 169.1 166.9 164.1 162 161 158.7 156.6 150.3 147.5 146.3 145.6 141.8 140.6 139.5 138.6 141 143 143.3 144 144.3 144.3 144.6 144 143.4 143 142.7 142.5 141.3 140 138.6 137.3 135.9 135.3 135.7 135.9 136.4 136.3 136.2
170.1 170.5 173.6 173.5 173.2 172.3 170.9 170.6 173.1 173.9 169.8 166.5 165.6 165.3 166.7 167.5 168.2 170.3 171.2 173 174.3 175.2 179.5 178.7 176.2 175 176.1 176.4 175.4 175.1 174.9 174.6 174.5 173.6 172.6 170.9 172.1 172.8 172.9 172.3 170.9 167.8 166 163.5 161 160 157.3 155.9 152.5 147.3 145.5 144.1 142.5 141.2 139.9 138.6 139.9 142.2 143.1 143.8 144.4 144.4 144.4 144.2 143.8 143.4 143.1 142.5 141.6 140.1 138.6 137.2 135.8 135.6 135.9 136.3 136.6 135.8 135.3
169.2 170.6 172 171.5 170.2 168.3 168.2 165.9 167 168.3 166.2 165.4 164.6 165.3 166.4 166.9 168.1 170 170.1 173 173.7 174.5 177.5 175.4 173.8 174.3 175.5 176 175.9 175.6 175.4 175.2 174.9 174.3 173.4 171.5 171.2 172.2 172.2 171.5 169.9 166.7 165 162.8 160.1 158.5 156.7 155.1 152.7 148.6 145.7 143.4 142.1 140.9 139.6 138.4 139 141 142.6 143.5 144.2 144.2 144.1 144.5 144.2 143.7 143.4 143.1 143.4 140.8 139.3 137.7 136 135.7 136.3 136.8 137.2 136.6 135.8
165.5 168.7 168.7 166.9 165.5 164.3 162.5 162.8 164.8 165.2 165.3 164.5 164 165 165.6 166 166.3 167.4 169.8 172.2 174.5 173.2 173.7 174.6 172.9 173.1 175.2 175 174.8 174.8 174.8 175.4 175.1 174.6 173.9 172.3 170.3 170 171 170.3 168.4 165.5 163 161.1 158.9 157.7 155.7 154.2 152.1 148.5 144.9 143 141.8 140.6 139.4 138.2 138.3 139.8 141.3 143 143.3 143.3 144.1 144.3 144.3 144 143.6 142.6 142.9 141.6 139.7 137.8 136 135.6 136.3 136.9 137.5 137.6 136.2
164 164.4 164.7 162.2 161.2 159.4 159.4 164.2 163.4 165.4 164.5 163.7 163.6 164.3 164.7 164.9 165.2 167.6 169.1 171.9 172.1 171.9 172 173.7 172.4 172.9 173.8 173.3 173.4 173.3 174.9 175.2 174.9 174.7 174.4 172.8 171 168.6 168.7 169 166.9 165.1 162.8 159.4 157.8 156.7 154.3 153.5 149.7 148.5 144.5 143.5 142.4 141.2 140 138.6 138 138 140 141.1 142.4 143.4 144 144.1 144.1 144.2 143.8 143.2 143.3 142.3 140.2 138.2 136.2 135.6 136.2 136.5 136.9 137.2 133.9
162.4 161 160.7 159.3 158.4 157.4 159.6 161.1 163.6 164.6 163.7 163 162.5 162.9 163.5 163.9 164.8 168.2 170.9 169.8 171 170.5 171.1 173.2 173.7 173.9 172.5 171.6 171.6 173.3 175.2 175 174.8 174.4 174.7 172.6 170.3 167.4 167.4 167.9 166.6 164.6 162.3 159.5 157.5 155 152.2 150.8 148.2 145.9 144.9 143.8 142.8 141.7 140.6 139.1 137.3 137.3 138.8 140.4 142 143.4 143.8 143.9 143.9 144 144 143.8 143.6 143.1 140.9 138.7 136.5 136.8 137 137.2 137.3 137.2 135.1
160.7 158.8 157.8 157.5 157.1 156.3 158.4 160.5 163.4 164.4 163.4 162.1 160.8 161.4 162.1 162.6 164.1 169.7 171.6 167.2 167.1 167.4 173.5 175.1 174.3 174 172.1 171.6 171.6 172.8 174.9 174.5 174.6 175 174.8 172.7 170.2 167.9 166.7 167.1 166.4 163.4 160.9 158.3 156.2 154.6 151.7 149.1 148 145.5 144.9 144.1 143 142 141 139.9 138.1 136.3 137.8 139.4 141.1 143 143.8 143.9 144 144.1 143.7 143.5 143.6 143.5 141.6 140.1 138.9 138.5 138.2 138.1 138.1 137.2 136.3
158 156.4 156.3 155.7 155.3 157 159.2 160 161.3 162.7 162.4 162.2 160.4 159.9 160.6 161.9 163.2 169.9 168 165.6 165.4 167.1 172.7 174 175.5 174.3 172.8 171.6 171.6 171.6 174.5 174.9 175.3 175.8 174.8 172.7 170.4 168.7 166.2 166.3 166.2 163.1 160.9 157.8 155.4 153.9 151.8 150.4 147.7 145.3 144.7 144.1 143.3 142.2 141.2 140.4 138.8 135.7 136.8 138.6 140.6 142.9 143.9 144 144.1 143.9 143.5 143.1 143.1 143.2 142.9 141.9 140.6 139.7 138.9 138.9 138.2 137.3 137.1
155 155.4 154.9 154.3 156.2 158.6 159.6 160.5 161.3 161.7 161.7 161.7 160.8 160.1 159.2 160 164.6 167 165.2 164.2 165.1 167.8 173 174.4 175.1 174.6 172.8 171.6 171.6 172.4 174.9 176.1 176.1 175.9 174.9 172.7 170.9 169.2 167.2 166 165.4 163.4 160.4 156.5 154.7 153.1 151.6 151.6 147.3 145.2 144.4 143.9 143.3 142.5 141.6 140.7 139.6 136.2 136.3 138.3 140.5 142.8 143.8 144.1 144.1 143.7 143.3 143 142.7 142.6 142.7 142 141.1 140.7 140.2 139.3 138.3 138.2 137.8
154.7 154 153.3 153.3 156.3 157.5 159 159.9 160.5 161 161 161 160.8 160.2 159.4 158.1 161.7 163.3 163.7 164.3 165.4 169.4 174.5 175.9 176.2 174.9 173.4 172.3 171.6 172.7 174.4 176.2 176.5 176 175 173.1 170.6 168.9 167.2 166.2 164 161 158 155.6 153.9 152.4 150.8 150.3 146.2 145.5 144.5 143.6 142.6 141.4 141 141.2 139.7 136.9 135.9 138.1 140.5 142.8 143.6 144.1 143.9 143.6 143.4 143.2 143 142.2 142.1 142 141.1 140.9 140.5 139.5 139 139.2 138.5
151.6 151.9 151.3 153.3 155.2 156.8 158.5 159.1 159.6 160 159.9 159.6 159.2 158.9 158.6 158.2 162.8 163.3 163.8 164.7 166.1 171 177 177.8 177.1 175.6 174.4 173.8 171.6 175.8 176 176.3 176.6 176.3 174 171.7 170.3 168.6 166.9 165.2 162.6 159.6 156.9 155.3 153.5 151.7 150.1 148.3 146.4 143.6 143.1 142.5 141.9 141.3 140.4 139.7 139 136.6 135.6 138.1 140.4 142.7 143.4 144.1 144 143.8 143.6 143.4 143.2 142.5 141.7 141.5 141.3 140.9 140.5 139.6 140 140.2 139.2
148.5 149.8 151.1 153.3 154.2 156.3 157.6 158.1 158.5 158.3 158.1 158 158.4 158.8 154.8 158.5 162.2 163.4 165.3 166.4 168.4 173.8 179.9 180 178.9 177 176.6 176.1 174.5 177.6 178.2 178 177.8 176.4 174.1 171.9 170.1 169.1 167.2 164.5 162.3 159.4 157 154.9 153.3 151.5 149.7 148.5 146.3 143.5 143.1 142.6 142.1 141.1 140 138.9 137.7 136.6 136.5 137.4 140.1 142.5 143 143.4 144.1 143.9 143.8 143.7 143.5 142.4 141.7 141.5 141.2 140.8 140.5 140.4 140.8 140.7 139.9
149.1 147.6 150.5 152.7 153.9 155.8 156.7 157 156.8 156.6 156.4 156.5 157.4 157 154.4 158.4 161.5 162.7 165.5 167.3 172 176.5 182 183.5 182.8 181.2 180.8 178.5 177 179.3 179.4 179 178.8 176.7 174.3 172 169.6 168.6 165.6 163.8 161.9 159.4 157.1 154.8 153 151.2 149.9 148.9 145.5 143.9 143.4 142.8 141.9 141 139.9 138.8 137.6 136.5 136.8 138.4 139.5 141.3 142.2 142.8 143.6 144 143.8 143.7 143.5 142.6 141.9 141.4 141 140.6 140.2 140.4 140.5 140.7 140.6
148.7 147.2 150.1 151.4 152.9 154.8 155.4 155.4 155.4 155.5 155.6 155.5 155.3 154.3 153.7 157.7 160.4 162.3 165.4 170.1 175.1 179.7 183.9 188.3 188 187.6 183 181.1 179.3 179.9 180.4 179.5 179.5 177 174.5 172.1 169.7 167.2 164.8 163 160.9 158.5 156.7 154.9 152.7 151.3 150.1 148.3 146 144.1 143.6 142.7 141.8 140.8 139.9 138.7 137.5 136.4 136.3 137.8 140 140.4 141.1 141.9 142.7 143.9 143.7 143.5 143.1 143.3 142.9 141.8 140.7 140.3 139.9 139.9 140.3 140.8 140.7
149 147.3 149.3 150.6 151.9 153.7 154.5 154.5 154.6 154.7 154.7 154.6 153.7 152.7 154.3 157.9 159.5 162.3 166.3 172.4 177.9 183.5 188.8 193.2 193.6 191 186.7 185 181.8 182.3 180.9 179.6 179 178 174.9 172.8 170.3 167 164 161.5 159.3 157 154.5 152 151.6 150.7 149.9 148.9 145 143.4 143.5 142.5 141.6 140.7 139.7 138.6 137.4 136 136.4 137.8 139.1 140.1 140.8 141.4 142.1 143.3 143.5 143.4 143.1 142.5 143 142.2 141.2 140.1 140.1 140.2 140.4 140.9 140.7
148.4 147.3 148.6 149.8 151 152.1 153 153.7 153.8 153.8 153.8 152.7 152.1 152 155 158.9 159.7 162.6 168.8 173.6 181 187.2 192.9 198.7 196.6 195.4 193.6 190.5 184 183.9 182.2 179.9 178.3 177.3 176.2 173.4 170.1 167 164.3 161.4 158.5 155.7 153.5 151.3 150.4 150 149.9 148.9 144.1 142.3 141.8 141.9 141.4 140.5 139.6 138.5 136.7 134.6 136.1 137.6 138.9 140.1 140.5 141 141.6 142.3 143.3 143.2 142.9 142.2 142.2 142.2 141.2 140.1 140.3 140.6 140.8 140.9 140.7
146.8 146.8 148.1 149.3 150.5 151.5 151.8 152.2 152.9 153 152.1 151.1 151.1 152.4 154.2 157.3 159.9 165.6 168.6 175.1 183 190.2 195.2 202.1 201.5 198.9 197.3 192.3 187.7 187.7 183 180.3 177.9 176 175.6 172.8 169.4 166.9 164.6 161.2 157.9 154.6 153.3 151.6 149.6 149.4 149 148.3 145.2 142.3 141.7 141.1 140.6 140.3 139.2 136.9 134.7 133.7 136 137.3 138.6 139.9 140.5 141 141.5 142 142.2 142.4 142.4 142.5 141.8 141.9 141.2 140.4 140.6 140.8 140.9 140.7 140.7
145.7 146.2 147.6 148.7 149.8 150.9 151.6 151.9 152.1 151.6 150.3 150.5 151.1 152.7 155 157.1 159.7 164.9 170.8 178.2 186 193.5 199.9 205.7 205.7 204.4 202 197 190.6 187.4 184 181.7 179.8 176.8 174.7 174.6 170.8 168.1 165.1 161.4 157.9 154.1 151.6 149.5 148.5 148.6 148 147.4 145.2 142.5 141.8 141.1 140.4 139.8 138.4 136.5 134.5 133.5 135.1 136.9 138.3 139.6 140.5 141 141.5 141.8 141.1 141.1 141 141.3 141.5 141.5 141.2 140.8 140.8 140.6 140.7 140.2 140.3
145.3 145.7 147.4 148.1 149.1 150.2 151.1 151.7 151.9 150.2 149.2 149.7 150.9 152.3 154.7 157 159.5 164.6 171.7 179.7 188.8 196.9 201.8 205.5 210.7 210.9 208.3 202.2 194.3 189 186.8 183.1 181.4 176.3 173.8 172.2 169.7 168.7 165.8 161.3 157.9 154.1 150.7 149.2 147.5 146.8 148.1 147 144.4 141.4 140.9 140.3 139.7 139.7 138 136.2 134.4 133.7 133.8 135.6 137.4 139.1 140.4 141 141.6 141.3 140.7 140 139.7 140 140.2 140.5 140.8 140.4 140.1 140.3 140.5 139.7 139.7
145.7 146.8 147.5 148.2 148.8 149.5 150.6 151.2 151.3 149.5 148.4 149.4 150.8 152.2 154 155.9 159 165.1 172.7 180.5 189.4 195.2 200.8 207.4 216.4 222.6 218.8 208.3 197.2 192.8 189 187.3 184.6 183.3 178.5 175.6 173.1 169.3 167.4 163.9 157.6 154.3 151.5 150.2 148.3 145.7 146.3 144.9 143.2 141.2 139.6 139.3 139.5 139.4 137.8 136.5 134.5 135.1 134 135 137.3 139.4 139.4 140.4 140.3 140.3 139.7 139.2 138.8 139.4 139.7 140 140.2 139.5 139.8 140 140.1 139.4 139
145.3 146.9 147.6 148.3 149 149.6 150.2 150.3 149.8 148.4 147.8 149.2 150.5 151.9 153.3 156.9 161.8 165.9 173.3 181.7 188.3 194.1 200 208.7 218.8 224.8 220.6 210.3 201.9 197.2 192.1 188.7 187.7 185.7 183.7 181.9 177.7 171.6 168.3 163.3 157.2 153.4 151.7 150.5 148.7 147 144.2 142.9 141.8 140.3 140.5 138.3 138.3 138.7 138.8 136.7 134.8 135.6 134.1 133 135.8 137.3 137.5 138.4 139.3 139.8 139.1 138.4 138 138.5 139.3 139.8 139.3 139.1 139.4 139.7 139.7 138.9 138.2
144.7 147.1 147.8 148.4 148.8 149.2 149.6 149.2 148.4 147.7 147.1 148.1 149.1 150.2 151.9 158.1 162.9 167.7 172.5 180 187.5 193.4 199.2 205.5 214.5 222.6 216.4 211 206.5 200 194.6 189.9 191.3 192.4 185 183.3 177.8 172.7 170.3 164.1 156.4 153.1 151.9 150.7 149.8 148.8 146.9 144.4 142.1 140.9 140.2 137.4 137.2 137.7 136.8 136.2 135.5 136.3 135.7 134.8 132.7 134.8 136.5 137.4 138.2 138.9 138.7 138 137.8 137 138.5 139.4 138.4 138.4 138.4 138.5 138.6 137.9 137.5
144.6 147.1 147.5 147.9 148.3 148.7 149.1 149.2 148.5 147.8 147 147.3 148.3 149.4 151.9 157.2 161.7 166.4 171.5 179.4 185.7 192.3 198.1 205.1 212 216.4 213.9 211.8 206 201 194.4 190.9 189.3 189.7 183.9 180.1 177.9 174 171.2 168.2 155.3 153.2 152 150.8 150.4 149.6 148 145.1 143.8 142.2 140.6 138.9 137.4 137.5 136.9 136.5 136.7 137.2 137.4 135.8 134 132.6 135 136.3 137.1 137.8 138.2 137.7 137.1 136.7 137.2 137.8 137.1 137.1 137.2 137.3 137.3 137.4 137.3
144.7 146.5 147.1 147.5 147.8 148.2 148.6 148.9 148.1 146.9 147.3 147.3 148 148.7 151.3 154.9 159.4 166 171.9 177.2 183 190.4 196.8 202.4 209.5 214.1 214.1 211 205.1 201 196.2 191.4 188.4 187.7 185.3 180.5 178.4 173.1 168.3 164.3 154 152.7 151.4 150.4 150 149.6 148 145.5 143.6 141.8 140.8 139.1 138.1 138.1 137.6 137 137.2 137.5 138 137.6 135.7 132 133.3 135.5 136.3 137.1 137.5 136.9 136.5 137 136.3 136.4 135.9 135.9 136 136 135.8 135.6 135.7
145.9 145.5 146.5 147.1 147.5 147.8 148.2 148.2 147.3 146.4 145.4 146.5 147.1 147.6 150.2 153.9 157.9 164.9 170.5 175.7 181.1 187.7 194.6 199.6 207.7 216 213.8 210.4 204.8 201.1 199.1 189.5 186.1 183.5 182.2 181.3 179.3 171.3 167.1 159.8 153.9 152.1 150.9 149.9 149.5 149 145.9 145.1 143.2 141.5 141 139.4 138.9 138.6 138.2 137.6 137.8 138.1 138.4 137.9 137.1 133.3 131.6 134.7 135.5 136.4 136.8 136.2 135.6 136.1 135.6 135.4 134.7 134.7 134.6 134.4 134.2 134 133.9
145 145.8 145.7 146.5 147.1 147.5 147.7 147.3 146.4 145.6 144.7 145.3 146 146.8 149 153.4 157.7 162 167 172.3 178.5 184.9 191.4 197 206.3 213.5 210.8 210.7 204 199.2 195 188.3 181.1 183.3 180.1 176.8 175.5 166.6 163.9 156.7 153.8 152 150.3 149.4 148.8 147.9 146.1 144.5 143.2 141.5 141 140 139.7 139.3 138.9 138.1 138.4 138.4 138.3 137.5 136.7 134.6 132.4 134.1 134.8 135.7 136.1 135.5 134.8 133.9 133.6 134 133.5 133.3 133 132.8 132.6 132.4 132.2
144 144.9 144.2 144.8 146.1 147 147.1 146.4 145.5 144.8 144.5 144.9 145.7 146.6 148.8 153 156.6 160.6 164.8 169.3 175.9 181.5 191.4 196.4 202 207.9 204.7 206.9 204.9 199 191.2 184.1 178 179.5 175.1 171.8 167.9 162.7 161 155.5 153.1 151.5 149.9 148.8 148 147.2 145.7 144.9 143.4 141.9 141.2 140.8 140.5 140.1 139.5 138.5 138.3 138.3 137.9 137.1 136.9 137.4 135.4 130.5 134.7 135.2 135.3 134.6 133.9 132 131.4 131.6 132.1 132.1 131.8 131.5 131.2 130.9 130.9
143.8 144.6 143.2 143.9 144.7 146.4 146.4 145.5 144.9 144.5 144.4 144.8 145.5 146.2 148 152.1 154.7 157.8 162.5 167.9 174.9 182.7 187.9 195.1 198.4 203 198.3 202.3 202.5 194.6 186.8 181.1 174.8 175.7 172.9 169.1 163.2 163.3 161.2 154.8 152.2 150.8 149.5 148.4 147.6 146.8 145.6 144.8 143.6 142.5 142.4 142 141.5 141.2 139.7 138.8 138.5 138.2 137.7 137.4 136.7 136.5 134.9 131.7 133.1 133.1 133.4 133.6 132.8 130.5 129.1 129.5 130.5 130.7 130.8 130.5 129.7 128.8 129.3
145.3 144.1 143.4 143.2 143.7 144.8 145.6 145.1 144.6 144.5 144 144.8 145.5 145.9 147.7 151.2 153.6 156.8 161.6 167.1 173.1 179.6 186.5 192.9 194.6 197.5 195.8 198.6 198 188.1 180.9 176 170.7 173.5 169.9 165.7 160 159.3 159.5 154.6 151.8 150.5 149.2 148 147.2 146.1 145.1 144.7 143.9 143.6 143.8 143.3 142.8 141.7 139.7 139.1 138.7 138.1 137 136.4 135.9 133.7 130.4 131.1 128.1 129.6 129.9 129.4 130.5 128.5 127.3 127.8 128.2 128.9 129.4 128.2 127.4 126.9 127.7
145.3 145.3 144.9 143.7 143.4 144.3 145.7 144.9 143.9 143.1 144.3 144.7 145.5 145.9 146.2 150.4 152.6 157.9 161.5 166.2 172.5 176.7 182.3 188 189.7 191.2 192.6 193.8 191.5 184.2 178.6 173.3 167.7 168.4 166.3 163.9 158.5 157.4 156.7 152.9 151.7 150.2 148.9 147.6 146.8 145.3 143.6 142.7 144.5 144.8 145.1 144.5 143.4 141.5 139.6 139.3 139.1 138.1 136.4 134.8 135.7 130.7 129.4 128.3 127.4 127.7 126.4 126.3 125.7 125.4 125.8 125.7 125.7 125.9 126.5 127.4 126 126.1 126.8
