data/NX43.asc
ncols 200
nrows 200
xllcorner 240000
yllcorner 530000
cellsize 50
[rows 0 to 46 of 200, columns 0 to 95 of 200]
71.8 72.3 72 72 73 73.2 75.9 75.7 75.6 75.5 76.6 76.1 75.2 76.8 78.7 82.5 82.8 81.3 80.1 79.6 78.9 78.1 77.2 79.3 82.3 83.7 80.5 76.2 72.5 70.3 69.7 69.1 69.4 70.1 70.6 71.3 73.1 75.3 78.1 80.7 82.9 87.1 91.6 95.7 99.6 100.1 98 98.9 98.7 97.4 93.1 83.7 76.9 74.1 72.6 71.7 74.2 76 77 75.7 72.7 68.6 65.7 63.3 61.8 62.5 63.8 63.7 62.4 60.9 60.6 61 59.9 59.5 60.2 62.7 61.7 62.6 64.3 63.6 66.2 66.4 68.3 68.3 68.8 71.4 74.1 74.5 74.4 74 73.4 69.4 62.7 59.5 55.8 57.1
72.9 72.9 72.9 72.2 72.5 75.4 74.4 75 74.7 75.8 74.4 74.6 76.6 78.4 81.9 83.1 81.7 80.2 79.4 79 78.3 77.6 78.8 82.6 83.6 81.6 78.4 75.1 72.4 70.4 69.8 69.4 69.8 70.2 70.8 71.7 73.2 75.4 78.2 81.8 85 88 93.4 99 103.3 101.6 100.2 102 96.4 92.3 88 80.4 74 73 71.8 73.5 77.2 79.1 80.3 76.9 71.8 67.3 63.3 61.8 61.2 63.3 63.9 62.7 61.7 61 60.7 61.3 60.9 59.8 61.9 61.5 60.9 62.6 62.9 64.6 65.3 66.4 67.5 68.4 71.1 73.2 76.1 77 77.1 77 77.2 76.1 71 59.4 57.7 59.1
76.3 73 72.7 72.2 73 73.5 74.9 74.7 75.5 76 75 76.6 77.2 80.1 81.9 81.3 80.1 79 78.9 78.3 77.8 78 81.5 84.3 82.6 79.3 76.2 74 72.3 70.5 70 69.7 70.1 70.5 71 71.7 73.1 75.2 78.2 82.4 86.2 89.6 96.9 103.7 104.5 103.7 101.2 98.2 96 92.2 83.5 79.6 76.2 74.2 72.6 75.9 80 80 77.4 72.9 68.2 63.5 62.7 61.7 63.8 63.2 63 62.7 62.9 61.4 61.8 62.8 61.1 61.8 63.6 61.8 61.5 63.6 63.9 65.1 65.3 66.1 66.8 70.8 73.8 74.9 77.5 77.8 76.9 78 78.7 77.3 72.5 63.5 61.5 59
73.9 72.6 72.5 72.3 75.3 74.4 76 77.7 75.8 75.2 75.1 77.4 79.1 80.3 80.7 79.8 78.6 78.4 78.6 77.4 77.9 80.6 83.2 83.6 80 76.6 74.3 72.9 71.4 70.6 70.3 70.1 70.5 70.8 71 71.4 72.6 74.9 78.4 82 88.5 95.4 100.2 102.8 103.3 103.6 99.3 96.8 95 85.9 83.5 85.1 74.2 70.9 73.7 78.7 79.4 75.7 73 69.2 65.3 63.6 63.4 65.3 64 63.3 63.4 65.2 65.2 63.5 62.7 61.9 62 62.7 63 62.5 63 63.8 64.8 64.7 65.8 67.2 70.4 72.8 74.3 75.9 76.8 77.7 77.4 78.2 79.3 77.2 74.8 67.2 66.1 61
73 73.6 73.2 74.3 74.1 74.8 77.7 76.3 76 77.2 77.3 77.7 78.2 80.3 79.4 78.4 77.9 78.6 78 77.6 78.8 81.4 82.8 80.7 77.2 74.7 73.2 72 71.2 70.7 70.4 70.3 70.5 70.8 71.1 71.5 72.1 75.8 78.6 81.5 88.8 94.5 98.1 101.1 99.9 98.9 98 95.1 92.4 89.2 85.2 83.9 81.1 71.5 75.3 78 74.9 71.8 68.7 65.8 63.1 63.4 64.6 64.3 62.8 62.9 63.6 64.8 64.3 63.7 63.2 62.6 62.9 62.5 61.7 62 63 63.9 64 64.3 65.9 68.2 70.7 72.5 74.3 75.8 75.3 77.1 77.1 79.4 78.3 77.5 75.5 69.6 65.6 63.7
75.2 75.5 72.9 75 75.2 75.6 74.7 76 77.9 76.7 78.6 77.8 78.9 80.1 78.9 77.9 77.4 77.8 77.7 77.9 79.2 81.1 80.1 77.9 75 73.7 72.7 72 71.3 70.8 70.5 70.4 70.5 70.8 71.2 71.5 72.9 74.9 77.3 81.5 87.6 91.1 94.7 96.4 94.7 93.7 92.7 93.1 90.9 85.6 83.9 80.7 76.8 72.4 75.1 74.1 70.9 67.8 64.9 62.8 62.4 63.1 63.6 63.5 62.7 63.4 64 64.9 64.1 64.1 64 63.4 62.9 62.2 61.3 61.7 62.6 62.9 63.3 64.9 66.5 67.9 69.5 71.3 73.1 74.3 74.6 74.7 78.1 77.7 76.5 77.1 76.2 74.8 67 68.5
74.4 74.6 73.2 75.5 75.8 75.3 75 77.1 76.8 77.1 77.1 78.6 80.5 80.4 79.1 77.8 77.2 77.7 77.7 78 78.5 79.4 78.4 76.3 74.2 73.7 73.1 73.2 72.4 70.8 70.5 70.6 70.8 70.9 71 72 72.4 73.4 75.6 80.5 84.7 87.8 90.3 91.1 90 90.2 88.8 89.7 83.8 84 83.3 80.2 73.5 72.9 73.6 70.4 66.8 63.6 61.2 61.6 62.1 62.8 62.9 62.6 63 63.5 64.1 64.6 63.8 63.8 63.7 63.6 62.4 61.9 61.2 61.5 62.3 61.8 63.2 64.9 65.2 66.2 67.3 69 71.2 72.8 72.7 72.9 74 73.9 73.9 74.5 75.7 75.4 69.8 72.5
75.3 73.8 73.9 75.2 76.2 75.4 75 77.3 74.8 75.8 79.2 81.8 82.2 81.2 79.6 78.3 78.9 78.4 77.7 78 77.9 77.3 75.8 75.3 75.1 74.8 74.3 73.8 72.4 71.5 71.1 71.3 71.5 72.2 72.7 73.5 73.3 73.3 75.3 78.9 82 83.9 85.5 86 86.5 87.1 85.5 85.7 83.6 82.5 79.9 75.2 69.6 71.6 69.9 67.1 64.1 60.4 60.8 61.2 61.7 62.3 62.3 62.6 63 63.1 63.4 63.9 63.9 63.9 63.8 63.4 62 61.6 61.4 61 61 61.3 63.2 63.7 64.2 64.2 65.4 66.5 69 69.9 69.1 69.6 69.8 69.7 71.6 72.6 75.7 75.4 75.3 72.4
74.5 74.4 74.2 75.9 76 75.7 77.5 75.4 74.7 79 82.3 84.2 83.6 80.2 78.9 79.9 80.4 79.5 78.7 79.1 78.2 77.6 77 77.4 77.3 77.1 75.9 74.3 73.2 72.3 72.2 72.8 73.7 74.3 75.1 75.7 75.5 75.1 75.8 78 78.8 80.7 81.5 80.8 83.9 83.9 83.6 84.2 81.3 80 75.1 67.9 68.4 68.5 65.2 62.5 61.5 60.5 60.7 60.9 61.4 61.9 62 62.6 63.2 63.3 63.4 63.8 64 64.3 64.2 64.7 63.7 62.5 62.1 61.6 60.8 61.6 62.2 62.9 63.3 63.7 63.3 64.4 65 65.3 65.9 67.9 67.3 69.1 72.5 76.9 76.3 73.7 75.4 71.5
76.4 74.8 77 76.8 76.5 75.4 74.1 75.5 79.6 82.6 85.2 86.9 84 79.6 79.7 81.7 82.5 81.4 80.1 79.7 78.5 79.3 80.2 81 81.8 79.8 78.3 76.6 75.1 74.2 74.6 75.5 76.4 77.7 79.2 80.8 81 79.8 76 74.8 76 77.3 76.3 76.2 79.5 81.8 81.5 79.2 75.8 73 68.8 65.3 65 63.4 61.3 60.8 61.5 60.6 60.9 61.1 61.3 61.5 62.1 62.6 63.2 63.5 64.1 65.6 65.5 64.8 65.2 65.9 65 62.1 61.3 60.8 61.5 61.9 61.5 62.2 62.7 63.6 63.5 63.6 63.4 64.9 65.8 67 68.3 69.7 73.2 75.9 75 71.2 71.3 72.8
76.5 76.9 75.4 78.1 78.2 76.7 76.4 79.5 82.7 85.2 88.3 87.2 82.7 80 81 83.4 84.1 83.3 81.2 80.3 81.7 83 83.8 85.6 85.3 82.3 79.6 78.1 77.5 76.8 76.8 78.1 80.2 83.2 85.4 87.1 86.9 84.7 79.7 74.5 73.4 74.3 73.4 73.6 76.8 78.1 77 74.3 70.4 66.1 62.7 62.6 61.8 60.7 65 62 62.3 61.2 60.8 60.9 61 62 62.9 63.3 63.7 64.6 65.9 67.4 67.6 67.5 67.6 67 63.9 61 60.8 61.5 62.1 62.2 61.8 61.5 62 63.4 63.2 62.8 64.6 66.5 66.9 68.9 69.8 75.4 71.6 70.4 70.4 68.4 69.7 72.6
77.2 78.1 78.3 75.6 75.1 74.8 77.5 82.9 85.9 88.2 88.5 84.9 81.1 80.7 82.9 84.9 84.8 83.8 83.5 85 85.9 86.2 87.8 88.5 86.1 83.6 80.7 79.4 80.2 79.5 79.1 80.6 83.5 87.1 91 92 91.4 88.8 82.5 77 72.7 71.4 71.5 72 71.3 74.5 71.5 69.6 66.7 61.5 60.9 60.7 60.6 62.5 64.4 65.4 61.8 61 61 61.1 61.4 62.5 63.7 64.2 65.4 67.2 69 69.8 70.3 70.6 70.3 67.1 62 60.5 60.5 61.1 61.7 61.5 61.2 61.1 61.5 61.7 62.1 63.2 65.7 66.9 67.9 71.1 73.1 74 70.4 68.6 67.9 68 67.6 69.3
78 78.3 77.6 75.3 75.2 77 81.6 85.4 87.1 87.5 85.7 82.8 82 82.4 83.6 84.6 85.1 86.7 88 88.2 89.1 90.1 91.8 88.2 85.1 82.8 81.2 81.2 81.9 81.3 81.7 84.7 89.1 92.7 94.3 94.3 94 92.3 85.5 78.3 73.7 69 70.1 70.7 69.6 69.1 66.3 65.7 65.8 63.5 60.5 60.9 64.8 67.4 64.7 63.5 61.4 61.1 61.1 61.3 62.3 63.5 64.7 66.5 68.3 69.7 71.4 73 72.8 71.2 68.8 64.4 60.7 59.9 60.3 60.9 61.3 61 60.7 61.1 61.5 61.5 62.2 64.3 66.4 67.1 69.2 71.5 73 72.5 72.5 72.6 71.1 68.9 66.1 66.1
79.8 78.1 75.8 77.2 80.3 81.3 84 85.8 86.1 85.1 83.7 82.3 84.3 85.3 85.2 86.4 87.4 88.9 90.5 91.5 93 94.3 91.8 88.6 85.2 82.1 82.7 83.1 83.6 83.2 84.9 88 91.5 92.9 93.8 94.1 94.3 90.8 84.1 78.2 73.1 68.8 68.1 69.5 68.8 66.5 63.4 63.8 66.2 63.3 61.3 62 63.2 65.5 65 63 62.4 62.1 61 61 63.2 65.5 67.2 69.5 71.1 72.5 74 73.4 70.3 67.2 64.8 60.6 59.2 59.7 60.2 60.6 60.8 61 61.1 61.2 61.3 61.4 62.1 64 65.1 66.2 69.1 71 71.8 71.2 71.6 72.6 72.2 67.4 66.1 66.1
80.1 77.1 78.6 80.6 81.8 83.3 85.2 86.2 86.2 84.9 83.6 84.3 86.4 87.1 88 89.3 90.3 92 93.5 94.8 96.3 96.1 93.3 90.1 87.2 83 83.7 84.3 85.4 86.7 87.4 89.1 90.6 91.8 92.7 93.1 93.4 89.4 83.5 77.6 72.5 69.8 68.6 67.1 66.3 64 62.8 61.9 65.2 62 62.3 62.7 63 64.5 63.6 64 63.2 62 61.2 62.6 64.2 66.9 69.8 72.2 73.6 74.5 72.9 69.6 66.1 63.2 60.5 58.9 59.2 60 59.8 60 60.3 60 60 60.5 60.9 62.3 62.1 63 64.4 67.8 69.5 69.1 69.7 70.9 71.2 70.8 70.7 71.6 68.4 64.9
78.1 80.3 81.6 81.8 83.5 85.2 86.1 86.7 86.4 86.1 84 86.8 87.9 88.7 89.9 91 94 96.1 97.6 99.1 98 96.8 95.2 92.3 86.7 84.4 86.2 87.5 88.9 90.3 91 89 90 90.7 91.5 92.1 92.4 87.1 80.6 75.2 70.8 68 66.3 65.4 64.5 62.8 61.8 62.6 63.1 61.7 61.8 61.8 62.1 62.9 62.7 63.1 63.5 63.4 63.3 64.9 66.5 68.7 72.4 73.7 74.5 72.2 69 65.7 62.3 60 59.2 59.1 60.6 59.4 58.4 59.8 60.5 59.4 59.3 59.9 60.5 61.3 61.5 62.4 64.3 66.3 68 70.2 71.5 72.4 70.9 70.4 72.4 69.5 66.1 62.5
82.1 82.5 83.1 84.4 87.1 87.7 87.1 86.8 87 85.6 85.9 88.9 91.5 89.4 94.9 96.9 98.7 99.9 101.7 99.8 97.5 95.9 94.1 90.8 85.2 85.9 87.7 89.5 91.5 94 94.4 90 88.5 89 90.3 91.4 90.2 85.6 78.1 72.2 68.5 66.2 64.6 64 63.2 62 62.7 63.5 62.1 61.4 61.5 61.5 61.6 61.5 63.3 62.6 63.8 64.6 65.6 67.3 69.5 72.2 75 74.9 72.1 69.1 65.8 63.2 60.6 59.5 59.4 59.3 59.9 59 57.7 58.1 58.6 57.6 59.1 59.7 60 61.2 62 62.8 64.5 66.2 67.7 70.4 71.3 70.4 71.7 71.4 72.4 70.7 65.1 66.4
85.2 84.8 86.9 87.3 87.6 88.1 87.3 87 88.6 88.3 87.5 93.1 96 93 97.6 100.5 102.4 103.6 101.9 98.9 96.6 94.5 91.1 88 86 88.1 90.7 93.3 96 98.4 96.3 90.8 87.3 87.7 88.3 89.3 87.2 81.7 74.7 69.2 66.5 64.5 63.6 62.7 61.9 61.6 62.1 62.4 61.2 61 61 61 61.1 61.1 61.3 62.2 64.3 66 67.9 70.1 72.9 75.7 75 72 69.1 66.1 63.1 60.7 59.5 59.8 59.6 59.6 60.3 60.5 62.6 59.2 55.9 56 58.3 59.2 59.2 60.3 61.7 63.2 64.3 65.2 67.5 70 70.7 70.8 71.5 73.9 73 71.1 69.4 65.4
88.5 89.1 88.7 88.8 88.8 88.5 87.6 87.6 89.9 92.9 92.9 98.6 98.6 98.6 103.2 105 105.7 103.6 101 98.7 96.5 93 90.1 87 85.2 89.2 93.2 95.9 98.8 100 95.8 90.8 86.9 86.6 86.9 87.6 83.2 77.7 72.7 69.5 66.1 64.5 63.7 62.8 62.7 62.1 61.5 61.3 61.1 61.1 61.1 61.2 61.2 61.2 61.4 61.5 65.3 68.4 70.4 72.6 75.6 75.8 72.2 69.1 66.2 63.8 61.2 59.9 60.1 59.8 59.7 60.2 61.3 65.1 62.8 58.8 55.1 54.8 57.2 57.8 58.4 59.3 60.7 62.1 63.2 64.3 67.3 70.4 73.2 75.9 75.4 75.1 74.4 69.6 70 65.3
88.6 90.2 90.2 89.9 89.4 91.6 91.5 94.5 93.5 93.9 99.3 101.5 103 104.8 106.8 107.1 105 102.1 99.7 96.6 93.5 91 90.5 88.1 86.8 92.2 95.9 99.9 101.3 100.1 94.8 89.5 86.1 85.5 85.8 84.1 80.1 74 71.3 68.9 66.5 64.7 63.8 64 63.7 62.9 61.9 61.4 61.3 61.2 61.3 61.3 61.2 61.2 61.5 62.4 66.9 70 72.8 75.1 75.7 73.3 69.6 66.2 63.4 61.7 60.1 60.1 59.8 59.4 59.8 61.7 65.4 65 61.4 57 54 53.9 55.3 55.9 56.9 58.3 59.8 60.7 61.6 63.7 66.6 70.3 73.8 74.4 74.6 75 71.9 72.7 68.7 63.7
89.6 91.1 91 90 90.3 95 96.8 97.3 95.7 97.9 101.5 104 104.5 107.3 107.7 105.8 104.8 102.3 97 95.5 93.1 91.9 87.9 87.4 89.5 94.8 99.5 100.8 100.2 98.6 93.3 88.1 86.6 84.6 82.6 79.6 75.5 71.1 70.6 68.9 66.4 65 64.7 64 63.5 63.1 62.6 62.2 61.9 61.5 61.5 61.4 61.3 61.3 61.9 64.8 68.2 71.6 73.6 75.5 72.7 69.7 66.8 63.3 61.1 60 60.7 60.1 59.7 60.1 62.3 64.9 65.8 62.6 57.6 53.4 52.5 52.5 53.1 54.3 55.4 57.4 58.4 59.3 60.2 62.5 65.5 69 69.9 72.6 73.5 74 74.6 68.6 67.7 64.7
91.1 92.2 90.8 91.5 94.4 97.3 97.6 97 99.4 101.5 103.9 106 105.7 107.3 107.1 105.3 103.2 101.6 100.3 96.2 94.3 92 88 87.9 92.9 95.5 98 98.7 98.1 95.2 91 87.2 84.8 83.6 81.9 78.1 73.5 71.2 70.7 69.3 67.1 66.4 65.8 64.8 63.3 62.6 62 61.9 61.8 61.7 61.8 62.1 62.5 62.9 64.1 66.8 69.9 72.9 74.6 72.7 69.5 66.7 63.3 60.1 59.6 60.6 60.3 60 60.5 61.9 63.2 65.8 63.3 59 54 51.7 51.5 51.4 51.6 53.2 54.6 55.9 57.1 58.5 60.3 61.5 64.4 65.2 66.7 70.1 71.9 72.9 70.8 70.6 68.9 63.5
92.6 92.7 96 96.6 96.2 98 98.9 99.7 100.1 104 106.4 106.7 106.4 108.6 106.9 106.6 105.5 105.6 103.3 99.9 95.3 92.1 91.9 92.2 92.8 95.3 95.5 96.6 96.7 92.4 88.3 85.4 83.4 81.7 80 74.9 74.1 71.8 70.5 68.9 67.6 66.9 66.3 65.4 63.9 62.6 62.1 62.2 62.5 62.4 62 62.3 62.7 64.2 65.8 68.7 71.8 74.9 73.3 69.7 66.4 63.7 60.9 59.8 59.9 60.5 60.7 60.9 61.9 63.4 64.9 64.4 60.1 54.9 51.7 50.6 50.5 50.4 50.6 51.6 52.9 54.1 56.6 57.7 58.6 59.8 60.8 62.6 64.4 68 69.3 68.6 68.3 69.7 62.8 63.8
95.7 97.6 97.4 99.4 99.5 99.8 100.3 101.1 102.8 107.4 108.7 107.9 110.9 109.8 108.3 105.7 105.7 106.8 107 99.1 93.6 92.6 92.1 92.8 92.9 92.3 92.9 94.4 94.1 90.2 85.8 83.6 82 80 78.1 75.4 75.3 72.7 71.5 70 69.1 67.6 66.6 65.2 63.7 62.9 62.7 62.6 63.8 62.5 63 62.4 63.7 65.6 67.7 70.7 73.9 75.4 69.3 65.6 63.4 60.6 59.5 59.4 60.6 60.7 61.1 62.7 63 63.8 63.1 59.6 55.9 52 52.4 50.8 49.6 49.6 49.8 50 51.1 52 54.2 55.7 56.7 56.3 58.1 61.7 63 64.6 66.6 67.2 69 65.7 61.2 63
98.7 99.9 100.7 99.7 101 100.9 101.1 102.3 103.4 107.2 109.7 104.9 112.6 110.5 108.4 104.2 103.7 103.9 99.2 93.8 92.7 91.9 92.6 92.7 91.9 90.6 91.6 93.1 90.8 87.1 83.5 82.1 80.7 78.9 77.2 76.3 74.7 74.3 73.9 73 71.3 69 67.3 66.7 64.9 63.7 63.5 63.1 63 62.9 63.1 63.1 64.9 67.3 70.1 72.8 76.1 72.3 65 62.3 61.1 60.1 59.6 60 61.8 62 61.8 63.3 62.3 61 58.5 54.4 51.8 51.5 50.6 49.3 48.7 49 49.3 49.6 50.1 50.9 51.1 52.6 54.5 54.8 57.2 58.5 59.8 61.9 63.5 65.8 64.8 59.9 60.6 59.5
102.8 102.7 102.9 101.9 101.4 101.8 102.3 102.5 105.6 106 105.3 108.8 113.6 111.8 107.7 108 105.7 103.3 96.1 94.2 95 93.3 93.2 92.8 92.7 91.9 90.2 91 87.7 83.2 82.8 81.4 79.8 78.4 77.2 76.4 76.1 76.1 77 76.2 73 70.2 67.8 67.2 67 66.7 64.6 64.9 63.5 63.1 63.1 65.1 67.1 69.6 74 76.3 73.5 67 62.3 62.8 62.8 60.4 60.2 61.8 63.5 63.2 62.5 62.7 60.5 58.1 55.2 53 51.9 51.9 49.4 49 48.7 48.7 49 49.3 49.4 49.8 49.4 50.4 52.4 54.4 55.5 56.6 57.7 59.5 61.6 61.2 59 58.7 56.8 54.6
105.4 104.6 103 102.1 101.9 103.3 103 105.6 105.9 107 108.3 113.3 117.1 112.2 111.6 110.1 106.3 103 95.9 103 95.5 95.1 94.1 94.2 94.3 92.1 88.8 88.7 88.4 82 82 80.1 79.1 78.4 77.8 77.1 77.1 77.9 79 78.3 73.7 69.8 68.2 68.3 68.4 67.2 69.5 67.9 64.1 63.7 64.3 67.7 69.6 72.2 75.7 74.3 69.6 64.8 63.5 63.3 62.2 61.3 63.1 64.9 66.4 64.1 63.2 60.9 57.9 56.2 55.5 55.1 53.5 52.2 49.8 49 48.8 48.7 48.8 48.9 48.5 47.9 49.1 49.9 51.3 53.2 53.2 52.2 54.1 55.5 56.3 55.2 54.5 54.1 52.2 49.9
104.9 105 103.2 103.8 103.5 105.2 105.2 107.2 106.6 109.6 112 114.7 114.3 114.6 111 109.8 108.1 100.3 103.3 98.3 96 94.8 95.1 95.7 94.9 91.2 88.5 88.9 85 81.9 80.2 79.3 80.1 79.2 79.2 78.3 78.8 81.1 82.2 77.9 72.7 69.3 69.1 69.2 69 68.7 69.5 67.1 66.2 67.3 69.4 71.5 73.1 76.1 75.8 71.8 66.6 65.3 64.4 63.5 62.4 63.6 65.8 68.2 69.6 65.7 62.8 57.8 55.9 56.4 56.8 55 54.7 53.1 51 49.1 48.6 48.1 48.2 48.1 48.3 48.5 48.7 50 51.2 50.9 50 50.7 51.2 52 53 51.8 51.2 50.2 48.6 49.4
106.3 104.8 105.1 104 105 105.8 107.7 109.7 110 111.9 114.3 113.5 115.3 113.4 112.8 111.3 103.2 104.7 100.2 96.4 95.5 96.6 96.4 94.8 92.3 88.8 86.3 85.5 84.4 82 80.3 80 80 80.7 80.8 80.8 81.2 83.5 81.9 76.3 70.9 69.9 69.1 69.4 70.7 70.5 69.3 70.4 70.7 71.4 72.8 75.1 77.7 76 72.3 67.7 66.2 66.2 64.1 64.3 63.8 66.6 68.5 70.5 69.2 64.7 58.9 56.4 55.6 55.8 55.3 55.5 54.9 53.4 51.6 49.2 48.6 48 47.3 47 46.8 47 47.9 48.5 49.2 48.2 48.4 49.9 50.1 50.1 50.2 50.2 49.7 48.9 49.5 50.9
106.2 107.7 106.2 106.2 106.5 108.6 111.1 111.7 110.6 114.6 115.3 113.5 114.6 114.1 112.8 105.6 105.8 102.5 96.1 94.6 93.2 94 93.9 92.4 88.7 85.9 84.6 84.9 83.9 82.1 80.3 80.1 81.5 82.2 82.9 84.1 84.5 84.6 80.1 74.8 70.2 71 69.5 70.9 71.8 70.4 69.8 71.1 74.5 72.9 75.3 77.3 76.8 73.2 69.7 68.4 65.8 64.6 64 64.9 65.3 68 70.7 71.1 67 62.4 58 56.9 55.5 55.3 55.1 54.8 53.7 52.1 50.8 49.5 49.3 48.2 47.3 46.4 45.7 45.6 46.1 44.6 44 45.8 47.1 47.6 47.8 48.4 48.7 48.7 48.9 49.1 50.9 52.7
108.5 108.8 109.7 108.4 109.5 109 110.4 113.1 113.5 115.8 113.9 117.3 115.7 113.4 108.3 106.5 107.2 102.2 92.9 89.3 91.4 93.2 91.1 88 85.1 83.9 85.2 87.3 84 81 80.6 81.7 82.8 84 85.5 87 85.1 81.5 77.1 72.9 70.9 70.7 70 71.5 70.3 71 71.4 74 74.3 74.5 76.1 77.7 75.3 72.5 70.4 68.3 65.6 64.5 63.6 64.7 67 70.3 71 68.3 63.4 59.6 58.3 57.1 55.5 54.9 54.4 54 53 51.3 50 50.3 50.3 49.9 47.6 46.6 45.7 48.2 49 49.9 45.9 43.5 44.8 45 45.8 46.8 47 47 47.2 50.2 51.8 55.2
109.7 111.3 112.5 112.5 112.5 111.2 110.4 112.9 115.2 115.6 113.7 117.5 115.5 109.8 105.8 113.2 107 97.6 91.5 92.9 94.1 93.8 90.8 86.1 86.6 83.7 85.3 85.2 82.8 81.9 81.8 82.9 84.6 86.4 88.5 88.3 84.4 80.2 75.8 71.2 70.8 70.9 70.2 68.6 71.7 72.8 73 73.6 74.1 75.2 76.8 76.7 74.9 72.4 70.5 68.3 66.7 64.4 64.3 65.9 69.3 70.9 68.1 63.8 60 58.4 57 55.6 56.3 55.9 55 53.5 52.3 50.8 49.8 50.8 50.6 49.1 47.3 45.5 47.6 51.5 52.8 52.3 47.3 42.6 45 44.7 44.6 45.1 45.3 46.1 47.7 50.2 53.6 57.4
111.1 117.8 116 112.8 113.1 111.9 110.3 112.9 114.3 115.4 114 118.8 112 107.2 116.9 111.7 104 99.5 100.1 100.2 99.2 88.4 85.9 87.2 83.2 84 84.8 83.5 82.5 82.6 83.2 84.9 86.6 88.3 90.3 87.3 83.1 78.6 74.5 70.5 70.5 70.3 69.7 68 71.7 72.5 72.3 72.9 74.2 75.8 77.5 76.7 75.9 74.5 74.2 70.6 68.5 64.8 64.5 67.1 70.1 68.7 63.9 59.6 57.5 57.3 57.9 58 58.2 56.9 55 53.3 51.4 50.4 50.4 50.5 49.4 48.1 46 46 50.9 54.2 54.7 50.3 44.1 43.2 43.9 44.3 44.1 44.1 45.1 46.1 48.5 51.9 54.7 55.4
119.2 121.4 120.4 116.6 113 112.2 111.8 114.3 116 114.3 114.9 114.1 107.4 117.8 116.9 105.8 105.1 112.5 106.6 105.4 96.3 89.4 87.4 85.9 82.7 83.2 83 82.6 82.9 83.9 85.3 87 88.7 90.6 90.2 86.2 81.7 76.9 71.8 69.4 69.1 68.6 67.6 69.7 70.5 70.8 71.7 72.6 74.1 76.1 77.5 77.5 77.1 74.8 73.7 72.4 67.9 66.2 66.3 68.5 69.6 65.9 61.7 58.7 57.6 58.5 60 62.1 61.1 58.7 55.1 52.3 51 50.8 50.5 49.3 48 47 45.8 49.6 54.2 56 52 46.7 42.1 42.5 42.5 43.2 43.6 43.9 45.2 46 49.3 52.4 51.5 49.7
118.3 123.3 122.3 118.1 120.9 109.8 116.3 118.2 116.4 117.2 118.4 113 117.9 115.4 110.6 116.5 118.1 114.5 113.5 102.2 94.9 88.4 86.1 83.2 85.3 82.3 81.7 81.8 82.4 84.7 87.4 89.1 91.7 92.4 88.8 84.9 80.4 74.1 69.4 68.3 67.9 67.3 68.9 68.6 69.8 70 71.1 72.1 74.2 76 76.7 77.1 76.2 75.6 76 71.9 70.1 66.2 67.9 68.8 67 63.5 61 59.3 60.3 62.5 63.7 64.3 63 59.3 53.8 51.8 51.1 51.5 51 48.2 46.5 46 48.1 51.6 55.2 52.7 47.3 42.6 41.9 41.8 41.7 41.8 42.5 44.4 44.6 46.8 50.1 48.6 47.1 45.7
120.9 125 124.1 124.4 123.9 115.8 121.7 117.6 122.6 116.5 119.3 116.6 123 124.6 121.3 119.1 117.6 116.1 104.9 102 94.1 85.7 83.3 84.1 82.8 82.1 81.1 81.5 83.6 86.7 89.7 91.6 92.1 89.5 85.8 80.7 76.2 69.7 68.2 68.4 69.2 68.9 68.2 68 68.6 68.9 70.1 72 74.4 74.8 76 75.6 75.4 75.8 74.7 71.7 68.7 66.4 68.2 66.6 64.2 62.3 61.1 61.5 62.9 64.8 66 64.2 61.3 57.6 54 52.4 52 53 50.9 47.3 46.6 47.1 50.5 53.8 51.1 46.5 42.8 41.6 42.1 42.2 41.8 42.2 41.6 43.6 45.1 48.4 49.6 46.7 43.7 41.6
124.1 128.5 130.1 126.5 123.3 126 121.3 121.9 125 116.8 126.9 124.6 126.1 125.4 123.9 119.7 122.5 107.3 101 97.7 92.2 88.1 84.4 83.6 82 81.5 81.1 82.3 85.7 88.8 91.7 93.2 89 85.9 82.6 78.1 74.3 70 69.1 68.2 68 68.5 68.3 67.8 67.5 68.7 70.4 72 72.5 73.8 75 74.6 74.3 75.6 74.4 72.3 68.1 66.5 65.7 63.7 62.3 61.8 61.9 63.8 65.8 67.7 66.9 63.3 59.7 56.5 53.8 53 52.9 51.8 49.4 47.3 50 51 53 52.2 47.6 43.3 41 41 41.8 42.4 42.4 41.7 40.7 42.7 45.8 47.4 46.3 42.9 40.5 37.8
124.9 129.7 128.4 127 131.4 130 126.1 125.8 117.4 126.5 125.2 129.2 127.1 125.1 123.2 124.5 110.8 105.7 100.6 97.2 92.9 89 88.8 83.5 85 86 81.9 84.2 87.8 90.9 92.1 89.4 85.6 82.3 79 75.6 72.3 71 69.8 68.7 67.9 67.2 68.2 68.5 68.6 68.2 69.2 70.3 71.4 73.1 73.5 73.5 73.2 74.7 73.8 72.7 68.2 64.5 63.3 62 61.4 61.6 63.5 66.1 68.4 66.4 62.7 59.2 56 54.8 54 53.9 53 51.4 49.5 51.6 54.2 54 53.4 49.2 46 43.8 41.9 41.5 42.2 42.4 42.3 41.3 39.6 42.3 43.7 43.1 41.6 38.5 37.6 37.8
125.8 125 129.4 132.7 133.6 132.9 131.5 128.7 119.2 126.5 127.4 126.5 128.2 128.4 127.6 112.8 109.3 106 107.6 103.2 94.2 94.6 88.3 88.5 88.8 84.8 83.3 86.5 89.4 88.4 88.9 85.6 82.8 79.4 76.1 74.2 73.2 71.9 70.6 69.4 68.3 68 67.7 67.4 66.5 66.6 67.6 68.8 70.3 71.7 72.1 72.4 71.7 72.8 72.3 70.8 66.5 63.7 63.5 62.2 60.8 61.3 64.8 68.1 67 63.3 59.9 57.1 54.8 54.8 54.8 54.4 53.2 52.8 52.6 54.9 55.6 56.4 54.4 51.2 48.8 45.1 43.6 42.1 42.1 42 41.9 40.5 38.9 39.9 41.1 39.7 37.8 36.9 36.7 38.8
123.2 131.8 133 133.8 135.4 138.6 130 128 130.4 130.6 126.3 129.8 126.8 126.8 114 111 104.9 110.9 105.2 100.6 96.9 94.6 90.1 94.1 87.3 84.2 86.4 89.6 88.8 86.9 85.1 82.4 80.7 78 75.1 74.7 73.6 72.4 71.1 69.8 67.7 66.7 66.3 66.1 65.8 65.5 66.3 68.4 70.6 71.1 71.3 70.4 69.9 70.9 70.6 70.3 66.8 65.1 63.5 61.1 60 62.7 66.4 67.6 64.3 60.6 57.3 55.1 57.2 56.4 55.6 55.2 55.1 55.6 58.4 58.7 58.9 59 56.9 54.7 51.6 47.5 45.2 43.8 43.2 42.6 41.2 39.5 38.7 38.1 38.3 38.3 39 36.5 37.1 38.8
129.5 130.9 136.3 140.9 141.1 140.9 134.2 130.1 133.3 129.8 128.5 128.3 121.8 113.6 112.4 115.4 111 106.4 99.3 97.9 95.2 92.2 93.9 90 85.9 86 88.6 89.8 87.9 84.8 81.7 80.7 80.4 78.2 75.4 75.4 74.1 72.6 71.4 69.9 66.8 65.4 65 65 65 64.7 65.6 68.5 70.6 70.5 70.4 67.9 67.9 68.3 68.1 66.6 64.7 62.6 60.4 59.3 61.4 63.6 65.6 64.2 61.7 57.9 55.6 57.7 59.6 57.5 56.5 57.1 57 60.6 61.8 62.3 62.8 60.8 59.7 57.8 54.3 50.8 47.7 46.4 44.7 44.1 42.2 39.6 38.2 37.7 37.8 40.5 39 36.4 37.9 39.5
132 135 138.9 140.2 146.6 143.2 129.9 131.6 131.5 130.2 127.1 120.1 113.2 112.6 110 109.1 108.3 101.3 102.2 95.9 95.4 94 90.2 88.7 86.6 86.6 87.7 87.3 85 82.4 83.9 82.3 80.5 76.4 76.9 76.1 74.6 73 71.6 68.2 65.8 64.5 63.8 64 64.1 63.7 65.9 69.9 71.9 71.6 68.3 65.3 65.2 65.2 64.3 63.6 61.5 59.5 58 59.8 61.8 63.4 62.3 60.4 58.1 57.2 59.3 60.7 59.8 58 57.9 58.7 61.6 63.3 64.6 65.5 65.2 64.1 62.9 60.9 57 52.5 51.8 49.6 48.2 46.2 44.3 42.1 39.1 38.7 37.1 37.7 37 37.6 39.1 38.8
135.3 135.7 139 143.2 145.6 143 131.1 130.9 127.3 125.3 117.6 119.4 114 109.5 105.5 106.2 100.9 103.4 101.9 99 96.4 90.7 89 88.5 88.3 87.3 85.5 84.4 84.1 84.5 83.9 82.1 79.7 79.9 78.6 76.9 75.1 73.9 71.1 67.3 65.6 64.5 63.9 63.7 63.1 62.5 63 66.4 70.2 68.6 64.9 62.7 62.7 62.3 61.5 60.6 59.3 57.8 58.4 59.8 61 60.2 58.4 57.9 57.9 59.2 61.2 62.6 58.1 58.8 60.3 62.2 64.4 67.1 68 68.7 68.1 67.9 67.3 63.8 57.5 57.6 56.1 55.4 54 50 48.7 46.8 44.2 44.7 41.7 40.6 39.6 35.6 35.8 35.9
134.3 137.9 141.6 144.7 143.6 135.4 136.9 128.7 127.7 123.8 118.9 114.1 109.3 109.2 106.3 99.5 98.9 100.2 97.7 94.7 90.7 89.4 89.9 89.4 89.9 87.5 84.3 84.5 85.3 84.4 83.2 82.7 81.9 79.9 78.4 76.6 74.5 71.7 69.1 68.3 66.3 64.6 64.5 64.8 65.2 66.1 67.7 63.6 63.8 64.9 61.5 60.5 60.3 60.3 59.6 59.1 58.2 58.2 59.1 60.4 60.3 57.5 56.8 57.8 58.8 61 62.1 59.3 58.2 59.5 62.3 65.3 67.8 70 72.2 71.5 70.2 70.4 68 63.9 59.6 59.5 58.4 56.9 55.3 55.4 52.8 48.6 49.2 45.1 43.8 44.1 42.7 38.9 36.7 36.8
136.1 139.9 143.3 144.5 136 138.1 135 132 128.5 124.2 117.5 111 110.9 103.8 105.3 98.4 95.5 94.5 92 91.2 89.5 88.4 89.2 88.7 87.8 86.9 85.1 84 85.2 84.3 82.9 80.7 81.1 79.8 78.1 76.3 74.1 72.3 70.6 69.1 66.5 65.8 65.8 67.4 69 70.4 71.3 67.7 61.7 60.3 59.5 59.3 59.8 59 58 57.9 58.8 59.5 60.6 60.8 58.8 57.1 57 58.1 60.3 61.5 59.7 57 59.2 61.7 64.6 67.6 70.7 73.4 73.3 70.2 67.9 67 65.3 61.8 60.3 60.8 59.4 57.8 57 56 53.7 51.6 48.7 49.1 46.9 44.8 42.1 38.6 39 38.5
137.6 139.4 142.3 137.4 137 133.9 129.1 126.2 124.7 121.2 115.7 112.2 106.2 106.2 100.7 101 95.6 94.3 93.2 90.8 88 87.3 87 86.7 86.1 87.6 84.6 84.5 84.8 84.2 81.8 80.3 80.8 79.7 78.4 77.2 75.5 72.4 70.6 68.9 67.2 67.3 69.1 70.8 72.2 73.7 71.9 67.6 61.3 59.2 58.9 58.7 58.4 57.7 57.3 58 59.4 60.7 61.1 59.7 60 59.8 57.6 59.2 61.2 59.4 57.6 59.1 60 64 67 70 73 74.2 71 66.7 64.6 63.3 61.8 60.8 64 63 60.4 58.7 57.1 56.5 52.1 51.8 52.3 51.9 47.3 44.2 42 40.2 40.9 40.1
138.5 140.5 140.2 133.6 131.7 128.6 121.4 122.7 120.3 117.2 116.2 112.3 107 101 97 95.8 93.8 94.7 95.4 92 87.6 86.9 86.5 85.9 87.3 86.2 85.1 84.2 84.5 83.1 81.6 82.3 80.9 79.6 78.2 77.4 76.8 72.9 70.2 68.9 68.3 69.9 72.1 73.9 74.4 73.8 69.9 63.2 58.7 58.6 58.4 58.3 57.9 57.5 57.3 58.5 59.9 59.8 60 59.8 61.1 59 59.7 60.5 59.9 59 59.5 60.4 61.3 65.5 69.5 72.5 73.7 71.2 67.8 64 62.5 61.4 63 64.1 63.9 63.1 61 59.7 58.3 58 53.8 54.2 55.6 50.9 47.6 45.4 44.4 43.1 42.5 41.9
