data/NX46.asc
ncols 200
nrows 200
xllcorner 240000
yllcorner 560000
cellsize 50
[rows 148 to 184 of 200, columns 0 to 84 of 200]
34.1 37.5 40.6 38.4 41.5 37.5 32.4 31.7 31.1 30.6 30.4 30.9 32 34.8 36.6 36.4 42 44.9 46 51.1 54.7 60.3 65 65.1 67.8 70.5 77.7 82.1 77.9 78.5 76.2 77.3 77.8 73.4 71.2 66 61.4 56.2 52.4 42.4 29.9 25.1 24.7 21.3 18.3 18.1 19 18.9 17.4 14.4 13.1 11.6 11.1 11.6 10.5 9.5 9.3 9.4 9.5 9.6 9.5 9.2 9.1 -3 -3 -3 -3 -3 9.7 9.7 9.7 9.5 9.2 8.6 3.4 -3 -3 -3 -3 -3 -3 -0.9 -1 -3 -3
33.4 34.4 39 39.2 38.6 35 34.3 31.9 31.2 31.1 30.5 30.3 33.1 30.7 34.5 36.3 38.5 39.7 44.5 49.6 51.2 57.6 60.4 64.9 66 68.6 73.9 76.5 80 79.3 75.6 74.3 76.1 73.6 70.8 65.6 60.3 55.1 48.2 38.9 33.9 30 21.7 20.1 22 19.3 19.2 18.9 18.4 16 12.5 12.4 11.7 10.9 9.8 9.3 9.4 9.5 9.6 9.7 9.9 9.3 5.9 4.7 -3 -3 -3 -3 4.2 9.1 9.2 7.3 3 2.3 1.3 -3 -3 -3 -3 -3 2.2 2.3 1.9 1.8 1.1
34 32.2 38.5 37.2 36.5 36.3 32.4 32.3 31.2 31.9 31.4 30.2 31.3 30.9 33.7 35.6 36.4 37.5 44.4 50 50.3 55.8 56.3 61.3 64.6 67.2 70.9 76.1 78.7 78.1 74.7 73.5 74.7 69.6 65.7 62.7 59.2 55.2 51.9 44.9 40.4 34 23.2 21.5 22.2 20.5 20.3 19.9 18.9 17.7 14.6 11.4 9.9 10.1 9.3 9.4 9.5 9.6 9.6 9.6 8.9 6.9 6.3 7.4 -3 -3 -3 -3 -3 0.8 1.9 1.7 1.1 0.3 -0.7 -3 -3 -3 -3 5.4 4 3.9 3.6 3.7 3.9
34.5 32.1 33.4 33.2 36.5 34.8 32.3 33.7 32 31.1 30.6 30.1 30.1 30.1 32.4 35.2 34.9 37 40.3 45.8 48.8 54.1 52.4 59.7 62.6 67.3 71.6 72.5 76.6 75.4 74.1 72.5 72.8 70 66.6 66.8 61.4 57.5 47.9 45.7 43.2 34.7 24.9 22.9 22.3 21.6 20.9 18.9 17 15.9 12.8 10.3 9.9 9.4 9.3 9.3 9.3 9.3 9.2 9.2 7.8 6.3 7.9 10 8.1 -3 -3 -3 -3 -3 -0.7 -0.6 -0.9 -1.7 -3 -3 -3 8.1 7.1 7.6 5 4.5 4.2 4.5 5.1
33.5 32.3 31.2 31.3 35.1 35.4 33.6 32.1 31.3 31.6 30.1 29.9 29.9 30.6 30.3 33.9 35.3 34.1 41.8 45.5 43.4 51 48.5 54.7 64.1 65.7 69.2 72.2 73.2 73.6 72.5 71.3 72.2 71.1 67.2 65.7 61.6 56.9 47.2 42.9 42.6 31.6 27.3 27.3 24.9 21.6 19.5 17.6 15.7 13.2 11.1 9.8 9.6 9.4 9.1 8.9 8.9 8.9 8.8 8.8 7.9 6.9 7.3 8 8.7 6.9 1.5 -3 -3 -3 -3 -3 -3 -3 -3 4.3 8.2 9.8 9.9 9.8 8.7 5.5 5 5.5 6.3
35.2 33.5 31.2 31.1 31.2 32.2 32.9 31.6 31.1 32.3 29.8 30.3 30.1 30 30.6 32 35.3 32.3 35.4 40 40.1 45.5 44.3 50.3 59.8 63.8 66.8 70.9 72.7 72.1 71.2 70.8 71.7 69 65.8 64.5 61.3 53.1 47.6 42.4 38.9 33.7 30.1 29.5 25.7 20.6 17.5 15.6 13.3 11.6 10 10 9.8 9.7 9.6 9.3 8.6 8.5 8.5 8 8 9 9.4 9.7 9.7 9.7 7.4 3.5 -3 -3 -3 -3 -3 -3 9.3 6.9 9.9 10.5 10.6 10.5 10.2 9.6 7.4 6.7 7.4
37.9 35.2 31.5 31.2 31 31.2 31.4 31.4 31.3 31.4 30.1 31.2 30.3 28.9 29.5 31.3 33.5 31.9 31.7 36.4 40.3 42.8 44.2 52.7 56.4 60.4 64.3 69.1 71.3 71.7 71.2 71.6 70.8 69 65.6 62.2 59.2 56.3 46.7 38.3 36.6 36.2 32 28.4 22.5 19.3 16.1 13.4 11.3 10.2 10.4 10.1 10.1 10 9.9 9.7 9.4 8.8 8.1 8.7 9.7 9.5 9.5 9.5 9.5 9.4 9.1 5.6 3.6 6.3 5.9 6.5 7.7 9.4 10.2 9.5 10.5 11 11.3 11.1 10.8 9.8 7.9 8.2 8.8
38.4 36.4 34.1 33.3 32.1 31.1 37.2 33 32.2 31.7 30.5 31.5 31.9 29.6 29.7 31.8 34 32.1 31.7 35.3 41.4 42.4 46.7 50.3 54.6 58.5 61.6 65.4 68.5 71 71.7 73.9 73.1 71.3 68.4 65.2 61.8 54.9 46.2 36.1 36.1 36.3 29.2 28.2 20.8 17.4 13.9 12 10.4 9.8 9.9 10.1 10.2 10.3 10.2 10 9.8 9.1 8.3 9.3 9.4 10.1 9.6 9.3 9.2 9.2 9.1 7.7 5.4 8.8 8.5 9.4 9.3 9.6 11.1 10.8 11.1 11.6 12 11.7 11.3 10.1 8.9 8.9 8.9
39.2 36.5 36.3 36 33.3 32.6 34.9 36.1 31.2 30.5 30.6 30.6 31.5 32 29.2 30.6 35.5 31.9 32 33.9 44.2 43.8 46.8 47.8 51.4 55.2 62.6 67.3 68.5 70 71.2 72.1 72.3 71.6 69.2 65.5 60.1 53.3 45.7 35.4 33.8 33.6 27 23.1 20.5 17.4 14.1 11.4 10.5 9.7 9.6 9.7 9.8 9.9 10.1 10.2 9.4 8.5 9.4 9.4 9.3 10 10.7 9.8 9 9 8.9 9.2 5.1 6.4 9.2 9.7 9.5 10.2 11.4 10.8 11.6 12.1 12.6 12.1 11.6 10 9.3 9 9
41.2 37.4 37 36.4 33.8 30.6 32 34 32.2 31 31.1 31.4 30.3 29.7 28.5 28.4 33 31 31.1 32.7 39.2 43.7 45 46.3 49.5 54.9 61.8 65.2 68.7 69.6 69.1 70.3 70.4 70 68.4 64.9 59.3 48.7 41.3 34.3 30 28.7 26.3 22.1 20.5 17.6 14 11.3 10.6 9.8 9.3 9.3 9.4 9.5 9.6 9.6 9.1 8.4 9 9 9.9 10.3 10.7 11.1 9.9 8.8 8.6 8.4 8.2 4.6 8.8 9 9.3 9.7 10.7 10.7 11.8 13.7 13.8 12.2 11.1 10.2 9.7 9.4 9.1
40.8 39.8 37.8 35 33.8 31 30 30.8 31.5 31.8 32.6 31.2 28.5 27.4 28.7 28.8 29.9 32.8 31.2 30.9 36.1 41.4 44.2 46.3 49.3 56.2 61 62.6 65.9 66.7 66 66.9 67.8 68 66.8 62.8 57.5 46.3 39.5 32.4 31.4 28.7 27.3 22.4 21.6 17.5 13.8 11.8 10.6 9.6 9.5 9.4 9.4 9.3 9.3 9 8.6 8.2 8.9 9.3 10.8 11.8 11.9 11.9 11 9.4 8.8 8.7 8.5 5.2 8.8 8.9 9.3 10.5 10.9 10.7 11 13.4 14.5 12.3 11.4 10.5 10.1 9.8 9.5
36.8 39.9 37 35.1 33.4 31.5 31 29.5 29.9 29.4 31.6 29.3 27.6 26.6 27.8 29 30.2 34.4 30.7 30.6 38.2 38.2 42.9 46 48.6 51.6 58.4 59.6 62.4 63.8 62.9 64.6 65.5 66.1 65.6 60.4 52.5 44 36.6 35.3 35.8 31.3 28.7 23.5 21.7 18.3 14.2 12.9 10.4 9.7 9.6 9.6 9.5 9.5 9.5 8.9 8.3 9 9.4 10.2 11.7 12.8 13.2 12.6 11.6 9.9 9 8.9 8.8 6.8 7 8.7 9.2 10.4 11.6 12.2 11.3 10.6 12.3 12.4 11.6 10.8 10.5 10.2 9.9
38.7 38.2 39.5 34.3 33.4 31.7 31 29.7 28.6 29.6 31.6 29.8 26.9 26.2 27.1 28.2 32.1 34.8 30.6 29.2 36.1 38.3 40.1 43.3 47.4 50.1 52.7 55.4 58.6 56.7 58.6 59.6 60.4 63.5 60.4 52.1 44.4 42.2 39.8 38.9 35.1 31.5 28.4 24.8 21.9 19.1 16.1 15.3 10.4 9.6 9.7 9.7 9.7 9.7 9.6 8.9 8.6 9.4 10.3 12.1 12.8 13.8 13.3 12.8 12.1 10.5 9.1 9.1 8.7 6.1 8.8 8.9 8.9 10.4 11.9 13.2 13.1 12.3 11.8 11.4 11.8 11.2 10.9 10.6 10.4
34.3 38.8 34.3 33.7 34.4 36.5 37.6 32 29.9 29 29.2 27.9 26.7 26.1 28.2 26 33.4 34.2 33.4 29 31.3 36.5 38.8 38.8 43.5 46.5 48.3 50.5 46.5 43.9 45.8 52.6 49.7 50.6 52.8 51.8 47.9 46.5 44.1 40.1 39.2 32.5 29.4 24.9 22.1 18.7 15.2 12.4 10 9.3 9.3 9.3 9.3 9.3 9.3 8.6 8.9 10.8 12.3 13.4 13.8 13.7 13.2 12.7 12.1 10.9 9.3 9 8.5 7.4 8.2 8.6 8.7 10.3 11.8 13.3 13.4 13.5 13.3 12.4 11.7 11.5 11.3 11.1 10.9
33.2 33.3 34.1 33.8 34.4 39.4 42.2 33.5 30 29.3 28 28.7 26.8 25.4 24.9 24.6 30.6 33.1 31.3 28.9 27.3 30.6 33.5 36.3 36.7 36.8 35.3 34.9 35.1 37 42 46.7 50.8 50.1 51.5 53.1 49 45.3 43.9 40.4 38 34.6 29.5 24.7 21.8 16.9 13.3 10 9.5 8.9 8.9 8.9 8.9 9 9 8.5 8.9 11.2 13.1 13.4 13.6 13.7 13.2 12.7 12.1 11.3 9.3 8.8 8.5 8.2 7.3 8.3 9 9.8 11.5 13.1 13.3 13.4 13.3 13.3 12.9 11.6 11.4 11.3 11.3
34.3 33.7 34.7 35 35.5 38.6 44.4 37.1 30.5 28.6 29.6 28.1 26.6 26 25 23 25.1 27.4 29.8 26.8 24.5 25.1 26.8 29.1 28.8 27.6 30.5 32.9 37.1 40.4 46.8 52.2 56.7 54.6 53.5 53.3 53.4 47.1 42.1 37 34.8 33.4 31.2 24.5 21.7 16.5 13 10.2 9 8.6 8.5 8.6 8.6 8.6 8.7 8.7 9.7 10.8 13.1 13.2 13.4 13.5 13.2 12.7 11.6 10.3 9.3 9.2 9 8.7 8.2 8.8 9.5 10.2 10.8 13.1 13.3 13.3 13.3 13.3 13.3 12.1 11.5 11.6 11.4
40.7 33.9 34.5 36.8 35.3 39 43.6 41.1 34.3 29.9 31.4 31.5 28.8 25.5 24.9 23.9 20.4 22.3 24.7 26.3 22.9 20.5 20.1 23.6 25.6 27.9 32.4 36.8 41.5 45.7 48.4 52.5 53.3 53 52.7 52.4 51.5 47.2 43.4 40.8 35 31.8 28.6 26.1 21.8 16.5 12.7 9.6 9.1 8.6 8.6 8.6 8.7 8.8 8.8 8.8 10.2 11.6 13.4 13.3 13.2 13.4 13.3 12.5 11.3 10.1 9.5 9.6 9.6 9.1 8.6 9.2 9.9 10.5 11.2 12.8 13.3 13.2 13.2 13.3 13 12.3 11.8 11.7 11.4
45.4 37.6 33.7 35.7 35 36.5 41.8 42.5 37.2 32.1 29.2 30.3 28.1 24.7 22 20.6 19.7 18.8 19 19.8 20 19.5 19.5 23.8 26.8 31 35.5 40.7 45.1 46.6 45.6 47.7 50.1 52.1 51.3 52.4 51.8 48.9 45.2 42.8 42.4 34 27 24.3 21.7 17.1 11.9 9.7 9.2 8.8 8.6 8.7 8.8 8.9 9 9.1 9.8 12.3 13.5 13.4 13.4 13.3 13.3 12.3 11 9.8 9.7 8.8 9.6 9.5 9.2 9.5 10.1 10.7 11.2 11.9 13.1 13.2 13.2 13.2 12.8 12.4 12 11.7 11.5
47.4 42.2 35.8 34.4 34.3 36.3 40.5 42.4 38.9 33.4 29.9 28.6 26 24.7 21.8 19.8 18.9 18.3 17.9 18.2 18.4 18.6 19.2 23 28.6 31.7 37.2 40 40.7 44.6 45.3 45.1 48.1 50.5 51.3 52.7 53.5 50.4 47.2 41.5 37.4 36.2 29 23.8 21.8 17.5 12.1 9.5 9.5 9.6 8.9 8.9 9 9.1 9.3 9.5 9.6 11.8 13.1 13.1 13 12.9 12.8 11.6 10.8 9.8 9.5 9.9 10.1 9.9 9.6 9.4 9.9 10.4 11 11.7 12.3 12.7 13.2 12.9 12.6 12.3 12.1 11.8 11.6
46.6 43.4 38.5 35 34.8 36 38.3 41.6 37.6 33.7 30.1 27.7 25.8 23.7 20.7 19 18.5 17.7 17.3 17.8 18.2 18.6 19.5 22.9 27.4 30.5 33.9 37.4 39.5 41.5 44.4 44.3 45.1 47.5 48.9 49.9 51.8 51.3 45.3 41.1 37.7 32.2 29.6 24.2 21.7 18.3 14.3 11 11.2 9.7 9.4 9.2 9.1 9.3 9.5 9.7 9.9 11.2 12.6 12.4 12.3 12.2 12.2 11 10.6 10.3 10.3 10.6 10.5 10.3 10 9.8 9.7 10.2 10.8 11.5 12 12.4 13 13.1 12.8 12.5 12.2 12 11.7
47.2 44.1 39.9 35.8 33.8 33.7 34.2 36.7 36.5 32.8 30.4 27.3 25.1 21.7 20.8 19.3 18.2 17.2 17.1 17.8 18.2 18.6 20.4 22.5 26.4 29.1 32.6 35.7 37.9 40.1 43.1 44.6 44.9 45.5 46.1 47.1 47.5 46.9 43.8 39.4 37.6 33.3 26.9 23.2 21.4 18.9 16.6 15.4 12.1 10.2 10 9.7 9.4 9.6 9.9 10.1 10.4 10.7 12.1 11.9 11.8 11.6 11.5 11.5 11.8 11.2 11.1 11 10.9 10.7 10.5 10.3 10.1 10 10.5 11.2 11.7 12.3 12.7 12.9 13 12.7 12.4 12.2 11.9
46.8 43 39.2 36.9 34.8 33.2 32.2 32.7 34.4 31.9 30.4 25.5 23.4 22.7 21.8 20.3 18.6 16.9 17 17.7 18.2 19.3 21.5 23.4 25.6 28.2 32.1 34.7 37.3 40 44 46.1 45.3 44.5 45.1 45.3 45.6 43.8 41.4 38.2 34.8 32.3 27.1 22.9 22.6 20.1 16.5 14.8 11.7 10 9.8 9.6 9.5 9.7 10.1 10.5 10.8 11.1 11.5 11.5 11.9 12.2 12.1 12.5 12.2 11 11.3 11.4 11.3 11.1 10.9 10.7 10.6 10.4 10.3 10.9 11.5 12.2 12.4 12.6 12.8 12.9 12.6 12.3 12.1
44.2 40.8 38.3 36.6 35 32.7 32.2 30.8 30 29.2 27.2 25.5 24.1 23.6 22.5 20.9 19.3 17.5 16.7 17.6 18.2 20.4 22.7 24.6 26.7 29.4 33.2 35.7 38.5 40.1 43 44.8 45.9 44.9 44.1 44.6 45.5 42.1 40 36.6 34.5 30.5 26.6 23.8 22.7 20.2 15.7 13.9 11.1 9.9 9.4 9.4 9.7 9.8 9.9 10.1 10.3 10.7 12.3 13.1 13 12.9 12.9 12.9 11.4 11.2 11.2 11.2 11.4 11.5 11.3 11.2 11 10.8 10.7 10.8 11.4 12 12.2 12.3 12.5 12.7 12.8 12.5 12.2
43.2 40 37.7 35.9 33.1 32 31.5 31.6 29.3 29.8 30.2 28.2 25.5 23.4 21.9 20.8 19.7 17.9 16.4 17.3 18.4 20.9 23.7 25.8 27.7 30.4 34.4 35.8 39.1 40.2 41.7 45.3 46.8 45.6 44 44.5 46.6 45.1 39.1 36.5 34.3 30.3 26 24.5 22.6 20 15 13 10.5 9.7 9.4 9.4 9.7 10 10.4 10.5 10.6 10.7 11.7 12.1 12.6 13.2 12.9 11.7 11.6 11.7 11.8 11.8 11.9 11.9 11.9 11.8 11.6 11.5 11.4 11.6 12.2 12.3 12.3 12.3 12.4 12.4 12.6 12.7 12.2
39.6 37.9 36 33.9 33 31.3 32 31.7 30.2 31 30.3 29 27.8 24.2 21.3 20.2 19.4 18.2 16 16.5 17.9 19.9 22.4 26.4 26.8 29 32.4 35.7 38 39.5 42.3 44.7 45.1 45 44 43.3 43.7 43.9 41.1 36.4 32.7 29.6 25.6 23.3 22 19.1 15.9 12.9 10.1 9.8 9.5 9.3 9.6 10 10.4 10.7 11.1 11.3 11.3 12.9 13.5 13.6 13.6 12.8 12.4 12.3 12.4 12.4 12.5 12.5 12.5 12.5 12.3 12.2 12 12.4 12.8 12.7 12.7 12.7 12.7 12.8 12.8 12.9 12.2
34.8 36 34.3 31.8 30.2 32.1 33.5 34.4 32.1 31.1 31.2 28.5 26.2 23.5 21 20 19.3 18.5 16 16.1 18.2 19.8 21.6 25.3 28.9 30.2 32.6 35 37.9 38.9 41.9 44.1 45.5 45.5 43.2 42.4 41.8 41.2 40.6 36.8 33 31.1 27.8 23.6 22.1 18.4 15.8 12.8 10.2 9.9 9.7 9.3 9.6 10 10.4 10.9 11.3 11.7 11.9 13.6 13.7 13.7 13.7 13.8 13.2 12.9 13 13 13 13 13 13 13 12.9 12.7 13.2 13.2 13.2 13.2 13.1 13.1 13.2 13.2 13.3 12.4
29.5 32.1 32.9 30.2 29.9 31.8 32.7 33.2 33.1 32.5 29.9 27.4 24.8 22.5 21.3 20.6 20 18.4 16.2 15.4 17.9 18.7 22.3 24.2 27.9 31.3 33.4 34.5 36.8 38.6 40.7 43.1 44.7 44.9 44.8 41.8 40.6 40 39.3 39.1 36.9 32.7 30.7 25.8 22.5 19.8 15.8 13.1 10.4 10.1 9.8 9.3 9.6 9.8 10.1 10.5 11 11.1 13.4 13.5 13.6 13.7 13.8 13.9 13.9 13.5 13.5 13.6 13.6 13.6 13.6 13.6 13.6 13.6 13.4 13.7 13.7 13.6 13.6 13.6 13.6 13.6 13.6 13.6 12.7
23.3 24.6 28 28 28.8 30.5 32.7 33.8 34.1 32.5 30 27.1 24.5 23.1 22.3 20.9 20.7 17.2 15.3 14.8 15.8 19.4 21.9 24 26.9 30.3 33.8 35.6 36.2 38.3 40.7 42.6 43.3 43.8 43.7 42.7 40.4 39.1 38.8 37.5 36.3 34.5 32.4 26.4 24.5 20.4 16.2 13.4 10.7 10.2 9.6 9.3 9.6 9.9 10.1 10.4 10.6 12 13.6 13.7 13.8 13.9 14 14.1 14.1 14.1 14.1 14.1 14.1 14.1 14.1 14.1 14.1 14.1 14.2 14.1 14.1 14.1 14.1 14 14 14 14 13.9 12.9
23.3 23.3 23.2 25.6 26.1 27.9 30.6 33 33 32.5 30 26.7 25.1 24.2 22.3 20.4 19.2 16.1 14.8 14 15 17.9 21.2 23.4 25.7 29.7 33.1 36.9 36.7 38.3 42.1 43.1 42.5 42.6 42.6 42.3 41.2 40.9 39.8 38.5 37.3 36.2 33.8 29.6 24.9 21 16.6 13.7 10.9 10.1 9.4 9.4 9.6 9.9 10.1 10.4 10.6 12.1 13.8 13.9 14 14.1 14.2 14.2 14.2 14.2 14.2 14.2 14.2 14.3 14.3 14.3 14.3 14.3 14.3 14.2 14.2 14.2 14.2 14.1 14.1 14.1 14.1 13.7 12.6
26.4 24.4 21.5 24.6 27.5 27.9 29.5 30.8 30.1 30.9 29.3 27 25.3 23.7 22 20.6 19.3 16.7 14.1 13.5 14.5 15.5 19.3 22.6 24.8 28.6 33 38.6 38.5 38.7 40.3 42.3 42.6 42.3 42.4 42.8 43.5 44.3 42.6 41.3 38.2 36 36.1 31.1 25.4 21.6 16.3 13.1 11 10 9.3 9.4 9.6 9.8 10.1 10.3 10.5 12.1 14 14.1 14.2 14.3 14.3 14.4 14.4 14.3 14.2 14.3 14.3 14.3 14.3 14.3 14.4 14.4 14.4 14.3 14.3 14.3 14.2 14.2 14.2 14.2 14.2 13.5 12.1
34 28.1 20.5 24.3 26 27.2 30 30.4 28.5 29.4 29.7 26.2 24.6 23.4 22.1 21 19.4 17.3 14.1 12.8 13.6 14.8 18.7 21.7 24 27.2 33.2 37.5 38.6 38.2 38.8 39.7 41.3 42.3 43.8 43.3 44.6 44.4 42.3 41.2 38.4 34.5 33.8 30.9 27.3 22.4 16.5 13.6 11 10.1 9.5 9.3 9.6 9.8 10 10.3 10.5 12 14 14.3 14.4 14.5 14.5 14.5 14.4 14.3 14.3 14.3 14.4 14.4 14.4 14.4 14.4 14.4 14.4 14.4 14.4 14.3 14.3 14.3 14.3 14.2 14.2 13.2 11.8
41.3 34.4 25.8 19.7 25.2 25.2 26.4 27 29.4 28.5 30.2 26.6 23.8 21.5 20.6 20 18.9 17.7 14.5 12.1 12.8 14.3 16.9 19.7 22.2 26.6 30.8 36 36.8 37.6 39 40.7 41 43.8 44.2 46.5 46 44.7 43 41.2 38.8 36.3 32.7 28.4 26.9 23.9 17.3 14.8 12.2 10.2 9.8 9.7 9.5 9.7 10 10.2 10.5 11.9 14 14.5 14.6 14.6 14.6 14.5 14.5 14.4 14.3 14.4 14.5 14.5 14.5 14.5 14.5 14.5 14.5 14.5 14.5 14.4 14.4 14.3 14.3 14.3 14 13 11.7
39.5 39.7 31.6 23.8 20.2 21.9 23.7 24.9 27.2 27.1 28 25.5 24.9 20.5 19 18.2 18.2 18.1 14.5 12.5 12 12.8 14 16.4 20.6 24.8 28.2 31.6 35.8 38 39.8 42.1 43.3 44.9 45.2 44.2 44.7 44.4 43.1 41.1 41.1 38.6 33.6 31.1 28.6 25.8 20.2 16.4 14.2 11.3 10.1 10 9.8 9.7 9.9 10.1 10.4 11.8 14 14.7 14.7 14.7 14.7 14.6 14.5 14.4 14.4 14.4 14.5 14.6 14.6 14.6 14.6 14.6 14.6 14.6 14.5 14.5 14.5 14.4 14.4 14.4 13.8 12.8 11.6
32.3 35.1 34 27.9 19.8 19.5 22.6 24.7 26 25.9 25.8 26 25.5 22.2 18.3 17.5 17 16.3 16.4 12.8 11.4 12.2 12.7 14.2 17.3 21.3 25.3 29.9 33.8 37.6 40 44.5 47.1 47.3 47.2 45.4 44.2 43.2 42.8 41.6 41.8 41.1 36.1 31.2 29.1 26 23.2 18.6 16.1 12.4 10.9 10.4 10.1 9.8 9.9 10.1 10.4 11.7 14 14.8 14.9 14.8 14.7 14.6 14.6 14.5 14.4 14.4 14.5 14.6 14.7 14.7 14.7 14.7 14.7 14.7 14.6 14.6 14.5 14.5 14.5 14.4 13.5 12.5 11.5
25.1 27.9 28.9 25.8 22 16.9 20.6 24.4 27 26.1 25.6 21.4 24.4 21.5 18 17.1 15.6 15.4 15.6 13 11.5 11.3 11.6 12.3 14.7 17.3 21.3 26.6 31.5 35.3 39.3 43.1 45.9 47.1 47.9 46.4 44.7 43.6 42.5 41.5 41.1 40.5 38.4 35.3 31.1 28.9 25.5 19.8 18.3 14.4 11.6 10.4 10.2 10.1 9.9 10 10.3 11.6 13.9 15 14.9 14.8 14.8 14.7 14.6 14.5 14.5 14.4 14.5 14.6 14.7 14.8 14.8 14.8 14.8 14.7 14.7 14.7 14.6 14.6 14.1 13.6 12.9 12 11.4
20.5 21.3 21.8 20.5 20.1 17.2 17.9 19.7 22.2 23.5 21.4 20.1 20.3 19.9 17.6 16.1 14.9 15.1 16.4 12.4 12.4 11 12.1 12.4 12.3 15.5 20.3 24.9 29.2 33.3 36.8 40.2 44.3 46 46 45.1 44.7 44.3 43.2 42.1 41.3 42.9 42.3 39.2 34.2 31 27.1 20.9 19.4 15.9 13.1 10.3 10.1 10.1 10 10.1 10.5 11.7 14.2 15 15 14.9 14.8 14.7 14.7 14.6 14.5 14.5 14.5 14.6 14.7 14.8 14.9 14.9 14.9 14.8 14.8 14.7 14.2 13.7 13.1 12.6 12 12 12.1
17.4 17.5 17 18.2 17.7 16.6 15 16.7 19.4 20.2 18.2 17.9 18.8 18.4 17.1 15.8 14.6 13.8 13.4 12.8 11.9 10.7 12.7 12.9 12.6 14.6 18.1 22.3 26.9 31.3 34.3 37.4 41.6 44.9 44.8 44.1 43.6 43.3 43 42.3 42 44.2 45 42.3 36.6 32.3 29.9 22 18.8 15.7 12.3 10.2 10.2 10.2 10.1 10.1 10.5 11.8 15.4 15 14.9 14.9 14.9 14.8 14.7 14.7 14.6 14.5 14.5 14.6 14.7 14.8 14.9 15 14.9 14.8 14.3 13.7 13.4 13.1 12.8 12.4 12.3 12.4 12.6
