data/NX58.asc
ncols 200
nrows 200
xllcorner 250000
yllcorner 580000
cellsize 50
[rows 35 to 69 of 200, columns 0 to 78 of 200]
578.1 558.7 544.3 532.1 527.7 520.8 520.3 525.7 529.3 538.8 550.6 562.1 576.1 592 609.1 620.1 627.1 628.5 616.5 604.1 590.4 578.8 567.7 551.4 540.9 531.4 520.6 508.4 498.1 489.5 483 477.4 470.9 464.9 459.3 449.3 439.3 427.4 415.1 402.3 389.7 377.8 369.7 360.7 352.4 347.8 345.1 342.1 338.9 335.6 330.9 325.5 319.4 317.7 314.5 314.1 315.2 315.7 315.3 313.7 314.1 316.1 317.6 317.8 319.7 322 324 322.4 320.8 318.3 315.5 311.9 308.1 304.6 301.5 299.7 294.8 290.8 287.7
579.1 560.7 545 533.1 526.3 520.5 522.4 530.2 534.3 544.5 556.7 568.9 584.3 599.9 616.1 627.7 635.4 634.1 626.9 610.6 595 586.5 569.8 557.6 544.2 534.5 526.6 512.7 501.5 493.8 489.8 484.6 479 473.5 468.4 458.2 448.2 437 423.5 407.6 392.6 382.8 375.6 368 360.6 352.2 346.5 343.2 339.6 336.3 332.8 326.6 320.4 314.4 311.9 309.7 309.6 309.6 309.6 309 308.5 308.9 311.1 313.2 315.6 319 321.2 320.1 318.7 316.7 314 311 307.2 303.4 300.2 299.3 294.4 289.6 284.8
581.4 562.8 545.8 534.2 527.4 522.3 526.2 534.5 540.9 549.9 561.5 575.5 590.4 608.3 626.2 636.3 643.6 644.6 635.3 620.9 604.3 590.9 579.1 568.9 554.4 538 527 515.8 507.9 501.2 495.6 491.5 485.8 481.9 478.9 467.8 457.1 442.3 426.4 413 399.8 392.5 384.3 374.6 368.8 360.3 353.6 351.1 346.2 341.5 334.9 328.8 322.6 317.6 313.1 309.9 309.4 309.4 309.2 307.2 306.7 307.1 308.2 310.3 313.5 316 318.1 317.7 316.5 314.6 311.9 309.9 306.8 303.2 300.4 298.9 294 289.2 284.3
580.5 561.4 544.9 535.2 529.4 527 530.7 539 546 555.1 568.2 581.8 597.2 618.6 636.8 645.6 653.3 658.7 652 637.6 615 598.1 586.8 576.8 561 544.3 534.4 526.5 517.6 506.5 499.2 497.7 491.8 486.4 482.9 475.2 461.5 444.1 429 419.8 403.8 397.2 389.9 380.6 373 368 364.1 360.5 351.8 344.6 337.1 331 325.4 320.8 316.3 312 310.2 310.2 308.2 306.6 305.2 305.6 306.7 308.7 311.8 313.6 315.5 315.6 314.7 312.8 311 309 306.9 303.4 300.4 297.8 293.8 288.9 284
578.4 558.3 545.3 536.1 529.9 531.8 535.7 543.4 551 561.9 576 589.3 606.8 629.4 646.2 663.4 672.1 674.3 665.8 652.4 627.3 610 594.3 583.2 566.1 554.4 543 533 522 509.3 503.5 500.9 495.5 490.5 487.2 479 461.8 439.9 426.6 415.5 404.5 397 390.8 382.1 377.7 373.3 369.9 363.5 352.7 346.9 340.8 334.5 328.8 324.3 320.1 316 311.3 310.1 309.1 307.1 304.6 304.3 305 307.5 310.2 311.9 312.7 312.7 312.6 311.6 310.3 308.2 306.1 303.6 300.7 297.8 293.3 288.7 284.2
577.5 559.1 545.5 537 534.5 537.7 541.2 548.5 557.7 567.5 582.7 599.6 617.9 640.2 660.3 674.2 683.5 683.1 676.1 666.8 645 618.9 604.2 589.6 573.9 561.6 549.5 537.7 524 514.7 509.4 505.4 500.7 495.6 489.8 475.5 451.9 431.3 420.2 409.5 402 395.2 390.3 385.1 382 377 369.4 362.2 356.2 352 346.5 339.8 332.3 328.1 324 320 315.7 311.6 309.4 306.4 304.7 304.3 304.3 306.3 308.7 310.9 311.7 311.7 311.2 310.1 309.6 307.8 305.7 303.5 300.6 297.7 294.9 291.1 287.1
578.2 558.9 546.9 540.4 540.6 542.7 547.1 555.6 566.2 575.6 591.9 609.5 630.5 652.6 671.3 684.7 692.6 692.4 689 678.1 652.6 629.3 613.1 597.4 583.5 568.9 556.1 540.4 528.6 522 516.1 509.9 505.2 498.1 480.4 460 436.6 424.9 414.6 407 399.4 393.9 390.7 386.5 380.9 375.2 367.8 362.8 360.7 357.1 352.3 344.2 336.8 332.7 328.7 322.1 317.4 313.3 308.7 307.3 305.4 304.3 304.3 305 307.2 309.4 310.7 310.7 309.8 309.2 308.8 307.8 305.6 303.5 300.6 298.3 296.2 293.4 289.8
576.6 558.6 549.5 547.1 547.3 550.8 556.8 566.1 576.6 590 603.2 620.6 641.7 663.6 679.5 694.1 699.3 700.5 693.5 678.6 653.1 638.2 623.7 607.8 593.2 577 560.3 545.7 536.4 528.4 522.2 517.4 507.5 491.7 465.4 442.9 428.4 416.5 407.5 401.9 396.3 392.5 388.8 384.1 378.4 372.8 368.8 364.7 362.6 360.5 355.9 346.3 341.8 337.6 331.4 323.1 318.4 314.3 311.2 308.3 305.9 304.3 304.3 304.3 305.6 307.9 309.7 309.5 308.7 308.4 308.1 307.7 305.5 303.5 300.8 299.4 297.4 294.6 291.8
577.3 562.1 552.4 553.2 555.1 557.9 568.6 579.4 590.4 603.3 618.3 634.1 654 671.8 688.8 698.8 705.5 702.6 695.6 678.6 656 641.2 627.8 614 593.5 577.2 564.1 553.9 543.9 531.6 525.8 515.6 497.2 475.9 447.3 432.2 419.9 408.8 403.4 397.9 394 392 388.2 381.6 376.6 372.7 368.1 364.9 362 359.9 355.1 349.5 344.3 338.9 332.1 324.2 320 316.8 313.6 309.3 307.5 305.5 304.3 304.3 304.3 306.3 308.7 308.3 308 307.7 307.4 307 305.5 303.5 301.9 300.6 298.5 295.7 293.5
580.4 568.6 561 564.1 569.6 573.7 584.4 595.1 608.1 621.4 635.5 649.4 666.3 681.6 693.2 703.2 707 699.9 689.4 674.1 654.9 642 629.6 617.3 595.8 580.3 568.4 557.1 540.1 525.6 519.2 501.7 477.7 452 433.8 421.8 409.4 402.8 397.3 394.3 391.7 388.7 384 380 377.2 372.2 367.3 364.4 360.8 357.2 352.2 347.3 342.2 336.3 329.5 325.2 322 319.3 316.1 310.2 308.5 307.2 305.3 304.3 304.3 305.6 308 308 307.9 307.6 307.3 306.1 302.6 300.9 301.9 301.5 299.6 296.4 293.8
588.1 575.5 572.6 577.7 584.2 591 602 615.4 628.8 640.5 654.4 669.8 681.8 689.5 699.5 706.1 704.3 695.9 683.5 669.7 657.3 643.7 627.2 612.6 597.5 582 568 554.2 535.1 517.2 501.5 483.3 460.6 438.3 423 412.4 403.2 397.1 393.3 390.3 387.3 384.4 380 377.5 374.6 369.8 365.4 361.6 357.5 353.8 349.1 344.5 340 335.2 331 326.7 322.7 320.4 318.2 311.2 310.1 309.1 307 304.3 304.3 305.7 307.5 306.9 306.9 307.5 306.8 302.4 298.3 296.2 297 296.7 296.5 294.7 292.2
592.8 583.6 585 591.2 598.9 608.6 623.3 636.4 649.3 662.2 679.2 693.1 697.4 700.6 703.8 707 702.7 694.2 680.4 668.1 654.3 641.3 626.3 610.1 597.2 587.6 574.2 546.7 526.1 509.3 482 462.1 446.2 426.6 412.2 403.1 397.5 393.4 389.6 385.9 383 380 375.9 374.3 371.7 367 363 360 356.5 350.5 346.3 342.8 339.3 335.8 331.8 327.8 323.9 321.2 315.8 309.4 310 308.9 304.3 304.3 304.3 306.4 307 306.3 305.7 305 302.3 298.6 294.4 291.7 291.7 292.3 292.5 290.7 290.2
600.6 596.3 597.9 605.4 615.6 628.8 643.9 659.4 674 692.8 710 713.3 714.1 712.6 710.1 706.6 700.7 692.8 677.8 665.3 650 635.9 622.6 606.2 598.4 585.2 561.2 537.5 518.7 502 473 447.4 429.9 415.4 405.3 398.3 393.1 390.3 386.5 382.5 378.7 375.6 371.9 370.1 367.8 364.1 360.6 357.6 354.6 351.3 346 342.5 339.1 335.8 332 327.7 323.2 318.4 311.3 309.8 310.1 307.9 304.3 304.7 305.6 307.1 306.4 305.2 304.1 301.2 297.3 293.9 290.2 287.8 287.2 287.9 288.5 288.3 287.8
610.3 608.9 613 621.9 633.9 647.8 663 680.6 705.9 731.1 734.2 732.1 726.8 720.7 714.5 707.9 702.3 689.7 677.3 666.4 645.8 633.2 622.1 610.6 600.4 573.1 553.5 533.1 510.4 486.9 461.6 439.3 421.9 410.2 402.5 396.4 390.5 387.2 383.3 379.2 375.3 371.6 368.1 366 363.7 361.2 358 354.7 351.4 348.5 346.5 342.3 339 335.1 331.3 326.7 321.6 315.8 310.1 309.6 309.7 306.5 302.5 302.2 305 305.6 304.2 303 301.5 298.7 294.1 289.4 285.9 283.9 282.4 283.1 284.4 286.1 285.5
621 624.8 629.3 639 653.8 668 682.9 705.5 735.6 757.5 751.4 744.7 737.4 727.7 718.8 708.9 699 690.7 677.1 658.2 644.8 635.2 627.5 613.5 592.6 566.3 547.6 529.6 503.2 481.6 454.6 433.8 419.8 408.9 400.4 394 388.6 384.1 380.2 376 371.9 368.2 365.3 363.2 361 356.6 354.1 350.8 347.5 345.3 343.8 340.8 336.1 331.3 327.9 324.2 319.3 314.1 308.5 307.9 307.3 303.9 299.5 300.5 303 303.7 302.3 300.8 298.5 294.4 290.5 285.1 282 280 278 278.6 279 279.3 279.7
633.1 638.9 644.5 655.3 670.2 686.6 707.5 735.2 768.3 772.3 763.1 753.1 743.5 730.7 717.8 705.8 694.6 682.9 665.3 652.4 644.2 638.7 627.2 613.1 583.5 557.9 537.7 522.2 498.7 483 452 432.1 419.1 410.5 402.5 396.2 387.8 382.8 377.2 372.9 368.9 365.7 363.2 361 356.6 351.8 349.2 347 343.7 342.1 340.7 336.3 332.3 327.9 324.4 320.8 316.7 311.9 307.3 306 305.3 300.8 297.4 300.2 301.4 301.8 299.5 295.2 292.1 287.5 284 281.4 278.1 276.3 274.7 273.7 272.8 272.4 272.8
649.2 653.5 661.7 671.6 688.9 712.3 737 767 783.2 779.2 769.5 760.1 746.1 728.8 712.1 698.1 684.4 671.5 659 650.5 643.8 634.9 624.5 601.8 572.7 552.3 534 521.9 494.8 474.3 450.3 431.4 420.2 412 403.2 395 388.4 383.2 377.6 372.8 367.7 364.2 361.4 356.5 351.7 346.9 343.9 342.1 339.9 336.6 333.2 331.5 328.5 324.5 320.9 317.2 313.6 310 308.7 305.4 303.2 299.6 296.5 294.3 295.7 294.8 290.6 287.8 287.2 282 279.1 279.3 277.3 273.5 271.8 270.9 270 269 267.9
664.7 670.6 677.1 689.5 710.6 739.6 768 787.9 791.8 785.4 776.3 756.9 736.6 712.6 694.9 682.7 671.3 661 651.9 645.6 638.2 627.4 616.4 594.5 570 548.2 531 510.3 485.6 464.6 448.7 432.8 421.7 412.4 402.8 395.9 389.1 383.8 380.1 374.3 368.8 363.5 358.8 352.9 349.8 342 338.9 336.4 332.2 328.3 326.8 325.7 324 320.6 316.9 313.2 309.4 309.8 304 301.8 299.6 295.5 290.6 288.9 289.7 285.7 281.7 280.3 279.8 277.3 279.8 280 277.4 272.1 268.4 267.4 266.4 265.3 264.4
679.4 685 691.9 705.8 728.2 759 784.2 795 795.5 788.6 770.6 739.6 713.2 690.4 672.7 664.3 657.6 649.9 642.7 639 634.8 621.9 605.8 579.4 559.3 542.6 524.6 500.2 483.4 468.2 450.8 434.7 423.7 414.2 406.5 398.7 390.5 386.3 381.6 375.8 370.2 365.8 361.6 353.7 350.1 346.1 340.1 333.9 327.3 320.9 321.1 319.3 315.9 313.6 311.5 308.1 306.1 303.7 300.3 296.4 294.2 290.1 285.2 282.8 280.4 279.7 276 275.7 274.4 272.9 278.7 280.1 275.2 267.3 263 261.5 261.1 261.7 260.9
694.1 699.6 708.5 726.1 750.2 777.5 795 800.5 799.5 786.3 752 718.9 692.7 674.4 661.9 651.7 644.9 636.3 630.3 629.2 631 613.9 595.8 576 557 532.8 508.8 489.5 476.5 464.7 447.4 437.6 428.4 419.1 411.2 400.6 392.4 388.1 384.3 381.8 377.3 373 368.7 361.4 357.7 350.1 342.1 331.9 324.9 318.6 310.3 310.7 308 305.5 303.4 301.3 299.2 296.6 293.9 289.8 288.8 284.6 279.8 275.9 275.5 277.6 272.5 272.3 271.4 269.4 274 272.8 266.8 261.1 257.6 254.1 256.8 259 258.2
713.8 721.5 733.7 753 773.8 797.1 801.1 804.9 800.3 776 738.3 704 682.5 669.2 656.6 644.5 632.5 624 616.4 612.8 612.1 604.7 590.8 572.1 542.6 517.3 498.4 480.1 467.7 456.3 444.4 435.5 426.4 417.7 408.1 400.7 394.6 392.5 390.7 388.5 384.9 380.2 375.9 370.2 363.2 354.6 342 328.9 320.8 313.1 305.6 298.4 300.3 297.6 295.6 292.1 291.4 289.1 286.7 284.2 282.6 279.6 276.4 270.6 270.3 270.8 270.1 267.5 261.3 263.2 267.9 264.1 259.1 255.3 252.7 250.3 253.7 256.5 255.9
746.5 750.9 764.4 782.5 800.9 805.5 807.8 806.6 796.9 769 733.6 702.5 682.1 665.9 651.3 638 623.5 612.1 604.2 598.2 597 594.9 585.7 564.6 537.4 508.1 487.1 468.1 459.3 448.2 439.6 430.5 421.4 412.3 408.3 403 401 399.1 397.9 396 393.1 388.4 384.4 377.5 370.7 354.3 339.8 325.8 316.2 308.1 301.8 287.1 288.7 286.4 285.6 282.9 282.5 281.4 279 276.7 275.4 273.4 269.8 268.7 266.9 264.2 260.9 258.2 259.9 260.7 260.1 257.2 253.1 250.3 250.7 250.8 250.5 252.3 252.8
782.2 787.2 797.4 806.7 809.5 809.6 808.5 804.7 793.7 770.9 734.3 704.9 682.4 663.7 647.4 631.3 616.8 601.6 592.6 585.9 583 580.9 570.2 550.4 524 495.1 472.4 460.8 451 442.7 434.8 427 421.1 415.5 411.9 410.5 407.6 405.7 404.7 403.6 400.9 396.8 392.6 385.7 376 356.5 339 323.7 312.7 303.7 294.1 284.6 274.7 279.7 278.7 275.3 273.7 273.6 271.5 270.2 269.5 268.2 266.8 264.6 262.7 260.6 257.3 253.1 254.1 255.5 254.7 252.1 250 247.4 249.3 251.1 251.2 250.9 246.7
808.4 811.4 812.6 810.8 810.8 808.5 804.8 799 792.4 775.7 740.2 709.4 682.2 665.3 649.8 632.7 612.4 596.7 582.6 573.7 567.9 560.2 551.5 538.6 506.6 480.7 464.3 454.4 445.1 440.1 433.5 429.1 426.5 421.7 417.4 417.5 415.5 412.3 411.5 410.8 407.5 403.2 397.2 388.2 375.1 353.6 338.1 322.9 310.4 299 285.7 275.6 270.4 267.5 268.7 268.8 266.6 265 266.1 265.7 265.6 264.3 264.3 261.5 258.7 256.7 253.3 249.3 248.5 248.4 245 246.1 245.5 243.4 245.8 247.4 247.9 240.9 237.9
812.3 810.8 810 809 805.1 801.5 797.1 792.3 786.3 779.2 753.2 717.6 690.2 676.5 658.9 637.8 614.3 593.9 580.6 568.1 556.3 547.8 535.9 517.6 494.3 476.6 462.8 451.7 443.9 440.5 438.8 434.8 432.7 428.7 424.2 423.4 421.2 419.5 419.8 419.2 415.2 410.2 403.2 397.3 381.3 353.8 336 313.9 301.1 288.3 275.5 266.8 265.6 262.6 260.9 259.2 258.1 260.6 262 261.8 261.8 260.7 260.8 259 256.2 253.5 250.3 246.9 245.2 243.8 240.1 238.5 237.7 235.7 238.4 240.8 237.4 232.9 231.1
809 807.5 805.8 800.4 797 791.9 785.3 782.6 779.7 773.2 762.6 737.3 707.8 690.3 664.1 638 616.5 597.1 584.3 575.1 556 539.7 522.6 510.5 497.5 486.1 468.9 457.7 448.6 445.5 445.6 444.4 439.8 436.1 431.8 428.1 426 427.2 427.6 427 423.2 419 414.1 406.4 366.6 343.1 320.6 300.5 288.3 277.3 264.5 258 257.9 258.2 257.1 256 256.3 257.5 258.4 258 257.9 257.3 257.3 256.5 253.7 250.8 247.7 244.5 241.9 239.2 235.2 234.8 231.3 228.5 229.8 228.3 225.1 223.2 221.5
802.6 798.7 794.9 791 785.5 780 773.7 770.1 766.3 764.4 758.9 747.9 723.9 701.2 673.5 647.3 631.2 612.7 592.8 581.1 559.7 541.1 528.7 517.3 510.3 490.6 477 467.4 463.2 461.7 461 459.1 453.1 443.6 438.5 433 433.2 434.8 435 432.6 429.1 426 422.1 400.1 352.3 328.7 306.6 286.6 276.5 266 257.9 254.4 255.1 255 254.2 253 253.1 253.9 254.8 254.3 254 253.8 253.9 253.9 251.1 248.1 245 242.3 239.5 235.7 233.5 230.8 227.2 223.7 219.1 217.1 214.6 212.9 211.2
794.4 788.8 784.3 778.1 773.5 767.9 762.2 756.3 752.8 754.2 753.8 748.5 734.9 713.6 692 671.3 648.8 624.6 605.6 588.6 567.6 552.5 535.2 526.7 518.2 504.3 491.4 485.3 481.6 480.5 478.6 472.9 461.1 445.4 443.9 441.1 441.3 443.8 443.5 440.4 437 434.8 422.7 384.5 343.7 317.7 294.9 277.3 269.2 259.6 253.2 251.7 252.3 251.8 251.8 251.9 251.2 251 251.2 250.8 250.3 250.6 250.9 251.2 249.3 246.6 244 240.3 237.5 237.4 235.2 231.6 225.3 220.2 215.9 209.4 205.4 202.6 200.5
783.8 778.9 770.9 764.3 756.7 750.8 743.9 739.6 741.2 742.5 744.4 740.3 735 731.7 721 705 674.2 641.1 621.8 608.3 584.5 562.2 547.4 538.5 527.2 519 508.8 506.5 507.1 508.8 505.7 486.6 462.9 455.7 453.4 450.2 452.3 454.7 454.5 453.1 445.2 443.2 421.4 370.2 338.5 314.6 292.6 273.4 262.6 253.8 250 250 250 250 250 250.4 250.1 250 250 250 250 250 250 250 251.5 245.5 244.6 243.3 241.9 240 237.6 234.1 230.9 228 225 222.2 216.4 209.6 206.3
772.7 765.6 756.1 747 738.6 729.4 725.8 725.4 727.3 729.2 731.8 732.4 730 729.1 727.3 720.5 696.4 667.3 644 624.3 599.5 576.7 562.4 552.2 546.1 542 539.7 530.8 536.2 534.7 522.7 494.2 487.1 472.5 468.5 467.3 467.2 466.7 465.7 463.5 454.8 449.8 419.4 363.2 337.8 323.8 298.4 272.6 257.2 250 250 250 250 250 250 250 250 250 250 250 250 250 250 250 247.5 247.2 249 247.7 246.3 244.9 241.7 236.8 231.8 229.7 228.3 225.6 223.3 221.6 218.4
756.8 750.2 741.7 730.2 717.6 710.5 707.4 708.7 710.8 716 719.7 723.1 724 723.7 724.3 723.8 719.3 697.4 673.2 644.6 615.1 597.7 582.5 572.1 567.2 569.1 573.4 557.9 563.8 552.8 534.6 515.7 499.1 496.4 496.2 481.4 479.9 476.6 471.9 478.6 469 450.5 408.6 364.8 339.1 321.8 298 277.7 257.4 250 250 250 250 250 250 250 250 250 250 250 250 250 250 250 250.6 252.5 253.1 252.7 251.9 249.9 245.6 240.7 234.1 231.3 231.1 229.7 229 228.4 227
741.9 730.6 722.2 710.6 697.7 690.2 688.7 690.8 696.2 701.4 705.2 708.8 711.1 714.1 715.9 719.1 721.2 718.1 701.8 671.2 642.4 624.1 606.4 594.5 596.1 602.5 609.4 591.7 583.1 564 546.4 535.7 524 522.4 508.3 495 493.4 486.6 483.4 483 476.3 450 397.7 365.7 340.1 315.2 294.8 275.5 257.1 250 250 250 250 250 250 250 250 250 250 250 250 250 250 253.3 256.5 259 261 260.2 257.8 254.9 250.3 246.5 242.8 241.5 240.2 237.5 235.9 235.2 235
727.4 701.9 697.5 689.7 679.5 671.9 670.5 674.9 680.6 685.9 689 692.3 695.9 700.5 705.8 712 715.5 717.6 715.3 703.3 679.8 654.5 635.7 632.8 632.3 644.7 637.4 619.3 601.7 585.2 567.7 558.1 552.1 535.1 520 511.5 504.4 498.4 490.1 490.4 480.2 437.2 390.8 368.1 340.3 315.6 294 274.6 260.1 252.7 250 250 250 250 250 250 250 250 250 250 250 250 258 263.1 266 267.5 269.1 268.9 266.2 261.7 257.1 255.4 252.6 250.8 250.5 247.6 244.8 246 243.3
719.5 700.6 673.1 667.9 662.9 658.4 654.4 658.1 663.2 667.6 671.9 675 679.9 685.6 692.6 698.9 705 709.3 712.2 709.6 702.3 686.2 679.6 672.3 669.6 664.8 654.9 641.9 626.2 622.1 612.2 596.9 580 555.9 537.9 529.5 519.4 500.4 486.8 475.9 460 422.1 388.5 357.7 333.5 313.3 295.8 277.8 267.7 258.1 252.3 250 250 250 250 250 250 250 250 250 250.4 259.7 268.3 273.6 275.2 276.6 278.1 279.2 277.6 271.3 266.6 265.1 262.2 259.9 259.8 256 253.6 254 252.6
714.8 699 675.3 654.4 648.1 643.3 638.9 640.5 644.9 649.3 653.6 657.7 663.3 670.1 676.6 683.6 690.6 696.6 702.9 705.5 705.9 705.7 704.6 699.7 690.4 680.1 670.5 666.8 664.4 655.8 643.8 630.2 602 580.5 556.3 545.2 524.4 502.4 482.8 462.5 442.7 412.6 381.5 355 335.4 317 298.6 284.9 275.2 265.2 257 252 250 250 250 250 250 250 250.2 254.5 263.1 270.2 278.7 283.1 284.4 285.8 287.2 287.7 287.2 280.6 278.8 276.5 273.6 272.2 268.7 264.2 262.6 260.4 257.6
