data/NX67.asc
ncols 200
nrows 200
xllcorner 260000
yllcorner 570000
cellsize 50
[rows 0 to 35 of 200, columns 0 to 80 of 200]
201.2 191.6 185.3 177.2 164 153.6 141.4 133.8 125.3 117 111.8 107.1 100.8 92.7 83.9 80.9 78.4 77.4 77.4 76.5 73 71.5 71.4 69.7 67.3 65.4 64.1 62.4 62.8 63.2 58.4 56.3 54.4 53.7 51.8 49.4 50.2 50.6 50.3 50.3 50.3 50.4 50.2 50.1 50.1 50.1 50.2 50.2 51 50.3 48.9 48.6 51.2 50.2 49.7 49.3 49.2 49.1 49.8 50.3 51.1 54.6 54.8 61.9 71.3 79 85.1 86.3 83.4 81.9 83.9 83.9 86.3 91.4 95 96.2 96.9 95.2 93.5 89.7 90.2
202.5 191.8 178.8 169.8 158.5 149 141.2 137.5 131.1 120.2 115 109.8 103.9 101.7 97.5 85.2 85.2 83.9 84 84.7 80.9 78.8 76.5 75.3 73.2 71.5 69.7 65.7 63.6 65.2 62.6 60.9 58.8 56.6 55.3 54.5 55.2 54.1 50.9 50.2 50.1 50.1 49.8 49.6 49.5 49.7 49.9 50.1 50.7 49.9 48.6 49.4 51.4 49.2 49.3 49.3 49.2 49.1 49 49 49 49.8 51 53.3 62.8 70.3 74.9 78.6 81.4 81.1 83 80.9 82.5 89.3 93 91.7 90.7 90.3 90.4 86.9 88.7
195.9 185.1 172.9 163.5 152.7 145.7 142.5 139.1 135.1 126.6 120.7 117.2 109.7 107.5 101.2 92 91.7 92.7 92.7 92 87.3 82.6 78.5 78 76.2 74.7 73 68.7 67.6 67.1 68 67.4 63.5 60.7 60.6 61.1 61.9 58.5 53.8 50.3 50 49.9 49.3 48.8 49.5 49.9 49.6 49.9 50.6 49.3 49.3 48.9 48.9 49 49.3 49.3 49.2 49 48.8 48.7 48.7 49 49.9 49.4 50.2 55.7 62.8 71.8 77.9 78.4 78.5 78.1 79.5 80.8 86.2 87 85 87.7 86.4 85.4 90.5
185 175.1 164.6 157.6 150 146.5 143.7 140 135.5 129.2 125.5 126.7 117.7 109.9 105 98.1 95.6 99.2 101.9 101.2 95.6 86.2 84.7 79.8 78.4 77.1 74.4 71.4 69.5 69.5 69.1 69.9 67.6 64.7 64.6 65.6 66.3 62.9 60.3 52.3 50.1 50.1 49.7 49.7 49.9 50.4 49.3 49.7 50.4 49.6 49.5 49.1 49.6 49.5 49.4 49.3 49.1 48.9 48.7 48.5 48.5 48.8 48.9 48.9 48.7 49.4 51.3 60.9 69.4 70.8 73.3 74.6 72.1 72.2 75.4 78 76.8 80.6 83.2 85.2 84.7
174 169 156.6 151.3 147.6 145.5 144.9 138.1 132.2 127.1 121.8 118.7 115.4 106 105.4 103.4 104.5 108.3 109.5 108.4 105.7 96.9 91.4 86.3 82.3 77.9 74.3 73.2 72.3 71.9 71.1 70.8 70.1 68.3 67 67.1 67.5 66.3 63.4 57 53.5 52.2 50.5 50.7 50.1 50.6 49.6 49.4 50.2 49 49.8 49.2 49.5 49.4 49.3 49.1 49 48.8 48.6 48.4 48.3 48.3 48.8 49.1 48.8 48.5 49.6 49.9 53.8 57.7 58.4 57.9 60.8 62.4 65.5 67.2 71 77.1 79.3 80.5 81.3
163.8 160.7 151.6 148 144.5 138.1 136.5 131.4 125.1 119.9 116.1 114.3 111.6 107.9 109.6 109.8 111.1 116.6 116.4 115.8 114.5 109 100 92.7 86.1 79.7 76.5 75.5 74.5 72.6 72.9 72.4 71.8 70.9 70 69.1 68.5 68 65.1 61.6 58.9 53.9 55.9 57 55.8 52.7 50.1 51.6 50.6 48.7 50.1 49.6 49.4 49.5 49.5 49.3 49.1 48.8 48.8 48.9 48.7 48.5 48.9 49.3 49 48.8 48.5 48.4 48.4 50.2 52.7 54.2 56.3 57.5 59.2 61 65 72 77.3 76.7 79.2
155.1 148.7 145.7 145.1 141.2 134.2 129.2 125.3 125.1 118.3 111.6 110 110.6 116.8 122.6 123 123.3 124.5 121.9 122.6 121.6 117.2 110.5 99.9 91.8 85.2 79.4 77.7 75.9 74 72.7 72.9 73.5 73.3 72.7 71.6 70.6 70 69.1 68.1 66.2 67.5 64.9 66.5 66.8 61.4 55.1 54 52.1 47.6 49.8 49.9 49.6 49.8 49.9 49.8 49.5 49 49.3 49.7 49.6 49.4 49.3 49.5 49.2 49.1 48.7 48.4 48.3 47.9 48.5 50.5 53.4 54.9 56.7 58.6 62.6 68.5 70.3 71.4 74.7
148.4 141.2 139.2 138.2 135.5 129.8 123.9 121.8 121.2 118.5 112.5 112.2 115.1 125 144.3 136.3 130.4 130.6 128.2 127 128.1 123 117.7 110.6 98 93.2 85.9 79.9 77.1 75.3 73.4 73.8 74.3 74.1 73.9 73.6 73.2 72.9 73.4 74.3 75.5 74.5 74.3 74.3 73.4 69.5 72.7 64.4 57.9 54.2 48.1 48.6 49.4 49.9 49.5 48.5 47.8 47.4 47.4 47.3 47.4 47.8 47.9 48 48.4 48.9 48.9 48.3 47.7 47.3 47.6 48.1 49.8 52.3 54.2 57 61.2 65.6 67.1 67.9 69.4
141.5 135.6 131.6 130 128.4 124.8 120.3 118.8 118.8 117.1 116.8 114.8 122.8 130.3 140.2 145.1 138.6 133.2 131.9 131.6 131.9 129 124.3 118 108.7 100 91.5 85.2 80.4 76.8 74.7 74.4 74.6 74.2 74 74.5 75.3 75.5 75.8 77.2 79.8 80.5 82 80 78 77.1 76.7 73.2 66.5 61.1 54.2 49.1 47.8 47.6 48.6 48.7 49 49.7 50.1 48.8 48 47.9 49.7 50.3 49.2 48.4 47.7 47.3 46.6 46.4 46.4 46.9 47.2 48.7 51.3 54.1 57 59.9 64.5 65.9 65.4
135 130 127.5 124.9 121.7 119.2 120 119.9 120.1 121.1 122.4 126.2 131.2 138.4 144.6 147.2 145.5 141.9 138.5 135.8 136.4 133.4 129.2 122.2 114.8 107.6 98.3 90 84.4 80.9 77.7 78.7 77.2 75.4 74 74.8 75.7 76.2 77.8 80.3 82.8 86.4 89.2 85.6 82 80 79.4 76.7 72.1 67.7 61.6 56.8 54.7 51.9 53.3 53.6 51.7 55.5 53.9 52.2 49.6 50 50.4 50.5 50 49.8 49.5 49.6 49.8 50 49.4 48.4 47.1 45.7 48.2 51.3 54.6 60.1 64.4 66 64.6
130.3 127.4 124 122.3 122 122.7 124 123.6 123.4 124 127.8 132.3 136.8 142.2 148.7 149.3 144 145 143.6 143.2 140.1 136.5 132.7 126.2 118.8 112.7 104.4 95.5 89.7 84.1 81.2 83.2 83.7 77.9 74.5 75.5 76.7 78.1 79.8 81.3 86.6 92 95.4 93.8 86.1 83.1 82.4 79.8 75.8 71.7 69.9 68.6 65.9 60.3 59.2 59.5 58.4 59.1 57.6 55.6 53.2 50.6 48.9 48.9 48.7 49.6 49.3 49.5 49.6 49.6 49.4 49.2 49.3 48.9 45.8 48.8 51.7 57.4 62 63.8 62.4
128.8 125.9 124.2 123.7 124.7 126.2 127.3 126.8 126.7 130.1 132.5 135.9 143.8 155.1 156.8 156.9 153.6 151.5 150.7 148.5 141.7 138.6 135.4 129.5 123 114.8 108.3 103.2 97.7 89.8 84.9 84.3 85.9 84.8 81.4 80.7 79 80.2 81.8 83.3 85.3 94.7 99.3 97.9 92.1 86 83.8 81.2 78.9 77 76.4 76.2 73.2 67.8 68.7 67.2 63.2 62.5 61.2 59.2 57.1 54.3 52.1 50.1 48.4 49.3 49.3 49.4 49.4 49.3 49 49 49 49.2 49.2 46.7 49.6 52.6 58.7 61.1 60.5
127.9 126.8 126.8 127.1 129 130.1 130.7 130.4 133 137.2 140.8 145.5 153.4 159.8 165.3 168.3 169 163.1 159.8 156.9 147 141 137.5 133.1 125.5 114.2 116.6 114.4 104.1 96 89.3 87.4 88.8 90.5 89 87 85.6 84.3 85.5 86.7 86.8 88.8 95.2 97.9 92.1 86.3 86.2 85.9 84 82 80.3 81.1 78.8 78.3 75.5 72.7 69.3 66.6 68.7 68.6 67.2 63.5 59.1 55.3 51.5 49.1 49.1 49.1 49.1 48.9 48.9 48.9 48.9 48.9 49.4 46.6 48 50.5 53.6 57.1 60.2
131 131.5 134.4 133.7 132.8 133.5 133.7 134.2 135.6 138.9 144.9 153.4 156.5 162.5 168.6 176.8 180.9 177.3 169.6 166.8 157 145.2 139 133.8 124.7 117.1 121.8 120.8 111.5 100.2 94.3 92.3 91.1 91.1 93 92.9 90.5 89.7 89.4 90.8 91.8 91.1 93.2 94.5 91.7 88.6 88.1 87.5 87.2 87 85.8 84.4 87.2 82.5 79.2 76.8 74.5 72.4 77.4 80 78.2 74.2 70.3 64.2 59.6 52.9 48.9 48.9 48.8 48.7 48.7 48.7 48.7 48.7 49.3 47 47.2 49.3 51.6 53.1 56.7
135.3 135.6 137.6 137.4 136.9 136.8 137.3 138.1 139.1 142.1 147.9 153 156.7 164 169.7 179.3 189.1 187 178.3 179.5 167.4 160.7 142.9 133.7 125.4 123.4 124.3 125 118 109.2 101.7 97.2 95.2 94.4 95.1 95.8 95.7 93.6 93.2 95.8 96.7 98.9 99.7 96.7 92.9 91.7 89.9 89 88.8 89.1 90.6 88.7 90.9 87 85.4 81.4 79.1 78.4 83.1 89.9 86.8 82.5 78.7 71.2 65.2 59.8 50.9 48.7 48.6 48.6 48.6 48.6 48.6 48.6 48.7 45.5 47.6 48.5 49 52 48.6
139.2 139.6 140.1 141.1 140.5 139.9 139.9 140.7 143 144.8 146.4 150.5 156 161.7 169.3 179.7 189.2 198.7 185.8 179 177.3 165.5 150.8 137.2 132.3 130.6 129.4 125.2 120.9 115.5 108.3 101.9 98 95.5 96.4 97.9 101.3 100.8 100.5 104.2 103.7 104 104 103.3 99.7 97.6 94 94.5 92.8 92.5 94.2 93.5 92.4 93.7 93.3 89.5 86.7 85 85.4 89.9 92.8 90.4 82.9 76.7 69.6 64.9 58.3 48.3 48.2 48.1 48 47.9 47.9 47.8 47.2 46.4 48.4 49.3 50.2 52.9 51.4
144.1 143.4 143.4 143.6 143 142.5 142.3 144.6 145.6 145.6 144.8 147.4 155.1 163.4 170.1 180.1 190 194.9 193.7 179.3 177.2 172.9 160.9 142.6 140.5 138.2 135.6 124 119.4 113.8 109.2 105.1 101.3 98.4 101 104.3 104.1 106.1 108.2 110.5 110.1 107.7 108.7 109.6 107.1 104.9 99.8 102 98.7 98.2 98.8 99.3 95.9 98.4 100.4 97.9 95.2 90.5 86.5 86.9 91.5 93.4 86 77.8 73.8 69.6 63.9 50.2 48.1 48.1 48 48 47.9 47.9 46 48.7 48.9 50.2 50.7 52 51
147.3 146 146.1 145.4 145.4 145 145.8 146.4 147.5 149 147.3 146.6 156.9 165.6 170 179.2 189.1 194.5 190.3 183.4 178.7 175.6 164.3 149.6 148.7 146.8 142 133.7 125 118.8 112.4 110.6 106.5 103.9 106.3 107.7 109.3 110.9 112.5 114.2 115.9 112.6 111.8 112.8 112.8 109.2 109.5 110.4 107.2 104.4 105.5 104.1 104.5 101.4 105 105.3 103.3 98.3 93.1 91.6 92.2 91.6 87.3 80.8 78.2 73.6 66.2 53.5 48.1 48.3 48.2 48.2 48.1 47.8 46.9 48.4 48.6 50.4 50.4 51 50.6
151.2 149.1 148.6 147.6 147.3 149 149.8 150.6 151.6 152.2 150.5 152.1 155.4 160 165.4 173.2 181 185.5 190.2 187.5 176.9 174 163 159.1 154.9 153.9 148 140 135.1 127.9 119.6 115.2 115 111.8 109.1 110.6 112.3 113.9 115.3 116.6 118.2 116.9 115.8 116.2 115.2 113.5 115.5 115.4 114 112.7 111.1 109.1 112.6 107.7 109.8 111.1 107.8 104.8 101.5 97.3 95.7 93.4 89.5 88.6 82.8 77.9 68.3 57.7 48.9 48.2 48.3 48.4 48.3 45.1 48 48.4 49.2 49.6 49.7 50.1 50.9
158 153.9 151.8 150 149.2 152.6 154.3 154.3 156 156.1 158.6 159.4 157.1 156.6 158.5 163.7 171.1 175.1 182.7 183.4 175.7 170.2 165.8 162.7 158 157.8 153.3 145.6 138.6 135.3 128 125.6 122.5 117.8 110.7 113.1 115.1 116.3 117.4 118.7 119.2 119.1 120 119.8 118.3 118 119.5 121 120.5 120.2 117.4 115.5 117.4 116.5 114.9 116.4 113.8 110.4 107.4 104.3 99.7 96.2 94.3 93.6 86.5 81.1 69.9 63.6 54.5 49.5 47.9 48.3 46.8 47.5 48.1 48.5 48.7 48.6 48.8 49.2 52.9
164.5 160.1 156.9 155.1 156.3 156.7 155.8 158.4 160.2 161 161.3 160 158.8 157.1 156.6 159.3 159.7 166.3 174.7 177.1 175.1 169.6 165.5 163.2 162.8 162.3 160.7 152.4 144.9 142.8 135.4 136 133.7 121.9 116.7 118 118.8 119.4 120 120.1 119.5 118.9 122.1 121.6 120.9 122.9 124.3 125 128.4 129.2 123.5 120.2 119.4 123.6 121.5 121.4 119.2 115.6 113.8 109.5 104.1 101.1 99.8 99.1 92.3 83.7 76.5 71.6 64 54.4 55.9 47.3 45.5 47.5 47.9 48.1 47.8 47.6 48 48.8 53.4
170.2 165.8 162.6 161.6 161.8 160 161.4 163.9 164.3 164.5 163.4 162.9 162 159.4 157.4 157.1 158.5 160.5 164.9 167 166.5 165.6 164.8 162.6 165.4 164.9 167.3 160.1 153.4 147.2 146.4 150.3 140.8 130.8 120.9 122 122.7 123.3 123.5 122.7 121.1 121.4 125.6 123.2 124.2 126 126.1 129.3 132.8 135.9 128.4 124.1 122.8 125.6 129.7 125.1 128.9 125.8 120 116.1 111.9 107.8 105.5 102.1 99.5 88.3 84 80 73 63.6 57.9 47.7 47.7 47.2 47.5 47.3 47.3 47.4 47.4 48 51.3
176.8 172.1 169.3 168.8 165.9 166.9 168.6 168.3 168.4 167.6 166.9 166.3 164.4 161.7 159.2 157.1 158.1 159 161.5 161.5 161.2 161.4 161.6 161.3 163.1 163.9 161.9 161.6 155.1 152 157.9 160.6 144.9 138.9 128.8 125.2 125.4 125.5 124.5 127.3 124 123.9 126.9 124.6 126.2 127.6 128.5 132.6 135.3 136.1 130.1 127 124.6 127 136 136.5 134.5 133.9 127.3 123.4 120.6 119.1 110.5 102.5 100.1 96.6 95.1 87.7 80.7 73.3 59.3 48.4 47.9 47.1 47.1 47.1 47.2 47.2 47.3 47.3 50
185.7 180.7 177.4 176.3 176.3 174.5 174.7 175.1 173.3 171.9 170.7 169.6 168.8 165.8 162.6 159.3 158.4 159.1 159.7 157.1 157 157.2 157.1 156.3 157 159.6 160.1 157.9 156 163.8 168.9 166.7 152.5 148.2 135.9 126.2 125.6 125.3 125.7 128.4 123.2 125.1 127.1 125.9 126.9 128.5 130 132.8 134.4 131.1 130.9 129.5 128.4 128.4 134.9 142.3 140.1 139.5 136.6 131.1 133.6 125.9 112.8 106.5 104.2 104.7 103.5 94.2 89.1 83.7 67.7 51 45.8 47.6 47.1 47.1 47.2 47.2 47.3 47.3 48.7
193.1 188.6 186.7 185.6 183.7 183.1 183.3 181.5 179.1 177.6 176.8 176.1 172.1 168.8 165.4 162 159.9 159.7 157.2 154 151.6 151.3 152.4 151.9 151.4 154.5 155.5 153.8 160 173.9 173.2 168.1 160.2 155.5 147.2 130.3 130.5 127.4 126.2 125.9 125.7 125.4 125.5 125.9 127.2 128.9 130.8 131.2 132.4 129.9 129.7 129.6 130.1 130.8 134.9 141 145 143 143.1 143.5 139.1 129 114.4 107.4 107.7 109.3 103.2 98.1 96.9 93 73.3 54.1 45.5 48 47.1 47.1 47.2 47.2 47.2 47 47.4
200.1 196.5 195.9 195.8 192 191.8 190.7 186.7 183.8 184.5 183.3 179.2 174.5 170.9 167.7 164.5 160.8 157.6 154.7 151.9 150.2 149.1 149.7 150 148.8 149.3 150.5 151.7 165.5 172.1 168.3 165.4 164.6 159.9 154.2 134.4 133.3 129.2 127.6 126.8 125.2 125.1 125.1 125.5 127.5 130.9 130.1 129.9 130.4 130.2 128 128.2 126.7 127.6 131.2 136.1 141 148.4 150.2 143.3 135.5 125.7 116.5 107.9 105.6 104.2 101.9 105.3 104.1 98.3 78.8 59.2 48.8 47.8 47.5 47.1 47.2 47.2 47 46.9 47.1
209.6 207.7 206.3 206.2 203.8 200.5 196.2 192.2 189.5 189.3 186.9 182.2 177.5 173 169.8 166 161.1 158 154.9 152.1 154.4 155 153 150 145.6 145.3 145.1 150.9 155.8 158.2 163.7 163.5 161.6 162.4 158.5 142.2 134.2 130.4 129.1 127.3 125.4 124.4 124.9 125.1 125.1 125.3 126.6 128.6 129.4 125.5 125.4 126.9 124.6 124.3 126.2 129.8 139.5 144 142.9 138.2 131.5 122.8 114.4 109 103.8 105.1 109.4 110.4 104.7 98.9 80.5 67.3 51.7 45.5 47.5 47.1 47.1 47.1 46.9 46.9 46.9
219.1 217.7 217.2 217.4 213.5 208.4 204.2 200.5 198.3 194.5 190.4 186.3 180.8 175.7 171.4 166.4 161.4 158 155.1 153.9 154.7 160 158.1 154 146.8 144.1 144.3 144.2 148.8 153 157.9 158.7 163.8 164.4 154.2 146.7 136.7 132 130.3 127.8 125.6 124.3 123.5 124.8 123.8 123.2 124.1 125.8 124.9 125.3 125.5 125.8 123.7 120.5 122.2 123.3 124 130.2 136.2 133.1 128.8 121.6 116.2 109.8 104.3 109.6 115.3 113.7 106.8 101.3 88.3 64.1 57.1 48.6 45.9 45.6 47 47.1 47.3 47.1 47.4
226 222.4 225.6 227.5 221.8 214.9 212.2 209.3 205 198.9 194.2 190.5 186.8 180.7 172.6 167.9 163.5 158.1 158.7 153.9 154.3 160.6 160.7 156.8 150.7 146 144.3 145 145.5 144.3 149.3 159 169.6 162.1 156.3 149.6 142.8 129.5 128 124.8 122.2 118.7 117.9 122.9 122 121.5 121.5 122.5 123.4 124.1 124.5 124.2 120.8 118.2 117.8 118.5 119.1 122.2 128.9 131.1 127.8 122.5 115.5 110.1 106.6 114.9 117.8 118.6 108.9 104.3 80.5 68.4 67 50.4 48.4 47.6 46 45.3 47.8 47.9 48.7
229.5 229.1 232.4 230.8 226 220.5 217.5 215.9 211.7 206.4 203.1 198.8 193.1 184.8 178.6 172.1 165.7 160.3 165.4 164.5 156.9 157.5 152.7 148.2 144.4 144.2 144.6 145 145.2 144.8 147.6 155.4 165.3 164.6 158.3 151.9 144.7 132.1 125.6 121.4 117 113.7 113.9 117.6 120 119.3 119.2 120.6 122.2 122.8 122.2 121.5 118.6 117.3 116 115.6 117.2 119.1 121.8 124.4 124.7 118.2 111.2 107.5 108.9 115.1 112.8 110.7 110.5 103.1 83.1 77.9 67 49.7 49.5 48.5 47.9 48 46.1 45.8 48.5
232 231.7 232.5 232 230.2 226 223 221.8 218 214.2 208.9 203.1 196.8 189.4 183.5 175.6 168.1 164.1 162.8 164.8 160.2 151.9 148.3 145.1 144.1 144.2 144.5 144.9 144.7 144.3 146.5 150.5 151.1 156.2 155.9 152.4 146 134 125.8 119.9 117.2 114.7 114.2 116.3 118.2 117.3 117.3 117.9 119.6 121 120.1 118.9 117.7 116.4 115.1 113.7 114.2 116 118.4 120.4 119.9 116.1 111.7 106.7 107.2 111.1 107.6 108.2 106.5 99.6 90.2 82.6 61.2 51 49.6 48.2 47.7 47.7 47.8 47.7 45.3
226.7 229.2 230.3 229.9 230.2 230.5 227.5 226.7 221.6 217.4 212.1 206.6 199.8 194.1 186.9 179 171.5 166.8 163 162.7 159.1 152.5 148.9 145.8 144.1 144.2 144.4 144.6 144.3 144.2 145.7 148.1 144.4 148.7 151.1 148.7 144.3 137.8 121.7 116.8 116 115.1 114.9 116.2 120.6 115.9 115.3 115.5 118 120.7 119.7 117.5 114.8 113.8 112.8 111.8 111.2 112.9 116.6 118.5 115.5 111.2 108.6 104.6 104.6 109.4 103.5 105.3 102.4 98.7 94.4 79.9 66.9 50.1 49.3 47.9 47.5 47.5 47.8 47.4 47.4
221.6 224 226.5 227.4 228.1 228 229.2 228.1 223.9 220.3 215.3 212.7 207.6 199.8 191.6 183.5 177.6 174.5 166.4 159.7 158 155.2 153.6 150.2 145.9 144.2 144.4 144.2 143.9 143.6 143.4 144.6 144.2 146.6 147.1 144.2 144 137.9 122.3 114.6 114.8 114.3 113.7 114.7 121 121.7 114.1 114.5 116.2 120.4 118.5 116.1 112.9 110.9 111.3 111.4 110.2 110.1 113.7 112.7 112.4 109.4 104.9 103.2 101.9 101.8 100.2 100.3 99.1 96.4 92.6 76.1 67.2 48.7 48.2 47.6 47.2 47.4 47.7 49.2 47
216.5 218.9 222.8 223.7 225.3 226.2 227.5 227.8 226.1 223.3 222.4 219.5 213.6 205 196.1 190.8 183.7 180.2 173 164.5 160.4 158 156.6 154.9 151.7 149.5 146 144.1 143.4 143.3 143.4 142.7 143.2 146.5 144.7 144.9 140.2 135 123.6 115.3 113.8 115.6 112.2 111.7 119.6 122.9 118.2 114.2 115.3 120.5 117.2 114.7 112.3 108.8 108.1 108.2 106.7 104.1 108.8 107 109.7 106.2 101.1 98.7 97.9 96.1 97.1 100.4 97.5 94.4 91.7 79.5 62.9 47.6 47.7 47.3 47.1 47.1 47.2 47.2 46.2
212.9 214.2 217.1 219.1 222.6 224 225.1 226.1 228.6 228.4 227.9 223.9 219.3 218 212.5 201.1 190.6 185.7 179.8 171.9 163 160.6 157.8 155.1 152.6 151.1 151.5 146.9 144.9 144.5 144.6 143.3 140.6 140.6 140.6 137.3 135.3 133.3 126.5 116.3 116.4 115.3 112.8 110.1 110.9 118.1 120.5 113 113.9 116.2 116.2 115.2 112 108.3 104.9 104.8 104 102.4 103.7 102.8 103.8 103.2 99 95.9 94.4 94 94.6 99.3 96.1 93 89.8 77.4 61.4 48.2 47.9 47.1 46.9 46.9 47 47 45.6
210.8 211.8 210.8 213.9 216.8 219.7 221.6 223.4 228.3 230.4 229.8 228.4 227.8 223.8 218.6 209.8 199.5 191.5 180.7 174.8 166.8 162.4 158.1 154.6 152.3 152 151.9 151.9 150.2 148.6 148 145.6 141.8 140.3 140.4 134.8 130.6 128.7 123.8 116.7 115.8 114.2 111.2 108.2 108 113 116.2 113.1 110.7 114.6 113.4 114.5 111.6 107.9 103.9 102.4 101.5 100.1 98.3 100.1 98 97.5 97.7 95 93.3 92.9 93.1 97.4 95.1 92 88.6 80.8 61.8 48.4 47.7 46.9 46.7 46.7 46.8 46.4 45.1
