data/NX87.asc
ncols 200
nrows 200
xllcorner 280000
yllcorner 570000
cellsize 50
[rows 108 to 143 of 200, columns 0 to 80 of 200]
279.6 281.6 291.9 290.4 283.7 272.8 257.9 251.3 246.2 242.6 239 235.9 234.4 231 227.3 227.9 229.4 227.4 225.4 222.8 221.1 215.8 216.8 215.7 214.4 214.2 214 214.1 213.1 213.8 215.1 218.3 218.6 215.4 211.5 215.8 223 230.1 236.5 241.9 247.1 255 265.4 273.2 280 282.6 285.7 285.4 282.3 279.5 276.4 270.9 266.5 263.4 260.2 256.3 251.5 246.9 244.2 240.8 236.8 231.4 225.8 222.7 217.7 212.6 202.8 194.2 182.9 173.1 166.3 159.1 153.4 146.9 140.5 139.1 140.8 137.8 133.4 133.7 129.5
284.1 288.2 292.6 283.9 273 265.2 256.5 249.6 242.5 234.5 230.1 229.2 227 224.1 222.2 222.3 224.7 224 221.9 220.8 218.5 211.2 215.6 213.8 213.2 212.6 212.3 212 210.8 211.2 212.7 214.4 215.6 212.2 213.7 218.9 227.5 236.1 243 250.1 260 268.3 274.3 279.3 283.2 285 284.4 282.6 280.6 276.1 270.1 266.6 262.2 259.6 254.7 249.7 245.2 239.4 234.4 231.2 226.9 222 217.6 213.3 212.6 210.7 205.3 194.6 184 175.8 168.5 161.7 154.8 146 139.6 136.2 137.4 133.9 131.9 129.8 128
293.8 280.5 271.8 262.1 259 256.5 255.3 247.7 239.3 231.9 226.7 222.9 220.9 218.8 216.2 215.3 218.3 219.8 218.6 217.9 215.7 213.1 210.8 212.3 211.6 211.1 210.7 209.5 208.4 208.4 209.1 209.3 209.7 210.8 220.3 224.7 231.9 240.5 248.2 257 265.3 273.8 276 278.6 278.6 278.5 278.9 275.6 271.9 266.3 261.6 258.6 255.8 252.3 247.5 242.6 237.8 232.8 227.6 222.1 218.5 212.9 208.4 205.1 203.1 203.1 199 192.4 182.7 176.8 170.1 164.6 156.8 148.9 142.5 136.8 133.1 130.3 130.3 128.5 127
284.8 273.6 261.8 256.1 251.6 247.6 247.8 244.4 240 232 225.6 220.1 215.8 216.4 216 214.9 213.8 215 214.5 214.1 212.4 209.5 208.3 211.3 210.7 209.8 208.6 207 205.6 207.1 208.4 210.9 212.8 217.1 224.8 230.8 235.7 242.8 250.4 260.1 268.1 273.2 273 272.4 271.5 270.4 267.9 263.3 260.4 257.4 253.2 250.5 248.4 245 240.2 235.4 230.6 225.9 221.6 217.6 210 205.1 200.2 196.9 196.7 195.9 192.4 186.4 180.4 174.7 168.3 166.4 160.5 151.9 145.1 139.2 133.4 131 129.1 127.1 125.9
269.1 258.6 252.6 247.6 245.8 243.3 240.6 238.8 237.7 235.5 228.7 219.8 214.8 212.7 214.1 213.7 211 210.9 210.2 209.3 206 204.2 206.2 209.7 211 208.7 205.9 205.2 208.4 209.2 208.6 212 215.3 221.3 227.6 232.4 236.8 243.3 250.7 258.6 264.8 266.7 265.9 264 261.6 258.4 255.2 252.1 250.3 248.5 245 244.5 242.2 237.5 232.8 228 223.3 218.6 214.9 210.6 204.6 199.3 193.9 190.8 190.7 188.8 186 179 174.6 169.2 164.6 160.5 155.1 148.7 144.6 140.7 135.4 132.4 130.8 127.5 124.8
257.5 249.9 242.1 237 237.2 236.8 234.7 232.8 230.5 227.6 223.6 220.7 215.6 213.6 210.3 208.2 207.2 206.8 205.8 203.7 201.2 204.3 207.2 209.9 209.3 206.8 203.6 206.5 210.5 210.6 208.3 209.5 213.9 219.9 225.3 230.2 234.2 239 244.6 252.1 253.7 255.9 255.3 253.3 252.1 249.9 248 246.1 244.2 241.2 240.6 238.7 234.7 230 225.3 220.6 215.8 211.3 207.1 203.1 198.2 194.3 189.2 185.2 184 182.2 178.4 174 168.3 166 162.2 157.9 152.3 147.6 143.5 139.5 135.5 132.9 130.4 127.6 124.3
247.8 244.5 236.9 231.5 228.7 230.3 228.7 226.1 222 219.3 216.1 213.8 211.6 211.2 210.9 207.4 203.4 203.4 201.1 199.4 200.3 202.2 208.9 210.2 204.3 203 204.7 208 209.5 208.9 208.3 209.9 214.9 218.3 222.1 225.3 230.6 232.9 239.5 242 243.2 245.1 244.8 244.2 244.3 243.4 242 240.6 239.2 237.8 235.5 231.9 227.2 222.4 217.5 212.6 207.5 203.1 199.6 195.6 191.8 188.9 185.6 182.1 178.6 175.2 171.3 167.4 165.5 162.2 158.8 154.8 150.7 146.4 142.5 138.8 135.1 132.2 129.1 126.1 124
238.3 236.7 232.5 226.9 228.9 226.7 223.5 219.1 215 213.3 209.5 206.8 203.2 199.3 200.6 201.3 198.7 199.5 200 199 199.6 200.2 203.2 204.4 202.7 207.7 208.2 209.1 209.1 208.9 208.9 208.9 211.9 216.1 219 222.7 225.9 227.7 230.6 231.9 233.3 234.6 236.9 236.9 237 236.3 234.9 233.5 231.3 228.6 225.4 223.7 219 214.1 209.2 204.2 198.6 194.3 191 187.9 186 183.3 180.1 176.5 173 172.3 167.4 162 160 157.5 154.3 151.8 148.8 145.3 141.7 138.1 134.5 131 127.8 124.7 124.8
237.9 233 230.8 231 226.9 220.9 219.5 213.5 210 208.3 206.2 203.3 200 197.5 197 196.8 197.4 197.3 198.5 202 199.4 202.3 201.5 200.9 202.5 209.3 210.1 210.3 208.9 210 210.8 212.4 215.2 216.1 216.5 219.5 222.5 223.4 223.2 222.6 222.2 224.8 228.4 229.5 229.8 229.1 227.6 225.1 222.6 219.6 218.1 214.9 210.6 205.9 200.9 194.9 188.9 185.2 181.8 178.4 178.4 178 174.4 170.8 168.3 165.6 161.9 156.8 153.4 150.8 149.3 147.4 145.2 141.6 138.6 135.1 131.5 129.7 127.1 125.3 125.6
241.7 239 237.1 235.6 232.5 227.4 221.5 215.1 206.9 201.7 202.2 200.1 197.8 196 195.4 194.8 195.1 195.3 197.5 206.2 201.9 199.9 199.3 201.9 203.5 208.2 209.1 210 213.2 212.6 213.3 214.9 215 216.1 216.2 216.3 216.5 218.7 218.9 218.5 218.7 218.7 221.4 224 223.4 221.8 219.8 217.8 215.3 209.8 207.4 204.6 200.5 198 193.6 188.1 181.3 173.9 175.2 170.7 168.7 168.8 168.8 163.1 160.6 158.1 155.7 151.4 148.8 148 147.4 146.1 141.7 137.7 134.7 131.9 130.4 128.3 126.7 125 124.4
248.2 248.8 245.3 239 232.2 226.8 222 214.9 208.4 203.7 199.6 196.9 195.3 194 193.8 194 194.3 194.6 195.3 198.8 199.5 198.3 203.2 206.7 209.4 213.8 215.9 217.1 217.2 216 215.5 216 214 214.9 215.7 218.6 215.1 214.9 215.3 215.4 215.2 214.9 215.2 220.2 223.4 222.5 217.6 213.6 210.9 208.4 207.4 203.9 197.2 189.9 186.6 182.3 175.2 169.6 167.5 165.3 160.6 158.7 157.6 154.2 152.9 152.1 149.2 145.8 142.7 142.7 142.7 140.8 138.1 135 133.3 130.6 128.9 127.8 126 124.7 124.1
259.4 254.2 248.4 242.8 234.1 224.9 219.8 214 209.1 203.1 198.2 194.2 193.5 192.9 192.8 193.2 193.6 194.1 195.4 196.9 198.6 201.6 206.2 211.2 213.9 216 219.2 218.5 219.1 218.9 217.6 218.6 220.4 217 215.4 215.4 212.7 211.6 211.3 211.5 211.7 209.5 211.6 220.8 225.7 224.4 222.4 218.4 215.2 213.8 209.3 205.8 198.7 192.5 185.2 178.3 172.6 170.6 162.9 159.3 159.2 156.3 153.3 148.8 145.2 145.2 144.1 140.3 137.5 137.7 138 138.3 137.5 134.5 132.3 130.4 128.1 126.8 125.4 124.4 123.9
258.1 250.5 244.9 238.8 231.9 226.4 220.5 215.6 207 201.8 197.4 194.5 193 192.4 192.5 192.5 192.5 193.5 194.8 198 200.6 202.2 204.7 210 217 219.1 219.9 219 219.1 220.3 219.8 219.7 220.3 219.7 216.6 216.3 215.6 212.9 212.9 210.3 208.8 207.9 210.7 216.5 222.6 228.1 226 224.2 219.7 217 212.4 209.3 204.2 197.6 189.9 181.6 173.3 168.7 165.4 158.6 152.5 151.4 147 144.9 140.5 139.4 138.6 134.9 133.7 134.1 134.7 134.9 133.4 131.2 130.6 129.3 127.5 125.6 124.7 124.3 123.8
248.1 241.6 235.8 229.7 227 221.2 215 211.3 205.9 202.2 196.4 194.8 192.9 192 192 191.8 191.6 192.3 194.2 196.9 201.1 202.8 203.2 210.5 216.5 220.5 222.1 221.7 222.1 223.4 223.4 222.8 221.1 220.3 219.4 218.8 217.5 215.8 216 212.3 208.9 205.6 209.2 213.9 218 221.6 222.3 224.8 220.1 214.5 211 206.9 202 194.6 187.2 182.7 175.5 169.1 163.4 155.8 148.7 143.7 140.7 138.2 135.7 133.2 132.3 131 130.2 130.5 131.4 130.7 129.5 130 130 128.2 126.4 124.5 125 124.5 124.2
239.5 234.1 229.9 222.8 219.6 215.2 207.3 200.3 201.6 199.3 196 195.8 192.8 191.3 191.1 191.1 191 191.8 194.8 197.9 202.9 207.7 212.3 217.4 221.2 225.1 228.1 228.3 226.7 226.3 227 226.5 225.5 224 221.9 221 219.6 218.1 215.8 212.8 208.6 205.5 206.7 211.4 215.2 217.2 220.4 224.5 223.5 222.8 216.3 209.6 202.9 196.7 188.7 183.4 175.7 167.7 158.9 150.9 143.4 140.1 136.3 134.2 132.4 129.5 130 129.4 128 127.8 129 130.6 130.4 130.7 128.9 127.1 125.3 124.4 125.4 124.9 124.5
232.2 228.1 226.2 222.3 216 208.9 201.9 202.6 202.3 199.6 196.1 194.9 193.5 191.8 191.8 190.8 190.7 193.3 198.1 203.3 210 214.3 217.7 221.2 225 228.9 232.9 234.8 233.3 231.8 230.5 230.1 229.6 227.4 225 223.4 222.2 220.3 217.2 213 208.7 204.5 204.7 208.7 212.5 214.2 218.4 225 221.5 217.4 213.5 207.3 200.8 193.6 187.7 182 174.2 165.4 155.5 147.8 141.9 136.5 133.2 131.7 129.7 129.4 128.4 127 125.6 125.4 126.8 128.4 129.4 128 126.8 125.6 124.2 125.1 125.8 125.3 124.9
224.9 221.8 221.1 217.4 213.4 213.7 213.5 215.8 212 205.9 200.4 195.9 193.7 192.8 193.2 192.9 192.8 194.6 197.3 202.9 208.8 214.7 219.6 224.6 228.7 232.7 237.1 239.9 240.1 239.4 235.1 232.8 233.1 233.9 231.7 228.8 225 221.9 217.9 213.7 208.9 203.6 202.1 205.5 208.1 210.6 212.9 215.6 214.4 211 206.9 202.5 197.3 189.6 183.9 178.1 171.9 162.8 154 146 140.6 135.7 132.1 129 128.2 127.1 126.1 124.8 123.2 123 124.5 125.4 126.2 125.6 124.5 123.8 123.3 125.2 126.1 126 125.4
218.9 217.2 215.5 217 219.3 224.4 225.2 224.1 221.4 213.1 207.4 200.1 193.7 193.8 194.2 194.7 195.8 195.3 195.2 201.3 207.3 213.4 218.5 223.6 228.4 231.9 235.6 239.2 241.4 242.7 239.2 235.3 233.6 233.4 234 233.8 231 224.8 220.4 213.5 208.4 202.3 197.8 201 203.2 206.1 208.8 210 209.1 206.4 203.7 198.7 194.1 189.2 185.1 179 173.1 164 152.3 144.5 138.7 133.4 129.5 127 126.9 125.3 123.7 122.7 121.3 121.1 121.4 122.2 123 123.2 122.6 122.5 122.4 124.2 125.6 126 126.1
211 214.8 220.3 221.4 227.4 235.7 235.6 230.3 222.8 217.2 212.5 205 199.5 194.8 195.3 196.4 198.1 192.6 193.7 199.7 205.8 211.9 217.3 222.6 226.6 230.5 234.2 237.5 239.7 241.4 239.7 237.1 233.6 231.9 229.5 229.7 231.1 227.7 221.5 214.3 206.1 197.4 192.5 198.1 198.4 201.2 205.1 205.1 201.5 202.3 197 193.5 188.5 182.7 178.9 173.5 167.2 158.2 149.7 142.8 136.8 132.4 127.7 125 125.6 124 122.4 121.2 121 121.6 121.3 120.5 120.4 120.6 120.6 120.6 121.1 122.1 123.7 125 126.7
204.6 210.1 217.8 221.3 226.7 233.8 235.8 230.5 224 217.8 213.2 210.2 204.1 198.5 196.7 198.6 199.2 193.3 193.5 197.7 204.3 210.3 216.2 221 224.9 228.7 232.5 235 236 237.1 237.7 235.2 232.8 229.9 225.2 224.3 223.6 222.5 219.8 213.3 205.6 196.7 187.8 194 196.9 195.7 199.3 196.4 192.1 190 187.6 184.2 179.8 175.3 172.4 167 159.6 152.4 146 142 138 133.4 127.5 124.3 124.1 122.4 120.9 120.8 120.7 121.8 122.4 121.3 120.2 120.5 120.9 120.3 119.7 120.1 121.9 124.8 129.4
208.5 210 213.8 218.8 223.9 227.1 227.4 226.9 223.7 219.1 213.8 210.6 203.4 200.7 198.7 199.5 197.8 192.8 190.9 194.9 201 208.1 214.9 219.2 222.9 226.6 230.7 233 233 231.6 232.7 233.3 231.3 226.9 222.2 221 218.4 213.9 211.8 209.7 204.2 196.2 184.1 186.5 189.6 186.6 185.4 183.4 183.2 181.1 178.1 174.8 171.2 170.6 169.6 165.6 157.5 150.7 146.1 140.9 136 130.5 125.2 122.6 121.8 120.7 120.5 120.5 120.4 120.6 121.7 120.6 119.7 120.6 121.1 119.7 119.2 119.7 120.7 124.4 127.4
211.4 214.8 215.3 216.5 221.1 220 219.5 220.9 219.2 217 213.7 209.3 202.9 200.8 199.4 198.4 195.8 191.1 188.7 191 198.3 205.5 212 217 220.8 224.8 228.9 230.2 229.8 229.9 228.1 225.9 225.8 223.7 217.4 212.4 207.7 205.1 203.4 202.2 198.7 192.3 190.2 175.6 179.9 183.3 179.8 177.6 172.8 171.8 168.7 165.5 166.6 167.6 169 166.8 159.7 153.1 145.2 138.8 133.2 127.9 124.9 122.2 120.8 120.4 120.2 120.1 120 119.9 120.3 119.6 119.3 119.8 120.6 119.1 120 120.8 120 122.6 122.9
217.3 222.5 221.2 221.5 221.5 217.5 217.5 217.5 217.4 214.7 210.8 205.6 200.2 198.1 196.2 195.8 195.9 191.6 187.9 186.3 192.8 202 208.3 213.3 216.8 220.9 224.7 227.7 228.3 228.7 226.2 221.7 218.3 214.4 210.6 205.4 200.1 195.7 194.7 195.3 193.7 188.6 184 176.7 170.8 173.3 175.7 172.3 167.4 165.1 159.6 159.1 158.7 159.6 160.9 160.7 158.4 152.7 144.9 137.8 133.9 128.7 125.2 122.3 120.9 120.4 120 119.8 119.8 120.6 121.3 120.2 119.9 119.4 119.7 119.3 120.4 120.6 119.2 119.4 121.3
220 226.7 225.3 223.8 222.4 217.5 218.1 218.2 215.9 211.1 205.1 199.8 194.3 193.9 193.2 195 194.2 192.6 185.9 182.5 189.2 196.7 204.1 207.7 210.2 214.6 218.7 222.3 223.8 223.5 221.2 219.1 216.1 211.7 206.9 198 193.5 189.2 185.6 186 185.6 183.5 180.5 175.2 163 163.9 165.7 163.8 160.3 158.2 157.1 153.4 150.9 150.7 151.9 153.2 152.3 149.4 142.5 139.3 135.2 130.1 126.1 122.5 121 120.6 120.9 120.2 120.5 121.6 122.7 121.3 120.6 120.1 119.2 118.7 118.9 119.3 119.3 119.8 119.7
214 215.3 217.7 222.3 225.1 225.2 225.6 219.5 212 207.1 201.2 194.9 189.2 191.3 193.5 196.8 197 193.5 177.4 178.5 184.1 193.3 197.9 200.3 203 206.6 211.1 216.7 220 219.6 216.7 214.1 210.9 208.2 203.7 195.9 189.1 185 181.4 177.5 176.7 173.7 170.1 166.4 161.5 156.5 156.9 155.2 153.1 152.6 152.3 151.2 146.6 143 144.4 147.4 147.7 144.1 141.2 139.6 134.8 130.9 127.1 123.2 121.7 122 122.1 121.7 121.2 122 122.8 121 121 120.6 119.2 118.6 118.2 120.2 121.5 120.5 119
205.6 205.7 213 223.2 230.3 232.9 228.3 220.6 211.9 204.8 199.1 191.8 189.3 190.7 195.7 197.8 195.7 192 174.5 174.4 181.3 188.7 190.1 191.8 193.5 197.6 202.1 209.1 215 216.3 212.6 209.1 206.5 204 200.1 194 187.9 183.9 181.2 175 169.3 163 159.2 157.8 155.5 155 152.9 150.1 146.8 146.2 146.1 145.9 142.2 140.4 138.9 141.7 142.1 140.7 139.2 134.4 133 130.1 128.2 124.9 124.2 124 123.5 123 122.5 121.4 121 120.3 119.9 120 118.7 117.6 117.8 121 121.8 120.8 120
194.8 202.2 209.5 221.3 229.1 231.2 226.5 219.6 211.7 205.7 201.7 194.4 189 188.1 191.9 193.5 190.4 187 172.1 173.4 184.5 190.9 184.4 183.6 184.7 188.5 194.5 202.2 207.5 209 206.7 201.1 197.9 195.4 192.3 188 183.4 179.3 174.3 168.5 166.2 161.1 153.6 151.2 149.9 154 152.6 149.8 146.2 144.2 143.2 141.2 139 137.7 136.6 136.6 135.4 134.9 134.3 133 129.7 127.9 126.6 125.4 124.6 124.5 124.3 123.1 121.8 120.7 120.1 120.1 120.2 119.6 118.3 117 117.2 121.7 121.2 120.7 119.3
189.5 199 208.7 215.1 218 215.6 215.2 213.5 209.7 206.9 204 197.7 191.2 185.4 181.9 183.5 181.3 177 174.1 171.9 180.3 184 179 178.6 178.3 180 182.7 191.7 198.2 199.3 197.1 193.1 189.6 186.7 183.7 179 173.4 169.6 163.3 159 156.2 152.5 148.7 146.8 145.3 147.7 148.1 146.3 145.1 145.8 145.2 143.4 142.3 138.8 137.5 134.5 133.1 132 130.3 128.9 127.8 126.8 126 125 123.9 122.9 122.6 121.8 121.1 120 119 119.5 120.3 119.3 118 119.5 116.5 118.3 118.7 118 118.4
187 197 199.8 203.3 204.4 205.4 207.1 207.8 206.4 204.1 201.3 197.3 193 187.9 180.6 173.6 170.1 170.3 168.8 169 172.5 177.7 175.7 174.5 174.1 174.7 176.8 181.5 189.8 195.7 193.6 189.6 185.6 182.6 176.8 172 164.7 159.1 154.5 151.4 148.6 145.4 144.4 143 141.6 140.8 139.9 141.4 142.2 142.5 143.9 145.4 144.2 141 139.8 138.2 134.7 130.9 129.4 128.1 127.3 126.3 125.7 124.5 123.4 122.2 121.6 120.8 120.2 119.2 118.3 117.9 118.6 118.2 119 117.7 116.4 116.2 117.7 119.5 124.1
189.1 190.4 192.8 195 196.2 197.5 200.3 205.1 202.6 199.3 198.4 194.1 189.7 185.5 178.7 168.5 162.8 166.5 166.2 168.1 171.4 173.6 172.7 171.6 171.3 171.5 171.9 175.9 185.1 189.5 191.4 188.6 183.5 176.4 170.4 164.7 159.6 153.9 150.2 146.7 144.3 142.7 141.5 140.5 139.1 138 137.1 137.4 138.1 138.9 139.1 140.9 142.7 142 140 139 137 133.2 128.6 127.2 126.2 125.4 124.6 123.2 122.6 121.4 120.7 120 119.2 118.5 117.5 116.6 116.9 116.8 116.9 117 116.9 117.7 120.5 123.5 128.2
185.9 185 186.3 187.9 189.9 190.4 191 195 192.8 191.5 190.3 187.9 185.1 179.6 173 163.5 158.1 161.8 165.2 168.1 170.6 170.3 169.9 168.8 168.8 168.9 169.3 171.6 185.4 190.4 185.2 179.6 172.9 167.1 163.7 157.8 153 150.1 146.6 143.9 141.4 140.1 139.4 138.6 137.6 136.5 135.4 134.8 135.5 135.9 134.5 136.2 138.7 140.9 138.1 134.6 132.6 130.1 126.4 126.1 125.2 124.2 123 122.3 121.5 120.6 119.9 119.1 118.5 117.6 116.8 116.4 117.5 117.6 117.5 117.4 118.6 119.8 124.2 127.4 132.4
176.6 180.6 183.2 181.8 182.4 181.1 180 181.2 182.7 183 181.1 179.1 175.9 170.6 164.5 154.9 158.2 162.3 165.1 168 168.3 167.8 165.8 166.1 165.9 165.9 166.1 167.5 181.8 186.8 183 177.4 170.8 165.8 159.3 153.6 149.4 147.7 145.9 143.5 140.8 138.8 137.8 137.4 136.3 135.2 134.3 133.1 133 132.4 131.5 131.4 132.3 131.4 130.5 129.5 128.1 126.3 124.8 125 124 123 122 121.4 120.6 119.8 119 118.2 117.5 116.7 116.9 118.3 120 119.8 119.2 121.1 125.2 127.8 129.3 131.3 136.3
170.3 174.9 178.2 177.9 177.1 174.3 171.7 168.4 171.5 174.4 171.9 169.9 166.4 161.3 159.3 157.5 157.4 163 165.9 166 165.7 165.5 164.4 164.8 164.7 164 164.1 164.8 175.8 181.6 178.9 174.4 169.7 166.8 160.1 154.4 149.5 148.7 147.4 144 141.5 139.3 138.1 137.2 136.1 135 134 133.3 132.1 130.7 130 129.3 128.8 128.4 128.4 127.5 126.3 124.8 124 123.9 123.2 122.1 121.1 120.2 119.8 119 118.4 117.5 116.6 118.3 119.4 119.8 120.3 119.8 120.7 128.6 132.5 134.8 136.1 137.6 139.1
164.2 168.2 170.7 170.7 170.5 167.4 164.1 163.1 168 168 165.3 162.5 157.8 151.4 152.7 155.3 159.8 165.1 165.2 164.6 163.9 163.3 163.3 163.7 163.8 163.4 163.7 163.9 167.3 173.3 175.3 171.6 171 170.1 164.8 156.4 149.9 148 145.9 143.6 142 139.9 139.3 139.1 137.1 137.5 137.7 135.4 133.3 131.7 129.8 129.4 128.3 127.5 127.1 125.7 125.1 124.5 123.8 123.1 122.4 121.5 120.5 120.4 119.6 118.8 118.4 118 121.6 124.2 128 125.1 124.8 121.6 129.1 136.3 139.3 142.1 142.9 143.6 141.2
160.6 161.6 163.1 163.9 163.7 161 158 159.9 163.2 161.6 158.9 155.3 149.3 147.7 150.9 158.4 162.3 165.4 163.2 163.1 162.6 162 162.1 162.7 162.9 163 163.4 163.2 162.9 163.9 168.5 168.8 167.9 164.4 159.3 152.1 149.7 147.8 146 148 146.5 145.2 143.8 143.8 140.6 141.5 138.7 136.1 134.7 133 130.9 130.6 129.9 128.9 127.8 127.4 125.6 124.4 123.5 122.8 122 121 120.5 120.3 120 119.3 119.8 123.5 125.8 132.5 136.5 135.5 131.9 124.1 131.2 138.9 144.8 145.9 144.6 143.1 141
158.4 158.7 158.2 158.2 157.3 156.3 153.9 154.5 156.4 155.2 152.4 148.6 143.7 145.4 149.3 153.9 158.9 162.1 160.6 161 161.1 160.7 160.5 164.5 163.3 163.4 163 162.3 161.5 160 161.6 162 160.9 158.1 154.2 153.4 154.5 156.8 157.7 159.3 157 155 152.5 149.8 148.5 144.2 141.1 139 137.1 135.4 134.1 132.8 131.5 129.8 127.9 126.7 126.4 124.1 123.1 122.5 121.8 120.9 120.2 120.2 119.9 120.8 120.7 124.5 128.3 131.5 133.1 133.2 132.1 124.8 129.2 135.8 140.2 140.1 141.6 139.9 138.2
