data/NY11.asc
ncols 200
nrows 200
xllcorner 310000
yllcorner 510000
cellsize 50
[rows 35 to 69 of 200, columns 78 to 155 of 200]
220.2 220.2 222.3 228.3 234.6 243.9 259.4 275.5 296.1 316.3 338.7 367.3 400.1 411.4 418.5 432.8 450.2 461.4 467.6 456.9 438.8 410.4 371.7 343.7 318.9 287.5 256 226 204.5 182.1 156.4 151.6 148.9 127.5 101.4 97.7 97.7 97.7 97.7 97.7 97.7 97.7 97.7 97.7 97.7 97.7 98.6 116.6 140.2 158.3 182.9 212.7 240.8 269.2 297.6 325.4 336.1 345.9 331.2 314.3 294.9 277.1 260.1 249.9 231.3 216.4 205.3 192.6 189.4 190.1 198.7 205 215.4 227.2 246.6 272 291 313.5
220.2 220.3 223.9 228.5 232.2 243.1 257.2 274.4 292.8 309.1 331.9 357.2 387.5 399.1 410.5 428.2 437.3 443.6 443.7 431.8 415.9 391.7 357 325.1 297.6 273.6 250.1 222.7 201.1 186.3 172.6 154.5 151.3 133.5 106.9 97.7 97.7 97.7 97.7 97.7 97.7 97.7 97.7 97.7 97.7 97.7 102.7 118.3 132.8 150.5 173.6 200 228.4 256.7 285.1 300.3 310.5 320.9 332.2 338.8 322.3 305.2 292.1 286.3 259.2 243.7 228.4 210.8 203.3 199.6 200.4 204.8 209.1 221.1 232.7 255.1 278.8 300.4
220.2 220.5 225.4 230.1 234.7 244.9 257.6 272.7 291.6 310.2 324.8 347.9 372.2 392.2 397.5 413.3 424.1 430.1 424.2 408.7 391.6 369.1 339.6 311.5 282.6 257.3 236.5 215.1 190.2 174.7 159.4 144.7 131.8 117.3 100.8 97.7 97.7 97.7 97.7 97.7 97.7 97.7 97.7 97.7 97.7 97.7 103.9 117.1 124.8 142.7 162.9 187.5 215.9 244.3 264 274.7 285 295.2 305 317.9 331.2 335.9 322 308.3 295.5 274.4 251.7 233.1 223.4 208.9 207.2 210.1 216.2 229 247.7 267.9 283.4 289.3
219.7 222.8 227.7 230.6 235.3 245.9 256.9 271.5 287.2 304.7 323.5 341 364.3 383 392.5 396.4 402.5 410.1 405.7 388.8 371.8 347.2 322 297.5 267.7 243.6 221.4 200.4 181.1 167.7 152 137.8 128.3 114.7 98.3 97.7 97.7 97.7 97.7 97.7 97.7 97.7 97.7 97.7 97.7 97.7 99.7 109.1 116.9 132.1 149 175.1 203.4 227.1 238.9 249.2 259.9 269.5 279.2 290.5 303 308.1 313.7 319.4 319.8 299.8 276.3 257 240.7 227.4 224.7 219.4 220.8 231.8 250.1 267.6 283.2 300.8
222.2 226.9 229.5 232.3 238 249 261 274.4 285.5 302 320.5 335.6 353 368.5 382.9 389.9 384.2 387.1 382.8 372.6 354.8 334.8 306.7 279.5 254.7 233 213.9 190.3 172.9 161.2 150.6 135.5 123.4 112.5 98.5 97.7 97.7 97.7 97.7 97.7 97.7 97.7 97.7 97.7 97.7 97.7 97.7 101.2 108.9 120.9 135.1 162.6 189.3 202.5 213.4 224 234.2 243.9 253.5 264.2 274.6 280.1 287.2 295.3 303.4 311.1 308.1 286.6 279.3 269.2 253.9 245.9 233.3 233.4 251.8 265.8 282.8 303.2
228.5 230.7 231 234.5 240.7 252.9 265.6 275.1 285.6 300 316.7 330.8 344.7 359.7 367 373.6 370 367.5 368 357.3 339 320.4 291.2 266.7 245.7 223.3 206.1 183.4 163.6 150 142.6 133.3 121.3 111.3 100.6 97.7 97.7 97.7 97.7 97.7 97.7 97.7 97.7 97.7 97.7 97.7 97.7 97.7 101 109.7 121.4 150.2 165.7 177.5 188 198.9 208.5 218.2 227.9 237.7 247.6 255.7 263.8 271.9 280 288 295.7 303.1 301 287.2 274.4 268 258.5 248.1 247.1 261.4 283.7 305.4
229.1 230.8 232.6 235.5 243.2 254.1 267.7 278.5 289.9 296.6 308.9 323 330.6 343.1 353.1 355.2 354.6 348.5 347.2 340.8 330.9 315.3 290.6 267 236.1 208.8 187.5 169.5 154.8 143 132.2 127.1 119 110.9 102.9 97.7 97.7 97.7 97.7 97.7 97.7 97.7 97.7 97.7 97.7 97.7 97.7 97.7 97.7 98.4 109.3 128.7 141 152 163.1 173.2 182.9 192.5 202.2 211.9 222.1 232.1 240.3 248.4 256.5 264.6 272.8 280.8 288 297.5 289.9 295.2 293 279.3 270.3 259.5 275.8 296.2
229.6 230.4 233.8 238.9 246.4 256.7 267.8 277.8 290 296.1 301.9 312.9 321.7 324.2 328.2 335.1 333.5 331.2 332.8 332.4 329.8 310.6 286.3 262.9 236.6 214.1 190.1 170.7 154.6 141.2 133.5 126.8 119.8 112.4 105.1 100.4 97.7 97.7 97.7 97.7 97.7 97.7 97.7 97.7 97.7 97.7 97.7 97.7 97.7 97.7 97.7 104.3 116.1 127.1 137.9 147.5 157.2 167 177.2 188.1 196 206.3 216.6 225 233.1 241.2 249.9 259.3 269.7 283.7 287.7 286.6 298.7 299 291.1 274.4 267.7 281
230.3 232.3 235.2 239.2 249.1 258.8 268.5 277.7 286.1 292.9 294 298.7 301.9 304.5 309.6 312.1 316.9 319.9 327.2 331 331.1 315.6 295 276.5 256.9 228.8 202.5 182.7 164.9 143.7 133.6 127 122 114 107.3 103.6 100.8 98.6 97.7 97.7 97.7 97.7 97.7 97.7 97.7 97.7 97.7 97.7 97.7 97.7 97.7 97.7 97.7 102.1 112.4 123.1 134.8 146.9 158.8 168.4 175.8 183.2 190.7 200.8 209.6 217.7 228.2 241.1 252.4 267.1 281.4 282.3 291.5 291.1 291.1 289.1 284.2 278.5
230.4 233.6 238.7 243.7 249.9 260.1 270.7 275.2 282.4 285.2 286.7 291.7 293.9 297.1 300.8 303.9 310.4 316.9 324.6 331 331 337.3 325 307.7 280.6 248 216.3 197.5 178 144.9 131.8 125.5 120.3 114.9 110.7 106.8 103.7 101.1 98 97.7 97.7 97.7 97.7 97.7 97.7 97.7 97.7 97.7 97.7 97.7 97.7 97.7 97.7 97.7 97.7 104.3 115.6 129.5 145.6 154 160.4 166.8 173.1 179.5 185.9 199 209.3 221.3 234.8 248.2 266 278 285.7 281.7 279 283.5 289.8 291.9
232 235.3 239.4 244.6 249.9 262.1 268.8 273.3 275.4 278.8 281.4 287.5 290.6 293.2 296.2 301.1 304.7 308.2 312.3 320 325.4 329.2 324.3 313 294.4 274.9 241.5 230.2 197.8 151.9 133.4 123.8 118.6 113 109.2 108.9 106 103.1 99.8 97.7 97.7 97.7 97.7 97.7 97.7 97.7 97.7 97.7 97.7 97.7 97.7 97.7 97.7 97.7 97.7 97.7 100.9 112.5 125.1 140.1 146.5 152.8 159.2 165.8 176 184.7 194.2 202.9 214.7 229.6 252.2 261 262.5 255.8 259.6 270.8 281.7 286.4
232.9 236.3 240.3 245.1 250.9 259.1 265.3 269.3 270.8 275.6 277.9 282.9 289 291.2 295.9 298.9 300 301.7 305.5 310.2 311.3 315.8 318 309.2 290.8 273.1 257.7 230.4 190 157.5 134.8 125.4 119.1 113.8 110.4 110.8 108 105.1 101.6 98 97.7 97.7 97.7 97.7 97.7 97.7 97.7 97.7 97.7 97.7 97.7 97.7 97.7 97.7 97.7 97.7 99.1 106.4 109.9 125.5 132.6 138.9 146.5 158 168.2 176.3 183.1 188.7 198.7 216.3 237.3 237.5 233.4 233.8 247.8 257.8 265 271.6
232 236.5 240.5 244.5 248.8 255.7 262 266.4 269.8 271.6 274.1 280.3 288.3 291.5 294.4 295.3 298 301 302.2 308.7 309.2 304.7 295.3 288 270.3 252.5 235.7 212.3 179.8 150.5 135.3 128.3 121.6 116.7 114.6 112.3 109.6 107.2 103.1 99 97.7 97.7 97.7 97.7 97.7 97.7 97.7 97.7 97.7 97.7 97.7 97.7 97.7 97.7 97.7 97.7 100 105 109 113.2 118.9 127.6 139.3 149.9 160.6 170.5 172.1 177.6 188.9 198.9 209.6 211.9 211.4 221.5 234 245.3 252 260.7
234.5 237.6 239.8 244.5 248.7 252.6 258.7 261.6 265.1 268.4 272.5 277.8 281.6 287.5 290 290.1 293.6 296.5 297.1 297.8 299.4 296 274.3 252.3 239.3 225.8 209.6 195.2 178.8 154.3 140.3 130.9 123.1 119.6 116.2 113.4 110.9 109.3 106.2 101.3 97.7 97.7 97.7 97.7 97.7 97.7 97.7 97.7 97.7 97.7 97.7 97.7 97.7 97.7 97.7 97.7 99.4 103.3 107 112 118.1 123.9 132.8 140.7 151.2 158 163.2 172.1 173.1 182.2 186.6 185.5 196.3 211.9 225.6 234.8 244.7 255.4
235.4 239.7 240.6 244.3 247.5 249.3 253.4 256.9 260.3 264.3 270.7 272.7 274.4 277.5 283.7 284.7 286.7 288.1 287.6 289.6 289.4 278.3 252.3 226.4 211.7 199.3 188.1 177.6 167.3 153.1 135.9 128.9 123.3 121 118 114.4 114.1 112.5 110.5 106.6 97.7 97.7 97.7 97.7 97.7 97.7 97.7 97.7 97.7 97.7 97.7 97.7 97.7 97.7 97.7 97.7 97.7 101 106.1 112.5 119 124.7 134.8 140.6 145.9 150.6 155.3 159.2 163.6 168.9 170.3 172.7 182.1 195.5 209.2 221.9 238.8 245.1
236.2 238.4 240.9 243.8 246.9 248.2 249.6 252.9 256 258.3 263.1 267.1 269.2 272.9 277.4 277.1 277.3 277.9 280.7 277.4 267.4 258 231.1 202.7 193 182.2 171.6 163.1 152.6 140.1 133.7 130.1 126.3 121.8 120.9 117.7 119.4 119.7 117.4 112.3 100.6 97.7 97.7 97.7 97.7 97.7 97.7 97.7 97.7 97.7 97.7 97.7 97.7 97.7 97.7 97.7 97.7 99.3 106.6 113.1 119.6 125.6 137.8 141.2 142.2 144 145.8 149.4 154.6 158.8 161.4 165.2 170.4 188.1 197.6 212.7 224.5 219.5
238 239.1 241.4 244.2 246.5 248.7 250.2 250.7 253.5 254.7 253.4 256.4 264.3 264.2 268.3 270.1 266.9 263.9 264.9 261.6 252.6 241.2 224.1 197.2 180.8 168.5 161.1 153.9 143.8 138.9 139.7 133.7 129.7 132.9 132.1 128.2 126.4 125.7 123.6 119.4 111.2 99.4 97.7 97.7 97.7 97.7 97.7 97.7 97.7 97.7 97.7 97.7 97.7 97.7 97.7 97.7 97.7 97.7 101.4 110.8 116.7 119 124.2 127.7 131.6 134.9 137 138.8 146.1 152.3 158.3 160.9 167.8 176.4 191.9 201.2 197.8 198.8
238.3 239.4 242 245 247.8 250.2 251.3 252.1 251.5 251.8 247.8 247.8 248.4 250.7 253.5 253.3 252.3 247 248.5 238.3 231.1 215.1 200.4 184.4 172.5 158.8 150.3 150 149.4 147.5 144.9 139.1 136.6 140 139.6 135.9 133.6 129.9 128.1 124.7 119.8 112 98.3 97.7 97.7 97.7 97.7 97.7 97.7 97.7 97.7 97.7 97.7 97.7 97.7 97.7 97.7 97.7 97.7 107.1 108 111.5 115.2 119 122.8 125.7 128.7 134.3 141.6 150.7 166.7 169.1 169 175.4 184.9 185.5 182.6 176.2
238.7 239.9 242.2 244.7 248.8 251.4 252.1 251.7 251.2 249.9 248.8 248.2 248.7 249.3 247.4 239.4 238.4 229.8 225.9 218.7 212.5 201.4 184.5 171.8 170.3 164.3 162 161.3 162 162.4 156.3 146.3 142.3 150.3 149.6 144.4 141.4 138.5 134.8 131.9 126.1 120.6 109.2 99.9 97.7 97.7 97.7 97.7 97.7 97.7 97.7 97.7 97.7 97.7 97.7 97.7 97.7 97.7 98.5 100.5 104 107.9 109.7 112.4 118 123.4 129.6 133.4 140.6 151.2 166.9 172.7 170.4 172.1 173.3 173.7 163.7 150.5
237.6 238.9 243.3 246 249.9 253.8 253.2 252 252.6 252.4 252.7 254.2 254.9 255.2 253.8 253 245 234.9 222.2 208.9 200.1 190.9 180.6 181.3 174.6 178.4 176.9 175.8 177.3 176.2 171.4 162.9 158.5 160.8 158.1 152.3 148.6 145 142 139.4 132.8 126.3 119.4 110.5 102.2 98.4 97.7 97.7 97.7 97.7 97.7 97.7 97.7 97.7 97.7 97.7 97.7 97.9 99.3 100.9 103.1 107.1 115.3 121.3 124.3 128.1 132.3 134.3 137.2 146.1 158.6 167.2 171.1 171.4 164.3 155.9 148 158.2
237.5 238.9 246.4 251.5 256 259 260.5 258.3 258.7 260.1 262.2 266.2 267.6 268.8 267.8 265.9 256.9 247.1 236 212.5 196.1 189.4 191 190 183.2 192.9 194.8 192.5 195.1 191.2 185.3 176.7 170.9 167.9 162.6 156.8 153.4 150 151.3 148.4 141.6 135.8 126.9 119.2 114.3 107.5 101.5 97.7 97.7 97.7 97.7 97.7 97.7 97.7 97.7 97.7 97.7 98.6 100.1 101.5 106.8 124.1 129 131.6 132.8 133.7 131.3 131.3 134.3 139.4 151 157.9 158 156.6 151.5 140.2 148.1 160.3
246.9 254.1 258.8 262.4 266 271 273.2 272.5 271.3 272.8 278.1 283 286.4 289.4 289.8 290 274.8 270.9 254.2 231.2 210.3 197.1 199.5 197.9 196 203.6 209.5 208.5 209.6 208.6 201.3 190.4 183.1 176 173.4 167.1 160.8 161.5 162.1 157.6 151.2 144.4 136.1 130.7 119.4 112.5 107.3 102.2 97.7 97.7 97.7 97.7 97.7 97.7 97.7 97.7 97.7 99 99.9 100.5 101.2 116.5 124.6 126 127.2 126.4 125.9 128.3 131.1 134.5 138.4 141.2 142.4 142.4 143.3 141.1 141.4 152.4
263.4 269.6 277.1 284.3 288.8 294.3 293.7 294 293.1 293.6 298.9 297.9 305 304 308.9 301.8 293.1 286 275.7 252.9 232.5 215 213 213.2 218.3 229.6 224.3 228.1 225.2 227.7 223.7 214 198.8 186.7 180.4 175 170.7 171.2 169.2 166.3 158.8 150.5 143.3 136.9 123.4 118.2 112.7 104.4 97.7 97.7 97.7 97.7 97.7 97.7 97.7 97.7 97.9 98.8 99.7 100.4 101.2 102.3 112.4 115.9 120.1 120.3 121.6 124.4 127.3 130.3 131.6 132.5 133.4 134.9 136.7 138.6 141.4 148.9
288 289.9 303.9 310.7 320 327.2 327.9 324.3 322.7 322.2 327.4 330.1 331.3 327.3 322.2 318 315.4 306.3 292.9 276.2 260 245.7 240.7 242 253.6 258.4 251.7 250.1 249.2 249.7 247.1 235.4 220.5 206.6 196.8 189.5 183 177.6 176.2 174.5 169 157.8 145.5 136.2 128.5 122.3 113.6 105.4 97.8 97.7 97.7 97.7 97.7 97.7 97.7 97.7 98 99 99.9 100.8 101.7 102.5 103.7 105.7 111 114 116.8 119.2 122 124.1 124.7 125.2 126.8 128.9 132.6 138.9 145.6 153.9
317.5 328.2 330.8 346.2 355.5 366 363.1 365.2 359.9 358.4 352.8 354.2 351 346.5 342.3 342.5 341.6 334.9 316.5 300.8 287.6 277.9 267.2 277.3 288.5 291.5 284.2 285.8 287.6 291.1 295.3 275.4 243.1 226.5 215.9 207.8 199.6 192.7 187.3 184.7 180.9 174.7 158.9 149 136.7 129.2 120.5 112.8 105.4 97.7 97.7 97.7 97.7 97.7 97.7 97.7 98.2 99.1 100.1 101 101.7 102.7 103.8 104.8 105.8 108.2 111.5 114.3 117.1 118.4 118.5 119.2 122.9 126.7 132.4 138.2 142.6 156.6
347.1 368 363.1 378.3 389.2 394.8 393.7 391.3 386.7 386.3 381.1 380 381.6 378.1 373.7 364.6 364.3 356.2 341.2 323.1 312.8 305.2 283.9 309.9 321.2 334.4 326.6 333.5 326.1 337.1 336.9 323.6 296.4 263.1 239.9 228.7 219.2 212.4 205.8 197.9 195.4 191.1 177.7 165 154.6 137 127.9 120.1 113 104.1 97.7 97.7 97.7 97.7 97.7 97.7 98.4 99.3 100.2 100.8 101.7 102.8 103.8 104.8 105.8 106.3 107.7 110.3 112.3 113.3 113.6 115.3 120.7 126 130.7 135.1 139.5 152.2
377.4 391.3 398.9 414.4 431 430.7 428.9 422.2 420.3 431.6 420.6 417 415.8 415.9 409.2 396.4 392.1 383 365.3 343 334.6 320 299 325.3 345.4 361.6 367.3 371.5 364.5 364.3 367.1 357.7 333.5 305.5 280.7 258.4 246.4 233 223.4 216.2 210.3 202.6 193.4 181.5 169.2 156.7 140.1 127.5 120 110.6 99.5 97.7 97.7 97.7 97.7 97.7 98.6 99.4 100 100.7 101.8 102.8 103.8 104.8 105.7 105.8 106.6 107.7 109.8 111.2 113.2 115.7 118.7 123.1 127.6 132 136.8 148.7
409.2 418.4 439.7 454.4 467.2 467.1 470.3 463 459.4 466.2 465.3 460.4 450.2 447.1 437 425.4 417.3 398.5 383 361.1 347.8 329.1 308.3 336.7 365.6 383.5 387.9 394.2 397.2 390.3 392.1 386 360.3 328.1 307.5 288.2 277.2 259.3 246.8 234.3 225.9 214.9 207.7 194.4 182.1 170.8 148.2 137.2 128.2 112.6 104.1 97.7 97.7 97.7 97.7 97.9 98.5 99.1 99.7 100.8 101.8 102.8 103.7 104.6 105.2 105.2 105.7 106.8 107.9 109.5 111.6 113.7 116.1 119.6 126.2 131.4 137 142.9
432.4 444.7 460.3 472.2 480.3 486.9 488.9 490.2 493.2 491.9 492.2 490.5 480 468.8 456.7 439.5 429.9 410.3 392.4 370.4 357.9 332.4 323.2 348.4 376 389.5 402 408.4 418.3 419.1 417.3 413 389.4 360.4 340.3 311.4 304.2 289.9 275.8 255.1 245.8 233.9 223 213.8 198.4 184.3 163.9 158.5 141.4 126.9 116.1 108.2 101.1 97.7 97.7 97.7 98.2 98.8 99.8 100.8 101.7 102.6 103.6 104.5 104.7 104.7 104.9 106 107.1 108 109.5 111.5 113.7 116.5 120.7 128.9 140 140.9
444.6 450.8 460.2 470.5 478.8 483.5 489 490.8 495.3 496.9 491.7 491.5 487.3 469.1 459.6 442.9 433 414.6 396 379.1 363.1 335.3 339.7 367.4 387.2 398.1 412.6 419.6 431.5 439.3 441.5 446.6 422.4 389 364.4 341.1 323.7 312.9 298.6 280.6 277.4 261.3 244.8 234.8 218.3 200.3 187.6 173.1 155.1 141 127.9 120 113.1 101.3 97.7 97.7 98 98.8 99.7 100.7 101.6 102.5 103.5 104.1 104.2 104.2 104.2 105.1 106.3 106.9 108.4 109.7 110.1 112.9 119.9 128.4 140.5 141.5
446.6 452.3 460.5 468.6 473.3 479.1 485.5 489.6 490.1 489.5 488 486.8 480.9 469 457.9 443.4 432.4 414.7 397.3 383 365.6 336.7 351.5 372.8 394.2 407.1 420.3 431.1 443.5 453.5 457.4 459.8 460 429.3 403.2 370 346.1 336.3 317.7 306.5 301.2 285.7 265.4 248.8 225.7 214.7 205.8 194.7 179.6 157.6 139.9 129.9 117.7 108.2 97.7 97.7 97.7 98.7 99.6 100.5 101.5 102.4 103.3 103.6 103.7 103.7 103.7 104.3 105.4 106.1 107.3 108.1 108.9 109.6 113.7 119.1 128.3 133.3
454.2 457.3 460 468.1 471.4 477.2 482.4 486.1 486.7 485.7 483.3 480.3 475.6 468 454.5 443.5 432.1 418 399.3 385 365 338.5 361.6 380.5 398.3 414 427.1 438.7 452.1 464.7 471 476.3 477.9 464.1 435.2 410.9 381.3 363.3 349.3 330.1 322.5 303.2 282.1 261.8 242.6 231.2 221.4 208.7 194.9 177.1 159.9 144.4 125.6 116.4 108.6 97.7 97.7 98.2 99.5 100.4 101.4 102.3 103 103.1 103.2 103.2 103.2 103.5 104.7 105.4 106.2 106.8 107.1 109.1 110.9 118.3 121.3 124.7
464.4 463.6 463.6 471.4 473.7 477.3 478.7 482.2 482.2 481.4 478.9 480 474.6 466.6 453.7 440.5 430.6 414.9 400 382.8 364.1 347.8 371.1 388.4 405.3 420.2 434.1 445.4 459 471.7 481.4 485.6 490.5 480.6 462.3 434 404.5 388.1 379.3 356.9 341.2 311.5 293.2 276.4 264.4 250.4 234.7 223.9 209.4 191 178.4 163.2 151.5 133.4 120.6 110 97.7 97.7 98.8 100.3 101.2 102.2 102.5 102.7 102.7 102.7 102.7 102.7 103.9 104 104.9 105.6 105.2 107.7 110 116.1 119.5 120.6
471.9 470.7 471.2 473.4 475.7 478.2 478.7 480 480.8 480.1 477.1 475.6 470.7 468 450.9 436.8 426.6 413.2 397.7 379.8 360.9 361.7 379.4 396.1 412 425.9 438.8 450.4 463.1 474.8 487.3 492.3 497.1 499.2 478.8 449.4 423.2 409.8 401 384.8 364.6 326.3 305.7 292.9 280.8 267.7 254.5 238.5 225.2 204.5 194.6 180.5 170.3 158.5 144.6 128.1 116.8 108 105.1 100.8 101 101.9 102 102.2 102.2 102.2 102.2 102.2 103.6 102.9 105.3 103.7 103.5 105.3 107.3 110.4 114.3 120
478.3 475.8 475.4 476.7 478.8 478.8 478.9 478.9 480.1 478.4 475.3 471.2 471 465.5 451.9 438 422.7 410.7 394.9 377.5 360.1 371.2 386.4 403.6 416 429.4 441.4 453.5 467.2 483.9 495.2 500.1 507.5 510.8 496.2 461.6 432.2 418.2 409 391.8 360.6 348.9 326.5 310 305.2 294.6 273 256.9 238.6 229.3 212.9 199.4 193 181.9 167.9 156.5 142.6 130.9 120.7 109.6 100.5 101.1 103 101.7 102 102.2 102.2 102.2 102.4 104.4 105.3 104 102.7 102.9 104.2 106.4 107.8 108.4
