data/NY12.asc
ncols 200
nrows 200
xllcorner 310000
yllcorner 520000
cellsize 50
[rows 140 to 174 of 200, columns 79 to 157 of 200]
294.7 263 235.3 209.3 195.1 189.5 183.7 178.8 172.5 166.7 161.5 155 148.1 140.8 129.3 122.7 120.8 121.1 122 124.8 121.6 124.8 128.2 127.3 126.7 121.2 106.7 90 83 83 83.2 83.1 82.9 82.8 87.4 91.7 95.4 98.7 103.3 107.7 112.4 118.6 123.5 127.6 135.8 147 160.6 175.7 192.9 211.1 230 236.7 256.5 283.5 309.8 332.5 356.5 381.3 408 428.3 419 420.3 431 430.4 421.8 406.4 388 369.6 352.7 333.4 329.5 328.7 328.3 328.1 330.4 338.8 352.4 361.9 380.3
283.5 256 228.5 206.3 196.2 188 180.3 174.3 168.1 162 155.2 148.6 142 135.2 126.2 122.2 120.1 118.7 119 118.9 119.3 119.5 119.4 118 115.5 109.8 97.9 87 83.5 84.3 84.1 83.9 83.8 84.7 88.4 91.9 95.7 99.9 104.9 110.2 116.4 122.2 128 133 139.7 151.3 166.9 186.6 204.5 222.5 243.1 264.8 276.9 278.8 290.1 309.9 339.3 366.4 395.2 414.3 429.5 441.5 451.5 451.2 443.5 428.8 410.5 392.4 374.6 354.3 342.4 336.6 340.2 341.7 345.2 344 347.9 351.5 366
277.9 250.3 227.6 207.9 195.9 187 178.4 171.1 164.3 156.6 149.5 144.7 138.4 132.7 127.7 123 118.7 117.3 117.1 116.1 113.7 111.2 111.7 108.9 105.5 100.6 95 84.7 83.8 84.7 85.6 85.4 85.2 86.2 91.1 95.4 99 103 107.4 112.5 121.5 127.8 133.6 136.7 143.2 160.4 179.2 198.6 217.1 233.7 253.9 278.8 299.7 310.3 317.8 309.1 328.4 354 382.1 406.6 434.2 457.8 472 474.3 467.6 451.7 433.5 414 393.2 373.9 351.2 353.6 358.5 360.9 364.3 365.7 363.7 357.7 360.4
275.6 247.6 223.1 206.3 197.1 185.8 175.7 167.7 160.7 154.1 145.9 140.6 135.2 130.8 126.4 121.9 118.4 116 114.6 112.2 109.2 109.9 105.7 101.5 97.7 93.6 87.1 83.9 84.6 85.4 86.1 86.9 86.9 87.8 93.2 99.4 102.8 105.8 109.9 115 125.5 131.7 137.8 141.5 151.3 167.3 185.7 205.4 227.1 247 268 294.6 320.4 337.9 345 344.6 329.7 345.1 373.1 399.1 427.2 458.2 486.1 493.8 488.8 473.2 454.5 433.5 412.1 390.9 364.5 373.2 381.1 384.5 387 387 387.8 384.9 377
273.3 243.6 220.7 206.2 194 182.9 172.8 164.1 157.2 150.7 146.1 140 134.3 129 124.8 120.6 117.3 113.7 111.5 109.6 109 105.9 99.9 97.3 92.9 87.6 84.3 84.7 85.1 85.8 86.5 87.3 87.8 87.7 95.5 103.1 107.3 110.1 111.4 116.8 128.6 135.2 141.9 148.6 156.9 172.5 190.3 209.3 244.4 261.6 289.6 317.7 342.6 364.8 371.2 369.7 358.3 348.9 371.3 396.2 427.5 458.2 488.4 507 502.6 488.4 472.2 452.1 431.9 407.8 380.2 392.1 403.4 408.4 410.9 412.6 412.9 412.1 405.7
266.1 241 224 209.2 192.4 180.1 168.6 159.9 153.9 148.6 143.6 138.3 131.7 127.1 122.9 120.4 117.4 113.2 111.7 108 106.6 105.4 101.5 95.8 88.4 84.7 85.1 85.5 86.2 86.3 86.9 87.7 88.5 88.1 96.4 104.7 110.3 110.8 111.2 118.4 131.1 137.6 145 154.6 163.7 179.4 197.2 218.5 261.9 284.2 314.6 340.7 368.5 392.3 400.5 400.4 386.8 370.1 361.5 389.5 419.8 452.1 484.5 509.5 516 506.5 489.6 470.1 449.4 425.9 397.4 406.4 425.6 432.1 436 439.1 440.8 440.6 434.9
265 245.4 230 211.6 193.4 179.3 165.7 155.9 148.8 144.2 139.4 135.8 130.9 125.6 120.9 119.2 117.1 113.4 109.8 108 105.3 104.4 100.7 92.8 85.4 86.1 85.9 86.3 86.9 87.6 87.8 88.1 90 89 95.3 101.7 107.3 109.8 111.3 120.8 133.3 141.6 149.8 159.8 170.3 185.5 203.4 235.6 265.6 301.3 335.2 369.7 397 423.8 429.1 424.3 412.6 398.4 382.5 383.2 413.9 444.9 479.1 509.3 529.5 528 509.1 489.7 468.5 446 422.1 414.2 443.5 454.4 460.6 465.9 468 469.3 461.4
266.6 247.5 236.8 215.8 193.5 176.8 164.5 153.1 146 140 135.7 132.5 129.5 124.5 120.4 118.9 116.9 115 112 109.4 107.3 104.6 99.2 89.8 87.6 87.5 87.4 87.2 87.5 88.2 88.9 89.9 91.4 90.2 92.7 98.5 103.4 107 111.2 119.6 131.9 145.1 155.2 166.2 178.1 191.7 214.8 246.6 275.3 308.5 344.9 385.1 421.1 449.2 453.9 449.9 438.8 425.8 409.9 397.5 412.9 441.2 474.2 505.6 531.6 540.3 528.7 510 490.1 468 442.7 432.5 461.6 478.4 484.8 490.2 493.5 495.5 488.5
266 250.2 240.6 219 193.5 173.3 160.4 147.9 141.3 136.6 132.7 129.6 126.6 123.7 120.2 118.7 116.9 115.3 112.7 109 105.8 104.3 99.9 90.6 88.4 88.1 88.3 88.5 88.4 88.8 91.3 92.1 92.6 93.8 95.1 97.5 100.6 105.6 112.2 118.7 132.5 147.3 160.1 172.7 186.4 204.6 225.5 255.9 287.1 319.8 352.5 389.8 429.9 467.8 477 477.3 465.6 452.7 438.8 420.2 413.1 440.4 472.7 506.4 533.1 554.4 550.4 532 512.9 492.9 469 455.4 480.7 500.3 510.3 514.8 519.9 520 514.5
265.4 248.5 237.4 220.6 192 170.5 155.4 145.2 136.9 133.7 130.9 127.9 124.8 122 119.5 118.1 118.1 116.6 112.8 109.1 105.1 101.6 99.4 92.4 89.1 88.7 88.6 88.8 89.3 90.3 92.5 93.8 94.3 97.2 101 103.1 104.8 108.2 112.9 121.9 136.7 154.5 169.3 184.8 199.4 221.1 241 268.7 298.1 334.6 364.7 397.8 435.2 470.3 494.6 499.2 491.9 481.3 468.1 454.2 439.6 442.9 477.2 509.5 539.3 563.9 570 554.1 534.5 514.2 493.9 477.2 498.6 522.8 534.5 540.8 543.2 544.5 537.8
265.6 244.4 230.1 212.5 186 167.3 153.3 142.2 134.6 130.6 128.6 126.6 123.6 120.4 117.5 118.5 117.4 115.9 112.2 107.2 102.9 99.3 95.3 91 89.2 89.1 88.9 90.4 91.2 91.7 93.6 94.8 96.1 99.7 103.9 106.7 108.4 111.7 116.4 129.7 143.9 162.2 182.1 201.3 213.9 236.2 252.8 277.4 302.8 335.2 372.9 406.3 432.1 469 499.2 515.2 518.1 509.6 498.9 486.4 470.4 460 485.8 520.5 551 576.3 587.5 575.3 555.9 537.6 520.2 504.4 519.7 539.7 557.8 566.4 567.2 567.6 562.8
270 245.9 220.4 201.2 181.1 162.6 147.4 136.5 130.8 127.3 125.2 123.9 122.4 119.4 116.5 115.7 114.4 113.8 110.1 104.8 98.8 94.5 91.4 89.3 88.9 88.9 89.3 91.2 92.8 93.5 94.6 96 98 102.1 106.9 110.8 113.7 117 121.8 135.5 152.4 179.5 195 208.4 222.9 242.1 263.1 291.3 314.3 339.6 364.4 390.5 426.6 460.5 493.8 524.6 541.3 539.3 529.1 515.9 500.8 486.7 501.2 533 563.6 590.8 608 598.7 582.4 564.4 545.8 533.7 537.4 556.4 574.4 590.3 594.4 590.7 587.3
276.5 252.4 219.5 195.8 176.6 156.9 139.5 130.5 126.3 123.7 122.2 120 119.5 117.7 114.3 111.8 112.9 111.5 107.8 102.1 88.1 88.7 88 92.7 88.7 88.9 90.2 91.8 93.7 94.8 96.7 99.2 100 103.1 109.5 115.7 120.7 124.7 129.1 141.4 155.8 181.8 203.3 218.9 232 254 276 301.6 328.8 358.4 388.6 398.9 414.9 443 474.8 509.4 540.9 561.8 557.5 544.9 529 516.6 518.8 547.9 578.1 605.5 623.7 621.2 607.7 591.3 573.7 564.4 565.3 575.1 592.9 608.2 617.9 616.2 611.8
280.6 253 220.2 195.6 172.1 150.4 134.8 125.8 121.9 119.7 119.2 118.2 115.1 114.1 111.9 109.3 111 109.1 103.8 96.6 89.8 95.8 96.3 97.2 90.8 91 92 93.3 94.5 95.9 99.5 101 101.1 104.2 111.7 119.3 125.2 130.2 136.2 146 160.5 185.2 206.1 226.9 245.2 263.2 285.5 310.8 345.4 379.4 411.1 430 442 453.7 466.4 492 526.8 563.1 585 573.8 559.5 548.7 547.4 566.1 594.1 618.5 644.5 645.7 632.3 616.7 602.4 595.7 592.4 599.7 610.1 625.1 639.5 644.9 638.1
281.4 249 220.2 195.2 166 140.2 128 122.4 121 117.9 116.4 115.2 112.7 110.8 108.7 108.4 111 110.7 104.5 93.5 94.6 98.7 98.9 97.6 92 90.6 91.3 94.8 96 98.7 101.6 102.1 102.1 102.7 110 119.3 125.6 131.3 137.7 148.4 162.8 186.4 209.8 231.9 254.5 273.8 297.5 324.1 361.9 396.5 431.3 459.1 474.6 485.7 496.1 502.7 521.3 554.4 595.1 602.1 591.2 580.7 577.3 590.8 612.3 634.9 659.2 668.5 656.6 643.7 632.3 625.5 622.8 624.4 630.4 640.8 660.7 673.3 664.3
276.4 245.7 219 191.2 161.4 134.5 122 119.7 118.5 116 113.4 112.1 109.7 108.7 109.2 108.2 108.6 106.7 102.7 93.6 97 99.2 103.7 103 95.2 91 91.1 93.9 97.5 100.6 101.9 102.8 103.2 103.5 110.1 117.5 123.6 129 135.4 146.7 160.5 185.9 214.6 237.7 261 286.5 308.4 341 375.5 414.9 453.4 483.2 504.9 519.9 527.8 534 541.8 558.9 591 627.6 621.5 610.1 606.9 616.1 630.4 648.1 669.4 682.6 679 670.1 663.7 656.9 654.3 652.4 655.9 662.4 676.6 695.4 687.8
264.2 237.6 214.8 182.2 153.4 129 119.2 118 117 115.1 113.1 109.4 109 108.8 110.7 110.4 106.4 101.2 99.1 98.7 99.3 99.5 105.5 110 95.9 92.5 92.1 92.3 96.4 99.1 101.2 102.5 103.6 104.8 107.5 114.6 121.1 126.1 132.5 144.3 157.5 184.7 213.2 236.4 269 295.1 318.9 352.8 390.9 429.2 463.4 503.6 532.3 549.6 562.2 569.3 574.8 582.9 601.3 634.2 647.4 636.9 634.7 639.3 647.7 659.8 674.5 690 696 694.3 692.3 690.2 683.5 678.5 678 682.7 691.5 700.9 698.9
253.2 227.3 202.9 172.5 144 125.2 118.9 118.2 115.5 113.6 111.1 109.7 110.5 110.4 112.2 111.7 106.6 99.6 98.8 99.6 101.5 102.1 105.1 111.4 99.4 93.5 92.5 92.5 94.6 98.4 100 101.7 103.2 105.3 107.4 112.7 118.5 122.6 129 140.9 154.7 179.5 211.1 239.3 273.5 305.1 329.8 362 401.8 440.9 478.4 515.8 557.3 577.3 591.8 602 610.2 618.7 631.3 646.9 660.8 661 658.3 660.1 664.2 673.6 683.3 699.2 710.4 711.2 709.9 710.3 706.6 700.5 699.4 697 684.9 681 672.9
236.4 214.1 186.3 159.3 134.3 123.6 119.6 119.7 116.2 112.1 108.7 110.1 108.9 110.2 111.8 109.8 104.8 98.9 98.8 100.8 102.4 103.5 105.3 105.7 99.5 95.4 93.3 92.9 94.5 97.3 99.8 101.6 104.1 108.3 110.7 110.4 113.7 119.6 126.2 136.4 151.5 173.2 204.9 232.5 267.4 301.5 330.8 364.4 403.8 442.9 483.6 520.9 553.6 591 614.1 627.5 640.2 649.9 657.3 663.9 671.7 675.7 676.3 678.2 680.6 686.9 692.5 692 696.2 696.8 698.5 697 691.7 696.9 702 688.5 665.6 647.5 643.3
225.5 203.8 174.9 146.6 128.1 121.5 119.8 121.3 117.7 112.5 109.5 108.7 108.8 109.5 108.2 106.2 101.5 98.9 98.8 101.2 103 105.2 106.6 106.6 101.7 97.3 94.5 94.5 95.8 98.2 99.4 101.8 106.1 113.7 115.9 112.1 112.3 116.6 123.4 130.6 145 166 198.1 225.4 257.6 296.9 328.4 365.8 400.8 436.1 468 502.6 539 576.1 612.9 641 653.6 661 668.6 674.4 679.9 685.4 688.7 691.2 689.7 689.4 680.6 665.7 660.8 660.5 659.6 661.4 651.1 661.7 673.6 663.6 644.8 617 604.7
213.6 193.3 162.4 140.2 128.2 121.8 119.2 117.7 116.8 113.1 113.5 112.9 110.7 108.8 104.3 101.9 97.6 98.1 98.7 99.9 102.2 106.2 108.6 109 104.7 98.6 96.1 96.8 98.2 100.6 102.1 105 113.2 121.2 124 114.5 113.8 114.3 122.7 129.7 141.3 159.5 189.9 217.1 249.7 281.3 318.2 352 389.7 430.3 471.1 507.5 542.3 581.8 615.9 643.6 654.9 665.8 678.9 682.3 687.8 695.2 698.6 699.4 686.2 664.1 652.4 638.8 628.6 628.7 623.2 627.2 612.9 634 637.1 633.4 619.8 594 573
197.6 174 153 133.7 124.9 121.1 118.8 117.3 114.4 115.8 120 117.6 113.3 109.5 103.2 98.8 94.7 97.7 98.6 98.9 102.4 105.8 108.7 113.1 114.9 106.9 99.5 101.3 103 104.1 106.7 113.3 124 143.8 135.5 117.3 116 116.1 123.1 130.7 138.3 157.4 181.4 210.9 246.3 276.9 309.8 344.3 384.8 426 469.5 506.1 544.1 577.3 604.1 625 639.7 654.7 671.4 681.8 693.8 702.9 681.8 672.5 650 639.5 622.9 604.6 594.8 600 585.7 596.2 582.4 599.1 597.3 604.3 604.3 578.6 548.9
182 164.4 144.4 131.6 124.2 120.5 119 115.9 116 119.1 121.2 120 114.9 109.3 102.9 97.4 95.8 99 99.5 102.9 105.4 107.5 110.6 118.1 120.6 112.2 103.9 105.9 107.6 108.7 113.3 120.6 134.5 157.4 145.5 120.7 118 118.1 123 129.7 136.9 154.8 178.4 203.5 237.1 269.3 305.4 342.6 380.7 423.6 469.2 517.1 551.5 573.1 591.5 607.3 619.4 636 651.3 669.4 687.1 675.4 655.7 634.4 623.8 615.3 585.2 578.7 558.3 571.1 555.3 554.9 546.8 556.9 563.5 571.6 568.3 555.5 529.8
171.3 156.7 137.1 131.2 126.8 124.1 121.5 120.3 120.7 121.5 122.3 119.3 114 108.9 104.1 98.2 95.8 100.3 103.2 108.3 109.8 110.3 112.5 117.5 124.2 117.5 110.6 110.6 111.4 113.6 123.2 133.7 140.3 149.9 143.4 121.8 120 120.2 123.8 132.4 139.6 154.8 173.6 194.3 225.6 257.5 293.2 336.3 374.5 418.4 461.4 496.9 532.4 563.7 576.5 584.9 596.9 611.8 634 654.5 668 644.2 627.8 605 603.1 579.1 566.2 549.8 531.8 535.7 525.2 514.8 507.3 517.2 520.1 524.8 526.6 520.1 505.1
166.1 148.6 135.4 131.3 128.8 128.4 128 130.6 128.4 125.7 122.4 118.5 114.1 110 105.2 99.5 95.3 100.9 107.4 110.7 112.5 113 114.9 121.2 127 122.3 116.6 114.1 114 115.3 131.1 145.6 156.2 159.5 143 125.5 122.2 122.5 125.8 133.9 141.8 154.3 169.9 189.7 216.8 246.4 280.6 317.5 357.3 393.5 439.2 473.7 515.3 549 552.7 560 572.7 594.4 616.6 643 651.8 613.4 590.1 579.8 566.2 552.1 542 515.6 495.7 490.9 481.7 476.8 471.9 479.2 486.9 491.9 492.5 488.9 473.8
155.9 143.4 135.7 132.6 130.5 130.1 130.6 131.6 129.2 124.3 120.4 116.9 113.2 108.4 103.5 99.1 95.6 101.2 109.6 113.4 115.3 116.2 118.2 124.7 133.5 128.9 124.8 119.5 117.9 122.2 141.9 152.4 165.7 162.2 145.6 128.1 124.3 124.9 127.1 136.6 145.5 156.5 166.8 186.9 210.3 236.3 272.5 307.1 344.2 377.7 417.4 461.2 499.1 515.2 519.2 532 555.7 582.6 608.5 631.4 615.7 593.5 558.9 557.5 524.6 510.1 494.3 478.3 460.3 451 449.6 443.6 442.6 451.4 456.1 461.7 462.5 459 447.6
149.9 140.4 135.2 133 131.5 131 131.2 131.6 127.9 122.7 118.6 115.1 109.3 107.9 103.4 99.7 96.7 99.7 107.4 113.2 118.1 120.2 123.4 130 140.5 140.4 132.8 125.7 125 128.1 144.7 155.7 166.7 162.6 148.7 133.9 126.2 127 127.9 137.6 146.4 156.9 167 187.1 209.3 234.1 269.7 302.9 334.7 372.7 410.7 454.6 486.9 477.2 484.7 516.1 546 574 600 609.5 586.6 557 538 503.4 498.1 475 462.3 445.9 430.4 419.6 416.1 409.5 415.6 418.3 425.9 432.6 432.1 429.9 419.2
148.3 138.6 133.9 133 132.2 131.3 131 129.2 125.6 121.1 117 113.5 110.9 109.8 104.8 100.9 97.7 98.7 106.2 112.1 119.3 125.6 129.8 132.7 149.3 151.7 139.5 131.8 130 133.1 145.3 156.1 164.9 164.6 154.6 138.3 128.1 129 130 137 147.2 157.2 169.7 189.7 212 235.4 269 299.2 341.3 381.3 415.2 446.2 448.2 441.7 470.7 506.2 534.1 555.9 575.3 578.7 555 521.5 497.4 478.7 456 442.8 425.3 418.5 400.9 390.6 384.8 380.3 385.5 387.2 393 399.3 399.7 400.7 397.9
141.1 136 133.5 134.4 133 132 129.7 126.1 122.3 118.4 113.8 111 109.2 109.5 106 101.6 98.3 97.2 103.1 108.1 121.7 130.6 133.9 136.8 144.7 151.3 147.1 140.4 135.9 138.9 146.4 155.5 163.5 168.8 154.8 140.5 130.4 132.7 133.1 138.6 150.3 160.2 171.6 189.5 213.1 240.8 271.3 304.6 335.7 357.8 387 414.1 409.4 423.5 457.5 481.3 507.4 526.3 543.1 547 519.8 492.7 464.1 445.2 425.6 410.6 396.7 384.2 371.7 366.9 362.8 364 365.1 368.7 372.9 377.6 376.2 381.7 383.9
139.6 134.1 134.5 134.8 134 130.6 126.3 122.3 118.5 114.6 110.9 109.1 109.9 109.3 105.8 102 99.3 95.9 98.5 107.2 123.6 137.8 141.1 142.2 148.2 152.3 149.7 150.9 151.9 154 158 162 168.9 169.1 156.5 139.2 132.8 135 136 139.6 152.8 162.4 173.1 189.2 210.4 234 257.9 287.7 311.9 338.1 371.7 378.4 381.7 411.3 439.7 460.5 482.8 499.7 515 520.7 495.2 465.2 433.5 415.3 400.2 381.9 367.5 357.1 354.9 352.5 354.4 366.5 375.9 379.9 384.2 388.1 388.9 392.9 403.9
139.1 135.8 134.2 134.5 132.6 128.4 123.8 119.7 116 112.1 109.7 109.6 111 109 105.4 102.5 100 96.2 95.9 105.5 120.2 140.9 160.6 159.7 153.4 158.4 155.7 161.9 167.7 172.2 170.6 169.5 174.1 168.7 152.5 138.5 136 138.2 138.7 141.2 151.1 159.9 168.1 185.3 209.2 230.5 255.1 279.2 299.5 319.1 337.2 352.6 380.9 406.7 429.2 446.6 464.1 480.9 500.4 499.2 467.2 436.9 411.1 388 370.5 354.9 345.1 342 354 367.2 381 390.6 399.1 402.5 404.8 413 416.9 419 422.9
136.4 135 133.5 132.1 129.6 126.2 121 116.7 113.1 111.3 111.2 111 111 108.8 105.1 102.2 99.8 96.2 95.2 98.5 114.3 135.1 168.8 171.8 171.1 176.9 175.4 179.7 189.5 186.5 180.3 175.4 173.5 161.4 146.8 137.7 138.6 141.3 141.3 144.5 150 156.7 166.1 178.8 198.5 222.8 248.8 274.6 303.9 329.5 346.2 360 382.5 400 417.1 435.6 454.3 471.5 482.3 464.9 445.2 414.3 386.1 365.1 348.5 335.2 346.7 361.7 377.7 392 400.8 413.4 421.8 427.6 429.9 437.9 442.1 444 444.4
134.8 132.5 131.3 129.3 124.8 120.6 116.8 114.1 112.7 112.2 112 111.7 111.1 109.8 106.2 102.7 99.1 96.7 95.8 95.1 105.1 120.6 144.3 157.9 166 169.8 176.2 188 200.6 191.6 187.4 179.2 169.8 156.8 144 139 140.4 142.9 144.3 146.3 151.1 156.7 166.8 179.5 196.5 215.4 239.6 266.6 294.9 326.3 354.5 378.7 395.3 406.7 423.5 432.3 444.5 450.2 446.7 431.6 419.7 396.1 369.7 346.2 330.2 348.2 361.4 380.7 394.9 415.2 423.6 436.6 446.1 454.6 452.9 458.3 462.3 463.7 465.2
132.5 130.1 128.2 125.7 120.3 118.7 119.5 117.1 114.8 113.8 112 111.5 111 108.5 104.1 100.2 97.8 96.6 95.6 95 101.1 111.5 128.7 149 163.9 171.8 181.4 200.8 196.1 189.9 184.9 178.6 167.3 154.2 144.4 141.4 143.1 145.7 147.7 148.2 152.4 157.8 167.1 179.6 196 212.3 235.8 259.3 288.7 320.9 350.9 377.4 395.2 410.6 417.5 415.9 412.9 411.4 409.6 403.2 398.7 380.8 353.8 329.6 338.9 359 375.4 396.5 417.5 433.5 449 459.2 467.8 472.9 470 475.1 479.1 479.4 481.2
131.9 129.6 125.2 122.8 120.5 121.9 121.3 119.2 117.3 115.1 112.5 111 108.7 103.6 100.7 98.7 97.8 96.8 95.8 95.7 102.4 109.4 120 136.9 157.4 173.3 187.2 194.5 197.2 189.7 181.8 173.6 162.6 152.4 145.4 143.4 145 147.4 149.7 151.1 154.3 159.6 166.7 178.1 194.2 211.9 233.2 257.6 286 318.2 355.3 386.9 409.9 407.8 400 385.6 382 380.9 387.2 379.2 374.7 363.5 337.1 328.9 354.3 373.5 393.1 413.3 437.2 455.9 463.9 477.7 489.6 492.4 489.1 497 495.7 497.2 499.4
