data/NY18.asc
ncols 200
nrows 200
xllcorner 310000
yllcorner 580000
cellsize 50
[rows 0 to 35 of 200, columns 0 to 80 of 200]
56.8 56.8 56.9 56.7 56.3 56.6 60 62.2 63.3 65.1 65.5 65.7 64.3 64.1 66.2 72 73.5 79.7 84.4 90.7 97.3 105.5 110.3 115.1 118.7 121.1 122.5 122.7 126.7 127.3 125.7 126.2 128.5 129.3 131.4 133.8 135.8 136.7 135.5 135.5 141.2 144.6 147.2 148.1 152 158 164.2 169.5 175.2 175.6 175 175.4 176.2 177.1 177.9 175.1 179.1 192 197.3 203.9 207.8 210.5 214 211.7 210.9 208 208.2 208.8 204.8 202.5 200.1 194.7 191.6 188.7 184.9 182.2 181.5 182.6 178.6 174.5 170.5
57.4 57.1 56.5 56.5 56.5 56.3 59.8 61.2 62 63.6 63.9 64.2 64 63.3 66.4 72 74.3 80.7 86.8 93 98.5 105.6 110.1 114.6 118.3 120.5 121 121.3 125.6 126.9 123.9 126 128.3 129 130.4 132.9 134.8 134.8 133.4 134.5 140.4 144.3 146 145.1 148.9 155.9 161.9 166.9 171.2 171.5 170.9 171.5 173.4 174.7 174.8 174 183.3 194.2 199.5 203.9 208.6 215.7 218.4 214.7 212.9 210.2 210.1 208.8 206 203.7 201 199.9 201.1 196.7 188.3 182.6 181.5 182.3 179 173.8 168.5
57.1 56.4 56.4 56.4 56.4 56.4 57.5 61.2 62.5 63 62.4 63 62.5 63.1 65 67.2 74.3 82.1 89.4 93.7 100.3 106.4 111.1 114.6 117.7 119.4 119.6 121.8 124.7 126.3 123.4 125.9 127.6 129.2 130.5 131.9 132.9 133.2 132.5 133.1 139.5 143.8 145.1 143.4 146.5 152.9 159.5 163.8 167.6 167.6 167.3 168.8 170.6 172.2 171.9 171.8 185.7 196 200.6 203.1 207.8 218.1 219.4 214.2 214.2 212.8 213.2 211.5 209.9 207.7 205.2 207.1 205.4 200.7 192.9 185.4 180.1 177.1 177.7 169.5 164.1
56.4 56.2 56.3 56.4 56.5 56 56.3 61.1 61.8 63.7 62.7 63 62.5 63.5 64.7 67.8 75.9 84.1 90.7 94.9 101.7 107.5 111.6 114.4 116.1 117.8 118.3 119.5 122.9 125.4 122.4 124.6 127.6 129.2 130.6 131.9 132.4 132.2 130.9 131.6 136.9 142.5 142.8 141.9 144.1 149 156.4 161.1 163.6 164.7 165.2 165.8 166.8 168.9 168.1 173.9 188.4 197.1 199.9 202.1 207.6 218.4 218.3 213.9 218.3 220.1 222 221.3 217.2 213 209.9 210.7 206.2 201.7 194.1 187.5 182 178.5 174.2 174.4 166.3
56.4 56.3 56.4 56.5 56.6 55.6 56.4 61 61.6 62.8 63 64.3 63.1 64.2 64.8 67.9 77.6 85.7 91.9 96.1 103.1 108 112 113.7 114.7 115.8 116.5 117 121.3 124.5 122 124.8 127.2 129.3 130.7 131.8 131.7 130.8 129.8 130.3 135.1 140.6 140.2 140.3 142.4 147.1 153.1 158.3 161.5 161.8 161.9 162 162.4 163.9 168.4 175.7 186.7 194.9 198.4 200.7 205.3 214.9 214.3 213.1 223.7 229.2 231.2 230.7 225.3 218.5 213.3 211 205 199.7 191.8 186.3 182.2 180.7 177.4 174.3 165.1
56.4 56.7 56.7 56.7 56.4 55.3 56.2 60.9 62.7 62.9 63.1 62.9 63.4 63.8 65.3 69.3 78.7 86.8 92.7 97.6 104.3 108.7 111.8 113.5 114.8 115.6 114.7 116.2 120.6 123.2 119.7 124 125.8 129.1 129.9 129.8 129.6 128.8 128.1 129.4 133.8 137.5 137.7 139.6 140.8 146 150.7 154.9 158.2 158.5 159.4 159.8 161.5 163.6 167 173.9 184.4 192.3 196.7 199.8 202.5 208.6 208.6 212.8 225 233.2 232.8 232.2 226.4 217.8 213.4 209.1 201.2 195.1 189.1 185.1 181.5 180.7 177.3 171 163.1
56.3 57 56.9 56.3 56.2 55.8 56 60.7 62.5 62.6 61.7 61.9 62.3 62.8 68.8 70.3 81.3 88.1 93.8 98.8 105.2 109.2 111.6 113.2 114.1 113.9 112.6 114.5 118.4 121.1 119.2 123 125.4 127.9 128.5 128 127.5 127.1 127.4 129.5 132.9 137.3 136.2 137.1 138.3 146.2 149.3 152.7 156.2 157.1 158.2 159.3 160.5 161.7 163.9 172.7 182.7 190.2 195 199.4 201.9 204.3 206.3 212.2 224.4 233 232.3 230.9 224.8 216.9 212 204.3 197.1 191.1 185.9 182.2 179.7 178.6 174.2 167.3 160.3
56.2 57.1 56.3 56 56.2 55.3 55.9 59.9 62.3 62.5 62.4 62 62.4 63.1 70.6 71.2 81.5 88.6 94.2 99.5 105.6 109.2 111.3 112.9 112.8 112.1 111 112.7 117.2 119.8 118.4 122.3 125 126.5 126.8 126.3 125.9 126.6 125.5 129 133.6 137.9 136 136 137.9 143.5 148 151.7 155.4 155.6 156.2 157.6 158.9 160.3 162.9 169.8 180.1 187.8 193.4 197.8 202.5 204 206 210.7 222.6 230.8 230 229.1 222.4 214.4 207.2 198.3 192.2 186.1 182.1 178.8 177.5 176.3 171.3 165.1 158
55.9 57 55.7 55.9 56.1 55.2 56.1 58.8 61.8 61.9 62.8 62.7 62.9 63.1 70.5 71.5 81.4 89.5 94.7 100.2 106.3 109.7 111.2 112.2 111.4 110.5 109.6 111.1 115.6 118.8 116 120.1 124.4 125.8 124.8 124.4 124.5 124.6 127.6 128.7 131.8 134.8 133.9 134.8 137.4 142.7 147.1 151 154.4 154.5 154.7 155.3 157 159.2 162.9 168.8 177.9 185.9 191.6 195.8 200.3 202.8 203.9 208.6 221.1 228.2 228.2 226.3 219.5 211.4 201.4 192.7 186.6 181.5 177.5 175.6 173.5 171.3 168.4 161.6 153.7
55.6 56.7 55.4 55.8 55.9 55.2 55.5 58.2 61.9 62.4 63 63.1 63.1 63.6 70.4 72.3 79.5 89.3 95.5 100.9 106.8 109.1 110.3 111 110.1 109.1 108 109.9 113.2 116.7 116.1 120.1 123.7 125.3 123.4 121.8 126.4 127.4 127.1 128 131.4 133.3 132.5 133.7 135.7 141.2 145.5 149.8 153.1 153.1 153.1 154.1 156.3 158.6 162.4 168.4 177.9 185 188.8 192.6 197.5 200.6 202.4 206.1 218.5 225.9 228 224.3 216.2 207.8 196.9 188.6 182.6 178.6 173.4 170.8 168.8 166.9 164.3 157.3 149.9
55.5 55.7 55.8 55.8 55.8 55.4 55.5 57.1 61.9 63.2 63.8 63.9 63.6 65.3 68.9 72.6 82.8 89.5 95.4 101.1 106.3 107.4 108.9 109.5 108.5 107.6 106.6 109.3 112.7 116 114.2 119.5 122.8 124.2 121.5 122.7 126.4 126.9 126.5 126.7 130.7 131.8 131.5 132.1 134.7 140.5 144.9 149.4 152.1 152.2 151.8 152.8 155.1 157.4 161.7 169.6 177.9 182.4 186 189.8 194.2 199.1 202.5 204.9 215.3 222.7 225.6 221.9 212.4 202.6 192.8 184.8 178.3 174.5 170.7 166.7 165.5 164.1 160.9 154.6 147.8
55.3 55.3 55.9 55.9 55.8 55.6 55.3 56.3 61.8 63.9 65.8 64.8 64.7 66.1 69 76.3 81.9 89.4 94.6 100 105.2 106.1 107.8 107.7 106.5 105.5 105.1 108.1 111.5 114.3 114.3 117.3 121.7 122.3 118.3 124.4 125.1 125.6 125.5 125.7 130.9 131.3 130.6 130.9 133 139.4 144.9 149.1 151.2 151.3 151.3 152.1 154 156.1 161.3 168.3 175.2 180.3 183.7 187.5 191.7 197.4 202.9 207.5 212.2 218.5 222.5 217.6 206.4 197.6 187.9 179.1 172.5 169.3 166.4 162.8 162.5 161.4 156.8 151.8 145.5
55.2 55.6 55.6 55.7 55.6 55.8 55.1 55.2 61.8 64.5 67.3 65.2 65 65.8 70.4 75.5 81.6 89.3 94.1 99 104.2 104.9 106.8 106.2 105.1 103.6 104.2 107 110.5 114 112.4 117.7 120.2 117.4 121.5 123 123.7 124.3 124.4 124.8 129.9 130.5 130.1 129.9 130.9 139.6 145.1 149.3 150.3 150.3 150.4 151.6 153.5 156.2 161 167.6 174.6 179 183 187.1 191.5 197.3 203.8 210.5 213.1 216.1 217 210.5 202.3 192.5 181.8 173.2 169.1 164.5 160.8 159.4 159.4 157.6 152.9 148.8 143
55.2 55 54.8 55.3 55.5 55.7 55.5 55.2 59.5 64.1 66.5 64.4 64.4 66.2 70.7 75.5 80.9 88.9 94.7 99.6 103.2 104.3 105.9 105.3 103.5 102.3 103.2 105.6 108.6 109.8 111 116.8 119 116.1 121.4 122.2 122.7 123.2 123.6 125 129 130 129.6 129.4 131.5 139.9 145 148.9 149.6 149.6 149.6 149.8 153.3 156.4 160.2 167.8 173.1 178.8 182.5 186.6 191.1 199.6 206.2 213.7 215.7 215.1 211.9 206.9 196.8 186.1 176.2 171 167.1 163 158.6 156.5 155.9 153.5 149.7 145.7 140.9
55.1 55 54.7 54.7 54.7 55.2 55.2 55.2 58.3 61.4 64.4 63.7 64.3 65.3 69.6 73.6 80.3 88.5 94.8 99.4 102.3 103.4 104 103.9 102.5 101 101.7 103.5 107.1 110.5 114.2 115.7 113.1 118.8 120.7 121.5 122.1 122.8 123.4 126.1 128 129.5 128.6 128.2 131.9 139.9 145.3 149.1 149.1 149.1 148.7 148.9 151.6 154.8 158.8 164.4 171.3 177.7 182.8 187.6 194 202.6 211.1 216.5 216.6 212.7 210.7 202.7 191.4 180 173.1 169.3 165.5 161.6 155.6 152.6 152 150.1 146.4 142.5 140
55.3 54.8 54.7 54.6 54.9 55.3 54.7 54.6 54.9 61.4 64.2 63.7 64.4 65.4 69.4 72.3 78.9 87.8 94.6 98.9 101.1 102.3 103.1 102.5 101.4 99.5 100.2 103.8 107.9 111.1 113.6 113.6 114.7 118.7 120 120.7 121.4 125 127 127.2 127.8 128.7 127.8 127.3 131.4 139.7 145.5 148.6 148.3 148 147.6 148.1 149.8 153.8 157.8 163 169.5 176.6 183.6 189.2 197.1 206.5 216.8 216.1 215.4 211.1 206.9 197.5 184.5 176.5 171.4 167.6 163.8 160.1 153.3 150 149 146.1 143.3 141.1 141.6
55.5 54.7 54.6 54.6 55 55.4 54.5 54.3 56.5 61.4 64.6 63.8 64 64.7 69.9 70.9 78.3 87.4 94 98.9 100 101.2 101.9 101.1 100.2 98.6 98.8 99.3 103.2 105.3 105.3 111.7 116.9 118.6 119.2 119.8 122.6 124.2 124.9 125.8 126.4 127.2 127.5 126.4 132.8 139.4 144.2 147.5 147.8 147.1 146.6 147.7 149.9 153.2 156.7 162.9 169.7 176.8 183.8 190.1 199.2 207.3 213.4 214.6 211.7 207.7 202.4 192 180.3 173.8 169.7 166 162.2 158.1 153 148.5 146.9 144.7 142.3 149.8 159.3
56 54.7 54.6 54.6 55.1 55.2 54.4 54.2 58.9 61.5 64.4 63.8 63.4 64.2 69.8 70 77.6 87.2 93.8 98.1 99.3 99.9 100.3 99.7 98.6 97.3 98.1 98.4 104.6 111.1 112 114.8 116.5 117.9 118.5 119.8 122.1 123.2 124.1 124.9 125.2 125.7 126.6 127.4 133.1 138.3 142.7 145.9 148.1 147.3 145.7 147.3 150 152.9 155.9 160.8 169.8 178 183.7 190.2 198 207.9 212.3 212.2 207.7 203.3 197.9 187.9 177.9 171.8 168.4 164.5 160.7 155.9 150.3 147.2 145.4 144.1 153.4 164.8 167.8
54.2 54.9 54.6 54.7 55.1 55.3 55 54.6 57.4 61.6 65.4 64.2 63.8 63.8 69.9 68.8 77.4 86.5 93.5 97.4 99 99.9 99.3 98.3 97 96.1 98.7 98 107.1 111.2 111.4 113.6 115.7 117.4 118.2 119.7 121.5 122.3 123.3 123.9 123.9 124.8 125.8 128.2 132.3 137.8 141.8 144.8 147.1 145.8 144.9 146.7 149.5 152.4 156 161.2 168.9 177.4 183.6 189.5 196.4 203.6 211.9 209.9 205.8 200.5 193.3 182.8 174 170.3 166.9 163.6 158.9 152.4 149 146.7 146.1 153.1 165.5 174.1 174.9
54.4 55.2 54.4 54.5 54.7 55.1 54.7 54.4 57.3 63.6 64.8 64.1 63 63.7 68.1 68.6 76.3 85.4 91.7 96 98.2 98.8 98.2 97.1 96 95 98.3 94.1 107.2 110.9 110.2 112.4 114.8 116.9 117.5 120 120.8 121.6 122.4 123.1 123.2 124 125.3 126.7 132.7 137.3 141.2 144.2 146.1 145.2 144.3 145.3 148.4 151.6 155.3 160.6 168 174.8 181.1 187.6 192.2 198.5 205.1 209.8 203.5 197.3 188.9 179.3 173.4 168.8 164.5 161.2 156.1 152.1 148.8 147.6 149.2 164.9 174.3 181.9 180.6
54.8 55 54.6 54.5 54.5 54.7 54.6 54.3 56 63.9 62.8 62.8 62.3 62.9 64.2 68.8 75.7 84.9 91 94.1 97.3 97.4 97.2 96.2 95.5 92.7 96.1 93.8 106.4 110 109 111.4 113.8 116.5 118.1 119.5 120.1 121.3 122.7 123.7 123.3 124.3 124.9 128.6 132.7 136.4 140.7 143.5 144.1 144.2 143.5 144.1 147.1 150.1 154.4 159.8 165.9 172.3 178.4 183.7 188.3 192.7 197.9 202.8 202 193.8 184.9 176 169.8 165.5 162.2 158.8 155.2 151.6 150 149.2 161.6 173.7 181.7 186 181.2
55.3 55.1 55 54.9 54.8 54.7 54.5 54.1 54.5 62.9 62.8 61.3 61.8 61.8 62.8 67.3 75.1 84.6 91.3 94.3 96.1 96.1 96.1 95.5 94.3 90.9 90.1 101.7 106.6 107.1 109 110.5 113.5 116.1 117.8 119.3 120.5 122.1 123 123.1 122.6 123.8 124.3 127.3 133.1 136.6 140.1 142.4 142.2 142.8 142.6 143.5 145.8 148.5 152.7 157.5 163.7 169.3 174.2 179.8 183.8 187.9 191.6 195.6 195.4 190.9 181.7 173.2 166.6 164.5 161.4 158.1 155.2 153.2 151.4 156.5 170.7 181.1 185.1 186.9 182.4
55.1 54.8 54.9 55.1 55 54.8 54.6 54.1 54.5 59.2 63.3 62.7 62 61.5 62.2 67 74.2 82.6 90 94.3 95.3 94.5 94.2 94 92.3 88.1 91.7 102.6 104.5 106.3 108.5 109.8 113.4 115.8 117.4 119.1 120.7 121.5 121.7 121.8 123.5 123.8 124.3 128.5 133.3 137.6 141.4 142.7 142.2 141.7 141.5 142.7 144.3 146.3 150.6 155.5 161.9 166.3 168.7 175.9 181 184.4 187.8 191.4 192.7 188 179.2 170.5 165.7 163.4 160.8 159.2 158 156.1 157 165 176 184.9 188.1 188.3 184.4
54.1 54.4 54.5 54.6 54.6 54.7 54.7 54.5 54.3 62.4 63.6 64 62.6 61.9 62.8 67.2 74.3 81.6 88.1 94.1 94 93 92.6 92.2 90.7 86.9 93.6 101.9 104.3 105.2 107.4 109.3 113 115.8 117.4 119 119.7 120.4 121.2 121.4 122.5 123.6 124.9 126.9 133.3 137.2 141.3 142.5 142 141.5 141.2 141.5 142.3 145.6 149.8 156.3 162.5 168.3 172.7 175.4 177.6 180.7 184.1 188.4 191 186.5 177.2 169.1 166.1 164 162.7 162.3 160.9 160.9 165.4 172 182 187.7 189.6 187.9 183.1
53.9 54.1 54.3 54.5 54.5 54.6 54.3 54.2 56.1 63.3 63.9 64 62.9 62.6 63.3 69.3 75.5 82.7 88.1 93.2 92.4 91.6 91.1 90.7 86.9 86.4 95.5 101.1 103.6 104 106.5 109.2 112.5 114.6 117.5 118.3 119.6 120.5 120.1 119.5 121.1 121.8 123 125.9 133.3 138 141 141.9 142 141.7 140.7 140.5 140.9 144.7 148.4 156.2 162.7 166.6 169.8 171.9 174.1 176.4 180.4 185.6 190.6 187.7 176.2 169.9 168.3 166.9 166.5 165.6 165 169.7 172.8 178.1 187.3 189.7 188.6 186.3 181.4
53.9 54 54.1 54.3 54.4 54.4 53.9 54 57.3 63.2 64.1 65 63.9 63.6 63.8 69.4 76.4 82.8 88.2 92 90.8 89.6 89 88.3 84 87.8 95.5 100.2 100.9 103.3 106.2 109.1 112.1 113.3 116.3 117.4 118.9 120 120 118.4 120.3 120.6 122.1 124.9 131.6 140 141.6 142.5 142.3 141.2 140.2 139.7 140.9 143.7 146.7 152.7 159 164.8 167.2 166.8 168.9 171.6 175.5 180.2 178.8 177.5 174.2 171.3 171.2 170.7 171.8 169.9 173.7 176.4 180.1 182.9 191.7 190.2 188.1 186.9 180.5
53.9 53.9 54 54.2 54.3 54.1 53.8 55.4 58.6 62.8 63.4 64.9 65 64.5 65.1 70.7 75.7 82.3 88 90.2 89.1 87.6 86.8 86 83.4 88.5 94.6 94.1 99.5 102.8 105.7 108 110.5 112.5 114.9 116.4 117.8 119.3 119.6 118.9 120.7 120.7 122 125 130.5 136.2 138.6 139.8 140.9 141 140.2 139.1 139.6 142.8 145.7 150 156.5 162.9 166 166.9 168.6 171 174.1 176.8 178 176.9 175.4 172.9 174.8 176.5 176.1 178.9 182 183 184.5 185.1 191.6 189.4 188.5 185.1 180.3
53.9 53.9 54 54.1 54.4 53.9 59 57.7 59.1 62.4 63.2 64.5 66.3 66.9 66.4 69.9 75.1 81.1 86.2 88.3 87.8 85.9 84.9 83.3 82 86.5 93.4 93.7 99.6 102.2 105 107.4 110.4 112.1 113.7 115.8 117.2 116.9 117.4 121 120.8 120.7 121.6 124.8 129.9 134 136.1 137.5 137.7 138.3 138.9 137.7 138.2 141.8 145.8 150.1 152.7 157.8 163.6 166.2 168.3 170.4 172.6 174 175.3 174.6 172.8 174.7 177.1 179.7 183.5 187.3 189.5 188 185.4 185 190.9 189.6 187.1 183.2 179.3
53.8 53.8 53.9 54 54.2 53.8 58.9 59 59.2 62.1 65.6 65.2 66.7 68.4 67.3 69.8 69.6 79.2 84.4 86.4 85.4 84.4 84.1 81.8 80.9 84.6 89.2 96.5 101.3 101.6 104.4 106.6 110.2 111.1 112.3 114.4 115.9 114.6 121.6 121.5 120.9 120.8 121.4 124.5 129.3 132.8 135.2 136.6 137.9 138.5 138.4 137.7 137.6 141.6 145.9 149.4 151.4 154 156.6 162.3 165.4 166.9 168.4 170.1 170.7 170.9 172.4 174.2 178.5 185.5 191 194.9 194.3 189.5 185.6 186.4 189.6 186.4 185.1 181.1 176.3
53.8 53.8 53.8 54.4 54.1 55.2 57.6 59 61.7 64.5 64.5 65.9 65.7 68.7 68.8 70 72.1 77.7 82.5 84 82.9 82.8 82.6 80.2 80.2 84.6 91.9 97.6 100.8 102.9 103.2 106.4 109.6 110.4 110.9 113.6 114.4 114.2 121.4 122.6 121.3 120.8 121.9 123.2 128.1 130.2 131.4 132.4 133.5 135.1 136.3 137.6 137.9 141.9 145.9 148.7 151.3 153.1 154.8 156.8 159.4 162.4 164 166.1 167.1 168.5 170.6 174.8 188 193.9 195.9 199 196.4 191.3 186.9 185.9 186.5 185.9 182.9 178.6 173.2
53.7 53.7 53.9 55.2 55.1 58.1 59.4 58.8 61.2 63.1 70.4 66.2 66.2 70.2 69.7 69.5 71.5 76.8 79.5 82.2 81 80.6 80.8 78.2 79.7 85.1 91.6 97.1 100.3 102.5 102.1 105.5 108.8 110 109.1 111.3 110.9 117 121.6 122.8 122.4 120.9 121 121.5 125.8 127.3 128.2 128.9 130.3 131.9 133.4 134.9 138.1 141.6 144.1 145.5 148.1 150 152 154.5 156.6 159.2 159.4 162.3 164.2 166.4 168.7 186 195.8 197.4 197.5 199 196.1 191.3 187.9 184.7 183 182.1 181.2 177.2 171.5
53.6 53.8 55 57.1 56.1 57.2 62.8 61.4 59.1 62 64.3 66.6 66.3 70.6 70.5 70.2 71.6 69.6 79.2 81.8 80 78.2 77.2 77.5 80.2 85.6 90.9 96.7 99.9 100.4 100.9 104.6 107.4 108.8 106.2 108.9 112.9 118.3 121.6 124.6 124.8 120.7 121.8 121.7 124.2 127.3 128.9 130.1 131.1 131.7 132.4 133.8 137.2 140.2 141.9 143.4 145.5 147.9 150.5 153 155.1 155.8 157.2 159.6 161.8 165.1 170.2 189.5 197.1 197.7 197.8 198.3 193.7 190.3 187.4 184.5 181.3 178.8 177.8 174.7 170
54.1 53.8 54.8 57.2 56.9 57.9 58.2 58.8 59 60.7 63.6 68.2 66.8 70.4 70.1 70.8 72.5 74.3 77.2 78.2 75.9 75.4 77.2 78.5 79.4 85.7 91 96 98.4 98.7 99.2 102.7 105.4 107.6 104.2 108.9 114.2 119.1 121 124.1 124.2 120.8 120.7 121.7 123.5 128.4 130.5 131.5 132.6 132.2 131.1 135.6 136.6 138.3 140.3 142.3 144.4 146.7 149.1 151.5 151.6 152.3 154.8 157.8 160.6 166.7 172.1 188.2 195 196.7 197.5 196.9 193.5 190.5 187.6 184.4 181.1 177.9 174.4 170.5 166.8
53.3 53.2 54.7 56 57 64.1 66.9 61.9 59.3 60.2 62.2 66.7 66.8 71.4 69.9 70.1 70.7 72.6 73.5 72.4 74.6 77.1 78.4 78.5 78.9 84.2 90 94.9 96.4 97.3 98.7 100.3 102.8 105 104 109.2 114.5 118.7 120.5 123.7 123.8 121 119.2 120.4 122 126.7 129.1 130.2 131.1 129.7 134.4 135.3 136.3 137.3 139.3 141.2 143.2 145.4 147.7 149.3 149.8 150.4 152.1 155.4 159.5 166.6 173.5 186.5 189.5 191.7 196 196.5 196 190.9 187.5 184.2 180.9 177.5 173.6 169.6 162.8
53.4 53.3 56.9 55.1 55.1 65.2 67.4 65.9 63.7 60.9 61.8 65 67.6 68.8 67.8 67.8 67.6 71 69.6 76 74.8 75.1 77 77.8 78.8 84.2 89.5 93.8 95.9 95.9 97 98.3 99.9 101.5 104 109.6 115.7 118.9 120 123.2 123.7 120.9 117.9 118.7 120.7 124.4 126.1 127.5 128.1 126.3 134.1 135.2 136.3 137.4 138.5 140.4 142.1 143.9 146.2 147.5 148 148.5 150.8 154.5 159.4 166.9 174.3 184.9 186.2 189.4 194 195.9 200.1 195.2 189.9 186.3 183.5 179.2 173.6 167.3 160.4
53.1 53 52.6 56.1 53.9 65.6 68.8 67.5 66.7 63 62.5 63.6 67.5 66.8 66.7 68 68.8 71 74.6 74.7 72.3 71.8 73.7 75.8 78.9 83.1 89.8 93.5 93.9 94.5 95.7 97 98.3 99.3 101.6 110.9 116.6 119 119.6 122.8 123 120.2 117.4 117.6 119.6 123 124.5 125.2 125.4 129.2 132.9 134.8 136.3 137.3 138.1 139.6 140.7 142.5 144.2 145.5 146 147.5 151.5 156 160 166.9 173.3 182.2 184 187.8 192.4 195.8 203 202.3 199.2 195.6 191.1 186.2 179.8 169.5 162.2
