data/NY24.asc
ncols 200
nrows 200
xllcorner 320000
yllcorner 540000
cellsize 50
[rows 37 to 73 of 200, columns 83 to 165 of 200]
31.2 33.6 31.4 28.2 32 32.3 32.4 32.4 32 31.7 31.1 30.6 30.4 29.9 28.9 27.7 26.4 25.7 26.6 26.5 26.9 27.4 28.8 30.3 31.6 32.2 32.6 32.1 32.5 32.2 32.4 32.5 33.4 33.7 34.6 34.9 35.9 36.8 37.5 37.7 38.3 38.9 38.6 38.9 38.5 38.6 38.4 37.8 37.6 36.8 33.8 32.8 32.9 34.1 34.5 35.7 36.1 36 35.5 35.4 35.5 38.2 37.9 36.1 34.7 34.4 35.1 35.7 38.7 44.9 49.1 50.4 52 52.6 50.6 46.8 44.8 44.8 48.3 46.8 49.4 55.8 63.8
31.1 31.7 30.5 31.5 30.3 30.8 31.3 31.2 31.3 31.6 31.6 31.3 31 30.2 29.3 27.1 26.1 25.3 26.4 28.3 28 27.8 28.5 29.5 29.7 30.9 31.5 32 32.3 32.3 32.4 32.9 34.2 34.9 35.9 36.6 37.3 38.4 38.7 39 39.2 39.9 39.7 39.6 39.1 38.9 38.9 38.9 39.2 39 38.5 36.1 34 33 33.4 33.4 34.4 33.7 32.8 32.4 32.4 33 33.5 33.8 34 34.6 36.4 40.9 47.2 52.3 54.4 56.5 58.3 59.8 60.2 59 56.3 58.4 59.5 51.4 57.2 52.8 64.9
30.7 30.4 30.6 29.7 30.9 30.7 30.8 31.1 31.4 31.7 31.7 31.7 30.9 28.9 27.9 27.3 26.5 25.9 27.7 29.2 28.8 29.3 30.3 31.1 31.9 31.5 32.4 32.7 33 32.6 32.4 33.7 34.6 35.7 36.9 37.5 38.1 39.7 40 40.2 40.4 40.9 40.7 40.9 40.5 40.1 39.9 39.7 39.6 39.3 39.1 38.1 37.4 35.3 33.7 33.5 33.5 33.2 32.6 32.5 32.7 32.8 33 33.7 35.4 39.7 39.3 44.4 49 53 56.1 58.1 60.3 62.3 63.3 64.3 64.9 65 64.7 58.7 61.1 59.1 58.5
30.4 32.2 31 31.3 32.7 32.7 33.4 33.4 33 32.4 31.9 31.6 30.7 28.9 28.1 27.9 26.8 26.4 28 29.8 29.1 29.5 33.2 33.1 36.5 35.4 35.8 34.9 33.5 33.6 34.2 35 35.5 36.5 37.8 38.5 39.7 41 41.2 41.4 41.7 41.9 42 42.2 41.8 41.3 41.1 41.1 41.1 41.1 41 40.6 39.7 38.4 38.3 35.8 34 33.4 33.9 34.7 34 34 34.4 36.4 39.6 42.8 44.7 44.3 48.2 52.6 56.6 59.6 61.8 63.9 65.4 66.4 67.4 68.2 68.9 68.9 69.8 68.7 66.8
34.9 33.7 32.8 33.8 34.8 34.9 35.1 35.4 34.9 34.5 33.1 31.7 31.2 29.6 28.4 28.3 27.8 28.1 28 31.4 29.8 31.4 34.4 36.2 37.4 37.6 37.5 36.6 34.2 34.4 35.2 35.8 36.2 37.2 38.7 39.9 40.9 41.9 41.9 42.1 42.3 42.8 42.9 42.8 42.9 42.7 42.4 41.9 41.5 41.4 41.3 41.1 40.3 39.8 40.7 39.6 37.2 34.5 34.3 35.1 36.3 36 36 36.4 40.4 44.5 47 45.3 48.1 52.5 56.2 59.6 62.2 64.3 66.3 67.4 68.4 69.4 70.1 70.1 71 71.9 72.5
36.4 33.7 32.9 33.7 34.5 34.5 35 34.2 33.5 32.9 31.9 32 32.1 33.6 31.3 28.9 27.6 27.7 29.3 33 31.5 34.8 36.5 37.2 37.7 37.3 37.4 36.7 34.9 34.7 35.4 35.5 36.1 36.1 37.6 39.4 40.4 41.6 41.9 42.4 42.7 43 42.6 42.4 42.2 42.1 41.4 40.9 40.4 40.3 40.1 39.8 39.4 39.5 39.2 39.6 37.5 36 35.3 35.2 36 35.6 35.9 37.8 41.7 44.3 47.1 46.6 48 51.3 55.5 59.1 61.6 63.9 65.8 67.1 68.5 69.3 70.4 70.8 71.7 72.5 73.3
34.1 32.9 33 32.9 33.8 33.9 34.2 33.8 33 32.4 32.2 32.5 34 35.8 34.7 31.7 28.4 28.7 29.4 34 33.7 31.5 35.9 36.8 37.5 37.3 36.8 36.5 35.6 35.3 35.5 35.1 35.1 35.2 35.7 36.4 37.1 37.4 38 39.2 39.5 39.9 39.4 39.4 39.4 39.4 38.4 38.2 38.5 38.3 37.7 37.5 37.5 38.7 38.6 37.7 36.2 36.3 36.4 36.4 35.8 35.2 35.2 37.5 41.9 43.9 46.6 47.5 48.1 51.1 54.9 58.2 60.4 62.6 64.3 66 67.8 69 70.2 71.4 72.1 72.8 73.5
32.4 33.3 33.4 34.2 34.1 34.1 34.2 34.6 33.9 32.6 32.7 34.6 36.3 38 37.8 34.6 29.1 28.1 30.4 35 35.4 34 33.1 36.5 37.2 36.9 36.8 37 36.3 36.9 37.6 36.9 37.7 38.4 40.2 41 40.5 41.4 41.8 42.5 41.9 42.7 43.4 42.4 41.6 41.5 42 40.8 38.7 38.9 39 38.1 37.2 37.7 37 36.4 36.9 37.9 37.9 37.1 36.6 35.8 35.7 36.3 39.7 43.6 46.4 48.4 48.5 51.2 54 56.7 59 61.1 63.2 64.9 66.7 68.4 69.4 70.3 71.1 71.9 72.7
33.9 34.2 34.3 34.5 34.4 35 35.2 35.8 35.1 35.7 36.2 37.4 38.8 39.4 39.1 37.1 30.5 28.3 29.8 39.2 39.6 37.9 33.8 37.2 39.1 39.4 38.5 39.9 39.2 40.5 41.1 42.9 43.8 44.5 45.5 46.3 47.3 48.3 48.5 48.6 49.1 49.4 50 49.9 49.6 48.8 49.6 46.6 42.7 42.2 42 41.2 40 38.6 36.7 36.9 38 39 39.4 38.9 37.5 36 36.1 36.9 38.3 43.5 47.7 48.5 48.7 51.1 52.7 55.1 57.5 59.6 61.9 63.8 65.5 67 68.1 69.1 70 70.8 71.7
35.2 35 35.1 35.3 36 36.3 36.4 36.5 37.5 38.4 38.8 39.7 40.8 40.8 39.8 38.5 32.7 28.5 29.7 36.3 42.1 40.4 36 37.2 40.7 41.5 42 42.5 43.1 41.9 44.7 45.4 45.9 46.4 47.1 48.2 49.5 50.6 50.9 51.6 52.3 52.7 53.6 53.5 52.9 52.6 52.7 50.7 46.7 44.9 44.3 44.3 44.5 42.5 37.9 37.1 37.6 38.2 39.6 39.8 38.9 36.4 36.4 36.8 37.5 44.1 47.2 48.6 48.9 50.9 52.3 53.7 56.1 58 60.3 62.6 63.8 65.6 66.6 67.7 68.7 69.7 70.7
36.4 36 36.1 36.2 36.6 37.2 37.6 37.7 39.3 39.7 40.1 41 41.3 41 40.2 39 34.8 30.4 29.6 34 40.1 41.7 38.7 36.9 40.5 42.3 42.7 43.3 44.1 44.2 44.3 46.6 47.3 48.2 49.6 50.2 51.4 52.2 52.7 53.7 54.6 54.8 55.1 55.4 55 54.9 54.9 53.8 53.1 52.4 51.6 51.5 50.4 48.2 44.4 39.2 37.9 37.4 38.4 39.2 39.9 38 36.4 36.9 37.5 41.2 46.4 48 49 50.6 52 53.3 55.3 57.6 59.5 61.5 63 64.2 65.5 66.8 68.1 69.4 69.9
37.5 37.4 37.4 36.9 37.3 37.9 38.4 38.3 39.3 40.2 40.8 41.5 41.8 41.3 40.5 39.8 37.8 30.6 29.5 29.4 31.1 39.2 40.9 37.3 39.4 41.3 43.1 44.1 44.8 45.6 46.4 47.3 48.2 49.1 49.8 50.4 51.5 52.9 54 54.5 55.2 55.8 56.3 56.6 57 57.1 57.1 56.4 56.3 55.2 54.8 54.1 53.1 51.7 49.6 46.2 42.6 39.2 38.4 38.5 39.1 38.8 37.6 36.9 37.8 40.7 43.8 47.1 49 50.2 51.5 53.4 55.8 58.4 60.1 62.2 64 65 66.2 67.4 68.7 69.6 70.3
37.7 37.6 37.6 37.7 38.1 38.6 38.7 38.8 38.4 39.2 40 41.4 42 42.4 42.1 41.3 39.6 37 33.1 31.3 30.3 33.4 39.5 39.7 38.1 39.7 42.7 43.7 44.6 45.4 46.3 47.1 47.9 48.9 49.8 50.6 51.8 53 53.9 54.6 55.2 55.8 56.3 56.8 57.1 57 57.3 57.1 56.5 55.7 55 54.1 53.2 52.4 50.6 48.4 45.4 41.8 39.4 39.8 39.5 39.8 39.6 37.7 37.5 40 45.6 45.5 48 49.7 51.6 53.8 56.2 58 59.8 62.1 63.6 64.8 66.5 67.5 68.4 69.2 70.3
38.3 38.4 38.5 38.3 38.6 39.1 39 38.7 38.4 38.3 38.8 38.8 40.3 41.3 41.2 41.2 42.3 41.9 38.6 35.4 30.7 31.6 34 37.7 40 38.4 41.4 43.7 44.5 45.3 46 46.8 47.6 48.6 49.6 50.6 51.7 53.2 54 54.7 55.3 56 56.4 56.9 57.3 57.1 57.6 57.5 56.7 56 55 54 53.1 52.2 50.7 48.5 45.6 41.5 42.1 41.9 39.8 39.7 40.8 39.6 37.8 38.7 44.8 46.2 46.8 49 51.7 54.8 56.7 58 59.5 62 63.1 64.6 66 66.8 67.8 68.6 69.6
38.2 39.2 39.5 39.2 39.3 39.7 39.8 39.8 39.8 39.7 39 38.8 39.2 39.6 39.8 40.5 43.2 43.9 42.9 39.6 35.9 31 31.7 32.8 35.3 40.7 38.8 43.1 44.1 45.6 46.1 46.7 47.3 48.5 49.7 50.5 52.1 53.6 54.3 54.9 55.4 56.3 57.1 57.6 58 57.9 58.5 58.5 57.7 57 56.1 54.9 54.2 52.6 50.8 49 44.1 41.9 45.7 51.2 48.6 45.8 41.4 41.9 40 38.4 38.5 41.2 45.2 48 51.2 55 57.9 57.9 59.6 61.8 63.6 64.7 66.2 66.9 67.8 68.4 69
38.1 38.7 39.2 40.3 41.2 42.1 42.8 43.4 43.3 43.5 43.5 43.4 42.9 41.9 40.5 41.4 42.5 42.9 42.9 42.4 40.6 35.3 32.3 32.1 31.7 34.3 40.7 38.8 42 44.6 46.3 46.8 47.3 48.7 49.2 51.1 52.8 53.8 54.5 54.8 55.5 56.4 57.2 58.1 58.2 58.6 59.1 59.1 58.6 58 57.3 56.2 55.7 54.1 52.7 48.8 44.2 43.6 45.3 48.6 49.1 49 49.6 49.4 51 49.7 41.8 39.2 39.4 42.4 47.8 52.7 55.5 54.9 57.6 60.1 63.3 64.7 66.2 67 68 68.6 69.1
39.3 40.3 41.5 42.5 43.4 44.4 44.9 45.4 46.1 46.3 46.1 45.8 45.6 44.6 42.5 41.3 42 42.4 42.9 43.4 42.5 39.9 34.6 33.3 32.8 32.4 35.6 42.9 40.6 41.9 44.2 46 45.5 47.6 48.9 51.3 52.5 53.8 54.6 54.9 55.5 56.4 56.8 57.2 57.8 58.1 59 59.5 59.1 58.4 57.7 57 55.8 54.2 52.8 49.4 45.5 44.5 45.5 49.7 51.5 51.9 52.2 51.3 52.2 51.2 50.4 48.7 45 41.9 40.3 46 50.4 53 57.3 60.2 60.1 62.3 66 67.1 68.2 68.7 69.3
40.1 41.1 41.9 42.5 43.4 44.4 44.9 45 45 45.6 45.2 44.8 45.9 44.7 42.9 42 42.2 42.2 43.1 43.6 42.7 39.4 38.5 36.1 33.6 33 34 35.4 41.2 41.3 41.4 42.6 44.5 45.7 47 48.9 50.3 51.4 53.2 54 54.9 55.7 56.1 56.3 56.9 57.5 58.8 59.2 59 58.6 58.1 57.4 56.8 55.6 55 53.2 48 44.4 45.6 50.6 52.2 52.7 53.4 54 53.7 53.3 52.9 52.4 52.2 51.5 48.3 44.3 52.3 53 51.2 54 55.3 58.5 63 66.5 67.1 68 68.8
38.3 39 39.5 39.7 40 41.5 41.5 41.5 41.5 42.5 42.5 42 42.2 42.9 42.9 42.9 43.3 45.1 44.6 44.2 42.6 40.4 38.7 38.7 37.7 36.1 34.3 34.5 37.2 41.1 42.1 42.3 44.9 45.6 45.3 45.9 47 48.5 50 51.4 52.9 53.6 54.5 55 55.4 56 56.8 56.7 57.1 57.5 57.3 57 56.8 56.5 55.1 52.7 47.7 44.7 47.4 50.3 52.4 54.1 54.8 54.9 54.7 54.7 55.1 54.4 54.3 54.1 55.5 52.9 49.7 43.1 42.6 48.7 53.2 54.6 57.4 60.8 62.8 63.3 64.8
35.6 35.9 36.4 37.5 36.9 37.7 38.6 40.4 41.4 42.5 43.4 44.5 45.7 47.3 47.7 48.1 50.3 50.5 50.5 51.2 51 51.3 50.8 49 47.9 38.4 35.4 33.7 36.8 37.5 42.4 42.2 42.2 45.7 46.8 46.2 45.5 46.3 46.5 47.6 48.5 50.3 51.9 52.6 53.1 53.6 54.2 54.6 54.9 55.2 54.8 54 53.2 51.9 50.4 48.5 46 46.5 49.5 53.1 54.4 55.5 56.9 58.3 58.5 58.5 58.1 58.2 59.1 59.2 58.3 59.2 57.7 60.3 49.5 42.9 47.4 53 53.9 55.6 57.7 58.4 60.1
35.5 36 36.9 38.6 39.9 41.5 42.7 44.8 45.9 46.9 48.2 48.8 49.8 50.8 52 52.7 53.1 53.4 53.4 53.9 53.7 53.6 52.5 51.3 48.3 40.9 36.1 34 36.6 37.4 38.7 41 41.4 42.2 44.7 45.3 45.3 45.3 45.1 44.4 45.2 46.4 48.5 50.7 51.2 51.7 52.4 53.4 52.6 50.9 50.1 48.6 48.1 47 46.4 46.9 47.9 51 54 56 57.2 57.8 58.9 60 60.7 60.9 61.7 61.7 61.7 62 61.5 62 63.2 63.7 63.5 50.8 45.1 46.7 53.8 55.5 54.9 55.2 56.3
37 36.2 39 40.9 41.5 42.6 43.4 45.1 46 47.1 48 48.7 50.2 51.4 52.5 53.4 53.9 54.4 54.3 54.2 54.2 54.2 53.2 52.5 51.4 49.1 44.8 38.6 34 35.2 38.4 38.8 40.1 39.8 40.7 40.2 40.9 41.5 42.2 43.4 44.1 44.4 45.9 47.7 49.6 50.9 51.8 51.4 48.5 46.8 45.6 45.6 47.2 50.7 52 54.2 55.5 56.4 57.6 58.9 60 60.6 61.3 61.8 62.6 63.2 63.3 63.3 63.6 63.9 63.7 63.6 62.9 62.9 62.8 62.7 59.2 48.9 48.1 54.9 55.6 55.4 56.5
37.7 37.1 38.5 39.7 40.3 41.6 42.8 43.7 44.7 45.9 47.8 49.2 50.4 51.8 52.6 53.7 54.8 55.3 55.8 56.6 56.2 55.9 55.5 55 54.4 53.7 52.1 46.7 41.1 34.8 37.5 38.1 39.2 38.6 39.3 39.8 40.2 41.1 41.5 43.3 44.9 45.4 45.5 46.4 46.8 47.9 49.1 47.8 45.9 46.6 47.9 51.6 54.8 56.4 56.9 57.6 58.6 59.6 60.8 61.9 62.8 63.7 63.9 63.9 64.3 64.3 64.4 64.8 65.2 65.6 66 66.1 65.7 65.4 64.5 63.3 63 63.8 50.4 48.5 56.8 56 59.8
36.9 37 37.4 38.4 39.2 40.3 41.8 43.4 45.1 47.3 49.2 50.7 52 53.9 54.8 56 57.1 57.7 58.1 58.6 58.8 58.6 58.2 57.4 57.2 57 55 52.6 51.1 41.5 38.3 38 38.3 38.2 39.1 39.3 39.7 39.6 40.6 42.9 45.2 44.9 45 45.4 46 45.8 45.9 44.9 46.2 49.2 52.2 55.7 57.4 58.9 59.3 60.1 60.8 62.4 63.4 64.5 65.3 64.9 64.7 64.6 64.8 65.4 65.7 66.1 66.5 67 67.8 68.3 68.2 67.6 67.2 66.9 65.6 63.4 63.5 48.9 53.8 56.9 62.6
36.4 36.7 37.2 38.4 39.4 40.9 42.5 44.1 45.9 48 50.6 52.2 53.8 55.5 56.9 58.3 59.4 59.7 60.3 60.2 59.7 59.6 59.2 58.4 57.8 57.4 57.4 56.2 54.8 48.3 43.4 41.2 40.8 41.3 41.7 40 42.4 44.4 40.5 45.6 46.6 47.1 46.9 46.3 47.1 48.2 50 50 50.1 52.3 55.1 57.2 58.6 59.2 59.8 61.4 63.4 64.5 65.2 65.5 65.2 64.7 65.5 64.5 65.8 67.1 67.7 68.2 68.6 69.1 69.9 70.5 70.5 69.7 69.2 69.1 68.2 67.3 64.3 61 48.1 55.8 63.4
36.5 36.8 37.5 38.8 40.1 41.7 43.3 44.9 46.7 48.8 51 53.7 55.1 56.3 57.6 59.1 60.4 60.4 60.6 60.8 60.7 60.7 60.2 59.4 59.6 59.6 61.8 61.5 57.3 53.8 51.6 46.1 47.3 50.4 48.6 43.9 48.8 48.9 43 49.5 50.8 50.9 52.9 54.2 55.1 54.4 55 55.5 55.7 55.3 57.2 58.6 59.1 60.6 62 63.5 64.9 65.3 65.2 64.6 64.5 64.6 66.1 68.1 69 69.5 70.1 70.6 71.3 72.1 72.4 72.3 72.2 72.1 71.8 70.9 69.8 68.9 68 65 61 48.9 60.2
36.6 37.1 37.7 38.9 40.4 42.3 44 45.6 47.5 49.6 51.7 53.8 55.9 57.1 58.4 59.9 61.1 61.6 61.6 61.6 61.8 61.7 61.2 61.2 61.8 62.6 63.4 63.5 63.3 60.2 53.9 51 53.1 52.7 51.5 51.2 51.6 51.2 45.8 52 51.8 53.5 56.7 57.1 57.4 56.3 56.7 56.7 57.2 58.6 58.7 60 60.8 62.3 63.8 64.9 65.7 65.4 64.6 65.3 65.9 68.4 70.7 71.6 71.7 71.6 71.8 72.2 72.7 73.3 73.7 73.6 73.6 73.6 73.4 73 72.3 71.9 70.6 68.1 66 58.6 54
37.3 37.8 38.6 39.3 40.6 42.5 44.4 46.3 48.3 50.5 52.7 54.7 56.6 58.7 60.6 61.8 62.1 62.3 62.6 62.7 63.1 63 62.6 62.7 63.5 63.1 63.1 63.2 63.1 62.4 58.6 54.5 57.4 56.8 55.9 54.3 55.9 45.2 46.6 53.8 54.3 52.3 55.3 58 59.8 58.9 58.8 58.8 60.7 60.5 60.6 61.7 62.5 63.8 64.7 65.2 65 64.7 65.5 67.4 69.7 71.1 71.7 71.1 70.7 71.2 73.2 74.3 74.8 75.3 75.6 75.4 75.3 75.3 75.1 74.7 74.2 73.7 72.9 71.1 68.7 65.2 59.8
37.5 38 38.5 40.1 41.7 43 44.9 46.9 49.4 51.5 53.7 55.7 57.1 59.1 61 62.1 62.7 62.9 63.1 63.2 63.4 63.1 63 63 63 62.9 62.8 62.7 62.7 62.6 61.6 59.4 62.1 60.7 60.4 58.5 57.5 47.1 44 56.9 56.7 57 58.2 59.6 60.1 61.6 62.9 63.6 63.5 63.2 63 63.3 63.7 64 65 64.8 64.4 64.5 66.5 69.7 71 71.1 70.9 70.8 72.2 74.2 76 77.3 77.9 78.4 78.6 78.5 78.5 78.3 77.4 76.8 76.2 75.3 74.6 73.8 71.3 67.9 64.8
37.4 38.3 39.6 41.2 42.9 44.3 45.6 48.2 50.5 52.5 54.6 56.2 57.6 59.3 61 61.8 62.5 63.1 63.5 63.1 62.7 62.5 61.9 62.1 62.3 62.2 62 62.1 62.1 62 61.5 61.7 62.2 61 61.2 57.4 48.8 46.4 53.6 59.5 59.9 60 60.5 61.2 61 60 61.5 63.3 64.1 64.2 63.9 64.1 64.6 64.6 64.8 64.2 64.1 66.5 69.9 70.7 70.9 70.9 72.1 73.6 75.7 77.9 79.7 81.1 81.8 82.1 82.2 82.2 82 81.6 80.8 79.9 78.6 77.3 76 74.9 73.6 70.9 68.3
38.5 39.6 40.7 42.4 44.1 45.6 47.5 49.4 51.4 53.3 55.2 56.7 57.9 59 60.3 61.4 61.7 61.8 61.3 61.2 61.6 61.4 60.5 60.5 61.5 61.5 61.2 61.4 61.4 61.6 60 57.3 54.7 49.3 51.9 46.1 48.5 53.9 60.7 61.7 61.9 61.7 61.8 62.5 62.3 62.8 61.2 61.8 63 63.8 64.5 64.8 64.5 64.3 63.9 64.3 66.2 68.6 69.5 70.7 71.2 72.7 75.1 77.6 79.3 80.6 82.4 83.4 84.4 84.6 84.6 84.3 84.9 84.6 84.3 83.8 81.9 80.2 78.9 77 75.3 73.4 71.1
39.5 40.6 41.8 43.5 45.3 46.8 48.6 50.5 52.4 54.1 55.5 56.6 57.7 58.6 58.8 60 60.4 59.8 59.1 58.3 59 59.1 59 58.8 60.2 62 62.5 62 61.4 60.9 56.1 50.7 47.5 48.2 46.7 48.6 59.3 61.9 61.8 62.2 62.3 62.5 62.7 63.1 63.5 64.2 64.4 63.5 62.5 62.4 63.4 64.3 63.9 63.3 63.9 66 67.7 69.3 69.9 71 73.8 77.1 78.8 80.2 81.4 82.6 84 85.1 86.1 85.9 85.2 85.4 86.4 86.7 86.2 85.4 84.6 83.4 81.7 79.2 76.6 74.8 72.8
40.4 41.4 42.6 45 46.8 48 49.4 51 52.9 54.6 55.4 56.5 57.6 57.9 58.1 58.2 58.9 58.2 56.5 55.3 55.9 56.3 56.9 56.7 60 62.9 64.4 65.1 64.9 63 55.4 49.6 47.6 60.9 62.6 64.9 65.1 65.4 65.3 64.9 65.1 65.2 65.1 64.5 64.4 64.7 65 64.9 64.4 63.5 64.4 64.6 64.8 65.7 67.1 67.4 68.6 70.3 70.9 73.1 75.1 77.4 79.7 79.8 81.1 82.2 83.4 84.5 85.9 86.5 85.4 86.4 86.9 87.5 87.1 86.4 85.6 84.8 83.4 81.5 78.4 76 73.8
41.1 42 43.4 46.1 48.3 48.2 49.6 52.2 53.7 54.5 55.3 56.4 56.4 57 56.9 56.6 56.6 55 54.7 54.8 55.2 55.7 55.7 56.9 60.6 63.1 65.5 66.2 65.8 64.4 55.5 49.5 56.8 65 66.2 67.9 67.9 68.1 68.2 68 68.2 68.1 67.3 66.5 68.7 67.4 66.4 65.9 65.8 65.3 66.6 66.9 68.4 68 68.2 67.8 70.3 70.2 72.1 73.4 75.1 77.3 79.2 78.4 80.4 81.2 82.4 83.6 84.5 85.3 85.7 85.5 86.3 87.1 87.1 86.5 86.5 85.6 84.4 83 80.7 77.6 75.2
42.4 44.3 45.4 47.2 49.6 50.4 50.9 52.5 53.8 54.4 54.7 53.9 53.4 53.5 53.1 52.6 53.2 53.1 53.4 54.1 54.8 55.8 56.4 58 60.7 62.9 65.3 66.3 66 64.6 58 51.2 51.2 61.4 66.9 68.5 69.1 69.4 68.3 69.6 69.7 69.1 67.1 67.2 67.7 68 68.2 67.3 67.3 69.1 70.8 72.5 72.7 73.6 75.1 76 75.2 75.7 76.9 77.6 78.1 78.8 79.4 80.4 81.3 82.1 82.8 83 83.6 84.3 85 85.8 86 86.6 87 87 87.4 86.8 86 84.5 83.2 80.1 76.9
44 46.6 47.5 47.2 48 49 49.1 49.5 51.2 51.3 51.1 50.7 51.2 51.7 52.6 53.1 53.6 53.9 54.8 55.5 55.4 56.3 56.1 57.5 60.6 62.4 64.4 66.4 66.4 64.6 62.6 54 48.1 54.9 61 65.7 67.4 68.1 67.3 67.3 67.7 67.5 66.3 66.9 68.3 68.9 69.3 69.5 70.9 71.7 72 72.8 73.3 73.8 74 76.2 77.5 77 78 78.6 79.4 80.2 81.9 82.7 83.5 83.6 84.2 84.6 85.2 85.8 86.6 87.1 87.5 88 88.4 88.7 88.5 88.1 87.1 86.3 84.5 83.4 81.3
44.1 44.9 44.6 45.1 45.5 47.2 47.2 48 49.4 50.5 51 51.2 51.5 52.4 52.9 53.3 53.8 54.8 56.2 57.2 56.7 56.8 57.3 60 61.1 62.3 65.2 66.4 66.7 65 65.3 60.9 53.2 49.5 62 63.1 64.2 65.6 65.8 65.8 66 66.2 67 68.2 68.3 69.4 70.3 72 72.7 73.3 74.1 75 74.6 76.7 78.2 78.9 79.6 80 80.7 81 80.9 81.1 81.3 81.8 82.6 82.9 84.5 85.5 86 86.5 87 87.4 87.8 88.2 88.5 88.5 88.3 87.4 86 84.6 84.1 83.7 82.9
