data/NY38.asc
ncols 200
nrows 200
xllcorner 330000
yllcorner 580000
cellsize 50
[rows 70 to 104 of 200, columns 79 to 157 of 200]
185.7 178.9 168.6 162.1 155.4 153 150.5 159.5 170.6 186.5 196.5 195.6 198.9 203.3 208 212.4 214.2 212.9 211.5 206.9 193.3 176.8 156.6 136.4 120.1 106.1 100.3 92.5 80 83.3 86.8 89.5 104.4 111.4 119.2 126.6 134.3 144.8 159.1 173.3 186.9 198.7 216.9 235.9 252.8 266.9 269 263.2 247.2 228.2 208.5 187.6 172.7 161.5 150.1 139.1 130.5 123.2 118.2 112 108.9 104.4 107.2 90 90.2 88.5 107.7 115.4 118.3 122.7 127.5 135 145.4 152.8 158.9 163.8 167.1 170.5 174.2
197.1 181.3 168.8 160.2 157.1 155 152.6 163.9 173.9 184.4 191.1 190.4 192.1 189.8 193.7 200.1 198.2 197.3 194.5 193.8 184.5 169.8 151.4 131.4 114 104.9 99 90.8 81.8 83 86.7 95.6 106.1 112.3 118.9 128.3 142.9 152.9 165.3 178 192.5 204.8 223.1 242.4 260.1 272 263.9 255.1 237.8 216.5 198.8 181.6 161.1 154.4 143.6 133 126.3 119.7 113.9 108 102.5 105 103.9 89.5 90 88.2 109.9 113.8 116.5 121.8 129.2 140.1 148.3 154.7 160.7 164.7 168.1 171.3 174
202.2 183.4 170.9 163.4 160.1 157.4 155.3 161 172.2 179 185.5 188.4 181.3 173.7 174.6 177.6 180.6 183.4 182.7 180.9 173.2 159.8 145.3 128.2 110.3 102.6 96.6 88.7 82.7 80.8 86.7 96.5 105.9 113.3 121.6 133 151.4 164.5 174.6 184.8 200.4 215.2 231.8 251.8 270 272.1 258.8 244.8 228 207.2 192.2 175.2 160.5 147.7 136.9 127 121.7 115.5 107 102.2 99.1 96.9 88.8 89.8 89.4 92 108.8 114.3 118.6 123.8 133.3 142.3 150 156.1 161.6 164.9 168 170.5 173.1
204.5 188.5 174.7 170.9 166.4 164.3 162.5 157.6 160.8 168 181.9 189.5 175.5 167.2 163.3 164.5 165.4 173 171.7 167.5 160.9 150.2 137.9 122.5 108.7 100.4 95.2 91.3 82.7 79.9 86.6 95.9 106.2 114.5 123.6 142.8 157.7 171.9 184.4 195.6 211.3 227 242.6 262.9 275 269.9 252.1 235.4 218.8 198.2 185.8 168.8 153.5 141.5 130.7 122.2 114.5 107.6 99.8 92.8 88.1 88.8 88.9 88.7 87.8 97.9 112.8 116.4 121.8 129.6 137.1 144 150.9 157 161.7 164.6 167.2 169.6 172.2
204.3 192 183.7 181.7 179.2 180.8 179.1 170.4 157.3 153 169.4 181.6 165.3 156.6 155.8 153.7 156.3 158.7 156.4 154.4 149.5 139.9 129.5 116.6 107 99.1 93 89.2 82 81.1 88.9 99.6 108.7 116.4 129.8 149.8 165.1 178.6 193.5 208.4 225.3 242.7 257.7 272 272.4 265.4 245.5 227.2 210.6 191.2 178.2 161.3 147 135.8 125.9 116.9 110 98.4 93.8 87.8 88.5 89 88.3 87.5 103.9 97.4 108.3 119.7 125.6 132.4 139.2 145.7 151.6 156.6 160.9 163.8 166.3 168.8 171.3
208.1 192.4 185.6 192.7 193.8 194.9 192.9 187.5 167.6 147.2 147 163.6 156 146.3 147.3 145.2 144.7 141.7 140.4 140.3 137.9 131.6 122.2 112.8 104.2 97 90.3 86.8 82.5 82.1 90.7 103.2 112.4 121.4 139.6 157.1 173 188.7 206.1 223.5 240 255.3 267.8 269.1 263.2 252.5 235.7 218.5 200.2 182.8 167.8 155.6 142.4 131.8 123.3 114.3 98 95.5 92.3 87.6 88 88.1 85.7 95 110.9 114.1 98.2 113.5 126.2 133.3 140.5 146.8 152 156 160 162.3 164.9 167.6 170.3
209.3 205.5 201.4 205.8 208.5 211 209.7 199.6 181.9 154.3 146.6 144.9 139.4 135.6 138.9 137.7 135.1 129 126.5 126.9 125.8 122.3 115.5 110.2 102.2 94.9 88.6 85.9 82.2 81.9 96.1 107.8 122.9 138.6 153.8 168.4 183.3 200.1 219.3 236.7 252.9 264.4 268 264.3 256.1 241.6 224.6 208.4 190.6 175.2 161.4 149.9 137.3 127.5 119 111.5 95.5 93.2 90.1 88.1 87.4 87.5 88.7 104.8 117.2 121.1 108.8 111.3 127 134.3 141.1 146.9 151.4 155 158.4 160.9 163.5 166.4 169.1
215.3 210 214.3 219.7 223 224.6 219.2 211.1 195.1 169.3 151.2 145.4 140.9 132 131.9 131.7 130 125.8 118.8 116.7 116.9 115.2 110.7 106.4 98.4 92.1 87.2 85.6 82.3 87.4 101.3 118.7 139.6 152.4 163.9 178.4 190.2 207 226.5 240.2 256.4 261 262.2 257.6 245.7 228.8 212.6 196.9 181.7 167.7 155.1 143.6 132.9 123.9 115.8 107.8 94.3 91.7 89.7 87.7 87.2 85.1 108 116.7 122.8 126.3 124 106.1 124.5 136.8 141.9 146 149.4 153.3 156.6 157.1 161.2 162.1 164.7
221.4 223.6 229 233.9 235.7 233.9 224 214.3 201.3 187.1 165.1 153.6 144.9 135.7 129.4 123.8 123 120.2 114.5 111.5 111.5 108.6 106.5 99.5 94.1 89.6 86.2 85.1 78.2 95.1 106.6 126.6 147.8 157.3 168.9 179 190.8 203.7 221.7 235.3 250.6 255.1 255.2 246.5 233.2 216.8 202.8 187.9 171.8 158.8 146 136 128.5 118.9 112.2 106 100.6 89.5 89.4 87.3 85.3 103.8 115.3 123.9 127.5 130.4 131.2 127.8 113.2 125.8 131.3 132.7 141.6 146.7 147.3 156.4 159.4 164.5 169
232 237.4 245 248.9 247.6 238.6 227.4 216.6 207.9 194.8 175.5 160.9 152.6 143.8 137.5 132 123 115.1 109.9 107.3 107.6 104.8 99.8 94.7 90.7 85.9 84.9 78 83.5 100 112.6 130.6 147.7 157.3 168.3 176.4 186.7 199.2 211 226.2 241 250.5 247.7 234.9 220.2 205.2 193.3 177.2 161.6 150.3 141.5 132 124.3 116.7 111.7 104 98.4 89.4 87.8 83.1 90.4 114.3 122.3 128.1 132.2 134.4 136.3 136.9 133.1 127 121.1 139.6 147.3 150.4 154.2 161.4 164.3 166.2 171.1
246 253 259.1 261.4 257.1 244.5 230.3 220.3 211.6 199.3 183.4 168.9 160.6 156.3 151.2 144.9 132.6 121.1 112 105.6 104 102.6 95.2 89.4 85.2 84.7 76.6 84.3 94.3 103 116.8 130.1 143.6 153.2 161.8 170 180.7 192.6 202.9 211.2 225.8 239 236.8 224.7 209.8 195.4 182.9 168.5 151.6 143.6 134.4 127.4 120.5 113.1 109.7 102.6 98.2 89.1 87.6 88.8 101.2 119.5 126.5 131.5 135.4 139 140.9 141.9 142.8 142.6 140.8 141.9 150.6 150.7 157.3 163.1 167 171.5 174.6
256.5 266.3 271.7 269.8 263.5 254.8 242.5 232.5 223.2 210.2 191.4 177.4 179.6 176.4 170.9 158.2 144.1 129.2 115.3 106.3 96.4 99.1 91.6 84.8 83.7 77.7 81.7 91.8 97 104.9 117.3 127.4 136.7 144.6 153.3 162.4 172.2 184.1 196.4 208.4 218 225.9 226.5 213.8 201.2 186 172.7 158.3 148.7 139.8 131.8 123.9 118.9 110.2 105.8 102.7 96.9 92.6 85.3 88 105 120.4 127.4 133.8 139.2 142.5 146.7 149 149.9 148.3 147.6 151.7 150.9 149.7 158.7 165.7 169.8 173.7 177.6
268.9 278.7 284.2 282.1 275.1 266 256.2 243.9 231.9 217.6 197 197.8 199 197.3 190 176.5 156 138.8 122.6 110.4 101.6 93.3 87.4 83.9 80.1 78.2 87.9 93.4 98.8 104.4 112.1 121.2 127.5 134.7 143.4 154.5 164.2 175.8 188.4 202.8 214.9 218.1 214.9 203.1 190.9 177.5 165.5 153.9 147.7 139.7 127.5 120.1 115.6 109.6 104.5 103 96.3 90.9 85.4 88.2 109 124.4 132.8 137.3 142.8 147.2 151.2 155.4 157.4 156.7 154.6 154.5 157.4 160.1 158.6 166.6 171.6 175.6 180.2
282 288.7 292.4 292.6 286.5 275.4 267.3 255.4 240.7 224.2 217.7 217 217.8 214.8 204.3 189.8 169.6 149.6 129.3 111.6 100.1 91.7 85.3 81.9 75.6 81.4 89.3 92.5 97.3 101.7 106.8 114.5 117 123.8 134.2 145.6 155.5 166.9 178.1 192.5 206.2 210.3 204.5 192.4 178.8 169.7 159.2 150.4 143.5 133.8 121.7 113.3 110.7 105.9 103.4 101.7 96.7 84.9 81.2 88.5 113 129.8 136.6 142.1 145.9 151.2 156.6 160.9 163.1 163.8 161.3 161 163.8 168.3 165.3 166.3 174.1 178.6 183.3
289 293.8 298.2 299.1 293.6 284 277.1 266 253.2 242 235.4 235.1 235.5 230 216.6 201.3 179.1 155.9 134.6 115.7 102.3 88.2 82.8 75.4 79.9 86.5 88.4 91 94.1 99.5 101.7 108.4 110.7 112.1 123.5 135.8 147.4 157.7 169 180.3 194.7 199 193 183.4 169.5 160.9 152.7 144.7 138.5 129.4 118.1 112.6 109.5 106.2 102.5 101.1 89.1 82.4 85.7 93 120 133.5 139.9 145.1 149.3 154.4 160.7 165 167.7 168.7 169.3 168.2 170.1 173.3 170.5 175.6 175.2 181.6 186
293 300 304.8 305.7 300.1 293.8 289.2 280.9 270.2 260.7 255.3 254.7 252.1 241 226.1 208.3 186.7 161.4 140.2 118.1 102 87.2 79.8 77.7 86.2 85.3 87.4 88.7 92.4 97.4 100.5 103.9 106.1 108.5 116.3 125.9 137.8 147 159.3 170.3 180.2 185.6 183.1 171.9 162.9 154.8 147.3 140.1 132.2 123.5 115.1 109 108.4 108.1 104 100 83.9 84.5 85 110.1 125.3 135.8 142 147.5 151.9 158.5 164.5 168 170.5 173.3 176.6 176.3 177.2 179.4 179.9 180.2 181.7 184.3 188.9
293.2 299.2 305.8 310.8 309.8 305.1 302.5 296.1 289.9 285 280.1 277.1 270.4 252.7 235.1 219.1 192.9 167.9 144.7 123.6 103.9 87 75.2 85.5 85.2 85.9 87 86.6 88 93.5 99.4 101.5 103.3 107 111.7 120.5 132.2 140.5 147.6 157.2 165.5 171.7 171.7 164.7 156.5 149.8 142.1 135.4 126.5 119.3 113.3 108.2 107.1 106.2 97.2 81.9 84.2 84.7 95.9 118.6 132.4 137.9 144.1 149.8 155.7 162.9 168 171.6 174.2 177.4 181 182.6 183.8 183.6 183.5 181.6 186.3 187.4 192
287.8 293.1 299.8 305.1 310.6 310.5 311.3 309.8 307.2 305.3 302 295.5 284.6 265.7 242.1 224.7 201.2 175.9 152.4 134.2 109.7 93.2 75.5 84.1 85 86.2 86.3 85.9 85.4 87.3 93.2 98.3 100.5 103.7 108.9 114.3 124.9 135.5 141.9 147.6 154.1 163.5 165.2 157.7 148.6 141.7 135.4 128.9 120.7 114.2 110.4 104.4 91.6 86.4 79.9 83.7 83.3 103 120.5 130.6 135.9 141.2 146.3 152.3 159.8 166.9 171.6 175.5 178.2 181.3 184.6 186 187.2 187.6 187.8 189 193.2 196.4 199.8
281.6 286.1 292.2 296.7 305.8 311 310 312.4 320 320.4 319.3 309 294.7 275.9 251.5 228.6 207.1 188.9 165.8 141.9 119.6 103.7 75 83 83.6 85.5 85.6 85.4 84.8 84.6 83.9 85.5 94.1 99.5 104 109 117.8 128.4 136.7 142.8 149.8 155.9 157.5 150.2 142.2 136.2 129 122.9 115.1 107.8 97.3 83.1 82.6 79.3 83.1 94.5 109.4 120.6 127.3 133.2 138.4 142.9 148.2 155.9 163.9 169.7 175.6 179.3 182.3 185.4 186.9 188.7 189.9 191.1 191.9 193.2 197 202.6 206.4
271.6 275.7 282.2 287.7 296.4 302.1 303.9 311.6 322.4 325.9 326.2 320.8 306.9 283.3 259.2 237.4 218.5 198.7 179.5 159.5 139.3 113.2 94.5 75.7 82.9 83.8 85 85 84.4 84.2 83.9 83.5 83 89.7 99.5 104 113.3 121.3 130.1 137.3 144 150.7 151.1 142.7 135.3 129.3 123.2 117.8 104.5 85.8 82.1 81.6 78.2 82.9 100.3 112.1 117.2 123.1 128.9 134.6 140 144.9 152.2 160.2 167.8 172.9 178.3 182.7 184.6 186.6 187.9 190 191.5 193.2 195.2 196.8 201.6 205.6 212.8
257.9 261.5 268 275.2 284.8 289.6 295.2 308.4 317.1 320.6 319.6 315.9 309.5 295.1 273.4 252.3 232.9 214 197 179.6 161.1 135.5 111.4 94.9 77.6 81.6 84.4 84.7 84.4 84.3 83.9 83.6 83.1 83.1 93.6 98.2 104.5 114.4 123.8 131.8 138.3 143.3 142.6 136.1 129.6 122.8 116.4 108.2 83.8 81 81 81 82.7 91.7 105 113.8 118.7 124.5 130.3 136 140.8 146.5 154.4 162.6 168.7 173.7 180.7 182.9 183.8 185.5 187.1 189.6 192 194.7 197.8 200.4 204.9 210.2 215.3
247.4 250.7 255.7 262.2 270.2 277 287.4 301.1 309.1 313.6 313 310.1 304.8 296.2 285.5 272.7 253.3 232.4 217.8 201.3 181.6 156.4 130.1 112.6 98.7 76.2 76.6 84.1 84.5 84.3 84 83.6 83.2 83.5 83.4 89.5 96.3 106.5 116.8 127.9 133.9 138.6 135.1 129.1 123.5 117.2 111 100.1 80.6 80.3 80.7 77.7 85.3 87.7 91.2 113.3 121.3 126.5 131.5 136.2 141.1 147.8 155.7 162.4 166.9 170.7 176.6 178.4 181.6 183.6 186 188.7 191.1 194.7 200.2 204.5 209.7 214.7 223.8
237.2 240.6 246.5 254.3 259.1 267.3 279.2 291.2 299.9 303.1 304.5 303.8 297.6 290.5 283 279.6 267 250 235.2 223.6 199.5 175.7 155 130.3 115.2 106 86.2 73.8 80.1 84.3 84.1 83.5 82.7 82.7 82.9 82.7 86.2 94.1 105.1 117.4 129 133.3 129.7 123 116.8 111.9 106.5 94.9 79.5 79.8 80.2 84 84.3 96.4 112.5 106.8 109.3 117.1 124.3 134 140.6 147.4 154.4 159.7 162.8 166.6 170.8 174.3 178.3 182.2 184.8 187.5 190.7 195 201.3 206.5 213.3 221.9 230.5
225.2 230.8 236.5 243.2 251 257.6 270.3 279.5 287.2 291.1 290.8 290.8 287.6 281.3 276.6 274.2 266.1 250.1 239.8 229.5 210.7 187.9 167.6 149.6 128.7 115.2 105.2 90.4 76.2 73.8 81 82.6 81.9 82 82.2 81.4 80.8 82.3 87 98.5 114.2 127.1 123.5 116.9 111.8 107.5 103.9 96.8 79.1 79.5 79.3 82 82.1 100.5 117.3 126.9 115.8 110.1 117.4 118.6 134.6 139.1 145.9 153.7 156.9 153 158.2 167.2 173.8 177.8 183.5 187.6 190.8 195.2 199.7 208.8 217.6 227.1 237.1
212.6 220.1 226.1 233.2 241.2 250.3 260.6 270.5 277.2 279.5 282.1 285 279.9 272.2 270 265 259.1 249.2 236.9 226.6 211.4 191.7 172.4 155.9 135.1 119.9 115 109.8 98.4 86.6 76.2 73.8 80.7 81 81.3 81.1 80 79.9 79.2 79.5 93.1 109.2 117.7 112.7 106.7 105 102.8 95.3 79.4 78.8 77.9 81 97.2 115.3 124.3 130.7 131.1 129 132.9 133.9 129.6 135.7 143.6 138.7 143.4 163.8 167.3 169.6 175.4 181.4 184.5 188.6 194.3 199 208.2 209 222.3 234.1 244.2
215.6 205.5 215.4 222.2 232.1 243.2 255.6 262.7 269.7 277.1 282 284.5 280.7 268.6 262.2 261.6 256.2 248.3 239.4 226.8 212.2 194.4 173.4 157.4 148.1 141.5 134.9 126.4 115.1 108.6 97.7 85.9 76.4 73.4 80.3 80.3 80.1 80.6 79.4 79.6 78.7 83.8 94.4 102.7 103.8 96.2 91.8 80 78 77.8 79.2 101 113.6 122.8 131 135.4 135.9 133.9 134.2 138.9 143.2 143.9 145.6 147.4 154.6 164.6 171.3 176.6 178.7 184.1 188.3 196 201.3 203.8 207.2 221.1 234.8 241.4 252.7
215.2 209.2 201.5 210.1 222.7 236.6 250.8 259 266.3 272.9 276.1 276.9 271.5 262 256.4 258.8 254.5 250.8 245.5 234.9 219.5 205.1 190.7 178.6 168.4 160.6 152.4 142.1 129.7 121.4 112.8 105.3 94.5 85.3 74.3 73.3 79.8 79.6 78.9 79 78.2 77.8 77.2 77.8 79.4 79.9 77.9 77.1 77.1 76.4 81.4 110.7 118.5 126.7 136.8 140.4 141 139.7 138.1 140.3 144.5 147.7 151.9 156.7 161.5 168.4 175.7 180.7 184.8 188.2 192.1 201.5 205.7 216.4 216.9 230.9 242.8 250.1 262.4
214.7 206.8 198.3 200.6 213.7 225.4 237.3 248.1 256.5 263.5 267.1 268.6 260.8 252.4 250.5 254.8 253.7 257.5 255.6 245.4 231.1 219.3 206.4 196.7 185.8 177 167.5 157.4 147.6 135.1 124 115 108.8 101.1 94.3 81.1 72.4 77.1 78 78.4 77.9 78 77.2 76.7 76.3 76.9 77.1 76.7 75.2 79.9 95 113.2 119.5 128.6 136.9 141.9 145.6 146.9 146 144.7 145.5 149.9 154.6 159.4 165.8 174.3 181.5 187.2 194.1 198.1 206.1 210.4 211.9 221.5 232.7 240.3 250.3 259.9 272.8
212.8 203.3 196.1 193.1 203.4 215.8 226.6 236 246.3 253.1 255.5 256.3 250.1 247.8 246.9 248.8 253.3 260.9 261.1 255.6 244.3 233.5 223.3 214.2 202.4 192.6 181 170.9 160.8 148.3 134.4 122.1 113.8 106.5 99.7 97.1 85.4 72.7 76.4 77.8 78.2 78.3 77.7 76.7 76.3 76.5 76.6 74.5 85.4 93.1 108.7 113.5 117.3 129.6 137.2 143 147.1 151.6 151.6 150.1 149.3 153 157.8 162.3 168.7 179.4 187.6 195.8 201.7 206.8 208.8 214.3 223.6 230.7 237 247.9 257 270.1 282.7
223.3 203.8 193.4 185.4 197.4 205.9 216.5 225 235 241.7 245.4 246.3 243.4 242.6 241.6 244.6 252.3 258.9 260.8 260.7 254.1 244.6 236.8 228.5 215.9 203.5 192.3 183.3 172.5 158.5 143.5 129.9 117.7 108.4 101.7 96.8 92.9 81.2 75.1 72.3 77.2 78.2 77.7 76.7 76.7 75.6 75.8 77.6 87.1 104.6 107.6 113.2 119 127.2 135.4 141.8 148.7 153.3 155.6 155 153.8 158 162.2 166.9 174.3 184.9 192.8 200.3 206.3 212.2 214.3 222.8 228.6 234.3 242.8 253.3 266.7 279.9 294.7
231.8 209.3 191.2 182.3 191.3 198.3 206.8 215.1 223.9 230.8 235.4 236.4 235.5 235.4 233.8 243.4 250.9 256.2 259.4 257 253.4 247.5 242 232.9 222.2 207.2 197.1 190.3 182.3 164.3 148.7 134.6 122.4 112.1 102.9 97.5 93.4 80.9 78.9 77.3 72.1 75.8 76.6 76.5 77.3 76 74.4 75 79.9 101.4 104.9 113.5 121 127 134.1 143 150.6 154.7 156.4 157.5 158.4 161.2 166.5 172.1 180.4 187.8 196.1 204.8 210.5 214.2 222.8 226.1 233.4 239.1 252 263.1 277.6 293.4 307.1
241.1 218.5 193.2 181.6 185.4 191.3 196.4 204.5 213.1 219.5 226.4 228.3 229.2 228.5 229.3 236.9 245.3 252.9 255 252.4 251.2 245.6 237.8 230.2 224.7 208.4 196.5 188.6 182 167.6 151.8 137.2 124.1 114.1 106.8 98.6 93.8 82.7 78.9 78.5 76.5 72 73.8 76.2 76.4 75.9 74.9 74.2 76.2 100.2 102.6 114.1 118.7 124.2 131.5 143.4 150 155.7 156.7 159.3 160.6 164 169.7 176.4 184.3 189.6 200.3 210.5 216.1 221.6 228.6 233.6 238.2 246.8 260.5 274.2 289 304.1 315.8
245.1 226 201 181.9 176.3 184.7 188.8 194.7 203.7 210 217.9 221.4 223.9 223.2 225.9 231.9 237.4 242.5 246.7 246.6 243.7 238.6 231.1 225.5 222.6 211.5 195.9 186.8 178.7 168.3 153.2 138.7 126.6 117.1 108.6 101.5 96.7 82.7 78.6 77.3 77.4 76.2 72 72.8 75.9 75.7 74.8 73.2 76.2 95.6 101.4 114.7 118.2 121.5 129.9 141.5 148.8 154.6 157.6 159.9 162.8 166.8 172.1 179.5 186 192.2 204.9 215.4 221.4 226.7 233.8 243.1 249.5 257.3 268.4 281.8 297.6 312.4 324.2
246 229.5 206.1 186.5 172.9 176.1 181.8 186.5 194.8 203.1 210.5 213.8 217.1 216.8 217.6 225.8 234.1 236.6 237.2 237.5 235.1 230 226.8 220.5 216.4 205.9 194.6 184 175.7 165.5 152.4 138.6 127.2 116.7 109.1 103 100.4 83.3 77.5 77.5 77.6 77.2 76 75.7 71.7 72.8 74.1 72.9 77.6 88.2 99.8 113 116.2 120 129.8 139.5 146.6 153.4 156 159 163.9 169.6 174.6 181 187.5 195.1 206.6 217.6 224 230.5 239 252.8 262.3 267 277.4 289.9 307.7 323 332.5
244.7 229.5 209.2 187 178.8 167.2 177.2 181.9 188.4 196.9 203.9 207 210.3 209.6 209.7 215.7 224.4 228.9 228.8 227.6 226.2 221.3 218.3 212.3 209.5 200.5 189.9 180.8 171.8 162 149 137.5 125.8 116.4 108.7 104.3 100.7 84.3 77.7 77.8 77.5 77.2 76.5 76.1 75.7 75.2 72.2 73.2 79.1 90.2 101 111.9 113.6 119.9 130.1 136.6 143 152.2 155.4 157.4 163.8 171.7 178.3 183.9 188.6 198 207.1 216.4 224.6 233.8 246.8 257.2 271.9 277.9 283.5 296.9 315.7 330 338.6
