data/NY48.asc
ncols 200
nrows 200
xllcorner 340000
yllcorner 580000
cellsize 50
[rows 0 to 34 of 200, columns 79 to 157 of 200]
458.4 455.5 453.2 451.3 449.2 446.2 442 437.7 430.1 430 428.2 425.3 422.8 419.1 415.4 410.8 406.1 400.1 394.3 388.2 381.7 373.5 366.9 359.7 346.7 337 350.6 354.7 355.2 352.9 350.1 346.3 342.5 339.4 335.9 333.1 317.6 325.5 326 323.9 321 316.9 311.3 305.6 300.7 295.6 290 284.7 280 275.5 270.5 263.2 256 250.3 239.3 238.8 233.3 230.2 226.7 223 220.1 218.7 216 212.2 206.7 200.4 192.5 189.4 193.1 196.8 194.6 192.2 187.8 176.5 172.4 168.7 158.8 160.2 162.3
459.2 453.8 450.3 449.5 447.3 444.9 441.1 437.3 431.7 422.2 422.2 421.7 418.3 416 412.2 408.1 402.6 397 392.1 387.1 380.5 372.9 365.7 358.6 351.6 335.7 335.9 347.7 343.1 344.8 343.2 341.8 338.1 333.7 329.3 325.6 316 313.4 319.1 317.2 314.7 311 305.7 300.1 294.9 290.4 286.1 280.7 275.6 271.2 266.8 260.9 254.2 248.1 241.9 232.5 229.8 227.4 223.9 221.8 218.6 215.6 212.5 211 203.5 200.6 194.5 185.8 191.6 195.2 193.2 189.9 184.9 176 169.2 166.6 160.4 157.5 160.9
458 453.2 449.3 446.1 441.6 442.1 438.6 435.1 430.2 423.5 419.2 416.4 413.7 412 408.9 404.3 399 394.5 390.1 384.1 377.7 370.9 364.1 357.3 350 340.3 324.2 340.7 338.7 331.6 337.9 336.4 334.2 329.5 325.5 321.8 316.5 302 311.9 310.2 307.4 303.7 299.5 294.5 289.2 285.5 282.2 276.8 271.6 267.3 263.2 258.1 251.7 246 240.3 233.4 229.4 224.4 220.9 218.8 216.2 213.1 210.9 207.5 200.4 198.1 190.8 182.9 189.4 193 191.8 186.9 181.6 172.6 167.8 164.2 159 153.6 159
457.3 453.2 450.9 444.6 439.2 439.3 434.5 431.5 427.1 423.4 418.9 411.8 410.6 405.2 404 400.7 396.4 392 387.6 381.8 375.8 369.4 361.5 353.5 346.8 340.2 326.3 325.9 329.1 325.4 332.2 331.8 330.2 326.8 322.5 318 312.5 299.9 298 302.8 299.8 295.7 292.1 287.6 283.5 280.3 277.3 272.5 268.2 264.2 260 255 248.9 243.3 237.7 233 227.9 221.6 219 216 213.7 211.3 211 207.8 203 198.2 188.4 179.2 189.9 191 189.2 184.7 178.9 171 167.1 163.5 161 153.6 153.3
457.3 453 450.7 445.3 441.1 437.2 429.6 430.4 423.7 419.6 417 412.6 407.1 399.6 399.1 396.7 393 389.2 385 380.3 374.2 367.7 359 349.7 341.9 336.9 330.8 315.3 320.7 321.2 325.9 326.9 326.1 323.3 320.7 315 309.8 302.4 288.9 291.6 291.6 287.9 283.6 280.7 277.7 274.8 271.9 268 264.8 260.9 256.8 251.8 246.1 240.6 235 229.4 225.2 221 216.3 211.8 210.4 211 210.7 206.4 202.2 197.3 190.1 176.6 186.7 189.4 185.9 182.4 176.1 169.3 165.5 161.6 158.7 155.4 151.1
458.1 453.9 450.6 447.3 443.2 439.3 434.2 430.8 423.7 417.2 409.6 408.5 404 398.2 390.5 392 389.3 385.5 382.9 378.6 372.5 365.3 356.9 347.7 338.5 332.5 327.3 314.8 309.8 317.6 321.8 321.1 321.3 319.9 315.4 312.3 307.3 302.1 292.4 278.6 280.4 279.9 276.7 274.4 272.7 269.7 266.7 263 261.4 257.5 253.6 249 243.2 237.1 231.4 227.4 223.5 218.1 214.3 210.6 207.9 209.7 207.9 203.7 199.7 195.5 188.6 173.9 183.8 184.8 182.8 179.3 173.1 167.9 164.6 161.3 158 156.6 152.4
458.8 455.3 451.8 448.3 443 438.7 433.6 428.7 423.5 417.5 411 404.3 399.8 394 389.8 383.7 384.9 381.1 378.4 374.8 369.9 362 353.7 343.6 336 329.6 322.4 313.4 299.7 309.8 315.4 317.8 317.2 315.1 311.2 308.1 304.7 299.6 292.9 284.5 272.1 266.4 269.5 268.3 267.1 265.1 262.1 258.4 256.6 253.8 250.5 244.5 238.3 232.5 228.2 224.2 219.7 216.3 213.5 210.5 205.9 200.1 204.1 201.4 197.3 192.8 184.9 172.1 178.5 180.7 179.3 175.2 170.5 167.3 164.1 160.8 156.8 155.6 155.5
458.2 454.6 451.3 446.6 441.3 438 433 427.9 422.6 417.8 409.7 403.1 392.7 390.2 386.8 379.9 381.1 377.7 374.8 370.9 366.1 358.8 349.7 340.8 334 327.5 320.7 314.2 304.6 298.9 309.4 313.3 312.8 310.2 307 304 300.9 296.7 290.4 284 276.5 262.3 261.1 262.6 261.6 259.6 257.5 254.6 252.6 250.1 244.8 238.9 233.5 229.4 225 220.8 217.3 213.7 211.1 209.3 202.6 196.9 201 198.2 193.7 189.1 181.7 170.1 177.1 180 177.4 171.9 168.8 165.9 162.9 159.9 155.7 153.3 154.2
457.4 453.7 449.9 444.9 440.1 437.3 432.1 426.9 422.1 414.7 407.7 400.4 392.9 385 381 380 370.1 373.5 371.1 367.3 362 355.4 347.9 338.8 332.3 325.7 319.4 311.2 303.8 289.6 290.9 302.1 308.3 306.1 303.9 301.4 297.8 293.8 287.8 281.1 274.7 267.5 256.6 254.3 254.8 254.5 251.8 250.9 248.4 244.5 239 232.1 228.2 224.5 220.6 217.2 213.9 210.7 206.9 203.6 202.9 199.5 189.1 191.6 187.1 185.1 180.8 173.5 167.5 175.2 173.7 170.2 168.2 165.4 162.6 158.2 153.5 151.4 151.8
455.2 452.2 448.7 443.7 439.7 434.6 429.9 425.1 418.7 411.3 403.9 397.8 391 384.6 378.7 369.3 368.9 369.2 366.5 363.9 358.8 352.1 345.3 337.6 330.5 323.4 316.7 310.4 303.6 301 290.1 290.5 302.6 301.3 299.5 297.7 293.9 289.7 284.5 277.8 271.5 265.4 259.3 251.7 245.5 249.6 248 246.2 243.1 238.6 233.3 227.6 222.9 219.3 215.9 211.8 209.8 206.3 202.9 200 199.6 196.2 187.6 181.6 183 181 177.8 172.3 161.4 171.1 170.4 168.5 166.8 165 162.1 157.1 153.3 150.4 148.1
451.3 448.8 445.7 442.2 437.3 432.5 426.5 421.1 414.9 407.4 400.4 394.2 389.6 384.9 380.3 373.3 366.8 359.1 361.4 358.9 354.2 349.2 341.8 334.7 328 321.1 314.6 308.2 301.5 296.8 284.2 288 295.5 295.9 295 292.8 289.8 285.3 279.9 273.8 267.5 261.5 257.1 250.9 242.3 241 241.8 239.7 236.7 232 227 221.5 217.5 214.2 210.8 208 205.2 201.7 198.2 195.1 194.5 193.4 188.8 176.3 175.8 176.3 173.9 170.6 159.9 164.6 166.2 165.1 164.5 163.4 162.9 159.8 156.2 151.4 148.5
449.2 444.7 441.4 438.3 433.5 430.8 424.1 418.7 412.1 405.2 397.7 393.5 389 383.2 379.4 373.3 370 362.3 352.2 349.1 350 346.5 339 333 325.8 318.3 311.3 304.6 298.8 292.7 285.5 277.8 288.2 289.4 290.2 288.1 285.2 280.5 274.2 267.9 261.7 256.5 252.3 248 241.6 230.9 234.7 234.2 230.1 225.6 220.8 215.1 211.9 208.9 205.5 201.5 198.5 196.4 193.8 190.6 189.7 187.6 184.3 174.8 168.8 170.3 168.7 165.8 157.7 158.3 163.9 165.8 166.1 167 167.2 163.1 159 155.5 153.9
446.2 441 438.1 434.4 430 427.4 423.7 419.6 409.1 403 395 390.5 387.2 382.8 378.5 371.3 367.3 361.3 356.8 351.3 339.5 341.1 336 330.5 322 315.3 309.1 302.3 294.9 288.6 283.2 272.3 276.2 283.7 284.4 283 280 275.3 269 262.6 256.8 252 247.8 243.6 237.3 222.7 226.2 227.5 223.5 219.2 214.4 210.5 205.2 202.7 198.2 195.2 190.4 189.1 187.1 182.9 182.7 181.3 177.5 171.4 161.3 159.9 163.2 162.8 156.8 160.7 170.8 171 173.2 170.1 170.1 164.7 161.2 158.5 156.8
444.7 439.9 435.4 432.3 428.1 425.2 420.9 416.1 407.4 400.3 393.3 389.4 384.9 382.5 377 372.6 366.7 361.4 357.1 352.8 344.9 331.2 322.9 324.3 318.9 312.2 306 298.9 290.5 285.8 280.5 266.8 267 277.4 278.9 277.6 274 269.5 263.4 257.9 252.5 247.4 243 238.2 233.4 224.2 208 220.2 216.7 212.6 208.2 203.7 197.9 194.5 191.4 187.5 183 181 179.7 176.3 175.1 172.6 168.1 163.7 161 155 160.5 161.1 149.5 162.7 170 173.2 173.9 172.9 170.7 166.1 162.7 160 158.9
443.4 438.2 433.2 430.3 426.1 419.7 417.5 411.6 405.1 398.9 392.7 388.1 383.5 379.3 374.1 370.6 366 359.9 356.2 352.3 347 339 327.8 314.6 308.4 301.6 295.3 291.4 285.5 281.9 274.3 271 258.2 269.8 273.5 271.2 267.5 263.2 257.8 254.5 249.8 242.2 237.1 232.3 228.2 223.8 207.9 211 208.5 204.5 200 195.7 189.9 188.3 183.5 178.8 174.4 172.7 170.1 167.8 165.8 165.1 161 158.2 154.5 149.6 154.2 159.9 151.6 151.6 165.2 172 173.4 172.5 170.2 167.4 163.7 160.3 160
442.8 437.4 432.1 426.7 421.2 415.9 411.2 406.3 401.5 395.9 389.7 384.5 380.6 377.5 372.3 367.8 363.8 358.6 354.4 350.4 345.9 338.9 332 323.4 314.3 304.7 296.5 283.2 275.3 271.9 264.9 259.9 250.3 263.5 268.2 265 261.5 257.5 254.9 250.6 244.9 237.1 231.6 226.6 222 216.5 200.4 203 200.3 196.5 191.8 187.2 182 178.2 175.5 171.2 167.4 164.6 162.7 160.2 157.9 156.1 152.4 148.9 148 146.9 147.3 152.9 154.6 148 161.1 169.4 172 171.2 170.5 167.7 164.5 160.8 160.5
441.9 436.6 431.4 423.7 415.2 409.8 404.7 400.7 396.1 391.6 386.7 381.5 378 373 368.5 364.7 359.4 357 352.4 350.4 344.5 338.2 331.5 324.5 317.7 310.6 301.1 291 282 273.3 270.5 260.5 251.1 247.3 260 257.6 253.5 252.2 249.4 245.1 238.5 231.1 225.2 219.2 212.3 209.7 196.5 193.9 189.9 182.4 177.5 177.1 171.5 167.2 166.6 159.4 159.3 159 156.8 154.3 150.2 148.7 147.8 147 143.9 140.9 140.4 144.5 147.9 147.5 157.2 164 168.9 170.8 170.1 167.3 164.2 161.1 159.8
439.7 435.6 428.9 419.6 409.7 403.8 399.7 395.8 393.2 388.5 383 379.2 374.6 369.7 364.6 361.5 358.1 354.2 350.3 347.9 342.9 337.4 331.4 323.6 316 308.6 303.1 294.1 286.5 279.2 274.4 270.3 263.2 243.1 250 241 237.8 243.9 243.1 238.9 230.9 222.4 217.8 212.5 206.5 199.7 182 178.4 179 178.7 177.8 171.2 168.9 161.1 160 161 157.9 154.1 150.5 150 149.3 148.6 148.8 147 143.5 142.4 139.4 138.3 138.7 139.1 149.7 157.3 162.3 167.1 167.1 165.9 164.1 161.3 159.1
437.8 433 425.4 415.4 403.3 398.4 394.5 391.7 388.3 384.5 379 374.7 371 366.5 361.3 360.1 355.3 350.7 349.1 345.2 340.6 336.2 329.8 322.2 315.1 309.1 304.1 297.9 290.6 283.5 276.8 272.2 266.1 258.1 242 238.6 223.4 233 231.3 228.6 222.1 214.6 209.9 202.1 189 189.4 190.8 194.3 192 191.5 187.3 181.3 178.6 169.6 165 163.3 161.1 157.4 156.2 153.1 151.9 151.8 150.5 151.3 153.8 153.1 147.4 141.3 138.2 137.7 138.3 145.1 154.8 162.9 164.7 163.7 162.1 160.2 158
436.1 430.1 421.4 409.3 397.2 393.8 390.5 387.1 384.8 379.9 375.1 371.1 369.1 363 359.1 356.5 352.9 349.6 346.6 344 339.9 335.1 328.9 322.2 316.1 310.3 304.3 299.1 291.7 284.4 277.5 271.8 264.2 258.2 253.4 248.4 235.7 220.3 216.3 216.2 203.8 199.4 195 191.2 193.5 205.9 205.5 204.1 201.3 199.5 192.2 188.4 183.4 175 172.3 170.1 167.1 165 165.7 164.4 164.9 164.4 159.8 166.2 170.3 166.3 161.4 154.8 142 138.2 135.9 135.9 141 155.5 161.9 161.3 160 158.1 156
432.9 425.4 415 401.7 394.2 390.5 387.2 383.1 381.1 378.2 372.7 368.6 365.2 361.8 356.9 353.4 350.3 347.8 344.2 341.8 338.3 334.4 328.1 320.9 314.9 309.7 303.7 297.9 290.9 284.3 277.6 271.1 262.3 253.8 250.6 247.3 239 218.6 209 208.6 213.3 210 211.2 212 213.8 215 214 211.1 209.7 202.7 197 193.4 187.7 182.4 180.5 177.4 175.7 172.6 174.9 173.8 173.4 171.8 166.3 173.8 175.4 172 166.6 158.5 149 138.4 133.9 132.1 131.9 138.6 149.4 157 157.3 155.5 154
428.7 421.9 409.7 398.5 391.6 387.2 383.2 379.5 376.7 374.5 370.1 365.2 361 358.7 354.6 350.6 347.4 345.1 341.2 338.9 335.5 330.6 326.6 319.7 313.9 308.6 303.7 296.9 290 284.6 277.6 271 262.1 254 246 239.5 229.6 214.7 213.9 222.9 228.6 220.5 224.9 225.9 221.6 221.6 220.8 216.4 212.3 206.9 199.7 194 189.1 190.3 187.2 184 185.1 182.7 183.1 182.6 181.5 177.8 172 181 180.7 176.2 170.6 163.3 154 141.6 134.9 130 131.4 133.4 139.2 152.7 154.5 153 151.4
424 413.9 403 394.8 388.1 384 380.3 376.1 373.2 369.9 366.5 362.3 360.2 356.3 351.6 348.2 344 340.1 336.4 335.9 331.9 326.4 322.5 314.9 306.8 303 298.2 288.9 283.1 275.5 260.2 256.3 253.2 242.8 230.6 232 219.8 235.6 240.4 240.2 228.9 231.2 231.9 230 227.8 225.2 223.1 221.6 215.5 210 203.6 197.9 195.6 195.6 193.5 191.9 191.6 188.9 190.3 187.6 183.2 179 180.6 181.4 181.5 179.8 173.8 166.3 160.3 153.3 144.7 130.8 129.9 130.1 138.4 150.5 150.5 149.7 148.9
419.4 407.9 397.8 390.9 385.5 380.9 376.7 372.7 370 367.7 364.4 360.7 357.1 352.6 348.9 342.5 339.8 330.7 328.9 321.5 321.7 317.1 310.6 302 294.9 289.9 288.6 282.3 275.7 272.3 271.9 263.3 252.7 251.9 251.7 248.3 237.1 245.8 242.1 239 237.8 237.8 236.5 233.9 231.7 228.6 226.6 224.6 221.1 213.9 209.3 204.1 202.7 201.5 200.2 198.5 197.9 192.1 193.2 190.9 186.8 179.9 186.3 185.6 184 180.5 174.2 167.7 161.2 155.9 151.5 147.1 133.8 129.1 133.2 142.5 146.1 145.3 145.4
413.7 402.9 393.9 387.9 383.4 378.8 373.9 369.6 367.5 365.2 362.1 359.6 355.7 350.6 346.1 339.9 342 340 334.3 333.2 329.2 324.8 317.9 317.3 314.5 306.3 301.9 298.3 294 285.6 277.5 270.4 264.7 263.1 259.1 251.8 248.8 250.7 239.8 241.8 241.4 242.1 239.9 236.4 233.6 231.6 230.7 228 223.3 217.8 213.5 211 208.6 206.4 204.7 202.2 200.4 199.1 196.4 194.3 190.7 189.3 191.1 188.8 185.3 181.1 175.1 168.3 161.8 155.1 149.7 138.9 134.7 129.1 128 132.1 139.5 133.9 133.5
407.6 399.6 390.3 385.5 380.9 376.2 371.1 368.2 365.1 362.5 360.4 358 353.9 349.9 346.5 342.3 342.4 341.1 342 340.2 336.5 332.7 330.8 327 322.8 318.1 311.1 304.9 297.7 286.6 279.9 273.7 269.2 264.8 260.1 255.9 251.5 250.5 248.2 246.4 246.4 244.5 242.4 238.8 236.2 233.8 232 229.4 224.9 218.8 217 215.2 213.3 211.3 209.1 206.2 202.2 200.6 199.5 196.3 193.1 191.4 191.5 190.4 186.6 181.3 175.5 168.8 162.3 154.2 141.9 139.6 139.5 131.8 125.8 127.2 128.2 125.8 125.1
402.2 394 388.1 383.2 378.4 373.7 369.4 367.1 364.3 361.8 359.3 356.5 352.2 351.1 349 347.3 346.2 346.7 347.2 345.8 342.6 340.2 337.3 331.2 327.9 325.2 318 312.3 302.8 293.6 285.4 276.7 272.5 267.7 262.9 260 256 253.6 251.3 249.5 249.3 247.9 244.5 241.3 238.6 237.1 233.4 229.9 226.5 222.8 221 219.3 216.9 214.4 211.9 210.1 206.1 203.6 200 198 195.4 192.7 192.6 191.7 186.6 181.6 176 167.3 160.1 152.1 154.6 147.4 143.4 140.7 136.5 129.1 126 122.4 121.5
396.6 388.7 384 380.6 377 372.3 369.3 366.3 363.6 361.2 360.1 356.6 352.2 351.1 350.7 351.4 351.7 351.5 351.6 351.1 347.6 343.8 340.1 335.4 330.9 328.5 321 315.7 307.2 294.8 286.2 278.7 274.2 269.6 264.7 260.3 259 256.6 254.7 253.1 252.1 250.8 247.5 244.3 241.4 239 234.5 230.2 228.1 226.9 225.1 222 219.2 216.1 213.4 211.9 208.9 205.1 201.5 198.9 196.4 193.8 192.8 191.4 186.2 181.5 171.7 162.4 161.9 163.6 158.9 153.1 151 146.2 142.9 138.3 132.3 126.2 121.9
391.2 386.7 381.6 378 374.3 370.7 368.7 366.2 363.8 361.6 359.5 356.7 354.5 354.2 353.8 354.5 355.1 355.3 353.9 351.5 349.3 345.2 340.9 337.4 334 330.2 322 315.1 307.5 294 286 279.8 274.9 269.5 265.8 262.9 260.9 259.9 258 256.6 254.7 252.6 249.2 245.9 243.5 241 238.8 233.7 232.1 229.5 227.3 223.8 220.2 217.6 215 212.5 210.5 206.7 203 199.9 197 194.3 191.8 191.1 182.2 171.5 168.3 169.5 172.2 169.6 164 158.5 154.2 150.2 145.8 141.6 136.2 129.2 125.8
387.8 383.5 379.2 375.9 372.5 370.2 368.2 366.2 364 361.5 359.6 358.6 358 357.8 357.4 357.7 358.2 358.2 355.2 351.1 349.9 345.9 341.6 337.9 335.5 332.2 326.1 316.6 302.9 292.4 284.2 279.9 275.1 270.6 267.7 264.9 263.8 261.6 260.3 259.2 257.1 254.2 250.4 247 244.5 242.5 241.2 237.9 234.4 232.6 228.8 225.1 221.3 218.2 215.6 213 210.1 206.7 203.3 200.4 197.5 191.2 187.2 178.5 176.3 180.8 179.6 182.6 181.3 176.2 169.3 162.1 156.8 151.9 147.5 142.9 137.9 131.4 128.7
384.6 381.5 377.9 374.9 371.3 370.5 368.2 365.8 363.6 361.5 359.4 360.6 361.1 361.1 361.1 361.5 360.9 358.9 355.1 350.3 348.5 346.6 343.1 339.6 336.7 333.2 327 315.9 301.1 293.5 286.3 280.5 276.3 272.1 269 267.3 265.6 263.8 262.2 260.8 260.1 255.7 251.3 248 246 244 242.1 239.3 238 234.2 229.8 226.1 222.3 218.8 216.3 213.6 210.6 206.8 203 200.4 193.8 188.1 190.1 192.7 192.3 194.2 189.9 189.2 188.6 181.6 174 164.7 159.4 154.2 149.4 144.7 139 133.1 129.4
382 379.3 376.5 372.9 370.1 369.1 368.4 367.1 364.3 361.8 360.3 361.4 362.7 361.9 361.4 361.4 360.4 356.6 352.3 349.3 347.3 345.6 343.6 341.6 337.9 334.5 328 314.9 303.3 295.2 287.9 281.2 276.8 273.4 271.1 268.9 267.4 265.6 263.7 261.8 259.4 257.2 252.8 249.8 247.8 245.9 243.2 241.4 239.8 235.1 230.7 227 223.3 219.4 215.2 212.9 210.6 205.6 200.4 195.6 189.1 195.2 199.5 201.7 199.8 200.8 200.8 192.8 190.8 184.5 176 167.3 162.1 156.8 151.6 146.5 140.2 134.6 130.4
380.6 377.7 374.6 371.5 369.3 367.6 366.9 367.9 366 363.2 362.6 363.8 363.2 362.2 361.3 361.1 358.4 353.9 349.4 348.3 346.1 344.4 342.5 341.3 340.8 339.5 329.5 317.5 306 297.3 289.1 282.3 277.3 274.3 272.1 270.3 269 266.8 264.6 262.4 259.9 257.4 254.8 252 249.9 246.8 244.1 242.2 240.1 236 231.6 227.9 224 220 216.6 210.2 210.3 204.5 198.9 200.6 201.2 204 204.9 206.6 206.8 202.4 200.9 196 190.4 185.5 176.8 169.8 164.5 159.4 153.7 147.3 140.8 136.5 132.2
378.8 375.9 373 370.4 369.6 367.9 367.3 367.5 367.8 367.2 366.8 366.4 365.2 363.6 362 361.1 356.8 351.9 348.2 346.7 344.6 343 341.4 342 344 342.4 332.7 319.4 308 297.7 288.6 283.2 277.7 275.1 272.8 270.5 270.9 267.6 265.3 262.8 260.2 257.6 255 252.4 251 248 245 242.5 239.1 235.6 231.5 228.4 224.3 220.3 218.2 213.3 211.6 209.5 209.8 204 209.2 208.6 208.9 209.8 209.4 205.2 201.2 199 193.7 185.9 178.6 172.2 166.9 160.9 155 148.3 143 139.5 134.6
377.3 375.1 372.6 371.3 369.1 368.9 368.8 368.1 367.4 369 368.4 366.9 365.4 363.9 362.4 360.3 354.4 349.7 346 344.4 342.3 341.3 341.5 342.7 344.4 343.6 335.6 321.2 309.8 299 288.5 282.9 279.3 276.3 273.7 271.2 270.3 267.4 265 262.6 260.5 257.9 255.3 252.7 250.3 248.1 245 241.3 237.7 234.2 230.8 227.8 223.7 219.6 221.2 218.5 216.4 214.8 211.5 211.6 215.2 214.3 213.3 212.2 210.8 207 203.1 197.8 192.4 185.8 179.9 173.2 167.1 162.2 156 149 143.8 140.4 138.8
