data/NY64.asc
ncols 200
nrows 200
xllcorner 360000
yllcorner 540000
cellsize 50
[rows 140 to 174 of 200, columns 78 to 155 of 200]
486.8 492.2 493.9 497.9 503.3 510.8 516.8 523 530.5 535.4 539.6 545.1 552.9 559.8 567.1 575.5 584 590.4 597.5 605.2 612.2 612 609.5 607.4 605.6 603.7 601.5 597.8 594.5 590.2 588.4 585.4 582.4 579.4 576.3 573.8 573.3 572.9 571.8 570.7 571.3 573.1 573.9 573.3 573.3 574.5 575.6 576.7 578.2 579.7 581.2 583 584.2 588.4 593.5 598.2 600.7 601.5 601.9 602.9 602.7 601 599.3 597 593.5 589.5 584.6 580.2 576.3 572.1 565.4 558.4 552.4 548.7 543.6 533.2 525.4 520.4
472.6 476.5 482.5 492.5 501.1 506.8 512.7 518.6 524 526.1 523.7 541 549.9 557.6 564.9 573.4 582 589.5 596.8 604 611.3 613.5 611.6 609.8 608 606.1 604.2 601.8 598.1 595.4 593.1 590.4 587.3 584.1 581 578.3 577.7 577.3 577 577 578 578.4 577.6 577.5 577.4 577.9 578.6 578.3 580.1 581.7 583.2 584.8 587.2 591.1 594.5 598.1 599.6 599.9 598.7 597.1 595.9 594.3 594.1 592.2 589.5 585.9 581.6 578.4 574.8 570.1 562.1 554.4 549.8 545.7 538.7 528 520.6 516.3
460.9 462 476 485.1 495.9 502.7 508.1 512 503.9 524 533 541.1 549.6 556.7 564.1 573 581.4 588.3 595.1 602.2 609.5 615 614.1 612.2 610.4 608.5 606.6 604.8 602.5 599.5 597.2 594.6 592.1 588.9 585.8 582.8 582.2 581.7 581.4 582.1 582.7 581.4 580.4 580.3 579.1 579.8 580.2 580.1 581.7 583.1 583.3 583.9 585.9 587.7 589.7 591.1 592.5 592.7 592.3 591.3 590.3 589.1 589.3 588 585.7 582 579.2 576.6 573.3 567.2 559.4 550.9 547.2 543.7 535.9 527.4 520.8 513.3
448.2 461.2 470.7 480 487.2 494.5 496.6 492.5 512.1 524 533.3 541.6 549.9 557.2 565 573.4 580.4 587.3 594.1 601 607.8 614.7 616.5 614.6 612.8 611 609.4 607.9 606.2 603.3 601.1 598.3 594.4 592 590.6 587.5 586.8 586 584.5 584.2 584.1 583.8 583.2 581.5 580.8 580.5 580.8 580.9 580.5 580.1 579.7 580.8 582.2 581.6 582.8 583.5 584.3 584.8 585.3 585.8 585.6 584.5 584.5 583.8 581.8 579.5 576.7 574.5 568 562.2 555.9 547.5 543.7 539.9 532.9 524.8 518.3 508.3
446.1 456 464.1 472 479 475.6 493.4 504.5 516.6 526.7 534.5 542.4 550.2 558.3 566.8 572.9 579.4 586.3 593.2 600 606.9 613.5 617.4 617.3 615.7 614.2 612.6 611.2 609.7 607.2 604.7 601.9 598.6 594.3 591.5 590 588.3 586.7 584.9 583.3 582.5 582 580.6 579.4 578.4 577.5 576.8 576.4 576.9 576.5 576.1 577.4 576.8 576.3 575.9 576.8 577.3 577.3 577.3 577.8 578.4 578.3 578.3 578.3 576.2 573.4 570.3 566.2 561.3 556.1 550.5 544.3 540.1 535.8 528.6 520.9 514.4 507.6
434.3 447.9 454.9 467.6 479.7 489.6 499 508.7 519.4 529.2 537.2 544.9 553.3 560.9 567.1 573.3 579.3 585.3 592.2 599 605.7 612.3 617.4 619.3 618.3 617.3 615.9 614.3 612.6 610.9 608.4 605.4 602.7 597.9 592.6 588.5 585.7 583.2 581.9 580.8 578.9 577.1 574.9 574.8 574 573.1 572.3 571.6 571.7 572.2 572.6 572 571.5 570.9 570.4 570.1 570.4 570.4 570.4 570.2 569.5 569 568.8 568.1 566.4 564.4 561.2 558 553.9 549.5 544.5 539.4 535.2 531.4 521.3 513 509.4 502.7
446 459.2 468.3 475.8 482.6 491.6 500.1 509 519.7 530.4 538.4 546.3 555.4 561.2 567.4 573.6 579.8 585.7 591.6 597.9 604.6 611.2 617.5 620.1 619.7 618.7 617.9 616.2 613.6 612.1 609.9 606 600.9 593.2 587.4 583.6 582 579.9 578 577.1 575.2 572.6 569.9 569.8 569.6 568.7 567.9 567.2 566.2 565.7 565.9 565.1 564.8 564.4 564.2 564.6 564.3 563.3 563.2 561.9 561.2 560.8 560 558.9 558.2 556.2 552.5 549.5 546.6 543.3 539.2 535.2 530.5 525.4 516.5 506.4 503.5 498.1
454.6 463.5 470.6 477.6 484.9 492.9 501.6 511 522.1 530.5 538 547.4 556.8 562.3 567.8 574 580.2 586.2 592.2 597.7 604.1 610.7 615.6 619.2 619.7 618.7 618.1 616.3 612.7 609.2 604.6 599.7 593.4 586.5 582.1 578.4 576.4 574.9 573 570.9 568.7 567.6 565 564.1 564.8 564.3 563.6 562.7 561.2 559.8 558.9 558.1 557.5 557.4 557.2 557.5 557.3 555.9 555.2 553.5 552.9 552.1 551.3 550.5 550.4 548.3 544.4 540.6 537.7 535.4 533 529.3 524.5 516 511.9 501 497.8 493.1
459.3 466.4 473.1 479.8 486.5 494.3 504.1 513.8 523.1 531 537.8 547.8 558.2 563.7 569.2 574.7 580.5 586.6 592.9 598.6 603.8 609.7 613.4 615.5 615.7 615.5 615.3 612.8 607.9 603.4 598.6 593.4 588.1 581.2 576.9 573.1 570.8 568.5 566.5 563.7 562.3 560.5 558.5 558 558.4 558.9 558.7 557.3 556.1 554.8 552.9 551.8 551.3 551 550.6 549.8 549.6 547.9 546.3 545.7 545.7 545 544 542.8 542.7 540.3 536.5 532.6 528.9 526.4 523.9 522 519 514 502.2 493.1 493.6 489.8
462 468.9 475.6 482.3 489 497.9 507.5 516.7 524.5 532.6 539.2 549.5 559.1 564.9 570.4 576 581.5 587 593.7 599.6 603.7 606.9 609.7 611.2 611.1 610.5 608.9 605.6 602 597.3 592.1 586.9 581.7 576.5 571.4 566.2 564 562.2 559.9 557.2 554.7 551.5 549.6 549.4 549.9 550.4 549.9 548.7 548.5 547.7 545.9 545.3 545.2 544.7 544.3 544 541.9 539.9 538.4 539 539.3 539.9 538.6 536 534.9 532.4 528.6 525.2 521.5 518.8 518.3 517.1 514.6 508.6 497.4 492.7 488.5 485.6
464.3 471.4 478.1 484.8 492.4 501.7 510.1 517.2 525.1 532.8 541.9 547.9 559.6 565.6 571 576.4 581.8 587.6 594.8 601.2 603.6 605.1 607.2 606.5 605.9 605.2 602.6 599.3 595.7 591.3 586.3 581.4 576.5 571.5 565.4 559.3 556.8 556.2 553.8 551.7 549.6 546.4 544.4 542.5 542.3 542.2 541.3 539.9 538.7 537.4 536.3 536 537.8 537.6 536.8 536.4 533.7 529.7 528.7 531.1 535.6 535.5 533.6 531.7 528.3 525.1 521.7 517.6 514.2 512 511.3 510.3 506 501.1 492.4 486.1 480.9 479.6
467.2 473.7 480.6 487.3 496.2 503.9 510.3 517 524.9 532.7 541.8 550.6 561.2 566.9 571.8 576.7 581.8 588.2 595.4 601.9 602.7 603.9 603.5 602.8 601.6 600.2 597.6 594.2 590.3 586.3 581.8 576.9 572 566.2 560.2 554.7 551.6 550.6 548.8 546.7 544.4 542.1 539.8 536.7 536.6 536.6 535.3 533.9 531.8 529.8 527.2 525.8 527.8 526.9 525.1 524.8 524 515.3 514.3 516.9 522.8 522.5 522.2 521.3 518.6 516.5 513.6 508.9 503.7 501.3 496.9 498.7 494.7 490.4 486.6 480.8 475.3 472.1
470.2 476.6 483.1 490.7 497.8 504.4 510.6 516.8 524.7 532.5 539.5 549.8 561.4 568.4 573 577.5 582 588 597.1 602 602.3 601.8 599.8 598.1 596.9 595.6 592.7 588.8 584.8 580.8 576.9 572.3 566.9 561 554.9 550.2 546.8 544.4 544.1 541.6 539.7 538.2 535.5 532.6 531.1 530.8 529.2 528 526.1 524.6 522.3 519.6 519.6 519.5 518 515.5 515.4 508.3 506.4 505 509.4 509.3 506.3 504.4 504.7 503.7 500.7 498 489.9 488.8 486.2 486.2 485 483 480.2 475.4 468 464.4
473.2 479.5 485.7 491.9 498.2 504.6 510.9 517.1 524.5 532 539.2 548.2 561.3 569.1 573.3 577.7 582.3 588.3 597.1 603 601.9 599.9 596.4 594 592.5 591 587.3 583.4 579.5 575.6 571.8 567.9 563.6 557.6 551.4 546.8 542 538.6 537.6 536.2 534.4 532.5 530.5 527.9 526.1 525.6 523.7 522.4 521.1 519.4 517.5 515.5 514.2 513.2 512.6 509.4 508.5 505.7 503.2 500.8 500.2 498.8 495.3 492.9 492.2 490.9 489.3 487.2 480.6 479.5 477.6 478.7 479.7 476.6 472.2 466.8 463.5 456.1
476 481.8 487.6 493.7 499.8 505.1 511.1 517.4 524.3 531.6 539.4 549.6 561.2 569.7 574 578.2 582.5 588.9 595.5 601.8 600.1 596.2 592 590 588.3 586.6 583.3 579.6 575.7 571.9 568 564.1 560.5 555.8 551.4 545.7 540.6 533.8 528.8 530.7 528.5 526.3 523.2 520 519.1 518.6 516.7 516.6 515.7 514.5 513.1 513 511.3 510.1 508.4 505.7 502.4 501.2 497.8 496 494.4 491.8 489.1 486.4 483.5 482.1 480.6 478.3 475.4 472.1 469.4 469.6 469.4 467.6 464.2 462.3 457.2 451.5
478.6 483.9 489.6 495.6 500.9 506.2 511.8 517.8 524 531.7 540.3 550.3 561.5 570 574.2 578.7 583.4 588 592.9 594.6 594 590.5 587.4 585.8 584.2 582.1 578.7 575.4 572 568.1 564.2 560.4 556.8 552.9 548.3 543 537.9 532.2 524.1 523.8 522 519.7 516.4 513.1 511.7 510.1 510.3 511.3 510.5 509.2 508.4 509 508.5 506.7 503.6 500.8 497.5 495.1 492.8 490.7 488.8 486.3 483.8 481.5 478.9 476.5 473.9 471.2 468.3 466.1 464.7 462.3 462.2 462 460.8 457.5 452.7 445
480.7 486.2 491.7 496.9 502.2 507.5 512.3 517.7 523.7 531.8 540.5 550.9 561.8 569.8 574.6 579 583.4 587.8 589.2 589.9 589.5 586.2 583.4 581.5 579.9 577.5 574.4 571 567.6 564 559.3 554.7 550.7 547.7 543.8 537 532.5 528 520.8 506 515.5 512.8 510.6 507.3 504.1 502.2 502.1 504.8 505.1 503.9 503.7 504.3 504.6 502.5 498.9 496 492.6 489.2 483.4 482.8 481 478.3 477 474.3 471.7 469.2 466.8 464.1 461.3 459.9 458.7 458.8 458.6 458.3 456.8 452.4 448.1 443
482.5 487.7 492.9 498.2 503.4 508.1 512.8 517.4 522.6 533 541.4 550.7 558.4 568.6 574.3 578.5 582.8 587.2 588 587.2 585 582.2 579.4 577.2 575.1 572.6 569.9 566 561.2 555.3 551.7 547.4 543.9 540.4 539.1 531.1 525.2 519.5 515.1 505.6 507.3 505.7 502.3 499 495.8 495.8 494.8 497.3 497.6 498.6 498.8 499.2 499 495.7 492.5 490.6 487 481.3 477.4 473.3 473 468 468.4 466.5 464.2 461.8 459.4 457 454.9 454.4 453.1 453.6 454.7 454.5 449.9 444.9 441.2 436.8
485.9 489.2 494.6 499.9 505.1 508.8 513.3 517.9 523 531.8 540.1 549.4 558.9 567.7 573.2 578.4 582.6 586.6 587.1 585 581.5 578.4 575.5 572.7 570.2 567.8 565 560.4 555.8 550.9 547.4 544.7 540.3 536.7 534.4 527.6 521.6 514.4 506.8 506.3 489.4 498.6 495.1 491.7 488.9 490.5 490.1 490.2 490 491.6 493.3 493.3 492.8 488.6 484.4 482.7 480 473.6 472.9 470 467.5 464.1 461.6 459.5 457.1 455.2 453.3 451.4 449.7 449.2 448.8 447.7 446.9 445 441.2 437.2 434.1 430.5
489.4 492 496.5 501.9 506.9 510.7 514.5 518.5 523.2 530.9 539.4 549.1 560.7 569.1 573.9 578.2 580.2 582.7 584.7 581.4 577.9 574 569.6 565.9 564.3 563.2 560.6 554 548 545.6 542.2 538.8 535.5 532.7 529.3 524.8 519.2 515.2 511.3 506.2 494.4 480.4 489 485.1 482.2 484.8 484.6 483.9 485.2 486.6 487.9 488.2 486.1 483.3 481 476 473 471.5 469.5 467.1 464.3 460.9 456.3 453.1 453.5 451.7 449.8 448.5 446.8 444.7 443.9 439.5 439.1 437.5 434.6 430.4 427.4 425.2
492.7 495.3 498.4 503.8 508.8 512.7 516.1 519.5 524 530.8 539.5 547.9 561.7 569.8 574.2 577.1 578 580.1 580.4 577.6 573.8 569.5 564.4 555.9 557.3 554.3 548.7 545.3 543.7 541.3 538.3 535.6 533 529.5 526.1 522.3 517.2 512.8 509.9 505.3 499 487.4 476.9 477.2 475.5 479.1 478.3 477.6 479.9 481.8 482.6 482.8 483.5 480.5 477.8 474.3 468.6 465.7 466.2 464.3 461 457.1 452.2 447.8 449.7 448.4 445.7 444.5 444.6 440.8 436.5 434.3 432.3 431 427.8 423.5 421.6 419.8
495.6 498.6 501.1 505.7 510.6 514.6 517.7 520.6 525 530.9 537.4 546.9 557 567.3 572.2 575.7 577.3 577.5 576.2 573.2 568.3 560.9 554.6 551.4 549 546.4 542.3 540.5 539.7 538 535.2 532.3 529.6 526.3 522.8 519.2 514.8 510.3 507 502.3 495.7 487.3 480.6 465.4 468.9 473.1 472.9 471.3 474.4 477 477.7 478.8 479.5 478 475.9 472.7 468.2 463.2 462.7 461.1 457 453 448.5 443.3 446.7 444 441.3 438.3 436.9 433.5 430.1 429.3 425.6 423.2 420.2 417.3 415.6 414.7
498.8 501.3 504.3 507.7 512.4 516.5 519.2 522.7 526.9 531.6 537.2 546.1 556.7 564.7 571.5 575 575.7 575.9 569.1 562.5 558.3 552.7 549.1 545.2 542.3 540 537.4 536.5 535.7 534.2 531.8 529.1 526.2 523.1 519.5 515.9 512.3 507.9 503.6 498.2 491.7 483 473.8 465.5 460.9 464.7 467.2 466.1 469.7 472.6 473.7 474.4 473.8 473.9 472.8 470.5 465.8 459.8 458.6 456.7 452.5 448.2 445.3 441.4 441.8 439.6 436.7 433.8 430.7 427.9 423.2 420.1 416.9 415.7 413.8 411.5 410.8 409.9
502.1 505.9 508.4 511.2 514 520 524.2 528.8 531.8 534.6 540.1 548.5 560.1 568.5 573.7 574.9 576.3 577.6 572.9 562.4 557.1 551.3 546.8 542.5 537.8 536.4 534 532.5 531.7 530.5 528 525.6 523 519.9 516.3 512.6 509 505 500.2 494 487.8 480.8 473.2 466.8 456 454.4 456.8 458.2 466.3 468.7 468.7 468.4 467.6 468.2 468.6 466.4 461.8 454.9 449.5 451 448.3 444.8 441.5 435.1 437.9 435 432.2 429.2 426.3 423.5 418.5 411.1 411.6 408.5 407.3 406.3 405.8 405.2
506.7 510.7 514.2 517.6 523.4 527.2 531.5 534.8 537.6 540.3 543.1 552.6 563.7 572.1 575.3 577.4 579.3 578.1 569.3 563 557.9 552.4 546.2 539.1 533.7 533.6 530.9 529.1 527.7 526.8 524.3 521.9 519.4 517.1 514 510.9 507.8 503.9 499.6 494.7 489.7 484.3 477.7 472.8 465.7 457.4 444.9 449.3 456.9 459.1 460.7 461.7 461.2 461.9 462.2 460.4 455.5 449.1 441.8 441.9 441.7 439.8 437.5 433.4 432.4 430.5 427.6 424.7 421.8 417.3 413.8 409.2 404.3 401.9 401.5 401.1 400.6 400.1
514.8 518.4 522 526.3 532.1 535.6 538.2 540 541.7 544.4 547.2 554 565.1 574.3 577.8 580.5 580.4 571.8 566.9 562.3 558.5 551.8 543.9 538.6 533.8 527.5 527.8 525.6 524.2 522.9 520.8 518.8 516.8 515.2 513 510.1 507.1 503.5 499.3 494.4 489.4 483.7 475.5 471.2 465.1 459.2 450.5 441.1 446 449.3 452.7 452.7 452.5 455.1 455.7 454.1 449.9 445.3 439 432.3 436.3 435.7 433.4 431 426.8 424.8 422.9 420.1 416.4 413 409.6 405.3 401 398.2 395.5 394.6 395.1 394.6
522.6 525.4 527.9 532.4 537.4 540.4 543.2 545 546.9 548.7 550.9 557.1 567.4 576.4 578.6 579.1 575.9 571.3 566.2 560.8 554.4 549.7 543.9 539.4 534.6 529.2 524.4 521.3 521 518.9 518 516.3 514.4 513 511.4 508.9 506.1 503.2 498.9 494.1 488.4 482.9 478.4 472.7 467.3 460.1 452.2 444 438.4 441.4 441.4 442.5 444.9 448.8 452.5 449.7 445.6 440.5 435.2 429.4 430.7 429.3 427.9 426.6 418.1 420.3 417.8 415.6 412.2 408.8 405 401 397.4 392.6 391.8 390.5 389.2 388.7
527.4 529.9 532.4 535.7 540.8 544 547.3 549.5 551.3 553.5 557.1 561.5 568 575.5 579.4 579.5 577.1 571.9 566.3 560.3 555.4 549.8 543.7 538.2 532.9 527 523.1 519.7 515.5 514.9 514.2 513.1 511.6 510.8 509.5 506.9 504.9 502.1 498.6 493.4 488.3 483.3 478.6 472.9 465.9 460.5 452 443.2 433.3 432.9 434.2 435.5 437.2 439.5 441.6 442.4 438.2 434.2 429.7 424.6 424.9 423.6 422.2 420.3 416.6 413.7 412.6 410.9 407.9 404.6 401.5 397.9 394.3 389 385.6 382.9 377.9 378.1
532.2 534.9 537.5 540 544.4 548.1 551.4 553.9 556.1 559.5 562.6 566.7 571.2 576.9 580.2 580.4 577.3 572 566.1 561.1 557.5 552.9 544.9 537 530.4 525.6 521.9 518.1 514.7 512.6 511 508.4 507.3 506 505.4 504.3 503.2 500.5 496.5 492.1 486.2 480.3 474.3 463.3 462.3 457.9 450.1 442.3 436.4 429.5 428.2 429.3 429.6 430.1 431.3 432.7 431.2 427.9 424.9 421.1 417.8 418.3 416.8 415 412.1 407.1 406.8 405.7 404.3 401.9 398.7 395.1 390.1 383.7 377.3 372 371.6 369.8
537 539.7 542.5 545 548.7 551.5 555.3 558.6 561.7 564.8 568.1 572.3 576.2 579.5 582.4 581.9 577.4 571.6 566.4 562.1 557.1 548.8 540.3 532.7 527.9 523.9 520.1 516.5 514.3 514.1 512.7 510.8 509 507.7 505.1 502.9 499.3 495.6 492.2 485 481.6 473.3 461.7 455 447.4 447.6 444.4 440.3 432.2 428.3 424 421.1 421.4 420.7 421.6 422.6 422.8 420.3 420.2 418.4 413.9 413.4 411.7 409.8 405.8 401.5 401.8 402.3 401.4 399.2 396 390.9 384.9 377.3 371.9 368.5 367.9 373.8
541.7 544.5 547.2 550 552.9 555.9 560.5 564.3 567 570.1 573.7 577 578.9 582.4 584.1 579.3 573.7 568.8 564.2 559.7 553.8 543.9 535.2 533.6 530.7 527.2 523.4 520.4 519.9 518.1 516.2 514.4 512.5 509.7 506.8 504.3 499.8 496.3 493.2 489.6 484.7 480.6 472.3 463.4 454.9 446.8 441.1 434.4 431.1 426 425.1 425.9 426 420.2 415.8 416.8 411.9 409.5 416.3 414.9 411.8 407.4 406.8 404.5 402.9 398.2 399.2 399.5 398.5 395.8 390.9 386.9 377.4 372.7 374.9 381.6 382 383.6
546.1 548.8 551.5 554.2 557.7 561.8 566.9 570.1 572.7 575.3 577.7 579.7 581.7 584.4 580.8 576.5 572.2 567.5 557.8 552.7 551.2 550.6 547 540 536.4 532.9 529.1 525.2 523 521 519 517.1 515 512 509.1 506.1 503.1 500 496.6 493.2 489.3 484.5 477 469.2 460.9 453.6 447.1 441.5 436.2 431 431 431.4 429.5 426.8 426 423.2 420.7 417.7 411.4 402.7 399.5 400.2 397.4 398.2 397.1 393.3 396 396.9 393.5 389.7 384.9 377.6 373.5 377.9 384.3 384.8 385 385.9
549.6 552.7 555.4 558.1 562.5 568.6 573.2 575.8 578.3 579.8 579.5 580.5 582.8 583 579.2 575.5 572.8 570 566.2 565.3 564.8 561.5 555.2 547.7 540.7 537.4 533.5 529.6 526.2 524.3 521.8 519.9 517.4 514.4 511.4 508 505.2 502.5 499.5 496.1 491.4 486.6 480.8 473.6 465.8 458.2 451.4 445.2 440.3 436.3 436.6 435.2 433.3 430.9 429 426.3 423.5 419.6 414.9 408.2 402.2 399.1 396.3 391.3 391 388.9 391.6 391.5 388.1 383.4 377.9 374.8 382.6 384.8 385.7 386.5 387.2 389.7
552.7 555.9 559.1 562.9 569.5 576.2 579.6 581.2 583.7 583.9 583.6 583.3 583 581.4 579.7 578.7 576.8 574.8 572.9 572 570 565.8 558 552.1 546.1 540.3 537.3 534 530.2 527.6 524.8 522.7 519.8 516.5 513.1 510 507.3 504.6 501.8 498.3 493.5 488.6 482.9 476.3 469.7 462.7 455.1 448.1 442.9 441 439.9 438.9 437.1 434.7 432.1 429.4 426.6 422.6 418.3 413.4 408.8 403.8 399.2 394.4 387.3 384.7 384.8 385 382.3 379.1 376.4 381.2 386.1 386.9 387.6 388.5 390.8 394.7
555.9 559.4 563 568.4 575.4 582.7 585.3 587.1 587.8 587.9 586.9 585.9 585 584.8 583.8 582.7 580.8 578.9 576.3 573.5 571 568.4 561.8 556.1 550.5 544.4 539.9 536.9 533.8 530.8 528 524.9 521.6 518.2 514.9 512.1 509.4 506.7 503.9 499.9 495.3 490.5 484.7 477.9 471.1 463.7 458.2 451.3 447 445.6 444 442.1 439.8 437.4 434.8 432.3 429.4 426 422.2 417.8 413.7 409.4 403.6 397.4 391.5 387.9 384.1 382.3 379.3 379.7 385.6 388.5 391.4 392.1 392.9 393.9 395.8 399.1
