data/NY65.asc
ncols 200
nrows 200
xllcorner 360000
yllcorner 550000
cellsize 50
[rows 35 to 69 of 200, columns 78 to 155 of 200]
300.7 298.5 294.7 292 289.8 285.9 281.6 278.1 275.3 271.7 266.7 260.7 259.8 254.2 251 251.1 248.2 246.3 245.6 241.8 243.1 240.7 239.7 239.6 239.2 236.9 240.9 242.8 241.6 240 238.7 238.9 238.5 237.7 237.5 236.6 235.8 235.9 236.3 237.3 237.6 238.1 238.7 240 241.3 242.2 242.4 243.5 244.9 246.5 247.7 249.1 250.1 250.1 249.9 249.8 248.4 246.9 244.2 240 235.7 232 228.3 224.6 221.8 217.4 212.9 209.3 206 199.6 183.8 168.3 158.1 155.6 155.2 155.8 155.6 155.4
314.3 311.6 308.8 304 299.8 294.9 289.8 286.9 284 280.1 273.7 268.3 269.7 265.3 262.7 260.9 258.8 256.9 255 250.9 249.7 247.5 246.8 247.1 245.7 245.3 246.6 247.2 246.5 244.4 242.9 243 243.5 243.9 244.8 242.3 242.1 242.7 243.2 244.3 244.7 244.6 244.7 246.2 247.7 248.9 249.6 251.1 252.1 253.4 254.6 255.8 256.4 255.7 255.3 254.6 252.9 250.3 247.6 242.3 237.6 234 230.3 226.6 222.9 219.1 215.3 211.8 208.2 199.1 183.9 173.2 166.3 162.1 158.6 156.1 155.9 156
322.3 318.8 314.9 310.6 306.2 302.3 298.7 295.3 292.2 280.4 279.8 280.1 279.2 275.2 270.9 269.9 266.9 264.7 262.3 259.6 258.1 255.4 254.7 253.8 251.8 251.3 252.9 253 251.6 250.8 250.2 249.6 250.2 252 251.2 249.1 248.7 249.2 251.1 251.5 251.6 251 250.9 252.4 253.7 255 256 256.9 257.9 259.4 260.9 262.1 262.4 262.3 260.7 259.8 257.4 254.7 250.8 245.3 240.4 236 233 230 225.7 221.5 217.7 214.2 210.3 200.8 187.7 177.8 171.9 169.1 167.2 164.6 156.3 156.6
328.2 324.5 320.7 316.4 311.8 308.1 304.5 300.2 296.4 292.3 290.3 287.8 286.4 284.1 280.5 278.1 275.8 272.9 270.8 269.3 266.1 263.5 262.7 260.9 259.1 258.6 259.2 259.3 258.7 258.3 258.8 259.7 260.6 260.7 261.6 260.3 258.4 258.4 259.5 259.2 257.9 254.3 256.1 257.8 259.1 260.5 261.7 262.6 263.9 265.4 266.9 268.4 268.5 268.4 267.3 264.6 262 258.6 254.1 248.6 245 240.4 236.8 233.2 228.6 224.3 220.2 216.5 213.1 205 192.7 184.6 178.5 175.3 173.3 169.6 164.7 157.7
334.5 330.3 326.4 322 317.2 313.8 310.1 306.2 302.5 300.4 297.9 296.1 294.1 291.5 288.6 286.7 285.5 283.4 280.4 278.2 275.4 271.4 272.1 268.8 265 266.3 266.8 266.9 267.7 268.2 268.7 270.5 272.3 274.3 274 272.6 270.3 269.7 267.4 265.4 263.2 261.3 262.2 263.1 264.5 265.9 267.3 268.5 269.9 271.4 272.9 274.3 274.9 274.6 272.3 269.7 266.3 261.9 257.4 253.3 249.7 245.5 240.6 236.1 231.5 227.1 223.9 220.5 216.9 212.2 204.5 191.7 185.7 181.9 179.1 175.3 169.7 160.8
343.9 339.4 335 330.2 326 320.9 315.8 313 310.9 308.9 306.4 303.9 301.7 299.2 297.2 295.2 294 292.8 290.9 288.7 286.2 281.6 281.5 276.3 273.1 275.6 275.6 275.2 275.6 276.8 277.9 279.4 281.4 282.2 281.1 279.9 278.1 275.8 272.6 269.6 266.7 266.1 266.4 267.2 268.8 270.3 271.7 273.6 275.3 277 278.6 279.3 279.8 278.4 276.9 273.7 270 265.5 261.9 258.5 255 250.5 245.1 239.7 235.2 231.1 227.9 224.6 221.4 217.8 213.3 205.3 194.9 187.7 185.1 180 172.2 163.4
352.8 348.1 343.7 339.4 335.3 330.1 324.1 322.4 319.5 317.4 314.9 312.4 309.8 307.8 305.8 303.8 302.5 301.1 298.3 297.2 293.2 290.8 288.8 285.9 285 284.3 283.9 283.5 283.4 284.7 286.1 286.9 287.5 288 287.4 285.8 283.7 281.3 276.4 271.5 270 269.6 269.9 270.8 272.1 273.6 275.1 277.6 279.3 281.4 282.8 283.4 283.3 282.1 280 277.4 273.9 269.7 267.1 264.1 260 255.5 250 244.8 240.4 236.2 232.5 228.7 225 221.1 216.7 212 204.7 194.6 188.3 183 174 164.4
361.8 358.1 354.7 349.6 344.9 339.5 330.2 331.9 328.4 325.9 323.4 320.4 318.3 315.8 313.1 312.2 310.3 308.6 307.2 304.4 300.8 297.6 295.9 292.9 293.4 292.9 292.1 291.7 292 292.9 294.3 295 295.6 294.5 293.8 291.6 289.4 286.5 281.5 278.6 276.3 273.4 273.4 274.2 275.3 276.9 278.7 281.6 284 286.3 286.9 287.5 286.9 285.6 283.1 280.6 277.7 274.9 272.3 269.3 265 260.4 255.3 250.3 246 241.7 237.2 233.3 229 224.3 219.8 215.2 210.5 204.5 194.6 185.8 176.6 169.3
369.9 366 363.5 359.2 354.7 348.3 344.7 341.8 337.7 334 331.1 328.9 326.8 324.2 321.8 319.6 318.1 315.1 313.6 310 306.6 305.5 303.7 301.7 300.9 300.6 300.4 300 300.7 301.5 302.5 303.2 302.4 301.3 299.8 297.5 295.1 291.4 288.6 286.7 283.4 280.8 279.1 278.6 278.4 280.8 283.6 286.9 289.3 290.6 291.3 291.1 290.2 288.8 286.4 283.9 281.7 279.6 277.3 274.5 270.4 265.8 260.8 255.9 251.6 246.6 241.9 237.5 232.3 227.3 222.6 218.2 213.9 204.5 196.6 188.5 180 172
375.8 371.7 368.2 365.5 360.2 354.8 351.7 348.5 345.4 342 339.5 337.4 335.3 332.7 330.4 327.6 324.7 320.5 319 316.7 314.1 312.1 309.5 305.6 307.7 307.7 307.9 308.6 309.4 310.1 310 309.9 308.7 307.2 305.4 303.3 299.2 298.5 296.6 295.5 293 289.1 287.4 286.9 287.1 288.5 290.8 293.3 294.1 295.1 295.1 294.4 293.4 291.7 289.7 287.3 285.3 283.3 281 278.3 274.6 270.7 266 261.1 256 251 246.4 240.9 234.6 229.6 225 220.6 216 208.4 199.7 191.4 181.6 172.9
382.1 378.3 376.1 372.6 367.9 363.8 360.3 357.4 354.2 350.9 348.1 345.9 343.8 341.2 338.3 335.4 331.8 328.7 326.2 323.8 321.4 319.2 317 315.6 315.4 315.7 316 316.8 316.3 316.1 316.1 315.5 314.2 312.6 310.8 308.9 307 305.3 304.3 303.1 301.1 298.7 296.2 295.2 295 295.4 297.6 298.3 298.9 299.3 298.6 297.7 296.4 294.6 292.9 290.8 288.4 286.1 283.7 281 277.1 273.3 269.2 264.4 259.8 254.3 248.8 243 236.6 231.6 227.1 222.5 217.8 212 204.9 194 185.7 174.9
389.8 385.9 382.8 379.6 375.9 372 368.5 365.4 362.5 359.6 356.7 353.9 350.8 347.9 344.8 341.8 338.3 335.2 333.3 331.1 328.7 326.5 324.3 324.3 324.1 323.6 323.6 323.1 322.6 322.2 322 320.7 319.3 317.9 315.8 312 312.9 312.7 311.7 310.4 308.1 305.4 303.2 302 302 302.2 302.3 302.6 302.2 302.4 301 299.4 297.7 295.9 294.3 292.9 291.2 288.8 286.5 283.5 279.7 275.9 272.1 267.7 262.2 256.6 251.1 244.5 238.2 233.2 228.7 224.1 219.4 214.9 208.4 196.6 187.7 181.2
391.7 392.2 389.5 385.9 382.3 378.4 375.2 371.9 368.5 365.6 362.7 359.8 356 352.6 349.8 346.9 344 341.6 339.8 338 336 333.8 330.3 331.6 331.3 330.6 330 329.4 328.9 328.3 327.2 325.8 324.5 323.1 321.5 319.5 320.1 319 317.8 316.6 315 311.9 308.9 307.7 305.9 305.1 305.1 304.9 303.7 303.2 302 300.5 298.8 297 295.7 294.2 292.9 291.5 289.2 286 282.2 278.5 274.6 270.1 264.5 258.9 252.5 245.8 240.1 235.1 230.3 225.7 221.2 216.7 212.2 204.5 192.5 185.8
401.3 398.6 395.2 392.3 388.7 385.5 382 378.5 374.5 371.5 368.7 365.7 360.9 357.3 354.7 352 349 347.2 345.8 344 342.3 340.5 337.5 338.5 337.9 337.1 336.5 335.9 335.3 333.9 332.9 331 329.6 328.3 326.8 325.9 326.1 325 323.8 322.7 321.2 318.1 315 312.4 310.1 308.1 308 306.1 305.1 304.1 303.1 301.6 299.9 298.4 297.1 295.6 294.2 292.9 291.5 288.4 284.4 280.4 276.1 271.1 266.1 260.6 253.8 247.1 242 236.9 231.9 227.4 222.9 218.4 213.8 209.2 196 183.4
410.6 406.2 402.8 398.5 395.1 392.7 388.8 385.1 381.1 377.5 374.6 370.6 365.9 362 359.7 357 354.5 352.9 351.2 350 348.2 346.4 346.4 345.4 344.6 343.7 342.9 342.2 340.7 339.2 338.2 337.3 335.6 333.4 331 331.9 331.1 330.7 329.7 328.6 326.7 323.7 320.3 316.7 313.9 311.8 309.2 307.2 306.1 305.2 304.2 302.7 301 299.9 298.4 296.9 295.5 294.2 292.7 289.3 285.9 282.1 277.1 272.1 267.1 261.4 255 248.8 243.8 238.6 233.4 228.5 224 219.4 214.8 210.1 194 184.1
418.1 414.5 410.1 406.4 401.9 399.6 395.5 391.6 387.7 383.6 380.3 375.6 370.8 366.8 364.6 362.1 360.1 358.5 356.8 355.4 354.2 352.4 352.2 351.4 350.5 349.4 348.4 347.6 346.1 344.6 343.5 342.6 341.8 339.9 339 338.2 337.5 336.3 335.4 334.4 332.3 328.9 325.5 321.9 318.4 315.2 312.7 309.4 307.2 306.3 305.3 303.8 302.4 301.3 299.8 298.3 296.8 295.5 293.3 289.9 286.6 282.9 278 273 268 262 255.6 249.3 244.3 239.2 234 228.3 223.5 219.3 215 209.8 196.7 186.2
431.9 426.5 421.1 416 411.3 406.5 402.3 398.3 394.3 392.1 385.7 380.7 375.7 371.7 369.6 367.3 365.8 364.2 362.5 360.8 359.7 357.9 356.8 355.4 354.4 353.7 352.9 352.6 351.5 350 348.8 347.9 347.1 346.2 345.8 345 344.1 342.9 341.7 340.3 337.5 334.1 330.6 327.1 323.6 320 316.1 312.6 309.7 307.4 306.4 304.9 303.9 302.6 301.1 299.6 298.1 296.8 293.9 290.7 287.6 283.7 278.9 273.9 268.9 262.7 256.1 249.9 244.3 239.5 234.5 228.7 222.9 218.5 214.3 209.5 204 189.5
438.5 434 427.3 422.5 416.8 413.5 409.6 405.6 401.4 396.9 392.6 387.4 382.2 377.5 374.7 372.7 371.4 369.6 367.9 366.2 364.5 361.7 360.5 359.7 359 358.2 357.5 357.2 356.6 355.4 354.1 353.2 352.3 351 350.6 350.1 349.6 349 347.5 344.7 342.4 339.2 335.8 332.3 328.7 325 321.2 317.1 313.1 309.7 307.5 306.4 305.4 304 302.5 301 299.5 297.9 294.7 291.5 288.5 284.5 279.6 274.8 269.8 263.2 256.5 250.5 244.4 239.5 234.2 228.4 223.2 217.8 212.8 207.5 203.8 197.6
444.2 440.9 435 430.6 425.5 421.1 416.4 412.6 408.5 403.8 399.7 394.7 389.3 383.2 379.5 377.7 376 373.6 371.2 369.2 367.5 365.3 365.3 364.2 363.5 362.7 362 361.8 361.5 360.5 359.4 358.3 357 355.7 355.1 354.7 354.2 353.5 351.8 349 346.7 344.4 340.9 337.4 333.7 330.2 326.3 322.1 318.1 314.3 311.5 309 306.9 305.4 303.8 302.3 300.8 298.6 295.5 292.5 289.5 285.3 280.4 275.9 270.2 263.6 257.1 251 245 239.5 233.8 228.1 222.4 217.6 211.8 205.8 199.8 196.6
447.1 444.9 440.8 436.6 433 428.4 422.7 419.7 415.7 410.5 406.7 401.9 396.2 390.1 385.2 382.2 380.5 378.1 375.7 373.2 370.8 369.6 369.9 369 368 367.2 366.5 366.3 366.1 364.8 363.3 362.3 361.2 360.2 359.4 358.9 358.4 357.4 355.5 353.3 351 349.2 346 342.4 338.8 335.3 331.3 327.2 323.1 319.3 316.1 313.6 310.5 307.4 305.1 303.6 301.4 298.9 296.6 293.5 290.4 286.5 281.9 276.7 270.4 263.9 257.7 251.6 245.5 239.3 233.7 228 222.6 218.2 212.1 205.2 199.7 191.5
448.3 447.7 442.4 438.2 434.2 429.8 427.3 424.4 420.7 416.5 412.4 407.8 403 397 392.4 388.1 384.8 381.6 378.8 376.1 373.5 373.5 373.1 372.6 372.1 371.8 371 370.4 368.8 367.3 365.8 365 364 363 362.6 362.5 362.5 361.2 359.3 357.4 355.3 353 350.6 346.8 343.3 339.8 336.3 332.2 328.1 324.2 320.7 317.8 314.6 311.5 308.1 304.7 302.4 300.2 297.7 294.8 291.7 287.6 282.7 277.1 270.7 264.3 258 252 245.6 239.2 233.6 228 223.1 219 213.5 206.1 199.6 196.2
450.1 447.9 443.7 439.2 435 431.6 428.6 425.7 422.3 418.6 415 411 406.3 401.6 397.4 393.4 389.4 385.9 382.4 378.7 376.4 376.7 376.5 376.1 375.7 375.3 374.4 372.8 371.2 369.9 368.3 367.5 366.7 365.7 365.4 365.9 365 363.6 361.7 359.4 357 354.7 352.4 350.3 346.8 342.6 338.7 334.8 331.3 327.5 324.1 320.9 317.5 314.1 310.1 306.6 303.7 301.4 298.8 296 292.7 288.5 283.6 277.3 271 264.6 258.4 252.1 245.6 239.1 233.5 228 223.7 219.6 213.9 206.7 200.7 196.6
450.8 447.9 444.8 440.2 435.9 432.6 429.6 426.6 423.7 420 416.4 412.4 408.4 404.2 399.8 396.1 392.2 388.5 384.9 381.1 378.3 379.1 379.6 379.4 379 378.2 376.7 375.2 373.7 372.3 370.9 370 369.2 368.4 367.9 367.5 367 365.9 363.8 361.2 358.6 356.3 354.1 350.6 347.2 343 339.3 335.6 332.6 329.3 326.5 323.5 319.8 316 311.7 308.5 305.3 302.6 299.9 297.1 293.7 289.3 284.1 277.4 271.2 264.9 258.6 252.1 245.6 239.2 233.4 228.3 223.6 219.5 213.7 207.1 201 196.3
450.7 447.9 445 441.1 437.3 434.1 430.8 427.6 424.7 421.5 417.8 413.8 409.8 405.6 402.1 398.1 394.3 390.6 386.9 383.2 380.4 381.5 382 382.5 382.1 380.6 379.1 377.6 376.1 374.8 373.4 372.5 371.7 369.9 368.8 368.7 368.5 367.7 365.5 362.9 360.3 357.4 354.1 350.6 346.3 342.4 338.2 334.6 331.8 329.4 326.7 324.3 321.8 317.7 313.7 310.4 306.7 303.2 300.6 297.9 294.5 290.1 284.2 277.5 271.3 265.2 258.6 252.1 245.7 239.2 233.6 228.8 224 219.4 213.8 207.6 201.4 196.2
450.8 447.9 445 442.1 438.7 435.5 432.2 429 425.7 422.7 419.2 415.2 410.6 406.4 404.1 400.2 396.4 392.7 389 385.7 382.1 383 383.7 384.4 384.1 382.8 381.5 380 378.6 377.2 375.9 374.3 372.4 370.4 368.8 368.2 367.5 366.9 366.7 364.6 361.3 357.3 353.7 348.5 344.7 340.9 337.2 333.4 330.5 327.7 324.9 322.3 320.4 317.5 314.5 310.6 306.5 303 300.6 297.7 294.3 289.1 283.2 277.4 271.6 265.5 258.8 252.1 245.6 239.4 233.7 229 224.3 219.5 213.3 207.1 200.9 195.2
450.9 448 445.1 442.3 439.3 436.2 433.1 430 426.8 423.7 420.5 415.7 410.8 408 406 402.2 398.4 394.8 391.5 387.6 384 384.7 385.6 386.1 385.8 384.5 383.2 381.8 380.2 378.8 376.8 374.3 372.2 369.1 367.4 367.1 366.5 366.2 365.8 365.3 361.7 357.6 351.6 346.8 343.1 339.1 335 331.4 328.7 325.9 323.1 320.4 318.3 315.3 312.3 309.3 306.3 302.8 299.7 296.5 293.2 287.5 281.8 276 270.6 265.1 259.5 252.1 245.8 239.7 233.4 228.7 224 219.3 211.7 204.5 198.3 193.2
451 448.2 445.4 442.7 439.8 436.6 433.5 430.5 427.5 424.6 421.7 416.8 412.9 409.7 407.6 404.2 400.5 397.1 393.2 388.4 385.3 386.2 387.3 387.5 387.3 386.3 384.5 382.6 381 379.7 377 374.2 370.6 368 366.1 365.8 365.1 364.6 364.3 363.9 361 355.6 349 344.5 340.1 336.5 332.9 329.4 326.7 324 321.3 318.5 316.1 313.1 310.1 307.1 303.9 300.9 298.2 295.1 290.7 285.3 279.6 274.5 269.4 263.9 258.3 251.4 245.1 238.8 233.6 227.9 222.9 217 209.8 202.5 196.1 190.2
450.4 447.8 445.2 442.7 440.2 437.3 434.4 431.4 428.5 425.9 423 419 415.1 411.6 409.2 406.3 402.6 398.7 394.2 389.2 386.5 387.7 387.7 387.6 387.8 387.1 385.3 383.4 381.8 379.6 376.8 373.4 369.9 367.3 364.4 362.8 362.3 362.2 362.4 361.8 358.7 352.2 345.8 341.6 338 334.4 330.8 327.4 324.7 322 319.4 316.7 313.9 310.8 307.7 304.5 301.4 298.3 295.6 292.1 287.7 282.8 277.8 272.9 268.1 262.8 257.2 250.4 243.9 237.8 232.5 226.8 220.6 214.8 207.6 200.1 195.3 192.3
449.6 447 444.8 442.7 440.6 438.4 435.4 432.4 429.5 426.8 423.3 419.5 415.6 413 410.6 407.5 404.2 399.9 394.9 390.4 388 387.7 387.4 387.3 387.9 387.6 386 384.2 382.4 379.4 376.2 372.6 369.5 366.4 363.1 360 358.3 358.7 358.5 357.2 355.1 348.2 342 338.8 335.6 332.3 328.7 325.4 322.7 320 317.1 314.3 311.3 308.2 305.1 301.9 298.8 295.7 293 289.2 284.8 280.8 276.3 271.4 266.5 261.6 256 249.4 242.7 236.6 231 224.7 218.7 212.5 205.2 198.6 194.1 189.8
449.5 447.3 445.1 443 441 439 436.3 433.1 429.7 426 422.5 418.9 415.4 412.1 408.9 405.7 403.1 399.4 394.4 390.9 387.8 386.6 386.5 386.2 387.3 387.5 385.9 382.7 379.6 377.1 374.6 371.9 368.6 365.1 361.6 357.9 353.2 353.6 354.1 352.6 349.6 341.3 337.8 334.8 331.6 328.5 325.4 322.1 319.8 317.3 314.4 311.3 308.3 305.5 302.5 299.4 296.3 293.2 290.3 286.3 282.2 278.4 274.3 269.8 264.9 260.1 254.9 248.3 241.4 236.4 229.1 222.5 216 209.9 202.6 197.7 193.5 188.5
449.7 447.6 445.4 443.4 441.2 438.8 436.1 432.9 429.5 425.2 421.5 417.6 414.3 411.2 407.8 404.4 401 397.1 393.3 390.5 387.8 385.2 385.1 383.7 384.8 383.7 382.4 379.6 377.2 374.8 372.3 369.7 366.5 363.3 358.5 353.1 348.1 344.6 342.7 342.1 339.4 335.2 332.5 329.8 326.6 323.4 320.4 317.6 315.4 313.2 311.2 308.3 305.3 302.2 299.2 296.7 293.8 290.7 287.7 283.6 279.8 276 271.9 267.7 263.3 258.4 252.3 244.7 238.7 233.4 227.1 220.8 214.1 207.6 202.7 197.5 192.9 185.4
449.4 447.8 445.6 443.3 441 438.6 436 432.7 429.2 424.2 420 416.3 413.2 410.1 406.9 403.5 400.2 396.6 393.2 390.4 387.6 384.8 383.1 381.4 380.9 380.3 378.8 377.1 374.9 372.5 370 367.1 363.8 360.1 355.1 349.1 344 337.5 336.3 334.6 332.5 329.3 327.1 324.6 321.4 318.1 315.1 312.8 310.5 309.8 308.6 304.4 301.4 298.2 295.4 293.6 290.8 287.9 285 281.2 277.4 273.5 269.6 265.4 261.1 255.9 248.9 241.8 236.7 231 224.9 218.6 212.2 206.7 201.5 194.4 184.9 181.4
448.9 447.3 445.1 443.1 440.7 438.4 435.8 432.6 428.5 423.1 418.5 415.2 412.1 409 406 402.7 399.5 396.2 393.1 390.3 387.5 384.6 381.6 378.9 377.9 377.1 375.8 373.7 371.7 370.2 367.7 364.4 361 356.8 351.8 345.2 339.4 332.7 330 327.5 324.8 322.6 320.7 317.7 313.9 310.9 308.3 305.5 304.7 305.9 303.1 299.4 296.8 294.1 291.7 290 287.7 284.7 281.5 278.4 274.8 271.1 267.3 263.1 258 251.6 245.3 238.6 233 227.8 222.1 215.5 208.5 196.1 187.9 192 192.8 191.9
448.3 446.5 443.6 441.8 440.2 438.2 435.7 431.8 427.6 422.6 417.3 414.2 411.1 408 404.9 401.9 399.2 396.4 393 390.2 387.4 384.3 381.6 378.2 374.8 373.3 372.6 370.6 368 366.4 364.2 361.5 357.6 352.9 346.9 340.1 334.1 327.9 324.5 320.6 317.2 315.3 313.8 310.7 306.8 303.3 300.9 298.1 297.6 299.5 296.3 293.2 290.9 289.6 287.9 286.2 284.4 281.1 278 275.3 271.9 268.2 264.4 259.5 254 246.8 240.4 235.4 230 224.9 219.5 206.5 192.7 190.8 196.3 202.7 197.4 193.5
447.7 445.6 442.7 440.1 438.5 436.9 434.4 430.6 426.8 422.2 417.7 414 410.4 407.4 404.3 401.3 399.7 397.5 394.2 391.2 387.2 384.1 380.6 377.1 374.3 371.1 367.3 366.7 365.2 362.2 358.6 354 350.9 345.7 340 333.5 327.9 321.8 317.1 314 310.2 307.7 305.4 300.4 288.8 285.7 283.1 281.7 278.5 286.2 278.9 271.5 268 282.9 281.9 279.1 279.1 277.4 274.5 271.8 269 265 260.9 255.6 250 242.8 236.8 232.1 226 222 212.9 195.8 205.4 206.6 209.3 203.4 197.3 193
