data/NY71.asc
ncols 200
nrows 200
xllcorner 370000
yllcorner 510000
cellsize 50
[rows 140 to 174 of 200, columns 0 to 77 of 200]
234.9 234.1 232.4 230.9 229.5 227.4 226.5 225.9 225.2 222.4 217 211.7 207.6 203 200 199.4 199.1 200.2 202.9 204.4 205.7 205.6 202.9 200.3 196.1 192.3 189.1 186 182.2 182.8 184.4 183.2 182.7 182.8 184.6 185.6 186.5 187.3 191.6 194.8 196.3 198.2 200 202.1 203.2 201.8 199.7 197.4 197.9 198.1 195.5 193.9 191.1 190.9 189.3 187.7 186 184.3 182.2 180.7 179.7 179 179 178.7 178.6 180.6 181.9 182 180.9 178.7 176.1 174.3 171.1 168.4 165.9 165 163.2 166.1
236.6 235.3 234.2 232.8 230.6 228.3 225.6 224.2 223.5 221.9 217.4 212.6 207.7 201.7 200.6 200 200.1 202.3 206 207.4 208.2 208.9 208.6 201.4 201.3 197.5 193 189.9 184.4 181.6 189.2 189.6 188.5 186.3 189.3 191.8 192 190.4 193.8 197.2 200.7 203.1 205.1 206.5 207.4 205.6 203.4 200.3 197.3 196.3 195.3 195.3 191.6 188.9 188.3 187.8 186.4 184.9 182.3 179 179.7 178.5 176.5 174.3 174.2 176.5 178.2 179.2 179.1 177.2 174.6 171.8 168.3 165.6 161.8 159.7 157.7 160.1
238.6 237.3 236 234.4 232.3 227.7 224.8 222.2 221.1 219.9 215.2 210 205.9 202.7 201.6 201.9 204 206.7 209 209.4 210 209.5 203.7 202.1 202.5 203.8 198.2 194.2 188.8 181.9 188.5 195.7 195.6 189.3 197.2 198.3 197.8 195 195.6 198.8 203.2 206.4 208.7 210.4 211.5 210.7 207.8 204.8 201.9 198.7 197.1 196.4 192.1 187.3 186.8 186.4 184 181.2 178.7 175 173.9 173.1 170.3 168.8 167.7 169.4 172.4 173.8 173.9 172.8 169.8 167.3 162.7 158 155.6 154.9 154.7 154.8
230.9 239.3 237.9 236.1 232.6 227.4 223.3 220.1 217.8 216.4 211.6 207.2 205.2 203.6 203.9 207.3 210.1 211.5 211.5 211.1 210.7 210.1 205.1 204.9 202.1 203.1 202 197 194.9 183.2 188.3 199.5 199.4 194.1 201.1 203 202.4 198.9 197.5 200.1 204.9 208.8 211.1 213.3 214.5 214.6 212.3 209.7 206.6 203.3 200.4 198.4 194.9 189.3 184.5 181.8 179 176.2 176.7 172.6 171.6 171.3 172.1 171.3 170.6 167.4 164.6 165.6 166.2 165.7 163.7 160.7 157.2 157.2 157.2 156.4 154.4 153.4
223 227.3 236.4 236 232.4 227.4 221.9 218.4 215.4 212.6 210.1 209 207.2 206.7 208.3 212.2 214.6 214.9 214.1 212.8 211.4 210.3 209.5 208.5 202.8 204.7 202.3 201.4 196.5 182.6 187.6 199.5 202.3 198.9 202.8 205.9 205.5 201.9 198.7 200.7 205.5 210.7 213.6 215.2 216.4 217.1 216.5 214.7 211.6 208.4 205 202.2 199.9 190 186 183.4 182.5 180.3 178.3 177.3 176 175.7 175.8 175.3 174.3 172.4 168.2 163.9 161.6 160.6 160.2 159.6 161.5 163.3 163.8 162.1 160.6 158
226.8 226.2 227.4 228.2 230.6 229.2 223.5 220 217.7 215.4 213.2 213.5 211.8 212.2 211.7 216.2 217.3 217.4 216.2 214.8 213.1 211 209.7 209.3 207.3 204.9 203.1 204 199 183.4 186.6 198.7 203.3 200.9 202.5 206.7 206.4 203.4 200.4 201.6 208 211.7 215.1 217 218.3 219.3 219.1 217.7 215.7 212.2 208.5 205.8 202.4 195.1 189.8 189 186.6 185.8 184.7 183.9 183 182.3 181.5 181.2 179.8 177.5 173.7 169.5 165.5 162.8 162.2 161.3 163.4 166.8 169 169.2 167.3 165.8
232.8 232.7 231.8 232.2 234.8 230.5 227.4 223.9 222.1 220.5 219.3 219.9 219.3 217.5 215.9 218.5 219.3 218.9 218 216.1 213.9 211.7 209.9 209.1 207.8 205.5 204.3 205.3 202.1 187.2 187.1 199.6 203.7 201.4 202.7 204.9 205.7 204.5 201.6 205.2 209.7 213.2 216.4 218.3 219.6 220.5 220.6 219.5 217.5 214.3 210.4 207.1 203.1 197.2 194.1 194.2 192.1 192.7 190.9 190.1 189.4 187.4 186.5 185.7 184.5 181.6 177.7 174.6 170.2 166.6 164.9 162.9 163.1 166.5 170.4 171.3 170.8 169.1
238.9 238.8 238.1 238.1 238.7 236.5 231.7 227.9 225.7 223.2 220.5 224.5 223.9 221.7 220 219.3 220.1 219.6 218.7 216.8 214.6 212.5 210.3 209 207.8 206.4 204.8 205.8 204.5 195.4 186.8 200.6 202.8 202.4 203.3 204.3 205.6 206.4 204.7 206.8 210.9 214.5 217.4 219.3 220.1 219.7 219.8 219.3 217.4 214.7 210.6 207.2 202.8 197.1 193.3 194.4 196.5 195.9 194.4 193.9 192.3 190.4 188.6 187.6 186.9 183.7 180.3 177.4 172.3 168 165.6 162.8 162.5 164 168.4 169.6 169.5 168
245.5 244.1 242.5 242 243.1 241.9 236.6 231.4 228.5 226.1 222.1 226.2 226.4 224.6 221.7 219.8 220.2 219.7 219 217.3 215.1 212.8 210.5 209 207.9 206.7 206.2 205.7 204.8 195.9 186.7 199.8 202.2 203.1 204 205.3 206 207.7 206.4 208.9 212 215.4 218.1 219.4 219.2 218.2 217.8 216.1 215 212 207.8 204.3 199.6 194.7 193.1 194.2 197.4 196.6 196 194 192.4 190.2 188.6 187.6 185.1 181.1 177.2 175.9 171.4 167.2 164.7 161.8 160.9 160.5 163 164 163.6 162
250.9 249.6 247 245.8 245.6 245.7 240.7 234 230.9 227.9 225.2 227.3 227.6 226.1 222.9 219.9 220.4 219.8 218.6 217.2 215.2 213 210.7 209 207.9 206.4 204.7 204.3 204.6 193.7 186.4 196.5 202.9 204.1 205.2 206.7 207.8 207.1 209.6 210.8 213.6 216 218.3 218.2 217.6 216.2 214.1 212.3 210.8 207.1 202.1 197.8 194.1 194.4 193 192.4 193.8 195.7 194 191.5 190.1 189.6 187.9 185.5 175.9 174.2 172.4 165.5 164.9 162 162 159.7 158.2 156.7 154.5 156.5 156.5 154.4
255.2 254.4 251.2 248.6 247.4 248.7 244.7 236.5 231.9 229.7 226.4 226.8 227.5 226.5 222.4 219.6 220.2 219.1 218 216.7 214.6 212.6 210.6 208.7 206.8 205.3 203.8 201.2 199.2 188.6 188.4 207.1 202.8 204.8 206.5 208 209.5 210.6 211.8 213.5 214.9 216.5 217.6 215.7 215.2 213.1 210.9 208.8 206.8 202 196.3 192.9 193.3 194.3 193.3 192.1 191.6 191.8 190.7 188.6 187.3 184.2 179.7 178.8 181.8 180.3 177.8 172.3 168.3 163.8 159.9 157.6 156.3 155 154.3 155 153.6 153.2
258.3 258 255 251.6 250.8 250.3 247.2 241.3 235.6 230.7 226.8 225.3 226.3 224.9 222.4 218.9 218.4 215.4 214 215.3 212.9 210.7 208.7 206.6 204.9 202.5 200.2 192.2 186.8 186 188.1 198.9 207.3 204.8 206.8 209.6 210.4 212.3 213.1 214.3 216 216.7 216.9 215.2 212.9 211.1 208.9 206.7 203.6 198.5 193.8 191.9 192.2 193 192.4 190.9 189.4 188.3 187.3 185.9 181.4 186.7 187.5 186.7 183.8 182.1 180.4 175.3 170.1 164.6 161.1 158 156 155.4 155.5 156.9 155.9 156.9
260.2 260.5 258.2 254.5 251.6 250.8 247.9 242 235.8 231.1 227.1 222.3 223.6 221.4 220.1 217.7 216.4 218.4 215.5 209.7 210.1 208 205.6 204.3 202.7 200.2 188.8 186.8 187.2 188.9 195.3 200.7 202.2 207.5 208.9 210.5 212 213.3 213.4 214 215.3 216 215.6 213.3 210.8 209.3 207.5 205 202.1 197.4 193.3 191.5 191.2 191.8 191.2 189.9 188.4 186.8 185.7 183.9 183.9 187 189.3 188.8 187.7 185.8 182.8 178.2 171.9 166.7 163 160.1 158.1 157.6 155.8 160.9 163.9 166.2
261.8 261.7 260.6 257.4 254.1 250.7 247.1 241.5 235.7 231.6 226.2 219.7 218.5 217.6 216.9 216.3 218.3 218.9 216.6 213.2 202.6 198 194.8 195.9 198.4 196.9 187.5 194.1 193.8 194.7 198.5 200.9 203.3 205.5 209 211.1 212.8 214.5 214.9 214.3 214.2 214.9 213.4 211 208.6 207.5 206.1 203.7 201.4 198 193.5 191.2 190.2 190 189.4 188.8 187.3 185.7 184.2 183.5 184.8 187.1 190 190.9 190.7 189.1 185.6 182.4 174.2 169.6 164.8 158.7 162 160.2 157.5 161.4 165.8 169.3
260.5 260.7 261.7 258.7 254.3 249.2 244.5 239.1 235.4 230 223.5 218.8 218.2 217.8 217.1 217.1 218.2 219.4 217.2 213.6 208.9 206.4 203 199.9 192.3 189.4 188.8 197.1 194.6 195.3 198.8 200.9 203 205.4 208.6 211.6 213.1 214.4 214.9 214.2 213.5 212.3 210.4 208.9 206.5 206.6 205.1 203.4 201 198.6 194.4 191.8 190.4 189.3 188.7 188.1 187 186.6 186 185.3 185.6 187.5 190.4 192.1 191.8 190.3 187.6 183.9 176.5 172.7 168.4 162.6 165.5 163.1 159.4 158.9 164.6 168.2
260 259.6 261 258.7 253.9 247.2 241.3 235.2 231.5 225.8 220.7 219.5 218.7 217.9 217.3 218 218.8 220 217.6 213.7 210.2 207.5 204 200.6 197.9 190.1 188.5 198.9 198.6 198.8 200 201.8 204.1 205.7 207.8 211.2 211.3 210.9 213.4 212.8 210.8 209.5 207.2 205.6 204.8 205.5 204.6 202.8 200.9 197.8 195.4 192.5 190.9 190.2 189.7 189.6 190.1 189.5 188.6 187.5 187.8 188 190.2 191.8 191.6 190.6 187.9 183.7 177.6 174.1 170.9 165 168.5 165.6 160.8 158.1 158.8 162.4
260 258.5 257.7 255.4 249.7 240.6 231.9 228 224.9 222.8 221.4 220.1 219.3 218.7 218.9 219.1 219.7 220.9 218.1 214.1 212 208.5 205 200 192.3 190.8 191.3 200.4 202.1 202.9 203.3 203.1 205.2 206.5 207.9 210.3 211.6 209.7 211.6 211.9 210.2 207.8 205.4 204 204.1 204.3 204.3 202.9 201.3 198.4 198.2 195.3 194.3 194.4 193 192.7 193.1 193 191.9 190.6 190.2 190.1 190.2 191.5 191.7 190.3 187.6 183.3 178.7 175.5 172.1 168.5 171.9 170.9 165 160.4 158.2 157.9
256.7 254.3 249.9 247.4 240 242.4 239 231.5 225.9 223.8 222.4 221 220.3 220.3 220.9 221.8 222.9 223.5 219.9 216.6 213.9 209.3 201.9 201.7 199.7 191.9 190.1 201.2 204.7 205.6 205.9 205 206.2 207.8 208.3 208.4 210.4 210.8 209.4 209.3 206.9 205.2 204.4 203.4 203.5 203.6 203.8 202.5 200.8 199.4 199.8 198 197.7 198.8 197.6 197.1 196.7 196.6 195.5 194.2 193.2 191.9 191.4 191.8 190.8 189.1 185.9 182 178.4 175.7 172.1 171.2 173.7 174.1 171.8 165.5 162.4 160.7
252.3 250.7 250.1 249.8 249.4 246 242.2 235.8 229.9 225.9 225.1 224 224.2 224.9 226.3 225.1 226.6 226.6 222.8 218.6 215.6 204.4 207.9 204.5 200.9 193.6 189.8 200.7 205.7 207.5 207.7 206.4 206.5 207.2 208.5 208.6 208.3 207.3 209.3 205.2 204.2 205.3 204.2 203.2 203.3 203.3 203.4 200.9 199.3 200.5 200.3 199.8 199.8 200.8 201.8 200.6 200.1 200 199.2 197.7 195.8 194 193.4 191.4 189.8 186.7 183.8 180.1 176.3 173.9 171.2 171.3 173.9 175.8 176.4 172.2 169 166.6
256.4 255.8 256.7 255.8 254.1 250.2 246.3 241.5 236.1 230.5 231 231.3 231.1 231.1 231.6 230.3 230 229.7 226.2 220.8 216.4 212.3 211 206.7 201.9 198.5 190.4 193.9 205.4 208.3 209.3 207.8 207.4 206.3 205.3 204.5 203.3 202.4 201.4 210.6 203.3 205.9 204.6 203 203.2 203.4 202.9 201.2 200.2 200.5 199.9 200.1 201.1 202.3 204.5 203.2 202.6 202.6 201.9 200.6 198.5 196.3 193.6 190.8 187.6 183.7 180.1 176.4 173.3 171.5 169 169.4 171.9 175.7 178.6 178.4 175.4 174.3
263.4 263 262.7 260.9 258.9 255.1 251 246.7 235.9 238.3 236.1 240.6 239.6 238.8 238 236.4 235.4 233 228.9 223.4 215 217.4 214.2 209.4 203.6 200.4 196.7 191.9 201 208.4 210 209 208 206.6 204.3 201.8 200.1 199.3 199.6 201.1 210.4 206.5 205.7 203.7 202.6 202.8 202.2 202.3 202.8 201.1 200.3 200.7 200.6 200.7 203.6 204.5 203.4 203.9 203.8 202.3 199.9 196.1 193.2 188.9 183 178.6 175.4 175.6 173.5 172.1 170.3 170.3 170.9 174.1 177.4 179.4 178.8 178.9
267.5 267.1 266.5 264.8 262.5 258.9 255 246.7 241 242 240.4 246.1 245 244.3 243.9 241.9 239.5 237.1 232 225.5 219.8 220.4 217.3 212.8 206.5 203 199.2 191.3 193.3 204.3 209.4 208.9 208.3 206.2 203.3 200.4 198.9 199 199.7 201.8 204.6 210.3 208.3 205.8 202.7 201.7 202.5 204.2 205.1 203.2 202.5 202.8 201.3 199.7 199.4 200 198.9 200.7 202.6 201.2 197.1 191.3 186.3 182.5 179.3 178.5 178.4 179.2 177.2 175.2 173.8 172.5 172.8 172.8 173.4 174.1 177.1 178.9
269.7 269.2 268.4 266.8 264.1 261 257 246.8 249 246.5 243.8 248.3 249.5 248.7 248.8 246.7 244.1 240.2 234.4 228.3 223.1 221.3 220.3 216 209.6 205 201.3 196.6 190.9 194.4 204.9 208.2 206.2 203.8 201.3 199.4 199.3 199.7 200.2 202 204 206.2 208.4 206.3 203 203.5 204.5 206.2 207.8 205.6 206 206.7 205.7 204.3 202.4 201.8 200 197.3 197 194.5 193.8 192.3 189.6 186.8 183.9 182.4 182.5 182.7 181.2 178.7 176.7 175.7 175.7 175.8 174.7 173.6 173.7 174.7
270.9 270.4 269.6 268 265.2 262 258.9 251.5 252.6 249.5 247.2 249.5 251.8 251.5 252.1 251.7 248.9 244.5 237 230.3 224.8 223.4 223.2 218.4 214.6 208.3 205 200 195.8 192.3 194.3 201 202.4 200.4 197.4 201.1 203.3 203.3 202.6 202.9 203.3 205.2 206.1 205.8 206.2 207 207.7 209 209.4 208.3 208.1 209.2 211.3 210.6 209.3 208.1 206.5 203.3 201.8 200.2 199.6 197.5 194.7 192.3 190 189.3 188.5 187.5 185.4 181.4 179.5 179.3 179.3 178.6 177.2 174.8 173.8 172.2
272 271.4 270.4 269 266.6 263.8 260.3 253.3 255.1 252.5 251.2 249.4 251.1 252 253.2 254.7 252.7 247.5 239.8 232.3 224.7 226.3 224.9 223 218.8 212.3 207.8 202.2 197.8 192.2 191.6 192.4 194.7 200.3 201.4 204.5 207.3 207.9 206.1 206.1 206.3 206.7 207.4 208.5 209.5 210.4 211.4 212.5 211.4 210.4 209.5 211.6 214.6 214.8 214.2 213.2 211.3 208.9 207.2 206.2 205.1 202.5 199.4 197 195.9 194 193 192 188.2 183.6 181.7 181.3 180.5 179.6 177.7 175.7 173.8 172
269.6 270.8 271 269.9 267.7 264.7 260.3 258.5 257.8 255.3 254.6 252.6 250.8 250.8 253.2 256.4 254.8 248.6 240.9 233 228.5 228.7 228.8 226.4 223.3 216.4 211.3 204.9 199.1 192.5 192.1 192 196.7 202.8 205.9 208.5 210.8 212 210.1 211.3 212 212.8 212.5 213.7 212.9 215.5 216.1 214.7 213.6 212.6 211.5 213 216.6 217.5 216.5 215.3 213.6 211.1 210.1 209.3 208.6 206.6 203.9 201.7 200.8 198.9 197.6 194.6 189.7 184.5 183 181.7 180.1 178.7 176 175.4 173.6 171.9
270.2 268.8 268.5 268.3 266.8 263.7 259.8 260.7 260.3 257.8 257.7 256.3 254.2 251.2 252.3 255.1 255.1 247.9 239.2 230.4 232.6 231.8 230.9 229.4 226.7 220.7 212.7 206.3 199.5 193.4 192.3 192.4 197 204.7 208.5 211.2 213.7 213.6 214.2 215.4 217.4 218.8 218.7 219.2 219.8 217.9 218.9 217.5 216.1 215 214 214.7 217.8 219 216.9 216.2 214.8 212.9 211.5 210.9 210.5 208.4 206.1 204.6 204 202.1 199.5 195.2 188.9 184.8 183 180.9 178.6 175.8 174.4 170.8 171.1 169.3
268.7 266.3 265 263.7 263.3 260.7 262 263.2 262.5 258.5 259.8 258.8 255.9 252.8 250.3 251.8 251.7 246.5 236 238.2 234.3 232.8 231.9 230.8 229.5 223.5 213.9 209.2 200.9 194.6 192.7 192.3 196.5 205.6 210.4 213.3 215.8 215.9 216 218.1 220.5 222.2 222.2 222.2 223.3 218 220.9 220.3 218.8 217.1 215.3 215.3 218.3 218.9 215.3 215 213.6 211.9 210.5 209.6 209.4 208.3 206.2 205.1 204.5 202.4 198.9 194.2 187 185 182.5 179.1 174.9 171.7 169.8 168.6 167.1 164.2
269.7 266.3 263.8 263.9 263.2 264.9 265.3 266 264.7 259.8 260.6 260.9 257.8 254.2 248 245.2 244.6 240.4 240.1 240.3 236.5 233.4 232.4 230.9 230.3 224.7 217.8 211.2 202.3 196.4 192.8 192.6 195.9 206.6 210.7 213.9 216.4 217 218.3 219.5 222.3 224.4 224.5 223.5 223.6 221.6 218.2 220.3 219.2 217.5 216.4 215.8 217.5 217.8 214.3 212.5 211 208.6 206.8 206.4 206.8 206.5 204 203.2 202.1 199.8 195.9 190.6 185.8 183.9 182.1 178.9 175.6 173.1 170.6 165 163.4 161
272.2 269.7 267.3 265.2 267.3 268.6 269 269 266.9 260.9 260.6 261.4 258 252.3 248.4 244.1 243.6 242.1 242.9 241.9 237.8 234 231.7 228.7 228.9 224 220.4 213.3 205 197.5 193.3 192.9 194.5 207.8 211.4 213.7 215.6 218 220 221.3 223.9 226.2 225.3 223.5 221.1 219.9 217.8 217.9 217.2 217 215.8 214.5 215.2 213.6 209.5 208.6 206.9 204.6 202.1 202.1 202.2 201.8 200.2 198.4 196.7 193.4 189.8 186.5 185 183.8 181.8 178.1 175.5 174.6 171 167 165.2 164.4
275 272.6 270.5 267.8 270.9 272.4 272.7 272.2 268.1 262.2 258.2 259.7 255.7 250.7 248.4 248.9 247.6 244 243.8 243.3 239.4 233.9 226.7 223.6 224 224.6 220.6 213.9 206 198.2 193.3 192.9 195 203.8 211.9 214.6 216.9 219.5 221.7 223.9 225.7 227.2 226.4 223 220.7 217.7 216 215 212.9 213.2 212.4 210.6 208.3 205.3 203.6 202.8 201.4 200.1 198.2 196.4 195.6 195.2 193.9 192.5 190.6 189.9 188.9 185.3 183.6 182.5 180.3 177 175.9 174.4 170.8 167.6 168.4 167
277.8 274.9 273 268.9 273.7 275.3 275.4 273.9 269.4 263.7 260 257.4 254.2 251.4 250.5 252.1 250.1 246 245.1 243.9 239.6 232.5 226.7 226.8 220.6 218.8 215.8 212 204.8 197.4 193.3 193 195.5 201.7 209.6 215.5 218.2 220.8 223.4 225 226.6 227.4 227 223.8 220.7 217.6 215.8 214.8 206.8 206.7 207 204.3 202 199.6 197.9 197.7 197.2 196.3 194.8 192.9 190.6 189.3 189 188.5 190.3 190.7 189.7 184.6 182.3 181.1 178.4 175.8 174.3 172.8 169.6 168 167.9 167.9
282.2 275 273.4 270.7 274.9 277.3 277.2 275.5 271.3 266 261.9 259.6 257.1 254.7 253.5 254.5 252.6 246.7 245.4 243.5 237.5 229.8 229.1 226 218 212.1 210.2 207 201 195.1 193.4 193.7 195.9 203.2 211.5 215.9 220.2 223.4 225.4 225.8 226.7 227.5 227.8 226.1 222.3 218.7 216.2 212.1 205.9 201.2 200.9 197.8 195.9 194.8 193.9 193.5 192.4 191.6 190 188.3 186.4 186.8 186.2 185.8 188.2 189.7 188 183.7 180.2 177.3 173.8 170.8 169.1 168.3 166.6 165.1 166.1 165.6
286.2 278.9 272.4 271.9 275 277.8 277.5 275.6 271.8 266.6 265.3 262.8 260.3 257.6 255.7 256.2 253.3 246.8 244.1 240.6 233.5 231.1 227.4 223.4 216.1 209 204 200.3 196.8 194.4 194.2 194.6 199.8 206.9 214.6 219.5 223 226.1 227.5 227.5 226.9 227.3 228.2 226.8 222.8 219.1 215.7 210.8 204.6 197.9 196 193.6 192.2 190.8 190.2 189.6 188.5 187.2 184.7 182.5 182 182.6 179 180.2 183.5 185.5 184.1 179.3 174 170.7 168.7 167.5 166.1 165 164 163.1 162.4 161.4
286.7 281.1 275.3 272.4 272.9 276.3 276 274 271.5 269.5 268 264.9 262 259.1 256.8 256.4 252.9 245.9 241 236.4 232.1 226.7 222.6 218.7 213.2 206.2 199.1 196.4 195.2 194 194.8 197.7 203.7 211.2 218.5 223.1 225.9 228.4 229.7 229.4 228.2 226.9 227.7 226.8 222.6 218.3 214 208.9 210.3 199.2 197 194.6 192.4 190 188.2 186.7 185.2 183.9 183.8 183.6 182.2 179.2 178 178 177.2 175.4 174.6 172.3 172.3 171.7 170.6 169.6 168.9 167.1 165.9 165.1 164.9 164.4
