data/NY75.asc
ncols 200
nrows 200
xllcorner 370000
yllcorner 550000
cellsize 50
[rows 0 to 34 of 200, columns 78 to 155 of 200]
315.3 316.4 316.3 316.3 315.7 313.9 313.7 313.9 314.3 315.3 316.1 316.8 317.5 317.2 316.9 315.8 315.2 314.7 314.2 314 314.1 314.5 315.6 316.6 317 316.6 316.5 316.7 316.9 317.1 317.4 317.5 317.2 316.9 316.6 316.1 315.8 315.6 315.3 314.6 313.8 314 314.7 315.3 315.8 315.8 315.6 314.8 314 312.6 311.2 310.5 309.7 309.3 309.1 308.9 308.9 308.7 308.3 307.1 305 303 302.2 301.6 301 297.6 295.7 296.1 295.8 295.1 292.9 290.6 288.3 284.2 281.7 279.2 276.3 273.4
317.1 318.2 319 319.1 318 317.6 317.7 317.9 318.6 319.6 320.4 321.2 321.7 321.1 320 318.6 318.2 317.5 317.4 317.1 317 317 317.8 318.4 318.1 318.1 318.1 318.1 318.3 318.6 318.9 318.9 318.7 318.4 317.9 317.7 317.4 317.2 317 316.4 315.8 316.1 316.6 317.1 317.5 317.4 317.4 316.8 315.9 314.7 313.3 312.4 312.9 313.1 312.9 312.8 312.8 312.9 312.4 310.8 308.9 307.5 306 304.9 304 302.1 300.2 299.7 297.4 294.4 290.6 287.9 285.6 283 280.3 277.7 275.1 272.4
318 320.2 322.1 321.8 321.5 321.6 321.8 321.9 322.8 323.9 324.7 325.4 325.4 323.7 321.7 320 319.9 320.3 320.3 319.6 318.7 318.3 319.1 319.4 319.4 319.6 319.7 319.7 319.8 320 320.4 320.3 320.1 319.9 319.5 319.3 319.1 318.8 318.6 318.3 317.9 318.2 318.4 319 319.1 319.1 319 318.7 317.7 316.6 315.5 315.8 316.1 316.6 316.8 316.6 316.7 316.7 316.2 314.6 312.7 312.1 311 309.1 307.4 305.1 302.6 299.4 295.7 292.3 288.4 285.4 282.9 280.5 278.2 276 273.8 270.8
318.6 320.5 321.8 321.8 321.5 321.9 322.5 322.8 323 324 324.4 324.9 324.2 323.3 322.5 321.7 321.7 321.4 320.9 320.2 319.7 319.5 320.2 320.3 320.5 320.7 320.9 321.1 321.2 321.5 321.9 321.7 321.5 321.3 321.1 320.9 320.7 320.4 320.2 320 319.9 320.2 320.5 320.7 320.7 320.7 320.7 320.6 319.2 317.5 318.3 319.2 319.5 319.9 320.3 320.5 320 319.6 319.1 317.6 315.9 313.8 312.4 310.7 306.9 302.9 300.2 296.8 293.1 290.3 286.3 283.1 279.8 278.3 276.2 275.1 274.5 274.1
316.2 316.7 317.4 317.5 318.3 319 319.9 321.1 321.8 322.5 322.9 323.2 322.9 322.5 322.6 322.6 322.3 322 321.5 320.9 320.7 320.7 321.3 321.5 321.6 321.8 322.3 323.4 324.2 323.9 323.5 323.8 324.1 323.7 323.4 323.2 323 322.8 322.6 322.4 322.6 322.8 323.1 322.3 321.4 321.6 321.8 320.8 319.4 320.3 321.5 322.4 322.7 323.1 323.2 322.9 322.4 321.1 319.5 317.7 315.8 312.8 309.5 306.4 303.4 300.6 298.1 294.3 290.4 288 285.2 282.6 282.2 281.5 279.9 278.6 277.6 276.9
315.5 315.3 315.1 315.7 316.8 317.8 318.8 319.7 320.8 321.5 321.8 322.4 322.9 323 323.1 323 322.8 322.5 322.1 322.1 321.9 322.1 322.3 322.9 324 325 326.1 327.1 327.2 326.9 326.8 327 326.9 326.4 325.6 325.5 325.3 325.1 325 324.6 324.8 325.1 324.8 324.3 323.4 322.4 321.7 321.9 321.9 322.1 323.3 323.8 323.9 323.4 322.8 322.1 320.7 319.2 317.2 315 312.8 310 307.2 304.1 301.3 298.6 296.1 292.9 291.6 290.3 288.2 286 285.6 284.8 283.6 282.3 281 280.2
314.4 314.1 313.8 314.7 315.6 316.7 318 319.7 320.5 321.3 322.2 323 323.5 323.8 323.7 323.5 323.3 323 322.9 323.7 324 324.9 325.4 326.6 327.7 328.8 329.8 330.4 330.3 330.1 330.2 330.3 329.6 329 328 327.7 327.5 327.4 326.9 326.2 326.3 326.5 325.9 325.3 324.8 324.3 324.3 324 324.2 324.4 325 325.1 324.9 324.3 323.5 322 318.8 317.3 314.9 312.7 310.3 307.9 305.1 302.3 300.3 298.3 296.3 295.2 294.2 293 291.2 289.4 288.9 288 286.8 285.7 284.6 283.5
312.5 312.9 312.6 313.6 314.8 316.3 317.9 319.6 320.5 321.6 322.9 323.7 324.2 324.6 324.6 324.8 323.9 323.7 324.6 326.2 326.9 327.8 328.9 330 331.3 332.5 333.6 333.5 333.4 333.5 333.8 333.2 332.4 331.7 330.9 329.9 329.8 329.2 328.5 327.8 327.7 327.5 326.9 326.4 325.9 325.9 326.2 326.2 326.4 326.6 326.8 326.3 325.9 324.9 323.9 322.7 319.1 316.2 313.8 311.4 309.5 307.7 305.8 303.9 302 300.1 298.5 297.8 296.8 295.7 294.1 292.9 292.1 291.2 290.1 288.9 287.7 286.3
308.6 310.6 312.1 313.3 315.9 317.2 317.9 319.5 320.6 322 323.6 324.4 324.9 325.2 325.5 325.7 328.4 328.6 329.6 331.5 333.2 333.8 334.8 336.1 336.6 337 336.8 336.9 337 337.2 336.6 335.8 335.1 334.3 333.5 332.1 331.5 330.8 330 329.3 329.2 328.6 328 327.5 327.4 327.8 328.1 328.6 329 329.4 329.2 328.6 327.7 326.3 324.9 323.4 320.5 317.8 315.4 313 310.6 308.7 306.8 305 303.2 301.5 299.9 299.9 299.4 298.5 297.1 296.1 295.3 294.4 293.3 291.9 290.2 288.9
312.1 313.3 315.8 316.4 317.2 318.3 319.8 321.4 322.3 323.8 325.4 327 328.4 331 333.1 334.9 336 336.6 337.6 339.5 340.1 340.9 340.4 342.2 342.5 341.7 341.3 340.9 340.4 339 337.7 336.5 335.4 334.7 333.8 332.8 332.2 331.6 331.2 330.8 330.3 329.7 329.1 329.1 329.8 330.5 330.9 331.4 331.8 332.2 331.7 331.3 330.7 329.5 327.5 325 322.1 319.4 316.3 313.9 311.5 309.7 308.2 306.4 304.6 302.9 301.3 301.3 301.3 301.2 300.1 299.3 298.5 297.2 296.1 294.4 292.8 291.5
316.2 318.1 321 322.2 324 324.8 326.3 327.7 328.2 328.9 330.2 331.6 334.1 335.6 337.9 339.9 342.6 343.5 344.2 344.8 344.8 345.4 345.8 345.4 344.7 344.5 343.7 342.8 341.6 340.3 339 337.7 336.5 335.2 334.2 333.5 332.9 332.3 331.6 331.2 330.3 329.8 330.8 332.1 332.9 333.3 333.6 334.1 334.7 334.7 334.2 334 333.6 331.5 328.7 325.2 321.8 318.7 315.6 313 310.7 309.3 308.5 307.7 306 304.3 302.7 302.7 302.7 302.6 302.3 301.2 299.9 298.6 298.1 297 295.3 294
320.9 323 325.5 328 329.3 330.1 331.4 331.6 331.8 332.5 333.8 335.1 336.2 337.4 338.7 340.3 341.5 343.3 344.3 345.3 346.1 346.1 346 345.9 345.7 345.6 345 344.1 342.9 341.6 340.3 339 337.7 336.5 334.9 334.1 333.5 332.9 332.3 331.7 331.2 331.3 333.1 334.5 335.4 335.2 336.1 336.8 336.5 336.6 336.6 335.5 333.8 331.1 327.9 324.3 321.1 317.9 314.9 312.2 310.5 309.1 308.2 307.3 306.5 305.7 304.1 304 303.7 303.5 303.2 302.4 301.2 299.9 299.7 299.1 297.9 296.5
323.9 326.4 328.2 330 331.5 332.3 333.6 334.3 334.5 335.4 336.7 337.6 337.7 339 340.2 341.5 342.8 344 344.7 345.5 346.4 346.9 347.3 347.1 346.7 346.6 346.3 345.4 344.1 342.8 341.5 340.3 339 337.4 335.7 334.6 334 333.4 332.8 331.8 332.3 332.8 333.9 334.8 335 334.7 334.5 335 335.3 335.4 334.6 332.8 330.7 328.1 325.4 322.2 318.9 315.4 313.2 311.7 310.3 308.9 307.8 307 306 305.1 304.4 304.5 304.6 304.3 304 303.4 302.4 301.3 301.2 300 298.4 296.3
326.8 328.2 330.2 331.9 333.5 334.5 335.8 336.9 337.3 338.4 339.7 340.4 340.5 340.7 341.7 343 344.4 344.9 345.3 346.1 346.9 348.1 348.9 348.7 348.2 347.7 347.4 346.7 345.4 344.1 342.8 341.4 339.8 338.2 336.5 335 334.4 333.6 332.7 332.1 332.8 332.9 332.6 333 332.7 331.8 331.3 331.3 331.6 331.3 329.8 328 326 323.7 321.1 318.3 315.7 312.8 311.5 310.8 310.1 308.4 306.8 305.8 305.1 304.4 303.6 303.7 303.8 304 304.1 304.2 303.1 301.6 299.8 298.6 297.1 294.8
329.6 330.6 332 333.8 335.5 336.7 338 339.4 339.5 341.8 343 343.9 344.1 344.4 344.6 344.9 345.3 345.8 346.2 346.7 347.6 348.9 350.2 350.3 349.7 349.2 348.7 347.8 346.7 345.4 343.9 342.3 340.7 339.1 337.3 335.6 334.5 333.5 332.5 332.6 332.8 332.2 331.6 330.7 329.9 329 328.2 328.1 327.1 326.6 324.8 322.3 320.8 318.9 317 315.2 312.9 311.5 310.3 309.4 308.3 306.8 305.8 305.1 304.4 303.6 302.9 302.9 303 303.2 303.6 303.8 302.8 301.1 299 296.5 293.7 290.9
332.8 333.3 333.5 334.7 337.6 340.1 340.5 342.4 343.5 343.4 343.9 344.4 344.6 344.8 345.1 345.4 345.4 345.5 346.2 346.9 348.4 350 351.4 351.7 351.1 350.3 347.9 346.4 345.5 345.1 344.7 343.2 341.6 339.9 337.9 335.7 334.4 333.4 332.4 332.7 332.2 331.5 330.9 329.2 327.6 326.6 325.6 324.1 323.1 321.5 319.6 318.5 317.7 316 314.5 312.7 310.9 309.8 308.7 307.5 305.6 303.8 302.6 302.1 301.9 301.6 301.3 302.1 302.3 302.7 303.4 302.3 300.5 297.7 294.7 291.5 288.6 286.1
335.4 335.9 336.2 336.4 338.6 340.2 341.5 343.7 343.7 344 344.4 344.8 345.1 345.3 345.6 345.8 345.7 345.8 345.9 346.3 347.2 349.9 351.4 350.8 350.6 348.5 346.7 345.2 344.3 344.3 344.3 343.7 341.9 339.9 338 335.9 334.3 333.2 332.6 332.1 331.6 330.9 329.8 327.8 325.8 324.5 323.1 321.6 320.7 319.8 318.3 317.7 316.5 314.8 312.4 310.4 309.1 307.4 305.7 304.1 302.5 300.6 299.5 298.8 298.5 298.2 298.7 299.7 299.6 299.5 299.8 297.4 294.9 292 289.2 286.3 283.8 281.9
338.1 338.5 338.6 338.6 339.8 341.7 343.4 344.1 344.1 344.6 344.9 345.3 345.5 345.8 346 346.2 346 346.1 346.2 346.4 346.5 347.1 347.4 348 346.5 345.4 344.1 342.5 341.6 341.7 341.7 340.4 337.5 335.9 334.5 333.4 332.9 331.8 331.9 331.7 331 330.2 328.6 327.1 325.4 324 323 322.2 321.2 319.7 318.2 316.8 315.1 312.6 309.8 307.3 305.4 303.7 302 300.6 299.2 297.5 296.5 295.8 295.2 295.1 295.6 295 294.4 293.8 292.9 291.1 289 286.1 283.1 281.4 280.2 279
340.9 341.2 341.3 341.1 341.3 343.4 345.2 344.7 344.9 345.3 345.4 345.8 346 346.2 346.5 346.6 346.4 346.4 346.5 346.7 346.2 344.8 344.1 343.8 342.8 341.9 340.7 339.2 338.3 338 337.5 335.6 333.1 331.8 331.1 330.4 329.8 330.1 330.7 331.4 331 330 329.3 327.6 325.9 324.2 323.5 322.9 322.1 320.3 317.5 314.6 312 309.3 306.6 304.1 302.1 300.1 298.4 297 295.6 294.3 293.5 292.8 292 291.1 290.5 289.9 289.4 289.1 287.3 285 282.1 280.2 279 277.7 276.6 275.4
345.2 344.8 344.3 343.8 343.7 345 346.1 345.7 345.7 345.9 346 346.2 346.5 346.7 346.9 346.9 346.8 346.7 346.8 346.4 345.6 344.2 342.6 341.6 339.9 338.4 337.4 336 334.9 332.8 333 331.4 329.8 328.9 328.7 328.3 328.3 328.4 328.7 329.9 330.4 330 329.5 328.2 326.3 324.4 323.7 322.2 319.3 316.7 314 309.3 308 306 303.8 301.7 299.6 297.4 295.2 293.8 292.6 291.7 290.8 290 289.2 287.7 286.5 285.3 284.5 285.2 282.5 280.2 279.3 276.7 275.3 274.1 272.9 271.8
349.7 349 348.8 349.1 348.7 349.3 349.4 349.3 349 348.2 347.8 346.8 346.9 347.2 347.6 347.5 347.2 347 346.6 345.8 345 343.6 342.1 341.4 338.8 336.6 334.7 331.4 329.6 325.1 323.3 325.6 326.1 327.3 327 326.7 326.2 325.9 325.8 326.8 328.3 328.5 327.9 325.7 324.3 321.6 319.9 317.1 313.6 310.9 308.3 304.8 302.6 301.6 301.1 299.6 297.6 295.4 293.4 291.8 290.6 289.1 288.2 287.2 286.5 284.8 283.1 281.6 280.6 280.5 279 277.8 276.6 274.1 272.3 270.5 269.4 268.3
355.3 356.2 357.3 355 353.9 354.6 354.4 353.3 352.3 351.3 350.3 349.2 348.4 348.2 348.5 348.4 348.2 348.2 347.8 346.4 345.3 344.2 343.2 342 340.7 339.1 338.1 336.8 334.3 333.2 330.9 322.7 319.2 324.2 321.8 322.6 322.1 321.7 321.3 320.7 322.3 320.5 320.3 317.5 315.9 315.4 313.8 311.4 307.9 305.2 302.7 299.3 297.2 297.3 297.2 296.3 295.3 293.4 291.8 290.6 289.5 288.3 286.7 285.1 283.6 283 282.5 281.1 280.5 278.1 276.8 275.6 273.6 270.9 268.5 266.8 265.9 264.9
356.9 356.4 355.7 356 355.2 355.4 355.3 354 352.7 350.9 349.7 349.6 349.5 349.3 349.3 349.1 349 349.6 349.4 348.9 347.7 345.9 344.3 342.9 341 339.8 338 336.3 333.2 331.1 328.8 325.5 313.8 312.3 314.1 318.4 317.1 316.6 315.7 315.1 316 313.6 312.5 311.4 309.8 307.8 307.4 305.1 302.2 299.7 297.5 296 294 293 291.9 292.6 291.6 292 290.8 289.5 288.3 287.2 286.1 284.4 283.1 282.8 282.5 280.8 279.9 276.9 274.1 272 269.9 267.2 264.9 263.2 262.2 260.7
351.4 352.3 352.9 352.7 352.7 353.1 353.3 352.4 351 349.6 348.4 347.9 347 347.6 347.5 348.7 348.4 348.3 348.4 348.1 346.8 344.1 342 340 337.5 336 334.1 331.7 328.6 326.1 323.5 320.5 316.9 307.8 310.1 312.5 312 311.3 310.1 309.4 309 306.1 304.8 304.1 302.9 301.3 299.4 297.7 295.5 295 292.1 290.8 289.2 287.6 287.4 288.7 290.4 291.4 290.2 289 287.7 286.4 285.1 283.5 282.7 282.6 281.8 280.4 277.5 274.6 271.9 269.3 266.7 264.3 261.9 259.4 257.8 256.5
350 350.5 350.9 351.2 351.1 351 350.9 349.8 348.3 347.9 347.2 346.3 345.2 344.3 343.6 343.8 344.9 344.4 343.5 342.9 341.5 339.8 337.7 335 332.7 331.1 329.4 326.8 324.2 321.1 318.2 315.5 312.3 310.4 304 303.9 304 303.9 303 302.9 300.3 298.6 297.1 296.6 295.5 292.3 289.4 287.7 286.1 284.9 283.7 281.3 281.5 280.7 279 279.9 287.3 290.5 289.5 288.2 286.9 285.6 284.2 283.5 282.8 282 280.2 278.1 275.2 272.5 269.9 267.3 264.8 262.9 260.5 257.9 254.3 253.2
350.1 350.6 350.8 350.8 350.8 350.4 349.9 348.3 346.7 345.2 343 341.4 340.7 340 339.4 339 339.7 338.9 338 337.3 336.1 334.3 331.7 330.1 327.8 326.3 324.6 321.9 319.1 316.4 311.5 307.9 306.5 305.1 305.5 304.7 302.5 301 299.5 297.9 300.2 302 299.7 296.4 293.8 293.2 293.1 292.6 291.2 290.4 284.5 287.9 291 286.8 283 277.8 284.2 288.8 288.6 287.3 286 284.6 283.2 282.7 281.9 279.9 278 275.8 273.2 270.6 268 265.4 263.1 260.9 259.1 256.9 254.3 250.6
350.2 350.8 350.6 350.5 350.4 349.8 348.8 347.6 345.4 343.7 342.2 341.4 341.3 338.9 336.5 335.1 334 332.7 331.3 331 330 328.4 325.3 324.7 323 320.6 318.3 315.3 315.1 312.8 313.1 312 310.5 309.4 310.4 309.3 309.2 310.7 309.6 307.1 305.8 305.7 306.6 305.6 302 295.3 296.2 292.2 291.3 289.5 291.8 295.2 296.3 291.9 285.8 279.5 277.9 279.7 283.4 285.7 285 283.7 282.2 281.4 279.6 277.5 275.9 274 271.3 268.7 266.1 263.6 261.3 258.9 257.1 255.3 252.4 248.6
350.4 350.7 350.5 350.6 350.6 350 348.3 347 345.8 345.1 344.1 343 342.3 341 338.4 334.8 334.1 334.4 334.1 331.8 330.5 329.4 327.3 325.3 323.4 321.7 322.5 321 319.7 320.2 318.6 316.5 315.3 315.5 316 315.4 314.7 314.1 312.9 314.3 314.6 314.2 313.5 313.2 311.5 305.7 300.9 300.7 299.9 298.3 299.8 299.1 297.8 293.8 287.5 282.9 277.3 272.1 275.5 282.3 282 279.9 278.8 278.3 277.8 275.7 274.1 272 269.4 266.7 264.1 261.8 259.5 256.9 255.1 253 250 246.9
350.8 351.1 351.6 352.1 352.2 351.7 350.5 349.9 348.5 347.1 346 344.9 343.7 343.1 340 339.9 341.8 341.1 340.2 338.3 336.4 334.1 332.8 331.5 329.2 326.5 327.9 327.5 326.6 324.5 323.6 321.3 321.7 321.8 320.4 319.3 318.8 322.3 323.3 322.6 321.6 321.5 319.8 319.5 318.6 316 312.3 309.4 307.9 304.8 302 300.3 298.6 295.4 291.3 286.9 283 278.7 269.8 278.1 277 273.5 273.1 274.7 274.2 273.6 272.1 270 267.7 264.8 262.2 260 257.7 254.9 252.9 250.5 247.4 245.4
353 352.8 353.1 353.6 353.7 353.6 353.3 352.6 352.5 350.8 348.4 346.8 345.5 344.7 341.9 345.6 345.5 344.4 343.9 342.1 340.4 337.9 336.6 335.5 333.5 333.8 333.5 333.1 333.6 332.3 331.9 328.6 329.5 330.8 330.3 328 330.7 330.7 329.9 328.6 326.9 325.4 323.6 322.7 321.7 319.9 317.1 313.8 310.6 307.7 303.5 301.8 299.5 295.5 290.6 286.5 282.9 280.7 270.6 268.2 265.7 265.8 263.4 263.2 268.4 269.6 269.8 268.1 265.8 263 260.4 258.2 255.9 252.8 250.4 247.5 245 242.5
355.6 354.8 355.2 355.5 356 356.2 356.4 357.4 357.3 354.4 352.2 349.8 345.2 345.5 344.7 349 349.5 347.8 347.5 346.2 346.1 345.2 342.6 341.5 343 341.9 341.1 339.8 337.6 337.9 336 334.6 336.2 336.1 332.3 335.6 336.5 336 333.6 331.6 329.3 327.3 325.4 323.2 321.2 320.2 317.7 314.9 311.8 308.7 305 302 298.3 294.3 290.2 286.7 282.5 274.6 273.1 274 275 276.6 274.3 268.5 260.4 257.1 261 260.9 261.4 258.9 257.6 256 253 248.4 243.5 240.6 239.7 240.7
360.4 361.2 360.8 360.6 360.6 360.2 359.3 361 359 357 355.1 354.2 352.2 349.2 352.4 353.8 354.1 353.9 352.7 352.7 353.1 352.9 347.4 349.1 350.1 349 347.2 344.6 341.1 340.6 338.8 338.7 338 337.3 337.6 339.5 337.9 335.9 333.8 331.4 328.9 326.7 324.9 322.8 320 319.6 317.9 314.8 311.3 307 303.6 300.7 297.1 293.1 289.8 287.2 277.6 283.3 282.1 281.4 279.8 277.4 274.2 272.4 270 267 259.1 256 254.3 252 251 248.1 247.4 250.6 250 249.6 247.1 245.8
365.9 366 365.6 365.3 362.8 363.7 365.2 363.2 361.3 360.4 359.9 359.6 354.8 351.5 358.7 362.6 363.4 362.2 360.6 359.2 357.9 358.5 351.4 356.9 355 352.8 349.7 346.8 343.1 341.4 340.4 340.2 339.2 338.4 338.2 338.3 336.7 334.8 333.1 331.2 328.7 325.9 324.5 322.3 319 318.5 316.3 312.2 307.2 303.8 301 298.8 295.3 292.4 289.4 284.1 287.1 286.4 284.6 282.8 280 276.6 274.3 271.9 269.5 268.4 267.6 265.9 264.2 261.7 259.7 256.3 256.3 255.4 253.3 251 248.5 246.5
369.1 369.6 369.2 368.2 367.5 368.8 368.4 366.5 365.8 366.6 365.7 364.6 361.1 353.9 363.1 365 365.6 365.2 364 362.2 359.3 357.1 355 357.8 355.7 353.6 351.2 348.3 344.5 342.3 341.8 341.5 341 339.9 337.5 335 334.4 333.9 332.2 330.6 327.6 324.6 321.6 315.1 315.2 311.8 309.8 305.6 308.6 300.6 296.7 294.2 291.7 290.5 287.6 284.5 287.9 287.1 285.7 283.4 280 276.4 273.8 271.4 269.7 268.7 267.4 265.8 264.2 262.3 261.5 259.3 257 255.1 252.9 249.9 247.2 244.4
372.7 373.1 372.3 371.6 371.3 371 370.5 369.4 369.3 368.3 367.4 365.7 363.5 356.8 364 365.5 366.5 366 365.5 363.9 362.2 362 359.6 357.5 355.4 353.3 351.1 349.4 345.6 344.3 347.7 346.4 345.2 342.3 336.4 335.3 334.8 333 331.1 327.3 323.6 323.7 322.9 321.4 319.8 316.2 314.8 314 312.5 310.5 301.6 297.5 295.2 293.6 292 290.3 289.1 287.7 286.7 284 280.6 276.4 273.2 271.9 271 269.6 267.9 265.7 264.1 262.3 260.6 258.5 256.1 253.3 250.8 247.9 245.1 242.4
