data/NY79.asc
ncols 200
nrows 200
xllcorner 370000
yllcorner 590000
cellsize 50
[rows 0 to 34 of 200, columns 78 to 155 of 200]
384.3 383.8 377.7 374.3 365.4 358.8 345.2 339.6 337.7 329 317.2 327.9 335.3 339.4 340.8 343.3 343.5 341.6 338.1 337.2 334.6 333.2 332.4 333.9 333.9 332.6 329.5 324.4 318.7 314.3 310.8 304.3 297.7 292.5 287.1 282 276.6 272.8 269.6 267.9 266.8 265.6 263.7 259 259.4 257 257 250.7 244.4 252.3 254.8 255.7 255.7 255.4 256.7 257.8 257.9 258.1 257.6 255.4 253.2 250 248.3 246.5 243 239.6 233.7 232.3 229 228.3 227.7 225.8 223.5 218 220.4 226.2 226.3 228
393.2 386.9 381.4 373.8 366.2 360.8 354.7 348.2 341.9 336 325.3 311.1 328.8 332.5 335.9 334.8 332.4 331 329.9 328.2 326.1 324.7 324.1 325.5 324.3 319.8 319 313.3 309.1 305 299.4 293.4 289.4 284.9 279.9 275 272.1 270.2 267.9 265.4 264 262.7 256.8 252.1 251 250.2 249.7 253.7 260 264.8 266.9 268.2 267 266.2 267 264.2 264.5 264.2 262.7 260.4 258.4 255.2 252.6 251.6 248.7 245.5 242.3 239.2 235.6 234.2 232.7 231 229.5 227.1 224 219.4 217.5 221.2
392.9 387.9 382.1 377.2 370.8 363.3 356.2 348.6 343.2 335.8 330.1 320 310.2 315.5 322.2 324 322.8 321.4 320 319.2 317.5 316.2 316.3 314.8 312.9 308.4 305.5 303.9 299.2 295.5 290.7 287.1 283.2 279.3 275.3 272 269.3 267.3 265.9 263.1 260.8 259.4 253.6 254.7 256 259 260.9 265.2 270.3 275 277.6 278 277 275.8 274.1 271.8 271.1 271.1 269.1 267 264 261.5 258.9 256.8 253.8 250.6 247.3 245.5 242 239.9 239 237.2 235.3 232.7 230.2 227.1 226.9 219.8
389.8 385.7 382.5 377.7 372.4 366.1 358.8 351.2 343.8 337.1 330.9 324.4 315.5 303.7 305.8 308.4 308.1 306.9 306.3 306.9 308.4 308.4 307.4 305.9 303.5 300.5 297.6 292.7 289.3 286.9 283.8 280.7 277.4 274.1 271.2 269.1 267 264.6 260.3 259.4 258.9 256.2 254.5 256.7 262.1 267.5 270.9 275.4 280.5 284 285 285.3 284.7 281.3 281.1 279.7 278.8 277.6 275.9 272.7 269.4 265.8 264.7 261.2 259 255.7 253.5 251.6 248.7 246.4 245.2 242.9 240.4 237.6 235.5 233.3 231.6 226.9
386.4 384.2 381.7 378.5 374 367.8 360.7 353.5 345.4 338.6 331.7 325.3 316.1 302.5 293 295.6 295.4 296.5 295.9 296.9 299.9 300.6 300.2 299.2 297.8 295.7 292.4 288.3 284.2 282.5 277.9 275.3 272.9 269.6 267.5 265.4 263.9 262.5 258.2 256.7 256.1 256.1 257.8 260.7 267.2 273.8 278 283.4 288.5 291.6 290.5 290.2 289.9 291.7 291.2 288.4 287.8 286.1 283.5 281.1 277.7 273.7 270.1 266.8 263.8 261 260 257 253.9 252.2 249 246.9 245.2 242.5 240.9 238.5 236.3 233.3
381.8 380.5 378.6 376.2 372.1 366.1 359.9 353.2 345.8 338.4 331 323.2 312.1 297.6 299.8 293.3 290.5 287 288.2 290.1 290.9 294.8 294.1 293.8 293.3 292.6 290.6 287.5 284.1 280.5 277.4 273.3 270.5 267.5 264.4 262.7 261.4 258.5 259.4 261.4 263.6 264.6 265.4 267.6 272.9 279.3 283.6 288.4 293.5 297.4 295.6 296.5 297.4 299.7 299.2 296.9 297.5 296.6 293.4 290 289.1 286 281.9 277.7 271.8 268.2 265.8 262.7 259.6 257.3 254.6 252.9 249.4 246.4 243.9 242.1 240.6 239.4
376.1 375.1 373.2 371.9 367.5 362 356.4 350.1 343.3 334.2 328.8 323.3 300.7 307.8 305.3 310 305.5 293.3 284.2 283 282 289.9 288.4 287.1 288.7 289 286.1 283.5 280.9 277.8 273.2 269.2 267.2 264.6 262 261.2 261.4 263.7 267.3 269.1 270.1 271.3 274.6 277.8 282 285 288.9 294 299.5 302.4 302 303.5 305.9 309.3 310.2 309.1 308.9 309.5 305.9 300 297.1 295.6 292.5 289.1 283.6 278.3 272.3 268.4 265.3 262.3 260.1 257.9 253.3 250 247.4 245.5 243.2 241.5
369.4 367.5 364.7 362.9 360 356.3 351.2 344.1 335 329.5 325.3 320.6 301.6 314.4 320.7 324.6 320.9 313.2 299.5 289.7 281 286 286.4 283 280.1 280.5 278.8 275.4 274.2 272.3 267.5 265.9 265.5 264.2 264 266.9 269.4 274.4 274.8 275.7 278.1 281.5 284.9 288.4 291.2 293.1 295.3 298.8 304.1 307.2 309 311.4 313.9 316.2 316.9 319 319.7 319.5 317.9 310.5 308.7 307.8 305.7 300.3 296.3 289.7 282.4 276.3 270.7 267.8 265.3 261.7 256.6 252.9 250.6 247.7 245.7 243.8
361.8 359.9 357.3 355.4 353.4 350.1 342 337.6 330.5 313.9 310.5 314.3 320.2 330.9 333.1 331.7 326.2 319 310 302.2 290.7 279.5 276.9 277.6 275.4 273.6 272.1 268.3 267.8 266.7 267.7 268.1 269.9 270.6 273.6 276.4 279.1 282.7 284.6 286.4 286.2 289.7 293 296.7 299.9 302.2 304.3 307.5 312.6 315 315.2 319.2 322.7 325.7 326.2 328.9 331.1 331.3 330.2 325.9 326.6 321 313.1 309.7 303 296.5 289.8 283.2 276.6 272.9 270 265.7 260 255.7 253.2 250.2 246.8 244.4
355.9 353.5 351.6 350.3 348.6 343.7 337.6 337.2 327.4 316.5 326.4 329.9 334.3 339.7 338.3 334.1 328.6 321.4 312.2 303.4 289.9 285.8 279.3 273.9 273.6 274.3 271.5 271.6 271.2 270.4 270.4 273.8 277.3 279 282.9 284.3 287.3 289.1 291.7 293.5 293.6 296.3 301.4 304.5 307.6 311.5 315.6 319.6 322.9 325.8 323.7 325.3 329.6 330.8 334.1 340.2 342.5 342.3 340.1 336.9 328.1 323.6 319.6 315.3 308.3 302.6 296 288.6 281.3 277.1 273 269.2 264 259.1 256.4 252.7 248.3 245.1
350.2 348.4 347.3 345.8 343.7 336.1 331.8 327.3 323.5 322.7 334.8 342.3 343.9 344.7 342.1 337.7 331.1 326.7 317.6 304.3 300.6 295.3 287.7 286 285.6 285.8 281.4 280.5 279.1 277.3 276.3 279.6 283.5 287.6 291 294.5 296 297.3 297.8 300.9 304 305.8 311.2 316.4 319.2 322.4 327 329.8 330.9 332.1 333.2 333.8 336.4 339.7 345.2 348.7 350.3 350.8 348.3 341.3 335.6 332.2 325.8 314.2 310.8 305.4 300.1 293.7 285.3 280.4 276.4 272.2 267.4 262.9 258.9 255.2 250.3 246
347.2 342.5 343 339.4 333.7 327.7 320.3 323.4 327 333.1 344.4 349.2 349.2 348.4 346.9 343.6 338.2 330.8 322.1 318.4 312.8 309.3 308.7 300.7 294.6 293.3 291.3 288.5 287.2 281.1 276.9 288.6 292.9 296 300 303.2 307.8 310.7 310.4 311.9 314.4 317.4 321.9 326.5 331.3 335.2 337.4 339.8 342.2 345 344.7 345.7 348.9 351.8 355.3 357.5 357.8 358.8 358.5 351.6 344.6 340.2 334 325.1 317.4 308.1 300.9 295.6 288.5 283.6 279.7 275.1 270.2 265.7 261.2 257.2 253.9 250.4
345.7 342.1 332.3 331.9 326.7 326 331.1 333.8 336.1 340.1 352.4 355.3 353.6 353.4 350.7 348.5 342.3 336.7 334.2 331 327.6 323.5 321.4 320.8 313.3 305.5 300 296.5 292.8 287.3 279.8 294.4 300.8 305.9 312.4 317.7 322.3 324.4 323.7 326.5 326.3 328.8 331.2 335.4 340 343.3 345.5 349.4 353 356 357.2 359.3 363 364.2 365.9 366.6 367.6 367 362.7 357.1 350.3 343.8 337.4 330.5 322 313.6 305.3 296.9 291.4 286.6 281.4 276 270.9 266 261.5 258.4 256.3 250.6
341.6 334.3 328.8 330 336.1 338.8 342.6 343.9 352.4 351.5 356.9 359.5 359.2 357.6 355.3 351.7 348.2 345.9 342.5 340.8 338.3 334.5 331.3 328 322.1 314.6 310 304.2 296.4 289.8 284.1 299.2 306.9 315.3 322.1 326.2 329.1 330.8 332.5 333.8 335.1 335.5 338.4 342.8 347.7 351.4 355.1 357.5 359.6 362 364.4 366.6 368.3 373.6 374.3 374.4 374.4 369.5 363.5 358.1 352.3 345.9 337.9 331.5 324.5 317 306.8 298.5 292.8 288.4 280.1 275.1 270.6 265.8 260.8 257.3 251.7 250
335.2 327.4 328.3 338.5 346.4 351.4 355.7 360.2 363.3 366.3 368.1 367.9 365.1 362 358.2 354.6 353.9 351.8 350 348.9 347 343.3 339.5 335.1 329.4 321.7 315 308.6 300.8 290.6 283.6 302.1 311.5 319.1 325.4 328.5 330.8 335.2 338.6 340 340.9 341.7 345.4 350.6 355 358.8 360.3 363.8 366.8 370.4 370.9 376.8 379.1 379.5 378.7 377.4 372.8 364.2 357.7 352.4 347 342.8 336.1 330.3 324.3 316.9 307.3 300.6 292.8 287.8 280.8 273.7 268.8 264.1 260.2 256.2 251.4 260.5
328.1 337.6 340.5 346.8 354.1 360.6 365.6 371.6 373.9 374.1 374.8 371.5 367.9 363.9 360 359.5 358.4 357 356 355 353.9 350.1 344.9 340.3 335.7 328.5 320.9 310.2 302.3 297 292.8 300.6 314.2 322.2 326.7 329.8 334.5 341.4 344.7 345.5 346.9 349.9 354.8 358.9 361.3 365 369.4 373.5 376.4 377.6 377.7 379.3 380.6 378 376.2 373.5 366.5 360.9 352.6 347 341.9 337.8 331.9 326.4 320.5 314.8 308.3 298.7 291.7 285.2 280.5 273.9 268.3 263.8 259.7 250.7 259.1 265.9
343.3 350.1 351.1 355.4 362.6 369.2 375.6 377.8 380.3 379.1 376 372.7 369 365.6 364.7 364.2 362.8 361.9 360.7 359.9 358.8 356.3 351.5 345.4 340 335.3 322.6 310.5 307.1 302.6 295.9 302.1 316.7 325.7 329.8 332.4 338.9 343.3 346.4 347.7 353.3 358.5 364.6 368.1 370.2 372.7 375.6 379.3 380.7 380.8 380.8 381 380.8 379.2 373.8 370.6 368.2 357.8 347.3 342.1 336.3 331.9 326.5 320.6 314.2 309.6 304 297.5 291.9 284 277.8 272.4 267.8 263.9 257 258.2 265.6 277
354.4 357.1 360.5 363.4 375.7 377.7 381 382.4 382.8 379.8 376.2 373.3 372.4 370.4 369.6 368.6 367.7 366.8 365.3 364.3 363.3 361.5 356.4 350.2 343.7 339.3 332.7 319.7 311.8 306 299.3 310.9 322.9 329 335.4 337.1 341.4 343.7 348.2 354.6 362.8 369.5 375.4 377.3 377.6 380.6 383.1 384.9 385.4 386.3 387.8 386 383.6 380.1 374 368.2 360.5 353.4 346.3 340.3 333.4 327.8 322.3 317.1 311.4 303.7 297.9 292.7 288.1 281.9 275.6 270.6 266.5 261.9 255.4 261.3 271.8 282.7
363.4 365.2 371.8 377.7 383.1 387.6 386 386.5 382.8 379 375.5 375.8 375 374 373.4 372.9 372.2 371.5 370.5 369.2 368.2 365.2 359.4 352.9 346.6 345.2 338.1 326.1 318.9 311.7 303.9 313.3 327 333.8 340.1 342 344.2 351.1 359.3 366.6 375.2 380.3 383 386 385.2 385.6 388.2 391.9 394.9 392.9 389.3 385.7 381.7 376.3 370.1 363.2 356.7 350 342.6 338 332.5 326.8 320.1 314.3 307.9 300.3 292.2 287.3 283.4 279.7 274.9 270.5 264.9 258.4 263.8 267.7 275.3 280.9
370.5 372.6 381.1 385.5 388.8 391.5 390.2 388.5 383.1 380.1 379.2 378.5 378.5 377.5 376.9 376.5 375.8 375.3 374.8 374.1 371.5 367.6 362.2 356 352.2 350.5 341.6 332.3 325.1 318.1 306.1 315.6 330.5 338.3 342.1 344.9 350.5 359.7 367 374.1 381 386.4 390 392.8 393.8 395.2 396.9 398.4 398.5 394.4 391.2 385.2 378.8 371.8 365 357.9 352.8 345.6 338.1 331.6 326.7 320.7 316.3 310.4 304.4 298.2 290.5 284.6 279.9 276.8 274.3 270 262.2 267.1 270.8 277.6 282.3 285.3
377.5 380.8 384.7 389.2 391.8 392.3 390.6 387.3 384.5 384.3 383.3 382.4 381.5 381 380.4 380.1 379.5 378.5 375.8 373.7 370.3 367.7 361.6 358 357 352.7 344.1 335.5 327.8 321.8 312.6 319.3 332.1 338.8 343.9 348.4 357.3 366.2 373.2 379.8 386.4 391.9 395.1 395.6 399.8 402.6 402.8 401.1 401.4 399 392.8 385.1 377.1 369.5 362.3 356.7 351.3 343.4 336.7 329.2 323.3 316.6 311.5 306.4 301.2 295.6 290.2 286.3 280.6 275.2 267.9 264 269.3 275.2 278.7 284 288.8 291.2
383.7 385.6 389.6 391.9 393.5 393.2 391.3 388.4 388.2 387.9 387.7 386.7 385.7 385.9 385.4 384.2 382.8 378.7 373 369 366 363.4 364 363.9 360.1 353.7 346.1 337.3 329.8 327.1 319.9 325.6 335.9 343.5 349 355.7 364.7 372.3 379.8 386 391.2 396.3 400.6 404.7 406.2 409.2 408.8 405.8 402.1 396.3 391.1 383 374.6 366.7 360.5 355.2 350.1 344.4 337.2 329.2 322.7 315.6 309.7 303.5 297.4 293.8 290.8 287.4 280.5 273.7 277.3 274.9 277.4 284.3 286.6 288.3 291.9 292.9
389.4 392.4 394 396.4 396 395.4 393.4 392.4 391.8 391.6 391.3 391 390.3 390.8 387.6 384 380.1 375.6 371.6 367.2 368.7 369.4 368.2 364.3 359.4 353.5 346 338.8 332.8 327.6 322.1 330.9 342.1 349.7 355.8 363.3 371.5 378 383.9 389.2 394.9 399.7 401.1 405 410.4 413.6 413.5 409.9 403.2 395.7 386.1 378.2 371.8 364.8 358.9 354.1 349 343 337 330.2 323 315.8 309.3 303.1 297 294 289.9 282.7 275.4 282.7 281.8 280.6 281 287.4 289.9 293.4 295.5 297.1
395.3 399.3 401.8 403.6 401.8 399.9 398.6 397.4 396.8 395.9 395.1 394.4 392.3 389.3 384.9 380.5 376.3 374.6 372.1 374.1 373.3 371.6 367.8 363.6 358.5 352.3 345.3 339.2 334.6 324.9 328.1 336.3 346.7 356.1 363.3 369 373.7 379.2 384.8 390 393.6 396.4 399.9 404.8 411.8 416.7 415 410.5 405.6 400.1 388.1 376.1 366.5 360.6 355.3 351.4 346.4 341.3 335.4 328.6 321.9 315.3 308.8 302.8 296.2 289.7 283.6 278.3 284.1 284.5 284.5 284.2 282.7 288.9 294.9 298 298.9 301.4
401.2 406.1 410.9 410.7 408.5 406.4 406.3 407.1 405.6 404.1 401.3 398.5 394.1 386.7 383.9 381.6 380.8 379.5 377.5 377 375.1 371.4 367 362.8 357.9 351.8 344.8 339.2 334 325.8 332.1 341 351.6 360.5 366.1 369.5 373.3 378.3 382.7 386.6 392.4 397.5 403.1 408.1 415.6 418 417 412.7 410.8 409.4 396.5 384.5 373 363.4 355.7 348.4 343.6 338.6 334.9 329 320.9 315.4 309.3 303.3 295.4 288.5 286.3 287.4 285.9 286.7 287.4 289 289.9 289.4 298.3 301.7 301.9 305
403.7 410.9 417.3 418 415.8 414.5 414.9 413.9 412.4 409.6 406.8 401.3 391.9 392.6 390.9 387.1 384.9 382.4 379.7 377.7 374.4 369.5 365.4 361.4 356.1 350.9 344.5 338.7 333.3 331.3 337.5 347.8 355.6 362.4 367.3 370.2 373.5 377.7 383.8 390.6 395 399.4 404.7 411.2 419.9 426.3 424.1 418.4 411.6 408 399.4 387.6 377.8 367.9 358.7 350.1 342.2 336.9 331.1 325.2 320.4 315.9 311 304.9 298.9 292.7 290.5 293.1 292.7 292.2 294.1 295.1 297 296.7 301.3 304.4 306.4 308.6
407.3 414.1 420.7 424.6 424.2 422.6 421.6 420.4 418.1 414.1 408.5 398.2 401.3 400.3 396.6 393.3 388.9 385.8 381 377.7 373.9 369.2 363.5 359.1 353.6 348.5 343.5 337.1 334.8 336.7 344.4 350.7 358 364.4 367.2 370.6 375 381 387 391 395.4 399.9 406.8 419.8 426.5 424.9 421.3 415 409.5 404.6 398.6 387.7 377.6 367.9 359.1 350.5 343 337 330 323.7 319.7 314.1 309 306.5 303.2 300.7 300.3 300.5 301 300.5 300.9 303.6 304.4 304.7 306.3 308.1 309.8 312.2
412.4 418 424.3 428.2 428.2 426.6 423.4 419.8 417.2 412.9 407 408.2 408.8 406.4 403 397.8 393.9 389.1 384.6 380 374.2 368.9 363.7 358 353.1 349.8 345.2 341 337.3 342.1 349.3 354.5 360.6 366.8 369.4 373.4 377.4 381.4 386.1 390.1 395.4 403.2 413.8 419.3 419.7 419.2 417.8 413.9 407.3 401.7 397.7 391.9 381.1 370.5 361.2 352.5 343.8 339 330.3 324.9 320.5 315.5 313.4 310.9 308.5 309.3 304.7 309.5 309.9 310.7 308.8 308.2 308.3 308 309.5 312.7 313.9 314.8
418.8 424.2 429.1 431.7 431.4 428.3 423.9 420.2 417.7 416.5 413.9 415 413.6 411.5 408.4 406 402.5 397.2 392.8 386.4 378.3 372.1 368.3 362.5 361 355.3 350 344.5 342.5 342.8 351.1 357.1 364.5 369.9 373 375.7 378.5 381 385.6 391 398 406.7 414.8 417.4 418 418.7 417.5 414.8 408 401.6 397.8 393.4 385.6 375.7 367.8 358.3 349.8 341.6 334.6 327.8 323.3 320.7 318.9 317.7 315.6 317 316.9 316.7 315.5 313.5 312 311.3 311 310 312.4 315.3 318.1 319
424.7 430.8 436.1 437.6 434.6 430.8 426.4 423.3 423.3 421.9 420.3 420.8 419.4 417.7 416.2 414 410.6 402.7 396 389.3 382.9 375 372.5 369.5 364.9 358.3 354.7 345.6 352.4 353.1 355.2 357 366.3 369.7 373 376.1 378.8 382.9 388.6 398.3 406.6 411.2 413.5 415.6 416.8 418.1 417.1 414.8 411.1 406.4 401.2 396.1 389 380.5 372.1 363.4 354.5 346.8 341.4 335.3 330.1 325.2 323.7 322.7 321.2 323 324.4 321.5 319.7 317.7 315.9 314.5 313 312.9 314.8 317.3 319.2 321
426.8 433.3 438.2 438.2 435.7 432.9 428.6 428.9 428.4 427.5 426.5 427 426.3 425.3 423.8 420.4 413.4 405.6 396.8 387.3 382.9 382.3 380.1 374.2 367.5 362.9 357.9 356 357.5 359.1 361.5 364.1 364.3 368.4 373.5 376.9 381.4 389 399 402.9 407.2 409.8 411.1 413.2 414.9 416.3 417.2 417.2 414.9 411.9 407.3 401.6 394 383.8 375.3 367.5 358.8 352.4 346.5 342.4 336.8 332.2 330.1 328.1 327 328.5 328 326.7 324.1 322 320.1 318 315.6 317.3 318.1 318.9 320.6 322.2
430.5 434.3 436.8 436.6 436.2 433.2 431.8 432.5 432.8 432.1 431.5 432.5 432.1 430.7 428.7 423 414.7 405.8 394.8 391.1 391 386.7 383.6 378 372 365.6 357.5 361.6 363.5 366 367.7 370 372.4 370.9 377.4 384.7 389.4 393.3 398.8 403.2 406.9 409.4 410.6 411.9 414.1 416 417 419.2 416.9 412.5 407.7 401.9 395.8 386 378.1 370.2 362.6 356.2 351.1 346.5 342.5 339.6 338.5 336.6 333.7 334.4 332 329.9 328.8 326.1 324.1 320.5 320 319.6 320.6 320.9 321.3 323
433.2 435.9 437.1 436.4 435.2 434.4 435 436.7 437.2 437 436.5 436.5 436.3 434.3 430 422 413.6 398.6 398.4 398 394.3 390.3 383.8 378.6 372.4 366.6 366.1 368.3 369.9 371.9 373.1 376.8 379 381.7 382 387.3 390.5 394 398.7 403 406.6 409.1 409.9 410.8 414.2 416.8 420.1 421.4 417.5 413 407.7 402 396.1 386.8 378.7 370.6 363.8 357.8 353 349.7 345.5 344.9 341.7 341.7 340.6 339.9 338.2 334.8 333.3 330.2 329.3 328 326.6 325.3 324.2 323.9 324.4 324.4
436.3 438.3 437.4 436.7 435.9 436.5 438.3 439.6 440.7 441.2 440.4 439.6 438.7 434.8 428.4 420.3 411.3 409.3 406.8 403 396.4 391.5 385.7 378.7 373.2 371.8 372.8 373.8 375.4 377.6 381.1 382.6 386.4 388.6 389 387.8 391.9 394.2 398.6 402.6 406.3 408.9 409.6 413.3 417.7 423.3 423.7 419.6 416.2 413.2 407.7 402.2 396.4 388.2 379.9 371.9 364.5 359.3 354.8 351.3 350.4 347.1 347 349.6 349.6 348.1 344.6 342.5 340.5 335.9 335.1 332.4 332.4 331.7 329.5 327.8 327.7 327.7
439.9 441 438.9 437.7 438.2 439.4 441.4 442.5 443.5 443.7 442.3 440.9 439.1 432.9 429.7 426.8 422.6 420 415.2 406.8 400.2 391.6 386.5 381.4 377.8 377.1 377.9 378.3 381.7 384.5 386.6 388.3 390.1 390.8 391.7 391.7 392.9 394.6 398 402.5 405.9 409.3 415.2 420.7 423.1 424.9 422.6 415.5 413.5 409.8 405.3 400.8 395.4 387.1 380 373.4 367.8 362.5 358.5 356.2 354.3 349.3 357.9 360.9 360.9 355.5 351.9 348.7 344.9 340.6 338.4 336.5 335.7 336.5 335.3 334.3 331.8 330.6
