data/NY81.asc
ncols 200
nrows 200
xllcorner 380000
yllcorner 510000
cellsize 50
[rows 140 to 174 of 200, columns 78 to 155 of 200]
258.3 270.8 274.9 281.5 286 287.4 291.8 296.4 302 308 313.6 320.6 329.7 331.4 331.4 331.4 332 330.7 330.8 333.7 337.8 342.8 347.8 354.1 361.2 367.2 368.6 368.9 370.5 370.4 370.7 370.6 371.7 371.9 372.4 378.5 375.5 372.7 371.6 370.1 368.1 367 366.7 364.9 362.2 360.1 357.9 354.7 351.6 346.2 345.6 347.4 346 357.1 366.8 368.8 369.5 369 370.3 373.5 368 375.1 383.9 391.7 395.1 398.2 397.7 405.7 408.1 409.6 419.7 430.8 435.1 440.9 445.4 449.4 453.1 456.6
258.6 270.9 273.9 279.5 285.1 287.6 291.1 295.4 301.1 306.6 312.4 318 324.4 332.9 331.8 332.2 333.1 333.7 336.2 339.8 345.7 351.8 358.8 367.7 375.7 376.1 375.6 375.6 375.1 374.6 373.8 373.4 374.6 376.1 382.1 380.5 377.6 375.2 374.5 373.5 373.1 372.2 370.7 370.9 370.3 368 367.3 365.5 363.9 363.1 360.5 355.3 358.6 359.5 367.7 374.5 376 375.9 379.1 381.1 377.5 372.4 376.1 384.6 388.4 392.1 397.8 399.2 404.3 406.1 408.3 416.1 427.4 434.5 442.2 445.8 447.7 449.9
258.7 265.1 272.2 280.7 285 287.7 290.9 295.1 299.9 305.1 310.3 315.6 321.3 325.5 330.6 332.8 334.3 335.7 339.6 346.3 352.7 359.5 375.4 377.1 380 382.7 381.1 380.4 380.5 379 377.5 375.7 377.4 381 384.5 382.3 380.5 378.6 377.9 378.2 378 377.9 377.4 377.2 376.2 374.9 375.7 373.1 372.6 374.4 375.4 370.1 369.6 368.9 371.9 376.5 380.3 380.9 380.6 381.2 381.4 379.5 378.4 377.9 382.9 385.5 394.3 398 401.5 401 402.9 407.9 415.1 427 436.3 440.3 442.7 445.1
257 264.3 273.6 282.2 284.5 287.6 290.7 295.3 300.4 305.1 310.7 316.6 321 323.6 327.6 333.4 336 338.5 344.2 350.1 358.1 369.3 381.5 385.7 389.4 389.2 387.4 385.2 384 382.5 380.6 379.5 381.5 385.3 387.2 385.6 384.1 382 381.4 381 380.7 380.5 380.1 382.7 382.9 383.1 382.9 382.5 382.3 383 387.7 385.5 384.4 382.9 378.4 379.3 383 386 385.8 385.1 385.7 384.9 385.2 384.7 391.2 389.4 388.4 390.1 394.3 398.1 402.8 404.3 408.7 417.5 425.1 430.6 436.6 440.5
261.7 265.2 271.2 281.7 283.9 286.2 289.9 295.1 300.5 305.3 310.2 315.9 319.4 320 324.2 331.1 338.3 340.9 347.9 353.8 363.3 376.6 390.6 393.6 394.9 393.8 391.9 389.4 387.9 386.4 384.3 384.7 386 389.9 390.1 389.1 387.9 385.9 386.2 385.8 385.6 386.3 385.6 388 389.7 391.2 392 393.6 394.7 394.7 395 393 391.5 390.3 390.1 389 387.9 390 389.6 389.3 389.9 390.1 389.7 387 389.6 391 392.3 393.3 394.7 394.3 398.3 401.5 405.1 406.6 412.2 417.8 424.7 430.6
267.4 271.5 277 283.1 286.7 287.8 289.4 295.2 301 305.5 309.9 314.4 318 320.1 323.7 329.5 341.5 343.7 348.2 356.2 366.7 377 390.3 396.3 398.1 397.7 394.9 393.2 391 389.8 389.1 388.3 390.5 393.3 393.4 392.5 391.5 390.8 391.1 391.4 391.8 392.5 393.3 394.7 396.6 398.6 399.5 401.6 404.2 406.4 405.8 404.9 402.3 398.8 398.7 400 404.6 399 394.2 393.6 393.7 393.3 388.6 387.1 394.7 396.8 399.7 402.3 401.4 402.2 402.3 404.4 406.7 406.7 408.7 409.3 411.6 417
270.9 277.8 282.9 287.2 290.9 292.3 291.9 296.7 303.5 307.5 310.6 313.4 316.4 320 323.9 328.6 341 346.4 347.7 355.9 366.8 376.2 390.8 396.9 399.2 400.7 397.9 396.9 395.6 395.3 393.4 392 395.1 397.2 396.7 395.7 394.6 394 394.2 395.2 396.6 397.6 398.5 400.9 403.1 405.1 407.4 409.6 412.9 414.9 414.8 414.2 411.2 407.9 407.5 407.8 411 411.2 410 402.1 397.5 396.9 397.2 397.3 398.4 403.9 412.5 422.8 422.1 421.3 422.2 423.5 424.1 422.4 420.6 417.7 415 413
276.7 283.7 288.1 292 295.2 296.7 298.1 300.2 305.5 309.4 311.7 313.4 315.2 319.5 323.2 327.7 339.5 349.3 353.5 356.9 367.1 376.7 390.7 398.5 400.5 401.1 400.9 401.2 400.7 399.6 397.6 397.9 399.3 400.1 399.9 398.8 397.7 396.9 397.7 398.7 400.2 401.7 402.6 406.9 409.7 411.5 414.7 417.8 420.5 422.2 422.5 421.2 419 416.8 416.8 415.5 416.5 415.6 414.5 412.2 404.9 401 400.9 399.6 401.5 407.8 420 424.3 424.3 424.2 424.2 424.8 425.3 425.9 425.2 425.2 424.9 424.2
282.4 287.7 291.2 294.9 298.2 299.4 301.5 304.5 307.6 309.6 311.2 310.2 314.7 318.5 322.6 327.6 338.6 351.5 355.8 359.7 366 377.5 391 399.4 403.2 402.6 403.1 402.7 403.6 401.8 401.3 402.7 403.4 402.9 402.7 401.6 400.6 400.2 400.8 402 403.5 404.9 406 410.8 414.3 416.7 419.9 423.2 426.5 428.3 429.1 427.8 425.2 422.9 420.2 420.4 420.3 420.3 418.8 417 416.9 410.6 404.6 403.2 405 409.6 422.8 424.9 425.1 425.1 425.6 426.3 427.8 428.2 426.5 426.4 425.8 425.1
284.6 291.1 292 296.1 299.2 300.4 302.8 304.4 305.4 307 309.7 311.1 315.5 320.7 323.5 328.6 337.1 353 356.7 361.4 366.6 376.5 390.9 400.5 403.6 406.3 407.2 407 406.4 405.8 406.2 407.2 407 406.1 404.6 403.8 402.6 402.4 403.6 404.6 406.3 408.1 409.7 413.6 417.6 420.8 424.7 428.2 431.6 432 431.6 429.5 428.3 426.3 424.5 425.1 424.4 422.1 422.8 423.2 423.1 422.5 419.2 407.9 407.6 413.5 422.1 425 426 426.3 427.2 428.2 430 429.9 428.2 427.3 426.8 425.7
283.5 288.6 292.2 295.3 297.7 299.3 299.9 290.7 293.9 300 304.2 312.8 316.1 319.7 325.1 329.7 337.8 351.8 358.1 363.2 368.5 377 390.9 404.1 407.3 409.3 409.2 409.2 409.4 409.9 410.5 410.3 409.4 409.4 406.6 404.7 403.9 404.1 405.5 406.9 408.8 411.2 414.1 417 421.1 423.8 428 430.4 430.8 430.5 428.9 426.9 426.2 427.3 429.3 430.3 429.2 430 430.7 429.5 428.7 427.8 427.1 425 415.9 414.6 419.9 423.3 426.4 428.1 429 431.4 436.5 437.8 436.8 435 432.5 434.4
277 282.9 285.7 287.7 289.1 283.4 285.8 303.4 307.8 306 311 307.1 310.4 314.9 326.3 332.5 340.6 352.1 359.5 364.9 370.6 376.9 390.7 407 410.8 411.6 411.6 411.8 412 410.8 410.3 409.9 411.2 411.8 408.8 406.6 405.4 406.6 408.2 409.5 412.1 415.9 418.7 421.4 423.7 427.8 432.4 432.4 431.8 431.1 429.8 429.5 430.1 432.5 435.1 435.8 434.8 434.5 433.4 434.9 434.2 433.8 433.4 431.8 429.5 426.7 423.2 424.9 427 430.9 436.7 436.9 437.2 436.6 437.3 437.1 436.5 437.1
266.6 276.7 273.6 280 288.6 294.9 298.4 303.8 309.8 310.7 314.8 317.8 315 314.5 324.3 335.4 345.4 352.7 362.2 367.4 372.5 374.7 385.9 404 413.8 415.2 415.4 415.6 414.5 412.1 412.9 412.6 414.2 413.8 410.8 408.3 409.3 410.8 411.3 413.6 417.8 421.2 424.4 427.3 429.2 432.5 436.4 435.6 435.3 434.8 434 436.7 439 442 443.3 443 440.7 438.8 438.7 440.6 439.8 439.3 438.9 437 437.9 435.9 432.5 428 428.5 436.2 437.6 438 438.3 438.2 439.4 439.1 438.9 439.1
272.1 276.3 285.5 288.9 290.9 294 298 305.2 310.8 314.4 318.7 318.9 324.5 327.8 321.9 329.8 339.8 347.9 359.5 369.8 374.2 377.9 385.5 399 416.8 418.8 419 417.2 415.5 415.7 418.6 418.2 419 416.7 413.6 413 413.8 415.2 417 419.2 424.2 428.2 431.4 433.3 434.9 437.7 439.7 439.8 440.2 441.5 440.8 444.1 448.3 450 450 450.1 446.8 444.6 442.4 443.3 444.3 443.9 443.9 442.7 442.2 442.9 440.7 434.2 432 434.1 438.6 438.1 438.5 440.2 440.5 441 440.9 441.3
281.2 280.9 282.3 286.4 289.2 292.5 302.8 308.9 312 317.7 323.6 326.7 330.8 335.3 339.1 340.3 328.1 343.4 354.2 370.4 375.6 380.7 386.3 395.8 414.6 421.7 420.7 418.9 418.6 421.8 424.3 424.1 423.4 421.6 419.3 419.1 419.6 421.8 425.2 428.5 431.5 435.3 437.6 439.2 440.1 443.3 446 446.9 447.6 447.4 446.9 450.2 452.4 454.4 454.8 454.9 453.1 450.9 447.9 447.5 449.4 450.1 450.1 450.3 449.4 450.4 448.5 441.5 439 439.3 438.6 439.5 441.2 441.4 441.5 441.9 442.6 447.2
284.3 285.1 289.7 292.8 295.3 298.9 300.4 312.1 311.9 318.5 327.9 332.3 336.8 341.4 349.3 343.3 340.4 340.7 350.7 364.1 374.4 383.2 388.2 397.2 411.9 423.9 422.9 420.6 425.5 428.9 428.4 428.6 426.7 425.5 425.2 427.3 428.5 430.2 433.4 437.5 440.1 443.5 445.6 449.8 451.7 453 451.1 452.7 453.7 453.3 453.5 454.6 456.7 459.1 459.7 458.9 458.4 456.3 452.8 453.2 455.4 454.4 457 458.3 460.5 459.4 456.1 450.2 447.5 446.3 444.3 442 442.5 442.7 442.9 443.5 446.9 452.2
287.4 290.8 294.8 297.9 300.2 302.4 305.7 311.7 316.2 321.7 331.7 338.4 344.1 354 352.9 352.1 347.7 350.2 354.1 354.9 371.1 385.6 389.8 398.3 411.7 427.7 425.4 425.4 429.1 431.9 432 432.6 431.4 432.3 434.3 438.5 438.7 438.2 442.9 447.1 449.6 454.6 459.6 462.6 463.2 459.6 458.1 458.9 459.8 460.3 460.7 460.9 461.1 462.9 464 463.8 463.7 462.3 458.4 460.9 465.2 469 470.3 472.8 475 475.1 471.1 464.4 458.8 455.1 452.4 450.5 448.1 447.5 446.1 445.8 449.3 451.3
287 290.8 294.2 297.8 300.5 304.4 308.8 314.6 319.6 326.4 335.6 344.3 355.5 357.8 357.3 357 358.4 359.1 364.6 371.6 375.4 369 386.1 401.1 410.3 425.8 427.9 429.3 432.1 434 435.8 437 440 442 445.4 447.3 447.3 447.7 452 456.2 458.7 464 471.5 471.6 469 466.1 465.9 467 468.4 469.2 469.1 467.5 466.4 467.1 467.8 468.5 469.3 466.6 467.6 470.7 474.6 477.4 479.8 480.3 479.4 478.1 476 473.3 472.1 468.8 465 464.3 463.1 456.2 450.5 446.9 448.9 451.4
284.4 288.8 291.7 295.7 300.6 305.4 310.8 316.9 322.6 329.1 338.7 349.9 358.4 359.9 361.8 363.1 363.4 363.5 369.2 376.9 385.2 391.6 385.1 380.6 403.2 420.3 430.4 432.3 433.9 436.3 438.5 441.6 445.3 449.5 453.6 454.7 454.5 457.2 460.8 465 464.2 470.3 477.5 474.9 472.7 474.5 476.9 478.6 478.4 477.2 475.3 474.1 473 471.6 471.9 472.5 471.4 471.1 473 475.5 479 481.9 483.9 485 483.1 482.2 480.7 479.1 477.9 475.8 474 472.7 471.2 468.4 461.1 455.5 450.9 451.4
281.4 286.5 289 293.3 298.8 303.7 309.9 316.6 323.5 332.3 342.7 353.6 360 363.3 366.5 368.2 369.3 368.3 375.2 382.7 391.9 401.3 404.8 402 392.4 410.9 431.1 433.3 435.5 437.8 440.8 446.8 449.9 451.8 457.1 459.6 459.9 462.6 469.1 470.7 469.9 471.8 478.2 478.7 479.2 480.4 482.3 484.2 484.7 482.8 481.6 480.5 479.3 477.7 476.8 475.9 474.9 476.3 478.3 480.5 483.2 484.9 486.3 487.7 488.4 487.7 486.4 485 484 481.8 479.6 477.5 475.6 473.3 470.4 463.7 455.3 453.2
280.2 283 286.6 290.6 296.3 302.4 309.1 316.2 324.2 335.6 346.6 357.1 364.2 367.7 370.5 373.1 375.2 374.7 382.4 390.5 400.1 414 418.6 418.6 418.9 399.1 421.5 434.2 436.8 439.9 443.9 450.3 452.2 453.4 459.9 461.1 463.2 466.6 470.9 470.3 470.5 472.8 477.8 479.4 481.1 483.4 485.9 488.7 488.9 488.1 487.7 486.8 485.7 483.9 482.3 480.8 478.9 481.7 483.1 484.5 485.5 487.4 489.4 491.9 494.6 494.1 493.2 491.4 490 487.9 485.7 483 480.9 478.7 475 470.9 463.4 455.5
277.5 278.8 283.4 287.9 292.3 298.7 309.3 316.5 326.6 338.4 351 360.9 368.1 372.4 375.7 376.8 379.1 383.7 389.6 397.5 407.7 418.3 424.3 426.5 426.5 424.8 414 415.5 436.8 440.4 444.9 450.8 453.7 453.5 459.5 462 464.3 467.4 470.5 472.6 473.8 476.4 479.5 481 482.3 484.4 485.9 487.2 488.5 490.2 491.8 491.7 490.6 489.6 488.3 488.2 487.7 487.8 487.8 489.1 490.6 491.9 495.1 498.2 499.5 499.8 499.6 497.8 495.3 492.6 489.9 488 486.4 483.5 478.8 474 469.3 462
274 275.8 279.1 286.4 291.8 300 309.7 317.7 328.6 341.8 354.7 364.1 370 376.9 380.9 381.8 383.6 390.1 396.5 401.2 407.4 418.7 426.4 429.7 430.6 430.7 432.7 432.2 435.4 438.9 443 447.7 449.9 451.8 456.2 462.2 464.2 469.3 472.3 475.6 477 479.1 481.2 482.7 483.9 485.3 486.6 488 489 489.1 492.6 493.8 493.5 493.2 493 494.8 496.8 500.5 501.8 502.3 503.5 502.1 504.2 504.4 503.9 504.1 503.7 501.8 499.5 496.8 495.2 493.5 491.5 486.8 481.6 476.9 472.4 466.9
270.1 274.1 279 285.1 292 301.5 311.6 320.6 330.6 344.7 357.1 365.4 375.4 381.5 385.7 387.7 388.2 393.3 399 402.5 408 418.7 428.3 432.7 435.4 436.3 435.1 434.6 436 436.5 440.7 443.9 446.2 448.9 453.1 458.5 463.7 469.2 474.3 476.4 479.8 481 481.5 481.7 483.5 485.1 487.8 489.3 489.3 487.5 489.6 494 495.4 495.5 496.5 499.3 504.5 510.3 514.1 513.3 512.2 511.4 510 508.6 508.6 508.1 507.7 505.1 502.6 500.7 498.5 496.5 494.6 490 483.6 480.3 476.2 472.2
269.2 276.6 282.2 288.3 295.2 303.1 313.6 324.3 334.3 346.8 357.1 368.4 381.1 387.3 389.5 393 395.2 393.4 402.2 403.5 409.4 418.5 428.2 438 440.9 440 438.3 437.2 437.5 438.3 437.5 441.4 443.4 446.1 450.3 455.8 461.7 467.5 473.6 478.3 479.8 481 481 481.1 482.4 483.9 486.3 487.8 488.2 488.2 489.7 492.6 494.9 496.7 498.7 501.3 505.3 509.6 512.8 513.8 513.3 512.2 511 511.5 512.5 512.7 510.8 507.9 505.1 503.7 501.8 499.5 497.7 494.4 490.2 487 481.3 475.8
270.1 278.2 285.5 291.9 298 305.5 315.2 325.2 337 348 357.1 369.8 384.6 391.7 394 395.1 401.5 400.3 400.5 406.2 411.6 416.9 425.9 438.4 444 443 440.5 438.9 440.1 441 440.5 441.3 443.4 445.5 448.4 453.2 459.5 466.1 470.9 478.3 480.6 481.1 480.9 481.1 482.3 482.8 484.8 485.9 486.9 487.9 490 492.1 494.6 496.7 498.3 500.7 504.1 506.5 509.4 513 514.4 514 513.4 513.6 515.7 518 513.4 509.9 506.8 504.8 503 501.1 500.9 499.7 496.3 493.7 489.5 484
275.6 278.9 286.4 291.2 296 307.5 314.1 324.9 338.2 347.3 358.1 371.4 384 394.2 399.1 399.6 399.5 405.1 400.9 409 413.6 418.7 424.8 434.3 440.6 440.5 441 440.1 440.9 441.5 442.9 442.7 442.6 446.6 450.3 451.4 457.5 463.2 468.6 473.3 478.4 479 479.3 480.5 482.7 483.2 483.3 485 486.8 489 491.1 493.3 495.5 497.6 498.7 500.5 502.7 505.2 507.5 510 512.3 515.8 516.5 515.5 516.9 518.5 515.8 511.8 508.5 505.9 504.1 502.3 502.5 503.8 500.9 499.7 496.4 492
279.2 283.4 283.8 287 294.7 310 315.8 327 340.4 348.1 359.3 372.8 381.6 394.2 399.2 404.4 403.7 406.4 409 412.6 416.5 421.7 426.6 430.6 434.3 439 441.1 441.9 442.1 443.5 445.4 446 448.5 451.9 455.5 455.4 457.4 462.2 467.1 471.9 474.3 476 477.4 479 480.8 483.7 483.4 484.9 486.9 489.8 492.3 494.6 496.8 498.9 499.4 500.8 502.7 504.5 506.6 508.4 509.3 511.3 515.4 517.8 517.3 517.9 516.8 512.3 508.6 506.7 504.7 503.5 505.9 507.3 507.6 506.2 503.4 499.1
282.9 285 285.1 288.6 300.6 313.6 320.6 332 342.9 350.7 361.1 376 385.1 391 398.6 408.3 408.5 409.3 412.9 416.3 419.9 422.2 425.6 429.3 432.5 437.3 443.4 443 443.3 445.3 447.8 449.7 454.3 460.7 461.3 460 462 462.4 467.7 471.5 472.9 475.8 477.2 478.5 479.7 481.6 483.6 484.8 486.6 489.2 491.8 494.6 497.4 500.2 501.2 501.9 503.6 505.4 506.9 508.1 508.4 508.8 511.6 516.6 518.6 519.1 516 511.6 508.5 507.8 506.1 506.6 509 510.1 510.8 511.2 507.5 503.3
283.5 284.1 283.9 291.1 306.7 316.5 324.7 335.4 344.7 352.9 362 378.8 387.1 390.6 394.8 407.2 409.4 410.2 414.8 419.6 423.1 424.1 425.8 428.2 430.9 434.7 438.2 442.5 443.3 447.3 451 455.3 460.1 465.8 467.9 465.6 467.6 465.1 466.7 469.6 472.6 475.5 476.6 477.8 479 480.6 482.4 484.2 486.3 489.9 491.6 494.1 497 499.6 501.5 502.5 503.8 505.4 506.9 507.7 508.2 509 509.5 512.1 515.7 517.7 516 511.6 509.6 509 507.7 509.1 510 511.1 511.9 511.4 509.4 505.4
283 283.5 285.5 296.5 312.7 319.6 328.4 339 344.2 351.8 360.9 371.5 379 386.8 391.6 403.8 412.5 412.3 414.6 419.4 423.8 426.1 427.5 430.7 433.3 435.4 437.1 440.1 444.4 449.1 453.9 458.9 461.5 467.8 472.9 471.7 470.4 468.3 469.3 470.3 472.5 475.2 476.1 477 478.2 479.4 480.8 483.1 485.3 490 492.3 493.8 496.5 498.9 500.9 501.8 503 504.7 506.5 507.1 507.6 508 508.5 509.1 510.8 513.9 514.5 514 512.8 511 509.7 510.6 512.3 512.2 512.5 511.6 508.9 504.8
281.1 282.2 287.1 302.1 316.2 323.2 326 338.2 343.6 350.4 357.8 366.1 373.3 382.2 391.9 401.9 415.1 415.4 416.6 419.7 424.2 427.6 430.1 435 437.8 439.1 440.7 442.8 446.8 451.6 456.2 459.7 461.5 466.8 473.8 475 472.8 471 470.8 470.5 472.2 473.2 475.3 476.3 477.4 478.3 478.7 481.3 484.3 489 493.9 494.5 495.8 498.3 500.6 501 502.2 503.9 505.7 506.1 506.5 507 507.6 508.5 509.5 511.7 512.1 512.7 512.6 511.9 510.2 512.8 514.4 513.8 512.1 509.8 507.4 504.5
281.1 283.4 291.2 309.4 318.2 326.7 333.9 339 346.1 350.3 356.2 363.5 370.7 377.1 389.1 399.8 416.3 416.9 418.1 418.7 421.4 425.5 433.7 438.9 442.3 443.2 444.8 448.7 449.9 454.6 459.7 462 463.2 466.6 473.7 476.2 472.3 471 471 471 471.3 471.9 473.1 475.2 476.2 476.4 476.6 478.6 480.9 483.1 485.7 490.2 494.2 496.9 499.5 500.1 501.4 503.7 504.7 505.1 505.5 505.9 506.6 507.9 509.4 510.2 510.7 511.4 511.6 511 510.4 512.1 513.8 513.2 511.8 509.8 506.8 503.9
282.2 288.5 296.6 315.5 323.5 331.8 336.9 344.8 349.6 353.9 359.1 363.4 366.8 373.7 384.7 397.3 415.2 418.9 420.5 420.1 419.3 423.6 432.6 441.6 451.9 457 461.6 461.4 452 458.4 462.5 466.8 466.1 466.6 470.9 478.6 472.8 471 471.1 471.1 471.2 471.2 471.4 472.9 474.9 474.7 474.6 476.4 478.8 481.2 483.5 485.9 487.5 490.3 493.5 497.1 501.2 503.3 503.7 504.1 504.5 504.9 505.6 507 508.1 508.7 509.3 510 510.6 510.2 509.9 510 510.3 509.8 509.4 507.8 505.8 502.9
284.7 292.2 299.7 318.7 328.9 337 338.9 348.6 352.9 355.3 359.6 361.6 366.2 371.6 380.1 395 412.5 419.3 420.6 421 419.8 421 428.3 434.6 448.7 461.1 464.2 457.9 454.6 461.2 464.6 469.3 468.7 467.9 470.5 477.3 474.4 473.1 472.7 472.1 471.4 471.2 471.2 471.6 472.7 473.7 473.6 475.1 477.2 479.2 481.5 483.8 485.2 487.6 490.8 494.8 501.3 503 502.7 503.1 503.5 503.9 504.6 505.9 506.9 507.4 508 508.1 508 508.7 509.6 508.7 507.4 507.1 506.5 505 503.8 501.8
