data/NY93.asc
ncols 200
nrows 200
xllcorner 390000
yllcorner 530000
cellsize 50
[rows 0 to 34 of 200, columns 0 to 77 of 200]
409.2 405 402.4 398.4 393.7 388.7 383.3 376 364.8 355.2 350.5 358.2 370.5 380.8 388.7 396.8 403.5 408.6 413.3 422.2 432 439.3 446.6 452.4 454.5 457 457.9 457.2 454.8 453.5 451.4 447.5 444.8 441.3 438.3 437.6 437.5 433.6 436.7 437.6 439.2 440.8 442 443.2 444.3 444.6 444.7 443.9 435.7 427.9 423.9 422.1 423.8 419.7 416.4 409.8 407.7 406.4 403.7 400.9 399.7 398.3 397.2 391.4 388.6 383.5 378.9 373.2 362.9 359.2 360.8 361.4 359.8 360.6 357.8 360.5 358.7 357.6
411.6 406.9 402.7 398.4 393.9 388.9 383.6 376 367.5 356.5 352.1 356.2 368.8 379.5 387.3 395.2 402.2 408 413.5 421.9 432.3 439.6 445.2 449.7 451.8 453.5 453.9 452.8 449.4 447.7 446.3 443 440.6 437.5 435.3 434.6 434.8 431.6 435.3 436.6 438.2 439.7 440.1 441.6 443.3 443.9 444.3 444.9 437.6 436.3 433.6 430.6 427.3 423.5 420.4 415.3 413.5 412 409.2 406.8 405.2 402.4 401.3 397.7 393 386.8 380.6 375.3 371 364.3 357 355.8 352.8 348.1 350.9 355.1 354.9 354
414.2 407.3 402.6 398.3 394 389.4 383.8 376 368.3 358 349.6 351.6 367 378.1 385.9 393.7 400.8 407.2 413.6 421.8 432.6 440.1 443.8 447 449.1 450 450 448.4 444.7 442.3 441.1 438.5 436.5 434 432.3 432.8 430.5 429.8 434.6 436.3 437.3 437.9 438.3 440 441.7 443.3 444 444.8 442.9 440 436.9 433.6 430.3 427.1 424.2 421.5 419.5 417.5 415.1 412.7 410.5 406.8 402.6 396.6 391.6 386.8 381.7 377.1 373.1 366.7 365.2 362.9 359.2 353.1 354.8 345.3 343.1 352.4
414.4 407.4 402.2 398.1 393.9 388.8 382.7 376.2 369.2 361.6 348.9 350.5 365.8 377.1 385.6 394.2 400.7 407.1 414 421.6 431.8 439.4 442.7 444.9 447.3 450.2 449.8 448 445.6 444.6 443.6 441.3 438.8 435.8 431.3 429.3 428.5 424.8 433.2 436.1 436.2 436 436.8 439 441.1 443.3 444.7 445.7 444.8 442.2 438.7 435.4 432.2 428.8 425.6 423.6 421.6 419.4 417.2 414.8 411.9 407.6 403 397.1 389.5 387.1 382.8 378.7 374.6 371 367.9 364.2 359.4 358.4 359.3 355.4 347 335
411.8 405.8 401.5 397 392.3 387 380.9 374.7 368.2 359.2 348.4 349.6 366.9 378.5 387.5 395 401.2 407.4 414.3 421.7 430.8 438.4 441 443.4 445.5 446.3 445.8 445.2 443.8 442.3 440.4 437.6 434.9 434.3 432.9 429.6 425 425.6 429.8 431.4 432.2 432 435.3 439.4 441.6 443.8 446.1 447.2 445.1 442.9 440 436.7 433.4 429.9 426.4 423.9 421.8 419.8 417.7 415.3 412.1 407.7 403.3 397.4 392.9 388.4 384 379.9 376.2 372.6 369.3 366.1 363.2 361.7 360.5 358.1 355.2 350.6
412 406.4 401 394.5 390 385.2 379.1 373 366.3 355.2 346 355.7 370.8 380.3 389.3 395.5 401.7 407.9 414.5 421.7 429.6 436.2 438.9 440.6 442.4 441.7 441.5 441.4 439.2 437.3 435.6 433.2 430 429.6 428.2 425.1 421.5 421.3 425.4 427 428 428.2 432.3 436.9 441.5 444.2 446.5 448.1 445.7 443.3 441.1 437.9 434.5 431 427.5 424.3 422.2 420.2 418.2 415.8 412.2 407.8 403.5 398.9 394.2 389.7 385.3 381.5 377.9 374.3 370.8 368.1 365.8 363.9 361.5 359 356.7 354.3
411.6 405.7 400.4 394.9 389.4 384 377.3 369 362.7 352.1 345.6 358.4 371.2 381.4 390.1 396.3 402.5 408.6 414.2 419.5 425 431.1 435.3 437.2 438.5 438.8 437.9 437.1 435 431.8 430.1 428.5 425.4 424.4 423 420.6 419.2 418.4 420.9 423.1 424.1 425.3 428.9 433.4 438.1 442.8 447.2 448.7 446.4 444.3 442.2 439.9 436.3 432.8 429.1 425.2 422.7 420.7 418.7 416.4 412.4 408 403.8 400 395.8 391.2 386.7 383.1 379.5 375.9 372.3 369.7 367 365 362.6 360.3 358.3 356.3
411.2 405.1 399.7 393.6 388.2 382.8 376.1 370.4 365.7 349.6 344.7 358 370.8 380.9 389.8 397.1 403.3 409.3 412 417 421.1 425.1 429 432.6 434.7 435.7 436.6 436 433.8 431.9 428.9 425.6 421.2 419.6 418.6 417.6 416.3 415.3 417.3 419.6 420.9 423.1 426.6 430.3 434.1 438.4 443.3 447.1 447.6 445.5 443.7 441.9 437.9 433.9 429.9 426.4 423.6 421.1 419.1 416.9 412.5 408.3 404.9 401.5 397.5 392.9 388.4 384.7 381 376.5 372.7 369.9 367.4 365.8 363.7 361.9 359.8 357.9
408.3 404.3 398.7 392.3 386.9 381.5 375.6 367.9 364.2 352.3 340.8 357.9 370.8 379.8 388.4 396.3 402.6 408.1 410.2 413.6 416 419.1 422.6 426.2 429.8 431.9 433.4 433.7 433.2 430.5 427.5 424.1 420.4 418 415.3 414.1 412.1 412.9 415.5 417.1 418.7 421 424.3 428 431.1 434.2 438.2 442 443.6 444.6 444.6 443.3 438.8 434.8 430.8 427.6 424.8 422.2 419.6 417.1 413.1 409.7 406.4 403 399.2 394.6 390 385.9 381 376.1 373.1 370.3 368 366.4 364.8 363.1 361.1 357.1
404.2 399 393.7 389.1 384.8 379.4 369.3 373.6 363.3 359.4 350.5 354.8 370 377.1 384 393.5 399.6 404.2 406.6 410.3 412.7 415 418.3 421.6 424.9 428.1 429.9 430 429.5 428.7 425.9 422.4 419.4 416.5 413.7 410.8 408.1 411.2 412.9 414.6 416.6 418.9 421.2 424.4 427.5 430.6 433.7 436.7 438.9 440.3 441.8 442.3 438.8 434.5 430.7 427.7 425.1 422.5 419.8 417.1 413.7 410.4 407 403.9 399.8 395.7 390.8 385.4 380.6 376.5 373.6 370.8 368.1 366.4 364.6 359.2 357.2 352.7
407 401.6 396.7 392 385.7 381.4 377.9 369.6 356.9 350.3 340.3 356.4 367.4 374.7 381.9 389.6 395.4 398.6 404 407.8 410.1 412.1 415.4 418.7 421.9 425.1 426.9 426.6 426.1 426.4 423.8 420.4 417.6 415.1 412.6 409.8 407.2 408.6 410.1 410.8 413.9 416 417.8 420.6 423.7 426.8 429.9 432.3 434.1 435.5 437.2 437.5 434.7 431.5 428.3 425.3 423.5 420.8 418.2 415.7 412.3 409 405.8 403.5 399.8 395.7 389.8 382.9 379.7 377.2 374.5 371.3 367.5 365.8 361.4 353.8 350.7 346.8
405.8 401.1 396.4 389.5 387.4 382.9 376.6 371.3 361.6 340.9 339.5 354 363.5 371.6 376.6 382.5 390.3 395.1 402 405.3 407.4 409.4 412.5 415.7 418.9 422.1 423.7 423.2 423.1 423.5 421.7 418.4 415.9 413.4 410.9 408.4 405.9 405.5 407 408.9 411.2 413 414.8 416.8 419.9 423 425.9 427.9 429.4 430.8 432.6 432.9 430.5 428.5 425.7 423 421.5 419.1 416.5 413.9 411 407.6 405.1 403 399.6 395.8 390 384.7 381.7 378.3 375.4 371.5 367.7 365.2 358.2 350.6 344.4 340.8
404.1 399.9 395.7 391.7 386.4 381 375.6 371.8 362.8 342.4 332.6 348.1 358.3 367.3 373.9 376.2 382.8 392.3 400 402.6 404.6 406.7 409.5 412.7 415.9 419.1 420.3 419.9 420.2 420.5 419.6 416.3 414.1 411.6 409.1 406.6 404.4 399.7 403 406.2 408.2 410 411.9 413.7 416.1 419.2 422 423.8 424.7 426.5 427.9 428.3 426.9 425.5 423.1 420.9 419.5 417.5 414.9 412.3 409.6 406.7 404.3 402.3 399.3 395.8 392.7 390.6 385.6 379.4 375.6 371.8 367.9 364 359.6 355.3 349.5 343.8
402.5 398.3 394.1 390.2 385.5 380 374.5 370.7 365.8 352.5 341.2 338.7 354.3 363.8 367.9 376.6 383.3 379.5 396.3 400.4 401.9 403.9 406.5 409.7 412.9 416.1 416.9 416.9 417.2 417.5 417.5 414.3 412.3 409.8 407.3 404.8 403.5 402.7 396.2 403.3 405.2 407 408.9 410.7 412.5 409.5 402.9 399.2 396.8 396.2 409.2 415.3 423.9 422.4 420.5 418.8 417.4 415.8 413.2 410.7 408.4 406 403.6 401.7 398.8 390 393.9 389.8 383.2 379.7 376.1 372.3 368.4 365.4 361 356.6 350.4 345.1
400.4 395.8 388.6 388.7 385.6 379.6 373.4 369.7 368.6 363.7 346 329.3 349.8 360.1 365.4 373.9 379.3 383 392.6 392.9 403.5 404.3 402.6 406.7 409.9 413.1 413.6 413.9 414.3 414.6 414.9 412.4 410.6 408.1 405.5 403 402.4 400.4 398.3 397.5 400.2 402.4 404.6 406.8 411.1 416.1 411 405.5 395.7 385.3 379.4 391.2 391.8 391.3 394.5 392.5 394.7 393.8 388.7 387.3 402.8 392.6 385.5 372.5 366.6 381.6 390.1 386.7 383.5 380 376.5 372.8 369 366.8 362.3 357.7 351.2 346.4
396.7 391.1 380.1 384.7 378.1 375.8 375.1 368.6 368.6 360.4 346.2 331.3 341.6 352.9 358.2 369.7 374.3 381.3 381.5 386.3 402 392.9 394.8 403.6 407.3 410.1 410.7 411 411.3 411.6 411.9 410.6 408.8 406.3 403.7 401.9 400.1 398.2 396.5 394.6 395.5 397.6 399.8 403.4 410.5 421.6 422.5 412.4 408.9 402.2 390 379.9 375.4 374 373.7 373 373.3 387.1 388.7 386 385.6 374.7 366.2 367.5 379.1 379.6 384.8 383.9 381.8 379.7 376.8 373.3 369.9 367.8 363.6 358.4 352.1 347.3
392.7 386.8 382.1 378.7 380.9 370.9 368 363.5 361.6 358.3 336.5 325.2 341 352.9 360.1 364.6 371.8 377.3 389.6 395.6 399.5 402.4 392.8 392.1 406.4 408.9 409.3 409.4 409.4 409.5 409.5 408.9 407.1 404.6 402 399.8 397.8 396 394.4 392.5 391.3 393.6 396.3 401.4 406.9 415.5 422.7 422.8 416.6 410.2 406.2 392.8 376.4 373.9 374.5 372.3 370.8 370.5 381.8 375.5 367.6 366 370.8 379.8 385.9 383.9 382.6 380.9 378.9 376.8 374.7 372.5 370.5 368.3 364.1 359.1 352.9 348.1
387.1 382.2 377.2 373.6 369.6 369 365.6 363 362.2 352.2 333.8 321.5 335.7 353.5 361 367.2 372.7 377.6 383.5 390.5 400.6 405.9 404.2 403.8 402.8 406.5 408.9 409.8 410.1 410.7 410.2 408.2 406.1 403.6 400.9 398.3 396.2 393.8 392.3 390.9 385.8 390.4 394.3 399.7 404 411.2 422.4 423.2 421.5 419.1 403.2 387.6 383.9 391 384.4 379.2 376.9 373.1 371.4 378.6 382.2 386.1 387.8 386.6 384.8 383.1 381.3 378.2 375.2 372.2 369.5 367.8 364.3 360.8 356.7 352.8 349.2 343.9
381.8 376.8 372.7 370.8 369 367.1 364.5 364.1 363.7 357.3 349.3 334.7 331.3 351.2 359.7 366.6 372.6 377.3 383.3 390.7 402.6 397.6 402.6 401.5 399 400.2 403.1 405.8 409.5 409.8 408.4 407.1 405 402.6 399.4 397.1 395.6 393.6 391.3 389.4 388.7 388.2 393.4 398 401.8 410.5 420.6 421.1 419 409.1 394.1 380 387.1 393.8 395.6 397.4 395.9 389.9 389.6 389.8 388.2 386.6 385.5 382.7 379.9 377.9 375.8 373.1 370.3 367.5 364.8 362.2 358.7 355.4 352.5 348.5 345.1 341
377.7 373.6 371.1 368.6 366.8 365.2 365.4 365.3 363.8 359 349.1 336.8 323.9 347.7 357 366.9 374.4 379.2 383.5 390.2 394.6 396.1 395.4 394.9 395.3 396.4 397.5 399.3 402.6 405.5 402 405.6 403.9 401.7 400.7 398.8 398 396.1 393.7 393.5 390.6 378.5 391.6 396 400.3 410.4 416.3 414.9 410.2 398.9 385.5 384.2 397.1 402.5 407 406.5 404.8 402.6 395.6 389.6 386 385.1 382 377.7 374.3 372.4 370.2 367.6 364.9 362.2 359.7 357.2 354.6 351.7 349.2 346.2 343.1 339.9
374.1 371.6 369.1 366.7 364.7 363.4 363.7 363.2 360.8 356 346.5 334.9 314.8 343.4 354.9 365.7 375.6 380.8 385.1 389.1 392.7 394.2 394.1 392.2 391.3 392.5 393.7 393.9 393.8 394.6 396.9 398.1 396.9 398.2 399.5 398.4 398 397.3 395.4 393.2 390.2 383.7 385.2 392.8 398.4 404 395.7 392.8 395.2 382.3 383 384.6 399.1 405.7 407.5 406.6 405 402.2 396.7 386.2 381.8 376.9 374.2 371.5 368.5 366.6 365.2 362.1 359.7 357.2 354.6 352.1 350.7 348.1 346.2 343.7 340.4 335.5
372.1 369.8 367.4 364.9 363.1 361.7 360.5 359.1 356 352 343.2 330.7 318.8 346 354.5 365.2 374.8 381.3 386.2 388.6 390.8 393 382.3 382.5 387.9 386.6 387 385.6 383.4 384.6 384.7 385.6 389 391.7 393.3 393 392.7 392.3 391.4 389.8 389.2 386.6 375.8 389.9 396.8 402.3 388.3 386.4 384.6 383.5 382.6 390.7 399.9 404.5 404 401.4 399 395.2 385 376.4 371.3 368.8 366.9 364.6 361.3 359.2 357 354.9 352.3 350.6 348.9 347.1 346.2 344.5 343.1 340.3 336.1 331.3
369.9 367.9 365.7 363.2 361.6 359.2 355.5 355 353.4 349.8 337.5 318.5 324.4 346.2 355 363.8 372.3 380.6 386.8 383 390 391.5 383.3 383.9 382 378 377.5 378.3 379.2 379.7 380.7 381.2 382.1 384 384.6 384.5 384.3 385.1 386.2 385.4 384.2 383.7 374.6 386.9 391.8 396.8 389.8 387.4 385.3 383 381.8 390 394.1 395 392.9 384.9 383.7 377.5 367.1 364.4 362.3 361.4 357.6 354.1 350.8 349 347.3 345.3 344 341.7 340.8 339.9 339.4 337.7 335.5 333.6 328.9 326.9
367.8 365.6 363.7 361.6 359.9 357.8 354 348.4 348.7 346 337.4 314.8 318.6 340.1 350.2 358.9 367.9 378.3 383.6 383.5 383.2 387.4 381.1 377.2 380.3 374.4 374.2 376 376.4 376.1 375.8 376.3 375.8 375.8 375.8 375.9 376 377 377.9 377.6 376.2 364.5 372.8 383 382.7 389.3 391.6 391.7 393.8 387.7 383.3 381.1 381.1 377.6 376.7 375.3 370.4 363.8 359.3 357.6 348.6 347.7 343.7 343 341.2 340.1 337.9 335.9 335 333.5 332.5 332.6 330.7 329 327.7 324.9 322.4 321.1
365.8 363.4 361.4 359.5 357.8 355.7 352 347.9 341 342.3 338.1 318 306.7 334.7 345 352.1 362.6 374.2 380.3 382.4 377.9 376 375.3 374.1 373.2 372.8 373.1 375 374.9 374.4 373.2 371.1 370.3 368.8 368.2 367.7 369.1 369 369.4 369.7 369 365.4 367.7 370 377.8 379 376.1 381.7 381.6 379.5 382.4 375.5 370.6 367.4 365.3 362.2 357.9 354.3 351 347 344.2 342 341.2 339.1 336.6 334.1 331.6 329.3 328 326.4 325.4 323.9 322 320.8 318 315.2 313.1 312.5
363.4 361.2 359.1 356.8 354.3 351.3 347.9 344.3 338.7 338.3 334.8 321 305.1 331.8 338.9 345 355.5 365.2 371.8 373.3 372.9 372.8 372.5 371.9 371.2 371.2 368.5 372.4 371.4 370 368.8 367.3 365.3 364.3 363.1 364.5 365.4 365.5 365.4 365.1 364.3 362.4 355.1 364.7 370.2 373.4 374.3 372.5 371.7 370.8 368.3 366.1 363.9 360.6 358.3 354.9 351.2 347.7 345.9 342.9 337.2 335.8 336.2 334.1 331 328.2 325.4 321.8 318.4 315.7 315.4 314.3 313.1 310.8 308.7 306.5 304.6 303.8
361.6 358.1 355.1 351.2 349.1 346.8 343.8 340.7 338.3 326.8 313.6 302.2 313 329 333.2 337.5 346.7 354.9 359.8 365.4 368.6 368.5 368.6 369.6 368.9 368.4 365.8 363.2 366.2 364.2 362.6 362.6 361 360.9 361.6 362.9 363 362.9 362.3 362.1 361.3 360.6 348.1 359.1 362.7 364.7 366.7 367.4 371 367.3 362.6 356.9 352.9 349 348.2 345.4 340.7 339 340.4 336.8 330.4 324.4 328.8 326.8 324.1 320.6 317.2 313.4 309.3 307.1 306 305 303.3 301.8 299.5 298 296.5 295.2
358.7 355.3 351.6 347 344 341.8 339.6 337.2 335.2 333.7 324.8 300.7 317.9 323.3 327.2 330.6 336.8 344.4 351 355 356.3 354.9 357.1 357.9 360.4 359.8 358.8 356.5 359.6 358.6 356.4 356.4 355.8 357.7 360.3 361 361 360.3 359.4 358.4 358 357.6 353.3 352.5 357.1 358 358.8 359.7 362.3 364.3 363.8 360.3 354.9 344.4 335.8 333.8 325.8 327.5 335.7 333.9 325.8 319.3 318.4 317.6 315.5 312.4 309 305.1 302 298.6 295.3 293.5 293.7 292.6 290.4 289.5 287.2 284.6
351 348.1 345.2 342 339.8 337.4 335.1 333.2 331.3 330.1 325.2 301.8 300.2 317.5 321.6 325.2 329.3 334.8 341.2 344.2 345.5 347.2 346.8 346.7 349.9 349 348.2 347.9 348.8 349.7 349.4 348.7 348.8 355.7 355.8 354.6 352.2 351.3 349.4 350.5 351 351 349.3 335.2 348.8 349.9 351.2 351.7 353.1 353.6 353.3 350.6 345.5 340.6 334.1 331.1 327.9 322.1 327.3 324.5 319.7 313.4 306.9 308.5 306 303.4 300.8 297.4 294.1 290.8 289.2 284.1 282.5 281.8 280.2 279.2 277 273.9
344.5 342.2 340.1 338.1 335.8 333.4 330.3 328 326.8 326.3 323.5 310.2 291.2 304 316.4 319.7 322.2 327.1 331 334.3 332.9 335.1 338 340 341.7 341.2 340.8 339.8 338.9 339.8 341.5 341.4 339.6 338.9 339.1 338.2 338.1 338.8 339.5 340.6 341.3 341 340.2 326.9 339.7 339.3 339.2 339.5 338.7 338.5 337.4 334.9 332.2 329.2 324.7 320.9 317.7 313.4 315.5 312.6 309.1 305.6 302.4 300.5 297.9 295.2 292.4 289.4 286.2 283 283.9 281.9 274.8 269.4 268.4 267.2 265.6 263
341.1 339 336.9 334.8 332.6 330.1 325.5 323.2 324.6 323.5 321.4 314.5 293.4 306.5 311.6 312.6 314.9 319.1 323.5 325.5 324.5 321.9 327.7 330.7 332.6 333 333.9 336.3 333 332.3 334.3 336.4 335 334 334.3 333.8 332.5 330.5 330.7 332.3 333.7 334.7 334.8 327.2 321.4 327.3 327.4 327.5 327.4 325.6 322.9 321.2 319.8 316.4 313.2 310 306.7 301.1 303.8 302.6 300.4 298 295.5 292.4 289.9 287.1 284.3 281.3 278.2 274.9 270.5 270.4 267.9 265.6 264.1 260.3 255.1 254
334.8 333.5 332.6 330.2 328.1 326.5 323.4 316.2 321.2 321.3 318.5 314.9 299.1 297.3 305.4 306.9 308.6 311.3 316.4 318.9 319.6 320.4 317.7 320.9 323.6 325.1 326.2 330.1 332.4 328.2 330.7 333.4 332.3 330 330.5 330.1 329.3 327.9 326.4 325.7 327.9 330.3 331.3 331 325.9 315.2 319.1 321.1 320.5 318.7 315.7 313.2 310.7 307.2 303.5 300.3 299.3 297.2 295.1 295.3 293.1 290.7 288.4 284.8 281.8 279 276.1 273.1 270.1 266.5 262.9 260.6 260 259.2 258.1 256.6 251.1 247.1
326.2 325.3 325.1 324.1 322.3 320.8 318.4 314.1 314.3 314.4 311.8 308.2 298 287.4 296 301.4 301.5 303.3 308.1 309.6 310.3 310.9 311.6 313 315.6 317.4 318 320.2 322.4 322.1 323.8 326.5 328.2 326.4 326.1 325.2 324.4 324.2 323.9 322.5 322 324.2 324.6 324.8 323.6 322.2 313.4 315.3 313.6 312.9 310.5 308 304.4 298.8 294 290.9 288.7 287.5 287.3 288 285.9 283.4 280.7 277.1 273.9 270.6 267.8 264.8 261.9 259.2 256.1 253.9 252.2 251.5 247.1 242.5 236.9 238.6
318 317.8 317.5 317.2 316 313.3 310.7 308.3 306.6 304.8 303.5 301.1 295 282.1 288.7 292.9 292.7 296 298.6 300.4 301.2 302.1 301.9 303.6 304.4 305.4 306.4 307.3 309.7 307.4 315.4 317.8 320.1 320.2 319.5 318.9 318.5 318.1 317.5 316.2 314.9 316.1 316.5 316.3 314.4 313.9 310.5 304 307.1 305.1 303.1 300.1 296.6 291 285.5 279 278.5 278.5 278.2 278.8 275.4 273.3 271.2 268.8 265.3 261.6 258.8 255.7 254.3 252.5 247.5 243.7 243.1 242.3 241.5 238 241.2 241.4
308 307.6 307.3 307.3 306.3 304.5 302.8 299.4 294 294.7 293.7 291.5 281.8 281.9 284.6 285.6 284.9 287 288.6 291.2 292.2 293.4 294.4 294.7 294.2 293.8 294.7 295.8 297.8 299.8 306.8 309.9 312.5 312.2 310.5 310.5 311.1 311.7 310.4 308.7 307.7 308.7 309.1 307.7 305.5 303.7 300.8 297.3 297.5 296.6 294 290.1 287.3 282.7 275.7 273 270.6 269.8 268.7 266.6 264.8 261.7 259.6 258.5 257.5 254 252.2 251.7 247.6 246.6 241.5 241.5 241.8 240 239.4 244.6 244.5 243.9
