data/NZ00.asc
ncols 200
nrows 200
xllcorner 400000
yllcorner 500000
cellsize 50
[rows 35 to 69 of 200, columns 0 to 77 of 200]
514.4 514.6 513.6 512.4 511.1 511.1 511.3 510.8 513.2 508.4 501.1 498.3 497.8 501.4 504.2 506.1 507 507.7 507.5 504.9 503.7 497.8 491.8 488.7 485.4 483.9 482.1 479.2 473.6 468.2 462.1 453.7 442.6 437.3 428.8 422.2 416.8 411 404.9 398.4 392.5 386 376.9 375.6 374.9 374.4 374.1 370 365.4 362.1 360.6 360.7 358.9 358 358.5 360 362.1 362.2 362.4 365.7 366.2 367 368.9 371 374.5 377 379.7 380.5 382 384.9 388 386.7 389 391.3 395.4 398.4 395.6 391.9
515.5 515.3 513.9 514.2 514.2 514.1 514.4 514.5 510.4 505.6 503.1 501.1 500.2 503.8 507.4 509.1 509.7 510.4 511.2 511.7 511.1 509.6 505.2 495.7 488.5 484.9 482.6 480.4 476.1 470.8 465.3 456.8 447.7 440.8 433.7 428.5 421.7 414.9 408.7 402.1 394.2 386 385.3 382.8 380.6 380.8 378.7 374.1 369.2 366.2 364.4 364.5 363.9 363.2 363.1 364.3 365.7 365.9 366.1 367.1 369.4 371.1 372.9 374.9 377.6 380.4 383.1 384.6 386 388.7 391.8 396.1 397.1 403.4 405 404.6 402.4 397.8
516.5 516.7 516.4 516.4 516.4 516.5 516.5 515 509.5 507.3 506 504.2 503.7 506.5 510.6 512.4 513.1 513.8 513.7 514.1 513.2 512.6 511.1 505.4 496.8 489.3 484.7 481.6 478.4 473.1 468.1 460.9 452 443.7 436.6 430.9 424.2 418.5 410.6 402.8 393.7 393.8 390.8 387.7 386.2 385.5 382.9 380 375.9 373.2 370.7 371.8 371.5 367.1 368.1 369.1 369.5 369.8 370.1 370.3 372.4 374.6 376.4 378.4 380.8 383.7 386.6 389 390.5 392.6 397.7 402.1 406.5 412 411.5 412 410.4 406.2
518.8 518.8 518.9 518.6 518.3 518.1 518.2 516.2 515.6 516.7 516.7 514.1 510.4 510.5 513 516 517.6 518.2 517.4 516.5 515.9 515.3 513.6 510.6 505.8 498.1 490.1 485.4 482 478 472.1 465.6 456.6 447.8 438.9 431.3 426.3 421.1 413.7 403.7 403.7 400.4 396.2 393.6 392.1 390 387.5 385.2 382.7 379.4 376.9 377.4 371.5 371.7 372.5 373.4 373.4 373.7 374 374 375.8 377.8 379.8 382.2 384.8 387.6 390.4 392.8 395.1 399 403.6 408 412.8 418 422.2 428.1 423.3 413.6
523.8 521.3 521.1 520.9 521.1 521.7 521.6 525.7 535.2 536.7 524.6 519.1 518.5 517.2 516.3 519.4 522.2 521.8 520.7 519.7 518.6 518 516 513.2 508.8 502.9 495.2 487.9 484.5 481.6 476.3 468.6 460.6 450 440.3 432.8 430.9 422.6 418.8 417.8 412.4 406.7 403.5 399.6 398 394.8 391.8 389.2 386.8 385 383 381.5 374.2 374.6 376.7 377.6 377.2 377.5 377 379 380.4 382.4 384.3 386.3 388.8 391.5 394.2 396.6 401.1 405.8 410.2 414.5 418.1 425 436.9 437.9 432.6 415.1
524 523.6 523.5 523.2 523.2 525.3 531.7 538.4 540.1 539 536.7 533.1 528 519.4 520.8 522.2 523.7 524 523.6 522.7 521.9 520.8 519 515.5 511.1 506.4 501.3 491.5 485.6 483.4 478.5 471.9 462.7 452.6 443.1 437.5 430.8 428.4 430.2 426.9 418.9 416.3 411.3 406.3 404 399.8 396.8 393.1 389.7 387.7 384.2 380.7 377 376.3 379.1 381.4 380.6 379.2 380.7 383.2 385.1 387.1 389 391 393 395.4 397.9 401.3 407.5 412.8 417.1 421.4 427.2 433.5 440.1 440.8 438.9 426.9
524.6 526.7 528 529.5 533.1 539.3 540.5 540.6 539.3 539.7 538.7 537.5 536.6 529.3 529.4 527.6 526.6 526.3 526 524.7 523.8 522.7 522.2 519.2 513.2 507.9 502.2 496.2 490.5 486.1 480.6 474.6 466 456.1 445.6 444 442.8 439.5 440.6 435.5 431.1 427.4 421.4 415.6 410.4 405.7 401.9 397.8 393.5 389.9 386.2 382.3 382.4 381.5 382.1 384.9 384.5 383.9 385.8 387.3 389.6 391.7 393.7 395.7 398.2 401 404.3 409.1 414.4 420 425.2 430.6 436 441.5 444.2 444.6 444.7 441.8
526.6 532.2 536.2 538.5 539.3 540.2 540.1 540.2 539.5 538.7 538.4 538.2 537.6 537.3 537.1 535.6 533.6 532.9 531.3 528.3 525.3 524.3 521.8 518.2 513.1 507 501.9 497 493.6 489 483.8 478 469.6 462.7 460.4 457.4 454.6 454.1 451 447.3 442.9 438 432.5 424.9 418.3 411.8 407 402.4 397.7 393.7 389.2 386.4 387 387.1 387.1 387.9 387.9 388.7 390 391.2 393.4 395.8 398.3 400.7 403.7 406.5 411 416.5 421.6 427.8 434.3 439 444.1 448.3 447.6 447.6 445.9 442
530.8 533.1 534.9 536.9 538.5 540 539 539.2 540.3 539.7 538.9 539.3 538.6 537.8 539.4 540.2 540.1 539 538 533.2 527.2 524.7 520.5 516.7 512.9 508 502.9 498.7 493.9 489.3 485.5 474.9 474.6 471.9 469.4 466.3 465.1 464.8 462.2 458.5 454 448.1 439.4 434.1 427.7 419.9 414.5 408.4 402 397.5 393.2 392.6 394.3 395 395.1 394.5 393.9 393.4 393.9 395.1 397.3 399.4 402.2 407 410.2 413 418 423.2 428 435.2 446.8 449.3 450.8 451.1 450.2 448.9 446.9 442.7
531.7 533.8 535.5 537.2 539.2 539 539.5 539.5 540.2 540.5 540.3 540.1 539.1 539.6 539.5 540.2 541.2 541.1 540.9 538.4 533.4 526.5 521.2 515.9 512.3 508.7 503.9 499.8 494.5 489.3 483.3 483.4 480.8 479.2 477 473.8 473.5 472.7 470.4 466.8 461.8 456.4 450.2 440.7 436.9 429.4 422.5 415.6 408.2 402.9 399.2 400.7 402.2 403 402.9 403.2 401.5 399 398.2 399.1 400.8 403.8 408.8 416.3 421.6 423.9 427.9 431.5 436.2 442.6 448.4 456.7 454.9 453 451.8 450.1 447.8 443.4
531 533.6 535.8 538.1 539.8 539.6 538.8 539.7 540.2 541 540.8 541.3 541.1 540.5 541 541.7 542.2 541.9 541.6 540 536 528.8 520.1 515.6 513.2 509.6 504.4 499.5 493.5 491.5 488.9 488.1 485.3 483.1 481.9 479.1 479.1 478.4 476.8 472.7 466.6 460.5 453.7 447.3 444.6 438.9 432.3 423.3 415 409 406.7 409.1 410.5 411.8 412.1 412.3 411.1 407.2 409.9 412.1 413.9 416 420.9 428.3 433.5 434.6 436.4 439.1 447.3 457 460.1 454.4 456.7 455 452.8 450.4 447.1 443
530.1 533.6 535.5 537.4 539.3 540.3 539.6 539.3 540.6 541.6 542 541.9 541.9 541.9 542.3 542.8 541.9 542 541.2 540.4 536.1 528.6 518.3 515.1 512 507 503.6 504.2 500.7 496.3 495.3 492.5 489.3 486.5 483.8 482 482.5 482.3 480.7 476.1 470 463.5 460.7 458.8 454 447.5 439.4 429.7 421.1 415.6 415.8 418.2 420.2 421.8 422.6 422.3 422.7 422.2 424.8 425.9 427.8 430.2 436.4 442 445.9 451.6 452.4 457.1 461.4 466.2 463.3 458.9 453.8 454.3 452.4 450.5 447.6 443.6
530.6 533 534.2 536.5 538.7 539.8 538 539.9 541.6 542.1 542.4 542.4 542.6 542.7 543 542.8 542 541 540.8 539.5 535.8 528.4 520.7 515.9 509.8 506.2 507.3 507 505.2 503.5 501 497.1 493.7 490.5 487.7 486.7 484.4 483.1 480.6 477.3 472.6 469.3 469.1 467.8 464.4 455.8 443.9 437.1 430.6 425 425.1 427.7 430 431.3 432.7 434 435.3 439.8 440.3 439.3 440.1 440.3 446.4 451.5 456.5 455.8 463.9 474.4 471.5 468.4 466.2 462.7 457 454.1 452.8 450.3 447.5 443.6
528.8 531.9 533.7 536.3 537.3 536 539.4 540.2 541.4 542.2 542.8 542.9 542.9 542.9 543.1 542.5 541.9 540.8 540 538.5 535.9 530.4 522.9 514.4 510.6 508.4 511.7 510.1 509.8 508 505.8 502.2 498.2 494.3 492.7 491.7 488.4 484.9 481.5 478.9 477.2 475.3 475.5 474.2 470.1 461.4 451.3 448.8 440.3 433.3 435.8 439.2 442.3 441.8 442.2 440.9 442.7 453.7 457 455.7 458.1 459.5 460.9 466.1 470.4 480.1 481.1 479.5 475.9 472.9 469.4 465.1 459.8 455.9 453.9 451.9 449.1 446.8
529.6 531.8 531.3 535.1 535.4 537.8 539.7 541.1 541 542.1 542.5 541.5 541.3 541.9 542.6 542 541.5 540.1 538.8 537.4 535.1 528.4 517 515.5 514.2 511.7 513.8 512.8 513.6 511.1 509.8 507.2 502.8 499.9 499.1 497.5 493.8 488 482.3 480.3 481.4 480.3 479.6 477 472.2 465.6 465.6 463.4 450.5 441.1 446.8 451.9 455.1 452.8 456.4 458.3 462.8 466.2 468.4 469.8 475.1 474.5 477.4 481.5 483.9 484 484.3 482.6 478.9 475.4 471.4 466.9 463.1 459 455.8 453 451.3 450.7
526.7 530.6 532.6 535.3 536.7 537.8 540.8 541.4 539.2 541.7 542 541.3 540.1 541.2 541.6 541.5 541.1 539.8 538.4 537 533.7 526.4 522.6 520.2 515.9 515.3 515.5 516.3 516.4 514.4 512.4 510.6 506.8 506 505.1 502.9 498.7 492.3 485.3 485.4 485.8 484.8 482.7 478.3 474.7 474.4 476.3 472.1 460 447.6 456.3 464.8 467.3 466.1 469.8 470.2 472.6 474.7 477 478.3 480.5 481.2 483.5 485.4 487.7 487.3 486.7 484.2 480.9 477.4 473.6 469.5 465.4 461.1 458.1 457.1 456 454.8
528.4 530.9 533.7 535.3 537.1 539.3 541.2 543.4 542.6 541.7 542.6 541.6 540.3 539 539.7 539.9 539.4 538.8 537.4 536 532.3 525.5 524.4 523.6 522 519.9 519.1 519.5 518.4 516 513.7 511.8 511 510.8 510.1 507.8 502.4 496.6 488.6 491.2 488.8 488.1 484.3 479.1 479.4 480.5 480.6 478 469.7 456.8 471.7 477.5 478.3 477.6 476.5 476.8 478.5 481.6 483.4 483.8 485.1 485.8 487.8 488.8 489.6 489.6 488.2 485.2 482.1 478.8 474.7 470.9 467.4 463 461.2 460.4 459.4 457
527.5 531.2 533.5 535 537.3 540.2 543.1 545.3 544.3 544.1 543.3 542.2 540.1 536.7 537.6 538 537.7 537.1 536.4 535.6 532.4 527.4 524.8 524.7 524.3 523.9 523 521.8 521.1 517.8 514.9 513.7 514.4 515.1 513.6 511 506.9 499.9 493.5 492.5 491.7 489.2 484.6 481.8 483.1 484.5 483.9 481.4 477 464.5 478 483.2 483.6 482.7 480.9 481.9 483 485.8 487.1 487.8 488.2 488.7 490.2 490.7 490.8 490 488.8 486.2 483.3 479.9 476.4 471.4 467.8 465.9 465.1 463.5 462.8 461.3
526.5 529.5 531.6 534.6 537.5 541.1 548.1 551.5 552.7 552.8 550.3 548.2 542.1 539 533.8 535.1 535 534.9 535.3 536 532.6 527.6 524.8 524.8 525.7 525.6 525.2 524 523.4 520.6 517.7 517.9 518.3 517.9 515.3 513.1 510.1 506 499.7 493.9 491.6 489.6 485.7 484.6 486.9 487.9 486.5 483.6 479.5 470.6 481.9 486.5 487.7 486.8 484.5 485.6 487.2 488.5 489.6 489.3 489.1 489.1 490.5 490.8 490.5 489.7 488.7 487.1 484.2 481.1 478 474.9 471.5 469.8 469.1 468.3 467.2 464.8
527.9 529.9 532.3 535.5 539.2 545.3 551 553 552.8 553 552.1 551 547.7 540.5 534.7 532.9 533.6 533.8 534.9 535.3 533.3 527.1 525.9 525.9 525.6 525.8 526 525.7 524.8 524.1 522 522.1 522.4 518.1 515.7 514.5 513.2 510.4 505.5 497.8 492.5 490 488.3 488.5 490 489.8 488 484.5 478.1 478.5 485.4 489.7 489.7 489.4 487.2 488.2 489.7 490.2 489.3 488.9 489.1 489.2 489.5 489.1 489 488.5 487.6 486.4 484.2 481.5 479.2 476.8 475.6 474.1 471.9 470.9 469.1 466.8
528.5 532.4 535.2 537.9 540.7 546.3 551.2 552.4 553.2 552.8 551.1 549.6 548.8 541.7 535.5 530.3 532.9 532.6 534 534.1 533.6 530.5 530.4 527.3 526.5 526.7 526.7 526.4 525.7 525.2 524.4 523.6 519.8 517.4 515.8 514.2 512.8 512 509.3 502.1 495.3 493 491.7 490.5 491.9 490.7 488.8 485.3 480.3 482.3 488.7 491.6 490.8 490.8 489.3 489.9 490.2 489.9 488.8 488.7 488.9 488.6 488.9 488.7 488.6 488.2 486.9 486.3 484.6 482.5 480.7 479.9 478.5 476.9 474.8 473.1 471.4 471.3
532.7 536 538.7 543.1 546.5 549.3 551.1 553 553.6 552.3 550.2 548.2 546.4 540.7 534.6 529.3 530.1 530.8 532.7 533.1 532.9 532 532.3 529.7 527.4 527.3 527.1 526.9 525.8 525.2 524 522 519.2 517 515.2 513.7 512.3 511.7 509 504.8 497.2 497.3 494.4 493.4 492.5 491.2 489.2 486.9 483.1 483.3 489.4 491.6 492.1 491.8 489.7 489 489.9 489.2 488.5 488.2 487.8 487.3 487.6 488.1 486.9 487.4 486.9 486.3 486 483.7 483.2 482.5 480.7 478.7 476.3 474.7 474.3 474.1
539 543.3 544.7 547.7 549.8 550.4 552 553.4 553.8 552.1 549.6 547 543.9 539.6 533.1 528.3 528.2 529.9 531.5 531.8 531.9 531.8 531.9 528.3 526.2 526.8 527.1 526.2 524.8 524 521.3 519.7 517.6 516.6 514.8 513.8 512.3 510.2 507 504.4 500.7 501.5 497.3 493.9 492.7 490.9 489 487.9 485.5 488.7 490.4 492.1 492.1 491.6 489.5 488.6 489.1 489.3 487.9 487.1 486.6 486 485.9 485.5 484.1 485 485.8 485.5 484.8 483 482.5 482.4 480.6 478.1 477 475.6 476 475.1
544.8 547.4 549 550.3 551.7 552.6 553 553.2 552.6 551 548.9 545.8 542.5 537.1 531 526.8 524.8 529.1 530 530.7 530.4 530.6 528.2 525.9 524.4 524.8 526.3 523.2 522 519.9 516.9 515.9 516.3 516.4 514.9 514.2 512.6 512 508.9 506.8 506.8 504.7 500.4 497 493.1 491.3 490.4 490.4 489.7 490.9 491.9 492.2 492 492.4 490.5 490.1 489.6 488.4 488 486.6 486 485.3 483.4 482.2 480.9 479.6 481.4 483.5 482.3 481.9 481.6 480.5 478.8 478.3 477.9 477 476 475
548.2 549 550.4 551.3 553.1 553.8 553.1 552.7 551.3 549.9 547.7 544.5 540.7 533.6 528.6 524.6 522 527.6 528.2 529.4 529.3 527.3 524.1 522.6 523.3 522.6 521.1 518.8 516.8 514.4 513.1 513.1 514.8 515.6 515.1 515.1 515 514.3 510.7 509.7 509.4 507.3 504.3 500.6 495.3 492.6 492.6 493 493.9 495.8 497 495.8 494 493.6 494 493.9 491.2 489.8 488.7 486.8 485.7 484.9 484.7 483.2 479.3 477.9 477.9 478.9 478.7 478.5 478.5 477 476.6 478 479 477.4 475.9 475.4
549.6 550.6 551.8 552.8 553.5 554.4 552.9 552.2 550.6 547.8 545.3 541.9 537.6 532.7 527.6 522.7 524.1 526.5 525.8 525 524.1 522 521.1 521 520.1 518 515.1 512.7 510.4 510.9 510.3 511.5 513.5 515.3 516.1 517.8 521.3 518.4 512.6 511.4 510.7 508.2 506.8 503.5 498.1 495 496.2 498.1 498.8 500.7 501.8 500 498.4 498.6 502.3 499.1 493 492.2 491.4 488.9 486.8 486.2 486.1 484.2 480.8 475.6 474.6 476.3 476.7 475.7 475.8 474.8 475.6 476.8 477.9 476.7 474.8 475.1
550.5 551 552.8 554.5 553.9 554 552.5 551 549.2 547.3 544.1 540.3 535.7 531.3 527.5 519 522.9 523.6 521.8 520.4 519.9 519.3 519.7 518.4 514.5 511.9 509.5 507.3 507.4 508 509.4 511.2 513.1 516.2 519.4 522.9 520 516.6 512.4 512.2 510.9 508.2 507.3 505.2 502.7 501.8 502.4 503.1 503.1 504.2 503.6 502.3 501.8 501.5 501.8 500.8 494.1 492.1 490.9 489.2 487.1 485.8 484.9 483.5 480.6 476.6 472.2 474.2 474.5 473.1 473.1 472.9 473.9 475.1 475.9 473.7 471.7 471.2
550.8 551.2 553 553.7 553.7 553.2 551.6 549.8 547.6 545.3 541.4 536.8 532.8 530.8 527.1 522.4 509.4 515.9 515.3 515.9 516.6 517.7 518.3 514.4 509.6 506.2 505.5 504.1 504.9 505.9 508.6 511.5 515.9 519.8 520.1 519 516.5 513.2 510.8 510.9 509.5 508.5 508 507.7 506.7 506.8 507.5 507.8 506.4 505.4 504.5 504 503.5 502.4 500.4 498.5 492.8 490 488.4 485.7 483.7 482.8 481.8 481.2 478 473.4 470.3 470.3 469.6 470.7 471.5 471.4 471.2 472.2 472.8 470.4 468.8 467.7
550.1 550.7 552.2 552.7 552.6 551.7 549.7 547.6 544 540.2 536.2 532.7 530.1 528.7 525.6 522.4 503.1 500.1 500.6 507.3 513.7 514.8 514.9 507.4 502.7 501.2 501.5 500.3 503.1 505 508.9 513 516.1 515.6 515.6 515.5 515.1 513 509.8 509.1 508.6 507.6 507 508.9 511 511.5 511.6 511.7 509.8 507.1 506.3 505.9 505 502.4 500.4 498.1 492.7 488.8 485.2 482.8 480.2 478.9 477.6 476.6 473.9 469.8 468.6 469.1 469 469.4 470.2 470.4 468.5 469.1 469.5 467.2 465.8 465.8
549.7 549.8 550.9 550.9 549.8 548.5 544.7 541.1 537.7 533.8 531 528.7 527.6 526.2 524.2 521.6 506.4 499.3 492 500 508.2 509.1 505.8 499.7 498.5 497.8 498.1 499.3 501.5 505.6 512.3 511.6 511 510.8 511.8 514.9 516.1 512.5 509.4 508.4 507.8 507.3 506.6 510.3 512.5 513 513.6 514.7 513 509.7 508.8 507.3 505.8 503.3 499.4 495.9 491.2 485.3 481.9 478.7 475.6 474.3 473.3 471.8 469.5 467.8 465.7 465.2 467.7 468.1 470 469.8 466.8 466 466.2 464.1 462.8 463
548.7 548.6 549 547.4 545.5 541.2 536.6 533.1 530.4 528.8 527.7 526.3 524.8 523.4 520.8 517.7 502.3 498.1 493.8 488.5 496.8 501.1 497.8 494.2 494.1 494.5 496.5 498.1 501.3 507.3 508.4 507.6 506.9 508.4 510.6 513 513.9 511.3 509.4 508 507.4 506.3 505.2 506.9 508.1 510.3 512.4 515 514.3 510.9 508.7 507.2 505.7 503.5 498.5 493.8 488.7 482.1 477.1 473.1 470.7 468.9 469.1 469.1 468 466.6 463.6 463.9 465.8 466.5 469.2 467.2 464 462.3 461.4 459.3 458.4 459.5
545.8 543.9 543.6 540.7 536.6 532.3 529.4 527.1 526.5 525.9 524.9 523.5 521.3 518.5 515.1 511.9 505.3 495.3 491 485.5 485.6 494.1 492.1 490.4 491 490.8 491.5 495.6 501.8 504.4 504.4 503.9 505 506.9 511.8 510.6 510.8 510.8 510.5 508.6 507.3 506.2 503.6 504.7 504.3 505.2 506.6 510.2 511 507.9 506.4 505.1 503.7 502.3 496.9 490.9 485.2 478.2 473 468.5 466.2 465.8 466.6 466.9 465.9 464.6 461.4 460 462.3 464.7 465.2 463.5 461.1 459 456.6 454.5 454.2 455.7
534.8 533.3 532.6 529.9 527.8 526.3 524.1 523.2 523.2 522.4 520.4 518.5 516.4 513.5 510.1 507.3 503 494.9 489.3 483.3 475.5 487.8 487.1 486.3 486.5 487.5 489.7 495.9 501.3 499.2 499.5 501.2 503.6 508.9 510.5 509.9 509.9 510.5 511.1 510.6 508.4 505.6 503.9 499.8 502.4 502.3 501.5 504 505.3 504.7 503.4 502.3 500.9 499.5 494.7 487 479.8 474.7 469.4 465.9 464.4 463.9 464.1 464.5 463.7 461.5 459.4 457.4 458.4 458.6 459.4 459.1 456.8 453.9 452.4 450.5 450.3 451.9
525.2 523.1 523.4 523.7 523.4 522 520.7 519.9 518.6 517 514.1 511.6 510.5 508.5 505.3 502 497.6 489.8 483.7 481.2 474.6 475.1 481.8 481.8 482.6 483.9 486.8 494.6 496.1 495 496.9 499.4 502.6 505.3 508.5 509.2 509 509.6 511.3 511.4 509 505.1 503.6 502.6 501.9 499.7 497.3 500.5 501 501.6 500.9 499.5 497.7 495.5 488.7 483.1 475.4 470.8 467.3 464.4 462.4 461.2 461.3 461.9 459.9 457.7 456.3 454.8 453 452.4 451.8 452.1 451.9 449.7 448.3 447.3 447.1 447.3
519.3 519.4 519.6 519.8 519.9 518.3 516.2 515.1 511.4 509.4 508.1 505.3 503.4 501.8 499.3 496.6 493 485.7 479.7 475.6 470 471.2 475.6 477.1 478.4 479.9 483.9 492.5 492.5 492.3 495 497.7 499.6 503.2 506 507.2 508.2 509.2 511.5 510.2 507.6 505.1 503.5 502.5 502.2 499.6 497.3 498.8 499 498.6 497.8 496.6 494.1 490.2 484.1 478.6 472.6 469.7 466.3 463.2 460.1 458.3 457.7 457.8 456.8 455.2 453.3 451.4 450.2 450.3 448.2 443.6 440.6 442.7 443.3 443.3 442.7 442
