data/NZ05.asc
ncols 200
nrows 200
xllcorner 400000
yllcorner 550000
cellsize 50
[rows 140 to 174 of 200, columns 79 to 157 of 200]
274.6 275.8 274.9 274 273 271.6 270 268.3 266.7 265.2 264 263 261.8 258.6 255.2 252 248.2 244.5 240.8 237.1 232.8 227.9 224.7 222.2 219.6 217.3 215.3 214.2 213.1 211.9 210.7 210.4 208.4 206.9 206.1 206.5 204.7 202.2 200.8 199 196.3 187.8 192.2 193.2 192.8 191.6 189.1 185.3 179.3 173.9 170.8 168.7 169.1 168.9 168.6 168.9 167.7 167.4 167.7 161.9 162.1 162.4 163.7 166.6 166.1 163.5 156.6 152.5 147.5 145.5 144.8 144.8 144.8 144.5 146.6 150.4 152.6 153 153.4
275.2 276.4 276.5 275.5 274.4 272.6 271 269.3 267.7 266.4 265.2 264.2 262.4 259.6 256.2 253.6 250.2 246.3 242.3 237.7 233.1 228.2 224.4 221.8 219.4 217.2 215.1 213.3 211.9 210.6 211 210.7 208.6 205.9 205.6 205.8 204.3 200.6 200.8 195.7 192.2 195.9 197.3 196.7 195.3 193.3 191.3 189 185.6 184 184.1 181.6 177.4 173.1 170.3 167.8 165.2 163.3 163.7 159.8 157.9 154.1 153.6 154.2 154.6 148.5 144.4 144.7 142.4 139.4 138.4 135.6 135.4 134.2 135.3 139.7 144.3 146.3 151.1
274.5 276 277.3 276.6 275.6 273.7 272 270.3 268.8 267.6 266.5 265.3 262.8 260.2 256.9 253.4 250.4 247.6 243.3 238.4 233.5 228.5 224.6 221.9 219.8 217.7 215.1 213.4 211.3 209.7 209.3 210 206.5 204.1 204.3 203.1 200.6 198.8 196.7 197.8 201.4 201.1 199.3 198.2 196.8 194.8 193.8 192.9 191.1 190 189.3 188.4 185.6 182.3 176.5 173.7 172.1 168.3 165.6 164 161.9 158.4 155.8 152.7 151.4 152.3 155 157 154.7 154.5 150.3 147.1 144.2 136.1 132.5 131.9 133.5 136.9 145.1
273.4 275 277.2 276.9 276.4 275.1 273 271.4 270 268.8 267.7 265.6 263.2 260.7 257.5 254.2 251.1 248.3 244.7 240.5 235.9 229.7 225.5 222.8 220.5 218.4 215.2 213.4 211.7 210.1 209.1 208.7 208.1 207.4 206.6 206 205.4 205.8 205.5 205.7 205.4 203.8 202.2 199.9 198.2 197.3 196.4 195.3 194.1 193.1 192.1 191.8 189.8 187.8 185 182.3 179.9 176 172.4 171 168.5 164.9 163.9 164.8 163.6 161.7 160.5 161.6 160.4 158.5 157.9 156.2 150.2 145.2 140.4 132.4 129.7 128.8 130
273.2 274.6 276.6 277.1 276.8 276.4 274.4 272.4 271.2 269.9 268.6 266.1 263.6 261.1 258.3 255.2 252 249 246 241.7 237.5 231 226.9 224 221.3 219.2 215.5 213.5 212.5 211.4 211.5 210.2 209.8 209.3 208.8 208.3 207.9 208.2 208.7 208.2 207.1 205.8 204.5 203.6 201.3 199.4 198.1 196.9 195.7 194.6 193.7 193.1 192.1 190.7 189.3 187.8 184.9 181.6 178.4 176.2 173.5 172.3 169.9 168.2 165.7 163.2 161.6 160.8 160.6 159.4 158.7 156.2 154.6 152.2 150.5 147.4 137.4 130.2 125
271.6 273.8 275.5 276 276.4 276.9 275.5 272.8 271.5 270.2 269.5 266.7 264.2 261.7 259.2 256.5 253 249.8 246.9 243 238.1 232.6 230.2 226.5 222.8 219.7 217.1 215.6 214.7 213.5 212.2 211.7 211.3 210.8 210.3 209.8 209.9 210.3 210.5 209.1 207.9 207 206.8 206.3 204.9 203.1 200.9 199.4 198.3 197.7 196.5 195.7 195.1 194.1 192.6 191.1 189.6 186.4 183.3 180 176.9 174.3 171.9 169.2 166.6 165 163.4 161.8 160.8 159.6 157.4 156.8 155.9 153.6 151.3 149.4 140.7 134.9 128.2
270 272.9 274.1 274.5 275.1 275.8 275.8 273.1 271.8 270.8 270.2 267.4 264.9 262.4 259.9 257.8 254.9 251.1 247.7 244.2 238.6 234.3 232 229.6 225.8 222.9 220.1 217.8 216.9 215.6 214.3 213.1 212.8 212.4 211.9 211.9 211.9 212.3 211 209.9 208.8 208.8 208.8 208.4 207.3 206 204.3 202.5 201.6 200.7 199.7 198.6 197.7 196.7 195.2 193.7 192.2 189.5 187.6 184.2 180.9 176.7 173.4 170.6 168 166.3 164.6 162.9 161.2 158.8 157.6 156.4 155.2 153.9 152.3 151.2 147.5 144.6 140.1
268.3 271 272.8 273.5 274.2 275 275.5 273.5 272.2 271.6 271 268.3 265.6 263.1 260.5 258.2 256.5 253.4 249.6 245.6 241.8 237.5 233.2 230.7 228.1 225.8 223.3 220.9 219 217.8 216.6 215.5 214.3 213.9 213.8 213.9 214 213.7 211.8 210.7 210.7 210.7 210.2 209.5 208.3 207.5 206.4 205.1 204 202.8 201.7 200.7 199.7 198.7 197.4 195.9 193.3 191.3 190.1 187.1 184 179.5 175.2 172.1 168.9 166.9 165.1 163.4 161.6 160.2 159.3 158.1 156.9 155.6 154 153 153.1 151.3 149.3
265.9 268.5 271.8 272.7 273.4 274.1 274.6 273.8 272.9 272.3 271.7 269.3 266.3 263.7 261.2 258.7 256.8 255.1 251.7 247.3 243.4 239.6 235.7 232.3 230.3 228 225.6 223.6 221.7 220.4 219.2 218 216.8 215.7 215.4 215.7 215.9 214.3 212.7 212.5 212.1 211.5 211 210.3 209.4 208.5 207.6 206.6 205.7 204.6 203.5 202.6 201.6 200.7 199.6 197.6 195.8 194.2 192.5 189.6 186.8 182.8 177.2 173.3 170.1 167.7 165.8 163.9 162.1 161.3 159.8 158.9 158.1 157.2 156.1 154.6 154.5 152 148.5
263.2 266.4 270.3 272 272.6 273.4 273.9 274.3 273.6 273 272.4 270.3 266.9 264.4 261.9 259.3 257.2 255.5 253.2 249 245.1 241.5 237.9 234.8 232.6 230.5 228.6 226.7 224.8 223.4 222 220.7 219.3 218.1 217.6 217.2 216.4 214.7 214 213.4 212.8 212.3 211.7 211 209.8 208.7 207.7 207 206.2 205.2 204.6 203.8 202.9 202.1 201.2 199.8 197.8 195.9 193.9 191 188.4 184.6 179.3 175.2 171.3 168.6 166.6 164.6 162.7 161.2 159.6 158.4 157.5 156.6 155.8 155.9 155.9 151.8 147.6
260.9 265.3 268.7 271 271.9 272.9 273.6 274.2 274.6 273.9 272.9 271.7 268.7 265.5 262.8 260.2 257.6 256.1 254.2 249.9 246.1 243.4 240.1 237.2 235 233 231.3 229.8 227.8 226.3 225.4 224.2 222.6 220.9 219.6 219 218.5 217.1 215.4 214.2 213.6 213.1 212.4 211.3 210.1 208.8 207.9 207.2 206.6 205.9 205.3 204.5 203.3 202.2 201 199.6 197.8 196.1 194.1 191.4 188.5 185.3 181.4 177.2 173.1 169.5 167.5 165.2 162.9 161 159.4 157.8 156.9 156.1 155.3 155.7 154.4 149.8 146.5
259.2 263.1 266.2 269.3 271.2 272.2 273.2 273.8 274.5 274.6 273.6 272.6 271 267.4 264.3 261.6 259.1 257.3 255.1 250.2 245.6 243.3 242.1 240.7 238.6 236.5 234.7 232.9 231.5 229.7 228.8 227.7 226.1 224.7 223.3 221.9 220.8 219.4 217.7 216.1 214.4 213.9 212.8 211.6 210.3 209 207.6 206.7 205.8 205.8 204.9 203.6 202.4 201 199.5 197.8 196.1 194.7 192.7 190.3 187.8 184.6 181.6 177.7 173.8 170.2 167.8 165.6 163.3 160.8 159.2 157.6 156.4 155.5 154.8 153.9 152.3 149.4 146.1
257 260.9 264.8 267.3 269.8 271.3 272.2 272.9 273.5 274.6 274.6 273.6 272 269.8 266.1 263.1 260.6 258.8 257.7 255.2 252.3 247.3 245.2 243.7 242.2 240.1 238.1 236.9 235.5 234 232.3 231.2 229.8 228.4 226.8 225.6 224.6 222.7 220.4 218.7 216.6 214.2 212.8 211.5 210.1 208.6 206.3 205 205.1 205.1 203.3 201.8 200.6 199.2 197.7 196 194.4 193.5 191.2 188.9 186.3 183.4 180.4 177.8 174.4 170.8 168 166.1 163.8 160.7 159.1 157.5 155.9 155.3 154.4 152.3 150.8 148.5 144.9
257.3 261.5 263.4 265.9 268.4 270.6 271.2 271.9 272.6 273.7 274.8 274.5 273 271.2 268.6 264.8 262.1 260.9 260 259.2 256.7 253 250 248 246 245.2 244.3 240.3 237.7 236.6 235.7 234.7 232.9 231.1 229.7 228.3 226.7 224.5 222 219.3 216.7 214.4 212.6 211.2 209.9 207 205.3 203.6 203 202.4 200.7 199.5 198.4 197.2 195.9 194.3 193.2 192.2 189.8 187.4 184.8 181.4 178.3 175.7 173 170.6 168.5 166.6 164.3 161.1 158.9 157.3 155 154.4 153 150.8 149.2 147.1 144.3
255.7 259.2 264.1 266.5 268.3 270.4 270.4 270.9 271.8 272.8 273.9 275 274.1 272.2 270.4 267.4 264.2 263.2 262.4 261.5 260.7 258 255 252.9 252.9 251.3 249.6 244.8 241.7 238.4 237.5 236.7 235.4 233.3 231.3 229.5 227.5 225.3 223.2 219.6 216.9 214.5 212.7 211 209.1 205.9 204.3 202.5 200.1 199.5 198.4 197.3 196.2 195.1 193.9 192.9 191.9 190.8 188.4 186 182.9 179 177.4 175 172.6 170.2 168.4 166.6 164.1 161.3 158.6 156.2 153.8 152.6 151.2 149.7 147.7 145.8 142.9
251.6 255 258.4 265.3 268.1 268.2 269.2 269.9 270.9 272.2 273.4 274.7 274.6 273.9 271.9 269.6 267 265.4 264.4 263.5 262.5 259.9 257.9 257.5 256.3 254.6 253.4 251.2 246.7 242.6 239.8 237.7 236 234.3 232.2 230.2 228.2 226.4 224.3 219.8 216.7 214.3 212.3 210.7 207.6 204.8 203.3 201.5 198.7 198.1 197.1 195.9 194.8 193.7 192.8 192 190.8 189.6 187.4 185.3 181.3 177.4 176 174.6 172.2 170 168.1 165.5 163.4 160.6 158.7 156 152.7 150.7 149.4 147.9 146.3 144.5 141.6
248.4 251.9 255.3 258.1 261.1 263.3 265.5 267.7 269.4 271 272.6 273.8 274 273.6 272.6 270.2 267.7 266.8 266 265.1 263.8 261.9 261 259.6 259.1 258.6 257 254.8 251.6 247.9 243.6 239.9 235.9 233.7 232.6 230.4 227.7 224.9 222.3 219.6 216.2 214.1 211.8 209.4 206.1 203.4 201.8 200.2 198 196.9 196.2 194.8 193.5 192.4 191.9 191.1 189.8 188.5 187 184.5 180.7 176 174.4 173.5 171.9 169.6 166.8 164.9 162.7 160.8 158.8 155.8 151.6 148.5 147.3 146.1 144.7 143 140.3
245.3 248.8 251.9 255 257.7 260.2 262.4 264.6 266.9 268.7 270.2 271.1 272.1 272.7 272.1 270.5 269.1 268.3 267.3 266.3 265.3 264.4 263.5 262.6 261.7 260.8 260 257.7 254.4 251 246.8 241.8 237.8 234.3 232.4 230.8 227.5 223.4 220.6 217.9 215.1 212.7 210.3 207.9 205.2 203 200.8 198.8 197.2 196.1 195.1 193.9 192.3 191.4 190.9 190.4 189.1 187.9 186.3 183.6 180.1 175.4 172.3 171.2 171 168.3 165.7 164.2 162.6 161.1 158.9 155.8 151.2 146.7 145 143.8 142.6 141.4 139.3
241.3 245.6 248.8 251.5 254.2 256.8 259.3 261.5 263.8 266 267.9 268.7 269.6 270.3 270.8 270.8 270.2 269.2 268.2 267.2 266.2 265.2 264.1 263.7 262.8 262.1 261.5 260.4 257.2 254 248.5 243.8 238.1 235.6 233.5 230.9 226.8 222 219.3 216.3 213.6 211.2 208.8 206.6 204.8 202.6 200.4 198.2 196.7 195.1 193.5 192 190.4 189.8 189.7 190.8 189.3 187.1 184.9 182.3 179.1 174.5 170.7 168.7 167.6 165.3 162.3 162.1 161.3 160.5 158.7 155.6 151.8 146.9 143.7 142.7 141.6 140.6 138.3
236.8 241 245.3 248 250.6 253.3 255.9 258.4 260.5 262.6 264.7 266.5 267.1 267.8 268.7 269.8 270.2 270.1 269.1 268.1 267.2 266.1 265 263.8 263.3 262.2 261.2 260.4 257 255.5 249.3 243.8 238.9 235.4 232.3 229.7 225.9 220.7 217.7 214.5 212 209.6 207.8 206.2 204.3 202.1 199.9 197.9 196 194.4 192.7 190.9 189.2 189.1 189.4 189.3 189.1 186.8 184.5 181.6 176.6 171.1 166.1 164 162.3 159.7 154.1 153.4 152.4 152.4 153.2 152.7 150.4 146.8 143.7 141.8 140.8 139 136.6
232 236.7 241.8 244.5 247.1 249.7 252.1 254.5 257.3 259.4 261.5 263.4 264.8 265.6 267 268.1 269.1 269.7 269.6 268.7 267.6 265.9 264.9 263.8 262.9 261.3 261.1 259.4 255.2 253 249.3 243.1 238.5 234.9 231.7 228.4 225.3 220 215.9 212.9 210.7 209.1 207.4 205.8 203.9 201.7 199.4 197 194.7 193.7 192.1 190.3 189 189.2 188.3 186.4 187 187.6 185.1 182.6 179.1 174 168.6 164 158.4 153.8 152.7 151.7 144.8 144 145.1 142.6 142.6 145.6 144 141.6 139.6 137.2 134.9
227.7 232.6 237.9 240.3 242.6 244.9 247.3 249.6 253.1 255.9 258.4 260.3 261.7 263 264.2 265.3 266.6 267.7 268 267.3 266.1 264.9 264 263.2 262.1 260.3 258.6 256.9 253.3 250.7 248.2 243 237.7 234.5 231.2 227.7 222.9 217.9 214.4 211.9 210.3 208.7 207 205.4 203.4 201.2 198.1 195.5 194.4 193 191.4 190.5 191 189.9 185.6 184.4 185.3 185.3 184.9 182.5 179.3 173.7 169.6 164.4 158.7 163.6 162.8 158.6 154.7 150.3 142 139.3 137.2 136.2 141.1 140.4 137.2 135.3 131.4
224.2 229.1 233.3 235.6 237.8 240.1 242.5 244.8 248.7 251.5 254.3 257.1 258.3 259.5 261.3 263 263.8 264.6 265.1 265.4 265.4 264.7 263.3 261.8 261.3 259 256.5 254.7 251.1 248.5 246.3 241.6 237.3 234 229.7 225.2 221.4 217.7 214.2 212 210 208.3 206.6 205 203 199.6 196.8 194.6 194.2 193 191.3 189.3 189.2 186.9 184.6 182.5 179.1 178.4 177.2 176.7 175 167.5 164.1 160.4 166.7 168.9 166.3 162.9 160 156 150.9 145.8 141.4 136.5 134.1 131.2 130.8 130.3 129.6
221.3 225.2 228.7 231.1 233.2 235.4 237.6 240 243.8 247.3 250.2 253.2 254.7 256 258 259.8 261.3 261.8 261.9 262.1 262.1 261.7 260.8 259.3 259.4 257.5 255.5 253.2 249.9 247 244.3 239.8 236.2 232.9 229.2 225.5 221.7 218.1 214.5 212.2 210 208.1 206.4 204.7 201.7 198.8 197 195.2 194 193.5 192 190.4 190 189.9 188.1 186.8 185.6 182.7 178.6 177 174.6 174.3 169.4 164.7 170.3 171.4 169 165.4 161.8 157.7 153.6 150.2 145.6 141.1 138.1 134.8 129.8 128.6 126.4
218.7 221.4 224.1 226.6 228.7 230.8 233 235.2 237.5 239 240.9 246.2 250.8 252.1 253.9 255.6 257.4 259.2 259.8 259.4 258.6 258.9 260.1 259 256.9 254.5 253.9 250.8 247.5 244 241.5 238.3 234 231.3 227.7 224 220.9 220.6 216.8 213.2 210.9 209 206.2 204.4 202.7 200.4 198.6 196.8 195.5 194.4 193.7 192.1 191.6 191.2 190.8 190 188.6 187.3 186 184.8 182.4 179.1 172.6 169.6 172.8 173.3 170 166.4 162.1 159.1 155 152.4 149.4 145.2 142.7 138.6 136.1 130.4 128.4
214.5 217.1 219.7 221.9 224 226 228.3 230.6 231.7 230.9 232.4 235.3 241.9 246.5 249.8 251.2 252.3 253.3 255.7 256.4 254.7 254.9 255.8 255.1 254.5 253.1 251 248.5 244.7 241 238.1 236.2 231.9 229.3 226.3 222.8 221 219 218.1 214.2 212.3 210.7 208.7 206.1 204.7 202 200.1 198.8 197.5 196.2 194.8 193.8 193.2 192.6 192.1 191.4 189.7 188.9 188 187.2 185.7 182.1 174.9 172.8 180.1 173.7 170.8 166.4 162.5 159.6 156.4 153.1 149.8 147.3 142.6 139.6 135 133.7 132.4
211.8 213.8 215.4 217.3 219.4 221.7 224 226.2 227.6 227.1 225.7 228 230.4 236.5 241.1 245.2 246.2 247.6 249.6 252.1 253.7 253.4 253.7 253.2 252 250 247.9 245.8 244.6 238.7 234.8 232.8 229.8 227.8 225 223.1 221.6 220.6 219.2 214.7 213.2 212.4 211 209.1 206.9 203.5 202.1 200.7 199.4 198.1 196.8 195.5 195.1 194.5 193.1 192.3 191.3 190.4 189.5 188.7 187 183.1 176.6 175.9 181.3 174.7 170.6 166.9 163.1 159.8 156.6 153.6 150.4 147.3 143.9 139.4 139 137.1 133.4
208.9 210.9 212.3 213.8 215.8 217.7 219.7 221.7 224.2 226.3 223.3 223.8 226.8 230.7 233.5 237.3 240.2 241.7 244.2 246.7 249.4 252.2 252.1 251.9 251.2 249 246.5 244.2 243.6 237.7 233.8 231.3 229 229.2 226.4 223.9 221.5 219.7 218.8 216.5 214.6 214.1 213 211.1 209 206 204.6 203.4 202.1 200.8 199.6 198.2 196.6 196.5 195.1 193.9 192.8 191.9 191 190.3 188 184.3 179.4 179.1 181 177.5 172 168.4 163.9 159.9 156.8 153.8 150.8 146.4 144 141.9 141.2 137.4 133.9
206.1 207.9 209.3 210.7 212.3 214.2 216.2 218.7 221.5 223 220.9 220.6 223.8 227.4 229.8 232.2 234.7 237.6 240.2 242.6 246.9 250.1 250.7 251.2 250.4 248.2 245.5 244.1 241.3 239.9 235.2 233.6 231.4 230.4 228.1 225.6 223.1 220.6 219.1 217.7 216.2 215.7 214.8 213 210.8 209.2 207.5 206.2 205 203.7 202.3 200.7 199.2 197.8 197 195.9 195 193.9 192.7 191.4 189.2 186.3 181.6 179.1 181 178.9 173.5 169.6 164.9 159.9 156.9 153.9 150.5 146.6 145.5 144.6 141.3 137 134.8
203.3 204.9 206.5 208.5 210.2 211.3 213.6 216.2 218.7 218.3 217.4 218.3 220.9 224 227 230.1 232.9 235.2 237.6 240.2 242.6 245.9 248.9 249.1 248.9 247 244.8 242.1 240.2 239.2 236.9 235.2 232.7 231.3 229.2 226.4 223.8 221.3 220.3 219.4 218.1 217.3 216.1 214.9 213.2 212 210.3 209.1 207.8 206.5 204.9 203.3 201.8 200.2 198.9 198 197.2 196.1 194.9 193.4 191.4 188.3 183.9 179.8 180.8 179.2 174.5 171.2 166.8 162.3 158.3 154.4 150.8 147.5 145.8 144.7 141.4 139.3 139.2
201.9 203.4 205.4 207.3 208.8 209.6 211.5 214.1 216.6 216.9 215.5 215.8 219 222.2 225.6 228.7 231.5 233.8 235.1 236.1 237.7 241.1 245 246.6 246.7 245.8 245.6 243.3 240.7 239 237.5 235.7 233.2 231.5 229.5 227.2 224.6 222.5 221.5 220.6 219.6 219 218.1 217.2 215.9 214.7 213.2 212 210.6 209.1 207.5 205.9 204.3 202.6 202.7 200.9 199.3 198.3 196.8 195.3 193.7 190.6 186.2 182.7 181.4 181.2 177.9 173.6 169.5 165.3 161 156.2 152 148.7 146.5 144.2 141.2 139.4 139.9
201.1 202.3 204.2 206.1 207.3 207.9 209.7 212 214.5 215.7 214.3 214.3 217 220.2 223.5 226.9 229.8 231.3 232.7 233.8 235.7 236.2 239.8 244.8 244 245.3 245.4 243.6 241.2 239.2 237.5 235.7 233.7 231.7 229.7 227.7 225.3 223.7 222.7 222 221.2 220.7 220.4 220.2 218.9 217.5 216.2 214.8 213.2 211.6 209.8 208.1 206.4 206.9 206.9 205.1 202.9 200.6 198.9 197.3 195.8 192.6 189.1 184.4 184 183.3 180.7 175.9 171.6 167.3 163.1 157.5 153.2 149.8 146.8 144.5 142.3 140.1 140.8
200.4 201.5 203 204.8 205.4 206.3 208 209.9 212.5 214.1 213.1 214 215.6 218.4 221.5 224.9 227.9 229.8 230.4 231.8 232.6 233.9 237.3 240.3 243.5 244.9 244.7 242.9 241 239.7 237.8 235.9 233.9 232 230.1 228.2 226.3 225.1 224.3 223.5 222.7 222.2 221.9 221.9 220.8 219.6 218.5 217.1 215.3 213.6 211.9 210.1 210.8 210.4 210 208.2 206 203.7 201.7 200 196.8 193.6 191 186.3 187 186.3 182.7 178.1 173.4 169.1 164.9 159.7 155.1 151.2 148.5 146 143.9 141.7 140.8
199.7 200.8 201.9 203.2 203.5 204.6 206.4 208.1 210.4 212 211.9 213.4 214.8 217 219.6 223 225.5 227.4 228.1 228.1 228.3 229.6 232.3 236.3 241.1 242.9 242.9 242.1 240.2 240.7 239.7 237.9 236.1 234.3 232.4 230.5 228.7 226.8 225.9 225 224.2 223.7 223.7 223.4 222.4 221.3 220.1 218.9 217.4 215.7 214.1 214.2 213.8 212.5 211.2 210 208.1 206.2 204.3 201.4 198.4 195.7 193 188.6 188.4 187.5 184.2 179.9 175.6 171.1 166.9 162.3 158 153.8 150.5 147.6 145.2 143.4 143
199.3 200.4 201.5 201.6 201.7 203 204.7 206.5 208.3 210 211.3 212.2 213.2 214.2 217.7 220.3 222.7 224.6 225.6 225.5 226.6 223.6 225.9 231.8 236.5 240.6 240.6 240.1 240.9 239.4 239.9 238.6 237.3 236.1 234.8 232.9 231.1 229.2 227.6 226.6 225.6 225 225.5 225 223.8 222.6 221.4 220.4 219.2 218 216.9 215.6 214.3 213 211.7 210.7 209.3 207.4 205.7 203.6 200.6 198 194.5 191.3 189.8 188.8 185.8 182 178.4 174.6 169.8 165.4 160.7 156.5 153 150.1 147.1 144.6 143.1
