data/NZ10.asc
ncols 200
nrows 200
xllcorner 410000
yllcorner 500000
cellsize 50
[rows 35 to 69 of 200, columns 79 to 157 of 200]
118.2 118.3 118.9 118.3 118.8 118.1 117.5 117.5 118.3 119.1 118.7 119.5 119.6 120 121.5 123.3 123.6 124 124.8 125.3 124.7 124 124.4 126.6 125.4 126.7 128.7 128.6 129.8 130.1 126.8 131.5 130.1 131.7 132.7 134.8 136.1 140.1 143 143.8 144.9 146.2 147.3 149.6 152.7 149.3 148 147.8 148.3 150.2 152.9 157.4 161.2 164.7 169.2 172.5 175.5 176.3 176.3 176.5 175.9 176 177.2 178.3 179.6 180.2 180.1 181.5 181.3 181.8 182.5 182.8 182.9 183.1 183.6 184.7 185.3 185.8 185.8
118.2 118.1 118.5 118.1 118 117.7 117.4 117.3 116.8 117.3 117.5 117.8 118 118.6 119.2 119.6 119.3 119.8 119.9 119.7 119.8 120.7 121.4 122.1 126.6 128 128.9 129 129.7 127.1 128.6 130.4 129.1 131.2 131.9 133.1 135.8 141 146.2 146.8 145.6 147.1 146.9 148.1 147.4 145.8 145.1 144.8 148 148.8 152.1 156.3 160.2 163.4 168.2 173.1 174.5 173.8 172.7 177.9 177.4 176.6 177.6 179.1 180.5 181.2 182.3 180.4 178.8 179.9 182 183.4 184.5 184.5 184.1 183.9 183.3 185 186.1
118.5 118.4 117.8 118 117.4 117.6 117.3 117.2 116.2 116.5 117.3 117.2 117.3 117.6 117.6 117.3 116.8 116.5 116.3 116.7 117.2 118.1 118.6 119.5 125.8 129.5 129.3 129 127.6 129.1 131.4 130.9 128.9 130 131.2 132.4 136.5 141.4 145.9 148.9 149.1 148.4 146.7 145.8 145.3 145 144.4 145.7 146.5 146.9 150.4 153.9 160.3 162.8 165.9 170.8 177.3 177.8 179.6 179.9 179.1 179.1 179.6 180.3 181.8 182.8 181.6 178.4 178.1 179 181.7 183.8 184.2 184.8 184.5 184.2 182 181.8 183.1
121.2 119.9 121.7 119.1 118.1 117.7 117.3 116.1 115.8 116.2 116.9 117.5 117.5 117.3 116.2 115.8 115.7 115.5 115.3 115.1 115.2 115.9 116.6 118 121.8 129.2 128.7 128.2 123 128.5 131.8 131.8 128.8 128.4 130.1 132.3 134.4 139 144 146.9 148.7 148 146 144.9 144.7 145.2 144.1 145.8 146.4 146.9 148.8 153.1 158.1 161 164 165.9 169.9 173.9 176.7 179.7 181.1 179.4 178.9 180.4 180.4 180 178.4 177.8 177.6 178.4 180.2 182.5 184.5 185.8 185.1 184.1 182 179.9 180.1
122.6 124 124.6 122.7 121.2 121.1 121.1 120 117.6 116.6 115.8 116.7 117.2 116.4 115.6 115.6 115.5 115.3 115.1 115 115 115 115.6 116.6 119.1 125.4 127.7 123.5 127.6 129.5 131.6 129.7 128.3 128.8 130.5 131.5 133.6 135.8 139 141.2 145.1 145.9 145.3 144.1 144.1 143.4 141.4 144 146.1 146.3 148.3 151.4 155 160.8 162.4 165.2 167.3 170.2 172.5 176.4 178.7 178.2 178.4 178.9 178.9 178.2 178.3 177.7 177.9 179 180.6 181.4 184.1 186.7 185.5 183.6 181.4 179.5 178.7
124.5 124.5 127.8 128.9 126.9 123.9 123.4 123 121 119 118.7 117.9 115.3 116.7 114.8 115.7 115.3 115.1 114.9 114.9 114.8 114.8 114.9 115.8 117.1 120.3 124.2 124.1 127.2 129.4 129.7 127.4 127.9 132.4 133.7 135.6 136 133.5 136.2 139.1 143.5 144.9 144.5 143.3 142.3 141.2 141.6 142.2 144.5 145.2 148.1 151 154.3 159.2 162.3 166 167.8 169 172.1 177.7 181.7 182.5 182.1 179.3 178.7 178.6 178.6 181 182.7 183.4 183.3 183.3 184.5 186.2 185.6 183.1 180.6 179.3 178.5
122.8 124.4 126.3 129.2 130.4 127.7 126.4 125.9 124 121.8 122.2 121.6 119.6 117.6 117 114.7 115.2 114.9 114.8 114.7 114.7 114.6 114.7 115.9 116.9 118 120.2 125.4 127.1 127.5 126.8 125.6 128.6 132.6 134.3 136.4 135.7 134.3 135.6 137.6 141.2 143 142.6 141.5 139.3 140.9 141.5 141.7 143.5 145.5 147.5 149.5 153 158 162.5 166.6 169.5 171.6 175.2 178.3 184.3 186 185.8 183.7 180.5 180.9 182.7 188 191.8 188.8 186.2 186 187.3 187.2 186 183.2 180.6 178.3 177.6
123.2 125 125.4 127.4 129.1 129.8 127.8 126.9 125.9 124.9 125.7 123.4 122.4 121.4 119.3 117.6 115.9 114.8 114.6 114.6 114.5 114.5 114.4 116.2 117 117.6 118.6 123.6 125.6 125.4 124.4 123.5 125.4 130 132.7 134.9 135.5 134.6 133.9 135.2 138 140.7 140.4 138.2 140.2 141 141.3 140.9 141.4 145 147.8 149.1 150.9 157.5 162.1 165.8 168.8 174 175.5 177.1 181.9 186.8 188.7 188 185.4 184.1 186.4 190.2 200 208.8 196.1 191.2 189.4 189.3 186.2 182.8 180.2 177.8 176.4
124 124.9 123.8 124.6 126.4 128.5 128.8 128 127.1 126.2 124.9 124.7 123.9 121.9 120.5 118.8 117 116.4 115.4 114.8 114.7 114.6 114.4 114.8 115.7 116.8 118.1 121 125.6 122.9 123.6 124.5 123.7 124.5 128.7 132.5 134.6 135.2 132.8 133.6 137.4 140.3 138.5 136.5 137.2 139.5 139.9 139.5 139.7 141.6 145.8 147.6 150.3 155.6 159 164.1 171.8 174 175.3 178.8 180.9 183.1 188.2 189.7 188.2 186.4 186.3 188.7 193.8 200.2 200.7 194.3 189 186 184.8 182.1 179.5 177.2 176.1
122.1 124.5 123.6 123.8 124.7 126.4 127.1 126.4 125.7 124.7 123.3 123.1 122.1 121.2 120.3 119.6 118.4 117.7 116.3 115.6 115 114.9 114.4 114.8 115.4 116 116.9 119.1 121.7 123.4 126.3 125.5 125.2 125 124.8 127.7 130 132.7 132.2 132.7 138.4 140.4 137.2 133.8 135 137 138.5 139.4 139.9 141.5 145.7 148.4 152.5 155.1 158.2 165.9 171.1 172.5 175.1 178.5 181.2 183.6 185 187.8 188.7 188.1 186.9 186.7 190.1 193.1 194.4 192.1 189 185.1 182.5 181.1 178.4 177.1 176.1
121.5 122.2 122.5 122.5 123 122.8 124.3 123.4 122.9 123.5 122.5 122.3 121.4 120.1 119.9 119 118.1 117.7 117.1 116.3 115.6 114.5 114.4 114.7 115.3 115.6 116.5 117.4 120.6 124.7 127.9 127 126.2 124.7 124.4 125 125.5 128.4 128.5 129.7 135.8 137.8 133.8 130.3 134.1 134.7 137.2 139.3 140.3 141.8 143.6 150.4 154.3 156.1 158.6 163.4 168.9 170.7 173.5 177.4 180.2 181.6 183.5 186.1 187.4 189.2 187.5 186.5 186.6 188.4 189 189.8 188.3 185.7 183.2 180.7 178.3 177.1 176.5
123.9 122.7 122 122.1 124.1 123.4 123 121.2 121.2 121.1 122.4 122 121.2 119.5 119.3 118.9 117.9 117.5 117 116.4 115.5 114.8 114.1 114.6 114.8 114.8 115.9 118.2 123.4 127.2 128.8 127.7 126.9 126.6 125.5 124.2 124.3 124.9 125.8 125.8 128.2 130 130.3 129.3 131.3 134 136.3 138.3 140.4 143.5 144.9 149.6 153.8 156 157.3 158.5 165.2 167.2 170.8 174.8 178 180 181.6 183.5 185.2 188.3 188.8 188.2 187.6 186.3 187.1 188.1 188.9 186.9 184.6 181.4 178.9 177.9 177.6
123.7 122.5 121.7 121.6 124.3 124.3 122 121 120.5 120.4 121.8 122.6 120.4 119.6 119.4 119.3 118.8 117.5 116.9 116.3 115.8 115.2 114.6 114.1 114.1 114.1 115.4 117.2 121.7 125.8 126.5 126.9 127.3 127.2 126.3 125 124.6 124.4 124.7 125.3 125.7 126.9 128.2 127.2 129 131.7 135.3 137.9 139.2 143 146.4 149.1 151.2 154.3 155.7 157.8 160.7 164.7 168.3 172.2 174.6 178.2 180.4 182.3 184.4 186 189.7 189.8 189.8 187.9 187.1 187 187.3 187.6 185.8 183 180.2 178.5 178.4
123.5 123.2 122.8 122.1 122.2 121.7 121.1 120.9 120.5 121.2 125.1 124.3 123.1 123.2 122.4 121.3 119.8 119.4 118.5 118.3 117.9 116.8 115.7 114.7 114.6 114.2 114.2 115.1 119.5 121.1 121.9 125 126.2 125.8 126.3 125.3 124.7 124.9 126.1 126.1 125.2 125.5 125.4 126.9 128.2 129.5 133.5 135.8 137.9 142.1 146.6 147.7 147.3 149.6 155 157.1 158.7 161.6 166.8 169.5 171.9 175.1 178.1 181.2 183.5 185 188.7 192.9 191.5 190.3 188.7 186.9 187.4 187.7 186.8 185.5 184 182 180.6
125.6 124.5 123 122.5 122 121.6 121.7 121.6 121.5 123.5 126.3 125.4 124.8 124.2 123.7 125.9 124.2 120.8 121.7 118.2 117.4 117.6 115.9 114.9 114.5 114.3 114.1 114.6 116.6 118 120.5 123.2 122.4 123.1 125.2 125.4 125.5 127.6 127.4 127.3 125.7 124.9 125.1 126 126.7 127.7 130.3 133.6 136.1 140.2 146.2 145.7 144.7 143 151.8 156.1 157.8 160.1 164.9 168.3 170.2 172.6 176.1 179.3 182 188 193.1 196.2 194.8 192.2 190.5 189 187.6 188 187.3 186.9 185.9 185.2 184
127.2 126.4 125 123 122.5 122.2 122.5 122.6 123.6 125.4 126.5 126.8 127.1 126.3 125.1 129.4 127.5 125.5 122.7 119 116.5 115.6 114.9 114.3 114.1 113.8 113.8 114.7 114.8 114.6 116.9 118.9 118.3 118.8 121.8 124.1 125.8 128.4 128.4 128.6 127.2 125.4 125 124.8 125.6 126.7 127.9 130.4 133.5 138.8 143.7 144.8 144.3 138.4 144.2 150.1 155.2 160 161.8 165.2 169.5 171.5 173.7 176.9 183.9 184.6 194.2 201 198 192.4 189.4 189.9 189.9 189.1 187.9 187.8 187.1 186.3 185.5
130.1 129.2 126.8 123.9 123.1 122.7 122.5 125.3 128.6 129.6 130.1 129.1 129.3 128.6 128.6 128.7 127.5 125.5 122 119.1 117.6 116 114.5 114.4 113.6 113.4 113.7 114.2 113.5 113.7 113.7 114.3 114.9 115.8 119 122.5 125.2 127.4 128.2 128.5 128.5 126.3 125.3 125 124.6 126.2 125.9 126.8 129.2 133.9 139.5 141.5 141.3 137.9 137.7 142.9 149.4 157.3 161 164 167.1 170.5 172.1 177.6 176.6 181.3 187.7 197.3 194.9 192.9 189.5 188.8 189.3 189.2 189 187.7 187.2 186.4 186.5
132.9 134.6 131.4 129.3 126 124.1 123.9 127.9 135.4 132.7 133.6 134 132.6 131.7 131.4 129.3 124.2 120.9 118.7 118 116.9 115.5 114.2 114.3 113.4 113.2 113.7 113.8 113.5 113.3 113.3 113.2 113.8 114.5 117.6 121.4 124.4 126.7 127 126.9 127 126.9 125.9 124.4 122.1 122.1 123.5 124.6 126.2 130.3 135 137.9 139 138.6 135.5 137 140.6 147.4 156.2 162.6 165.9 167.7 170.8 169.9 172 177.2 181.3 186.4 192.2 192.3 190.2 189.3 188.8 188.9 188.8 188.6 189 187.3 187.9
141.2 140.7 138.4 137.1 134.6 130.7 128.2 130.3 139.9 134 134.3 134.5 134 133.5 130.6 128.9 125.8 119.4 119 119.3 118.9 118.9 117.9 114.8 113.8 113.5 113.7 114 113.7 113.3 113.1 113.2 113.5 115 118 121.1 122.4 124.9 126.6 126.4 125.5 125.7 125.8 124.5 122.6 121.5 121.8 122.2 123.1 126.3 130.8 134.4 135.9 136.4 135.2 134 133.3 140.2 145.6 158.7 164.4 166.7 168.1 168.5 169.1 173 176.3 179.6 184.3 188.6 189.1 188.1 187.3 187.1 187.4 187.2 188.6 190.3 189.7
142.4 146.5 146.9 145.3 143.3 141.1 137.9 134.4 137.6 134.8 134.4 134.9 134.7 133.5 128.7 126.8 125.8 124.4 121.7 121.1 119.9 118.9 118.9 117.2 115 113.8 113.7 114 114 113.7 113.3 113.9 114.1 116.2 119.6 120.9 121.5 123.3 125 126.6 125.4 124.8 126.3 124.2 122 120.9 120.9 120.3 119.7 121.7 127.3 131.3 132.4 132.6 133.9 131.8 128.4 132.4 140.3 147.6 159.5 164 167 167.3 168 168.6 171.1 174 177.6 183 187.3 187.8 187.2 185.8 185.2 185.5 186.9 189.7 192.2
145.3 147.7 148.1 147.7 147.2 147.8 145.8 140.2 138.6 138.8 138.1 138.5 140.3 138.6 131.1 128.1 126.6 127.5 126 121.6 122.1 119.3 118.5 116.8 115.3 114.6 114.4 114.3 114.3 113.7 113.3 113.5 114 116.6 119 121.7 122.5 122.3 122.9 124.5 125 125.2 125.1 123.5 121.7 120.8 120.5 119.8 119.7 119.3 124.3 127.9 128 127.9 128.9 128.9 126.6 124.2 129.4 139.4 147.4 158.5 166.6 167.2 165.7 164.7 165.7 167.7 171.5 176.8 181.9 188.3 188.4 186.4 184.8 184.6 185.6 189.5 193.8
145.9 146.2 147 147.4 148.1 149.5 149.2 147.4 146.6 146 143.5 141.4 142 140.5 135.1 134.3 130.1 129.3 128.8 123.7 121.9 121.1 118.1 116.5 115 114.4 115.1 116.5 116 113.5 113.5 113.3 113.9 115.1 117.2 121.7 123.1 121.9 122 123.7 124.7 124.7 124.6 124.2 122.5 122.3 120.3 119.4 119.3 119.6 124.9 127.3 127.5 127.4 125.4 124.5 124.6 122.6 122 130 139.1 149.3 155.7 165.2 163.4 162.4 161.4 162.3 165.3 170.3 175.1 180.5 185.7 186.5 185.5 184.8 184.8 187.9 191.8
146.8 146.9 146.5 147.1 147.2 148.3 147.6 148 147.7 147.2 145.5 144.3 143.6 142.3 141 139.2 135.2 128.9 127.7 125.9 121.9 121.7 118.8 116.5 115.1 113.6 114.3 116 118.1 116 114.9 114.3 113.7 115.1 116.7 121.5 122 121.6 124.4 125.7 125.5 125.2 125.2 124.8 122.5 121.2 120.7 119.5 120.7 123.1 123.9 126.8 127.2 127.6 126.2 122.2 121.7 122.1 119.7 122 130 141.1 146 154.7 160.9 159.3 159.1 159.7 160.1 163.1 168.1 172.7 178.5 181.4 183.4 183.6 184 185.5 188.8
148.5 147.6 146.5 146.6 146.8 146.9 146.5 146.7 147.3 147.2 147.8 146.1 144.7 143.4 142.1 140.6 138.4 133.6 127.5 125 124.4 123.6 120.1 117.9 115.8 114.8 112.4 113.9 116.6 119.9 119.7 118.4 117.1 116.7 117.7 118.4 119.9 122.9 127.7 129.1 127.5 126.2 126.1 125.7 123.5 121.3 120.6 117.4 122.4 124.2 124.6 122.5 123 123.8 126.3 120.9 117.5 118.9 117.6 116 118.7 129.9 138.8 145 151.7 157.1 157.5 158 157.3 159.1 162.2 166.1 170.6 175.2 177.6 179.9 181.7 183.3 185.4
150.1 148 147.1 146 146 146.1 145.7 145.6 145.5 145.9 147 147 146 144.9 143.8 143.1 141.2 138 131.9 125.4 124.5 125.5 122.9 118.9 117.7 116.2 115.1 114.1 111.9 115.1 123.2 123.4 120.2 119.5 117.9 118 117.9 121.2 126.1 128.2 128.2 126.8 126.9 125.9 124.5 122.4 119.8 121.5 123.5 123.5 121.3 121.3 120.5 120.3 120.5 120.2 116.1 115.7 115.5 114.2 114.7 120.4 128.4 136.9 144.1 148.1 152.9 154.7 154.9 156.5 158.3 160.3 164.1 167.5 170.5 173.3 177 180.4 182.8
151.8 149.4 147.6 146.5 145.8 145.6 146.1 145.7 144.8 144.9 145.5 145.4 145.5 144.8 145 145.3 143 140.2 135.4 132.8 127.9 125.2 124.2 125.1 121.9 119.2 117.7 116.6 115.1 112.3 113.8 126.3 123.5 118.7 118.1 117.6 119.8 121.9 124.2 127.4 127.9 126.7 125.2 124.8 124.3 122.6 122.2 119.6 118.3 118.8 118.7 120 118.8 117.4 116.4 116 114.6 112.9 113.4 111.1 111.9 113.2 120.4 126.6 134.1 139.9 145.3 148.9 150.6 152.7 156.3 158.4 159.3 161.1 163.5 167.1 171.9 176.1 179
155.3 152.1 150.1 150.1 148.6 148.8 148.7 148.3 145.2 145 143.6 142.8 142.4 142.2 141.9 143.1 141.9 139.7 137.7 136.4 132.8 126.8 124.4 123.6 122.5 123.4 123.3 122 121.2 118.4 111.4 118.9 125.1 121 120 119.6 119 121.1 123 125 124.4 123.5 123.1 122.3 122.2 122.9 122.9 118.5 113.1 115 116.4 117.2 114.3 112.6 113.3 113.1 111.9 111.1 109.3 108 108.8 109.7 112.9 118 123.9 131 137.9 141.4 144.2 147.6 151.5 157.5 158.9 158.1 158.8 162.2 167.1 171 174.5
161 158.5 156.1 154.5 153.3 152.8 152.5 152.3 149.1 146.8 145.4 144 144.1 144.6 143.3 140.6 142.6 142.1 138.2 135.9 134 130.5 126.3 124.1 123.5 123.4 123.3 123.1 121.8 119.8 113.6 112.6 123.3 122.4 120.3 120.7 118.6 119.9 120.2 119.8 117.5 116.7 119.1 119.5 119.1 120.1 118.9 116.7 109.8 112.7 110.7 112.4 110.2 109.1 110.4 111.5 111.9 111.5 106.3 103.8 104.5 106.4 108 111.8 115.5 119.8 126.6 131.3 137.1 142 145.4 149.3 152.9 154.8 155.5 157.2 160.6 164.5 169.4
166.9 164.7 162.9 162.7 160 156.5 155.7 154.3 151.5 150.6 149.7 147.5 144.5 142.5 140.9 142.3 139.6 137.7 135.5 135.4 134.5 132.4 127.9 125.6 123.9 123.3 122.9 122.7 121.9 120.5 115.2 111.8 118.7 120.8 120.7 120 118.1 115.7 117.1 115.7 112.8 111.6 113 114.3 112.9 115.1 116.4 113.6 109.7 105.8 106.3 106.6 106.7 106.9 107.2 108.3 112.5 112.4 105.9 102.8 101.2 102.7 104.5 107.2 110 113.7 118.3 122.2 128.8 134.4 138.6 142.4 145.6 147.9 149.2 152.8 156.3 159.2 163.5
172.7 170.1 168.1 165.9 163.4 158.3 160.2 157.7 152.5 152.6 151.6 151.4 147 144.9 139.3 137.6 139.6 140 138.6 138.1 138 135.6 130.2 128.1 125.3 123.8 122.7 122.1 119.7 118.2 115.4 113.4 111.7 116.3 119.4 120.8 116.8 116.2 118 117.7 112.3 110.3 108.9 109.8 110.7 111.9 113.3 110.6 110.6 110.1 104.8 103.9 103.5 104.5 105.1 106.8 108.6 107.5 106.1 103.4 101 99.6 101.4 104.4 106.8 109.2 112.6 116.1 121.4 127.3 131.6 135.3 138.6 139.7 144.1 149.2 153 155.5 158.1
185.7 175.3 176.4 173.8 169.5 161.7 163.8 160.8 156.8 155.2 153 151 148.6 147.7 144.4 141.3 135.5 136.5 137.8 139.3 138.5 136 133.3 132.4 128 126.8 126 126 125.3 124 120.4 118.3 111.9 110.4 113.7 120.7 120.5 121.3 122.9 122.1 119.7 114.2 107.4 107.5 108.6 108.5 110.3 109.2 109.5 109.5 103.8 102.4 102.1 104.6 105.4 104.4 105.1 103.5 102.2 102.7 102.4 101 100.2 101.9 104.7 106.5 108.5 111.7 115.8 120.1 124.4 128.2 130.2 133.3 137.3 141.3 147.1 151.4 153.6
198 197.5 199.5 188.5 179.9 175.8 173.4 172.2 168.5 163.7 157.7 155.7 152.5 150.5 147.7 144.3 138 135.6 135.5 135.7 135.7 132.8 131.8 130 129.3 128.6 129.9 128.2 127.1 126.3 124.8 120.5 118.8 112 109.8 114.3 119.4 121.9 124.6 121.4 118.6 116.9 115.2 111.2 109 107.7 107.5 106.7 107 106.9 102.9 100.8 101.2 103.3 104.7 103.8 103.3 102.5 101.4 102.1 103.9 103.6 102.1 102 102.9 104.3 105.8 108 111.2 114.9 118.2 121.8 125 127.8 131.2 135.1 138.8 144.4 148.2
205.9 206.1 205.8 201.6 189 184.3 181.8 177.7 174.8 172 168.6 164.8 160.4 158.5 154.4 147.5 140.3 137.7 136.4 136.8 134.9 131.7 130.5 131 132 133.8 132.1 129.6 128.4 128 126.6 123.8 119 118.1 111.9 109.6 112.6 115.6 115.3 114.1 116.8 118.8 121 118.2 113.7 108.2 106.3 105.4 105.2 106.3 104.8 101.3 99.7 100.7 100.9 101.8 100.7 101 101.1 101.5 103.8 104.9 104.2 103.2 101.9 102.9 104.1 105.8 107.9 111.2 114.2 117.3 119.9 122.8 126.3 129.1 132.2 135.8 141
210.3 208.5 206.4 203.9 201.7 195.3 189.3 183.4 180.7 180.1 179.1 176.1 171.7 167.7 163.5 160.7 156.3 152.2 149.7 147.2 143 140 139.8 139.5 139.1 137.7 135.2 135.4 134 132.6 128.2 123.1 120.5 119.6 117.3 114.2 109.8 109.1 109.7 108 106.1 116.5 112 105.6 104.2 102.9 102.5 101.9 101 101.4 100.9 101.1 99.2 98.3 98.8 98.1 97.9 98.3 99.4 100.6 101.7 103.3 103.2 102 101.6 102 103 104 105.7 108.3 111 113.7 116 118.3 121.5 124.1 126.8 130.4 134.9
210.7 209.5 211.7 206.4 203.2 199.2 195.7 191.8 186.2 184.7 182.4 181.9 177.6 174.1 171 170.1 167.1 163.1 160.6 157.3 154.8 151.9 149.2 146.9 145.7 145.1 141.9 141.8 141.5 139.9 136.5 130.4 124.4 122.3 119.1 117.6 116.2 116.1 111.7 113 108.2 106.4 105.7 105 106.5 106.5 101.9 101.7 100.8 100.4 100 100.2 101.1 99.7 98.1 97.9 97.3 97.1 99.7 99.5 100.5 102.4 102 101.9 101.3 101.3 102.3 103.1 103.7 105.3 108.4 111.1 113.2 115 117.3 119.8 122.3 125.6 129.7
