data/NZ12.asc
ncols 200
nrows 200
xllcorner 410000
yllcorner 520000
cellsize 50
[rows 0 to 34 of 200, columns 0 to 78 of 200]
216.6 214.5 213.1 209.4 205.8 203.5 201.3 199.1 198.3 197.4 196.4 194.9 191.5 189.7 187.7 186 184.3 183 181.7 179.2 176.9 175.5 174.7 172.3 170.8 170 167.6 164.8 162.2 159.3 155.8 153.8 155.7 158.6 161.4 162 161.8 162.9 162.3 159.9 159.3 158.3 157.4 156.3 155 153 151.2 152.1 151.2 150.1 148.9 147.3 144.5 143.6 142.8 142.1 143.2 143.1 140.3 134.9 132.8 133.4 133.9 133.5 133.6 132.8 133.4 129.5 130.7 134.8 131.2 129.1 129 133.9 138.3 138.9 139.7 138.4 136.1
211.1 209.2 207 204 201 198.9 197.7 195.7 193.6 193.2 193 191.6 190.1 188.2 186.4 184.6 183.4 182.2 181 178.7 177.3 176.3 175.9 174.6 173.2 171.1 168.9 165.5 161.6 158.7 154.5 153.3 166.9 167.5 167.6 168 168.4 168.2 166.7 164 163.7 162.8 161.9 160.2 158.3 155.3 155.1 155.9 154.9 153.7 152.8 151.1 147.5 147.1 146.3 145.9 147.3 149.3 150 148.1 145.5 145 141.8 136 135.4 134.7 134.3 136.3 141 138.7 136.5 133.2 126.8 125.8 132.3 136.6 138.5 137.6 135.5
207 204.8 203.1 201.1 199.2 197 195 192.2 190 189.7 189.7 189 188.4 186.8 185 183 182.1 181.1 181.1 178.4 177.1 176.6 175.5 176 172.6 168.2 166 163.5 159.9 158.1 157.2 167.1 172.2 174.1 174.1 174.5 173.9 172.4 171.1 168.9 166.4 165.9 165.4 163.6 160.8 157.9 159.4 159.2 158.8 156.8 155.3 151.8 150.3 151.1 151.5 150.8 154.8 156.1 155.6 156 156.3 153.4 151.8 148.9 145.9 143.1 140.4 142.1 142.4 141.3 139.3 136.8 134 123.7 124.4 127 136.1 134.9 132.3
203.1 200.7 199.1 197.4 196 194.8 192.3 189.6 187.1 186.3 186.5 187.2 187.5 185.6 183.2 180.7 179.7 180.8 180.8 176.2 174.9 174.1 173.4 168.5 164.7 162.7 160.3 159.2 158.4 158.5 168.1 175.4 178.5 180.3 180.6 180.8 179.7 178.1 176 172.3 168.7 168.7 166.6 165.7 161.7 159.2 161.7 162.1 160.7 158.7 155.6 153.5 154.3 157.6 158.8 157.1 161.5 162.6 162 162.4 162.9 161.4 158.7 155.6 152.7 150.1 147.2 145.1 143.5 143 141.6 138.7 135.7 131.1 125.8 124 130.7 129.8 125.2
199.9 197.2 195.3 194.4 193.3 192.1 190.9 188.9 186.1 184 184.4 186.2 186.2 184.2 181 178.4 176.6 174.1 175.5 170.5 168 165 164.2 163.6 160.1 159.3 159.3 165.2 168.9 172.2 178.3 184.9 185.5 185.8 185.6 184.5 183.4 182.1 180.3 177.2 173.4 170.8 168.6 164.8 162.1 159.9 162.6 161.8 160.1 157.2 154.2 154.4 160.7 162.5 164 164.4 167 167.9 169.7 169.2 167.4 165.6 163.3 160.7 158.6 156 153.2 149.6 147.4 145.6 143.5 140.8 134.8 132.3 128.2 124 124.3 122.6 119.9
196.9 194.6 192.8 191.8 190.6 190 188.9 187.3 186.3 184 184.1 184.3 184 180.7 178.2 176.2 171.8 170.8 169 165.8 164 164.1 164.8 170.4 170.8 167.1 170.2 172.4 175.9 182 186.8 188.8 189.8 189.8 188.2 186 185 183.3 181.7 179.7 176.6 173.7 171.3 167.6 164.1 164 164 161.7 159.1 159 160.2 164.3 166.9 168.1 168.5 169 170.9 172.1 172.1 171 169.5 168.9 166.6 164.6 162.5 160.5 157.8 154.6 150.5 147.8 145.5 142.1 138.4 134.9 129.8 126.2 124.9 120.9 122.5
194.4 192.5 190.7 189.6 188.5 187.8 187.5 186.5 185.4 184.4 182.7 182.1 179.4 177.9 175.4 169.7 168.7 169.1 169 169.7 171.4 163.5 171 172.2 172.9 173.8 176.7 180.5 184.4 190.1 191.6 192.1 192.6 190.9 188.9 186.5 184.1 183.3 182.5 181.2 179.4 176.8 174.3 171.1 167.1 167.3 165.8 164.1 163.5 166.4 168.3 170.8 172.6 172.8 172.9 172.9 174 173.7 172.8 171.8 171.7 171.6 169.7 167.7 165.3 162.9 160.7 157.5 152.8 149.6 146.8 144.8 142.7 139.7 134.9 131.4 131 130.9 131.6
193.6 191.4 189.2 187.6 186.2 185.3 185 185 183.9 183.5 181.8 180.8 177.7 174.9 174.4 173.8 173.8 178.4 176.7 175.3 176.7 177.3 176.1 176.7 177.3 179.2 184.1 188.3 194.1 196.8 196.1 195.4 194.4 192.6 190.2 187.5 184.8 183.8 183 182.3 180.8 177.8 175.7 171.7 172.3 170.3 168.5 164 167.8 170 171.4 174.6 175.5 175.8 176.1 176.1 176.3 176 175.7 175.4 174.6 173.8 172.5 170.4 167.9 165.2 163.1 158.8 155.6 152.5 149.8 148.2 146.2 143.7 141.3 137.5 134.3 133.3 133.9
193.5 191.4 189.1 186.8 184.7 184.3 183.9 182.4 181.3 180.7 180.3 176.9 174.1 179 181 180.6 180.3 180.5 181.2 180.2 181.4 181.7 179.4 181.3 183.7 186.2 193.5 197 201.5 202 201.2 199 196.4 194.9 191.9 189 186.4 184.4 184 182.7 180.6 178.1 174.5 175.3 176 173.4 169.3 170 171.6 173.1 174.5 176.5 177.3 177.7 178.1 178.4 178.6 178.2 177.7 177 176.2 176.1 175.2 172.6 170.4 168 165.1 161.6 158.6 155.5 152.7 150.3 148.1 146.7 144.7 142 140.2 135.3 134
193.6 191.4 189 186.5 185.8 185.3 181.8 179.9 178.9 179.1 177.6 174.4 179.8 183.6 184.7 184.8 183.6 183.6 184.4 184.2 184.5 184.8 185.8 186.8 190.2 197.4 203.4 205.2 205.6 205.5 204 202 198.7 195.6 193.3 190.4 187.9 186.4 185.5 183 180.8 178.6 176.9 176.6 175.8 173.2 171.3 174.2 175.3 176.2 177.5 179 179.3 178.9 178.6 178.7 178.8 178.6 178.4 177.9 176.8 176.2 174.9 173.4 170.5 169.1 166.3 163.1 161 158.8 155.6 151.4 150.6 149.5 147.4 144.4 142.1 140.8 140
193.7 191.2 188.4 186.1 185 182.1 179.5 179.1 178.2 178.2 178.6 178.6 182.9 187.1 187.9 187.8 185.7 186.7 187.2 187.5 187.9 188.1 190.3 192.8 197.8 204.6 209.9 210.8 210.2 208.7 207.1 205 201.9 198.7 195.4 192.8 189.6 188 185.5 183.4 182.1 180 180.4 179.7 177 173.6 176.7 178.3 179.3 180.1 180.5 180.7 181 180.9 180.6 180.2 179.2 178.6 178.4 177.8 177.4 176.6 174 173.1 169.8 167.7 164.3 164.2 162.9 161.2 158.4 155 153.7 152.4 150.2 147.1 144.1 144.8 142.4
188.7 190 186.5 184 183.4 179.6 178.8 178.8 179.2 179.1 180.8 179.5 182.9 188.2 190.8 190 188.3 189.2 189.9 190.3 192.8 193.4 197.1 199.5 206.1 211.5 213.3 214.1 212.7 211.3 210 208 205.1 201.8 197.9 196.9 193 190.1 186.9 185.1 185 183 182.5 180.6 178.3 179.1 181.3 182 181.7 182 182.2 182.4 182.7 182.9 182.5 182.1 180.9 179.7 179 178.5 178.1 177.8 177 175 173.6 171.1 167.6 166.5 164.7 162.9 160.5 158.1 156.7 155.3 153 150.5 147.9 146.6 143.6
183.9 184 184.1 184.4 185.1 186.6 187.5 186.1 185.7 185.6 184.7 183.1 180.4 186.9 191.3 191.1 189.9 191.4 192.4 192.9 196.2 200.1 203.7 207.2 211.4 215.3 216.6 216.7 215.5 214.1 212.5 210.8 207.1 204.2 200.5 199.7 196 192.5 189.1 188.2 187.6 185.9 183.7 181.1 180.8 183.6 185.3 185.7 185.2 185 184.8 184.9 184.9 184.8 184.4 183.9 182.6 181.5 180.3 179.9 180.3 180.6 179.5 176.8 174.6 172.3 170.3 167.6 165.6 165 162.7 161.2 160 158.3 156.5 154.5 151.5 148.9 145.2
190.3 190.4 191.2 191.8 191.7 192.6 192.5 192.1 193.3 191.4 190.3 189.7 185.4 184 191.7 191.4 192.8 194.3 195.2 196.4 199.5 203.7 209.4 212.5 215.3 218.2 220.4 219.2 218 216.9 215 210.9 208.9 206.7 202.8 201 197.6 193.6 191.1 191.5 190.1 188.4 186.1 184.1 184 187.1 189.1 189.6 189.4 189.3 189 188.9 188.9 188.5 189.2 188.2 186.6 185.7 184.2 183.5 183.2 182.7 181.1 178.4 175.7 173.7 171.5 168.3 165.6 164.4 164.2 162.5 160.8 159.3 158.4 156.7 154.3 150 146.3
197.6 199.7 202.2 201.1 200.2 200.3 199.3 197.9 197.6 195.6 193.6 192.7 191.3 184.5 189.2 193.5 195.1 196.9 198.5 200.7 205.1 208.4 213.1 215.7 218.6 221.1 221.7 221.4 220.8 219.7 216.9 215.9 213.8 210.1 205.4 201.1 198.1 195.9 197 194.6 193.1 190.9 188.3 184.7 187.4 190.5 192.5 193.9 193.8 193.7 193.4 193 192.4 191.5 191.4 191.3 190.6 190.8 189.4 187.7 185.9 183.4 181.5 179 177.1 175.5 172.6 169.8 166.9 165.4 163.9 161.8 160.4 159.6 159.5 158.2 154.9 150.7 145.5
206.9 208.1 208.8 207.8 206.1 204.5 203.5 201.9 200.4 198.9 197.3 195.7 193.7 187 188.8 196.1 197.5 199.7 202 205.9 210.3 213.1 216.7 219.4 221.9 222.9 223.4 223.8 223.1 221.9 218.3 214.5 213.1 210.4 206 203.2 199.7 200.4 200.3 199.9 195.6 193 190.4 188.8 190.9 193.5 195.8 196.9 197.3 197.6 197.1 196.7 195.3 193.8 192.9 192.7 191.3 191 191.1 191.1 189.4 185.8 182.9 180.2 178.1 175.9 173.2 170.3 167.6 165 163.7 161 159.6 157.8 157.2 157.4 154.6 151.2 147.3
215.4 215.4 214.7 213.6 210.6 208.8 206.8 204.7 202.9 201.7 200.5 198.2 193.8 187.8 193 197.9 200 202.2 205.3 209.1 213.9 217.6 220.2 222.2 223.7 223.8 225.8 226 225.1 222.8 220 217.2 213.8 210.9 209.8 204.9 201.5 202.2 203.2 203.1 199.4 195.2 190.6 192.7 195 196.5 197.5 199.2 200.4 200.6 200.5 200 197.9 196.5 195 193.8 191.6 191 191.1 191.1 190.7 188.4 185.2 181.9 178.8 176.3 173.6 171.1 168.5 166 163.9 161.1 159.3 157.6 154.6 153.3 150 149.7 148
222.7 221.4 220.7 218.8 215 212.4 209.6 207.1 205.3 203.2 201.8 197.4 189.4 190.9 197.1 200.3 202.3 205.4 208.8 213.1 217.6 220.6 222.4 223.7 225.3 225.6 226 225.7 224.4 222.5 220.4 216.9 213.7 211.5 210 205.5 204 204.4 207.9 205.5 201.8 198.2 193.4 196.8 197.7 199.1 199 201.1 202.1 202.6 202.5 201.7 200.5 199.1 198.5 196.8 193.1 189.2 191.1 190.9 189.6 188.3 186.5 183.8 180.1 177.1 174.6 171.9 169.6 167.2 164.7 162.2 159.9 157.3 154.1 154.8 151.2 149.3 150.7
226.6 224.9 223.9 222 218.5 214.8 212.2 209.6 206.5 203.9 201 193.6 193.7 197.6 200.6 202 204.4 208.6 213 217.7 220.3 222 223.2 224 225.7 226 226 224.8 223.7 221.9 220.5 217.3 214.6 211.3 210.5 209.3 207.6 210.5 210.8 208.4 204.5 200.7 196.1 200.4 201.1 201.5 202 203 204 203.8 204.4 204 203.1 201.7 201.1 200.2 196 192.6 190.1 189.2 189.4 188.2 186.7 185.1 182.8 180.1 175.5 172.7 171 168.6 165.9 163.3 161.2 156.9 155.8 155.8 153.8 153.3 154.3
228.8 227.1 225.9 223.7 220.3 216.6 213.5 210.3 207 200.7 194.7 199 197.8 200.5 203.5 204.8 207.4 211.8 217.4 220.2 221.9 223.6 225.4 226.5 225.7 226 226 225.7 223.4 221 220.3 217.6 216.1 214 213.1 211.7 209.9 211.1 211.1 209.6 205.4 201.3 200.6 203.4 203.9 204.4 205.4 205.8 206.1 205.5 206.1 205.7 205.3 203.6 202.8 201.7 199.7 196.1 193.8 190.9 189.5 189.1 187.6 186 183.9 181 176.6 175.2 173.8 169.9 167.2 165.5 159.4 160.4 160.2 155 154 157 159.1
229.1 227.7 226.6 224.3 221.2 217.5 213.7 209.8 206.3 199.5 201.6 202.7 201.3 202.1 206 208.2 211.7 216.7 221.1 223 224.7 225.9 227.4 230.8 230.4 227.7 224.5 224.1 222.6 219.9 219.8 217.1 214.1 215.6 216 213.4 211.4 211.1 210.1 207.8 205.9 202.1 203.9 205.7 206.4 206.5 206.8 207.2 207.5 207.2 207.6 208.3 206.8 205 204 203 201.6 200.3 198.3 196.3 192.6 190.7 188.4 186.7 184.4 181.8 179.4 177.1 175.2 171 169.8 165.1 164.9 163.3 159.8 157.2 159.4 162.6 163.9
229 227.7 226.6 224.2 220.9 218.1 214.3 210.4 206.2 204.4 207.1 208 206.5 206.2 209.7 213.1 217.4 222.2 224.9 225.6 226.7 227.9 230.2 230.6 230.8 230.7 230.6 226.1 223.2 219.7 219.5 217.2 215.7 215.8 215.9 213.9 211.7 209.4 209.3 207.7 204.7 204.3 206.8 208.5 209.3 208.9 208.6 208.6 208.8 208.8 209.5 209.2 207.7 205.5 204.6 203 202.5 201.4 200.4 198.8 195.9 191.5 188.8 187.2 185.8 183.8 181.5 178.4 176.2 173.8 171.1 168.2 167.1 163.1 159.4 159.1 165 167.8 169.3
229.1 226 225.9 223.6 220.7 217.8 214.9 210.7 203 211.2 213.1 212.1 210.5 208.2 213.9 218 222.6 226.4 227.1 227.6 228.5 230.1 231.1 231.4 231 230.9 230.9 228.9 226.2 222.7 220.9 219.6 218.1 216.2 215.5 214.4 212.1 210.7 209.5 210.5 210 209.5 210.4 211 211.5 211.4 211.1 211.1 209.8 209.8 209.1 209 207 204.9 202.7 201.1 202.3 201.1 199.7 197.8 194.7 190.4 189.3 187.1 185.7 186 183.5 179.9 176.2 175.7 169.5 171.3 166.2 163.6 163.8 161.8 168.9 171.9 173.1
229.5 226.1 223.6 222.5 220.9 218.7 215.7 208.4 212.7 216.5 218.1 216.6 212.7 211 218.2 222.4 226.1 228 228.8 229.2 229.4 231.3 231.3 232.4 232 231.5 230.1 229 227.5 224.7 222.7 221.3 219.6 217.9 216 215.3 213 211.7 211.7 212.3 211.7 211.7 212.3 212.7 213.1 213.8 214.9 213.5 211.4 209.6 209.3 208.1 205.5 204 201.5 199.1 200.4 200.2 198.4 196.1 194 190.6 189.1 187.8 185.6 185.8 182 179.2 174 170.9 170.6 169.6 164.9 169.5 167.2 166.5 173.6 175.5 175.9
229.7 226.1 222.5 220.2 219.9 216.9 215.3 212.4 220.2 221.6 221.2 219.8 216.5 213.9 221.3 225.5 228.3 230.5 232.2 233 232.2 232.5 232.9 233.1 232.9 232 230.7 229.5 227.7 226 224 222 220.2 218.5 216.9 214.6 214.2 215.2 214.7 214.2 213.4 213.7 214.7 214.4 215.1 215.6 215.8 214.3 212.8 210.9 210.8 210 207.8 205.9 204.8 200 199.5 199.5 196.5 194.5 193.9 191.4 191.1 189.7 185.1 182.3 179.2 179.1 180.5 177.2 174.7 172 172.3 173.7 170.5 171.1 176.3 177.7 178.9
231.2 227.1 223.7 220.6 220.1 214.5 215.8 219.1 223.7 225.4 224.1 222.7 220.9 216.1 222 226.4 229.3 232.2 235.5 236 235.6 234.4 234.2 233.8 233.2 232 230.3 230.9 228.6 227.1 224.3 222.7 220.8 219.2 217.5 215.3 215.7 216.6 216.8 216 215.2 215.1 216.6 216.5 216.4 215.9 215 213.3 212.7 211.9 210.8 210.7 210.7 205.4 204.5 202.3 201.7 200 197 195.3 194.3 191 191.1 189.6 184.5 183.1 183.8 184 183.3 181.9 181.6 178.3 178.4 177.8 175.5 174.5 179.5 181.4 183
232.9 228.7 225.6 224 220.2 220.2 220.6 221.4 225 226.1 226.2 225.4 223.9 220.2 221.8 226.2 230 233.6 236.1 236.4 236.4 236 234.7 234.3 233.6 232.2 231.2 229.6 229.8 228.5 226.1 224.5 222 220.3 218.6 218.7 219.1 219 218.6 217.8 217.5 217.2 218.4 218.7 218 215.4 215.7 213.7 213.1 211.7 210.2 210.3 210.2 208.8 205.7 204.6 201.8 199.3 197.9 196.3 195.2 191.5 188.7 186.2 188 187.5 188.4 187.5 187.4 186.7 185.7 183.7 182.8 181.1 178.2 179.5 182.7 184.1 184.9
233.7 230.4 226.9 225.4 223 223.9 224 225.3 226.4 227.3 227.3 227.2 225.9 223.4 224.2 227.1 231 235.3 236.4 236.8 236.8 236.1 236 234.7 233.7 233 232.3 231.4 231.1 229.8 227.2 224.9 222.7 220.2 219.5 220.5 220.4 220.8 220.5 220.2 219.9 219.7 220.5 220.7 220.1 217.8 216.1 214.5 213.1 211.7 210.4 210.5 209.5 208.3 206.6 205.6 204 200.6 199.2 197.5 195.5 193 189.4 190.2 191.1 191.1 193.2 190.7 191.3 191.4 190.5 188.5 186.7 184.1 180.6 182.8 185.6 188.2 189
234.5 231.7 229.2 226.8 226.1 227.6 227.7 227.9 228.3 229.1 229.5 228.7 227.3 225 226.7 229.8 233.3 236.5 237.3 237.4 237.1 236.3 235.7 235.7 234.3 233.6 232.9 232.3 231.1 229.7 227.5 225.6 223.8 221.6 221.7 221.6 222.1 222.5 222.7 222.3 221.9 221.6 221.8 221.4 220.9 220.8 218.7 216.4 215.4 211.9 209.9 209.1 208.3 207.5 206.4 205.9 206 204.3 201.6 200 197.8 194.7 191.1 194.3 194.3 194.8 195.4 195.4 194.5 195.1 194.1 192.3 190.1 187.8 184.5 187.9 189.2 191.5 193.1
235.8 235.1 232.2 231.1 230.1 231 231.7 232.1 231.9 231.3 231.2 230.1 229 227.8 228.9 232.4 235.2 237 237.8 237.9 237.5 236.7 236.2 235.9 234.3 234 233.2 231.7 230.2 229.4 227 225.4 224.8 225.1 224.3 223.8 223.8 224.2 223.9 224.5 224 223 223.1 222.5 222.1 221.1 219.9 217.4 215 212.3 210 208.8 207.5 206.4 204.9 206 205.8 205.5 204.2 201.5 197.8 194.4 196.2 197.3 197.4 198 198.5 198.4 198.4 198.5 197.5 195.4 193 191.1 188.4 191.8 194 195.9 198.4
238.6 237 235.9 235.1 234.4 234.5 235.6 236.2 235.8 234.6 233 232.1 230.7 229 230.4 234.4 236.3 237.7 238.3 238.3 237.8 237.2 236.7 236.4 236 234.9 233 231.2 230.5 229.5 227.4 225.9 225.7 225.4 225.3 225.2 225.4 225.8 225.7 225.4 225.2 224.2 224.3 223.4 222 221.1 220.4 217.7 215.3 213.3 210.8 209.4 208 206.5 204.9 204 204 204 201.3 199.2 199.4 200.8 200.6 200.2 200.3 201 201.6 201.9 202.5 202.2 200.6 198.5 195.9 194.4 192.1 194 197.4 200.7 203.6
241.6 239.6 239.2 237.9 238.9 239 240.3 240.5 239.1 237 235.5 233.8 231.9 230 232 236.2 238 238.2 238.8 238.6 238.1 237.5 236.7 235.6 234.6 235.2 233.1 231.2 229.5 229.3 228.7 227.6 227 226.8 226.8 226.7 226.9 227.1 227 226.5 226.2 225.4 225.2 223.5 221.9 220.8 220 217.3 214.8 212.8 211.6 210.5 209.1 207.6 206 204.9 205.2 206 203.1 203.2 202.8 206 204.4 203.1 203.2 204 205 205 205.9 205.1 203.4 201.5 199.7 198.2 195.1 196.4 199.9 204.6 207.5
244.8 243 242.5 240.7 241.2 242.6 242.3 242.5 240.9 239.4 237.4 235.4 233.4 232.5 235.4 238.2 239.7 239.5 239.3 239.2 238.7 238.3 237.3 235.9 234.8 234.3 234.4 232.5 231.6 231 230.2 229.3 228.4 228.4 228.3 228.3 228.5 228.5 228.4 227.7 227.5 227.1 225.8 224.3 222.5 220.4 218.9 217.2 214.5 213.7 212.3 211.5 209.7 208.4 207.1 206.3 205.9 205.7 205.4 205.9 206.2 207.7 206.6 205.5 205.5 206.2 206.9 208.1 208.2 207.9 206.5 205 203.6 201.4 199 200 204.2 208.1 211
248.9 246.5 245.9 244.6 244.7 245.3 245.2 243.9 242.1 240.4 238.6 236.8 235.4 235.4 236.7 239.4 240.9 240.6 239.5 239.3 239.3 239.5 238.2 236.8 236.2 235.6 235 234.3 233.5 232.3 231.6 230.7 229.8 229.8 229.8 229.8 229.8 229.8 229.5 228.9 229.4 227.8 226.2 225.2 223.3 221 220 217.3 215.7 214.2 213.1 213.6 210 209.5 208.2 207.3 207 207.1 207.2 207.4 208.4 209.3 208.4 208.2 208.4 208.1 209.1 210.3 210.8 210.6 210.1 208.6 207.2 204.8 201.8 203.1 207.1 210.8 213.6
250.7 250.1 248.8 247.1 247.2 247.5 246.5 244.9 243.5 241.7 240.3 239 238.4 238.4 238.9 240 240.5 240.5 240 239.2 239.8 240.4 239.1 237.9 237.3 236.6 236 235.4 234.7 234 233.1 232.8 232.6 232.4 232.2 231.9 232.4 232.5 231.5 230.3 230.2 228 227.3 226.2 224.3 222.2 220.6 219.5 216.8 216 215.6 214.4 211.6 210.3 209.3 208.4 208.2 208.5 208.7 209.1 209.8 210.5 210.4 210.5 210.6 210.2 210.8 211.9 213.4 213.4 212.9 211.4 209.8 207.1 204.9 206.7 210 212.5 215.2
