data/NZ62.asc
ncols 200
nrows 200
xllcorner 460000
yllcorner 520000
cellsize 50
[rows 114 to 151 of 200, columns 0 to 85 of 200]
5.9 6.3 6.6 6.9 7.2 7.6 7.9 8.2 8.3 8.2 8.2 8.2 8.1 8.1 8.1 8 8 8 7.7 7.3 7.1 6.9 6.7 6.4 6.1 5.9 5.7 5.7 6.3 6.8 7.4 7.3 7.3 6.6 5.8 5.4 5.3 2.6 1.6 1.1 0.6 0.1 -0.3 -0.8 -1.4 -1.4 -1.4 -1.4 -1.4 -1.4 -1.4 -1.4 -1.4 -1.4 -1.4 -1.4 -1.4 -1.4 -1.4 -1.4 -1.4 -1.4 -1.4 -1.4 -1.4 -1.4 -1.4 -1.4 -1.4 -1.4 -1.4 -1.4 -1.4 -1.4 -1.4 -1.4 -1.4 -1.4 -1.4 -1.4 -1.4 -1.4 -1.4 -1.4 -1.4 -1.4
6.3 6.6 7 7.3 7.6 7.9 8.3 8.4 8.4 8.4 8.4 8.3 8.3 8.3 8.2 8.2 8.2 8.2 7.9 7.5 7.2 6.9 6.7 6.4 6.2 6 5.8 6 6.4 6.9 7.4 7.6 7.5 6.9 6.1 6 7.9 6.3 2 1.5 1 0.6 0.1 -0.3 -0.8 -1.4 -1.4 -1.4 -1.4 -1.4 -1.4 -1.4 -1.4 -1.4 -1.4 -1.4 -1.4 -1.4 -1.4 -1.4 -1.4 -1.4 -1.4 -1.4 -1.4 -1.4 -1.4 -1.4 -1.4 -1.4 -1.4 -1.4 -1.4 -1.4 -1.4 -1.4 -1.4 -1.4 -1.4 -1.4 -1.4 -1.4 -1.4 -1.4 -1.4 -1.4
6.7 7 7.3 7.7 8 8.3 8.5 8.6 8.6 8.6 8.5 8.5 8.5 8.4 8.4 8.4 8.4 8.4 8 7.7 7.4 7.1 6.9 6.6 6.4 6.2 6.3 6.4 6.9 7.3 7.5 7.3 7 6.7 5.9 6.2 7.4 10.3 6.7 1.9 1.5 1 0.6 0.1 -0.3 -0.8 -1.4 -1.4 -1.4 -1.4 -1.4 -1.4 -1.4 -1.4 -1.4 -1.4 -1.4 -1.4 -1.4 -1.4 -1.4 -1.4 -1.4 -1.4 -1.4 -1.4 -1.4 -1.4 -1.4 -1.4 -1.4 -1.4 -1.4 -1.4 -1.4 -1.4 -1.4 -1.4 -1.4 -1.4 -1.4 -1.4 -1.4 -1.4 -1.4 -1.4
7.1 7.4 7.7 8 8.4 8.7 8.7 8.7 8.7 8.7 8.7 8.7 8.6 8.6 8.6 8.6 8.6 8.5 8.2 7.9 7.6 7.4 7.1 6.8 6.7 6.7 6.7 6.9 7.3 7.5 7.4 7.2 6.8 6.4 6.2 6.6 6.9 7.4 6.8 5.3 1.9 1.4 1 0.6 0.1 -0.4 -0.9 -1.4 -1.4 -1.4 -1.4 -1.4 -1.4 -1.4 -1.4 -1.4 -1.4 -1.4 -1.4 -1.4 -1.4 -1.4 -1.4 -1.4 -1.4 -1.4 -1.4 -1.4 -1.4 -1.4 -1.4 -1.4 -1.4 -1.4 -1.4 -1.4 -1.4 -1.4 -1.4 -1.4 -1.4 -1.4 -1.4 -1.4 -1.4 -1.4
7.5 7.8 8.1 8.4 8.7 8.8 8.8 8.9 8.9 8.9 8.9 8.8 8.8 8.8 8.7 8.8 8.8 8.7 8.4 8.2 7.9 7.7 7.5 7.2 7.1 7.1 7.1 7.3 7.5 7.4 7.2 7.1 6.7 6.3 6.4 6.5 6.8 7.1 9.2 10.5 6.9 1.9 1.5 1 0.5 0 -0.4 -0.8 -1.4 -1.4 -1.4 -1.4 -1.4 -1.4 -1.4 -1.4 -1.4 -1.4 -1.4 -1.4 -1.4 -1.4 -1.4 -1.4 -1.4 -1.4 -1.4 -1.4 -1.4 -1.4 -1.4 -1.4 -1.4 -1.4 -1.4 -1.4 -1.4 -1.4 -1.4 -1.4 -1.4 -1.4 -1.4 -1.4 -1.4 -1.4
7.8 8.2 8.5 8.8 8.9 9 9 9 9.1 9 9 9 9 8.9 8.9 8.9 8.9 9 8.9 8.7 8.4 8.2 7.9 7.7 7.5 7.5 7.6 7.5 7.4 7.2 7.1 7 6.6 6.6 6.7 6.8 6.9 7.1 7.5 8.9 10 4.9 1.9 1.4 0.9 0.5 0.1 -0.2 -0.5 -0.8 -1.4 -1.4 -1.4 -1.4 -1.4 -1.4 -1.4 -1.4 -1.4 -1.4 -1.4 -1.4 -1.4 -1.4 -1.4 -1.4 -1.4 -1.4 -1.4 -1.4 -1.4 -1.4 -1.4 -1.4 -1.4 -1.4 -1.4 -1.4 -1.4 -1.4 -1.4 -1.4 -1.4 -1.4 -1.4 -1.4
8.2 8.5 8.9 9.1 9.1 9.1 9.2 9.2 9.2 9.2 9.2 9.2 9.1 9.1 9 9 9.1 9.3 9.1 9 8.9 8.7 8.4 8.2 7.9 7.9 8 7.8 7.5 7.3 7 6.8 6.7 6.9 7 7.2 7.3 7.5 7.6 7.7 7.6 5.9 4.9 1.9 1.5 1.1 0.7 0.3 0 -0.3 -0.7 -0.9 -1.4 -1.4 -1.4 -1.4 -1.4 -1.4 -1.4 -1.4 -1.4 -1.4 -1.4 -1.4 -1.4 -1.4 -1.4 -1.4 -1.4 -1.4 -1.4 -1.4 -1.4 -1.4 -1.4 -1.4 -1.4 -1.4 -1.4 -1.4 -1.4 -1.4 -1.4 -1.4 -1.4 -1.4
8.6 8.9 9.2 9.2 9.2 9.3 9.3 9.4 9.4 9.4 9.3 9.3 9.3 9.2 9.1 9.1 9.2 9.5 9.3 9.2 9.1 9.1 8.9 8.7 8.4 8.3 8.3 8.1 7.8 7.6 7.3 7.1 7.3 7.4 7.6 7.7 7.9 8 8 7.9 8 7.7 7 7.1 2 1.6 1.2 0.9 0.6 0.2 -0.1 -0.4 -0.8 -1.4 -1.4 -1.4 -1.4 -1.4 -1.4 -1.4 -1.4 -1.4 -1.4 -1.4 -1.4 -1.4 -1.4 -1.4 -1.4 -1.4 -1.4 -1.4 -1.4 -1.4 -1.4 -1.4 -1.4 -1.4 -1.4 -1.4 -1.4 -1.4 -1.4 -1.4 -1.4 -1.4
9 9.3 9.3 9.4 9.4 9.4 9.5 9.5 9.5 9.5 9.5 9.4 9.4 9.2 9.1 9.2 9.4 9.7 9.5 9.4 9.3 9.3 9.2 9.1 8.9 8.7 8.7 8.4 8.1 8 7.8 7.8 7.9 8 8.1 8.3 8.4 8.6 8.5 8.3 8.4 8 8.8 9.9 8.2 3.4 1.8 1.4 1.1 0.7 0.5 0.1 -0.3 -0.7 -1.4 -1.4 -1.4 -1.4 -1.4 -1.4 -1.4 -1.4 -1.4 -1.4 -1.4 -1.4 -1.4 -1.4 -1.4 -1.4 -1.4 -1.4 -1.4 -1.4 -1.4 -1.4 -1.4 -1.4 -1.4 -1.4 -1.4 -1.4 -1.4 -1.4 -1.4 -1.4
9.3 9.5 9.5 9.5 9.6 9.6 9.6 9.7 9.7 9.7 9.6 9.6 9.4 9.3 9.2 9.4 9.6 9.9 9.8 9.6 9.5 9.5 9.4 9.3 9.3 9.2 9 8.8 8.6 8.4 8.2 8.5 8.6 8.6 8.7 8.8 9 9.1 8.9 8.7 8.6 8.6 9.6 9.6 9.5 9.9 5.4 2 1.6 1.3 1 0.6 0.2 -0.2 -0.6 -1.1 -1.4 -1.4 -1.4 -1.4 -1.4 -1.4 -1.4 -1.4 -1.4 -1.4 -1.4 -1.4 -1.4 -1.4 -1.4 -1.4 -1.4 -1.4 -1.4 -1.4 -1.4 -1.4 -1.4 -1.4 -1.4 -1.4 -1.4 -1.4 -1.4 -1.4
9.4 9.5 9.6 9.6 9.6 9.7 9.7 9.8 10.1 9.6 9.7 9.7 9.7 9.7 9.4 9.6 9.7 10.1 10.2 9.8 9.7 9.6 9.6 9.5 9.4 9.5 9.6 9.2 9 8.8 8.9 9.2 9.3 9.3 9.2 9.4 9.6 9.5 9.3 9.1 8.9 9.4 9.5 9.1 9.2 9.2 10.2 6.7 4 1.9 1.5 1.1 0.7 0.3 -0.2 -0.6 -1.4 -1.4 -1.4 -1.4 -1.4 -1.4 -1.4 -1.4 -1.4 -1.4 -1.4 -1.4 -1.4 -1.4 -1.4 -1.4 -1.4 -1.4 -1.4 -1.4 -1.4 -1.4 -1.4 -1.4 -1.4 -1.4 -1.4 -1.4 -1.4 -1.4
9.3 9.3 9.3 9.4 9.6 9.6 9.7 10 10.5 9 9.3 10.4 10.6 10.4 10.1 9.7 9.9 10.2 10.5 10 9.9 9.8 9.8 9.7 9.9 10 10.2 10.2 9.5 9.2 9.6 10.1 10 10 9.9 10 10.1 9.9 9.7 9.5 9.2 9 9 9 9 9 9.4 10.2 9.7 6.1 2.2 1.6 1.2 0.8 0.3 -0.2 -0.6 -1.4 -1.4 -1.4 -1.4 -1.4 -1.4 -1.4 -1.4 -1.4 -1.4 -1.4 -1.4 -1.4 -1.4 -1.4 -1.4 -1.4 -1.4 -1.4 -1.4 -1.4 -1.4 -1.4 -1.4 -1.4 -1.4 -1.4 -1.4 -1.4
9.3 9.1 9.1 9.2 9.3 9.4 10.2 10.2 10.4 10.5 11 11 11 11 10.8 10.4 10.1 10.4 10.8 10.4 10.1 10 10.1 10.2 10.4 10.6 10.7 10.9 10.8 11.1 11.1 11.1 11.1 11 10.6 10.5 10.6 10.4 9.4 9.4 9.6 9.7 9.1 9 9 9 9.3 9.2 10.9 10.7 8 2.7 1.7 1.3 0.8 0.4 -0.1 -0.6 -0.9 -1 -1.4 -1.4 -1.4 -1.4 -1.4 -1.4 -1.4 -1.4 -1.4 -1.4 -1.4 -1.4 -1.4 -1.4 -1.4 -1.4 -1.4 -1.4 -1.4 -1.4 -1.4 -1.4 -1.4 -1.4 -1.4 -1.4
10.3 9.2 9 9.3 10.3 11 11 11 11 10.9 11.2 11.1 11.1 11.1 11 11 11 10.4 11 10.7 10.3 10.4 10.6 10.8 11 11.1 11.2 11.2 11.3 11.3 11.3 11.4 11.3 11.3 11.2 11.1 10.1 9.3 9.6 9.7 9.7 9 9.4 9.4 9.1 9 9 9 10.2 10.7 10.8 7.5 3.6 1.8 1.4 1 0.5 0.1 -0.2 -0.4 -0.6 -1 -1.4 -1.4 -1.4 -1.4 -1.4 -1.4 -1.4 -1.4 -1.4 -1.4 -1.4 -1.4 -1.4 -1.4 -1.4 -1.4 -1.4 -1.4 -1.4 -1.4 -1.4 -1.4 -1.4 -1.4
11.1 11 11 11 11 11 11.1 11.1 11.1 11.2 11.2 11.2 11.1 11.1 11.1 11 11 10.9 10.8 11 10.6 10.9 11 11.2 11.3 11.4 11.4 11.5 11.6 11.6 11.6 11.6 11.6 11.5 11.5 11.4 11.2 10.9 10.5 9.8 10.1 9 9.5 9.9 9.6 9.4 9.4 9.5 9.2 10.2 10.6 10.2 4.9 4.6 2 1.5 1.1 0.7 0.4 0.2 -0.1 -0.6 -1 -1.4 -1.4 -1.4 -1.4 -1.4 -1.4 -1.4 -1.4 -1.4 -1.4 -1.4 -1.4 -1.4 -1.4 -1.4 -1.4 -1.4 -1.4 -1.4 -1.4 -1.4 -1.4 -1.4
11.2 11.2 11.1 11.1 11.1 11.1 11.1 11.1 11.1 11.2 11.2 11.2 11.2 11.1 11.1 11 11 10.9 10.8 10.8 11 11.2 11.4 11.6 11.6 11.6 11.7 11.7 11.8 11.8 11.9 11.9 11.9 11.8 11.7 11.7 11.4 11.1 10.9 11 11.1 10.4 10.3 10.5 10.7 10.6 10.3 10.3 10.6 11 10.9 10.8 10.6 11.5 8.8 3.1 1.8 1.4 1 0.7 0.3 -0.1 -0.6 -1.1 -1.4 -1.4 -1.4 -1.4 -1.4 -1.4 -1.4 -1.4 -1.4 -1.4 -1.4 -1.4 -1.4 -1.4 -1.4 -1.4 -1.4 -1.4 -1.4 -1.4 -1.4 -1.4
11.2 11.2 11.2 11.2 11.2 11.2 11.1 11.1 11.1 11.2 11.2 11.2 11.2 11.1 11.1 11 11 10.9 10.9 11.2 11.4 11.5 11.7 11.9 11.9 11.9 11.9 12 12.1 12.1 12.1 12.1 12.2 12.1 12 11.9 11.6 11.3 11.1 11.2 11.3 10.7 10.6 10.9 11.1 11.3 11 10.9 11.4 11.3 11.1 10.9 10.8 10.7 10.6 10.7 5.2 2 1.5 1.2 0.8 0.4 -0.1 -0.6 -1.4 -1.4 -1.4 -1.4 -1.4 -1.4 -1.4 -1.4 -1.4 -1.4 -1.4 -1.4 -1.4 -1.4 -1.4 -1.4 -1.4 -1.4 -1.4 -1.4 -1.4 -1.4
11.2 11.2 11.2 11.2 11.2 11.2 11.2 11.2 11.2 11.2 11.2 11.2 11.2 11.2 11.1 11 10.9 10.9 11.2 11.5 11.7 11.9 12.1 12.2 12.2 12.1 12.2 12.2 12.3 12.4 12.4 12.4 12.4 12.4 12.3 12.2 11.9 11.6 11.4 11.5 11.6 11 11 11.2 11.5 11.7 11.8 11.5 11.9 11.7 11.5 11.3 11.4 11.4 11 10.6 10.8 7.1 2.5 1.7 1.3 0.9 0.4 0 -0.5 -0.9 -1.4 -1.4 -1.4 -1.4 -1.4 -1.4 -1.4 -1.4 -1.4 -1.4 -1.4 -1.4 -1.4 -1.4 -1.4 -1.4 -1.4 -1.4 -1.4 -1.4
11.3 11.3 11.3 11.3 11.3 11.3 11.3 11.3 11.3 11.2 11.2 11.3 11.2 11.2 11.1 11 11 11.2 11.5 11.8 12 12.2 12.4 12.5 12.5 12.4 12.4 12.5 12.6 12.6 12.6 12.7 12.7 12.6 12.6 12.4 12.1 11.9 11.7 11.7 11.7 11.2 11.4 11.6 11.8 12.1 12.3 12.2 12.4 12.2 11.9 11.7 12 12.2 11.8 11.3 11 12.4 9.1 3.3 1.9 1.4 1 0.5 0.1 -0.3 -0.8 -1.4 -1.4 -1.4 -1.4 -1.4 -1.4 -1.4 -1.4 -1.4 -1.4 -1.4 -1.4 -1.4 -1.4 -1.4 -1.4 -1.4 -1.4 -1.4
11.3 11.3 11.3 11.3 11.3 11.3 11.3 11.3 11.3 11.3 11.3 11.3 11.3 11.2 11.2 11.2 11.3 11.5 11.8 12.2 12.4 12.5 12.7 12.8 12.8 12.7 12.7 12.8 12.8 12.9 12.9 12.9 12.9 12.9 12.8 12.6 12.4 12.2 12 11.9 11.8 11.5 11.8 12 12.2 12.4 12.6 12.9 12.8 12.6 12.3 12.4 12.6 12.9 12.5 12.1 11.9 11.3 10.7 9.7 3.8 1.9 1.5 1.1 0.7 0.3 -0.2 -0.7 -1.4 -1.4 -1.4 -1.4 -1.4 -1.4 -1.4 -1.4 -1.4 -1.4 -1.4 -1.4 -1.4 -1.4 -1.4 -1.4 -1.4 -1.4
11.3 11.3 11.3 11.3 11.3 11.3 11.3 11.3 11.3 11.3 11.3 11.4 11.5 11.5 11.5 11.6 11.6 11.8 12.1 12.5 12.7 12.9 13.1 13.1 13 13 13 13 13.1 13.1 13.2 13.2 13.2 13.2 13.1 12.8 12.6 12.5 12.3 12.2 12 11.9 12.1 12.3 12.6 12.8 13 13.2 13.2 13 12.7 13 13.3 13.5 13.2 13 12.7 11.9 11.4 10.9 6.2 2.6 2 1.7 1.3 0.8 0.4 0 -0.4 -0.7 -1 -1.4 -1.4 -1.4 -1.4 -1.4 -1.4 -1.4 -1.4 -1.4 -1.4 -1.4 -1.4 -1.4 -1.4 -1.4
11.3 11.3 11.3 11.3 11.3 11.3 11.3 11.3 11.3 11.4 11.6 11.7 11.8 11.8 11.8 11.9 11.9 12.1 12.4 12.8 13 13.2 13.4 13.4 13.3 13.3 13.3 13.3 13.3 13.4 13.4 13.4 13.5 13.5 13.4 13.1 12.9 12.7 12.6 12.4 12.2 12.3 12.5 12.7 12.9 13.2 13.4 13.5 13.4 13.3 13.3 13.6 13.9 14.2 14.1 13.9 13.3 12.2 11.5 11.5 7.3 7.7 8.2 3.4 1.9 1.5 1 0.7 0.3 0 -0.3 -0.7 -0.9 -1.4 -1.4 -1.4 -1.4 -1.4 -1.4 -1.4 -1.4 -1.4 -1.4 -1.4 -1.4 -1.4
11.3 11.3 11.3 11.3 11.3 11.3 11.3 11.5 11.6 11.7 11.9 12 12 12.1 12.1 12.2 12.2 12.3 12.7 13.1 13.4 13.5 13.7 13.6 13.6 13.6 13.6 13.6 13.6 13.6 13.7 13.7 13.7 13.7 13.6 13.4 13.2 13 12.8 12.7 12.5 12.6 12.9 13.1 13.3 13.5 13.8 13.6 13.5 13.5 13.7 14 14.3 14.6 14.5 14.3 13.4 12.3 11.5 11.3 9.8 10.9 13.6 11 7.3 2.4 1.7 1.3 0.9 0.6 0.3 0 -0.2 -0.4 -0.7 -0.9 -1.4 -1.4 -1.4 -1.4 -1.4 -1.4 -1.4 -1.4 -1.4 -1.4
11.4 11.4 11.4 11.4 11.4 11.5 11.6 11.7 11.9 12 12.2 12.2 12.3 12.4 12.5 12.5 12.5 12.6 13 13.4 13.7 13.9 14 13.9 13.9 13.9 13.9 13.9 13.9 13.9 14 14 14 14 13.9 13.7 13.5 13.3 13.1 12.9 12.8 13 13.2 13.5 13.7 13.9 14.2 13.8 13.7 13.7 13.8 14.1 14.5 14.8 14.7 14.5 13.5 12.3 11.6 10.8 9 10.9 12.1 11.9 10.6 9.7 3.6 2 1.6 1.3 1 0.7 0.5 0.2 0 -0.3 -0.6 -1 -1.4 -1.4 -1.4 -1.4 -1.4 -1.4 -1.4 -1.4
11.4 11.4 11.4 11.5 11.6 11.8 11.9 12 12.2 12.3 12.5 12.5 12.5 12.6 12.8 12.8 12.8 12.9 13.3 13.7 14 14.2 14.2 14.2 14.2 14.2 14.2 14.2 14.2 14.2 14.2 14.2 14.2 14.2 14.1 14 13.8 13.6 13.4 13.2 13.2 13.4 13.6 13.8 14.1 14.3 14.5 13.9 13.8 13.9 14 14.2 14.5 14.8 14.6 14.2 13.4 12.4 11.6 10.6 10.9 11.4 11.5 11.6 11.7 11.4 9.8 6.8 4.4 1.9 1.7 1.4 1.2 0.9 0.7 0.4 0 -0.3 -0.7 -1 -1.4 -1.4 -1.4 -1.4 -1.4 -1.4
11.4 11.5 11.6 11.8 11.9 12.1 12.2 12.3 12.5 12.6 12.7 12.8 12.8 12.8 13 13.1 13.1 13.2 13.6 14 14.3 14.6 14.5 14.5 14.5 14.5 14.5 14.5 14.5 14.5 14.5 14.5 14.5 14.8 14.2 14.3 14.1 13.9 13.7 13.5 13.5 13.8 14 14.2 14.4 14.7 14.6 14 14 14.1 14.2 14.3 14.5 14.3 14.1 13.8 13.6 12.7 12.2 10.9 11.4 11.9 12.4 12.5 12.6 12.5 11.5 10.4 10 6.5 4.4 2.6 1.9 1.6 1.3 1 0.7 0.3 0 -0.4 -0.8 -1.1 -1.4 -1.4 -1.4 -1.4
11.7 11.8 11.9 12.1 12.2 12.3 12.5 12.6 12.8 12.9 13 13 13 13.1 13.2 13.4 13.4 13.5 13.9 14.3 14.6 14.9 14.8 14.8 14.8 14.8 14.8 14.8 14.8 14.8 14.8 15.6 16 15.7 14.9 14.6 14.4 14.2 14 13.8 13.8 14.1 14.4 14.6 14.8 15.2 14.7 14.2 14.2 14.3 14.4 14.4 14.2 14 13.7 13.4 13.2 12.9 12.6 11.4 11.7 12.2 12.7 13.2 13.5 13.6 13.3 12 11.5 9.8 10.2 6.2 4.5 2.6 2 1.6 1.3 1 0.6 0.2 -0.1 -0.5 -0.9 -1.4 -1.4 -1.4
11.8 12.1 12.2 12.4 12.5 12.6 12.8 12.9 13.1 13.2 13.3 13.3 13.3 13.3 13.4 13.6 13.7 13.8 14.2 14.5 14.9 15.1 15.1 15.1 15.1 15.1 15.1 15.1 15.1 15.1 15.1 16 16.6 16.6 15.6 14.2 14.7 14.5 14.4 14.2 14.3 14.2 14.6 14.9 15.2 15.4 14.8 14.3 14.4 14.8 14.5 14.5 14.1 13.9 13.6 13.3 13.2 13.2 13 12.7 12 12.5 13.1 13.6 14.1 14.6 14.3 13.9 12.9 12.4 13 9.6 8.8 5.6 4.3 3.2 2 1.6 1.3 0.9 0.5 0.1 -0.3 -0.9 -1.4 -1.4
12 12.3 12.5 12.7 12.8 12.9 13.1 13.2 13.3 13.5 13.5 13.5 13.6 13.6 13.6 13.8 14 14.1 14.5 14.8 15.4 15.4 15.4 15.4 15.5 15.5 15.5 15.5 15.5 15.5 15.5 16.2 16.7 16.8 16.3 15.5 14.3 14.7 14.7 14.6 14.7 14.7 14.5 14.7 15.6 15.6 15 15 14.9 14.5 14.2 14.3 14 13.8 13.6 13.6 13.5 13.4 13.3 13.3 12.7 12.8 13.4 13.9 14.4 14.9 14.6 14.2 14.2 13.9 15 10.2 11 15.6 15.3 9.3 4.4 3.3 1.9 1.5 1.2 0.7 0.3 -0.4 -1.4 -1.4
12.1 12.4 12.7 12.9 13.1 13.2 13.4 13.5 13.6 13.7 13.8 13.8 13.8 13.9 13.9 14 14.2 14.4 14.8 15.5 15.6 15.6 15.6 15.6 15.6 15.7 15.7 15.8 15.8 15.8 15.9 16.3 16.8 16.8 16.3 15.5 14.6 14.6 14.8 14.6 14.3 14.3 14 14.9 16.4 16.2 15.9 15.3 14.8 14.3 14.3 14.2 14 13.9 13.9 13.8 13.8 13.7 13.7 13.7 13.7 13.2 13.7 14.2 14.7 14.8 14.4 14.9 14.9 14.8 13.9 10.2 12.7 15.9 16.4 15.5 15.1 9.9 5.4 3.2 1.8 1.4 0.8 0.3 -0.1 -0.8
12.4 12.5 12.8 13.1 13.4 13.5 13.7 13.8 13.9 14 14 14.1 14.1 14.1 14.2 14.2 14.4 14.9 15.5 15.8 15.8 15.9 15.8 15.8 15.8 15.9 15.9 15.9 16 16 16.1 16.4 16.7 16.7 16.2 15.5 14.8 14.9 15 15.1 15.1 15.1 15.2 15.7 16.8 16.6 16.3 15.8 15.3 14.8 14.9 14.8 14.3 14.2 14.2 14.1 14.1 14 14 14 14 14 14 14.5 14.8 14.6 15 15.7 15.8 15.9 15.1 11.9 9.8 15.7 16.6 16 16.3 17.4 18 10.2 4.8 2.1 1.6 1.1 0.6 0
12.7 13 13.1 13.3 13.6 13.8 14 14.1 14.2 14.3 14.3 14.3 14.4 14.4 14.4 14.4 14.9 15.5 16 16 16 16.1 16.1 16 16 16 16.1 16.1 16.2 16.3 16.4 16.6 16.7 16.7 16.1 15.5 15.1 15.2 15.3 15.7 15.7 15.7 15.9 16 17.1 17 16.8 16.4 15.9 15.6 15.7 15.5 15.3 15 14.8 14.4 14.4 14.4 14.4 14.4 14.4 14.4 14.4 14.9 15.2 15.1 15.6 16 16.4 16.9 16.1 13.6 10.1 15.4 16.5 17 17.3 19.9 19.5 19 15.8 6.7 2.4 1.9 1.3 0.8
13 13.3 13.6 13.7 13.8 14 14.2 14.4 14.5 14.5 14.6 14.6 14.5 14.4 14.4 14.9 15.6 16.2 16.4 16.2 16.3 16.3 16.3 16.3 16.2 16.2 16.3 16.3 16.4 16.6 16.8 17 17.1 17 16.6 16 15.4 15.5 15.8 16.2 16.3 16.4 16.6 16.9 17.4 17.5 17.3 16.9 16.5 16.5 16.3 16 15.8 15.5 15.3 15.1 14.9 14.8 14.8 14.8 14.8 14.8 14.9 16 16.7 16.5 15.4 15.5 15.9 16.5 16.8 14.9 14.9 15.4 16.1 16.9 18.6 19.8 20 19.6 21.4 16.8 4.7 4.3 2.3 1.7
13.3 13.6 14 14.3 14.3 14.4 14.5 14.9 14.5 14.5 14.3 14.2 14.1 14.4 15 15.6 16.2 16.7 17 17 16.8 16.7 16.6 16.5 16.4 16.4 16.4 16.6 16.9 17.1 17.4 17.4 17.8 17.6 17.3 16.8 16.3 16.2 16.4 16.8 17 17.3 17.6 17.8 18 17.9 17.8 17.5 17.3 17.1 16.8 16.5 16.3 16.1 15.8 15.6 15.5 15.4 15.4 15.4 15.4 15.4 15.7 16.5 17.2 16.9 16.4 15.7 15.4 15.9 16.5 15.5 16.1 15.9 16.4 17.5 19.2 19.6 19.9 21 20.7 20.6 11.3 20.6 16.6 6.8
13.8 13.8 14.1 14.3 14.2 14.8 15.5 16 15.3 14.2 14.2 14.3 14.6 15.1 15.6 16.2 16.8 17.2 17.5 17.7 17.5 17.5 17.5 17.6 17.4 17.2 17 17.2 17.5 17.7 17.9 18.1 18.5 18.2 18 17.5 17 17.5 17.6 17.8 17.6 17.7 17.9 18.1 18.3 18.3 18.2 18.1 17.9 17.6 17.3 17.1 16.8 16.6 16.4 16.1 16.1 16 15.9 15.9 15.9 16.1 16.4 16.9 17.7 17.4 16.8 16.3 15.7 15.4 15.1 15.3 16.3 16 16.9 18.1 19.3 19.9 19.6 20.6 20.6 20.3 20.2 10.4 21.4 22.1
14.8 14.7 14.2 14.6 14.5 14.9 15.5 16.1 15.4 14.9 14.9 14.9 15.2 15.7 16.2 16.8 17.4 17.7 18 18.3 18.3 18.4 18.2 18.7 18.5 18.3 17.9 17.8 18 18.3 18.2 18.8 19.2 18.7 18.7 18.2 18.1 18.6 18.9 18.6 18.4 18.3 18.3 18.5 18.6 18.7 18.6 18.4 18.4 18.1 17.8 17.6 17.3 17.1 16.9 16.6 16.8 16.6 16.4 16.4 16.5 16.8 17.2 17.5 18.1 17.8 17.3 16.7 16.2 15.8 15.7 15.1 15.9 17.1 17.5 18.7 19.8 20.3 20.3 20.2 20.4 20.5 20.5 18.7 16.4 20.4
15.3 16.1 15.5 15.1 15.2 15.4 15.5 16.1 15.7 15.6 15.5 15.6 15.9 16.4 16.9 17.4 18 18.2 18.5 18.7 19.1 19.3 19.4 19.2 19.7 19.3 19 18.6 18.6 18.8 18.6 19.5 19.8 19.3 19.3 18.9 19.2 19.8 20.1 19.3 19.2 19.1 19 18.9 19 19.1 18.9 18.7 18.6 18.6 18.4 18.1 17.9 17.6 17.4 17.2 17.4 17.2 17 17 17.2 17.5 17.9 18.2 18.5 18.2 17.7 17.2 16.4 16.4 15.6 16.2 17.2 17.8 18.2 19.2 19.9 20.4 20.5 20.5 20.6 20.6 20.6 20.4 20.8 19.4
15.5 16.5 16.2 15.8 16 16.1 16.3 16.4 16.5 16.4 16.3 16.2 16.5 17 17.5 18.1 18.5 18.7 18.8 19 19.4 19.9 20.3 19.5 20.1 19.9 19.8 19.6 19.2 19.1 19.1 20.2 20.4 19.9 19.9 19.8 20.4 20.9 21.1 20.1 20 19.9 19.8 19.7 19.6 19.4 19.2 18.9 18.9 18.8 18.8 18.6 18.4 18.1 17.9 17.8 18.1 17.9 17.6 17.6 17.9 18.3 18.6 18.9 18.9 18.6 18.1 17.3 17 16.4 16.7 17.7 19 19.1 18.9 19.5 20 20.5 20.7 21 21 20.9 20.8 20.8 21.5 20
