data/NZ90.asc
ncols 200
nrows 200
xllcorner 490000
yllcorner 500000
cellsize 50
[rows 111 to 147 of 200, columns 0 to 81 of 200]
204.7 202.4 200.4 199.1 193.2 188.4 184.3 182 179.6 176.8 174.6 177.4 180 180.6 181.9 184.5 186.9 187.7 188.7 190.7 190.4 190.1 188.4 189 190.1 190.7 190.4 190.8 192.5 194 195.9 197.8 198.6 199.9 201.8 203.7 206.5 209.7 210.9 210.6 210.4 211 211.9 212.8 212.8 212.6 212.6 211.6 210.6 208.5 207.5 206.6 205.5 206.2 208.6 213 210.6 213.7 216.1 218.4 220.2 221.1 220.8 218.1 204.5 200 195.9 195.3 191.7 187.7 185.9 167.4 150.4 140.1 128.1 117.4 110.4 104.6 99.5 92.2 84.6 75.4
206.3 204.5 202.3 199.6 194.8 190.1 187.7 184.8 182.4 180 177.1 178.4 181.9 182.8 184.6 187.6 189.7 189.7 189.6 191.3 192.2 190.9 191.1 191.2 191.5 192 192.2 192.8 194.5 196 197.9 200 199.1 201.2 203.1 205 208.9 210.9 210.9 210.7 210.3 210.5 211.4 211.9 211.8 211.7 211.1 209.6 208.5 207 205.4 203.7 202.4 203.1 207 211 208.9 211.8 215.5 216.8 217.6 219.4 220.6 219.2 208.1 199.5 194.8 193.1 190.7 188.9 184 164.7 145.7 133.2 124.7 114.2 108.5 103.1 96 89.4 81.3 72.5
207.7 206.4 204.6 202.4 199 195.9 192.5 188 183.6 180.1 178.5 179.9 183.8 187.2 191.3 195 194.1 194.8 194.6 194.4 194.2 194.2 193.8 193.9 193.9 194 194.3 194.6 197.1 198.4 199.5 200.8 201.9 203.1 205.2 207.5 210.9 210.9 210.9 210.9 210.4 209.9 210.8 210.9 210.9 210.7 210.3 209 207.6 205.3 202 200.8 200.1 200.3 206.6 209.5 207.9 210 213 214.4 214.7 216.3 218.5 217.7 206.9 197.6 194.1 190.3 188 186.2 179.2 157.8 139 129.3 119.4 110 103.6 100.6 90.8 83.1 74.7 67.7
209 207.6 206.2 205.2 202.6 199.5 194.8 190.6 183.6 180.2 180.4 182.8 187.1 192.2 197.5 199.4 200.5 200.6 200.4 199.2 197.3 196.8 196.6 196.7 196.7 197.4 198.2 199.4 200.4 201 200.7 202.3 204.8 205.3 206.7 209.2 210.6 210.4 210.9 210.9 210.9 210 209.9 210.7 210.4 210.1 209.4 208 206.1 201.4 198.7 198.6 199.1 204.3 204.8 204.3 205.8 208.7 211 211.9 213.5 214.7 215.5 213.9 201.5 196.2 192.8 189.1 186.7 183.8 170.4 152 135.3 123.8 115.4 105.1 98.3 91.8 85.3 77.3 68.6 65.7
210.2 208.5 207.5 206.5 205.3 202.7 197.6 190.7 184 182 182 184.4 189.6 195.9 201.2 202.7 204.4 205.4 206 202.3 200.6 200.1 200 199.5 200.1 201.5 202 202.4 203.5 204.4 205.1 205 206.1 207 208.2 210.1 210.5 210.1 210.9 210.9 210.9 210.2 210.9 211.1 211 210.4 208.2 206.3 202.8 197.1 195.4 195 198.3 200.6 199.3 200.5 204.5 206.7 209.7 209.9 211.7 212.2 212 210.9 197.6 193.6 188.5 184.6 185.3 180.3 160.2 143.6 131.2 121.2 112 101.7 94.8 87.7 80.2 73.5 68.8 65.7
211.4 210 208.8 207.8 206.3 205.1 200.4 192.4 187.1 183.8 184.9 189.5 192.9 198 202.1 204 205.9 206 206 205 203.6 204.5 205.4 205.9 205.9 206 204.6 204.8 205 206 206.3 206.8 207.3 208.2 209.2 210.4 208.9 210.4 209.2 210.9 209.2 208.9 210.5 210.2 208.3 206.6 204.8 201.1 197.1 193.4 192 192.6 196 194.6 198.3 200.3 200.9 203.8 206.1 208.8 210 210.9 209.8 203.5 194.9 188.8 184.2 181.8 181.4 168.9 150 138.1 127.1 116.5 106.4 100.3 93.3 85.6 77.5 71.2 67.7 66
212.9 211.6 210.2 209.1 207.4 204.2 200.7 197.2 192.4 187.3 189.2 195.4 199 201.1 203.6 204.8 204.8 205.8 206 206.4 205.6 205.6 206.2 206.1 205.9 205.6 206 206.2 206.7 206.7 207.3 207.6 207.7 208.4 209.3 209.7 209.3 208.4 209.6 210.9 209.4 208.8 208.4 205.9 204.2 200.4 198.2 194.7 193.1 190.9 189.8 190.7 190.3 191.9 195.7 196.9 197.6 200.6 205 206.1 207.1 208.1 206.4 195.7 187.4 182.7 179.4 179 172.9 153.4 141.8 130.6 120.5 110.9 102.8 98.2 91.3 82.2 74.3 70.1 67 66.4
213.8 212.7 211.5 210.4 209.1 207.4 204.2 201.2 197.4 192.7 195 198.9 203.9 205.2 205.1 205.1 205 205.1 205.7 207 207.3 207.1 206.4 206.2 206 205.1 206 206.1 206.6 207.1 207.9 208 208.1 208.5 209 209.1 207.9 206.2 206.2 207.1 208.5 207.5 206.6 203.1 200.1 195.6 192.2 190.9 190.9 189 185.3 187.6 185.8 186.9 190.2 192.8 194.9 196.2 201.5 202.9 204 203.7 195.2 187.2 181.8 177.8 175 174.1 155.7 143.6 131.4 120.9 111.8 103.5 98 94 88.3 79.5 73.7 69.2 68.5 67.3
214.1 213 211.9 211.1 210.3 209.7 207.4 204.5 201.2 199.3 200.9 206.3 207.5 207.6 206.4 206.2 206.2 206 205.5 207.4 208.1 207.8 207.1 206.6 206.1 205.1 205.5 206 206.4 207.1 207.4 207.3 207.6 207.8 207.6 207.8 207.3 205.9 204.2 204.6 205.6 206.7 205.5 200.2 197.1 192.4 188.8 188.4 187.7 185.8 180.7 184.6 181.1 181 184.3 187.2 189.4 190.5 194.8 196.7 197.4 193.4 185.3 179.2 174.9 174.1 172.2 163.1 146.1 130.7 118.8 111.5 103 96.4 91.5 88.2 84.7 79 74 70.2 68.9 67.4
214.4 213.4 212.6 211.8 211 210.2 209.2 206 204.3 203.7 204.6 206.4 208.4 208.4 207.2 204.9 206.1 206 205.8 207.6 208.5 208.1 207.1 206.3 205.8 204.1 204.1 205.3 206.2 206.8 206.8 206.6 206.7 206.8 206.9 206.2 206 204.6 204.3 205.2 206 206 202.5 198.2 194.9 191.6 187.7 184.8 183.6 183.1 177.1 180 178.2 176.6 179.2 181.4 183.5 185.3 186 187.2 186.8 181.7 177 173.7 172.4 171.4 166 150.6 135.4 121.6 112.3 103 95.5 90.3 85.1 82.9 80.4 76 73.4 71.7 68.4 64.6
214.9 214.1 213.2 212.4 211.5 210.2 209 207.2 205.9 205.5 205.8 206.9 208.9 208.8 207.6 205.2 205.3 204.1 204.4 205.2 206.9 206.5 206.1 206 205 204.1 203.5 204.8 206 206.3 206.3 206.2 205 205.1 205.6 206 205.3 204.3 204.5 205.4 205.7 202.2 199.3 195.6 192.7 190.1 185.1 180.8 179.8 178.3 174.7 174.2 173 172.6 174 176.1 177.8 177.1 178.7 177 176.6 173.1 169.2 169 167.7 166 160.6 143.8 128 112.5 104.4 96.1 90.4 83.3 79.5 78.9 77.8 71.9 71.5 67.1 60.9 57.6
215.8 214.6 213.7 212.8 211.5 210.2 208.6 208 207.5 206.7 207 207.6 209.2 209.4 209.5 209.5 209.1 207.6 204.4 204.3 204.4 204.4 204.8 206 205 202.6 202.7 203.9 205 206 206 205 203.1 202 201.7 201.7 201.5 201.4 202.1 201.8 201.4 199.3 195.2 191.1 188.6 184.4 179.7 177.3 175.1 173.4 169.7 166.4 165.8 168.3 168.8 168.9 170.3 169.8 171.6 170.3 168.9 167 165.1 164 163.2 160.9 152.1 138.8 121.1 106.8 97.3 87.3 83.3 77.8 75.3 75 70.1 63.6 58.4 56.7 52.2 53.5
216.9 215.1 214.1 212.8 211.5 210.3 209.2 208.4 208.3 207.8 208.1 208.5 209.4 210 210.6 210.7 210.9 210.9 209.3 207.9 205.6 205 204.3 204.3 203 201 201.2 202.2 203 204.4 204.5 203 200.8 198.9 198.5 198.2 198.8 200.5 200.9 199.5 199.1 197.6 193.6 190.3 187.4 183.4 178.2 175.5 172.6 167.5 165.7 159.9 159.3 160.9 161.5 162.9 162.7 162.9 164.1 163.9 162.3 160.5 160.7 158.8 158 154.2 143.1 127.6 111.9 98.8 90.7 85.6 79 68.2 56.6 58.5 51.4 49.2 47.5 48.2 44 45.6
218.4 215.5 214.5 213.3 212.2 211 209.6 209.4 209.4 208.2 209.2 209.4 209.1 210.4 210.8 210.8 210.9 210.9 210.9 210.9 209.2 206.4 204.4 202.3 199.7 199.9 199.4 200.2 201 201.5 200.9 200.5 199.2 196.1 196.4 194.9 197.7 199.3 199.5 197.3 197 196.1 194 191.4 189.1 183.7 178.8 173.8 170.5 165.8 159.8 158.5 150 154.4 154.8 151.8 150.6 152.4 154.3 155.9 156.7 156.2 155.3 153.4 152 143.4 127.9 114.1 103.3 91.5 85.1 76.2 66.2 55.1 57.2 55.8 52 52.1 45.4 42.6 42.6 41.7
220 217 214.7 213.8 213 211.7 210.4 210.2 210.3 209.4 209.8 208.9 208.9 210.5 210.8 210.8 210.9 210.9 210.9 210.9 210.9 207.7 205.3 205 201 199.6 198.4 198.8 199.3 199.4 198.6 198.4 198.3 196.4 194.1 195.8 196.8 198.2 197.4 195.2 196 195.6 193.3 191.5 188.3 183.3 177.6 172.9 169.6 165.6 154.7 148.2 144.1 142.3 142.2 140.5 140.8 142.9 146.3 147.4 150.6 151.3 148.8 146.8 142.5 125.1 110 98.6 89.3 85.1 77.5 66.9 54.2 62.7 67 66.3 64.9 58.9 53.6 49.8 49.2 50.7
220.9 218.3 215.7 214.1 213.7 212.7 212.3 211.9 211.3 210.6 210.2 210.5 209.4 208.9 208.9 210.9 210.9 210.9 210.9 210.9 209.9 207.8 206.2 205.3 201.7 200.4 198.8 197.4 197.5 197.6 197.2 196.3 196.8 195.8 194.2 194.5 195.5 196.2 193.9 195.8 196 193.5 192.5 189.7 186.3 181.4 177.3 173.1 169.7 164.6 154.4 136.5 129.9 127 132.4 131 133.1 136.9 139 141.6 142.4 140.3 139.1 132.5 118.3 104.1 90.9 84.9 81.6 77.7 68.2 60.5 65.2 70.8 74.3 72.3 71.5 66.1 60.5 57.1 55.1 56.2
220.8 219.7 217.4 214.6 214.4 214 213.6 213.2 212.7 213.1 212 211.5 210.6 210.2 209.2 209.1 209.4 210.2 209.5 209.7 208.3 206.8 205 204 201.2 199.3 196.5 195.8 196.2 196.3 196.3 196 195.7 195.8 193.2 192.5 194.7 193.6 189.2 191.8 189.6 190.5 191.4 189.2 184.9 179.9 176.5 172.6 168.5 162.4 151.5 135.5 119.4 120 117.9 122.3 121.5 125.5 123.8 122.3 124.4 122.7 116.9 109.5 102.6 88 84.1 77 69.5 64.3 67 71.9 74.9 80.7 80 77.8 75.5 72.2 68.4 63.6 62.9 61.9
220.7 220 218.8 218 216.2 215.7 215.7 214.6 215.9 215.1 213.9 212.9 212.6 212.6 210.8 207 206.9 208.8 208.4 207.9 206.5 204.7 204.1 201.8 200 197.5 194.3 194.1 195.5 196 195.7 194.6 194.5 194.4 191.7 189.5 192.6 191.3 187.4 188.8 190.8 191.1 190.9 189 184.4 179.5 175.1 169.5 164.7 159 145.9 131.1 112.1 98.8 96.1 99.7 97 102 103.3 101.9 102.9 103.4 98.2 89.5 84.8 78 73.2 64.7 68.8 75.5 77.7 84.9 86.9 91.6 92.9 89.3 91.3 91.9 87.3 78.5 72.1 68.5
221 221.6 220 220.2 219.8 220.5 220.6 220.9 219.4 217 216 214.4 213.6 213.4 211.3 206 204.9 206.7 207 206.4 205.7 203.8 202.8 201 198.5 195.3 194.4 195.5 195.2 195.8 195.3 193.9 192.8 192.6 190.9 189 191 186.2 184 185.2 189.5 191 191 188.1 183.4 178.5 173.5 167.1 161.4 154.5 135 119 104.2 93.9 92 92.1 95.1 87.7 83.2 81.8 79.4 80.1 75.8 72.5 74.9 79.9 72.6 78 81.4 84 90.9 97.7 96.4 96.3 96 93.3 96.1 95.2 93.3 92.4 87.3 83.6
222 223.1 221.6 221.3 220.7 220.6 220.8 220.9 219.6 217.6 216 214.7 212.4 211 209.4 206.5 204.2 204.8 205.3 205 205.1 203 201.8 200.3 198.1 194.8 192.6 194.8 194.2 194.4 194.1 192.8 191.4 190.7 190.4 184.3 184.6 182.2 182.6 185.1 187.5 190.1 189.8 187 182 176.9 170.7 163.8 158 140.7 127 112.2 111 116.5 116 115.5 114.7 111.7 104.9 99.2 97.4 96.1 94.4 94.9 96.5 94.7 87 95.8 95.7 99.4 99.3 101.6 100.5 100.5 98.9 99.3 99.4 97.9 95.6 92.5 89.3 87.3
221 221.6 221.3 222 221.7 221.2 220.8 219.6 218 216.6 215.1 213 210.7 209.2 207.4 205.2 203.8 202.4 203.2 203.2 202.3 201 200.2 198.9 196.4 194 189.5 190.5 192.4 192.9 192.8 191.5 190.3 188.8 186.3 183.4 181.1 179 180.4 183.4 183.5 185.9 186.8 185.3 179.5 174.2 167.2 160.1 150.1 129.7 113.4 114.8 122.8 125 125.3 124.6 121.9 116.8 112 108.5 106.8 105.9 104.8 104.9 100.6 96 96.6 100.1 100.8 103.6 105 106.6 106.2 105.5 104.2 102.8 102.7 101.2 97.4 93.8 92 90
219.9 220.9 221.9 222.6 222.4 221.4 220.3 218.4 216.4 214.6 213.4 211.8 209.1 208.2 206.4 203.9 202 200.3 200.6 200.7 199.1 200.5 197.4 195.8 194.2 193.1 190.4 189.9 190.4 191.3 191.5 191.3 189.6 185.9 183.8 181.6 180.4 179.1 179.3 179 181.1 183.4 183.1 182.4 178.9 170.6 163.2 149.5 137.5 120.9 114.9 123.3 128.5 132.9 135.6 129.3 126.2 119.8 112.7 108 106.5 105 104.5 102.5 101.4 99.4 101.3 102.8 105.8 107.3 109.2 111.5 111.1 110.7 108.8 107.3 106.2 104.1 101.9 99.6 96.4 93.5
219.1 222 223.2 223.5 223.3 222.4 220.9 219.3 215.9 214.3 213.1 211.6 209.4 207.4 205.8 202.4 199.6 199.1 200.9 200.8 200.2 198 196.9 194.5 192.4 191 190.3 188.6 187.2 189.9 189.7 188.9 186.1 184 182.3 180.3 180 178.2 178.5 178.4 179.3 180.2 178.9 178.4 174.4 165.7 151.5 141.8 127.1 118.3 119 130.3 133.9 143.7 149.8 142.7 132.5 124.6 116.7 111.7 109 105.2 106 104.5 103.3 105.3 107 108.6 110.8 112 113.8 116.2 116.5 116.1 114.8 113.5 112.5 111.3 108.4 105.2 102 98.4
219.4 222.7 224.5 224.7 225.1 224 222.3 220.6 218.2 214.8 213.7 212.2 210.1 207.1 204.4 201.7 199.4 199.1 198.2 199.5 199.7 197.8 196.4 194.5 192.3 190.4 189.4 186.5 184.2 186 187.2 186.5 184.5 183.7 181.1 178.6 176.6 174.5 177.6 177.5 177.6 176.5 173.5 172.4 166.1 153.9 143.2 136.6 121.7 116.6 129.4 140.1 145.3 150.4 154 150.7 143 134.6 125.6 118.3 116.2 113.3 112.3 109.7 108.7 111.3 113 114.7 116.7 117.7 119.3 121.3 122.4 122.2 121 121 120.3 118.3 115.1 109.9 106.6 102.2
219.5 224 225.5 225.8 226 225.5 223.7 221.8 219.5 216.9 214.3 212.4 209.8 207.6 205.5 202.8 200.7 199.6 194.9 194.7 194.9 195.1 195.1 193.2 192 191 186 183.7 180 183.3 185.1 184.3 181.3 181.1 179.3 176.2 174.3 175.8 175.8 175.6 175.2 174.7 172.8 169.2 159.6 151.9 138.1 126.8 125.1 128.1 131.1 146 151.1 154.9 157.8 156.7 151.3 146.8 139.8 132.1 127.5 123.4 122 121.2 119.4 120.4 122 123.1 122.5 123.7 125.7 128.1 129.7 128.8 130.1 130.7 128.5 125.8 122.3 117.5 110.6 105.6
220.3 224.1 227.2 228.4 228.2 226.2 224.9 222.9 220.7 218.3 214.7 212.5 210.1 207.6 205.2 204.3 201.5 199.2 196 194.7 191 190.6 191.7 190.5 190 187.7 183.8 181.2 177.9 180.2 181.9 180 178.1 177.7 177.7 175.6 169.2 175.9 175 172.7 170.5 170.1 168.8 163.3 151 135.9 124.5 128.3 139.8 145.6 142.5 139.9 148.4 157.6 165.5 163 157.8 152.9 149.7 145.3 142.3 137.2 134.9 132.3 130.2 130.8 130.5 131.1 132.1 134.6 136.4 137.2 138.4 140.3 141 140.9 136.9 133.3 128.5 122.6 113.6 107.7
221.4 224.5 228.1 230.7 229.2 226.7 224.7 223 221.1 218.3 214.8 212.2 209.7 207.4 205.5 202.7 200 197.7 195.1 196 192.4 189.2 188.6 186.7 186.1 184.3 180.7 177.7 174.3 176.6 178.2 177.6 176.5 176.2 175.4 173.8 168.4 171.6 170.6 168.5 165.1 163.1 158.4 146 134.6 139.9 141.6 140.6 150.5 152.1 159.7 160.6 156.4 153.6 167.4 170.7 165.5 159.3 157.2 154 152.6 151.2 147.8 147.5 145.4 144 142.7 142.8 143.3 142.5 143.6 143.4 144.4 146.2 145.5 144.1 142.3 140.1 132.5 123.8 115.8 109.1
222.3 224 228.5 230.1 229 226.9 224.7 222.9 221.1 217.7 214.4 211.8 209.1 206.9 204.2 201.1 198.4 196.2 195.8 196 192.4 189.2 188.6 185 184 183.4 179.9 179 175.7 172.1 174.8 174.3 174.1 175.7 172.8 170.5 166.6 165.9 166.9 160.2 151.8 145.4 140 142.7 142.9 146.2 151.8 155.6 159 161.9 167.9 172.5 173.2 171.2 161.3 171.2 173.5 169.8 166 164.6 162.8 160.7 158.7 160.6 159.3 158 157.9 157.5 158.6 157.8 154.5 151.1 150 148.6 147.4 145.9 143.1 138.9 132 124.1 116.8 108.9
222.6 224.2 229.8 230.4 229.6 227.2 224.9 222.9 221 217.1 214 211.6 208.9 206 203.2 199.8 197.3 194.6 194.2 194.3 190.6 190.3 190.7 187 185.6 185.5 183 181.1 176.7 170.7 171.7 171.5 171.4 172.3 171.1 167.5 165.9 156.2 152.4 144.2 144 149.5 146.8 149.7 150.7 155.4 157.5 163.9 166 167.4 169.5 171.2 172.5 174 171.3 160.6 175.1 175.8 174.4 171.5 169.9 168.2 166.4 167 166.9 167.8 167.8 170.1 172.7 172.6 171 164.3 160.1 155.8 148.9 145.9 141.6 135.9 129.4 122.4 115.2 108.4
223.1 224.6 229.7 230.3 229.9 227.5 225.2 223 220.8 216.5 213.7 211.4 208.7 205.9 202.1 199.2 199.2 198.2 196 195 193.4 192 191.7 188.4 186.7 184.8 183.2 181.2 177.2 172.4 170 170 171.1 169.5 167 160.6 157.7 149.8 147 151.5 150.9 153.3 153.4 155.5 159.7 161.2 165.5 166.6 168.4 168.3 169.5 171.3 173.5 173.5 170.4 164 174.6 176.6 175.3 175.5 174.9 173.6 171.2 171.3 170.8 171.6 173.6 174.3 177 178.2 178.1 175.7 172.2 162.8 152.6 144.4 139.5 134.6 127.8 120.2 114 107.9
224.7 227.6 229.8 230.6 229.8 227.7 225.5 223.2 220.6 216.8 213.6 211.2 208.7 206.4 201.8 200.5 201.4 199.4 198 195.5 192.9 190.9 190.4 189 186.6 184.7 183.2 181.6 178.1 172.8 166 167.3 168.4 167.4 159.8 154.6 152.9 151.4 158.9 160.2 160.5 160.7 161.7 163.8 163.4 163.8 165.9 167.4 169.1 168.8 169.1 170.4 174.2 175 169.9 167.2 175.9 176.3 174.4 175.3 176 176.1 175.8 175.3 174.8 175.3 177.2 178.2 180.8 180.6 181 181.5 176.6 166.9 151.9 145.3 140.6 133.9 127.8 120.3 113.5 105.7
229.7 230.7 230.8 230.7 229.9 227.8 225.6 223.3 220.8 217.1 214.1 211.6 209.7 206.4 202.7 203.2 202.5 201 199.5 194.1 191.7 189.8 189.6 188.4 185.8 184.5 182.6 181 177.7 174.3 171.9 171.1 159.6 161.6 155.7 157.5 165.2 164.3 166.3 167 166.6 165 166.2 166.2 164.9 164.1 164.8 166.3 170.2 170.3 169.1 169.7 173.7 176.1 174.8 169.3 175.8 175.5 174.5 174.8 176 175.9 176.1 177.7 178.4 178.7 179.6 179.1 179.5 179.9 179.8 178.7 174.3 166.1 152.9 145 140.1 132.5 126 119.5 112.2 103.9
230.3 230.7 230.7 230.9 229.4 227.5 225.8 223.6 221.4 218.1 214.8 212.5 211 207.9 205.1 203 200.9 199.4 198.5 194.3 191.3 188.8 188 186.5 185.6 185.8 183.2 179.8 177.5 175.5 172 169.4 162.3 157 158.9 167.1 168.4 166.8 167 168.3 168.6 168.2 168.6 169.2 164.5 165.7 170.6 165.5 169.2 171.1 169.1 171.3 175.9 175.1 174.6 168.8 174.5 175 174.6 174.4 175.4 175.7 176.3 178.5 180.9 181.5 180.7 179.3 176.6 176.2 175.8 174.9 171.7 164.5 152.7 145 139.6 132 124.8 116.9 109.4 102.6
232.8 231.2 229.8 229.4 228.4 226.7 225.2 222.9 220.5 217.8 214.7 212.8 211.6 209.5 205.5 202.2 199.8 200.8 199.7 195.4 194.4 188.7 186.7 184.4 184.7 185.3 183.6 179.6 175.6 173.4 169.7 166.1 159.9 161.3 166 169.3 170 168.6 168.7 170.3 174.5 173.9 176.5 179.4 172.1 170.4 169.9 164.5 166.6 169.2 169.1 172.9 175.1 172.2 167.9 169 172.9 174.6 172.9 172.3 172.6 173.6 175.2 177.1 179.2 181.1 176.8 174.3 172.4 172.1 172.4 172.2 171 163.8 151.2 145.5 139.4 130.3 124.5 116.2 108.6 100.5
234 233.2 230.8 229.4 227.9 225.8 223.1 221.1 218.5 216.1 214.4 212.9 211.6 210.2 205.7 202.8 200.6 200.4 199.4 196.5 195.6 192.4 188.7 185.9 184.2 182.9 181.5 178.9 175.4 171.4 167.1 164.4 170.7 168.2 169.6 170.5 171.1 170.6 172.1 181 178.6 177 179 180.7 176.7 168.3 166.8 164.5 164.2 168.8 171.1 170.6 171.2 164.3 169.4 171 172.6 171.4 169.1 168.9 169.7 171.2 173.1 174.9 174.5 172.1 167.8 165.7 166.1 167.6 170.7 169.6 167.1 161.5 151.1 144.1 137.4 129.3 122.2 113.7 105 94.4
233.2 231.7 231.7 231.1 228.1 224.8 222.8 219.9 217.6 215.5 213.7 212.5 210.8 208.6 205.8 203.2 200.3 199.9 198.7 198.1 196.9 195.7 190.4 187.4 184.9 181.7 179.6 175.4 175.1 169.6 170.2 169.1 169.6 172.5 176.5 173.1 173.3 173.9 174.3 179.9 180.9 180.8 180.6 180.3 178.3 169.9 165.3 164.4 164.1 171.1 171.1 169.4 165.3 164.7 171.1 171.5 171.4 168.8 165.5 163.2 164.6 167.8 169 170.3 166.4 163 157.4 156 158.6 163.8 168.3 167.1 163.8 158.5 151.8 142.6 135 128.1 120.7 111.4 101.1 84.7
231.4 231.4 231.3 231.1 228.9 225.7 223.2 220.2 217.2 215.2 213.3 211.9 210 207.1 206 202.1 199.6 198.6 200 201 199 195.8 191.4 188.4 186 183.1 180.2 178.6 176 175.4 173.8 172.1 169.6 173 181.7 185.4 177.2 180.1 182 183.2 183 182.4 181.1 180.6 178.9 174 166.6 164.3 164.1 166.8 167.8 164.7 164.4 168.3 170.3 169.5 166.1 162.9 158.6 155.9 156.5 159.4 159.9 157.7 152.4 147.4 146.3 148.4 150.6 156.6 160.8 162.1 160.4 156.6 149 141.8 132.6 124.5 117.2 107.7 94.1 79.2
