data/SD27.asc
ncols 200
nrows 200
xllcorner 320000
yllcorner 470000
cellsize 50
[rows 38 to 75 of 200, columns 0 to 85 of 200]
-2.7 -2.7 -2.7 -2.7 -2.7 -2.7 -2.7 -2.7 -1.6 -0.7 0.1 1 1.8 2.7 3.4 3.4 3.5 3.6 3.6 5.6 9.5 8.9 8.3 8 7.6 7.4 6.9 7.4 8 8.2 8.2 8.1 7.6 7.6 7.6 9.4 11 12.1 15 17.6 18.4 20.9 24.3 28.6 34.7 44 55.7 62.2 72.1 85.4 96.4 104.2 110.3 115.4 121.9 128.7 132.4 137.2 144.1 142.7 139.5 137.6 138.7 142.8 156.2 168.8 179 182.7 181.5 179.4 176.9 176.3 175.2 174.2 174 172.7 169.4 163.5 157.6 155.8 155.5 151.7 147.6 137.2 145.6 147.6
-2.7 -2.7 -2.7 -2.7 -2.7 -2.7 -2.7 -2.7 -1.5 -0.6 0.2 0.9 1.8 2.6 3.4 3.4 3.4 3.5 3.6 5.7 9.7 9.4 9 8.6 8.2 8.1 8.2 8.3 7.9 8.6 8.4 8.4 7.5 7.4 7.8 9.7 12.6 13.6 16.5 18.4 19.7 21.5 24.6 29.3 35.1 45.1 59.2 66.1 77.8 89.2 97.6 110.3 116.9 120.6 126.4 132.9 137.6 141.5 141.5 137.2 133.4 134.5 137.5 144.7 160.7 174.6 181.2 183.7 183.1 179.9 178 177.1 175.9 175.1 174.9 173.5 168.7 161.3 155.2 154.6 155.6 152.8 147.5 136 143.7 145.1
-2.7 -2.7 -2.7 -2.7 -2.7 -2.7 -2.7 -2.7 -1.5 -0.7 0.1 0.9 1.7 2.5 3.3 3.4 3.4 3.4 3.4 8.2 9.6 9.6 9.5 9.2 8.9 9 9 8.7 8.7 8.3 8.5 8.7 8 7.6 8.3 12.8 15.9 15.7 16.5 18.4 20.2 21.8 24.5 28.6 36.8 47.3 59.5 69.5 80.7 91.3 104.3 112.5 123.2 126.9 133.5 137.4 140.3 142.2 137.3 132.6 129.6 130.8 135.1 147.3 166.7 175.1 182 184.4 184.3 180.2 178.5 177.3 176.9 176.4 175.6 173.1 166.2 157.7 152.3 153.7 154.4 151.1 145.9 138.4 143.5 142.2
-2.7 -2.7 -2.7 -2.7 -2.7 -2.7 -2.7 -2.7 -1.5 -0.7 0.1 0.9 1.7 2.5 3.2 3.4 3.4 3.4 3.4 9.6 9.8 9.8 9.3 9.6 9.6 9.5 9.4 9.4 9.3 8.9 8.2 8.4 8.7 8.7 12.7 16 16.9 16.9 17.9 18.8 20.8 22.9 24.4 29.2 38.8 49.2 60 71.1 80.1 95 106.2 114.9 122.7 127 132 133.4 133.7 135.4 130.7 127.4 123.7 129.2 134.2 152.6 169.7 177.5 183.5 185.2 183.3 178.2 176.3 176.7 176.6 175.6 174 168.8 162 152.7 149.4 152.3 152.2 147.8 145.2 140.8 134.9 136.8
-2.7 -2.7 -2.7 -2.7 -2.7 -2.7 -2.7 -2.1 -1.4 -0.6 0.2 1 1.8 2.6 3.4 3.4 3.4 3.4 3.4 10.5 10.6 10.8 10.1 9.7 9.9 9.8 9.7 9.6 9.5 9.6 8.8 9.1 9.3 9.9 14.5 17.2 17.5 18.1 18.4 20.4 22.4 23.8 25.3 30.4 38.3 49.9 60.1 70.6 82.9 95.6 106.7 115.5 119.2 120.5 123.9 125 124.8 128.2 125.2 122.8 123.8 127.1 138.6 159.2 173.2 178.9 183.9 183.6 181.6 175.9 174.9 176 175.8 174.1 170.4 166.5 156 149.1 146.9 147.5 146.3 144.2 141 137.2 133.6 149.6
-2.7 -2.7 -2.7 -2.7 -2.7 -2.7 -2.7 -1.9 -1.1 -0.3 0.4 1.2 2 2.7 3.4 3.5 3.6 3.7 3.7 12.1 12.8 12.7 11.7 10.1 10.2 10.1 10 9.9 10 10 9.7 9.7 9.9 10.5 14.8 16.7 17.8 20.9 25 24 23.4 25.3 27.1 32 38.7 49.3 61 72.3 83 91.8 105 112.9 113.4 115 115.1 113.3 116.1 121.9 119.3 122.8 124.3 128.6 143.4 160.3 170.8 176.7 180.1 180.3 178 174.2 173.5 175.3 174.1 171.7 167.5 161.6 152 144.7 142.3 142.8 141.3 139.8 139.3 131.7 145.9 157.8
-2.7 -2.7 -2.7 -2.7 -2.7 -2.7 -2.7 -2.1 -1.1 -0.1 0.7 1.5 2.3 3 3.5 3.6 3.7 3.8 3.9 13 14.6 14.3 13.1 11.5 10.5 10.4 10.4 10.4 10.4 10.9 10.4 10.4 11.1 12.1 13.7 16.1 19.7 24.5 27.7 27.8 24.7 25.7 27.8 30.6 39.1 48.9 60.8 70.4 76 88.4 100.1 105.1 106.7 107.4 108.5 110.7 112.4 114.2 114.4 123.2 125.9 132.4 140.2 151.1 159.3 166.4 171.1 173.6 174.4 172.8 172.9 174.3 172.2 169.4 163.8 156.8 147.7 139.1 136.2 137.2 135.5 135.6 131.3 140.7 156.8 166.8
-2.7 -2.7 -2.7 -2.7 -2.7 -2.7 -2.7 -2.5 -1.5 -0.5 0.5 1.5 2.6 3.3 3.5 3.6 3.7 3.8 4.1 13.4 14.7 14.9 15.1 12.9 11.2 10.6 10.4 10.3 10.3 10.3 10.5 11 11.7 12.9 13.5 16 19.9 25.5 30.7 31.4 27.9 26 28.9 31.2 34.7 48.1 59 65.7 70.7 80.6 91.3 93.4 97.5 99.2 104.2 106.1 108.3 111 118.4 122.8 127.2 131.4 136.4 143.3 151.1 159.1 165.1 172.2 172 171.2 172.4 172.8 169.9 166.9 161.5 152.6 142.4 133.4 130.4 128.4 130.3 126.8 131.2 149.6 162.4 173.7
-2.7 -2.7 -2.7 -2.7 -2.7 -2.7 -2.7 -2.7 -1.9 -0.9 0.1 1.3 2.6 3.4 3.4 3.6 3.7 3.8 4.5 14.1 14.8 15.1 14.5 13.6 12.2 11 10.8 10.6 10.3 10.8 10.7 11.1 11.8 13.5 14.6 16.1 18.5 23.4 28.9 31.5 28.5 28.2 30.9 33.2 36.2 42.1 56.2 63.2 72.7 79.6 83.9 86.8 91.7 94.5 94.5 102.4 108.2 112.4 117.8 122.3 126.7 131 136.6 142.8 149.6 157 164.6 170.3 170 171.3 172.2 170.3 167.3 163.9 158.7 149.8 139.6 127 127 126.4 125.2 133.3 143.7 156.3 165.5 175.4
-2.7 -2.7 -2.7 -2.7 -2.7 -2.7 -2.7 -2.7 -2.7 -1.2 0.1 1.3 3.3 3.4 3.4 3.5 3.6 3.8 5.3 14.8 13.6 12.5 12 11.9 11.7 11.7 11.2 11 10.9 10.8 10.8 9.9 10.8 13.3 14.8 16.6 19.1 21.7 25.8 29.2 30 30.6 32.4 35 39.8 44.2 51.1 55.7 65.5 73.8 76.1 80.5 82.4 94.4 98.7 101.5 105.2 111.4 116.9 121.6 126.2 131.8 136.8 142.6 149.2 156.8 164.4 168.2 168.5 171.3 169.8 167.3 164 160.5 154.4 145.7 135.2 125.9 124.9 124.8 127.1 140.5 151.4 156.3 164.9 172.3
-2.7 -2.7 -2.7 -2.7 -2.7 -2.7 6.1 6.4 -2.7 -2.7 -2.7 2.9 3.4 3.4 3.4 3.4 3.4 3.4 6 13.4 12.5 11.2 11.3 11.4 11.6 11.6 11.4 11.2 11.1 10.4 12.3 10.9 11.3 11.6 14.3 16.4 19.6 23.3 26.9 30.1 30.2 31 32.6 36.9 44.4 50.5 58 62.8 69.5 64.3 66.9 76.8 88.8 93.4 96.8 99.5 103.7 110.1 116 120.7 125.6 131.4 135.6 142.3 149 155.9 162.6 165.6 168.6 169.6 167 164.5 160.4 156.6 149.9 141.8 131.6 125.4 124 127.5 132.2 145.7 152.9 154.4 160.7 166.4
-2.7 -2.7 -2.6 -2.7 -2.7 0.3 2.3 7.8 8.3 7.2 -2.7 -2.7 -2.7 -2.7 -2.7 -2.7 3.4 3.7 8 12.3 10.8 11.1 11.2 11.4 11.6 11.4 11.2 11 11.1 11.3 13.4 10.9 10.9 11 14 14.8 18.4 21.4 25.1 29.7 31.1 33.1 35.5 38.8 49 53.9 61.6 68.9 74.7 80.3 84.7 88 90.4 93.1 95.8 98.9 103.6 109.4 114.5 119.6 125.1 130.4 135.7 141.9 147 152.7 157.1 162.8 165.6 167.1 164.3 161.6 157.4 152.4 146.3 139.4 130.5 126.1 123.8 125 138.8 149.4 150.3 153.8 158.8 163.1
-2.4 -2.3 -2.3 -2.2 -2.2 -0.9 0.3 1.6 3.1 8.9 8.7 -2.7 -2.7 3.7 -2.7 -2.7 3.5 4.9 6.2 10.7 12.4 11.5 11.8 11.6 11.4 11.1 10.9 11.1 11.7 11.5 12.1 12 11.5 12.2 15.6 17.1 19.5 21.5 23.6 27.2 31.6 38.1 42 41.7 49.6 55.7 64.6 72 77.5 85.5 90 91.3 91.9 93.7 96.3 99.6 104.2 108.9 113.5 118.7 124.3 129.1 134.4 140.6 144.9 148.8 152.9 158.5 163.3 165.1 162.2 158.8 154.1 149.7 143.6 135.2 130.5 126.4 122.7 127.1 144.4 148.1 148.3 153.9 158.1 160
-2.3 -2 -1.9 -1.9 -1.8 -1.4 -0.2 1.1 2.4 3.4 3.4 9.2 -2.7 -2.7 -2.7 3.5 3.7 4.9 8.9 11 11.7 12.1 11.5 11.3 11 10.8 10.6 10.4 11.1 11.9 12.5 12.9 11.6 14 16.9 19.4 21.3 23.2 24.3 26.7 34.7 42.1 48.5 49.2 50.3 56 65 73.2 80.4 90 92.2 91.6 92.1 93.9 96.7 99.9 103.7 107.4 111.4 117 122.2 127.2 132.7 137.7 141.5 145.1 149 156.7 162.2 163.2 159.9 155.4 151 146.6 140.6 134.5 129.1 126 121.3 131 145.6 144.8 147.4 153.5 156.4 157.1
-2.1 -1.9 -1.6 -1.5 -1.4 -1.4 -0.7 0.6 1.8 3.1 3.4 3.4 4.5 -2.7 -2.7 -2.7 3.9 6.7 17.2 17.9 14 12.2 12.4 11.6 10.8 10.5 10.2 11.1 12.2 13.2 13.5 13.8 13.1 15.2 18.1 21 23.4 24.3 25.7 30 37.7 45.1 53.6 54.6 52.2 55.5 66.7 77.1 86 90.8 90.8 90.6 92.3 94 96.4 99.6 102.7 106.4 110.4 114.5 119.3 124.8 129.9 134.9 138.5 142 147 156 159.6 159.1 156.3 152 147.7 143.6 138.7 133.4 128.6 124.1 121 135.7 142.1 142.1 147.1 152.7 153.7 152.9
-1.9 -1.7 -1.5 -1.2 -1.1 -1 -1 0.1 1.3 2.6 3.4 3.4 3.4 3.4 11.4 -2.7 4.4 12.8 17.7 17.9 18.9 13.8 13.3 12.6 11.8 10.6 10.4 12 13.4 14.4 14.3 13.5 13.6 15.8 18.5 21.2 24 25.4 27.6 34 41.3 49 56.3 56.9 54.3 57.9 66.9 78 84.7 88.8 91.4 92.5 93.4 93.3 95.5 98.1 101 106.1 109.4 112.9 117.3 122.5 127.3 131.9 135.4 138.7 144.3 153.9 155.4 154.2 151.4 148.3 144.7 140.8 136.2 131.7 127.6 121.2 124.4 135.1 137.1 140.8 146.9 151.7 150.2 147.4
-1.7 -1.6 -1.4 -1.1 -0.8 -0.6 -0.6 -0.4 0.8 2.1 3.3 3.4 3.4 3.4 3.4 6.1 8.4 16.2 17.1 17.6 18.2 18.6 19.4 12.6 12.5 11.7 11.1 12.9 14.3 15.8 15 14.3 14.8 16.4 18.7 21.1 23.7 26.2 32.1 39.1 46.2 52 58.2 58.8 57.5 61.3 67 74.7 81.8 89.7 92.3 92.7 94 93.2 93.8 96.5 100.5 106.1 108.7 111.1 114.7 120.4 124.9 127.5 131.1 135.5 142.1 150.5 150.9 149.5 147.7 145.6 142.3 138.1 133.5 129.1 125.8 119.3 126.7 133.8 137.7 140.1 146.9 149.5 149.4 148
-1.6 -1.4 -1.2 -0.9 -0.7 -0.3 -0.2 -0.2 0.3 1.6 2.8 3.4 3.4 3.4 3.4 3.4 6.6 15.7 16.3 17 17.6 18.1 18.6 19.5 11.6 11.8 11.4 13.8 14.6 16.2 16.3 16.8 16.7 16.9 19.1 21.4 23.9 28.4 35.8 41.8 47.7 53.4 58.2 59.9 58.2 61.1 66.6 73.8 79.8 88.1 90.9 89.1 90 90.9 93.2 97.8 101.8 104.4 106.1 108.8 112.6 118.4 120.7 123.6 127.1 132.5 140.2 146.5 146.2 145.5 144.2 142.7 139.2 134.5 130.1 127.3 122.8 117.2 131.5 134.7 135.3 139.2 144.4 144.4 144.1 146.8
-1.4 -1.2 -1 -0.8 -0.5 -0.3 0.1 0.2 0.2 1.1 2.3 3.4 3.4 3.4 3.4 3.4 6.7 16.2 16.7 17.2 17.7 18.1 18.5 18.8 13.5 13.4 12.8 14.6 14.5 16.1 16.4 15.5 17.9 18.1 19.9 21 24.3 30.6 37.8 43.1 48 52.5 57.1 58.5 58.5 60 64.9 71.6 77.9 82.7 86.7 86 86.6 89.8 95.2 99.9 104 106.7 107.4 110 112.6 115.6 117.8 119.9 123.4 129.6 136.4 142.5 142.4 141.6 140.3 138.8 135.6 131.6 127.8 124.5 117.9 126.1 132.3 133.6 132.9 136 139.6 137.1 137.6 140.9
-1.2 -1 -0.9 -0.7 -0.4 -0.1 0.2 0.5 0.6 0.6 1.8 3.1 3.4 3.4 3.4 3.4 6.8 16.7 17 17.4 17.9 18.2 18.6 18.8 16.9 15.1 15.2 15.9 16.2 16.5 16.3 14.4 19 20.3 22.3 24.5 23.8 27.8 38.1 42.4 46.7 50.7 54.8 58.5 58.5 58.5 61.9 68 75.4 78.2 80.6 79.6 88.4 92 96.7 101.9 107.3 110.3 109.5 109.3 111.7 113.1 114.8 116.7 119.9 128 135.1 140.3 139.6 138.9 136.9 134.9 131.4 128.3 124.3 120.5 114.3 126.3 130.1 132.3 131.4 130.1 132.8 131.4 131.9 134.1
-1 -0.9 -0.7 -0.5 -0.3 0 0.3 0.6 0.9 1 1.3 2.6 3.4 3.4 3.4 3.6 6.7 17.3 17.4 17.7 17.9 18.3 18.6 18.7 18.5 17.8 17.3 17.2 17.2 16.6 16.1 15.5 19.6 21.8 23.2 26.7 28.2 30.5 30.8 34.4 39.3 43.9 51.3 55.2 57.5 55.5 59.4 66.6 72.1 72.4 79.9 84.7 88.4 94.1 99 102.4 106 110.6 109.3 107.9 109.6 110.3 112.2 113.2 115.5 123.1 130.9 134.6 135.1 135.7 133.9 129.3 126.8 124.1 120.4 115 118.4 125.9 130.9 136.1 133.4 125.9 125.5 124.4 125.9 127.8
-0.8 -0.7 -0.5 -0.3 -0.1 0.1 0.4 0.7 1 1.3 1.4 2.1 3.3 3.4 3.4 3.9 7 15.4 17.8 17.8 18.2 18.3 18.6 19.4 19.8 19.3 18.6 18 16.4 16.4 16.4 16.4 20.3 24.3 26.3 30.9 30.4 33.9 37.6 42.5 46.2 44 45.4 50.5 57.7 59.5 64.5 67.6 70.6 74.3 80.6 87.3 92.1 96.6 101.2 104.7 108.1 109.8 107.2 106 107.4 107.8 108.4 110.1 112.7 120.9 128.7 131.9 131.4 130.2 128 123.1 121.5 119.3 116.4 111.7 119.5 128.6 134.2 135.8 134.2 125.8 122.7 121.3 119.6 120.7
-0.7 -0.5 -0.4 -0.2 0 0.3 0.5 0.8 1.1 1.4 1.8 1.9 2.8 3.4 3.4 4 6.3 6.7 10.8 17.6 18.4 18.4 18.8 19.2 19.7 19.6 19.4 18.7 16.4 16.4 17.9 16.4 21.4 25.4 28.7 32.4 34.6 37.7 41 44.9 48.6 50.8 48.9 54.8 58 60.6 65.6 68 70.8 79.3 86.7 91.3 95.2 98.8 102.3 105.7 108.3 107 104.8 103.7 104 104.7 105.3 105.9 109.7 121.6 129.2 131.9 129.7 127.1 124.2 120.2 115.7 113.5 109.6 111.8 122.3 129.9 134.6 136.6 133.6 126.8 121.2 118.5 116.9 113.9
-0.5 -0.3 -0.2 0 0.2 0.4 0.7 1 1.2 1.5 1.8 2.2 2.3 3.4 3.4 4.3 6.1 7.1 11.7 17.1 18.3 18.8 19.1 19.1 19.5 19.4 19.8 19.7 19.7 19.8 18.3 16.4 19.8 25.3 29.8 33.1 37.4 42.3 44.9 45.5 48.9 51.5 53.5 56.2 58.7 62.1 66.7 69.2 74.8 83.9 90.1 94 96.9 99.9 103.3 107 106.6 104.1 101.9 101.1 101.9 102.2 102.4 103 109.2 120.9 125.2 125.6 128.1 129 126.5 122.4 116.5 107.5 112.3 120 124.1 128.4 133.9 137.7 133.7 129 123.4 120.4 117.8 118.7
-0.3 -0.2 0 0.2 0.4 0.6 0.8 1.1 1.4 1.6 1.9 2.3 2.6 3.1 3.4 4.4 6.1 7.4 12.7 17.4 18.8 19.1 19.5 19.4 19.6 20.3 20.1 18.7 18.7 19.4 19.4 16.4 20 25.9 30.8 34.8 38.9 43.7 47.7 49.1 50.9 52.7 55 57.8 59.8 64.4 70.2 74.9 80.4 86.4 90.6 94.8 97.9 100.9 103.8 104.5 102.3 101.4 99.9 99.5 99.7 99.6 100.9 103.2 109.9 117.5 120.6 123.1 126.5 129.6 128.8 123.9 116.1 106.9 114 120.8 124.5 128.7 134.4 136.9 132.2 129.8 128.7 127.5 128.5 128.4
-0.1 0 0.2 0.3 0.5 0.7 0.9 1.2 1.5 1.8 2.1 2.3 2.7 3 3.4 5 6.4 8.4 12.4 18.7 19.4 19.6 19.8 19.7 21 21.3 21.3 20.2 18.9 19.4 19.8 20.3 19.2 26.6 31.8 36.1 41.2 45.7 49.9 51.4 52.9 54.4 56.3 58.6 61.7 65.4 70.8 76 80.2 84.8 89.8 94.2 98.9 101.5 101.6 100.6 98.9 98.2 97.7 97.6 98.2 99.3 101.7 105.2 110.7 114.4 118.3 122.7 128 131 128.9 123 114.2 106.2 112.1 119.7 127.1 132.5 136.9 135.1 131.4 130.8 130 129.3 131.8 132.9
0.1 0.2 0.4 0.5 0.7 0.9 1.1 1.3 1.6 1.9 2.2 2.5 2.7 3.1 3.4 5.4 6.4 8.6 14.3 20.6 21.8 21.8 22.9 20.8 21 21.3 21.6 21.9 20.8 21.7 21.1 21 19.4 25.8 31.9 37.7 42.7 47.1 50.7 53.3 54.2 55.8 57.5 60.8 63.9 67 72.6 78.6 83.1 85.8 89.1 93.9 99.3 98.4 96.7 96.4 95.8 97 97.1 98 98 99.7 102.1 105.5 109.7 113.5 117.2 121.7 126.8 127.7 126.1 120.6 113.7 104.9 110.8 120.5 128.6 135.4 134.9 129.1 129.5 130.2 131.1 132.9 136.2 137.8
0.3 0.4 0.5 0.7 0.8 1 1.3 1.5 1.7 2 2.3 2.6 2.9 3.2 3.8 7.5 6.2 10.6 13.4 22.7 20 21.4 20 20 21.5 21.6 21.9 21.8 21.7 21.8 21.9 22.2 21.4 28 30.7 37.2 43.3 47.8 50.4 52.8 55 56.4 59.4 62.7 65.5 68.9 73.5 78.6 83.6 87.1 90.8 95.7 97.3 96.1 94.3 94.7 96.3 98.3 100 100.7 100.2 99.6 101.3 104.5 108.4 112.8 115.4 118.7 123.3 124 121.8 117.3 112.4 105.8 104.9 119.3 126.3 131.7 129.4 128.5 128.3 128 130.4 133.4 137.7 139.9
0.5 0.6 0.7 0.9 1 1.2 1.4 1.6 1.9 2.2 2.4 2.7 3 3.3 4.1 6.2 6.8 10.3 18.3 24.3 21.9 20 20 20 21.5 20.8 20 22.6 22.8 23 22.5 21.9 22.8 24.6 29.8 35.6 43.7 47.5 50 52.4 53.8 56.8 61 63.9 66.1 69.6 73.5 78.8 83.3 87 90.9 94.1 93.5 92.4 93.3 95.9 98.5 102.7 107.3 104.7 102.6 101.2 101.8 103.5 108.2 111.8 114.9 118.1 122.1 121 117.3 113.9 110.6 104.6 104.8 117.7 122.4 126 126 127 127.5 126 130.1 137.2 138.1 139.5
0.7 0.7 0.9 1 1.2 1.4 1.6 1.8 2 2.3 2.6 2.8 3.1 3.4 4.1 6.1 17.8 29.5 22.9 26.8 26.4 22.3 24.5 27.7 20 20 20 23.6 24.3 24.3 23.5 22.1 23 23 30.3 32.5 41.6 47.1 49.5 50.9 52.3 58.3 60.7 64 66.9 69.1 73 77.2 81.1 84.9 87.4 88.6 88.2 93 95 97.8 106.5 117.5 118.6 114.8 106.8 103 102.3 104.1 107.2 110.2 113.4 117.3 120.1 118.9 114.1 109.1 107.7 102 109 115 119.1 122.2 124.7 128.9 128.5 124.7 131.2 138.5 138.4 140.5
0.9 0.9 1.1 1.2 1.4 1.5 1.7 2 2.2 2.4 2.7 3 3.3 3.4 4.5 6.3 11.7 26.5 25.5 27.2 26.6 26.6 21.3 21.7 20 20 20 20.1 26 25.8 25 23.7 23.5 23.5 29.8 29.3 39.1 46.3 46.5 46.2 50.4 56.5 59.4 64.8 66.3 67.7 70.8 75.1 75 83.4 86.4 90.9 94.6 97.7 99.6 103.8 116.7 123.3 126.7 124.1 111.7 105.1 102.7 103.9 106.8 109.7 112.1 114.5 116.1 116.8 104.8 101.6 99.8 102.1 110.5 114.1 116.9 121.2 124 132.2 130.6 127.6 133.5 138.2 138.9 136
1.1 1.1 1.3 1.4 1.6 1.7 1.9 2.1 2.3 2.5 2.8 3.1 3.4 3.4 5 6.3 12.1 12.6 25.8 26.8 28.8 31.7 31.3 32.3 30.3 31.4 35.4 33.2 28.4 27.2 26.4 25.9 26.2 24.8 23.7 31.2 34.5 41.5 37.9 42.6 48.2 54.8 58.2 61.5 64 61.8 65.1 73.6 76 71.2 86 94.7 102 102.7 106.9 118.3 122.6 129.1 135.1 130.6 121 112.6 101.7 103 105.7 108.3 108.5 109.5 111.3 106.4 97.6 96.3 101.2 108 112.3 114.6 116.4 121 127.4 133.7 130.7 129.2 134.3 136.3 137.1 129.9
1.3 1.3 1.4 1.6 1.7 1.9 2.1 2.3 2.5 2.7 2.9 3.2 3.4 1.9 5.8 6.7 11 17.2 26.5 27.8 28.5 28.8 28.9 28.5 31.5 36.1 37.8 39 33.5 29.9 29.4 29.4 29.5 27.6 24.5 28.9 31.9 34.3 36 43.7 48.1 52.6 56.5 57.9 53.7 61.7 68.4 76.2 65.3 75.2 90.7 102.9 107.1 106.7 111.8 121.7 128.2 136.5 138.3 132.2 126.7 116.3 104.8 98.9 103.5 105.4 105 105.8 103.9 97.2 91.7 101.8 106.7 110.8 112.3 113.2 116.4 119.5 127.1 131.7 128.2 128.9 134.6 135.7 135.1 127.7
1.5 1.5 1.6 1.8 1.9 2.1 2.2 2.4 2.6 2.9 3.1 3.4 3.4 2.8 6.3 9.5 8.7 20.6 26.1 28.4 31.1 32.9 32.8 31.2 32.5 37.2 41.1 46.4 43.7 34.8 33 32.2 30.2 27.5 25.4 25.4 32.1 33.2 38.1 44.4 48.5 44.4 45.1 49.1 57.2 62.7 68.4 65.7 63.7 80.5 97.4 108.1 112.4 115.4 116.8 128.3 134.3 139.2 138.2 131.7 128.3 118.9 105.1 97.8 99.5 102.7 101.6 101.1 90.9 92.1 99.3 104.1 108.9 109.4 108.1 110.3 113.7 117.8 122.6 124.3 124.2 130.3 132.9 134.7 134.2 128.4
1.7 1.6 1.8 1.9 2.1 2.2 2.4 2.6 2.8 3 3.2 3.4 2.3 5.7 7.2 9.9 9.7 18 25.2 28.9 34.2 37 38.3 36.4 34.9 39 45.9 53.3 56 36.9 34.9 33.8 32.6 30.2 25.3 27.2 32.1 34.6 42.8 40.9 38.9 43 49.4 53.6 57.1 61.8 68 74 78.6 92 103.5 111 119.1 124.5 130.1 132.3 133.5 137 134.2 130.5 128 115.3 103.9 92.7 95.7 97.2 95.7 87.9 90.8 95.9 100 102.5 105.3 104.6 103.8 105.8 108.3 115 116 118.5 126 131.8 133 133 132 129.2
1.9 1.8 2 2.1 2.3 2.4 2.6 2.8 3 3.2 3.4 2.6 3.2 4.9 4.9 8.9 10.4 24.9 26.9 30.6 36.1 40.6 41.9 40.4 38.9 41.1 49.3 56.2 58.5 40.8 37.7 37.3 36.1 34.4 28.7 28.4 32.4 33.3 38.7 35.3 41.7 45.5 49.8 53.7 57.7 63 67.4 73 78.6 89.2 104.1 112.3 125.2 137.6 142.5 137.4 134.1 136.6 133.9 127.5 121.7 109.1 99.4 89.3 90 92.5 92.3 85.8 94.6 99.2 99.1 99.8 101.6 100.6 100.2 102.3 105.5 108.8 114.9 122.5 130.4 133.7 133.1 131.3 129.9 126.9
2.1 2 2.1 2.3 2.5 2.6 2.8 2.9 3.1 3.3 2.8 2.1 7.8 4.9 4.9 26.2 24.8 24.5 28.2 31.5 36.2 41.2 43.6 42.5 40.9 43.9 50.1 57.1 57.3 42.8 40 40.6 39 37.1 31 29.1 29.4 33.8 32.7 34.6 40 44.6 49.6 55.1 59.6 66.8 74.5 83.9 93.3 102.9 109.4 121.5 133.5 145.9 148.6 143.5 136.5 130.2 128.3 123.3 115 107.6 100.2 88.6 86.3 88.2 87.3 84 94.9 97.1 96.5 96.6 96.6 97.8 99.7 105 108.1 110.9 117.9 127.6 134.1 135.1 133.3 131.1 129.5 125.3
2.3 2.2 2.3 2.5 2.6 2.8 2.9 3.1 3.3 2.8 1.7 4 7.1 10.6 9.9 14.2 23 22.7 28.1 31.3 35.5 40.6 43.3 43.4 43 44.8 50.9 55.2 51 44.8 42.4 42.6 41.2 38.3 31.3 28.2 29.3 31.1 32.9 35.2 40.4 45.1 51.9 57.5 62.8 70.2 80.3 91.8 102 112.7 122.3 130 139.5 149.5 151.3 144.9 134.4 129.1 125.8 120.1 112.5 106.9 98 89.1 85.7 85.5 83 87.5 93.2 92.4 92.3 95.2 97.5 101.2 104.5 108.2 109.5 111.4 120.3 128.2 134.6 135.7 133.8 131.6 129 125.4
