data/SD47.asc
ncols 200
nrows 200
xllcorner 340000
yllcorner 470000
cellsize 50
[rows 0 to 37 of 200, columns 0 to 86 of 200]
198.7 197 194 189.9 184.7 175 167.7 160.1 152.8 150.1 156 160.9 155.8 145.7 138.9 130.4 119.6 106.9 95.2 87.5 88.3 87.5 86.1 85.7 75.1 63.9 53.7 41.9 33.5 23.2 12.9 7.2 6.3 5.7 5.7 6.1 6.4 6.7 6.5 6 6 5.7 5 3.6 4.4 4 4.1 4.2 4.4 4.6 4.8 5 5 5 5 5 5 5 5 5 5.1 5.4 6.8 12 11.9 16.5 29 30.3 33.3 36.7 40.1 42.5 44.2 49.4 53.6 53.8 54.2 56.1 54.2 52.9 52.5 53 48.3 35.6 13.2 5.3 5.3
198.9 197.8 195.4 192.5 183.4 175.1 168.1 162.7 154.6 151.3 154.6 155.9 152.9 144.3 139.4 132 117.5 106.5 92.6 85.1 85.3 83.8 80.8 84.4 76.5 65.2 56.2 46.4 35.9 23.7 11.7 7.3 6.5 5.8 5.5 5.5 5.9 6.2 5.9 5.6 5.5 5.8 5.4 5.1 4.3 3.9 4 4.1 4.3 4.5 4.7 4.9 5 5.1 5.1 5.1 5.1 5.1 5.1 5.2 5.5 6.7 7.3 12.3 12.4 21.9 27.8 31 33.7 36.3 40.3 42.5 45.7 51 53.7 54.2 54.7 56 53.8 51.6 50.5 50 46.8 22 8.8 5.6 5.3
202.3 199.5 196.5 191.7 183.4 176.2 168.9 164.3 157.1 155.4 152.8 153.1 146.4 142.6 139.3 133.3 118.8 104 90.6 83.3 81.3 79 75.4 83.4 77.9 66.4 57.1 49.2 36.6 24.6 10.9 7.5 6.4 5.7 5.7 5.2 5.5 5.6 5.3 5 5.3 6.8 6.3 5.8 4.9 3.8 3.9 4.1 4.3 4.5 4.7 4.9 5.1 5.1 5.1 5.2 5.2 5.2 5.3 5.6 6.1 6 9 11.7 16 25.8 30.7 31.7 35.5 38 42.2 43.8 47.4 52.3 53.9 53.4 54.8 55.8 53.3 50.3 47.2 45.7 40.2 17.5 5.7 5.5 5.5
204.2 201.1 199.5 193.4 185.6 176.9 167.8 166.3 159.7 156.4 153.2 150.8 148 143.3 140.3 133.1 119.8 101.6 88.4 81.5 80.1 75.1 72.4 81.5 77.1 67.9 58 48.6 38.5 27.3 12.2 6.9 5.7 5.5 5.4 5.2 5 5 5.1 5.6 6.1 7 9 7 4.7 4.3 3.8 4 4.2 4.4 4.6 4.8 5 5.2 5.2 5.2 5.2 5.4 5.7 5.5 5.4 5.6 6.9 10.9 21.6 28.7 30.8 31.9 36 39.7 45.8 46.6 47.6 53.5 53.6 54.2 54.6 53.8 51.1 48 44.9 41.9 30.1 9.6 5.6 5.4 5.5
205.9 202.9 199.9 193.1 186.8 180.7 170 169.4 164.6 156.7 153.9 152 147.6 142.5 134 127.6 117.3 99.6 82.4 79.9 79.4 73.3 66.8 75.5 77.3 69.2 58.8 48 36.6 27.2 14.2 7.2 4.9 4.9 4.9 4.9 4.9 5 5.4 5.9 6.4 7.4 12.6 6.3 5 4 3.9 4.1 4.3 4.5 4.7 4.9 5.1 5.1 5.1 5.1 5.1 4.5 4.7 5.1 5.5 5.7 9.1 12.8 25.9 29.5 32 35.9 40.1 43.3 48.2 49.3 49.8 54.4 56.4 56.4 54.6 52.4 49.9 47.2 45 41.4 23.4 5.9 5.7 5.4 5.2
205.7 204.3 198.3 193.8 188.5 184.3 173.9 170.4 164.6 156.1 154.9 152.2 146.9 141.2 133.5 128 120.2 97.4 83.4 79.1 77.8 71 66.6 74.6 78 71.1 59.4 50.6 39.8 28.4 16.2 6.7 5 4.9 4.9 5 5 5.1 5.3 5.6 5.9 6.3 16.2 8.3 4.5 4.1 3.9 4.2 4.4 4.6 4.8 5 5.1 5 5 5 4.7 4.6 4.7 5 6.1 7.7 8.6 11.1 26 31.9 34.2 41.6 44.4 47.2 48.9 49.6 51 54 56.4 56.4 54.8 52.6 49.5 46.9 46 41.1 20.4 6.2 5.7 5.5 5.3
205.1 206.1 199.4 193.9 190.7 187 172.1 169.9 164.1 152.9 149.5 151.5 146.3 141.1 136 127.7 120.8 97.2 85.9 84.3 76.7 69.2 64.2 72.1 80.2 70.5 61.2 54.3 42.9 30.9 17.5 7.3 5 5 5.1 5.1 5.1 5.1 5.3 5.6 5.9 6.1 16 8.4 5 4.1 4 4.2 4.4 4.6 4.9 5.1 4.9 4.8 4.9 4.9 4.3 4.7 4.8 5 5.5 7.1 9 11.6 26.8 32.2 35.8 44.4 47.3 48.4 48.5 48.2 49 52.7 56.3 56.4 55.1 54 53.4 50.3 48 42.8 11 6 5.8 5.5 5.3
210 201 198.4 196.2 192.5 188.6 175.7 165.5 161.5 152.5 150.7 149 145.8 140.9 135.1 127.3 119.4 97.6 84.3 84.1 80.7 68.6 61.5 72.1 74.7 69.3 61.3 55.7 45.5 33.6 22.5 10.5 5.2 5.2 5.2 5.2 5.2 5.2 5.4 5.6 5.9 6 13.7 5.9 5.4 2.8 4.2 4.3 4.5 4.8 5.1 4.9 4.8 4.7 4.7 4.4 4.4 4.8 4.9 5 5.2 6.5 8.6 12.1 28.7 35.4 38.5 44 47.2 47.3 47 46.7 47.4 50.7 54.4 56.2 55.4 53 50.8 47.9 43.4 31.7 4.9 6 5.8 5.6 5.3
213.4 206 201.1 199.1 195.4 191.4 179.4 168.9 164 159.7 151.4 147.5 145.4 141.6 133.1 122.7 118.7 103.6 82.8 81.9 79.2 67.9 59.3 71.7 72.9 71 64 55.7 46.7 36.3 27.3 14.2 5.3 5.3 5.3 5.3 5.3 5.3 5.4 5.6 5.8 5.3 5.9 5.5 5.2 5.3 3.2 4 4.7 5 5 4.8 4.6 4.6 4.6 4.2 4.6 4.9 5 5.1 5.2 5.9 8 12.3 35.9 40.6 43.3 44.4 45.5 45.7 45.4 45 45.8 48.5 51.9 53.8 52.2 47 43.5 33.3 22.5 12.5 4.8 5.7 5.8 5.6 5.3
217.2 210.5 204.7 199.4 196.8 193.3 184.6 173.9 167.1 162.5 154.1 146.8 145.6 142.7 131.4 119.3 115.3 114.5 80.2 78.3 75 66.2 60.9 74.3 76.5 71 64.3 56.9 49.2 39.8 29.2 18.5 7.8 5.3 5.4 5.4 5.4 5.4 5.4 5.7 4.2 4.4 4.3 4.5 5.1 5.2 5.3 5.2 2.3 5 4.8 4.6 4.5 4.5 4.2 4.1 4.8 5 5.1 5.2 5.3 5.4 6.6 9.1 40.6 46.1 49.3 48.4 46.9 44.2 43.6 43.2 44.1 46.7 48.2 47.7 41.2 36 27.9 15.1 4.9 4.9 5 5.3 5.7 5.5 5.3
219 216.7 207.1 199.8 194.9 194.3 188.9 178.6 167.9 163.5 157.3 150.7 145.6 142.3 130.3 116.7 108.3 112.9 80.4 74.1 72.4 64.4 60.3 78.1 83.2 73.7 67.4 61 53.3 42.3 31.5 21.3 10.4 5.4 5.4 5.3 5.4 5.4 4.2 4.7 4.3 4.2 4.2 4.3 5 5.2 5.3 5.5 5.6 5.4 2.9 4.5 4.4 4.3 4 4.3 5.1 5.2 5.2 5.3 5.4 5.5 5.7 7.4 40.1 49.6 53.2 51.1 47.7 44.5 42.1 41.7 42.3 43 42.6 38.5 33.4 25 13.6 4.7 5.2 5.3 5.3 5.3 5.8 5.5 5.3
218.1 217 208.5 203.2 194.7 195.7 190.9 181 170 163.5 157.7 154.4 150.1 142.4 134.2 114.9 105.9 108.2 87.4 69.5 67.1 63.3 58.5 74.7 87.5 79.7 68.9 62.5 56.2 46.1 34.7 23.6 13.3 6.2 5.9 5.5 5.1 4.8 4.4 4.2 4.2 4.2 4.3 4.3 4.9 5.1 5.3 5.4 5.6 5.6 5.5 5 3.5 4 3.9 4.5 5.2 5.3 5.3 5.4 5.4 5.5 5.5 8.4 36.1 48.6 52 50.9 47.7 43.7 41 40.2 40.2 38.6 35.7 32.5 24.9 11.8 4.6 4.3 4.9 5.5 5.7 5.6 5.5 5.4 5.3
218.8 214.5 211.1 205 201 192.6 189.1 177.4 166.1 158.3 155.1 164.7 155.7 145.1 136.3 118.5 103.9 97.4 88.5 65.3 60.5 58.2 57.7 68.8 85 82.9 73.9 64.7 57.6 48.6 40.1 27.3 17.6 7.2 6.5 5.9 5.2 4.2 4.5 4.2 3.9 4.2 4.3 4.3 4.7 5 5.2 5.4 5.5 5.4 5.3 5.1 4.9 2.7 4 4.7 5.3 5.3 5.3 5.4 5.4 5.5 5.5 11.7 37.5 45.8 49.3 48.5 45.2 42 39.8 38.1 35.2 31.4 27.6 20.6 8.3 4.5 5 4.6 4.4 4.5 5.2 5.9 5.8 5.5 5.3
217.7 214.4 210.1 205.9 202.2 197.1 187.5 176.7 166.3 156.7 154.2 164.8 161.2 147.8 135.4 122.9 102.5 90.3 76.2 59.6 53.9 48.1 53.1 66.4 81.8 85.6 79.3 70.6 61.9 52.1 45.3 32.1 21.5 10.2 6.7 5.8 4.9 4.4 4.3 4 3.8 4.1 4.3 4.4 4.5 4.9 5.1 5.3 5.3 5.2 5 4.8 4.7 4.5 4.5 2.5 4.5 5.3 5.3 5.4 5.4 5.5 5.5 16.3 38.5 44.9 46.3 43.6 40.6 39.1 36.9 35 31.9 24 11 4.3 4.4 4.9 7.5 8.7 7.3 5.1 5.1 5.1 5.2 5.6 6.9
214.9 213.2 209.2 205.9 202.2 197.5 192 179.3 166 155.5 151.1 157.5 165.2 150.8 135.3 122.7 103.5 85.5 69.9 57 50 43.5 51.2 63.8 82.2 90.9 84.4 76.5 68.7 58.3 49.3 36.5 27.6 15.9 6.5 5.3 4.5 4.2 4 3.7 3.7 4 4.2 4.4 4.4 4.9 5 5.2 5.1 4.9 4.8 4.6 4.5 4.5 4.4 4.4 4.4 2.4 4.9 5.2 4.9 4.9 5.2 16.4 40.4 42.8 40.2 38.3 35.2 34.7 33.9 31.5 26.3 9.7 8.9 6.7 5.6 5 5 4.5 5.3 5.4 5.2 5.3 5.3 5.1 5.1
213.8 212.7 209.2 205.9 202 197.2 192.3 182.5 166.7 150.6 148.1 152.1 157.7 151.1 135 118.6 102 83.1 62.5 55 49.3 43.4 48.1 62.9 82.1 94.6 86.1 78.3 71.1 62.9 52.8 41.8 33.6 23 10.4 4.8 4.3 4 3.7 3.5 3.6 3.9 4.1 4.3 4.5 4.8 5 5 4.8 4.7 4.6 4.5 4.4 4.4 4.3 4.4 4.4 4.3 3.6 3.6 4.3 4.6 4.9 12.7 42.7 38.9 35.5 33.8 33.1 33.1 31.1 14.2 8.8 3.8 4.7 4.6 5.2 5.5 5.1 4.8 5.5 4.7 5.3 5.4 5.3 4.9 4.8
213.4 212.3 209.2 205.4 201.8 197 191.7 186.9 168.4 152.2 144.4 144.5 150.9 150.5 135.3 116.8 100.1 83.5 63.5 50.9 46.4 43 45.6 64.6 80.9 98 93.3 82.5 74.7 66.2 57.5 48.8 39.5 30.7 13.7 3.6 3.8 3.8 3.5 3.3 3.5 3.7 4 4.2 4.5 4.7 4.9 4.7 4.6 4.5 4.5 4.4 4.3 4.3 4.2 4.3 4.3 4.2 4.1 4 2.4 4.3 4.9 11.3 41.4 37.4 31.4 12.5 10.7 10.4 7.4 5.2 5 5.3 5 4.9 4.8 5.3 5.3 4.4 4.5 5.2 5.4 5.5 5.4 4.7 4.4
212.3 211.5 208.3 204.7 198.5 192.9 191.2 185.1 170.2 155.4 144.8 139.8 140.2 144.3 134.9 120.5 99.9 84.3 64.3 49.2 43.4 40.8 44.4 62.5 77.2 100.9 96.6 86.7 77.1 69.4 61.6 53.6 44.2 35.4 16.7 3.9 3.7 3.3 3.3 3.1 3.4 3.6 3.9 4.1 4.4 4.6 4.6 4.5 4.5 4.4 4.4 4.3 4.2 4.2 4.1 4.2 4.2 4 4 4 4 4.1 2.8 5.5 20.9 22.8 11.1 9.9 9.4 5.3 4.9 5.3 5.3 5.4 5.4 5.3 5.2 5.1 5.3 5.7 4.9 5.9 5.6 5.4 5.2 4.6 4.1
207.3 209.3 205.5 201.5 196.5 187.4 184.9 179.6 167.5 155.7 146 137.8 132.7 126.8 124.9 124.8 103.8 80.3 63.2 50.9 43.9 39.3 44.7 60.4 73 94.7 97.1 88.3 79.7 70.7 63.2 57.1 47.9 38.7 19.3 6.8 4.4 3.8 3.2 3.1 3.4 3.6 3.9 4.1 4.4 4.6 4.5 4.4 4.4 4.3 4.2 4.2 4.1 4.1 4 4.2 4.1 3.9 3.9 4 4 4.3 4.7 4.6 -2.8 9.7 5.9 5.2 5.5 5.4 5.1 4.9 5.2 5.6 5.7 5.6 5.5 5.4 5.2 5.4 5.1 4.8 5.8 5.5 5 4.2 3.8
198 197.4 191.8 188.6 179.9 169.9 164.4 165.8 162 154.9 146.7 137.1 130.2 121.7 111.7 109.9 105.9 85.9 63.5 51.6 44.1 38.1 44 58.4 70.5 84.9 93.1 89.4 80.4 71.7 64 57.4 49.8 41.1 22.6 9.6 4.2 3.5 3.1 3.2 3.5 3.7 4 4.2 4.4 4.5 4.4 4.3 4.3 4.2 4.1 4.1 4 3.9 3.9 4.1 4 3.8 3.8 3.9 4 4.5 5 9.7 -2.8 -2.8 4.3 5.2 5.3 5.1 4.8 4.6 4.8 5.2 5.3 5.2 4.9 4.7 4.7 5 4.4 4.5 4.2 4 3.7 3.5 3.4
193.2 191.3 187.1 177.8 164.7 159.2 155.2 150.2 157.5 152.9 145.9 136.9 129.4 118.4 110.7 101.5 100.3 91.6 73.6 59.7 46.4 37 40.3 59.2 63.4 78.2 91.9 91.2 82.6 75.1 66 58.6 49.9 42.3 25.6 11.2 4.1 3.3 3.2 3.3 3.6 3.8 4.1 4.2 4.3 4.4 4.5 4.2 4 4.1 4 4 3.9 3.8 3.9 4 3.9 3.7 3.7 3.9 4.1 9.2 5.5 5.3 5.5 -2.8 5 5.5 5 4.7 4.4 4.3 4.3 4.7 4.4 4.3 4.2 4.1 4.2 4.1 3.8 3.7 3.6 3.5 3.3 3.1 3
186 185.6 177.3 165.2 157.3 152.3 148.5 145.1 148.1 149.4 143.8 136.9 129 119.7 108.8 99.1 94.4 94.9 79.9 64.9 50.9 37.7 39 56.1 59.3 67 87.9 92.8 85.5 77.4 67.4 57.7 48.9 41.8 28.1 12.8 3.8 3.3 3.3 3.4 3.7 3.9 4 4.1 4.2 4.3 4.6 4.2 4 3.8 3.9 3.9 3.8 3.7 3.8 4 3.8 3.6 3.7 8.3 5.3 5 4.8 4.6 4.8 -2.8 -2.8 4.4 4.6 4.4 4.1 4 3.9 3.8 3.6 3.5 3.5 3.5 3.4 3.5 3.4 3.3 3.2 3.1 2.9 2.8 2.6
173.7 171.1 162.3 152.6 149.8 145.6 142.6 141 142.4 144.6 140.7 134.7 128.4 120.3 107.6 97.9 90.4 89.1 82.1 67.2 52.8 38.4 36 47.3 54.8 57.7 72.4 91.4 87.6 78.9 69.7 59.8 49.4 42.3 29.5 12.5 3.7 3.3 3.3 3.6 3.7 3.8 3.9 4 4.1 4.2 4.5 4.2 4 3.8 3.6 3.6 3.7 3.6 3.7 3.9 4.4 7.8 5.2 4.8 4.5 4.2 4.1 4 4 -2.8 -2.8 3.8 3.8 3.8 3.8 3.8 3.4 3.1 3 2.9 2.9 2.9 2.9 3.1 3 2.9 2.8 2.7 2.5 2.4 2.2
163.6 160.9 154.4 146.8 143.9 139.6 136.5 136.8 137 138.8 138.5 133.5 128.5 120.9 108.9 97.4 90.4 84.9 80.8 68.3 55.4 40.2 33.5 41.8 47.8 54.1 58.8 80.9 89.5 79.7 71 62 48.2 40.8 29.7 11.8 3.6 3.3 3.4 3.5 3.6 3.7 3.8 3.9 4 4.2 4.4 4.3 4 3.8 3.6 3.4 3.3 3.4 5.3 7.4 5.1 4.7 4.2 3.9 3.5 3.2 2.9 2.8 2.9 3.7 -2.8 3.8 3.8 3.8 3.8 2.9 2.7 2.5 2.4 2.3 2.3 2.3 2.5 2.7 2.7 2.6 2.5 2.3 2.2 2 1.8
157.1 154.4 149.2 143.4 138.1 134.4 131.5 133.1 133.5 133.8 135.7 131.8 129.3 120.5 108.5 97.7 87.4 79.2 79 67.2 55.7 42.6 28.6 37.5 42.8 48.9 51.6 63.4 78.2 78.9 70.5 59.2 46.1 39.8 29 12.6 3.6 2.5 3.4 3.7 3.5 3.6 3.8 3.9 4 4.1 4.2 4.5 4 3.7 3.6 3.4 5.9 6.7 4.9 4.6 4.1 3.6 2.9 2.4 2.1 1.7 1.5 1.3 1.5 2.2 -2.8 -2.8 3.8 3.8 3.8 1.7 2.1 1.8 1.8 1.7 1.7 1.8 2 2.2 2.4 2.2 2.1 2 1.8 1.6 1.4
151.3 149.2 143.7 139.5 133.6 129.5 126 127.1 127.5 128.2 128.5 127 125.5 119.2 109.7 99.3 87.6 78.5 75.8 65.5 54.7 44.1 29.4 32.8 39.5 43.7 46.7 49.5 58.9 73.7 70.2 58.3 45.7 38.4 28.6 10.2 4 3.2 3.3 3.5 3.7 3.6 3.7 3.8 3.9 4 4.1 4.6 4.1 3.8 6.3 5.8 4.6 4.4 4.1 3.5 2.7 2.1 1.4 0.8 0.6 0.2 0.1 -0.1 0 0.8 -2.8 -2.8 3.8 3.8 2.3 1.1 1.4 1.2 1.1 1.2 1.2 1.4 1.6 1.7 1.9 1.9 1.7 1.6 1.5 1.3 1.1
145.9 145.2 140.9 139.1 129.5 125.3 121.1 121 122.1 123.4 124 121.5 121.3 117.3 110.5 99.8 89.3 78.6 71.8 62.3 51.8 39.8 27.1 28.3 35.4 40.4 43.2 44.8 52.5 69.6 66.8 54.8 44 35.6 26.7 10.3 4.1 3.1 3.1 3.5 3.7 3.9 4.2 3.7 3.8 3.9 4 4.5 6.4 4.9 4.7 4.4 4.1 3.6 2.7 1.9 1 0.3 -0.2 -0.8 -1 -1.2 -1.4 -1.5 -1.4 -0.5 1.5 -2.8 3.8 3.6 0.4 0.5 0.7 0.6 0.6 0.6 0.7 0.9 1.1 1.3 1.4 1.5 1.4 1.3 1.1 1 0.7
145.2 138.9 136.8 135.1 128 123.6 119.1 116.1 116.5 118.1 119.2 116.8 117.4 114.8 109.3 101 92.4 82.8 72.5 59.7 47.8 37.3 24.2 22.3 31.5 37.5 41.3 43 48.5 65.8 59.4 48.9 40.6 31.9 22.6 6.7 4.5 3.3 2.7 3.2 3.6 3.8 4 4.5 4.1 3.8 7.5 4.6 4.8 4.6 4.4 4.1 3.5 2 1 0.1 -0.7 -1.4 -1.9 -2.8 -2.8 -2.8 -2.8 -2.8 -2.8 -2.8 -2.8 -2.8 -2.8 1.7 -0.7 -0.1 0.1 0 0 0.1 0.3 0.5 0.6 0.8 1 1.2 1 0.9 0.7 0.6 0.4
148.2 139.5 136.5 130.1 126.9 123.1 119.3 115.2 111 113.2 113.7 111.1 111 109.9 105.7 98.5 90.9 81.5 70 55.7 43.5 31.7 22.3 17.1 30.1 39.6 43.1 43.1 46.2 49.5 49.2 44.4 35.3 26.5 20 3.3 4 3.2 3 3.3 3.3 3.7 4 4.2 7.5 4.9 4.8 4.6 4.3 4.4 4.1 3.9 2.3 0.5 -0.7 -1.6 -2.8 -2.8 -2.8 -2.8 -2.8 -2.8 -2.8 -2.8 -2.8 -2.8 -2.8 -2.8 -2.8 -0.3 -1.2 -0.6 -0.6 -0.5 -0.5 -0.4 -0.2 0 0.2 0.3 0.5 0.7 0.7 0.5 0.4 0.3 0.1
149.4 141.9 136.6 130.8 127 124.4 120.6 116.8 111.7 108.8 108.7 105.6 103.6 103.1 98.8 93.8 86.4 77.7 66.5 52 39.4 29 19.9 15 28.4 40.5 43.3 43.6 43.4 44.1 44.5 37.2 29.5 21.5 13.4 3.4 4.5 3.4 3.6 4 4.2 4.5 7.6 5.8 5.6 4.4 4.6 4.5 4.3 4.1 3.9 2.8 0.5 -1.1 -2.8 -2.8 -2.8 -2.8 -2.8 -2.8 -2.8 -2.8 -2.8 -2.8 -2.8 -2.8 -2.8 -2.8 -2.8 -2.8 -1.8 -1.3 -1.2 -1.1 -1 -0.8 -0.6 -0.5 -0.3 -0.1 0.1 0.2 0.4 0.2 0.1 -0.1 -0.3
147.7 143 137.5 131.9 127.9 125.1 123.4 120.7 114.3 109.7 105.6 100.6 97.3 95.5 91.1 85.6 79.6 73.8 60.4 47.2 37.8 27.9 14.7 10.5 28.6 38.3 41.9 40.8 41.3 41.8 38.2 32.1 23 16.1 11.4 4.6 5.4 3.6 3.8 4.7 8.1 4.5 4.9 5.5 3.8 4.1 4.3 4.3 4.1 4 3.6 0.6 -2.8 -2.8 -2.8 -2.8 -2.8 -2.8 -2.8 -2.8 -2.8 -2.8 -2.8 -2.8 -2.8 -2.8 -2.8 -2.8 -2.8 -2.8 -2.4 -1.9 -1.8 -1.6 -1.5 -1.3 -1.1 -0.9 -0.8 -0.6 -0.4 -0.2 -0.1 -0.1 -0.3 -0.4 -0.6
144.1 141 135.8 131.9 128 126.9 125.3 123.1 118.7 114.2 107.3 102.3 95.5 90.7 85.2 79.2 73.1 65.8 54.6 41 36.7 25.2 7.4 7.4 27.3 34.8 35.3 27.5 27.7 31.7 33.4 28.7 21 14.1 9.2 5.2 3.2 3.2 8.3 4.4 4.5 4.7 4.9 5.4 4 3.8 4 4.1 4 3.8 1.2 -2.8 -2.8 -2.8 -2.8 -2.8 -2.8 -2.8 -2.8 -2.8 -2.8 -2.8 -2.8 -2.8 -2.8 -2.8 -2.8 -2.8 -2.8 -2.8 -2.8 -2.8 -2.3 -2.1 -1.9 -1.7 -1.6 -1.4 -1.2 -1 -0.9 -0.7 -0.5 -0.4 -0.6 -0.8 -1
139.2 135.3 130.7 125.7 123.5 122.7 124.1 123 121 117.6 110.5 104 96.5 87.1 79.7 73.1 66.8 57.2 47.9 36.2 31 18.8 6.2 13.6 18.6 32.7 29.6 21.7 19.4 22.8 27.4 25.6 16.2 11 3.6 2.9 8.1 4.6 4.6 4.6 4.7 5.1 4.9 5.4 5.6 3.8 3.8 3.9 3.8 1.3 -2.8 -2.8 -2.8 -2.8 -2.8 -2.8 -2.8 -2.8 -2.8 -2.8 -2.8 -2.8 -2.8 -2.8 -2.8 -2.8 -2.8 -2.8 -2.8 -2.8 -2.8 -2.8 -2.7 -2.6 -2.4 -2.2 -2 -1.9 -1.7 -1.5 -1.3 -1.2 -1 -0.8 -0.9 -1.1 -1.3
134.9 134.3 124.1 120.9 118.2 117.5 119.3 120.1 121 118.8 113.7 107.1 99.1 89.1 80.8 70.4 59.7 50.6 34.7 28.3 23.4 13.2 7.7 8.3 18.8 23.8 24.4 18.4 7.6 14.7 18.2 18.7 10.7 9.3 8.2 4.9 5 5.3 3.9 5 4.9 5.3 5.3 4.3 6.6 7.1 4.7 3.3 -2.8 -2.8 -2.8 -2.8 -2.8 -2.8 -2.8 -2.8 -2.8 -2.8 -2.8 -2.8 -2.8 -2.8 -2.8 -2.8 -2.8 -2.8 -2.8 -2.8 -2.8 -2.8 -2.8 -2.8 -2.8 -2.8 -2.8 -2.7 -2.5 -2.3 -2.1 -2 -1.8 -1.6 -1.4 -1.3 -1.2 -1.4 -1.6
131.6 131.1 120.8 116.4 114.5 110.4 114 114.6 117.3 114.7 113.2 109.3 100.6 91.8 83.7 73.4 59.9 46.6 32.1 20.5 13.7 8.8 6.4 6.1 11.4 20.7 22.8 11.6 6.4 10 10.5 8.9 5.8 4.6 4.8 4.7 5 5.3 4.7 4.8 4.4 5.2 4.6 4.4 9.4 16.6 10.6 -2.8 -2.8 -2.8 -2.8 -2.8 -2.8 -2.8 -2.8 -2.8 -2.8 -2.8 -2.8 -2.8 -2.8 -2.8 -2.8 -2.8 -2.8 -2.8 -2.8 -2.8 -2.8 -2.8 -2.8 -2.8 -2.8 -2.8 -2.8 -2.8 -2.8 -2.8 -2.6 -2.4 -2.3 -2.1 -1.9 -1.7 -1.6 -1.8 -2
128.9 129.4 118.3 114.1 109.8 106.7 105.1 106.7 111 109.8 108 105.6 97.2 88.5 81.7 71.7 58.9 44 32.1 20.9 11.4 7.2 6 7.3 8.7 9.3 8.8 8.6 8.5 5.5 5.7 6 5.1 4.3 4.6 4.5 4.8 4.9 4.9 5.2 3.7 5.3 3.8 4.4 14.6 18.6 -2.8 -2.8 -2.8 -2.8 -2.8 -2.8 -2.8 -2.8 -2.8 -2.8 -2.8 -2.8 -2.8 -2.8 -2.8 -2.8 -2.8 -2.8 -2.8 -2.8 -2.8 -2.8 -2.8 -2.8 -2.8 -2.8 -2.8 -2.8 -2.8 -2.8 -2.8 -2.8 -2.8 -2.8 -2.7 -2.5 -2.4 -2.2 -2 -2.1 -2.3
126.3 123 112.7 108.1 105.8 102.2 98.6 97.7 102.1 100.1 97.8 93.4 87.9 80.5 74.1 62.5 48.7 37 26.2 19.3 10.8 4.9 4.9 7.8 8 7.9 5 5 5 5 5.3 5.3 4.8 4.3 4.5 4.4 4.4 4.4 4 4.7 4.8 4.7 4.5 6.5 15.7 19.2 -2.8 -2.8 -2.8 -2.8 -2.8 -2.8 -2.8 -2.8 -2.8 -2.8 -2.8 -2.8 -2.8 -2.8 -2.8 -2.8 -2.8 -2.8 -2.8 -2.8 -2.8 -2.8 -2.8 -2.8 -2.8 -2.8 -2.8 -2.8 -2.8 -2.8 -2.8 -2.8 -2.8 -2.8 -2.8 -2.8 -2.8 -2.7 -2.5 -2.4 -2.6
124.6 119.2 114.9 106.2 101.1 97 92 87.1 86 84.4 85.2 79.9 72.6 66.9 63.2 47.7 38.2 27.5 18.3 11.6 7.2 4.9 7.8 8.1 5 4.8 5 4.6 4.7 4.7 4.8 4.7 4.7 4.2 4.2 4.6 4.4 3.8 3.3 3.8 4.1 4.6 2.8 7 12.1 -2.8 -2.8 -2.8 -2.8 -2.8 -2.8 -2.8 -2.8 -2.8 -2.8 -2.8 -2.8 -2.8 -2.8 -2.8 -2.8 -2.8 -2.8 -2.8 -2.8 -2.8 -2.8 -2.8 -2.8 -2.8 -2.8 -2.8 -2.8 -2.8 -2.8 -2.8 -2.8 -2.8 -2.8 -2.8 -2.8 -2.8 -2.8 -2.8 -2.8 -2.8 -2.8
