data/SD56.asc
ncols 200
nrows 200
xllcorner 350000
yllcorner 460000
cellsize 50
[rows 111 to 147 of 200, columns 0 to 81 of 200]
24.9 25.3 26.4 22.8 18.2 17.1 11.7 18.1 21.7 25.2 31 34.7 42.5 44.7 40.9 37.6 37.4 37.5 37.2 37.1 38.5 39.8 41.2 45.6 45.1 43.3 44.6 42.6 43.6 45.3 47.1 48 49.6 55.8 52.4 49.1 55.3 54.4 40.5 37.8 32.2 10.5 10.5 11.3 13.3 15.4 22.6 26.2 28 28.5 28 31.4 33.1 28.8 27.6 31.9 30.5 33 31.5 30.2 29.8 29.6 29.3 29.2 29.1 27.2 26.6 26.1 26.1 25.3 25.3 26.6 29 30.4 30.9 33 34 37 38 39.8 42 42.9
24.6 26 26.5 25.3 22.3 17.1 13.5 19.6 26 28.4 32.2 36.8 43.2 43.5 39.5 37.9 36.5 36.5 36.9 37.7 38.8 41.2 44.2 49 49.5 44.4 46.3 45.3 44.5 46.2 51.3 51.7 56.5 59.5 56.4 53.5 56.5 51.2 40.9 40.9 40.9 15.1 13.6 14.8 16 19.4 25.5 27.3 28.2 29.5 30.5 32.6 35.3 35.6 26.7 30 32.2 34.2 32.2 31 30.7 30.5 30.3 30.1 29.9 28.4 26 26.7 25.3 27.2 26.9 28 31.7 32.5 35 36.8 37.5 39.4 41 42.6 45 45.3
25 27 27.3 26 23 20.8 15.2 22.9 28.4 30.1 32.4 36.8 42.2 41.4 37.8 37.1 36.5 37 37.4 38.4 39.6 42.7 47.4 48.3 48.8 47.3 50.1 52.9 46.5 45.8 47.4 53.5 60.6 61.2 59.9 57.6 55.8 51.1 42.2 41 41.3 30.9 24.5 20.5 22.4 24.5 26.6 27.9 28.6 30.5 32.9 34.5 37.6 40.1 32.6 30.9 34 35 32.9 31.9 31.7 31.5 31.3 31 30.8 29.6 25.9 26.1 27 28.3 30.3 35.9 37.8 38.1 39.1 40 40.9 42.6 43.3 46.4 49.5 52.3
27.2 28 27.7 26 25.6 23.6 22.8 24.9 29.7 30.6 32.3 36.5 39.1 37.8 36.2 36.3 36.9 37.5 38.1 39.2 40.7 43 47.1 48.3 48.4 49.8 54.4 55.5 57.6 57.6 52.9 54.2 55.3 62.3 57.7 57.1 54.4 51.1 41.5 41 40.7 39.3 28.6 27.7 29.3 28.2 26.5 27.7 30.6 33.3 36.5 38.2 39.2 41.7 35.3 31.9 34.4 35.3 33.7 32.9 32.6 32.3 32 31.6 31.3 27.5 28.8 28.8 29 33.8 37 40.2 40.3 40.9 42.4 42 44.3 46.4 47.6 52.1 56.3 58.9
27.7 28.2 28.2 27.9 28.5 27.9 24.9 22.4 28.4 30.7 32.7 34.3 35.2 36.1 35.9 38.4 40.7 40.9 38.8 40.4 42 42.3 44.6 47.5 48.2 49.5 53.2 56.6 61.3 66.4 60.2 60.3 54.3 63.4 57.4 57.4 49.7 50.8 40.3 39.9 39.3 35.6 26.3 35 33.4 30.8 30.4 31.4 33.8 38.5 42.5 42.3 40.7 41.6 36.1 32.6 34.3 36 35.4 34.4 33.5 32.3 32 31.7 31.3 25.7 29.7 29.6 33 37.2 38.2 39.7 41.4 43.9 46 47.5 51.1 53 54.2 57.8 62.3 66.1
28.1 28.5 28.6 28.5 28.3 28.3 27.8 26.6 21.7 27.7 30.5 31.6 32.1 34.4 38.1 39.3 43.8 42.6 40.1 41.8 42.2 43.1 44.4 46.9 49.1 50.9 55.7 61 64.5 68.4 66.3 61.5 56.3 61.6 57.9 59.7 59.2 44.1 40.8 38.5 36.7 29.2 37.7 39.3 40.6 36.3 35.7 38 38.2 43.7 47.3 44.3 45.7 45.7 36.9 33.1 35.4 36.1 35.9 36.2 35.6 34.7 33.9 33.4 31.6 29.2 31.1 33.7 37.8 40.3 41.1 41.4 43.5 46.2 51.1 57.3 59.7 60.9 61.7 63.8 69.3 70.6
39 36.5 32.9 30.2 28.6 28.3 28.1 27.3 23.2 25.5 27.5 29.6 31.7 34.9 42 47.9 48.2 44.4 41 43.5 44.8 45.2 47.2 49.4 54.5 57 62.8 67.2 68.6 68.1 67.9 64.2 59.4 59.4 62.7 56 54.5 45.3 40.2 38 38.3 30.7 38.4 40.7 43.8 44.1 43.5 43.8 44.2 46.9 47.5 43.1 48.5 46.8 36.9 34.2 35.5 35.9 36 36.1 36.3 36.1 35.6 34.9 26.6 32.4 32.2 36.6 40 41.8 41.9 43.6 46.1 53.1 59.2 64.7 66.5 67.3 67.3 70.1 73.4 72.6
49.6 45.6 42 36.6 31.8 28.7 28.2 24.8 27 29.1 29.1 29.2 32 39.8 47.9 52 50.7 47.6 44 46.8 47.9 47.6 49 50.3 53.1 63.2 69.4 73.9 75.3 74.3 71.8 69.8 64.9 59.9 61.4 56.9 50.7 44.2 39.7 37.2 39 35.2 38.7 41.3 44 46.7 49.6 49.7 49.6 49.2 47.4 46.1 50.5 46.1 35.6 36.4 36.7 36.3 36.1 36.1 36.2 36.4 36.6 36.2 28.6 31.7 32.5 37.2 41.5 43.9 44.9 46.4 51.8 59.2 64.9 67.6 69.5 69.4 71.8 76 77.8 73.5
55.4 52.6 49.2 42.1 33.3 28.5 27.8 26.4 29.7 30.8 30.8 28.8 33.8 43.7 49.5 52.6 52.4 49.7 46.7 48.1 50.3 49.8 50.9 52.7 58.9 65.2 73.3 78.4 79.6 80.5 81 77.3 71 64 57.8 54.4 49.3 44.9 41.6 39 39.6 38.6 37.9 39.6 44.8 50.1 54.8 54.4 53.3 51 45.8 48.4 49.3 42.6 37 37.8 38 37.2 37 36.9 36.7 36.5 36.4 35.8 30.4 33.7 34 40.9 43.9 47.1 48.2 49.8 54.2 59.4 63.6 66.4 67.7 69.8 74.4 78.8 78.2 74.1
54.3 55.6 53.8 45.3 36.2 29.4 27.8 26.6 28.4 30.2 30.7 31.7 38.3 46.3 51 53.5 53.5 51.4 48.6 46.3 48.7 50.5 50.2 54.2 63.5 71.6 78 82.6 86.6 89.8 89.3 82.9 76.5 69.9 59.8 54.2 52.9 50.6 44.8 41.7 41.5 41.4 40.3 39.3 46.7 53.3 58.8 57.3 52.8 48.9 43.7 46.3 46 37.8 39.1 39.6 38.9 38.1 38 37.8 37.6 37.5 36.9 36.3 34.9 33.2 35.3 43.6 45.9 49.2 52.5 53.9 56.2 60.1 63.2 65.1 64.7 68.5 73.7 78.4 77.4 74.7
52.9 56.5 54.6 46.1 35.7 29.5 28 27 26.8 27 27.4 31.8 39.9 47.5 52.2 54.8 54.2 52.3 49.5 47.1 47.9 49.6 51.9 56.8 66.7 75.7 81.4 85.8 91.2 96.2 92.8 85.7 78.4 71.3 62.7 59.4 59 55.8 49.9 46.6 46.1 46.1 41.3 40.2 47.4 53.6 55.1 52.9 49.7 46.4 42.4 43.1 41.9 37.5 39.8 40.7 39.8 39.1 38.9 38.7 38.6 38.6 37.4 37.4 36.3 32.3 36 45.9 48.4 50.5 55.2 58.1 60.8 63.5 67.5 69 67.3 68.1 72.9 75.8 75.6 75.9
52 56.2 53.3 46.2 37.4 30 28.4 27.4 27.5 27.4 27.4 30.5 40.1 47.7 52.9 56 54.8 53.2 49.7 49.5 47.5 50.9 53.9 59.8 68.6 76.1 83.4 88 93.7 99.5 95.1 87.5 79.8 72 64.4 63 62.6 59.9 54.6 50.5 47.6 46.6 43 40.9 45.5 48.2 49.2 48.1 45.4 42.3 41.8 41.2 39 38.4 40.3 40.6 39.8 40 39.9 39.8 39.8 39.7 38 38.2 31.6 36.4 37.3 46.1 50.4 55.4 62.2 66.4 69.3 71.2 72.6 71.8 70.4 70.4 72.6 79.1 82.3 80.9
49.5 53.7 54.1 48.7 37 30.3 28.5 29.5 28.8 29.3 30 31.8 38.2 47.4 53.6 56.9 56.3 53.4 50.8 50.7 49.7 50.8 55.5 63.1 69.8 74.5 80.5 86.5 93.8 99 95.3 87.8 80.1 72.7 65.1 65 65 63.3 57.5 49.5 45.7 44.7 42.9 42.3 41.7 43.3 44.2 42.9 42.6 42.2 41.8 41.1 39.7 38.8 39.8 40.6 40.5 40.8 40.9 40.9 40.9 40.3 38.6 36.9 35 38.1 38.4 49 55.4 63.7 71.1 76.6 80.4 80.2 78.4 76.9 76.1 78.4 80.8 83.7 84.8 83.3
48.2 53.2 54.5 50.8 38.5 29.7 30 30.8 31 29.3 31.6 31.3 38.2 46.2 52.4 57.2 57.3 53.9 51.5 50.8 50.3 51.6 58 66.2 68.2 69.5 73.9 84.5 92.2 96.9 94.3 87.5 77.2 70.4 68 69.1 69.7 67 60.3 51.7 49.8 49.6 49.1 44.8 42.8 42.7 42.8 42.8 42.1 41.4 40.9 40.5 40.1 39.7 39.7 40.4 40.5 41 41.6 41.7 41.7 41 39.7 34.6 34.9 37.2 39.7 51.3 63.1 73 80.5 86.6 91.1 88.9 86 84.5 84 85.6 85.8 86 85.9 86.4
48.4 54.5 57.1 53.5 41.4 30.7 30.2 33.2 33.9 31.6 30.5 32.5 37.9 44.8 50.9 56.6 56.6 53.7 51.8 51.8 51.2 55.4 62.8 67.6 65.2 68 72.1 82.5 89.8 93.1 92 86.2 77.4 73.9 72.3 76.6 76.5 70.7 62.7 57 56.3 56.5 55.5 49.8 44.8 43.4 43 42.4 41.7 41.3 41.4 41.1 40.7 40.3 40.4 40.5 40.7 41.3 41.8 42.4 42.6 41.7 41 40.1 35.8 37.8 44.4 54.6 69.7 79.1 87.4 94.5 96.8 95.2 93.8 91.3 91 92.4 91.5 89.9 89.1 89.4
50.2 57.2 59.1 55.1 44.4 31.8 30.4 32.7 34.7 35.1 34.3 32.3 36.9 44.7 51.2 54 54.1 52.1 51.8 53.1 55.1 58.5 63.7 62.4 62.6 66.9 77.9 88.6 89.7 89.8 89 81.4 75.1 73.6 74.4 77.6 77.7 71.5 64 60.7 60.9 60.2 57.9 53.3 51 48.1 44.7 44 43.4 42.7 42.5 42.3 42 41.1 41.1 41.4 41.7 42.1 42.5 42.9 43.3 43.1 42.6 41.5 39.9 40 44.6 56.1 72.6 86.3 94.6 99.1 101.3 100.7 99 96.2 96.6 96.3 95.5 93.5 92.3 92.4
53.1 62.9 60.9 56.1 45.3 32.1 30.8 35.5 36.4 36.2 37.3 37.4 35.4 44.7 51.5 53.3 52.5 50.9 51.8 53.8 58 60.1 60.2 60.3 65.6 77.3 87.7 89 87.4 86.8 82.7 79.2 77.1 73.5 74 75.2 74.2 70 67.3 64.4 65.1 62.6 58.5 56.1 54.3 52 47.8 45.9 45.2 44.3 44.7 44.4 43.6 41.8 42.2 42.3 42.7 43.2 43.6 44 44.1 45 44.5 41.5 39 45.4 48.3 59.1 77.2 87.4 94.2 98.6 100.6 100.4 99.2 98.5 98.2 98.1 97.6 96 96.1 96.4
58.2 65.1 62.9 57.5 46.9 34.8 32.8 35 37.5 38.1 38.4 38 36.6 43.7 50.4 52 50.1 51 52.8 55.4 59.7 61.9 61.7 66.7 78.7 85.1 88.7 87.5 85.4 83.9 80.8 77.8 77.5 73.8 73.6 72.4 68.9 68.3 67.2 68.2 66.9 63.8 62 59.8 57.8 55.9 51.3 48.2 46.9 46 46.2 46.3 45 44.4 43.5 43.1 43.8 44.3 44.7 45.7 45.2 46 43.5 37 44.1 48.6 56.1 65.5 75.7 87.2 93.3 96.6 97.7 97.9 98 98.2 98.5 98.9 99.2 100.5 100.8 101.6
64.2 67 64.7 56.8 47.1 37.2 33.3 38.6 40.3 40.8 41.2 40.5 39.1 40.8 48 49.2 50.4 52.6 55.7 59.6 62.9 64.8 65.5 70 79.7 85.7 87.4 85.6 83.7 83.9 81 77.2 75.2 74.1 73.2 71.8 63.7 65.4 65.5 66.9 68.7 66.9 65.8 64.2 61.9 59.4 56.1 52.5 50.2 47.8 47.9 47.4 47.6 47.8 46.6 44.1 44.8 45.4 45.9 46.3 46.2 47.2 44.6 39.1 43.3 50.3 61.7 68.3 75.6 87.5 92.9 93.7 94.4 96.8 97.7 98.7 99 99.7 100.5 102.2 104 105.8
65.2 67.4 63.7 57.2 47.6 39.3 34.5 42.6 45.4 44.5 43.2 41.5 42 42.1 44.1 46.3 49.2 54.7 60.4 63.2 66.1 68.5 71.1 73.4 78.7 85 85.6 85.7 84.9 84.2 81.7 78 74.8 73.9 72.9 70.9 64.7 64.2 64.2 64.4 65.6 65.4 66.3 67.1 66.2 62.3 59 55.9 53.4 49.4 49.6 48.1 47 46.6 44.6 43.9 45.4 46.5 48.5 46.4 47.2 47.6 47.6 43.8 43.9 52.7 66.8 72.2 78.2 84 86.2 89.4 91.8 95.9 97.9 98.8 99.6 100.3 101.9 103.5 104.5 106.8
67.2 67.3 63.5 55.9 48.2 40.7 37.6 43.6 45.1 45.2 43.5 43.1 43.8 44.3 43.6 47.8 52.7 59.1 65.3 67.8 70.1 73.8 77.8 82.3 84.8 84.9 85.3 85.5 83.7 83.8 81.9 78.9 75 73.5 73 69.9 64.6 65 65 64.7 63.5 63.3 63.7 64.9 65.1 66.1 62.4 59.4 57.4 51.4 52.8 52.4 45.9 44.8 43.8 44.1 46.2 55.7 53.6 48.1 48 48 48.3 47.2 41.3 52.8 69.7 77.5 82.4 88.5 89.5 89 93.2 94.6 97 94.5 93 96.5 98.4 101.6 103 103.7
67.7 66.8 63.6 56.2 48.4 42 35.6 40.9 43.1 44.4 43.4 44 44.7 46.4 47.9 50.3 56.6 64.8 68.8 72.1 75.5 81.2 85 87.2 86.8 85.2 85.8 84.6 81.9 82.6 80.5 78.6 77.2 74.9 73.6 67.3 65.3 65.9 65.1 64.1 63 63 62.9 63.2 63.8 64.7 66.2 62.4 60.9 52.3 59 58.7 52.5 46.2 46.6 47.4 55.5 66.3 64.9 51.7 49.5 49.5 49.1 49.2 48.9 42.8 65.3 84.2 87.6 93.5 93.8 91 92.5 81.9 66.9 61.5 63.5 66 75.8 91.6 96.1 99.2
67.5 66.7 64.6 56.9 48.7 43 41.9 39.2 42.4 42.7 43.5 44.7 46.7 48.6 50 51.6 60.6 69.2 72.4 76.2 81.7 87.6 89.3 89.7 88.1 84.8 87.7 86.1 84.2 80 80.8 79.5 78 75.1 72.2 65.7 66.3 65.2 64.1 63.1 62.9 62.9 62.9 62.9 63.1 64 64.8 64.9 62.7 53.8 61.6 62.2 59 53.2 51.9 54.4 66.4 73.7 73 56.9 51.6 50.8 50.8 51.1 50.4 49.8 62.1 85 92.8 95.9 92.6 84.4 76.2 61.1 62.7 67.6 61.3 63.5 64.6 64.8 66.2 74.2
66.4 66.3 64.2 57.3 49.8 45.8 43.6 39.9 40.6 42.2 44 46.5 49.6 51 53.1 59.3 68.4 74 76.6 81.2 87.4 93 94.1 94.1 92.9 85.1 86.6 85.6 84.2 80.3 82 80.4 77.7 74.7 72.3 65.8 66.5 65.6 63.4 63.2 62.9 62.9 62.9 62.9 63.1 63.5 64 64.6 63.8 62.6 59.7 64.3 63 59.5 60.7 66 73.4 86.1 79.6 64.8 57.8 52.7 52.6 50.6 48.6 48.7 61.2 82.9 89.7 90.7 82.7 63.1 61.2 71.4 77.1 80.2 80.2 78.3 72.7 71.2 70.6 64.6
65.5 65 63.7 56.9 50.4 46.3 42.2 40.1 40.6 44.1 48.9 52.3 55.5 58.5 61.7 64.3 71.4 77.6 79.7 84.9 92.9 98 98.5 98.7 96.4 85.7 84.9 85.4 83.1 82.2 82.6 80.6 77.2 74.9 72.4 66.7 65.3 66.2 64.1 63.4 62.9 62.9 62.9 62.9 63.1 63.5 63.8 63.5 63.8 61.6 60 63.2 64 63.7 66.4 71.7 85.6 91.7 87.8 71.8 68.3 61.8 56.3 52.4 48.3 51.6 53.5 67.3 75.4 72.2 61.2 58.4 76.3 82.8 87.5 88.7 93.3 93.8 94.2 94.9 93.9 74.3
64.6 64.4 63.3 57.4 49 44.1 41 40.1 44.1 51.2 55.3 59 62.4 65.8 69.1 68.7 72.6 78.1 82.1 90.9 98 101 102.5 104.2 101.4 91.4 85.4 86.4 84.7 82.2 82.2 80 79.2 77.9 72.6 69.2 65.8 65.4 65.3 65 65.8 64.9 62.9 62.9 63.1 62.9 62.8 63.1 62.7 62.8 64.9 61.9 65.6 64.6 67.3 75.5 89.3 96.6 91.3 73.4 75.8 77.9 68.5 61.9 58.3 52.2 51 54.9 57.3 55.8 63.8 80.5 87.1 88.9 92.2 93.4 95 97.2 98 99.1 99.2 89.2
64.8 63.9 62 56 48.5 43.4 41.5 43.6 51.4 56 59.6 63.3 67 70.5 75.2 81.1 81.2 82.4 85 93.2 100.7 105.1 107.9 109.7 107.2 98 87 86 87 84.4 81.1 79.9 80.2 77.4 72.2 69.8 67.3 66.2 68.3 69.2 69.5 69.3 67.1 63.4 62.9 62.9 63.2 63.6 63.9 63.6 64.6 63.6 64.9 66.8 69.2 83.1 95 100.2 98.9 75.9 78.8 85.5 83.3 75.4 72.3 66.1 61.4 54.9 57.2 71.3 82.9 86.7 90.2 92.9 96.9 97.7 98.9 100.2 101.9 104.2 105 105.8
65.3 63.4 60.4 54.7 49.3 46 42.9 45.9 55.1 59.4 63.2 67.1 70.9 75.3 81 87.7 94.3 96.7 91.2 96 104.2 109.3 111.5 112.6 109.3 102.6 90.4 87.3 87.7 85.4 82.1 80.7 79.1 76.7 74.3 71.3 68.9 67.2 68.4 71 71 70.7 69.8 67.8 63.8 62.9 63.1 63.5 63.7 63.8 64.4 65.7 64.8 66.9 70.8 86.9 99.1 103 101 79.1 80.1 85.5 88.3 88 87.5 86.8 79 67.7 75.1 89.4 91.3 93.1 94.2 97.9 102 103.6 103.6 104.8 106.3 109.3 111.6 112.2
66.1 61.3 58.2 54.1 51.5 48.5 44.2 48.2 56.7 61.3 65 69.3 73.2 78.3 85 92.5 99.3 107.1 103.5 102.2 107.5 111.2 112.6 111.7 111.3 105.6 90.4 89.3 89.4 87.2 84.3 81.8 79.3 77.9 75.5 73 70.5 68 67.9 70.3 72 72.2 71.4 69 64.7 63 63 63.3 63.5 63.7 64.4 65.7 66 67.6 72.1 82.9 103.5 103.8 97.8 81 80.2 87.1 88.9 89.5 90 91.6 89.9 87.6 83.1 87.1 90.6 94.3 98 101.9 104.9 107.8 108.2 108.7 110 112 114.3 114.5
65.7 60.2 54.8 51.3 49.6 49.6 44 51.2 58.3 62.8 66.9 71.2 76.2 81.8 88.7 96.7 103 112.1 109.2 107.9 112 113.4 116.8 118.3 114.6 102.6 100.3 93.7 92 91.4 89.8 86.3 80.4 76.3 74.9 73.7 72.1 69.6 68.7 69.5 71.6 73.5 71.5 68.7 66 63.5 63.1 63.1 63.4 63.7 64.5 65.3 67.3 68.7 70 80 102.7 100.9 94.1 83 83.6 88.8 91.7 93.9 95.4 100.8 96.4 93.2 90 89.5 90.8 93.2 96 100.3 103.4 104.8 107.3 109.3 110.6 111 112 110.6
64.1 57.8 54.1 50.3 48.2 46.1 45.9 53.1 60.2 64.4 68.4 72.3 78.3 84.4 92.3 101 107.4 112.4 110.2 115.6 122.8 123.2 121.3 122.3 118.4 110.6 112.3 104.5 97.2 92.6 92.1 90.7 82.5 79.9 75.1 74.6 73.2 70.8 68.5 67.9 69 69.6 69.4 68.5 66.5 64.3 63.6 63.4 63.9 63.9 63.9 65.3 67.3 70.2 72.2 73.1 75.4 86.6 85.6 85.2 90.6 92.8 94.9 98.4 102 104.8 102.9 98.3 94.9 94.5 95.8 98.2 99.1 99.9 102.1 102.9 103.7 107.5 107.1 106.9 108 109.1
60.8 58.9 55.4 50.5 49 47.2 47.2 54.5 61.5 66.1 70.3 76.8 81.3 87.8 95.4 102.4 111.7 115.4 113.6 118.8 128.5 125.6 123.4 124 123.2 113.9 111.6 104.1 97.7 95.3 94.5 92.1 85.1 75.9 75.2 75.9 74.2 71.6 68.2 67 67.8 67.8 67.6 67.4 66.7 65.5 64.8 64.7 66.2 66.4 64.1 64.7 67.4 70.2 75.9 83 95.3 85.5 88 94.7 97.2 98.2 97.4 102.7 106.5 109.3 109.5 106.1 99.9 98.6 99.5 101.1 102.6 102.9 104.1 105.1 105.8 107 107.9 108.1 109.9 110.9
61.9 58.1 53.8 50.5 50.3 48.2 51 58.7 63.5 69.4 74.8 79.8 84.6 90.6 97.5 105.1 112.4 116.6 116.6 127.3 134.1 125.6 124.6 125.7 126.3 117.1 112.4 104.9 102.3 101.2 99.3 91.9 80 75.7 74.6 75 74.9 72.6 69.6 67.2 67 66.9 66.6 66.2 66.2 66.2 67 67.1 67.8 65.4 64.7 65.5 66.5 70.5 78.7 101 111.5 101 93.3 95.9 101.3 100.8 98.2 104.9 109.3 114.1 114.6 101.7 96.4 97.6 98.7 100.6 102.3 104.1 106.8 107.4 108.8 111.4 115.7 116.4 115.8 113.7
62.2 58.1 53.4 50.5 49.7 51.3 56.2 62.5 67.5 71.9 78.5 85.5 89.3 94.9 99.3 106.5 112 120.4 123.5 133.6 134.8 124.1 125 127.3 127.2 123.6 116.2 108.7 104.4 101.9 99.4 90.4 78.9 77.9 76 74.1 74.1 72.6 68.9 67.2 66.7 66.5 66.2 66.2 66.7 68.1 68.9 69.7 69.2 63.8 63.9 65.4 68.3 72.6 80 112.6 116.6 108.6 98.9 94.4 102.7 100.6 100.6 107.2 108.4 105 101.2 95.3 98.3 102.7 103.8 103.9 105 107.8 111.5 114 116.2 119.1 122.6 123.8 124.4 123.9
62.3 57.9 53.7 50.5 49.6 52.3 57.8 66.4 70.6 76.4 83.6 90.1 94.7 98.9 102.8 108.5 118.5 122.6 131.3 140.2 130.3 127.3 128.6 130.1 130.9 128.5 124.7 111 106.2 104.9 102.8 85.5 80 78.5 76.1 73.9 72.2 70.9 68.2 67.3 66.7 66.3 66.7 68.4 70.1 70.8 70.3 69.5 69.3 63.9 63.7 65.6 68.2 75.6 85.2 98 114.2 114.3 100.5 89.7 87.9 90.7 91.6 92.7 94.4 93.7 95 98.3 102.5 106.3 107.8 108.4 109.6 113.5 116.2 118.7 121.9 126.2 128.4 130.4 131 131.4
59 56.9 53.4 52.3 51.3 53.2 61.7 68.3 73.4 79.6 85.7 91.6 97.2 101.4 106.1 112.2 120.5 125.7 135.4 142.5 128.2 130.3 132.1 134.3 135.3 131.6 121.7 105.5 104.4 107.3 101.7 86.5 86.3 78.3 75.7 72.6 70 68.5 67.4 67.1 66.6 66.2 67.7 71 72 70.9 69.7 69 66.9 64.5 64.7 67.3 71 78.3 88.6 102.2 126.4 121 107.6 95.3 94.8 97.1 97.8 96.3 95.9 95 97.7 102 105.6 109.9 112.8 112.6 114 116.6 119.5 123 125.9 129.2 133 135.5 137.7 138.9
57.2 54.9 53.6 52.3 51.9 55.2 61.9 68.4 74.6 80.3 86.8 92.8 98.8 103.1 108.8 113.6 123.3 128.4 139.9 141.2 133.4 134.9 136.1 140.1 139.7 137.5 119.2 106.9 104.4 110 94.6 95.4 83.7 79.3 76.4 70.9 67.5 66.8 66.8 66.5 66.2 66.4 67.6 68.9 69.3 68.9 69.2 69.1 66.9 65.5 66.8 69.4 75.5 90.7 99.2 118.1 133.6 126.8 115.5 107.6 113.8 111.8 109 107.2 106.4 96.9 100.7 108.5 113.2 116.2 119.8 122.2 120.6 121.2 124 125.4 128.5 133.1 136.2 138.8 142.3 145.1
