data/SD59.asc
ncols 200
nrows 200
xllcorner 350000
yllcorner 490000
cellsize 50
[rows 36 to 71 of 200, columns 0 to 80 of 200]
191.4 191.4 196 202.3 207.8 211 209.5 216.4 223.2 225.7 228.2 230.4 232.1 230.2 223.8 219.6 214.3 209.6 205 200.2 198.7 194.9 192.4 187.1 184.5 183.1 178.5 175.9 177.1 176.3 175.9 169.9 169 161.9 157.9 149.7 145.2 139.1 128.8 116.6 103.2 94.5 108.1 122.7 132.9 143.8 158.8 164 169.6 172.8 187.3 191.5 190.8 193.5 199.8 195.8 198.9 200.6 202.8 203 202.8 203 204 196.7 193 190 188 179.7 173 172.5 170.8 170.1 165 163 161.9 160.1 156.7 155 154.2 151.4 147.6
178.8 181.6 185.7 189.8 194.4 199.5 198.9 206.3 213.3 216 220.6 221.5 221.6 220.2 216.1 212.9 209 203.7 198.2 195.8 188.9 190.5 185.7 180.4 178.4 177.4 173.7 173.5 170.2 171.2 167.9 159.6 159.2 153.2 144.9 142.4 141.5 133.4 122.1 117.5 103.6 96.6 114.3 127 132.1 141.6 150.5 159.5 165.2 170.3 186.7 184.9 184.2 190.6 195.4 192.4 198 200.6 201.6 202.3 202.6 204.3 210 198.1 193.9 192.9 188.6 181.2 174.4 171.9 173 172.6 172.7 171.6 168.5 166.2 161.3 159.3 156.3 155.4 152.1
168.5 173.8 177.7 179.3 178.3 185.3 188.9 195.8 203 208.6 212.2 214.6 214.8 214.4 209.7 203 198.6 195.2 191.9 191.9 184.7 182 180.8 179.6 170.4 171.5 167.6 164.1 161 158.7 155.7 150.5 150 143.6 138.5 136.6 131.4 124.4 120.1 115.4 97.6 101 113.1 123.1 128.9 138.2 146.1 153.8 160.5 166.4 175.8 175.2 179.5 185.6 190 191.8 198.1 199.5 200.5 203 205.4 206.7 206.5 200.2 197.2 194 190.6 184.5 180.3 177.1 177.5 176.5 176.2 176 173 169.8 167.8 164.7 160 157.2 154.5
161.9 165.5 168.3 170.1 169.1 174 180.1 186.1 195.2 201 204.6 205.7 204.8 200.4 197.9 193.5 189.2 185.7 184.4 183.1 177.6 174.9 174.7 168.8 166.7 165.9 160.8 158 156 151.9 147.4 139 139.7 140.2 135.2 130.3 127.4 124.7 120.5 115.3 93.3 101.7 111.2 117.8 124 133.3 141.5 149.3 158.3 164.7 171.5 176 175.4 181.5 186.7 189.9 194.1 195.6 198.7 204.1 206 200 198.2 196.3 198.3 195.5 191.9 188.4 184.7 183.1 181.7 181 180.5 178.1 174.1 170.6 171.8 170.8 164.3 160.5 160.4
153.1 155.9 158.7 158.4 160.9 165.1 171.6 178.2 184.8 193.8 196.8 196.5 196.4 194.2 192.5 189.2 185.3 179.4 177.4 175.9 172.8 169.9 171.1 164.4 163.1 163.4 154.3 150 148.8 144.8 138.9 134.6 133 130.3 128.8 126.4 122.2 120.6 116.8 109.9 93.9 92.6 105.6 112.8 118.9 128.4 134.7 144.5 157.1 161.6 165.7 168.1 171.5 178.4 187.1 186.3 187.9 192.5 195.6 199.5 202.6 202 199.7 195.3 197.6 196.8 193.3 191.1 188.7 186 184 185.2 185.2 185.5 184.3 182.2 178.7 172.9 167.7 165.1 165.4
142.9 146.5 146.9 149.7 152.8 155 159.1 165.4 174.7 184.7 186.6 187.2 187.6 185.1 185.3 184.7 182.4 177.7 170.2 165.7 163.4 163.5 164.8 160.8 154 154 148.1 142 139 134.8 132.1 130.7 129.8 126 121 118.3 114.2 111.3 110.7 109.7 98.2 90.1 101 110.9 116.2 120.3 125.6 138.8 150.3 154.7 160.3 166.6 171.6 174 180.9 180.8 184.9 189.8 190.6 196.5 203.7 205 202.8 197.6 200.6 198.6 194 191.7 189.6 187.6 183.9 183.7 189.7 190.8 186.6 184.7 180.8 177.5 177.3 173.2 167.1
129.6 134.1 138.3 144.5 146.3 146.3 151.8 158.6 167.2 177.6 179.2 180.3 181 180.9 180.4 178.2 173.9 169.1 164.9 160.6 160.8 157.3 156.6 155.5 151.3 150.6 147 135.7 130.8 126.4 126.2 124.8 126.1 121.9 116.2 112.2 108.3 104.3 104.7 110.9 105.5 89.7 99.2 106.9 113 117.1 119.9 133.8 141.9 148.1 155.8 164.9 166.2 168.4 171.8 174.8 180.7 187.5 193 202.2 207.7 207.2 203.5 195 196 194.1 191.9 191.5 189.8 187.5 183.1 187.2 196.1 193 192.2 189.9 184.2 183.1 181.2 176 172.5
127.4 129.5 129.1 133.6 139.8 139.3 144.8 151.9 160.6 171.7 173 171 173.3 173.3 172.1 170.2 167.3 165 162.9 156.1 154.8 154 153.6 148.6 149.9 150.8 147.3 132.2 125.7 122.8 122.1 119.2 116.5 114.4 112.4 108.5 104.9 101.4 105 109.6 108.1 90.5 95.1 104.1 110.2 112.3 115.9 127.7 133.9 140.4 145.2 155.7 159.1 162.9 162.8 173 184.1 188 195.6 202 207.9 204.7 197.9 195.4 194.3 192.3 191.2 190.8 189 185.7 181.4 184.2 189.2 187.9 189.8 189.9 188.2 183.3 181.2 176.3 170.2
135.5 135.5 128.8 127.1 133.3 134.1 137.8 144.9 158.6 164.3 165.4 164.6 162.7 163.2 163 161.8 159.8 156.1 151.6 147.6 147.7 150 147.7 143.9 146.4 149.3 142.8 128.5 122.2 119.3 118.5 116.8 115.7 114.3 111 107.9 104.8 100.1 101.1 106.7 109.8 91.3 89.6 99.6 102.8 102.7 110.8 115.4 125.9 126.9 131.1 147.1 149.8 151.6 156.8 172.3 178.4 183.9 191.4 197.3 196.7 198.8 196.8 193.9 192.8 192.1 192 191.4 188.8 185.4 179.8 179.8 183.3 189.6 191.6 190.2 183.8 182 178 171.5 166.3
142.5 144.7 131.1 124.8 128.4 125.6 131.4 141.2 154.7 156.5 157.9 159.2 158.9 162.2 163 155.4 148.7 144.5 143 140.4 139.1 143.2 139.5 136.9 142.2 144.9 140.5 126.6 118.9 116 115.5 113.3 115.6 115.9 112.2 108.4 105 100.5 97.8 101.1 102.8 90 84.9 92.8 94.6 95.3 102.3 102 106.3 114.1 120.6 136 140.8 147.5 151.4 161.8 176.8 183.5 188.7 188.6 187.8 191.1 188.3 187.1 189.3 190.4 192.1 190.2 186.3 185.2 183.2 179.2 186.4 190.4 187.9 184.3 177.5 176 172.5 167.8 161.3
138.6 143.6 132.8 120.9 118.4 119.1 129 139.2 148.3 148.9 149 150.9 156.7 166 166 153.6 143.1 139.6 138.3 136.5 131.6 134.6 130 128.3 132.3 135.3 131.8 123.5 114.8 112 110.7 109.9 111.3 112.1 111.2 108.4 104.3 99.8 94.2 95.4 95 88.9 84.8 89.5 91.7 92.8 96.9 99.8 101.8 108.1 117 127.1 131.7 135.7 140.7 151.7 165.9 177.8 185.1 185.9 182.8 185.2 182.2 183.2 186.5 187.8 187.8 187.8 188.3 183.3 179.6 179.1 181.6 182.2 179.8 175.8 168.5 169.1 167.4 165.4 160.3
130.2 135.4 131.4 119.8 110.6 118.5 131.7 135.5 140.9 142.3 142.9 144.1 153.8 159.5 163.6 152.1 140.1 133.9 132.4 131.1 128.2 129.4 129.3 120.8 121.2 128.1 125.5 119.7 110.2 109.1 109.2 108.9 108.4 109.2 110.4 109.6 104.5 97.7 94.7 93.4 91.9 87.6 85 87.2 90.7 94.6 94.5 101.3 104.6 108.9 112.4 111.7 122.2 128.9 133 143 157.9 171.2 179 183.8 179.6 181.3 180.9 183.2 185.9 185.7 184.6 182.9 182 181.7 178.8 176 176.2 175.8 170.5 166.2 166.6 163.5 159.8 162.9 163.6
122 126.8 124.9 118.5 109.4 115.6 130 126.6 133.3 136 134.8 140.1 146.3 153.8 157.6 153.1 141.6 131 126.4 125.5 129.7 130.9 126.8 122.8 117.3 119.4 120.2 114.6 108.9 108.8 109.1 109.1 108 108.6 109.6 108.4 106.2 97.2 93.2 90.5 89.3 86.6 84.2 87.6 93 96.3 97 99.9 103 110 109.7 109 113.4 123.3 124.4 133.9 149.4 161.7 170.9 175.8 175.8 178.9 180.9 182.4 181.6 181.1 183.1 183 183.4 180.3 176.1 175.8 175.6 170.5 169.2 166.9 165.4 162.8 161.6 161.2 161.3
113.5 118.6 116.8 114 102.1 106.6 120.4 121.6 125.5 128.6 129.5 134.7 140.8 148 152.9 147.8 141 132 125.5 126.2 135.5 140.8 137.1 129.1 115.7 115.7 117.2 109.6 106.9 110.8 117.4 115.1 109 109.1 107.1 106.5 105.9 98 91.8 88.8 86.5 84.3 84.5 89.9 95 98.4 100.5 100.2 101.1 106.7 109.8 113.8 116.4 121.2 119.6 131.6 143.8 153.3 162 167.3 165.9 173.3 177.2 176.9 179.8 182.9 183 182.8 179 175.8 178.5 174.4 169.2 170.2 170.8 167.9 167.2 167.5 165.1 161.7 163.5
105.1 108.4 110.4 107.3 99.2 98.5 110.8 114.8 118.7 121 124.1 127.8 137.6 145.2 149.7 147.5 138.5 129.8 126.2 130.6 140.9 144.2 142.3 137.2 118.6 112.9 111.9 106.7 103.2 111.9 123.2 124.9 119.3 108.4 105.8 104.4 103.8 96.6 89.7 86.8 85.4 84 83.5 92.2 97.7 101.1 103.1 100.5 100 105.5 111.2 115.6 121.5 123.1 117.1 127.7 131.7 144 152.5 156.9 162.6 166.8 170.7 174.3 175.4 177.3 177.5 178.4 174.9 172.5 174.4 171.2 167.6 170.8 174.5 171.5 175.3 177.8 171.6 166.4 170.3
97 96.8 100.2 100.3 97.2 94.1 103.8 106.9 111.9 115.7 117.8 120 128.1 138.3 144 143.3 134.2 129.1 127.9 136.2 144.2 145.7 142 133.8 116.3 105.9 106.5 102.6 100.9 110.9 128.2 132.2 126.3 111.8 107.7 106.8 104 97.2 85.6 85.9 84.4 82.8 82.8 93.2 100 103.6 104.6 100.2 99 104.3 111.4 119.9 123.9 118.9 114.3 122 122.7 133.6 137.9 144 155.2 160.5 163.7 167.9 169.4 170.8 173 173.6 171.3 168.7 168.7 169.7 165.7 168 176.9 179.6 179.4 178.8 177.2 174.8 175.8
87.9 89.6 91.7 93.4 92.2 91.4 99 101.8 104.2 108.2 111.5 111 116 125.9 133.7 136.5 131.9 128.9 131.4 140.3 147.9 148.7 138.8 128.3 121.1 107.2 103 99.4 98.5 109.1 126.7 132.4 126.7 115.3 108.6 108.3 107.7 99.5 83.9 84.5 81.8 79.9 82.1 93.5 97.6 100.7 101.8 99.3 97.9 108.3 114.9 123.4 125 116.6 113.6 113.5 114.4 114.5 116.2 127.9 144.6 151.2 156.3 159.6 160.5 165.2 169.4 169.3 168.9 168.3 167.8 165 164.1 167.7 177.5 186.1 184.2 183.6 185.4 188.1 184.6
85.4 84.4 84.8 88.4 89.4 89.3 91.5 95.1 98 100.5 102.3 100.1 105.4 110.2 118.9 124.8 124.9 126.2 133.1 140.3 147.5 147 134 126 119.5 113.4 104.3 98.3 97.1 109 122.6 128.8 122.7 115.3 108.4 109.6 109.4 102.1 85 79 79.4 81 92.4 97.4 96.4 96.8 96.8 96.8 99.3 110 115.5 123.9 120.2 111.8 114.6 113 113 115.3 116.5 120.7 131.9 141.7 151.1 147.5 150.5 156.2 162.9 161 165.6 167 165.2 163.6 160.8 165.2 175 185.6 191.6 190.1 191.1 190.8 185.2
83.9 83.2 83.2 83.4 87.7 86.8 87.5 88.8 91.6 95.2 93.6 92 95.3 96.2 102.2 106.5 111.4 118.5 124.7 134.8 142 142.7 136.2 127 116.6 112.1 103.6 99.2 96.5 105.4 113.3 121 116.7 112.3 107.2 108.7 110.8 105.2 93.6 77.1 81.2 82.4 97 96.6 94.7 94 94.4 96.5 103.7 111 115.8 124.1 118.1 111.7 116.2 112.5 113 117.8 125.5 125.2 127.3 133.8 135 136.9 144.9 154.7 151.3 152.9 161.8 162.3 161.6 160.3 157 165.5 179.5 192.8 195 193.1 191.4 189.7 184.4
80.8 78 78.9 78.4 82.6 84.5 84.5 86.2 88.7 93.7 88 88.7 88.3 94.4 94 94.9 98.8 107 116.9 124.6 132.2 134.5 131.8 127.2 111.9 103.6 98.2 95.1 94.8 98.1 106.5 112.2 110 106.6 104 106.1 109.3 107.1 99.2 81.5 78.9 81.1 95 95.7 95.6 94 94.3 101.5 107.4 110.9 115.2 123.4 116.4 117.7 119.4 118.8 116.2 127.8 135.6 125.3 118.3 116.5 131.2 132.5 138.3 140.3 138.3 147.2 153.8 153.7 154.3 153.9 158 166.5 181.9 187.7 188.2 192.1 191.5 186.3 183.5
77.4 74.4 73.4 74.6 76.9 80.9 82.2 84 86.1 87 86.2 89.3 89.9 96.1 94.8 99.8 99.7 101.7 109.1 114 121.3 125.7 121.7 119.5 112 97.1 93.7 94 95.3 97.7 101.4 103.8 102 100.1 99.3 100 103.3 105.4 100.5 87 78.1 79.8 89.4 100.2 103.2 98.4 93.6 100.8 105 107 114.3 120 115.7 118.7 122.8 125.9 129.5 136.3 136.3 122.4 113.5 120.6 127.7 126.1 127.7 129.5 132.4 140 145.3 147 148.7 153.2 161.9 164.2 180.7 184.4 185 189.4 190.5 186.5 182.3
74.2 71.9 72.2 73.6 75.4 77 82.3 83.6 81 81.6 85.6 89.7 95 96.6 100.8 109.5 108.6 100.8 99.7 104.2 110.2 115.9 111.6 111.6 103.9 93.5 93.9 98.8 102.1 98.5 94.7 95.4 91.8 90.6 90.8 93 96.4 98.5 97.5 90.2 76.7 78.5 83 99.3 102.4 97.3 91.8 98.7 101.5 102.8 112.3 119.6 111.3 117.9 124.8 131 134.7 140.7 138.5 119.3 112.9 121.4 125.6 126.5 121.4 122.8 125 133.7 151.1 153.7 147.1 150.3 155.4 162.7 173.7 181.4 182.5 187.1 188.4 182.2 180.2
72.9 71.2 70.7 70.7 70.6 72.3 79.9 84.1 83.1 79.3 88.8 91.3 95 97.4 102.9 111.9 110.1 103.6 100.6 94.8 95.3 104 103.7 104.6 100.2 90.8 98.8 107.1 105.9 96.1 87.5 80.8 79.9 80.2 83.5 86.2 88.8 90 92.4 87.7 76.6 78.3 83.2 93.7 98 93.3 90.2 97.3 98.3 97.9 107.1 111.7 106.6 116.4 125.3 133.7 139.9 140.9 128.9 115.3 109.4 115.8 125.5 124.5 122.1 126.2 128.2 141.9 156.1 153 145.5 149.2 156.7 161.9 171.1 177.6 180.6 184.2 185.1 178 176.1
70.6 69.2 68.7 69.1 68.7 68.8 74.9 82 78.2 76 87 90.6 92.1 95.8 102.8 111.2 108.9 102.1 95.4 91.7 84.1 86.4 87.4 93.8 99.6 90.3 104.6 108.6 100.8 90.8 78.9 76.5 75.4 82.9 84.4 84.2 85.9 83.7 84.8 83.5 77.3 78 80.2 87.3 90.2 86.9 88.7 95.4 95.3 94 102.4 107.1 103.4 114.7 124.8 134.3 140 137.2 117.4 108.8 109.2 113.6 123.3 120.1 120.7 125.7 129.5 147.3 157.4 152.3 144.2 146.6 153 160.2 169.8 175.2 178.7 179 177.5 174.8 178.2
67.8 67.6 67.4 68 68.5 68.3 72.5 76.7 74.6 74.2 81.6 90.9 87.2 89.4 98.2 107.1 106.4 98.3 91.4 85.6 83.3 80.5 81.3 87 94.7 92 103.1 104.6 95 84.2 75.4 74.1 76.1 81.5 84.4 84.1 85.5 82.3 81.4 80.8 76.1 76.9 78.6 81.6 81.9 82.5 87 94 92 89.3 95.9 97.1 100.1 111 122.2 133.9 138.4 128.3 113.1 109.3 112 121.5 124 117.3 115.2 116.7 129 148.4 154.4 148.9 144.4 145.1 149 154.9 166.8 171.4 173.6 174 169.9 171.5 174.8
66.8 67.3 67.9 68.1 68.4 68.6 71.4 73.8 73 72.8 74.6 89.5 83.9 84.2 93.2 101.5 105.2 97.9 92.6 81.6 79.1 78.1 76.9 81.5 89 85.9 97.6 96.9 88.9 79.4 74.9 74.2 78 80.9 82 83.7 84.8 81.1 80.2 79.1 75.5 75.7 77.1 79.2 80 80.3 84.9 90.4 90.7 86.6 90 88.2 91.3 105.2 117.1 130.9 135.8 120.7 109.7 110.1 118.2 125.1 125.6 118 115 113.5 125.6 142 148.6 145.4 143.5 141.4 144.9 147.5 163.1 162.8 163.5 162.8 165.6 170.5 169.1
65.7 66.9 68.5 69.1 68.2 68.8 77.2 75.6 68.9 68.9 72.1 78.9 79.2 80.9 84.5 92.6 100 98.1 93.3 83 75.3 74.3 72.3 75 80.3 81.6 90.2 91.8 84.4 78.4 73.8 73.2 79.2 80.5 82.9 85.2 83.8 80.9 78.9 77 75.5 75.2 76 77 78.7 79.8 85 87.7 88.2 84 86.1 83.9 83.2 96.8 111.1 124.2 126.4 111.6 104.6 113.1 120.7 126.7 123.3 119.9 116.2 115.5 118.1 133.5 140.7 139.6 141.2 138.8 138.5 146.6 153 155.6 157.3 162 164.1 164.7 164.6
65.4 65.5 68.9 69.7 68.8 68.5 81.8 82.1 72.9 69.9 69.7 75.4 78.1 78.8 79 85.1 92.2 94.1 90.1 82.7 72.1 70.5 70.9 72.5 74.1 82.8 85.4 85.3 80.9 73.1 71.6 74.9 81 80.3 81.7 83.8 82.9 80.1 77.7 75.3 74.2 74.9 75.3 80.6 78.7 81.3 84.3 89 88.9 84.2 84 83.8 83.4 90.7 103.1 119.2 121.7 110.4 110.2 115.8 123.2 129.3 126.1 126.1 121.2 116.6 117.5 124.9 129.3 131.4 135.7 132.3 135.6 144.6 144.7 146.2 155 157.3 156.9 162.9 162.3
65 64.3 68.4 70.2 70.7 69.2 83 84.4 77.9 70.3 68.6 72.3 76.4 74.4 81.1 77.9 83.9 88.3 85.3 75.2 68.9 68.9 69.8 71.7 77.4 86 84.2 85.4 87.6 75.2 71.5 76.6 80.3 79.3 81 83.3 85.4 79.3 75 73.8 76 76.4 83.3 80 79.7 84.1 89.1 96.9 93.9 85.3 85.4 85.6 85.7 87.9 99.7 115.1 113.5 103.3 109.5 116.5 123.8 129.4 133.8 131.5 124.4 116.3 116.6 119.7 120.4 122.2 123 122.4 126.4 137.3 139.4 140.6 142.2 142.5 149.3 159.4 160.4
63.8 63.9 65 68.1 66.2 65.5 78.6 84.6 78.5 69.4 68.2 68.8 73.2 75.8 76.4 72.7 75.6 78.8 79.2 75.7 70.3 68.5 68.7 71.6 79.9 83.8 84.6 90 89.8 79.1 71.4 75.6 78.5 79.4 80.8 82.2 84.9 76.5 73.4 79.1 88 85.4 83.1 80.5 81.2 86.9 92.2 100 97.3 84.5 84.9 87 91.8 85.1 87.3 103.3 109.1 98 107.6 114.4 122 130.2 135.9 136.2 127.3 115.3 116.1 116.3 116.1 116.1 117.4 120.1 125.5 133.2 136 137.7 138.6 139.1 143.6 149.6 159
62.4 62.4 62.6 63.3 63.6 63 73.4 81.6 77.5 68.6 68.3 68.8 71.9 76.4 69.8 68.5 68.6 65.3 69.4 72.9 69.2 68.7 67.9 69.8 80.2 83.4 84.3 90.8 95.3 83.8 71.4 73.8 76.7 78.8 80.1 82 81.1 75.2 73.6 84.9 90.8 85.4 85.7 84.5 80.2 86.1 94.1 102.8 97.7 84.1 83 88.8 93.2 88 83 95.1 101.3 98 104.5 112.5 122.9 131.2 138.7 139.9 128 115.3 114.5 114.5 116.9 118.2 119.2 122.4 125.8 132.1 136.2 141.4 142.7 137.4 140.2 143.2 150.5
60.1 60.2 60.5 61.4 61.2 61.8 64.9 73 73.8 67.4 66.5 69.5 72.7 74.3 70.9 67.6 65.1 63.9 64.4 67.1 68.4 68.4 68.4 69.2 78.8 81.3 81.2 88 95.5 86.5 71.4 72.9 75.3 77.2 77.1 79.1 76.1 71.4 74.8 89.4 91.7 84.8 86.7 88.2 79 85.2 93.1 102 95.9 83.3 83.3 89.7 94.9 86 83.4 86.3 94.5 92.8 99.6 108.8 125.2 133.6 140.6 139.8 129 116.7 114.6 114.7 117.3 123 127.8 136.7 133.7 132.7 134 139 144.1 139.5 138.4 140.5 146.6
59 59 59.2 60.1 60.5 60.7 61.5 67.1 70.7 67.1 63.9 65.1 68.4 71.1 69.6 65.9 65.7 64.7 64.4 65.3 67.1 67.8 69.4 70.5 78.6 79.8 77.4 84.4 91.3 88.1 76.7 73.4 74.5 79 73.4 76.4 73.9 72.1 85.5 96 97.6 90.7 85 86.8 81.6 80.6 87.3 94.7 92.2 82.2 81.9 88.5 94.1 83.8 83.2 83.2 89.9 87.2 94.2 108 122.5 131.5 136.5 136.8 129.3 117.6 115.5 116.3 118.3 121.7 135 141.9 142.9 136.7 135.5 134 138.4 141 141.6 147.2 148.2
58.9 59 59 59.8 60.2 60.1 60.6 63.7 65.9 65.2 63.9 64.2 69 70.9 69.4 65.2 64.6 64.7 65 64.7 65.9 67.2 68.6 69 73 75.6 75 80.4 86.6 86.4 75.3 74.6 74.6 78.7 69.3 69.5 69.2 79.2 88.1 95.1 100.6 97 88.4 85.8 79.7 77.9 81.2 84.9 86.8 81.8 80.3 85.1 89.6 84 84.1 83.9 85.4 86.6 94.9 107.3 118.8 129.1 133.3 132.3 126.4 118.3 115.9 119.9 120.6 122.5 136.5 146.8 151.9 142.1 139.3 133.9 134.1 137.1 139.7 151.2 153.9
58.9 59 59.1 60.5 59.7 59.9 60.8 61.5 63.1 63.9 64.5 64.9 65.7 68.1 64.5 64 63.8 63.9 64 64.1 64.6 67 68.7 69.1 70.6 72.1 71.3 71.7 82.2 81.4 75.2 73.8 75 70 68.8 72.7 73.1 81 87.9 94.5 98.7 97.8 87.4 79.3 77.1 75.7 77.3 81 83.2 81.6 79 81 87.1 84.4 83.2 84.3 87.7 91.2 94.3 104 113.5 123.5 129.4 127 122.8 119.4 115.5 122.2 129.6 132.2 143.4 152.4 157.5 145.2 142.5 139 134 132.3 138.6 152.9 156.7
59.6 59 59.6 59.1 59.2 59.2 59.9 60.5 61.5 62.1 63.2 64.6 65.4 65.3 64.4 63.8 63.2 63.3 63.4 63.5 63.8 65.9 68.5 69.8 69.8 68.5 65.7 65.2 72.7 73.9 73.6 74.1 74.9 69 68.4 72.4 75.9 82.4 88.7 96.1 100.6 96.8 79.1 75.2 74.7 74.5 74.1 76.6 78.9 79 80.7 80.4 86.4 85 83.1 84.4 90.9 90 92.1 98.2 106.1 117 122.4 121.6 118.6 116.1 113.9 121.7 130.7 137.7 144.6 152.5 157.1 151.6 148.4 143.9 134.4 132 142.2 157.3 154.7
