data/SD61.asc
ncols 200
nrows 200
xllcorner 360000
yllcorner 410000
cellsize 50
[rows 35 to 69 of 200, columns 78 to 155 of 200]
330.2 333.6 337.8 339.5 341.8 345 345.3 345.8 343.8 338.6 337.2 336.7 336.1 335.8 333.8 339 342.6 348.6 354.5 359.3 363.3 365.1 364.3 365.6 365.7 368.4 369.9 370 370.3 370.6 369.7 370.4 367.2 365.9 362.8 359.9 354.4 348.2 339.4 329.3 319.9 312.6 308.7 306.1 303.4 300.5 297.5 292.9 289.9 289.2 286.2 280.4 276.2 274.3 275 276.9 278.9 276.8 278.9 284.1 292.1 302.7 317.1 328 332.5 335 335.8 340.4 345.2 346 348.6 350.6 351 352.9 354.6 357 359.8 360.8
329 331.4 333.8 336 337.7 339.8 341.1 339.9 336.1 333.9 331.6 331.9 332.6 331.1 333.1 337.8 342.1 348.8 357.4 362.6 364.9 366.7 366.1 364.8 366.9 369.7 370.6 371.4 372.2 372.1 372 370.8 370.3 367.4 364.1 359.8 354.6 347.4 336.9 325.6 314.6 309.4 307.4 305.1 303.4 300.3 298.6 295.2 294 291.7 289.4 283.8 278.2 276.1 274.6 273.8 274.5 275.5 276.3 283.1 290.2 298.3 310.6 316.5 319.1 322 327.7 334.3 342.1 346.5 349.1 350.1 351.6 352.8 353.8 356.7 358.4 360
326.6 326.9 328.3 331 333.1 334.5 335.2 333.9 332.2 329.9 327 325.2 328.1 329.1 332.6 336.9 341.6 348.4 358.4 365.5 368.2 370 369.9 368.4 369.5 369.8 370.6 371.9 373.5 374.5 374.3 374.2 372.1 370.2 364.9 358.8 353 340.9 329.1 319 312.1 308.6 306.9 304.3 303.4 300.6 299.1 297.4 296 293.6 290.7 287.7 280.1 277.9 275.9 274.8 275.1 274.6 275 279.2 285.6 292.2 299.1 304.3 306.9 311.3 316.5 323.5 336.5 342.2 346.2 348.1 350.6 351.7 352.6 353.7 355.5 357.9
323 324.6 326.3 329.2 332.4 332.9 332.3 331.5 327.4 323.4 320 324.6 331.8 330.8 332.6 336.1 341.3 348.6 358.7 367.1 371 371.8 372.1 371.1 370.4 370.5 371.6 372.7 374.6 375.6 374.5 374.4 372.7 369.1 363.4 355.3 344.7 334.8 324.3 319 313.2 310.1 308.8 309.4 305.7 301.1 299.1 299.1 297.8 295.1 291.1 288.6 283.2 278.6 275.1 274.7 273.5 273.1 274.8 277.9 281.5 285.3 289.6 295.6 299.1 304.9 310.7 317.6 326.1 334.4 339.3 342.9 343.9 347.2 350.7 350.7 353.1 355.9
321.5 326.4 328.8 330.6 334.8 332.8 330.9 329.3 320.3 319.4 325.4 327.3 331 330.9 331 334.5 340.9 349 358.4 368 373.2 374 374.3 373.4 372.5 371.9 372.9 373.7 374.5 374.7 374.8 374.6 372.8 367.4 359.2 351.9 342.9 332.6 327.7 321.7 315.3 312.7 310.3 308.1 304.7 299.9 299 299.4 299.3 294.3 290.8 287.5 281.5 277.2 274.5 271.5 269.4 269.2 271.4 274.2 276.7 280.4 283.8 287.5 295 301.4 308.3 314 317.9 328 333 337.2 341.5 345.6 346.7 350 352.6 353.8
321.8 324.4 329.7 331 332.4 332.1 331.3 325.7 314.5 323.3 323.8 324.5 328.5 329.1 329.2 332.6 340.9 347.4 356.5 367.1 373.4 375.5 375.7 374.7 374.4 373.6 372 371 373.2 375.8 374.4 372.7 367.8 361.3 356.7 351.5 348.2 340.4 330.1 323.7 315.2 312.2 305.6 306 302.5 299.6 298.5 299.5 297.8 293.7 290.6 286.7 281.6 277.4 274.4 269.7 265.8 265.5 267.7 272.4 273.3 276.8 280.5 280.4 288.8 297 300.2 308 309.9 319.8 326.5 332.8 336.4 341.9 345.5 349.1 351 352.4
320.5 321 321.4 320.3 321.3 321.8 319.2 313.7 310.6 315.8 317.7 320.7 324.5 324.9 326 330.8 338.6 343.7 351.6 362.7 371.7 376.1 376.2 375.3 375.4 372.8 370.9 369.3 371.3 373.1 369.9 361.5 354.1 349.4 349.6 340.8 339.1 336.5 336.4 330.5 324.3 315.8 308.9 304.3 300.3 298.3 296.4 295.5 293.9 290.9 288.9 283.2 281.1 277.5 274.3 272.6 266.1 265.1 271.2 273.8 273.2 274.4 278 283.5 289.4 291.3 301.2 306.6 318.3 325.9 325.7 329.6 334.1 339.5 344.6 347.8 351 351.4
314.7 313.3 313.3 313.1 314.5 314.5 311.9 309.9 309.9 311.3 314.3 317.8 320.6 322.7 325.3 329.6 334.3 340.8 346.6 355.4 366.4 376.1 376.8 376 375.8 370.9 370.1 364.7 365.8 365.4 355.8 359 364.9 367 364.6 356 349.2 354.5 350.2 338.2 329 320.2 313.6 307.4 301.6 296.6 294 291.5 290.3 288.7 285.9 280.9 280.7 280.8 277.8 273.8 266.3 265.6 274.6 274.2 273.5 274.7 276.9 285.9 290 297 305.7 316.4 323.7 326.5 329.6 331.9 335.2 338.1 342.7 345.4 348.5 349.1
312.7 311.1 311.4 310.9 311.2 311.7 310.9 309.1 310.2 311.2 314.2 315 319.7 321.6 324.5 328.6 334.8 338.3 343 350.2 358.6 369.9 375.8 375.8 373.8 371.1 367.3 364 360.3 359.9 360.7 369.2 374.1 375 371.6 364.6 352.9 360.3 352.6 345.4 338.4 327.3 323 314.7 305.3 297.2 293.3 291.8 290 286.7 285 281.3 280.8 280.8 276.4 269.9 266 265.6 274.1 274.5 273.9 273.8 276 281.5 288.4 295.1 304.3 316.1 324.5 327.9 331.8 333.9 336.7 339.6 342.6 345.9 346.8 347.7
311.1 309.4 309.1 308.3 307.4 308.6 306.3 309.7 312.9 315.3 317.9 317.6 319.6 321.5 324.8 328.6 333.4 338.1 342.3 347.9 352.6 362.7 370.6 371.8 367.3 366.6 366.2 364.8 364.4 363 364.6 369.9 373.7 374.1 373.4 364.7 353.5 355.1 355.8 350.8 344.8 340 333.6 321.9 310.5 299.2 293.6 290.5 288.2 285.3 282.5 280.6 279.5 277 274.2 271.3 264.9 264.5 267.1 269 272.2 275.9 276 281.1 286.2 291.1 299.4 309.4 317.7 325.5 328.6 333.8 337.1 340.1 342.5 344.5 345.7 345.5
306.5 305.1 305.1 304.8 303.9 304 305.9 312.6 316.6 316.3 321 320.6 321.5 322.7 325.3 328.5 331.3 336.6 342.1 346.3 349.1 356.5 364.3 365.5 361.8 362.4 364.2 364.8 367 367.4 369.3 370.7 372.3 374.1 373.6 367.5 354.1 350.1 352.5 352.8 347.6 343.7 339 324.8 311.5 299.9 293.8 289.8 286.3 284 281.4 279.2 278 275.3 275.6 277.1 266.8 263.1 264.4 264.5 267.9 272 276.6 280.3 283.8 287.8 295.4 301.3 310.4 318.1 324.8 332.3 335.9 338 341.1 343.1 345.2 345.3
300.9 301.3 302.3 301.8 300.9 301.5 306 311.7 317.9 320.9 320.8 322.5 323.7 324.6 326.1 328.9 331 333.3 338.8 345.1 348.6 353 356 357.6 359.8 359.7 364.6 366.2 368.6 370.4 371.3 373.4 375.1 375.2 377.4 375.1 371 356.5 349.6 354.8 346.4 342.6 336.1 325.9 312.4 300.6 291.8 288.7 286 283.4 281.5 279.9 280.8 278 276.2 276.3 269.9 264.3 263.8 264 265 270.5 275.3 279.2 282.2 285.2 290.5 295.8 301.9 310.6 318.4 326.8 335.1 334.6 338.7 341.6 343.4 343.5
296.1 297.7 298.8 299.7 299.5 300.4 305 310.7 316.5 321.9 322.7 324 324.9 325.7 327.1 329.1 330.8 332.7 336.2 343.3 348.5 350.9 352 352.3 355.2 360 363.5 366.9 369.5 372.8 374.9 375.6 377.5 378.6 380.6 378.9 374.1 368 349.7 348.5 345.4 340.8 332.1 323.6 311.5 300 293 290.5 288.1 285 283 281.2 280.4 278.2 276.1 275.3 273.9 265.7 263.9 264 264.1 268 274.1 277 278.7 281.1 287.5 291.8 295.3 300 309.1 318.4 324.2 327.5 335.7 339.7 341.4 341.6
293.4 295 295.3 298.3 300.1 302.3 305.8 310.7 317.9 322.4 324.6 325.5 326.2 326.6 328 329.4 331.4 333.3 337.4 343.2 345.7 348.9 348.9 350.4 355.5 360.9 364.5 368.2 370.9 374.7 380 380.9 381.2 381 379.5 375.6 371.7 362.1 346 340.4 339.7 337.4 328.5 317 305 304.1 299.4 296.1 291.8 287.6 283.7 281.7 280.5 277.6 275 275.9 272.2 265.2 263.9 263.9 264 265.1 269.6 274.9 277.4 280.3 283.5 287 290 294.8 298.8 307 312.5 321.7 329.9 335.4 338.5 339.2
295.1 295.4 297.4 301.4 302.7 305.1 307.3 310.7 319.1 322.9 325.8 326.4 327 327.7 328.6 330 332.3 334.5 337.3 340.5 341.7 342.4 345.5 350.8 355.8 361.7 366.4 372.1 376.2 383 386.5 385.7 384 380.4 377.8 375.2 368.6 364.8 354.2 339 339.4 328.8 325.2 322.7 314.6 316.6 310 306.4 299.7 292 286.2 283.5 280.8 277.8 274.7 274 269.7 264.5 263.9 263.9 263.9 264.9 267.6 274.6 276.7 278.9 281 282 285.4 291.2 295.1 299.7 306.1 314 322.2 328.3 333.3 335
300.3 300.6 302.6 305.3 307.1 309.7 309.6 312.4 317.8 321.6 326.2 328.3 328.7 328.4 327.8 331 331.9 332.4 334.9 337.5 337.9 336.6 341.5 346.6 355.1 364.1 371.7 379.6 386.5 389.8 390.2 388.2 385.5 383 381.4 377.9 375.4 371.1 357.9 339.6 340.2 340 339.8 336 331.8 328.6 319.8 315.4 307.7 300.5 291.7 285 279.8 275.5 274.5 270 265.7 263.9 263.9 263.9 263.9 264.2 267.6 275.8 275.7 276.6 277.2 278.3 280.8 285.8 289.9 294.9 299.5 306 313.2 320.7 325.1 327.6
303.1 305 306.1 308.5 310.5 312 312.2 313.1 315.2 319.2 322.9 326.2 326.8 326 326.9 327.7 327.4 328.7 330.8 331.4 331.9 333.3 337.2 342.6 352.8 362.1 372.9 383.6 390.6 391.6 391.1 390.9 388.3 385.1 382.6 380.5 377.3 374.7 368.8 348.5 339.1 339.2 345.2 344.8 343.8 335.7 326.4 319.3 313.2 304.7 295.7 287 280.9 274.3 271.2 266.9 264.3 263.8 263.9 263.9 263.9 263.9 267.4 273.7 273.9 273.5 274.7 276.1 278 282.3 286.5 290.3 294.6 301.3 310.4 315.5 318.2 321.4
304.7 306.6 308.1 309.6 311.5 313.3 313.8 313.4 313.7 315.6 316.1 318.4 319.7 321.7 325 324.9 321 323.9 325.2 325.2 326.7 331 334.8 342.1 350 360.2 369.9 380.3 388.7 391.8 392.3 391.2 388.8 385.9 383.4 380.9 377 373.8 368.5 366.4 355.6 333.8 330.8 343.6 347.4 339 328.8 320.4 312.9 305 295.2 285 279.1 274.1 269.5 265.9 264.1 264 263.9 263.9 263.9 263.9 264.7 265.8 267.8 270.2 272.5 274.9 276 278.6 282.8 286.2 289.6 296 304.3 308.8 312.1 314.1
305.7 307.6 309.6 310.4 311.4 313 312.2 312.7 312.5 312.3 310.6 310.1 312.1 313.2 316.9 318 317.4 317.2 319.9 324.7 327.5 329.7 333.2 338.4 345.8 353.3 363 372.3 382.3 389 391.2 390.9 389.2 386.6 384.3 381.1 378.4 375.7 373.1 369.7 365.1 347.3 326.4 334 342.6 338.9 330.2 321.5 311.3 298.6 289.6 281.9 276.8 272.7 268.8 265.6 265 264.4 263.9 263.9 263.9 263.9 263.9 264.5 264.8 267.1 269 269.9 272.8 275.5 278.5 281.6 285.4 291.8 299.6 304.6 307.6 307.4
305.2 307.1 309.6 310 310.6 310.6 309.5 310 309.6 306.6 305.2 305.5 306.2 307.3 308.8 313.7 314.5 312 321 324.4 327.2 330.8 331.6 335.4 340 347 354.9 363.9 373.5 381.1 387.6 388.9 388.8 386.8 385.7 382.5 379.5 376.5 373.5 370.4 366.5 352.7 332.6 323.2 324.6 331.3 331 322.4 311.8 299.8 284.7 279.3 274.8 271.2 267.6 265.6 266 265 263.4 263.9 263.9 263.9 263.9 263.9 264.7 266.1 265.2 265.7 268.3 272.6 275.9 279 283.4 289.1 296.1 301.1 301.4 300.8
300 304 306.3 306.9 306.7 305.9 305.5 303.6 303.6 300.9 300.6 301.5 302.2 302.8 305.1 309.7 310 308.2 314.4 318.3 323.8 327.8 330.5 331.5 335.6 340.6 348.2 355.3 363.6 374.5 384.5 388.1 387.8 386.5 385 382.3 379.3 376.6 372.3 370 365.7 362.5 350.2 332.8 313.7 316.6 325.8 319.9 309.7 298.9 285.5 277.8 274.1 270.1 267 265.3 265.2 262.9 262.5 263.8 263.9 263.9 263.9 263.9 263.9 265.9 265.6 264 265.8 269.9 273.3 276.7 280.6 286.4 293.6 297.2 298.7 298.7
301 301.3 302.6 300.4 298.3 297.1 297.6 296.2 295.2 296.4 297.3 298.2 299.1 300.4 303 304.8 305.1 303.6 310.1 312.7 318 321.6 324.5 328.2 332.7 336 341.6 349.7 359 369.4 379.8 386.2 387.2 386.3 384.7 382.6 380.1 375.5 371.8 369.3 365.8 362.9 356.6 342.9 323 305.3 316.5 316.2 307 296.1 284.8 277.2 272.6 268.7 266.1 264.4 263.7 262.7 263.5 263.9 263.9 263.9 263.9 263.9 263.9 264.3 264 263.9 264.1 266.6 270.1 273.8 277.8 285.3 291 293.9 294 293.6
300.6 301 298.4 292.7 290.7 290.1 290.6 291.6 292.9 294 294.1 295.8 298.4 300.1 301.1 302 301.9 299.7 306.1 309 313.3 317.8 321.3 325 329.5 332 335.2 345 354.9 364.5 373.7 382.1 385 384.2 382.4 381.1 378.1 375.2 371.8 367.9 362.2 357.4 348.6 342.1 331.9 313.4 303 307.7 302.2 294.2 285.2 277.5 273 268.1 265.4 264.8 263.4 261.7 263.1 263.9 263.9 263.9 263.9 263.9 263.9 263.9 263.9 263.9 263.9 264.7 267.1 271.4 276.2 282.1 287.2 291.2 291.2 289.6
299.1 297.8 291.3 286.5 285.3 284.3 287.3 289 291 291.8 289.5 294.8 297.1 298.7 298 299.3 299.3 299.4 302.9 306.3 309.6 315.4 319.7 323.6 326.7 328.7 332.3 339.9 350.4 359.4 369.3 377.1 382.5 381.7 379.9 378.5 375.8 372.9 369.6 364.8 358.8 351.1 344.4 337.2 329.6 319.7 303.8 298.3 291.8 289.3 282.6 277 272.7 268.3 266.2 265.3 263.7 262.1 262.5 263.7 263.9 263.9 263.9 263.9 263.9 263.9 263.9 263.9 263.9 263.9 265.9 270.4 275.7 279.9 284.3 288.7 290.8 289.8
295.6 289 283.4 281.8 281.5 284.3 285.8 286.6 287.6 286.4 283.9 289.3 290.9 291.5 294 295.1 293.9 298.6 301.4 303.8 307.1 311.2 315.3 319.7 322.4 325.3 329.5 336.5 345.9 355.4 364.9 372.9 379.3 379.4 378 376.2 373.9 371.2 365.7 361.4 353.5 344.4 335 329.7 321.2 312.3 303.8 294.4 290.4 289.9 280.8 275.4 271.9 268.5 266.3 264.8 264.2 262.6 261.9 263.2 263.9 263.9 263.9 263.9 263.9 263.9 263.9 263.9 263.9 263.9 266.2 270.2 273.8 277.2 282 285.4 287.8 288.6
286.3 280.3 278 277.2 277.7 278 281 282 282.6 279 278.7 282.2 284.6 286.1 289.7 291.3 291.7 296.1 299.3 301.8 304.4 307.6 309.2 314.4 318.5 322.3 326.8 333.9 342.1 351 359.9 368.7 375 376.2 375.5 373.7 371.5 369.4 366.5 362.7 353.4 345.6 337.6 328.8 313.7 300 297.2 290.7 290.5 285.3 279 274.5 271.7 268.5 266.1 264.4 264.4 263.3 262.3 262.7 263.9 263.9 263.9 263.9 263.9 263.9 263.9 263.9 263.9 263.9 265.9 267.2 271.4 275.7 280.6 281.9 284.3 282.1
275.2 273.6 273.2 273.6 273.3 272.5 273.6 276.2 275.9 271.7 272.1 274.7 277.5 281 284.7 286 290.3 292.9 294.5 298.8 302.4 307 310 314 317 320.9 325.8 331.5 338.6 347 355.9 364.2 372 373.5 373.2 371.3 369.5 367.2 365.1 361.9 353.8 345.1 337.2 328.8 319.6 304.6 297.2 290 288.6 280.8 276.9 275.3 272.4 269.4 267.5 264.4 264.2 264.2 263.3 262.3 263.7 263.9 263.9 263.9 263.9 263.9 263.9 263.9 263.9 263.9 264.2 265.9 271.1 276 280.8 280.8 280.7 280
270.4 270.3 270.3 270.2 267.8 266.2 267.8 269.2 268.1 266 267.1 269 272.8 276 277.7 280.1 286.5 288.5 291.8 297.5 302 306.7 310.6 312.7 316.7 319.9 324.6 328.5 335.6 343.3 352.7 362.2 367.4 370.6 371.1 369.6 367.8 365.4 363.2 360.2 354.7 344.8 336.4 328.9 321.6 315.3 306 299.5 289.6 290.7 285.2 277.2 274.6 273.2 268.9 264.4 264.2 264.2 264 262.8 262.7 263.9 263.9 263.9 263.9 263.9 263.9 263.9 263.9 263.9 263.9 265.3 270.5 276.2 280.5 280.8 280.5 279.6
266.1 266.7 266.8 264.1 259.1 261 262.3 260.9 262 261.8 264.1 267.2 270.3 272 272.9 276.4 279.9 286.5 290.8 296.2 301 303.6 307.3 311.1 316.6 320.8 324.3 327.2 333.2 341.1 349.9 358.8 364.5 367.6 368.6 367.3 365.8 363.7 361.4 358.2 351.9 343.4 336.5 329.2 323.5 317.6 308.5 300.9 298 299.8 290.7 280.3 274.5 276 271.3 268 266.3 265.6 264.2 264.3 261.9 263.8 263.9 263.9 263.9 263.9 263.9 263.9 263.9 263.9 263.9 263.9 268.3 276.2 280.4 280.8 276.1 278.3
262.4 262.6 260.3 255.6 254.3 255.9 256.5 255.4 256.4 258.5 261.4 264.7 266.6 269.9 270.9 276.2 282.4 286.7 289.7 294.6 299.5 300.6 302.7 308.2 313.4 319.1 322.2 326.6 332 338.4 346.6 354.7 360.7 364.9 365.4 364.8 363.3 361.4 358.9 357.5 349.4 343.6 336.6 329.1 323.4 318.2 312.5 307.2 306 301 290 279.5 277.2 276.1 273.1 269.9 267.9 265.9 265.2 265.5 264.6 263.3 264.3 263.9 263.9 263.9 263.9 263.9 263.9 263.9 263.9 263.9 266.2 273.3 279.4 275.7 274.4 277.1
257.3 254.3 250.5 248.7 250.3 251.1 251.1 249.4 252.4 254.9 259.6 262.2 265.3 269 272.5 278 284.5 286.2 289 291.6 295.9 296.8 297.7 301.5 309 313.7 319.8 324.8 329.2 336.2 342.8 350.6 356.9 361.3 362.2 361.9 361 358.7 357.3 354.3 347.1 341.9 335.6 328.5 322.6 317.5 310.1 305.7 300.1 293.6 287 280.3 279.9 276.8 274.2 271.3 268.6 267.2 267.2 266.6 266.1 265.7 265 264 264 263.9 263.9 263.9 263.9 263.9 263.9 263.9 263.9 266.7 267.6 265 273 277.5
249.7 246 243.7 244.9 246.6 245.4 244.6 250 254.3 258 261.2 263.7 266.1 269.8 275.1 280.3 284.5 286.5 287.2 288.8 291.6 289.7 298.4 305.6 310.1 315.9 320.1 322.8 327 333.6 340.2 346.5 352.1 356 358.6 358 357.2 354 348.9 347 343.4 336.2 332 325.3 316.6 310.6 298.9 295.1 289.9 288.7 288 282.8 279.7 279 275.2 272.2 270.1 268.8 269.4 268.8 268 267 265.8 264.8 264.6 264.5 264.9 264.1 263.9 263.9 263.9 263.9 263.9 263.9 263.9 266.6 273.5 278.5
241.9 239.2 239.1 241.2 242 239.8 245.9 251.1 254.7 258.1 261 264.1 267.5 271.8 278.8 281.6 283.6 286 285.7 286.2 286.4 290.6 296.2 302.2 310.4 316.4 318.6 321.6 325 330.6 339.1 344.3 348.3 349.7 350.7 349.3 348.8 346.4 342.8 340.7 329.7 324.3 314.1 310.7 304 303.8 301.9 295.5 290.1 288.9 288.9 287.6 283.3 280.7 277 274.6 272.9 272.3 272.3 271 269.5 268.5 267.4 267.1 266.9 267.2 266 264.2 263.9 263.9 263.9 263.9 263.9 263.9 263.9 266.1 272.8 278.2
235.5 234.9 236 236 237.9 243.4 246.9 250.5 254.1 257.6 260.7 264.9 270.4 277.9 279.7 280.2 281 282.8 282.7 281.6 283 290 295.8 301.8 310 311.7 313.5 321.8 325.8 329.3 335.4 343.5 348.6 349.2 348.7 348.7 349 347.2 341.3 338.6 336.9 332.4 333.2 327.9 321.8 315.8 307.7 304.8 299.6 296 294.1 290.1 287.4 284.5 281.3 279.3 276.8 276.7 275.6 274.4 273 271.5 269.9 269.5 270.3 270.5 268.1 263.9 263.9 263.9 263.9 263.9 263.9 263.9 263.9 264.6 272 278.2
230.5 230.9 231.2 233.4 238.9 243 246.3 250 253.5 257 261.5 267.9 274.4 279.1 279.3 278.7 278.9 279.6 280.6 278.6 281.6 286.8 290.7 294.3 297.7 311.2 316.4 321.5 324.3 330.8 337.7 345.3 351.5 354.4 355.1 355.4 355.8 354.2 349.1 346.2 344.4 338.7 334.3 328.4 323.4 317.8 315 314.7 311.9 307.1 302.9 299.6 294.8 291.2 287.5 284.9 284.1 282.5 279.6 277.5 276.3 274.3 273 272.3 273.2 273.2 271.2 264.2 263.9 263.9 263.9 263.9 263.9 263.9 263.9 264.6 271.3 277.7
