data/SD67.asc
ncols 200
nrows 200
xllcorner 360000
yllcorner 470000
cellsize 50
[rows 72 to 107 of 200, columns 81 to 161 of 200]
97.7 99 100.5 102 103.8 105.3 106.8 109.1 110.8 112.1 114.2 115.6 117.3 120 124.5 127.8 131.1 131.9 133.9 137 140.3 145 149.2 150.2 151.5 157.6 165 172.9 175.9 171.5 166.3 168.5 170.8 174.6 178.5 186.6 190.1 193 195.9 197.7 200.2 205 213.4 216.7 223.2 228.5 234.5 237.8 235 237.4 244.6 249.4 250.2 253.7 255.7 254.3 254.8 259.7 258.7 254.5 258.7 259.5 261.5 267.4 272.6 276 279.6 281.5 280.1 285.3 285.3 288.2 290.6 292.1 294.8 298.4 306.4 316.9 326.6 340.3 349.3
97.8 99.1 100.5 102.1 103.6 105.1 106.6 108.2 109.9 112.2 114.2 117.1 119.8 123.5 127.7 130.8 133 134.6 135.7 137.6 140 144.1 147.9 148.6 148.4 155.4 162.9 168.6 171.5 168.3 165.6 167.8 169.8 172 174.9 180.8 186.1 188.3 191.3 194.3 197.5 199.5 207.1 211.8 216.7 222.3 227.4 230.8 230.3 228.8 233.3 236.9 240.6 246.4 248.8 246.6 253 254.4 251.4 250.8 253.3 255 260.4 266.8 271 273.3 273 274.5 278.2 282.6 281.8 283.2 284 286.4 291.4 298.3 309.7 319.1 331.1 346.2 356.8
98.1 99.1 99.9 101.1 102.4 103.7 105.4 107.4 110.6 113.5 117.9 121.8 126 129.5 131.3 133.2 135.2 135.4 136.1 138.2 141 143.8 147.4 149.5 143.7 152.3 160.3 164.7 167 166.3 165 167.2 171.1 172.4 172.1 173.7 179.5 183.5 187.4 190.9 194 196.9 197.9 206.7 209.6 214.3 217.6 220.9 223.3 220.9 224.1 227.8 232.6 239.2 241 243.3 248.2 247.8 245.6 243.4 245.3 250 255.7 261.3 261.7 265.9 270.3 273.6 277.2 279.2 278.2 279 280.1 284.9 290.9 300.1 308.8 319.6 327.1 338.3 359.8
97.9 98.6 99.4 100.3 101.2 102.4 104.6 107.6 111.3 117 125.5 130.7 133.5 136.5 136.1 135.3 136.6 136.9 135.5 138.7 141.7 143.8 147.1 148.4 142.2 149.7 157.9 162.1 164.2 163.3 164.2 166.5 173.1 179.1 177.4 171.6 171.9 179 183.1 187.2 189.6 192.5 194.2 200.9 204.7 206.1 209.6 213.3 215.3 215.5 216.9 221.1 225 231.3 236.7 238.7 241.4 239.4 238.6 238.9 243.2 250.1 256.1 263.3 267.7 270.2 272.1 274.2 276.3 275.2 275.2 275.5 276.1 279.8 287.9 295.7 302.9 310.9 317 326.8 348
97.5 98.2 99 99.9 100.7 101.9 104.7 107.1 114.7 122.6 129.1 135.7 141.2 142.8 141.5 137 135.1 134.9 135.6 139.5 142.5 144 146.6 144.3 143 148.3 155.5 159 160.6 161.5 162 162.5 170.2 179.3 180.9 173.5 169 176.6 181 183.8 186.1 188.6 193.2 193.7 201.5 203.7 205.3 206.7 208.1 212 212.6 216.3 220.9 224.6 229.7 232.4 235.6 231.4 237 239.1 243.8 251.5 259.3 267.7 273.5 277.2 277.5 277.9 273.7 271.9 275 275 273.4 274.4 282.1 287.3 293.4 300 306.6 318.1 330.6
97.6 97.8 98.5 99.4 100.4 101.6 104.9 110.8 118.1 125.4 132.1 141.8 148.9 148.2 144.6 140.6 132.8 133.3 136.4 141.7 145.6 146 144.2 138.9 143.8 150.9 158.5 161.4 163.5 162.1 160.8 160.8 165.7 175.1 174.7 168.8 165.5 172.9 177.1 180.2 184.2 187.1 192.4 191.4 197.8 200.1 200.3 199.9 201.6 206.5 208.2 213.3 218.9 223.8 228.2 230.6 227.8 234.1 238 238.5 244.2 253.2 261.4 271 277.2 280.5 278.6 273.6 267.8 270.7 273.6 274.4 272.4 270.1 274.5 279.8 286.2 290.6 297.4 306 318.2
97.6 97.7 97.8 98.6 99.7 101.1 106.2 112.3 119.4 127.1 135.1 147.1 149.2 147.2 145 139.4 132 133.5 136.7 141.9 146.2 146.9 140.5 139.5 147.9 155.1 161.6 164.9 166.9 164.1 158.9 161 161.2 167.6 166.3 163.2 164 173.3 179 183.6 187.6 187.7 188.8 188.6 194.2 197.1 197.5 197.3 197.4 200.7 211.4 211.5 218.1 224.8 222.1 224 231.1 234.4 237.7 240.1 247.7 256 263 273.3 275.3 272.5 268.3 263.1 264.9 271.3 274.1 274.2 271.3 268.8 267.9 274 280.4 284.7 288.9 296.8 305.9
97.2 97.3 97.3 97.4 98.2 99.9 104.6 111.4 121.3 129.7 138.8 146.8 145.3 142.6 140 136.3 128.2 132.9 137.1 141.6 144.9 145 137.9 141.5 149.6 157.2 163.9 167.9 169.6 167.1 158.5 158.5 158.5 161 159.4 159.5 167.3 173.8 178.3 183.8 189 187.6 187.7 187.5 192.6 197.7 199.5 196.7 193.5 199.7 209.1 211.2 219.2 213.9 224.4 231 232.4 234 235.9 237.8 245.4 253.3 262.9 266.3 265.1 261.7 258.7 256.8 264.7 269.7 271 270.7 268.4 266.5 265 267.7 272.9 278.1 282.6 289.4 298
96.7 96.8 96.9 96.9 97 98.9 103.3 108.1 121 131.5 140.2 142.9 140.1 137.1 134 131.4 126.4 131.4 136.2 138.3 142.1 142.7 136.3 141.9 150.3 156.9 164.2 168.7 170.4 169.6 161.8 156.1 154.9 156.9 157.9 159.5 167.1 171.4 176.2 181 185.4 184.9 185.3 186.8 190 197.5 200.1 197.1 188.4 191.8 200.1 210.1 213.5 217.6 228.8 232.2 232.1 233.1 232 233.5 241 249 255 253.9 252.6 252.2 253.3 252.4 259.4 264.5 266 266.5 266.8 265.3 263.4 263.5 267 272.2 276.9 281.2 286.7
97.2 96.4 96.4 96.5 96.5 98.8 103.8 109.6 119.9 128.2 135.5 137.3 134.9 132.5 130.3 127.4 123.8 127.5 132.1 134.3 138.3 138.9 134.9 138.3 147.7 153.9 159.6 164.6 167.9 168.2 164.2 157.3 152.5 155.5 157.1 159.2 163.9 168.8 173.2 176.5 178.9 179.8 181 184.7 186.2 192.4 195.4 187.6 189 194.3 199.9 205.2 213.5 223.8 230.6 233.9 233.7 231.5 229.5 230.3 235.1 242.8 242.6 242.5 244.3 245.7 247.1 252.3 258.4 263.8 266.7 269.5 269.2 266.9 265 261.6 261.2 263.5 268.7 272.9 278.3
99 96.4 96.6 96.6 97.2 98.7 105.1 110.8 116.7 124.4 131 131.8 131.4 129.9 127.6 126.1 122.7 123.6 127.4 130.9 134.1 134.2 132.5 133.3 142.3 148 153.6 158.2 162.5 163.8 163 156.8 153.5 155.6 155.5 157.1 159.5 163.5 163.9 168.9 172 174.1 176.4 180.1 184.1 185.7 187.4 179 188.6 191.9 198.5 205.3 213.7 223.3 226.9 231.3 229.5 227.4 225.3 225.5 229.1 230.5 232.8 234.8 240.4 247.1 252.8 256.7 261.6 267 273 274.2 272.8 270.4 267.9 263.4 259.5 259.9 263.1 267.3 272.9
101.7 99.3 97.9 97.2 98 98 105.5 111.1 113.4 120.7 125.5 127.3 127.5 127.4 126.5 124.6 121.4 121 122.2 125.7 129.6 132.9 131.5 132.3 135.5 141.6 147.1 151.4 155.7 157.8 157.2 152.7 151.3 153.8 152.1 152.1 152.9 152.8 155.1 158.3 164.4 168.5 172.6 176.5 179.2 176.5 179.2 185.3 190.9 190.6 194.9 199 205.5 214.5 219.8 224.4 224.9 223.2 222.3 223.2 224.5 226.7 229.9 237.9 243.7 246.6 248.4 250.7 259.7 267.2 273 273.7 274.6 273.3 268.7 261.7 258.9 258 257.8 261.4 268.8
104.5 103.3 102.1 99 97.3 97.9 105.2 110.6 111.9 117 120.1 123 124.1 125 123.6 122.5 120.5 119.3 119.7 121.2 125.1 132.3 130.7 130.2 130.7 135.1 140.4 144.6 148.7 151.3 150.8 149.6 149.5 143.3 147.7 150.1 157.1 162.8 167.9 169.7 164.4 162 168.9 168.4 173.3 176.8 180.5 186.9 191.1 190.6 193.3 197 199.4 206 213.7 218.7 220.1 219.4 219.8 221 222.5 225.9 233.8 238.3 240.1 241.2 241.3 248.6 258.8 264.6 267 269.2 270.8 269.7 265.8 260.7 258.2 257.1 256.6 257.4 264.6
106.9 107.5 105.5 98.7 97.3 98.3 105.2 108.3 110.2 113.6 116.8 119.4 121.7 122.8 123.4 121.8 119.9 118.1 118.3 119.5 121.4 128.3 130 129.5 130 132.5 135.6 137.8 142 146 145.6 144.9 142.1 146.5 150 155.5 161.5 166.8 170.2 171.7 169.9 168.4 169.8 174.1 176.1 181.8 180 186.6 190.7 188.2 190.6 199 200.7 199.7 204.8 213.3 215 214.3 215.9 219.4 225.2 229.8 233.1 234.7 235.8 237.3 241 249.2 253.4 258.3 261.7 264.3 265.7 265.2 262.9 261.6 259.3 257 255.4 256.4 260.8
108.9 107.6 104.8 100.3 99.6 96.2 99.7 104.1 108.3 111.5 113.8 116 118.3 120.9 122.1 122.3 119 117.4 117.8 119.1 120.8 124.2 128.8 129.2 129.6 130.7 134.4 136.6 139.7 139.9 139.2 140.4 143.6 147.9 151.3 155.3 160.5 163.7 165.2 166.8 166.5 168.9 169 173 179.5 184.8 182 186.1 191 187.8 193.8 201.6 205.2 201.6 199.2 210.2 209.5 207.8 215.7 220.9 227.3 228.9 231.8 233 233.2 235.6 240 245.1 249.5 252.2 255.9 259.4 261.6 261.8 261.5 261.8 261.1 259.4 255.6 255.1 257.2
106.2 104.9 102.8 98.3 94.3 99.8 99.1 102 102.4 108.5 109.9 112.2 114.9 117.8 120.1 119.2 117 116.8 117.4 119.1 120.8 124.2 128.8 129 129.3 130.3 132.2 135.3 135 136.2 138.4 141.2 145.5 148.4 150.9 153.4 156 158.9 160.4 161.8 163.7 166.1 165.1 169.4 175.6 179.8 183.6 182 187 183.7 195.4 202.4 205 203.6 197.6 208.2 204.9 209.6 215.7 221.5 224 228.6 230.5 231.1 232.6 234.1 236.3 241.7 246.3 250.2 253.9 256.6 257.5 258.5 260.9 262.3 263.2 262.5 259.2 253.7 253.8
103.3 102 99.2 96.7 93.6 93.2 100.1 99 100.3 102 106.4 108.9 111.7 114.2 116.7 116.1 115.1 115.5 116.9 119.3 121.5 123.7 127 129.3 129.1 130.7 131.8 132.9 132.2 135.7 139.8 142 144.9 147.7 149.8 150.5 152.4 153.8 155.5 157.2 159.3 161.3 162.1 166.4 169.2 174.1 179.2 175.7 181.6 184 191.4 199.2 201.8 202.7 195 201.2 200.9 207.2 212.5 213.1 221.5 227.7 228 228.9 231.1 233.1 235.2 241 245.6 250.1 253.8 255 256.9 260.4 263.7 265.8 265.9 263.3 259.3 254.8 250.5
99.6 98.2 96.7 94.3 92.7 91.9 92.7 100.5 97.3 97.6 100.6 105.2 107.8 110.5 113.1 113.4 111.4 115.1 117.2 119.8 123.6 128.8 132.9 134.4 132.7 130.9 131.3 131.4 132.8 136.7 141.6 144.2 146.6 147.9 149 149.8 149.9 149.1 150.9 153.6 156.9 159 160.7 163.7 164.1 168.2 174.1 173.8 176.4 182 186.6 192.3 197.9 202.6 193.4 196.5 195.8 198.9 201.6 207.7 216.7 221.4 226.1 226.7 227.8 230.9 235.8 242.6 248.2 250.5 252.5 254.1 255.5 260 264.4 266.6 265.1 261.8 258.5 254 249.4
95.8 96.1 94.9 92.6 91.5 90.7 92 93.2 99.4 97.6 99.5 102.3 104.6 105.6 107.6 112.4 114.6 116.3 118.7 122.2 127.2 133.9 137.9 139.6 138.7 134.8 129 128.3 132 136 140.4 144.4 148.1 152.4 153 152.7 151.1 150 149 153 155.5 158.5 161.3 161.9 161.2 162.3 167.5 170.7 171.9 177.1 181.9 185.9 193.4 192.1 186.8 187.3 187.3 192.1 198.4 207.6 217.3 221.4 224.5 224.9 225.6 231.7 239.2 243.8 246 247.2 250.7 251.3 251.7 257 262.4 265 263.4 260.1 256.8 254.6 247.6
93.2 92.7 93.5 92.1 90.7 89.7 91.1 93 94.9 99.1 99.1 100.5 104.6 108.6 111.2 113.4 115.6 117.6 119.3 123 131.1 137.5 139.8 140.5 138.6 136 128.3 128.5 130.6 134.4 138.7 143.3 146.5 151.2 154.5 155.5 155 153.7 149.2 154.2 157.6 160.7 159.5 159 158.6 159.5 162.8 166.4 168.7 171.2 175.1 180.7 187.6 187.8 184.8 184.1 185.3 192.4 197.7 205.7 213.5 218.1 221.7 221.1 224.6 232.6 236 238.1 239.1 244 247.1 246.5 246.5 251.3 257.9 263 260.6 257.3 255 255 245.8
90.6 90.5 91.3 90.6 90 89 90.3 94.8 95.9 97.2 99.4 100 103.3 108.2 111.2 114.6 116.5 117 118.6 122.7 129.2 136.8 139 138 136.3 132.7 127.3 127.5 128.3 130.7 136.3 140.8 144.7 146.4 150.2 151.2 152.4 151.1 149.8 155.9 159.3 160.1 157.7 156.2 156.7 159.4 163 165.8 166.9 169.4 171 175.2 183 186.9 184 182 182.1 191 196.6 201.7 205.7 210.6 214.1 217 222.6 226.4 229 230.9 233.3 238.3 240 239.7 241.7 246.7 254.1 258.6 257.9 253.1 244.2 245.7 252.8
89 89.2 89.7 89.1 88.5 88.8 91 94.2 95.9 97.9 99.8 102.6 103.7 107.5 110.8 113.6 115.5 116.3 118.3 122 128.8 133.1 135.4 135.7 133.3 128.3 126.4 125.9 125.8 126 131.2 136 139.2 140.6 144.2 146.1 147.1 145.4 149.6 154.2 157.2 157.9 157.4 155.8 155.5 159.6 162.9 164.8 165.3 166.8 168.2 170.5 175.2 181.5 183.1 181.4 181 190.5 194.8 197.2 200.2 202.2 204 209.5 215.6 220.8 222.5 222.5 225.4 230.7 232.9 234 237.6 243.4 250.7 251.9 251.7 242.5 250.8 255.1 257.2
89.2 88 88.4 88 87.4 89 91.2 94.3 96.3 98.2 100.1 102.2 104.6 107.4 110.6 112.6 114.6 115.9 118.3 120 125.3 128.7 131 132.8 130.5 126.1 124.3 123.3 127.5 127.6 127.1 129.1 132.4 137.9 140.6 142.5 143.1 142.9 146.3 150.1 153.7 155.5 157.1 158.7 155.7 160.6 163.7 164.1 165.4 164.7 166.6 169 170.8 173.7 176.7 178 184.8 189.8 192.8 194 195 196 196.1 202.2 209.1 214.3 216.4 217.1 219 223.8 227 228.3 233.3 237.9 243.5 243.4 233.9 241.9 252.9 257.8 260.9
89.4 88.2 86.9 86.9 87.5 89.4 91.4 94.2 96.4 98.3 100.2 102.3 104.6 107.6 109.4 111.5 113.4 113.3 115.5 118.5 121.1 124.2 127 129.4 127.8 123.3 121.7 124.1 129.9 129 127.6 127.8 129.6 135.2 139.4 141.3 141 139.8 142.3 146 149.7 152.9 155.9 158.2 154.7 159.7 161.8 163.7 164.6 164.1 165.8 168.1 169.8 171.6 175 176.4 181 187.4 189.3 189.6 190.1 190.7 192.9 198.6 203 206.5 209.6 211.4 214.6 219.3 222.6 224.2 226.5 231.1 234.6 228.2 241.6 248.9 251.7 255.6 260.8
89.6 88.4 86.9 86.1 88 90.1 91.9 94 96.2 98.4 100.3 102.3 104.7 106.9 108.3 110.2 110.8 111.4 113.8 115.5 117.5 121 123.3 125.2 124.7 121.2 120.1 127.4 131.6 131.8 129.5 128.6 131.1 132.9 136.8 141.1 139.5 137.5 139.1 142.3 145.8 148 150.2 152.5 149 157.6 157.8 160.3 162.6 162.7 164.9 167.2 168.9 170.9 174.4 174 175.8 183.5 186.1 186.5 186.6 188.3 191.8 194.5 198.3 201.2 203.6 207 211.2 215.8 219.1 219.7 218.8 219.8 221.4 236.1 244 246.8 245.9 252 258.5
89.2 88.5 87.3 87.1 90.5 91.8 92.7 93.9 96.1 99.4 102.5 103.3 104.8 105.4 107 108.3 108.7 109.7 111.4 113.1 115.6 118 119.6 120.3 120.4 118 122.5 129.5 132.9 133.2 129.6 129.6 133.2 133.3 135.9 136 138 139 138.5 140.1 142.3 142.8 144.7 145.2 145.9 150.1 153.4 157.3 161.1 160.5 162.1 164.6 166.7 170.4 172.4 171.9 174.4 180.7 182.9 182.4 185.5 188.8 189.9 191.7 193.4 196.9 199.2 203.1 208.5 214.3 215.7 212.9 208.6 213.6 228.4 238.6 244.9 243.4 241.4 248.2 256.6
88.5 88 86.6 87.7 92.3 93.6 95.2 96.9 98.9 101.5 104.9 106 109.9 103.9 105.1 106 107 107.8 108.9 111.4 114 116.6 118.8 118.2 118 118.6 123.8 128.7 130.9 131.9 128.6 128.8 132.1 132.9 137.1 140.5 144.1 144.1 142.5 141.9 140.2 140.1 140 140.3 140.1 143.1 148.5 155.7 160.5 158.7 159.8 163.1 165.8 169.8 170.8 170.2 171.9 175.8 180.3 182.6 186.5 188 188.5 190 191 192.2 194.8 201.3 207.7 212.2 211.4 203.4 205 219.6 231 237.6 242.1 242.1 240.8 246.6 249.5
86.6 85.4 85.4 89.9 92.6 95.6 97.8 100.5 104.6 108.4 110.4 110 109.1 107.3 105 104 105.1 106.3 107.6 109.1 112.6 115 118.2 117.8 114.8 117.4 119.2 123.6 127 128.1 126.6 126.1 129.1 135.7 143.8 147.5 148.8 148.5 146.7 146.2 144.4 142.2 140 137.9 137.2 139.5 143.9 152.6 154 156.4 158.8 161.6 164.5 167.4 168.5 167.9 170.2 178.4 183 185.1 186.5 186.9 187.2 188.3 189.3 190.7 193.1 200.6 206.8 210.8 210.9 199.9 203.8 216.4 226.6 233.5 237.7 239 238.3 241.3 239.4
83.5 86 88.4 91.3 94.6 97.7 101.9 108.6 113.7 117.9 119.5 116.9 112.5 108.3 104.3 102.9 104.3 105.6 107 107.8 109.2 112.8 116.5 113.8 115.9 117.1 118.2 121 122.6 122.6 123 125.6 131.4 140 147.6 149.5 150 148.3 147.8 148.2 147.3 147.6 147 143.7 137.9 140 145.7 151.6 156.6 156.9 157.8 159.7 162.2 164.4 165.5 165.9 169.1 176.5 180.6 183.7 185.6 185.4 185.4 185.5 188.2 189.5 192.8 200.1 205.5 209 206.7 194.8 201.1 213.6 221 228.1 231.6 231.9 234.1 233.5 231.4
85.3 87.6 89.8 93.1 97 102.1 109.1 116.2 122.4 124.7 124 120.7 114.5 107.3 102.8 102.6 103.6 105.2 106.6 107.1 108.9 110.4 113 113.6 115.3 116.5 120.1 122.5 122.6 121.2 122.3 126.1 135 141.1 143.8 144 144.9 145.3 144.1 145.2 145.1 146.4 147.6 147.6 139.4 140.9 153.1 159.5 159.1 157.5 157 158.6 160.1 161.4 163.1 164.3 167.9 173.5 177.1 179.7 182.1 183 183.2 183.1 184.6 189 194.3 197.3 202 204.7 200.3 190.8 200.3 209.6 215.9 220.1 223.4 224.2 225.5 224.7 223.1
86.4 88.8 90.9 95.1 99.1 105.1 113.9 120.1 124.7 125.5 124.7 120.3 112.1 105.2 101.4 101.9 103.1 105.8 108.6 112.3 114.6 112.9 111.7 113.8 114.9 119.3 123.9 125.7 124.7 121.9 123.2 125 130.7 135.9 135.8 136.3 137.7 138.8 139.9 139.7 140.8 141.8 142.2 143.5 136.4 143.5 152.1 157.1 157 157.6 156.3 157.2 158.6 160.1 162.7 163.6 165.2 169.2 172.6 175.8 178.4 178.7 179.1 179 182.3 188 191.7 193.8 196.4 196.7 194.6 185.9 198.1 204.8 209.4 212 214.1 215 214 213.3 213.6
87.9 90.3 92 95.1 99.1 103.7 110.5 116.9 120.7 121.3 119.4 114.8 107.3 101.2 100.7 101.1 102.9 105.5 110.4 115 118.6 120.8 118.1 114.3 114.3 121.7 125.8 127.3 125.9 122.1 120.4 122.6 125.8 128.9 128.8 129.2 130.4 131.5 132.8 133.1 135.6 136.5 134.3 132.1 137.6 144.4 148.6 154.1 155.8 154.5 155.5 156.5 158.6 161.5 162.7 162.7 164.2 166.2 169.8 173.1 174.6 174.9 175.8 175.2 179 183.6 185.9 187.1 189 190.8 188.1 179.9 196.9 200.6 202.1 204.6 205.6 205.8 203.8 204.7 205.9
87 89.9 91.3 92.7 96.4 100.1 104.3 109.5 112.2 114.8 112.8 109.5 102.2 98.4 99.7 100.7 105.2 109.8 115 120 123.1 126.4 124.5 114.2 113.3 120.1 123.8 124.7 122.3 118.9 118.3 120.9 124.1 124.5 124.8 125.3 125.5 126.3 127.5 128.9 130.8 130.6 130.6 135.2 137.7 141.7 145.4 151 155.2 154.7 155 156.2 159.7 162.6 162.6 162.5 163.2 166.8 169.8 171 171.8 171.7 170.9 172.5 174.4 178.1 180 181.2 182.9 185.4 179.5 181.8 193.2 196.7 197.9 197.8 198.5 198.2 198.1 197.8 205.4
84.2 87.3 88.4 89 89.5 92.5 95.9 100.5 103.8 107 106.4 103 97.9 97.2 100.3 105.2 109.8 115.2 120.3 124.6 127.8 129.2 123.8 114.7 110.7 116.1 118.1 118.9 117.2 115.8 117.2 119.4 121.4 122 122 123.4 123.8 125 125.7 126.8 127.7 131.7 135.6 138.7 140.5 140.1 142.4 146.7 152.4 153 153.2 156.3 159.2 160.6 160.8 160.6 165.2 168.7 168.9 169.2 169.8 168.5 167.8 169.9 171.9 173.7 175.5 176.3 176.8 175.9 175.8 185 189.8 191.8 191.6 191.3 191.4 191.5 193.6 198.8 203.7
81.3 84.3 81.8 84.1 85.2 86.1 88.3 92.3 96.5 99.2 100 98 95.7 97.8 102.6 107.4 112.2 117.9 123.7 127.6 129.2 128.4 123.4 114 111.5 112 112.5 112.9 113.2 114.9 116.6 117.9 118.9 120.1 121.5 123 126.1 127.9 128.9 128.6 131.7 138.9 142.2 145.2 144.5 146.1 148 151.1 150.4 150.9 152.9 155.6 157.5 158 157.7 160.7 168 168.9 168.8 168.7 167 164.7 165.3 167.2 168.9 170.7 171.8 171.7 169.5 172.5 179.1 184.3 185.8 184.7 183.7 183.6 184.8 187 191.2 194.3 198
76.5 78.4 80.4 80.1 81.8 83.7 85.8 87.6 91.2 94.6 95.8 95.1 93 97.9 102.4 106.4 110.7 115.4 120.5 124.2 126 126.5 122.7 111.8 111 111.3 111.2 111.6 113 114.4 116 117.6 118.9 121.4 122.6 127.4 132.2 135.2 137.2 133.9 134.4 141.1 143.7 145.4 146.4 150.9 156.1 159.7 154.7 149.9 155.3 156.7 155.8 155.6 155.7 161.8 168 168.4 167.9 166.4 164.6 161.9 163.2 165 166.3 167.7 168 167.1 166 175.5 179.2 181.5 182 179.8 177.9 179.5 181.3 184.2 188.5 190.8 190.8
