data/SD70.asc
ncols 200
nrows 200
xllcorner 370000
yllcorner 400000
cellsize 50
[rows 72 to 107 of 200, columns 0 to 81 of 200]
159.7 160.3 159.9 159.1 158.3 156.3 155.9 156 156.1 153.2 151 148.2 145.2 142.4 139.8 136.4 132.7 129.8 128.9 127.7 126.2 124.9 124.3 124.6 125 123.5 123 123.7 123.7 123.9 123.6 122.4 121.3 120.1 118.9 117.3 116 114.7 114.5 113.1 111.4 110.8 109.7 108.5 107 104.5 103.8 103.6 102.7 101.8 101.3 100.8 100.2 99.9 101 101.3 100.9 100.4 100.5 99.1 99.4 100 100.5 99.8 98.9 96.9 96.2 95.7 95.8 96 96.1 96.2 96.1 94 93.2 92.2 91.2 89.3 86.7 85.9 85.1 83.4
155.6 156.4 155.8 156.3 156 156 156.1 156.1 156.1 154.4 152.2 149.5 146.9 144.5 142.1 139.4 134.7 132.5 130.4 128.7 126.9 125.8 125.4 125.9 126.1 125.7 125.4 125.7 125.4 124.9 124.8 123.5 122.2 121 119.6 118 116.9 116.2 115.4 115 113.6 112.1 111.2 110.3 109.5 107.6 106.7 105.3 104.6 103.4 103.3 103 102.8 102.7 102.8 102.5 102 101.7 101.4 99.8 101 101.3 101.1 100.4 100.7 97.8 97.5 96.7 96.6 96.5 96.6 96.6 95.9 94.5 94.5 92.4 90.6 88.7 86.5 84.5 84.6 84
152.7 152.4 152.4 152.6 153.7 154.3 155.4 154.7 153.3 151.5 149.8 148.5 146 144.9 142.4 139.6 137.3 135.4 132.8 130.5 128 127.3 126.6 126.9 126.8 126.5 127.2 127.1 126.3 125.7 125.8 124.4 123 122.3 120.8 119.2 118.3 117.5 116.9 116.7 115.3 114.1 112.9 112.3 111.8 110.9 109.7 108.5 107.6 106.1 105.7 105.3 105.1 105 103.6 103.7 103.2 103.1 102.2 102.8 103.1 102.8 102 101.3 100.5 98.5 98.3 97.9 97.6 97.4 96.8 96.6 96 95.2 94.6 92.8 90 88.3 86.8 84.9 83.9 84.4
150.3 149.9 149.3 149 150.5 152.5 154.5 154.1 151.5 150.1 147.8 145.7 144.8 142.9 141.4 140.5 140.1 137.2 134.1 130.4 128.5 128 127.4 127.4 127.6 127.8 128 128.1 127.4 126.3 125.2 124.9 124.1 123.3 122.1 120.5 119.5 118.9 118.3 118.1 117 116.4 114.9 114.6 114.1 113.5 111.5 110 110.4 109.8 108.9 108.3 107.1 104.8 104.1 104.4 104.6 104.6 105.6 106 104.1 103.9 103.1 102.3 100.7 99.7 98.9 98.9 98.7 97.8 97.2 96.6 96 94.8 94.2 91.9 89.5 89.2 89 86.7 85.9 85.1
148.1 147.9 149.4 150.4 150.6 151.6 153.8 153.8 151.6 150.8 148.2 145.3 144.3 141.3 139.4 139 138.3 135.2 133.2 129.7 128.8 128.3 127.9 128.1 128.4 128.6 128.7 128.7 128 126.8 126.2 125.2 124.9 124.1 122.7 121.7 121.1 120.4 119.7 119 119.4 118.9 117.1 116.3 115.6 115 112.9 112 111.5 111.2 110.2 109.3 108.3 106.8 105.7 106.1 106.1 106 105.4 106 104.4 104.6 104.2 103.4 102.2 101.6 100.5 99.9 99.1 98.3 97.6 97.7 95.7 95.4 93.8 92.5 91.4 91.3 91.3 90 89.1 87.7
146.1 145.6 147.7 148.7 150.4 150.9 152.8 152.8 152 150.9 148.5 145.5 144.5 141.4 141.1 138.9 136.1 134.4 132.3 130.7 129.2 128.8 128.9 128.9 129.1 129.3 129.3 129 128.4 127.6 127.3 126.6 125.6 124.8 124.1 123.4 122.4 121.5 120.6 119.4 118.9 120.8 118.3 117.6 116.5 115.4 114.4 113.4 112.9 112.1 111.5 109.8 108.8 107.9 107.4 107.6 107.4 106.8 106.6 105.7 104.1 104.6 106 104.9 104.5 102.6 100.7 99.6 99.1 98.7 100.1 99.1 95.7 94.2 94 93.7 93.2 93.6 93.6 93 91.7 91.3
144.1 143.6 143.3 143.8 144.6 149.6 150.9 150.6 150.7 149.8 147.8 146 145.3 142.5 139.8 138 135.2 134.2 134.3 132.9 131.5 131.1 130.9 130.6 129.7 129.5 129.4 129.2 129 128.7 128.4 127.9 126.9 126 125.9 124.7 123.6 122.9 122.1 121.3 121 120.9 119.7 118.2 117.2 116.8 116.4 114.7 113.2 113.2 112.8 111.2 109.9 108.9 108.9 108.8 108.2 108.8 108 107.2 106.1 105.6 105.5 106 104.8 102.7 101.5 99.5 100.9 101 101 97.6 93.9 95.3 96.9 96.6 95.4 96.2 95 95.6 95.3 94.4
141.3 141.7 141.7 142.2 143.1 144.8 146.6 146.4 146.6 146.7 146.1 145.7 144.3 142.1 140.4 139.2 136.9 135.3 134.7 134.4 134.1 133.7 133.3 132.4 130.6 129.6 131.2 130.1 130 129.9 129.5 129.5 128.5 127.9 126.7 124.7 124.5 124.3 123.5 122.9 122.9 121.5 119.8 119.6 119 118.7 118.7 116.9 115.4 115.1 114.3 113 112.4 110.5 109.7 109 108.9 110.1 109.8 108.7 107.8 106.9 105.6 105.7 104.8 103.4 102.3 100.8 100.4 100.6 101 95.2 97.4 99.6 100 101 99.3 97.1 95.8 96.5 97.1 95.9
138.2 138.6 139.7 140.3 141.2 141.8 143.2 142.4 142.5 143.4 143.7 143.5 143.4 141.3 141.1 141.1 138.9 137.4 137 136.6 136 135.4 135.5 135.3 135.1 135 134.2 133.4 133 133 131.6 130.8 129.5 129.9 128.2 126.5 126 125.5 124.9 124.5 124.1 123.1 122.7 122.6 122.2 121 120.6 119.9 118.5 117.7 116.4 115 114.7 113.6 112.2 111.2 109.8 110 110.8 109.8 108.1 106.8 105.7 105.2 105.3 104.2 103.1 102.3 101.5 100.5 98.5 97.8 100.5 100.5 101.1 100.5 99.9 100 98.2 98.4 98.8 97
134.9 135.7 137.1 137.9 138 138.1 138.3 138.6 138.3 138.9 139.6 138.8 139.2 138.6 138.8 139 138.5 138.6 138.4 138 138.7 138.4 138 138.1 138.1 137.7 137.4 136.8 136 135.9 135.5 134.1 132.8 131.6 130.5 129.7 129.1 129.1 127.5 126.8 126.5 126 125.8 125.8 124.5 123.1 122.2 121.1 120.7 120.2 118.6 117.4 116.2 114.6 113.8 112.7 111 109.5 110.3 109.6 108.3 106.8 105.9 104.7 104.8 103.3 102.1 101.4 100.2 100.3 100.1 100.5 100.9 101.5 102.1 101.2 100.7 100.3 100.8 99.7 100.4 98.8
131.6 132.8 133.8 133.5 133.8 134.2 134.3 135.2 134.3 133.8 134.1 134.5 134.4 134.4 134.4 134.8 135.3 135.9 136.7 137.1 138.1 138.3 137.6 138.4 137.9 138.3 137.2 136.5 135.3 135.9 135.3 135.1 134.4 133.6 133.1 132.3 130.7 129.7 129.3 129.1 129.1 128 127 126 124.7 122.9 121.4 120.4 119.8 119.6 118.6 116.7 115 115 113.8 112.7 111.6 110.5 109.7 108.6 107.7 106.8 105.8 104.2 104.5 103.1 101.6 100.2 99.1 98.9 100.7 100.6 101.9 102.5 103.2 101.9 101.4 100.9 99.9 99.4 101 100.6
129.3 129.5 130.6 129 129.5 130.4 130.1 129.3 129.4 130 130.3 130.7 130.6 130.5 130.9 131.6 132.8 133.7 134.4 134.2 135.5 135.2 134.3 135 135.4 135.8 135.1 134.5 134.3 134.2 134 133.8 133 132.3 132.2 131.6 130.9 129.6 129.4 129.3 129.3 127.2 126 125.1 123.9 121.5 119.2 118.9 119.8 119.3 118.4 117.2 115.9 114.7 113.8 112.7 111.5 110.4 109.9 109 108.1 107.2 106.4 104.8 104.6 103.4 101.9 101.2 100.1 100.1 100.7 101.5 102.9 103.6 104.3 102.8 102 101.5 101.1 100.1 100.4 100.8
127.8 127.9 128.8 129.3 129.2 129 129 129 128.6 128.7 128.7 128.2 128.4 128.4 128.9 129.3 130.2 130.5 131.4 131.6 132.3 131.6 131.9 132.1 132.3 132.7 132.5 132.5 132.4 132.5 132.3 132.3 131.4 131 130.2 129.4 129.9 128.5 128.5 128.3 128.2 126.2 125.1 124.3 123.1 120.9 120.3 119.8 118.8 118.3 117.7 116.4 115.7 114.9 113.5 112.5 111.5 110.3 109.1 109 108.4 107.5 106.6 105.5 104.1 103.8 103 102.6 101.8 102.1 102.7 102.8 103.9 104.6 105.4 103.9 103.4 103.1 102.3 101.6 101.4 100.5
125.9 126.7 127.8 129.2 129 129.1 129 128.9 128.5 128.4 127.7 127.5 127.1 127.3 127.6 128.1 128.5 128.2 128 128.4 128.9 129.4 129.7 129.9 129.3 129.3 130.1 130.2 130.2 131 131.1 129.8 129.8 128.9 128.3 129.4 128 126.8 126.7 126.7 126.7 126 125.2 123.9 122.4 120.8 121 119.1 118.1 116.9 116.3 115.5 116 115.4 113.7 112.3 111.3 110 109.6 109.2 108.3 107 106.1 105.4 104.1 104.3 104.2 103.8 103.5 103.8 104.7 104.8 104.4 105.6 106 104.6 104.8 104.7 103.5 103 102 101.3
125.5 126.1 126.5 129.3 130.4 130.2 129.1 128.9 129 128.9 128.5 127.8 126.6 126.8 127 126.9 126.4 126 124.7 125.9 126.7 127.5 127.5 127.7 127.2 127.3 127.5 127.9 127 128.7 128.9 127.7 127.2 127 127.1 127.1 126.2 125 125 124.6 126 125.9 124.5 123.1 121.6 120.3 120.6 118.4 116.6 115.7 115.4 115.8 115.5 115 113.5 112.2 111.2 110.4 110 107.8 106.4 105.2 105 104 103.9 103.9 103.9 104.6 105.3 106 106.4 105.6 105.1 105.4 105.9 105.9 105.5 105.7 104.4 103.4 102.7 102.1
124 125.1 124.9 128.2 130.8 130.3 130.1 129.4 129.5 129.4 129.1 128.3 125.7 125.9 125.9 124.9 125 125.8 126 124.1 125.1 126.6 126.1 125.5 125.4 125.4 125.4 125.4 124 124.9 125 124.3 125 125.3 125.2 125.1 124.5 123.3 122.7 122.7 122 121 122.3 122 120.8 119.5 118.9 117.2 115.5 114.6 114.6 113.9 114.3 114.2 113.3 111.9 110.7 111 109 109.2 106.8 103.9 103.9 103.9 104.3 104.9 105.3 105.8 106.5 107.2 107.4 106.4 105.9 105.4 105.9 105.6 103.9 104.1 104.7 103.8 103.3 102.7
125.5 124 124 125 127.4 127.7 129.7 129 129.9 130.3 130.4 128.8 125.3 124.9 123.5 123.3 123.8 124.1 124.9 124.4 124.4 124.9 125.2 124.4 124 124 124 123.7 122.6 121.4 121.5 122.5 123.4 123.7 123.5 123.5 121.9 120.6 121.1 120.5 118.9 119.3 118.9 120.7 119.6 118.3 117.1 115.6 114.2 114.3 114.2 113.9 113.9 114.4 113.1 111.8 110.5 108.9 108.9 109.1 107.7 104.4 103.9 103.9 104.8 107.1 108 108.4 109 108.7 107.8 106.9 105.9 105 104.3 103.9 103.9 103.9 105 104.4 103.7 103.1
123.8 125.8 125.5 125 125 125.6 127.8 129.4 130.8 131.1 130 127.4 124.4 122.4 121.1 121.2 121.6 121.9 122.4 122.1 121.7 121.9 122.5 123.3 122.9 122.9 122.8 122.1 121.1 119.7 119.6 120.9 121.7 122.2 122 121.8 120.3 119.9 119.6 118.5 117.9 118.9 119.3 119.5 118.4 117.2 116.1 115.8 113.9 114 113.9 113.9 114.1 114.4 113.1 111.8 110.5 109.7 108.9 109 108.4 106.5 106.8 107.2 107.1 108.8 110.3 110.7 110.2 109.3 108.4 107.4 106.4 105.3 104 103.9 104 103.9 104.9 104.7 104 103.4
119 122 122.8 124.3 125 124.7 126.4 128.2 129.3 130.1 128.5 125.3 123.5 121.2 119.4 119 119.3 119.9 120.1 119.7 119.3 118.9 120.6 121.5 121.7 121.7 121.6 120.5 119.9 119.7 120.1 119.8 120.1 120.6 120.4 120.2 119.4 118.5 117.9 117.3 116.9 117.4 117.7 117.6 117.3 116.2 115.3 115.5 113.9 113.9 114.6 114.4 115 114.6 113.6 112.3 111.3 110.5 108.9 110 110 109.4 109.5 110.8 110.3 110.1 110.7 111 110.7 109.8 108.8 107.8 106.8 105.8 104.8 104.6 104 104.1 105 104.6 104.3 103.7
119 121 118.9 122 123.8 124.9 125.8 127.3 128.5 128.4 125.4 124.8 122.8 120.3 119.5 118.9 118.2 118.2 117.9 118.2 118.7 119.4 119.8 120.3 120.6 120.4 120.2 119 119.2 119.8 119.2 119.3 119.4 119.4 118.9 118.5 118 117.1 116.5 116.4 115.9 115.9 116.1 115.9 116.1 115.2 114.4 113.9 116 116 116 115.7 115.6 114.4 113.7 113.3 112.7 111.8 111.6 111.5 111.4 111.3 110.7 111 110.9 111 110.6 110 110 109.5 108.4 107.4 106.4 105.6 105.4 104.3 104 104.2 104.9 104.6 104.2 103.9
120.1 119.8 119.4 120 122 124.1 125.3 126.4 126.5 125.1 123.5 123.2 120.9 119 119.7 119 118 117.1 117.4 117.8 118.3 118.7 118.8 119 118.8 119 118.4 118.1 118.9 118.7 118.4 118.4 118.4 118.4 117.9 117.4 116.7 116.2 116.2 115.8 114.9 114 114 115.4 115.5 114.8 114.6 114.4 115.9 115.6 115.3 114.9 114.7 114.3 113.5 112.6 112.4 112.5 112.4 112.3 112.2 112.1 110.9 110.9 110.8 111 111 111 109.5 109.4 108.3 107 106.3 105.8 105.3 104.8 105.6 105.5 104.9 104.5 104.2 103.8
119.6 119.3 119.3 120.7 121.1 122.6 124.1 124.3 124 123 121.7 121.5 120.9 119.7 119.6 119.1 117.6 117.4 117.5 118.3 118.7 118.5 117.2 116.4 116.3 116.9 116.3 116.3 116.4 116.1 117.3 117.4 117.4 117.4 117 116.1 116.5 114.8 115.7 115.7 115.1 114.9 114.5 113.1 113 113.2 113 113.3 113.5 113.4 113.5 114 113.8 113.6 112.9 112.2 111.5 111.1 110.8 110.9 111 110.7 110.5 110.6 110.7 110.9 111 110.7 109.4 109.6 107.8 107.1 106.6 106.2 105.7 105.3 106.1 105.8 104.8 104.4 104 103.9
118.3 118.1 117.7 119 119.7 121.2 122.6 123 121.7 120.6 119.8 120.3 120 120.9 119.6 119.1 118.1 118 118 118.6 118.8 118.8 117.6 116 115.5 114.7 113.9 114.2 114.3 115 115.7 116.6 116.4 116.4 116 114.7 115.6 113.9 114.9 115.4 115.2 115.8 113.9 111.5 111.1 111.1 111 111.1 111.3 111 112.1 113.1 112.9 112.4 111.7 111.3 111.2 110.5 109.3 109.6 110.3 110.3 108.9 110 109.9 110.2 110.4 110.4 110.7 108.5 107.5 107.3 107 106.7 106.2 105.8 104.7 104.2 104.7 104.3 103.9 104
116.9 116.9 116.1 117 118.5 119.8 121.2 121.6 120.3 119.3 118.9 119.6 119.7 120.2 119.4 119.2 118.8 118.7 118.7 118.9 119.1 118.9 117.7 115.5 114.2 113.9 114 114 114 114.2 115.2 115.4 115.6 115.5 115.1 114.7 115.3 115.5 114.3 114.8 114.7 113.8 114.2 113.3 111.8 110.4 109.7 109.5 110.6 110.9 111.4 111.9 111.8 111.5 111.2 110.9 110.9 110.5 110 108.9 109.6 109.4 109.2 109.3 109 109 109.2 109.4 109.6 108.3 108.2 107.5 107.2 106.9 106.7 105.8 104.5 104.3 104.5 104.1 103.9 104.1
115.5 115.6 115.8 114.5 116 116.6 118.8 119.6 119.4 119 117.9 118.2 118.4 118.1 118.2 118.9 119.1 119.2 119.4 119.4 119.1 118 116.5 115.1 113.9 114.2 114.4 114.2 114 113.9 114 114.1 113.5 113.1 111.8 111.7 112.7 112.4 112.7 113.7 114.2 113 111.9 111.2 111.3 110.3 109 109.6 109.9 110.5 111 111.4 111.3 111 110.8 110.6 110.5 110.3 110.6 110.3 108.9 109.5 109.5 109 108.3 108.1 108.2 108.4 108.5 108 107.6 107.1 107.2 107.2 107.2 105.9 104.5 104.7 104 103.5 103.5 103.6
114.2 115.3 116.3 115.2 114.2 114.4 114.2 117.1 118.1 118.1 117.2 116.8 117.2 116.8 116.3 118.7 118.9 119.1 119.2 119.1 118.1 116.9 116.1 115.1 114.5 114.7 114.5 114.3 114.1 113.9 114 114.1 113.2 110.3 108.9 109.4 109.9 110.1 110.5 112.3 114.1 113 112 109.4 109.4 109 111 111 108.9 110.3 110.7 110.8 110.8 110.6 110.4 110.3 110.3 110.7 111.8 111.1 110.6 109.9 109.1 108.3 107.5 107.4 107.4 107.5 107.1 106.5 106.5 106.5 106.5 106.8 106.4 106.3 105.7 104.4 103.6 102.6 102.8 102.8
114.2 115.2 115.8 115.8 116 115.4 108.9 114.4 116.4 116.8 116.6 116 115.9 114.6 114.9 116.7 118.4 118.6 118.6 118.5 118 117.4 116.4 115.2 114.7 114.7 114.5 114.3 114.1 114 114.1 114.1 114 110.2 109.8 110.7 110.6 110.3 110.3 111.7 114.1 113.6 112.4 110.3 109.5 109.6 108.9 109.6 111 110.8 110.3 110.3 110.3 110.5 110.4 110.4 110.6 112.3 112.2 111.4 109.7 109.3 108.4 107.5 106.7 106.6 106.7 106.2 105 104.2 105.4 105.8 105.9 105.9 105.7 105.4 104.7 103.7 102.8 101.5 101.6 101.7
113.4 113.9 114.4 114.7 114.8 115.7 112.6 110.9 114.8 114.9 115.4 115.2 114.2 114.2 113.9 115.7 118.2 117.8 117.8 117.8 117.4 117 116.9 115.9 114.1 114.2 114.2 114.2 114.2 114 114.1 114.3 114.4 112 111.5 112.6 112.3 112.1 112.5 113.2 114 114.3 113.1 112.9 111.1 111 110.7 110.1 110.5 110.9 110.8 110.6 109 111 110.8 110.7 110.7 111.9 112.2 111.6 109.9 108.8 107.7 106.8 105.9 105.7 105.2 104.7 104.3 104.1 105.6 105.4 105.7 105.2 104.2 103.3 102.1 101.3 100.3 100.7 100.4 100.1
112.3 112.8 113.3 113.9 114.2 113.5 111.5 109.1 113.5 116 115.5 115.7 114.1 114.1 114 116.1 117 116.8 117 117 116.6 116.5 116.5 116 115.4 114.8 114.6 114.4 114.2 114.3 114.4 114.5 114.2 114.1 113.4 114 114 114.7 114.8 114.7 114 114.4 115.6 114.4 112.2 111.3 111.1 111 110.8 111 111 111 109.4 110 109.8 110.9 110.7 111.4 111.7 111 109.8 108 106.8 105.9 105 104.2 103.7 103.2 103 104 105.8 106 105.3 103.6 102.5 102 100.4 99.4 99.4 98.8 98.4 98
111.2 111.8 112.4 112.9 112.9 112 110.4 107.7 111.6 114.8 115.5 115.9 114 114.4 114.7 114.9 116.2 116 116.8 116.6 116.3 116.1 116.1 114 114.2 114.4 114.3 114.4 114.7 114.7 114.8 115 115.3 115.6 114.9 115.7 115.9 115.4 115.9 115.3 115.5 115.1 114.6 114.2 112.7 111.3 110.9 111 111 110.7 110.7 110.7 109.4 109.6 109.3 109.7 110.6 110.9 111.1 110.2 108.4 106.9 105.7 104.8 103.9 103 102.4 101.7 101.1 101.1 102.6 103.4 103.5 101.7 100.3 101.2 100.3 98.3 97.8 97 96.5 95.4
110.3 110.8 111.4 112 111.8 110.9 110 106.1 111.5 112.9 113.3 114.9 114.3 114.4 114.5 114.6 115.1 114.2 114.4 114.5 114.2 114.7 115.9 114.9 114.9 114.3 113.7 113.3 113.6 113.8 114.2 114.4 114.6 114.8 114.9 115 114.7 114.5 115.1 115 115.2 114.6 114.1 113.4 112.8 111.4 110.2 110 109.8 109.8 109.6 109.4 108.9 107.9 107.6 107.6 107.7 107.9 108.1 108.4 106.9 105.1 103.6 102.6 102.6 101.9 101.2 100.6 100.5 99.5 99.8 100.8 101 101.1 99.8 99.8 98.8 97 96.3 95.4 89.7 89.1
109.8 110.2 110.6 111 110.8 110.2 106.3 105.2 110.8 111.7 112.2 113.1 112.8 113.2 113.4 113.6 114.2 113.6 114 114.4 114.9 115.7 115.8 114.7 114.3 113.7 113.1 112.4 112.5 112.7 113.2 113.5 113.8 114.1 114.2 114 113.6 113.3 114.7 114.7 115.6 114.1 113.4 112.4 112.2 111.2 110.6 109.9 108.6 107.9 107.8 107.6 107.1 106.4 106 106.3 105.9 105.4 105.4 106.2 104.8 102.8 100.6 100.5 100.6 100.3 100.1 100.2 99.6 98.8 98.9 99.5 99.5 100.2 98.3 97 96 95.1 93.8 90.7 90.5 93.1
109.2 110.2 110.5 110.9 110.3 111 106 104.6 110.5 110.9 111 111.6 111.3 112.1 112.2 112.9 113.4 113.3 113.7 113.8 113.8 114.3 114.7 113.7 113.5 113.1 112.5 111.9 111.4 111.6 112.3 112.6 112.9 113 112.9 112.7 112.8 113.5 114.3 114.3 114 113.3 112.3 111.3 111.1 110.9 111 109.1 107.9 106.7 106 105.8 105.2 105.1 104.8 105.1 104.8 104.1 104 104.5 103.9 101.6 99.6 100.1 100.3 100.4 100.3 100 99.9 98.7 98.1 98.3 98.2 98.4 96.5 94.2 91.9 90.4 89.1 89.7 93.7 95.5
108.5 109.1 110.7 111 110.4 108.7 105.1 104 108.3 109.6 109.7 109.7 109.8 111 111.4 112.2 112.7 112.8 112.8 112.7 112.7 113.1 113 112.6 112.4 112.2 111.9 111.4 110.4 110.5 111.4 111.7 111.7 111.6 111.6 111.4 112 113.1 113.5 113.4 113 112.2 111.1 110.2 109.5 109.3 109.1 108.8 107.5 106.1 104.8 104.2 104 104.5 104.2 104 103.6 103.9 104.6 104.6 103.3 101.4 100.2 100.4 100.6 100.7 100.6 100.3 100.1 99.7 99.3 99.4 99.5 98.4 96.2 94.3 93.5 94.6 93.2 96.1 95.6 96.5
107.7 108.3 108.9 109.3 107.4 106.3 104.8 105.4 106.4 108.2 108.5 109 109.7 110.4 111 111.7 110.8 111.6 111.7 111.7 111.6 111.9 111.7 111.5 111.3 111.2 111 110.8 109.9 109.6 110.5 110.4 110.3 110.2 110.2 110.1 111 111.9 112.2 112.3 112.6 111.5 110.9 110.5 110 110.9 109.4 108.9 107.7 106.9 106.1 105.5 105.5 104.3 104 103.9 104.5 105.1 105.7 105.5 103.8 102.4 101.6 100.9 101 101.2 101 100.8 100.6 100.3 100 98.9 100.3 99.9 97.8 96.3 95.8 95.4 94 94 95.3 96.9
106.9 107.2 107.4 107.1 105.7 105.3 105.6 105.9 105.5 106.8 107.3 107.9 107.9 109.1 110.9 109.9 108.6 109.9 110.5 110.5 110.5 110.7 110.4 110.1 110.3 110.2 110 110 108.9 109.1 109.8 109.9 109.3 109.5 109.7 109.5 109.4 110.3 110.9 111.8 112.6 111.8 112.3 112.7 112.5 111.9 110.2 109.7 109.3 108.5 107.9 107.3 106 105.3 104.4 104.5 104.6 105.8 106.2 106 104.3 103.8 102.9 101.9 101.8 101.6 101.4 101.2 101 100.8 100.5 99 99.6 98.9 98.7 97.5 97.1 96.5 96.1 95.3 96 97.1
