data/SD71.asc
ncols 200
nrows 200
xllcorner 370000
yllcorner 410000
cellsize 50
[rows 140 to 174 of 200, columns 78 to 155 of 200]
137.7 142.5 147.9 152.2 156.1 159 161.1 161.9 163.3 163.6 164.7 171.4 175.4 178.4 179 179.9 183 189.4 192.5 196.3 201.9 185.2 201.2 217.5 222.6 224.1 225.1 228.6 233.2 236.6 237.9 239.1 240.8 240.9 245.6 246.9 249.1 250.5 250.7 250.6 250.1 250.3 248.8 246.5 243.6 240.7 238.9 236.1 232.3 227.1 223.6 220.8 220.3 219.3 216.2 213.3 210.6 207.2 202.8 196.6 191.8 187 181.6 177.1 173.5 168.9 166.5 161.7 155.2 150.3 148.4 145 144.8 143.8 141.3 139.5 137.6 135.6
135.1 139 142.4 147.2 152 154.7 156.3 157 157.7 153.9 162.6 166.4 169.6 171.3 172.2 174 176.2 178.1 182.6 190.5 190.8 184.8 186 207.7 209.9 213.9 218.3 224.8 228.8 231.9 232.2 233.3 233.8 238.1 240.6 240.5 243.5 245 246.6 247.2 248.6 250.5 250.5 248.7 246.1 243 240.1 237.3 233.2 228.2 225.7 220.9 220.6 218.4 214.5 209.9 210.6 206.9 201.6 194.2 189.7 187.1 185.1 182.8 177 175.4 168.7 163.9 159.7 155.7 150.1 146.1 144 142.5 141.3 139.4 137.6 135.9
132.4 134 137.6 140.1 143.4 146.5 150.7 152 149.1 153.6 158.4 161 163.7 164.3 164.8 166.3 169.1 172.8 179.6 182.1 181 179.1 183.4 198 200.1 206.6 213.8 219.3 222.7 223.8 226 226.8 229.7 233.3 233.2 236 237.1 239.1 241 243.1 245.3 247.6 250.3 250 247.3 244 241.3 238.6 234.4 229.5 226.4 223.4 220.2 217.9 215.3 213 208.1 204.1 202.1 200 196.4 192.9 189.9 183.8 178.4 174.8 168.2 163.6 160.2 155 151.5 147.4 143.4 139.9 140 138 136.9 136.1
130.4 132.1 134.5 136.6 138.1 139.2 142.8 145.9 144.1 149.7 153.1 155.2 156 156.4 156.6 158.9 163.2 163.9 170.3 176.9 180.8 186.2 187.5 188.2 195.9 204.8 206.6 211.7 215.4 215.5 219.3 223 225.7 226.3 229.2 230.6 233.8 234.9 236.7 239.1 242.8 244.7 246.5 248.3 247 246 243.1 239.9 235.9 231.5 227.9 224.7 221.5 218.2 215.8 212.9 211.3 208.6 205.6 202.5 198.3 193.8 190.8 186 180 175 169.4 164.3 161.3 157 152.2 148.2 144.3 139.3 139.2 136.6 134.9 134.7
128.8 130.3 132.5 134.8 135.1 135.4 137.2 138.1 140.5 143.6 146.3 147.2 149.8 150.4 159.7 166.5 171.4 175.5 179.8 182.4 187.1 188.8 191.9 197 202.6 207.4 210.6 214.9 216.4 220.8 221.4 223.3 226.9 229.6 230.6 232.5 234.1 235.3 236.8 238.3 239.6 242.2 244.7 245.7 246.5 246 243.9 240.2 237.4 233.5 229.9 225.5 221.7 218.4 214.9 212.6 211.2 209.1 206.8 203.8 199.1 195.1 191.3 187.4 182.6 176.2 172 166.8 162.9 159.5 152.9 147.8 144.5 139.6 138.1 135.7 134.4 131.5
127.4 128.3 130.9 131.7 131.7 133.1 133.9 139.1 142.3 144.5 148.4 147.3 155.4 158.9 165.4 169.8 177.4 181.6 186.9 189.4 193.6 196.4 199.4 203 207.6 212.7 217.8 218.5 220.1 224.3 227.8 230.3 232.4 234.7 237.6 239.1 239.4 238.8 239.2 239.3 239.9 241.6 243.8 243.7 244 243.3 242.8 239.9 237.5 234.4 229.6 225 221.1 217.4 213.8 211.8 209.8 207.6 205.7 202.2 197.9 195.1 191.7 188.2 184.8 179.7 174 168.6 164.9 161.4 155.1 148.7 145.4 141.7 139.3 136.8 135.3 133.5
125.9 126.2 128.8 129.6 130.4 133.8 137.1 140.8 145.2 146.7 151.6 153.5 159.2 165.6 172.9 181.2 186.9 192.1 197.3 199.6 201.8 204 208.4 215.7 222 221.6 224.1 224 226.1 227.9 231.2 235.9 240.8 244.2 244.4 243.9 244.2 243.9 242.9 242.4 242.5 242.7 243.5 243.5 241.1 239.7 239.4 238.1 236.2 233.8 229 223.7 219.4 215.8 211.8 208.7 207 205.2 203 199.8 197 193.8 190.9 187 183.7 178.6 173.6 168.8 164.9 160.5 156.1 152.1 146.2 143 140.8 138.6 137 134.6
125.6 123.9 126.2 130 131.4 134.3 136.8 140.3 145.5 148.5 153 157.3 163.6 171.5 181.3 188 193.3 198.6 204.7 208.5 208.5 213.9 220.9 227.2 230.2 229 228.8 230 230.6 230.3 233.2 238.1 243.7 244.6 244.6 245.8 247.6 248.8 249.1 248.1 245.6 244.5 244.4 242.8 240.2 237 236 235.4 233.6 231.6 227 221.2 216.5 213.7 209.9 206.2 203.7 201.7 199 196.3 194.1 191.7 188.7 185 181.9 176.6 171.8 168.3 164.3 161 156.4 152.1 147.5 143.2 141.2 139.8 136.9 134.3
121.6 125 126.8 129.7 131.8 135.1 138.3 141.8 145.6 149.2 156.5 163.7 170.4 180.9 187.6 192.9 198.1 202.4 206.9 210 212.1 217.3 223.4 228.7 230.6 230.6 229.7 229.9 230.2 231 234.1 237.1 238.4 238.7 240.4 245.1 246.8 249.9 250.8 252.8 249.8 250.9 248.4 243.3 238.1 234.9 232.3 232.1 230.1 227.9 223.8 218.9 214.2 210 207.7 204 200.4 198.3 194.8 192.1 190.8 188.6 186.4 183.3 179.9 174.6 170.1 166.7 163.5 160.3 156.4 152 146.5 142.9 140.6 138.7 136.3 133.8
120.7 124 126.6 129.3 131.7 134.6 138.4 142.3 147.2 155.2 163.1 166.8 176.4 182.3 188.6 192.6 195.7 200 201.9 204 209.2 214.6 220.7 222.4 224.9 224.4 225.1 224.7 226.4 229.5 231.7 232.2 232.7 233.9 236.7 240.2 245 247 249 249.7 248.2 248.9 248 242.9 236.1 232.7 229.9 228.6 225.9 224 220.3 217.3 213.6 208.8 204.7 202.3 198.6 194.3 191.8 188.5 186.9 185.3 180.8 179.5 176 172.1 168.3 165.3 162 158.9 155.5 151.5 147.1 143.7 140.2 137.8 135.5 133.3
121.2 123.3 125.7 128.1 130.9 133.8 137.9 142.6 148.3 159.1 150.9 147.1 168.6 179.4 185.1 186.9 188.9 191.9 193.6 196.5 204.3 210.4 212.3 213.8 216.2 217.7 218.7 220.1 223.6 227.1 228.5 227.7 228.9 231.3 234.4 236.9 240.5 243.6 246.5 244.9 244.2 244.3 246 242 234.7 230.7 227.9 223.8 221.9 221.1 218.6 215.6 212.9 208.4 203 197.5 194.6 193.4 190 186.4 180.2 179.1 176.8 174.7 172.1 170.2 165.9 163 160.5 157.4 154.3 150.8 146.6 143.1 139.5 137.1 135.8 133
121 122.6 124.4 127.1 130 133.3 137.1 142.6 147.3 153.1 146.7 145.2 154.7 166.5 168.1 177.2 181.3 183.3 186.7 191.3 197.4 202.1 203 204.7 207.3 210.6 212.4 214.8 221.5 222.7 224.4 223.7 226.2 230.5 233.6 236.9 240.2 241.4 242.5 241.6 240.2 239.6 239 237.7 234.2 230.9 227.4 223.6 219.2 217.6 216 213.7 211.5 208.5 204.4 201 195.7 190.1 187.5 184.2 179.8 180.1 177.1 175 170.6 167.5 160.1 158.6 157.1 154.5 150.8 148.4 145.5 141.5 137.9 135.1 134.4 133
121 122.3 124.1 126.8 129.8 132.7 135.8 138.4 143.5 149.1 154.2 149.2 151.8 152 153 170.4 171.4 174.8 178.5 182.4 187 192 193 197 198.4 201.6 208.1 214.4 216.8 217.8 218.7 220 224.6 229.4 233.9 237.9 241.5 240.9 239.1 238.1 237.5 236.9 236.2 235.9 235.9 231.5 227.5 223.6 219.6 214.6 212.5 211.2 211 210.3 207.9 204.6 199.4 193.8 189.2 186.9 183.9 182.7 179.7 176.1 172.1 168.6 164.8 161.7 160.1 156.4 152.3 147.1 144.5 141.1 139.1 137 134.7 133.1
120.4 122 123.8 125.6 128.5 131.1 133.7 135.7 138.3 142.8 145.9 148.6 150.7 151 149.6 157.6 154.9 163.3 166.7 171.5 176.2 179.4 181.7 188.8 184.4 197.7 203.9 208.2 211 212.4 209 218.2 223.9 229.1 234.6 240 240.5 238.1 237.1 234.7 234.5 234.8 234.5 235.4 235.9 232.9 228.8 225.3 220.7 215.9 211.9 209.3 210.1 210.9 207.9 204.7 200.2 195.4 190.9 188.7 186.6 183.7 180.5 176.9 172.9 168.6 165.2 163.6 160.8 157.2 153 148.8 145.3 142.1 140.6 138.9 135.6 133.3
119.3 120.9 122.9 124.7 126.4 128.9 131.1 133 135.7 138.1 141 143.2 146.9 148.4 153.8 139.1 145.1 152.5 157.9 160.5 164.4 168.4 171.1 174.2 182.9 190.2 195.6 201.8 205.1 204.6 209.5 216.3 221.7 230 232.3 234.8 235.3 234.4 233.2 231.4 229.4 229.1 231.7 233.7 234.8 232 230.9 227.1 221.8 217.5 213.9 211.2 209.2 205.1 204.8 203.3 201 197.8 192.9 190.2 187.2 184.3 181.6 179 175.3 171.1 167.1 164.1 161.4 157.8 154 150.3 146.6 143.1 141.4 139.2 136.6 135.2
118.8 120.3 122 123.5 124.8 126.3 128.3 130.4 132.7 134.5 137 139.4 141.4 143.1 145.9 138.8 149.5 144.9 151.1 152.1 156.7 160.5 164.8 169.2 178.8 179.4 187 191.2 196.7 199.7 207.2 213.9 221.1 227.5 227.8 227.6 227.7 227.4 227.8 226.6 225.3 223.6 227.4 230.8 231.6 231.3 231 230 223.7 220.7 217.6 214.1 209.7 204.1 200.5 199.9 198.8 197.2 194.5 190.9 187.9 184.5 182.2 180.5 177.4 173.4 169.4 165 161.6 158 154.5 150.9 147.3 144 141.3 139.1 136.6 134.7
119 121.2 120.4 121.4 122.9 124.1 125.9 127.3 128.8 130.3 132.6 135.1 137 138.9 140 141.1 142.6 146.2 151 154.7 158.8 163.7 168 172 178 177.7 183.2 187.9 193.6 200.9 207.8 214.2 220.8 224 223.4 223.7 222.8 221.6 220.7 220.2 219.7 218 221.8 223.9 225.7 228.1 230.7 230.7 229 225.6 222.7 218.2 210.7 206.1 200.7 194.2 192.7 193.1 192.6 190.7 187.6 184.3 181.9 179.8 177.4 175 172 167.4 161.6 157.9 154.7 151.1 147.9 144.9 141.7 139.3 136.8 134.3
118.5 119.4 119.4 119.5 120.9 122.1 123.4 124.2 125.3 126.6 127.9 129.2 131.5 134.3 135.5 136.9 142.7 147.7 152.8 157.3 160.1 166.3 172.3 176.1 179.5 183.6 187.7 192.7 199.2 204.3 209.2 214.4 216.8 217.2 218.2 219.2 219.6 217.8 214.9 214.9 213.2 212.1 215.4 216.7 218 222.1 224.5 228 228.9 227.8 225.8 220.9 213.8 207.2 199.3 194.8 188.1 186.9 189.8 189.2 186.5 184 181.4 179 176.6 174.2 171.4 167.8 163.2 158.2 155 151.8 148.6 145.3 143 140.7 137.9 134.8
117.4 117.9 117.9 118.3 119.1 120.4 121.1 121.7 122.2 123.2 124.2 126.1 128.2 130.2 131 133.2 139.7 147 152.6 157.9 163.1 168.3 173.2 177.2 180.3 185.4 189.9 193.8 198 202.5 206.8 207.8 207.7 208.2 211.2 212.7 214.7 213.6 211.6 208.9 207.1 208.9 208.9 209 211.2 214.7 218.9 222.3 223.2 225 225.3 222 217.9 210 199.3 194 189.9 184.5 182.1 182.5 182.7 181.9 179.9 177.8 175.4 172.9 170.4 167.2 164.8 159.7 155.4 152.2 148.9 146.6 144.3 141.4 138 134.8
116.3 116.9 117 117.6 118.1 118.8 119.6 120 120.2 121.3 122.3 123.9 125.6 126.3 128.8 131.5 135.8 145.3 151.8 158.1 163.6 168.5 172.8 176.7 180.7 185.8 188 191.1 192.5 196.6 197.1 196.9 198 199.4 203.4 205.9 208.2 208.7 207.3 205.4 200.2 201.3 203.3 203.3 206.5 210.1 216.2 219.4 219.4 220.8 221.8 221.4 220.1 214.5 206.2 198.5 195.1 191.9 185.6 181.6 176.8 177.9 177.6 175.7 173.7 171.9 169.4 166.3 163 159.6 156.2 152.5 149.9 146.8 143.9 141.1 137.9 134.4
115.5 116 116.4 117 117.5 117.8 118.2 118.7 119.3 119.8 120.4 122 123.7 123.9 125.9 128.9 132.7 140 148.2 154.6 160.2 165.9 169.5 173.2 176.2 180.2 183.6 185.7 187.4 187.8 188.1 187.8 189.7 191.8 195.2 199.1 201.5 203 202 200.7 197.1 195.6 197.4 200.5 205.5 211.3 216 216.8 217.6 220 218.8 218 216.3 214.1 210.8 203.9 198.8 194.9 188.8 185.1 180.2 174.2 170.5 172.8 171.3 170.4 167.5 164.5 162.1 158.6 155.1 152.3 149.3 146.4 143.5 140.6 137.5 135.1
114.8 115.1 115.6 116.3 116.7 116.6 117.1 117.6 118.2 118.7 119.2 119.5 120.2 121.2 123.3 125.8 128.2 133.4 141.6 148.7 153.8 159 163.3 166.9 170.2 173.7 175.8 177.7 179.8 179.6 180.6 181.3 181.7 184.2 187.3 191.3 193.7 195.6 195.8 194.1 191.6 190 192.8 202 207.3 210.9 213 214.4 216.7 217.9 217.2 215.8 212.2 208.9 207.3 203.6 199 193.4 187.7 183.4 179.9 175.7 171.5 163 165.4 165.9 164.4 162.8 160.6 157.1 153.6 151 148.4 145.7 143 139.9 136 132.8
113.4 113.7 114.5 115.7 115 115.5 115.9 116.4 117.1 117.6 118 118.4 118.7 119.4 121.5 123.7 126.9 130.7 135.7 142.4 146.8 151.2 155.2 159.6 164.1 167.4 168.6 170.1 171.6 173.3 173.9 173.6 174.6 176.8 180.3 183.6 186 187.3 187.7 185.1 182.3 186.9 195.7 200.3 202.9 206.2 207.1 209.6 212.6 214.8 215.6 214.8 211.4 208.4 205.3 203.1 199 192.9 188.1 183.5 178.2 174.5 168.3 162.2 158 161.3 161.8 160.1 157.6 154.5 152 148.7 146.4 144.5 141.6 138.4 134.2 129.3
112 112.6 113.4 113.8 113.2 114.1 114.8 115.2 116 116.4 116.8 116.8 115.9 118 120.2 122.5 125.7 128.2 132.4 136.6 141 144.2 148.8 152.5 158 159.7 161.3 163 164.5 166.2 165.6 165.1 166.7 170 174.3 176.3 177.1 178.8 179.3 176.9 179.5 184.6 190.1 193.6 195.1 197.4 198.8 201.6 204.8 208.3 209.3 209.6 209 208.1 206.3 203.3 199 194.5 191.3 186.9 181.4 176 170.9 164.5 159.8 154.8 155.3 155.5 154.4 152.5 150.9 148.3 145.7 142.7 140.8 134.6 132 133.3
110.8 111.8 112.9 112.7 111.6 111.5 112.5 113.6 114 115.2 115.3 114.8 114.4 117.5 119.1 121.4 123.7 125.5 128.7 132.2 136 140.4 143 145.7 149.1 151.7 154.1 156 158 159.1 159.1 160.4 162.2 165.6 168.2 170.5 171.8 173.1 173.9 174.6 178.5 182 184.7 186.4 188.7 188.8 189.2 192.9 198.5 201.3 204.5 204.1 204.8 205.4 205.6 202.8 198.8 194.7 191.9 187.8 181.6 176.7 170.7 165.6 161.3 158.8 151.2 149.4 150.2 149.9 148.8 146 143.8 141.1 139.6 136.3 134.2 136.2
110.3 111.5 112.1 111.6 110.5 110.5 110.7 110.8 110.5 109.7 112.9 114 116.6 120.1 120.2 122.4 123.3 124.5 127.6 129.6 132.6 136 138.6 142.1 143.9 146.2 148.5 151.1 153.9 153.9 156.3 157.8 159.6 163.4 165.5 167.7 169.5 171.2 169.3 171.3 174.8 177 178.8 179.5 181.1 182.2 185.1 188.5 191.5 195.9 198.8 199.4 202.1 202 200.4 200 198 195.6 192.2 187.2 181.4 176.7 172.3 164.6 162.2 156.8 153.5 149.9 144.8 145.1 144.6 144.1 143 140.4 139.4 140 140.5 138.6
110.5 111.3 111.3 111.3 111 110.5 110.4 108.9 110.3 112.6 115 116.5 118.4 121.7 124.8 125.7 126.2 127.1 127.7 129.3 132.3 134.1 136.4 139 139.2 143.7 144.2 146.4 149.4 151.4 154.3 155.8 159.9 163.8 165.8 165.7 167 168.3 165.7 167.4 170.4 171.5 173.5 174.4 175.9 178.4 181.5 183.6 186.4 190.5 192.8 195.3 198.3 198.8 198.7 198.1 196.6 195.6 192.5 188.1 183.9 179.2 173.6 169.1 163 157.7 156 153.3 151.9 150.5 145.2 146.1 143.9 141.4 140.6 140.8 140.5 138.4
111.2 111.2 110.8 111 110 104.8 106.1 110.3 112.8 114.5 116.9 118.4 120.4 122.8 125.2 127.1 128.6 130 130.7 131.2 133.9 135.8 137.9 140.4 144.2 146.4 148.8 151.4 152.5 155.8 156.2 154.5 159.5 163.4 165.5 165 164.3 164.1 163 164.6 166.9 168.5 168.1 169.8 172 174.4 176.6 179.6 182.7 186.6 189.1 191.7 194.7 196 197.4 197.1 196.3 193.9 192.1 189.2 186.9 183.5 178.8 172 165.4 160.2 157.5 155.9 153.9 151.1 147.7 146.8 145 142.8 143 143.5 140.8 138.5
111.3 111.1 109.2 108.4 104.2 107.5 110.7 112.5 114.8 116.8 118.3 120.3 122.3 124.6 126.4 128.7 130.2 132 133.4 134.2 135.4 137.6 140.4 143.4 146 149.3 152.4 155.5 158 159.6 160.5 160.6 158.6 159.7 161.2 161.2 161.7 160.6 159.6 161.2 163.4 165.2 164.2 165.3 168.5 171.5 172.5 175.6 179.2 183.3 187.6 190.4 192.1 192.4 192.8 193.5 193.4 192.5 191.6 190.3 188 185.1 180.9 175.2 168.5 164 160.7 157 154.1 151.6 150.2 148.1 146 144.3 144.7 145.7 141.7 138.7
110.2 110.5 105.8 104.9 105.1 110.3 112 113.6 115.4 117.7 120.1 122.1 124.1 125.9 127.6 130 132 134.3 135.7 137.1 139.1 141.2 143.9 146.7 149.1 152 154.9 158.5 161 163 160.8 160.7 157.4 155.6 157 157.8 158 157.6 158.3 158.7 159.7 161.4 161.5 162.3 165 166.4 169.1 172.5 177 182.9 186.4 188.2 189.3 188.4 186.1 186.4 187.4 188.3 188.2 187.9 186.8 185.1 182 176.9 172.4 167.4 162.3 158.1 154.1 151.6 149.9 149.1 147.3 146.4 146.5 144.9 140.8 138.4
110.4 106.2 104.2 104 110.1 111.4 113.1 114.7 116.2 118.2 120.6 122.9 125.3 127.2 129 131.8 134.2 136.6 139.7 140.8 142.5 144.8 147.3 150.5 154 155.2 157.4 160.3 160.9 161 159.7 158 155.7 153.3 155.4 155.3 154.7 156.1 156.6 156.6 157.1 158.3 159.9 160.5 161.4 164.5 166.9 170.9 175.6 179.2 181.3 182.4 184.1 182.9 179.6 179.2 179.2 180 181.5 182.7 183.3 181.7 179.4 175.1 171.5 166.7 162.1 157.4 154.2 151.9 150.2 149.4 149 148.5 147.2 143.7 140 137.3
109.8 104.1 104 106.7 110.4 112.4 114.3 115.9 117.4 118.8 121.1 123.3 125.5 128.2 130.8 133.7 136.4 139.2 142.4 144.7 146.3 148.4 150.4 153.5 156.6 157.6 159.2 159.1 159.2 158.2 156.1 155.2 154.2 152 152.3 152.5 152.9 154 154.3 154.3 154.3 155.1 156.1 157.8 159.5 161.3 163.7 167.2 171.1 173.1 175.2 175.9 175.5 175.8 172.5 172.6 172.4 173.3 174.4 175.2 175.7 175.8 174.3 172.7 169.6 164.5 160.6 157.6 154.8 153 150.9 150 150.5 148 146.6 142.8 139.2 135.8
105.1 102.9 105.3 109.3 111.1 113.1 115.1 116.8 118.2 119.5 121.4 123.6 125.8 128.1 131 134.8 138.9 142.4 145.2 147.7 149.9 151.5 154.2 156.2 158.1 159.4 159.3 160 159.7 156.4 154.1 153 152.4 151.1 149.8 150 150.9 152.1 152.3 152 152 152.6 153.2 154.8 154.9 156.6 159 160 161.9 163.7 165.7 166.7 166.2 167.6 164.4 166.9 166 166.3 168.1 169.2 168.7 169.4 169.8 167.7 165.8 163 159.3 157.4 155.7 154.1 152.7 151.4 150.6 146.4 145.1 141.6 137.8 134.3
99.2 104.3 105.5 109.6 111.8 113.7 115.5 117.1 118.4 120.1 122 123.9 126.1 128.3 131.1 135.3 140.6 144.6 148 150.2 152.1 153.9 155.8 157.6 159.4 160.9 161.3 161.4 160.2 156.8 154.5 151.9 150.4 149.4 149.1 149.1 150 150.7 150.6 150.3 150.5 150.1 151.1 151.2 152.4 153.6 153.5 153.6 153.5 156 156.9 158.1 159.1 161.5 158.8 159.8 161.1 158.6 160.6 164.1 163.4 164.8 165.2 163.7 162.4 160.6 158.7 156.6 155 153.6 152.5 151.4 149.1 144.5 142.3 139.2 135.7 132.6
105.8 106.8 106.4 110.1 112 113.8 115.7 117.6 118.9 121.4 123.3 125.2 127 129.2 132.7 136.6 142.2 146.7 149.6 152 153 154.8 156.5 158.2 159.6 161.3 162.7 161.3 160 157.9 155.1 152.6 150.1 149.2 149.2 148.9 148.4 148.9 149 149.1 149.2 149.1 149.1 150 151 150.7 149.6 148.4 148.7 149.1 150.3 149.8 149.7 149.6 148.8 149.8 150.7 148.9 152.2 158.1 160.2 161.6 161.2 159.2 158.2 156.9 156.6 155.5 153.7 152 150.7 149.9 146.6 143 139.5 135.6 133.5 130.7
