data/SD73.asc
ncols 200
nrows 200
xllcorner 370000
yllcorner 430000
cellsize 50
[rows 144 to 179 of 200, columns 81 to 161 of 200]
108.1 106.7 105.4 104.2 101.7 101.7 101.1 100.2 99.7 99.3 98.4 97.8 97.4 96.3 94.3 92.9 91.1 88.4 84.2 80.4 75.4 67.9 65.8 65.6 66.6 72.9 72.8 72.2 71.6 71.5 72 73.4 74.6 75 75.7 76.7 76.7 77.4 78.4 78 76.2 80.9 81.2 81.1 80.3 78.4 76.4 75.7 75.1 70.5 74.9 76.8 78 77.3 77.1 77.6 78.7 79.3 79.1 79.3 79.4 79.5 79.4 79.6 79.8 80.2 80.5 80.9 81.9 84.8 85.9 85.4 82.9 83.3 82.2 82.4 78.6 75.3 79.5 81.1 82
108.4 106.9 105.6 104.4 102.9 102.2 102.1 100.6 100 99.2 98.6 97.6 97.5 97 95.2 93.4 90.8 88.8 85.2 81 75.2 67.7 66.2 66.4 68.1 74.6 75.2 74 73.3 73.6 73.4 74.2 75.8 76.6 77.2 78.3 79 79.6 79.6 78.6 78.4 81.6 82.8 82.2 81.4 80.1 78.4 78.3 76.7 73.6 71.6 77.9 79.4 78.2 78.3 79.1 79.7 79.9 80 79.9 79.6 79.7 80.1 80.7 80.6 81 81.4 81.8 82.4 86.4 88.2 87.5 87.1 86.5 84.6 83.2 75.5 78.9 82.8 84.3 85.4
108.1 106.9 105.5 104.6 103.5 103 101.7 100.6 99.7 98.8 98.2 97.3 96.8 97.2 95.1 93.1 91.5 89.4 86 82 75.5 69.3 65.5 66 69.6 77.4 77.6 75.8 75.7 76 75.5 74.8 76.6 77.7 78.9 80 80.5 81 81.3 80.8 77 81.7 83.5 84.2 83.3 82.4 80.9 81 79.3 74.4 74.3 79.4 81 79.4 79.5 80.3 80.5 80.5 80.2 80 79.8 80.2 82 81.6 82.1 84.1 84.7 85.7 88.4 89.6 90.4 90.7 90.1 87.6 85.2 81.7 80.4 83 86 87.5 89.9
107.1 105.6 104.8 104.6 103.8 102.9 101.8 100.2 99.3 98.4 97.5 96.8 95.4 95.7 94.5 93.4 91.8 89.7 87.6 84 77.3 69.7 67.5 66.8 69.7 79.6 79.9 79 78.6 78.3 78.1 77 77.3 79 80.4 81.5 82 82.6 83.1 83 81.5 78.3 81.7 85.1 85.3 84.3 83.6 82.9 81.2 79 76.5 80.7 82 81.4 80.8 81.3 82.4 82.4 82.4 81.7 82.8 82.9 83.4 84.1 84.1 85.2 85.7 87.3 89.7 90.2 90.8 91 90.8 91.2 85.4 80.8 86.2 85.7 90.5 92.7 95
105.2 104 103.2 104.2 103.7 102.8 101.6 99.8 99.2 98.3 97.5 96.7 95.7 93.9 93.2 92.5 91.3 89.9 87.9 84.3 80.2 70.5 68.2 67.3 66 81.5 81.8 81.5 81.2 80.8 81.2 81.5 81.1 80 81.5 82.5 83.4 84.2 84.9 84.9 84.2 83.3 81.8 84.2 86.1 85.9 85.8 84.6 84 81.4 78.4 79.8 82.7 82.9 83.7 83 83.1 84.6 84.9 84 84.6 84.5 84.8 85.6 85.8 86.2 86.4 89.1 90.3 90.5 90.9 92.7 93.3 94.4 85.3 88.7 91.8 92.6 94.8 97.8 99.8
103 102.3 101.4 102.4 103.3 102.2 100.6 99.5 98.8 98.1 97.4 96.5 95.8 89 90.9 89.5 87 84.1 83.2 81.6 77.8 68.7 67.8 67.7 65.3 83.4 84 84 83.7 83.4 83.5 83.5 83.2 81 82.6 84 84.8 85.7 86.1 86.5 86.4 85.5 84.3 82.1 85.8 87.2 87.3 86.8 86.2 83.3 82.2 73.8 79.7 83.6 84.6 84.3 83.9 86.2 86.9 86.2 85.7 85.6 85.7 87.9 89.7 89.9 90.1 91.7 92.2 93.6 96.1 97.8 99 100 95.7 96.9 98.4 98.2 98 102.1 103.5
101.5 100 99.5 100.1 100.9 101.2 100.2 99.4 98.5 97.7 96.9 95 90.8 86.2 84.8 83.3 80.8 76.2 75.3 77 71 68.2 67.8 66.9 75.6 84.7 86.4 85.9 86.3 85.9 85.8 85.8 86.1 84.7 84.4 86.1 86.8 87.4 87.8 88 88 87.2 86.5 85.6 85.9 88.4 87.4 87.5 87.4 86.3 85.2 81 75.6 83.3 85.6 86.7 86.9 87.1 87.3 87.4 86.3 86.2 86.7 88 91.5 94.9 95.1 95.8 95.2 95.2 98.9 101.1 101.8 102.4 102.3 97.6 103.3 104.6 102.8 104.1 106.7
102.2 100 99.5 99.5 100.1 100.2 99.8 99.1 98.2 97.3 95.1 91.2 87.1 82.5 79.3 76.8 72 69.3 68.4 68.2 66.5 66.9 70.6 81 83.5 86.1 88.2 87.8 87.5 87.8 88.2 88.2 88.5 86.8 86.9 88.8 89.2 89.6 89.7 89.9 89.4 89.3 88.5 87.3 86.6 88.5 89.5 89.2 89 88.9 88.4 86.7 77.9 80.3 86.7 88.1 88.1 88.1 88.7 88.2 86.5 86.8 88.9 96.9 95.7 97.9 98.7 98.7 96.5 99 101.3 101.8 105.3 107.5 106 95.1 106.2 107.4 107.4 105 108.7
103.5 102.5 100 99.9 99.6 99.5 99.2 98.3 97.3 95.1 91.7 87.5 83.3 77.7 76.8 70.8 69.9 68.1 73.8 74.7 70 80 82.5 85.4 85 87.2 89.5 89.9 90.1 90.3 90.5 90.5 90.8 88.6 89.9 91.1 91.6 92.1 92.1 92.1 91.8 90.8 90.3 89.1 87.9 88 90.8 90.8 90.4 90.8 90.3 89.8 88.4 79.9 85.1 89.6 88.7 91.8 92.3 91.3 90.9 92.4 97.6 97.7 98.9 100.8 98.7 98.7 100.6 102.2 103.4 105.3 107.9 110.1 108.1 100.6 107.4 109.1 108.3 106.5 108
104 103.1 102.1 100.5 99.3 98.4 97 94.8 90.2 90.4 87.8 83 76.5 67.8 73.8 68.5 68.6 76.9 78.6 78.6 72.1 80.6 84 85.9 86.4 87.3 89.6 91.2 91.8 92.8 92.6 92.8 92.8 90.4 92.7 93.5 93.9 94.8 95.2 95.3 94.2 92.9 92.2 90.9 89.7 90 91.7 92.1 92.1 92.2 92 91.8 91.3 86.5 80.8 91.8 91.6 92.8 92.8 92.6 91.6 98.1 98.7 99.9 101.5 104.2 104.2 105.6 107 107.2 106.2 108.2 110 111.7 110.3 106.6 103.9 109.9 109.2 107.8 108.6
104.2 103.9 103.2 101.5 98.7 95.6 93.1 90.4 87.1 82.9 82.6 80.5 71.9 72.1 73.6 77.6 80.4 82.2 83.1 82.6 76.2 78.7 83 85.2 87.4 89.3 90.5 92.4 93.1 93.9 94.6 94.9 94.6 92 94.5 95.5 95.9 96.7 97.4 97.1 97.2 94.3 94 92.6 91.5 91.3 93.3 93.5 93.9 94.6 94.4 94 93 88 84.5 91.5 92.9 93.9 93 93 97.6 97.7 98.4 101 103.3 107.6 108.7 109.9 110.2 111.4 110.9 112.1 113.2 112.8 111.6 107.6 101 108.5 110 110 110.4
104.4 104 103.4 102.9 100.8 99.6 97.3 92.3 86.8 82 76 73 69.9 78.6 79.7 79.4 84.6 86 86.6 85 79.7 81.8 84.7 86.6 88.7 90.5 92.1 93.6 94.5 95.7 96.4 97.1 96.3 93.7 96.5 97.5 97.9 98 98.5 98.8 98.3 95.4 95.7 94.4 93 93.6 94.7 95.4 96.3 96.7 96.9 96.7 96.1 92.5 82.6 91.1 94 95.1 94.2 97.1 98 98.2 98.6 102.7 107.2 110.2 112 113 113.4 114.2 116.1 117.2 116.8 115 113.3 109.5 104.3 104.1 109.4 111.1 113.3
104.4 101.6 101.1 100.6 100.4 100.4 95.5 93.7 88.9 85.5 76.6 71.2 72 81.9 83.2 77.8 86 88.4 87.9 85.2 82.8 83.7 86.4 88.7 90.7 92.6 94.5 95.9 97 98.8 100.5 100.7 99.2 96.4 98.8 99.8 100.1 99.6 99.5 99.7 99.7 96.7 97.4 95.7 94.6 96 97 97.9 98.7 99.1 99.2 99 98.5 94.7 82.2 89.8 95.9 96.6 97.1 98.2 98.9 99.9 102.4 106 110 112.6 115.1 116 116.6 117.2 119.3 121 120.1 117.4 114.4 112 109.9 106.2 106.8 112.8 114.7
102.2 101.2 100.6 100.6 100.2 99.4 98.3 90.6 87.3 84.1 71.9 73.4 82.8 84.7 87.2 86.9 82.8 89.6 89 87.7 86.3 85.3 89.2 91.1 93.3 95.3 97.3 99 100.1 102.2 102.9 103.4 100.7 101.3 102.2 102.8 102.7 102.3 101.5 101.1 101.2 99.3 98.8 97.8 97.4 98 98.7 99.7 100.7 101.3 101.3 100.8 99.6 97.8 86.5 90.2 97.7 97.7 98.5 99.6 101.3 103.8 106.2 109.3 112.6 115.9 118 118.9 119.6 120.4 121.6 122.6 120.8 117.7 115 112.8 112.5 110.8 106.4 113 115.9
100.9 96.5 97.6 98.3 96.4 94.6 91.2 87.2 84.5 78.2 71.2 82.3 85.6 89.5 91.1 90.7 85.2 89.8 90.8 91.3 90.2 90.1 92.6 93.9 96.2 98.2 99.6 101 103 104.8 105 104.1 103.7 104.2 105.2 105.5 105.3 105.2 103.8 102.9 101.9 100.9 100 98.4 97.8 99.5 100.5 101.5 102.5 103.5 103.3 102.3 101.7 99 91.9 90.9 98.3 99.3 100.2 101.7 103.7 105.8 107.6 110.8 114.7 117.6 119.8 121.4 122.6 123.7 124.7 123.5 121.5 119.1 116.4 115 114.4 113.2 109.2 114 117.7
93.9 93.6 93.5 92.8 91.1 86.5 72.9 71.8 71.4 71.8 74.4 81.5 90.2 91.7 93.1 93.1 90.3 91.3 93.2 93.8 93.9 88.4 94 96.7 98.5 100.3 102.1 104.1 105.9 106.3 106.3 104.7 104.8 105.8 106.9 107.9 108.1 108 106.9 104.8 103.7 102.1 100.3 99.5 100.3 101 102 102.8 103.6 104.3 104.5 103.5 102.4 101.1 89.6 92.5 100.3 101.7 102.3 103.5 105.2 107 109.1 111.6 115.3 118.5 121.1 123.4 124.7 125.9 125.5 124.3 123 121 119.2 117.8 117.3 116.3 110.4 116.4 119.4
93.1 92.3 87.8 84.4 83.8 71.2 73.3 73.1 74 75.5 90 92.1 92.2 93.4 94.5 94.4 93.4 92.4 95.1 96.4 96.3 90.8 93.9 98 98.5 100.4 103.4 104.7 105.9 106.9 107 106.3 104.9 107 108.4 109.4 110.3 110.8 109.5 107.1 104.9 103 101.5 101.5 102.2 102.8 103.3 104.1 104.6 105 104.6 104.5 103.7 101.6 89.4 91.8 101.5 103.7 104.6 105.4 105.9 108.2 110.6 113.5 116.5 118.8 122.3 125 126 126.5 126.4 125.5 124 122.4 121.6 120.7 119.7 118.3 114.8 119.6 122.4
90 83 76 75.8 75.2 73.7 73.9 75.2 80.5 85.1 93.2 94.1 95.6 96.1 96.3 96.4 94.9 93.9 96.7 98.3 98.1 92.3 95.2 95.8 97.8 99.8 102.8 104.9 106.1 107 107.6 107.2 106.1 106.6 109.1 111 111.8 112.2 111 109.1 106.3 103.9 102.3 102.8 104 104.6 104.9 105.4 105.7 105.9 106.2 106.3 105 103.2 98 91.3 100.4 104.9 106.7 107.6 108.4 109.4 111.3 115.1 118.9 121.4 124.7 127.6 127.8 128 128.1 128.4 128.5 124.5 123.6 122.7 121.4 119.4 118.3 122 123.9
79.2 81.6 81.2 78.4 77 72.5 75.7 78.2 90.2 93 94.8 96.6 97.3 98.4 98.4 97.5 96.2 94.9 98.1 100 99.3 97.5 94.4 97.7 98 98.3 99.2 104.3 106.5 107.3 107.9 108.2 108.9 108.6 109 111.8 113.1 113.9 112.8 111 109.3 105.2 103.8 104.8 105.8 106.4 106.5 106.9 107.3 107.5 107.6 107.7 106.3 104.4 99.8 89.7 98.5 105.3 109 110.1 110.7 111.2 113.5 117.1 121.2 124.4 127.6 129.2 130.5 131.5 132.6 131.5 129.9 128.6 125.8 124.5 123.5 121.7 118.1 122.6 122.8
87.1 85.5 85.4 80.7 77.4 74.9 77.8 90.1 92.7 94.3 96 98.2 99.9 100.8 99.6 98.3 97.6 95.2 100 100.4 100.3 100.5 99.5 98.5 100.3 102.2 103.8 100.4 107.3 108.4 108.9 109.5 110.4 111.2 109.2 113.4 114.6 114.3 113.7 113.1 110.8 106.5 106 106.9 107.8 108.2 108.6 108.8 109.1 109.3 109.4 109.6 108.1 107.4 107.5 101 96.4 107.2 111.2 112.4 113.1 114.4 116.4 119.6 123.6 127.6 130 132.1 133.4 134.6 133.2 132.9 131.7 130.2 128.6 126.6 125 123.2 120.9 120.6 120.6
84.5 78.7 78.3 74.9 76.1 75.8 87.2 91.9 93.4 95.6 97.8 99.7 101.2 101.1 100.7 99.7 98.7 95.6 100.6 100.6 101.7 102.2 102.3 101.2 103.1 105.2 106.8 108 105.9 109.6 111.1 112.2 114 114.2 111.8 115 116.6 116 115 114 110.8 110 108.8 109.6 110.2 110.2 110.7 110.9 111.3 111.2 111.4 111.1 109.9 109.2 109.4 105.2 95.9 107.8 112.8 114.4 115.4 117.2 119.6 123.4 127.6 130.9 134.1 135.4 136.6 136.7 134.7 133.8 133.1 131.9 130 128.5 126.2 123.5 123.6 124.4 124.3
80.2 78.1 78.3 82.1 80.9 78.1 91 92.3 94.4 96.4 99.5 101.1 102 102.1 101.9 100.9 99.2 98.4 100.7 100.7 102.8 103 103.4 104.9 106.4 108.2 109.9 110.5 109.6 111.2 114.7 116.7 118.2 118.6 113.8 118.5 118.9 117.2 115.7 114.6 113 112.3 111.7 110.7 112.5 112.6 112.8 113.7 114.7 114.6 113.4 113 112.9 112.7 112.4 107.8 93.7 108.3 113.2 116 117.3 119.1 121.9 127.6 130.3 134.5 137.9 139.4 139.3 137.8 136.2 135 134.5 133.8 132 129.6 128.4 125.9 125.8 127 128.6
79 75.1 80.4 85.6 92.9 93.2 92.6 93.9 96 98.8 101.5 103.5 103.8 103.9 103.7 102 101 101.7 103 103 103.4 103.8 105.8 108.3 109.9 111.5 112.9 113.3 113.7 111.6 116.6 119.1 120.8 120 118.4 119.8 119.7 118.8 117.4 115.8 114.9 115.7 114.6 113.6 113.9 114.8 116.6 117.6 118.1 118 116.9 116.7 116.6 116.4 115.2 108.1 98.9 107.4 115.3 117 118.4 120.7 124.7 128.9 133.2 137.7 140.6 141.2 140.1 138.8 137 136.5 136.6 135.9 133.8 131.2 128.9 128.5 128.9 131.4 140.1
75.8 77.7 80.9 91.3 94.5 96.7 95.6 94.9 97.6 100.9 103.4 104.9 105.7 105.6 105.7 103 104.3 103.6 103.9 104.2 105.3 106.3 109.5 111.7 113.7 115.3 116.1 116.6 116.5 115.5 115.1 119.6 120.9 120.3 120.2 120.3 120.6 120.1 119 117.2 117 117.9 117.2 117.1 117.5 119.2 121 121.4 121.3 121.2 119.9 119.2 119.5 119.2 116.6 111.3 99.7 102.2 113.6 116.3 119 122.9 127.6 131.8 136.8 140.5 142.7 142.8 140.5 138.9 138.4 138.8 138.3 137.3 136 132.9 132.7 133.3 140.4 142.7 142.6
82.1 81.1 87 94.9 96.7 98.9 99.5 98.5 99.8 103.4 105.1 106.3 107 107.3 106.3 105.1 106.8 107.7 108.8 109.3 108.4 106.9 110.2 114.6 116.9 118.7 119 119.5 119.4 118.7 118.1 118.7 121.1 120.8 120.2 121.6 121.7 121.4 120.6 119.8 120 121 121.1 121.1 121.5 123.4 124 124.2 123.8 123.1 121.7 120.4 120.6 118.7 116 110.7 107.9 99.7 101.8 105.3 118.2 122.8 127.6 134.4 138.6 141.1 142.1 141.8 140.2 139.7 140.2 141.4 140.9 139.2 138 136.9 141.8 141.9 142.4 140.7 143.4
83.4 84.1 91 98.4 101 102 103.7 102.7 102.2 105.7 107.9 107.9 108.6 108.5 107.1 106.6 108.7 109 110.1 111.3 112 113.1 114.9 116.3 119.4 121.1 121.6 122.1 122.4 122 120.5 119.8 121.9 122.1 122.4 123 122.7 122.6 122.5 122.7 123.3 123.3 124.9 125.3 125.8 126.3 127.4 127.9 126.3 125.1 123.2 120.6 119.7 116.9 114.6 114.5 113.1 113 107.3 104.9 115.7 121.9 125.2 134.6 138.3 140.5 140.8 140.1 140.4 141.5 142.7 143.8 144.9 142.3 141.3 141.6 145.2 144.9 144.5 144.6 144.7
77.3 89.4 98.7 100.9 104.6 104.9 106.1 105 103.4 107 109.8 110.3 110.9 110 108.3 108.6 110.7 111.6 112.4 113.2 114.3 115.7 117.1 117.4 120.4 122.1 124 124.5 124.6 124.2 122.8 122.5 123.3 123.4 124.5 125 125.7 125.6 125.4 125.7 126.3 127.8 128.2 128.8 129.3 129.3 128.9 128.8 128.5 127.8 124.5 121 117.8 115.4 114.5 115.8 116.3 119 119.3 118.3 107.8 118.8 124.8 133.9 139 141.4 141.9 141.8 142.7 143.8 144.6 140.4 140.7 141.4 146.9 146.5 146 145.8 145.4 145.3 148.6
79.7 87.4 100.5 103.3 105.6 106.9 107.2 106.9 104.1 107.8 110.2 112 112 111.7 110.6 110.4 112.3 113.3 114.2 115.1 116.8 118.7 121.1 120.9 120.6 124.3 126.1 126.6 126.4 125.8 124.7 125 125.5 125.2 125.9 126.6 127.2 127.8 127.8 127.8 129.1 131.1 131.7 132.1 132.4 132 131.6 130.7 130.6 128.8 126.1 121.7 119.7 116.7 117 118.3 119.3 122.4 123.9 125.3 118.9 106.8 127.5 129.7 138.5 142.3 143.7 144.2 142.4 139.5 140 143.5 147.8 147.5 146.8 146.6 146.2 146.2 151.4 153.9 152.1
81.8 90 102 105 106.9 108.5 108 107.2 106.8 108.2 110.1 112.1 113.2 113.3 112.7 112.1 112.9 114.4 115.7 117 119 121 123.3 123.5 123.3 124.8 128.4 128.4 128.4 128.4 127.3 127.3 128.5 127.3 127.8 127.8 131.1 133.5 133.6 133.7 133.9 134.2 135.3 134.9 135.1 135.6 135.3 135 133.4 129.8 128 123.8 121.1 119.1 121.5 122.9 125.6 126.8 128.2 129.2 129.4 130.4 128.1 127.6 137.2 140.4 140.5 138.7 138.9 145.6 148.4 148 148.6 148.1 146.6 146.9 149.7 155.6 158 158.5 158.2
84.7 100.1 103.4 106.1 107.7 109.2 109.3 107.8 107.1 108.6 111 113 114.1 114.5 114.4 113.7 113.6 115.1 116.7 118.7 121 123.2 125.6 126.9 128.2 128.5 129.2 130.1 129.9 130.1 129.6 128.6 128.4 128.4 131.2 133.4 133.5 133.7 134 134.2 134.9 136.4 137 137.1 137.3 137.6 137.5 136.2 135.2 129.6 128.7 127.8 124.5 122.2 126.1 128.4 128.8 129.4 132.1 133.6 135.2 137.3 130.6 128.3 138.2 138.4 138.8 144.4 146.8 148.3 149.3 148.3 149.7 151 146.5 153.3 156.4 160.5 159.8 158.3 158.8
94.8 101.6 105.4 108.1 109.6 110.3 110.2 109 108.1 109.6 111.5 113.2 114.9 115.7 115.9 115.1 113.7 116.1 117.6 119.4 122.4 126 128.4 129.1 130.4 131.2 131 131.9 133 132.5 132.2 132.2 132 132.2 133.4 133.4 133.4 133.8 134.2 134.6 135.1 138.1 138.7 139.1 139.3 139 138.6 136.5 135.2 133.3 131.8 129.5 128.4 128 129.2 131.7 132.7 134.1 135.6 137.3 139.1 139.3 137.9 137.9 134.2 137 141.1 144.5 147 148.5 148.1 149.4 149.6 148.1 153.9 155.3 159.5 161.7 160.5 158.9 158.5
99.2 103.4 106.7 109.8 111.2 110.9 110.8 109.9 109.7 110.7 112.5 114.1 115.7 117.3 116.9 115.7 114.9 117 119 121.8 125.8 128.4 131.3 132.9 133.9 133.7 132.7 133.1 134.3 134.4 134.4 134.3 134.9 134.7 135.6 138.4 139.3 139.9 140.5 141.7 141.8 139.9 140.3 140.9 140.5 140.1 139.7 139.2 137.9 136.7 135.1 132.7 130.7 130.5 133.3 135.5 136.6 137.6 139.4 138.4 138.3 138.1 138.2 129.4 123 132.7 137.7 145.8 147.3 148.2 149 149.5 149.9 151.3 155.2 157.3 159.3 160.4 161 160.4 159.4
101.6 105.1 108.3 110.5 111.8 112.1 111.9 111.3 110.8 111.9 113.4 115 116.6 117.5 117.7 116.4 117.3 118.9 120.3 125.7 128.8 132.7 135.1 136.3 136.1 135.5 134.8 134.9 136.1 136.5 136.8 137.4 138 137.7 136.6 138.7 140.3 140.9 141.5 143.5 144.9 143.3 143.9 142 141.6 141.1 141.5 141.1 140.9 139.6 138 136.7 135.3 134.9 137.9 139.5 140.2 139.5 139 143.8 142.7 140.5 137.4 122.5 124.9 128.6 138.7 146.9 148.4 149.5 149.9 150.3 151.3 152.6 157.2 158.7 159.8 160.7 161.6 161.8 161.4
105.8 108.2 110.1 111.7 112.8 113.2 113.4 112.6 112 113.1 114.4 116 117.4 118.2 118.4 117.9 118.6 119.7 126.2 129.4 132.7 136.5 138 139.5 138.9 137.9 136.8 137.7 138.1 138.2 139 140.2 140.4 141 140.7 141.8 142.9 143.3 143.7 144.6 145.8 145.5 148.8 149.2 145.9 143.2 143.5 143.7 143.8 142.5 141.9 144.2 144 142.8 141.7 143.4 146.2 146.8 145.7 143.8 141.6 138.5 121.2 125.9 126.6 131.6 143 147.5 151.1 153.1 154.1 154.5 156.1 156.8 159.4 160 160.7 161.2 162.7 162.8 162.3
108.8 110.1 111.2 112.3 113.2 113.9 114.3 113.8 113.4 114.2 115.4 117 118.4 119.3 120 119.7 121.4 123.1 128.6 132.7 135.3 139.1 141.4 141.5 140.6 139.8 139.4 139.7 140.1 140.6 140.7 141.8 141.9 141.8 142.1 143.5 145 145.7 146.2 147.2 147.4 146.9 145.8 144.8 148.4 149.7 149.1 148.5 147.9 147.3 145.3 143.6 142.2 141.4 143.1 145 145.8 145.8 145.2 142.6 139.4 131.4 129.5 130.9 133.7 140.2 146.4 148.8 153.2 156.6 158.6 159.7 160.8 161.9 161.4 160.5 160.7 161.6 161.9 164.7 166.4
110.4 111.8 112.3 113.5 114.4 115 115.1 115 114.7 114.9 116.3 117.8 119.4 119.9 121.1 121.9 123.4 127.6 131.7 135.1 138.2 142 143.1 143.2 142.8 141.9 141.8 141.9 142.4 143.5 143.9 143.8 143.4 143 144.2 145.5 146.8 147.9 148.4 149.6 151.3 151.1 150.9 150.6 148.2 150.8 154.5 153.3 150.3 149.4 147.9 146.3 144.4 142.2 142 143.8 144.9 144.7 142.8 141 137.2 125.1 134.1 136.3 141.5 146 147.4 150 155.2 160 161.6 162.9 164 164.5 163.9 162.2 161.6 162.3 169.9 170.1 168.8
