data/SD74.asc
ncols 200
nrows 200
xllcorner 370000
yllcorner 440000
cellsize 50
[rows 144 to 179 of 200, columns 0 to 80 of 200]
95.3 94 92.7 91.4 90.1 89.1 89.2 89.6 89.8 88.9 89 90.1 94.8 93.4 91.7 89.7 87.6 85.5 83.3 81.1 79 76.8 75.1 73.7 73.3 72.4 71.7 70.4 69.7 69.7 68.5 69.8 72.6 72.7 70.7 70.1 72.9 72.2 70.3 70 69.1 67.2 65.6 65.2 64.9 63.7 58.9 58.1 59.3 59.8 62.3 63.2 63.7 63.5 62.7 62 61.5 62.4 63.1 62.8 64.1 65.3 68.2 73.2 83.6 95 98 96.5 96.5 88.5 79.2 76.8 76.8 75 70.1 54.8 54.7 55.9 58.2 65.5 75.5
93.5 92.6 92.1 92 90.6 88.8 88.4 88.6 88.3 87.6 88.7 94.1 94 92.4 91 88.7 86.6 84.5 82 80.2 78.4 76.3 74.1 72.9 72.2 71.3 70.5 68.5 70.1 69.2 70.8 73.5 74.6 73.9 73.6 73.2 73.1 71.4 71.3 68.1 67.4 65.4 65.1 64.9 64.3 63.3 58.7 57.8 58 60.2 61.6 63.1 63.6 62.8 61.6 61.3 61.5 62.5 63 62.7 63.2 64.5 66.6 70.4 83.7 84.6 86.8 87.7 93.6 82.5 74.1 72.8 72.1 70.2 58.6 54.5 56.2 58 62.6 66.4 72.7
92.5 92.5 92.5 92 90.9 89 87.6 87.5 87.1 86.2 89.4 92.5 92.7 91.3 90.4 89.8 86.3 82.8 80.2 77.8 76.2 74.6 73.2 72.4 71.4 70.4 69.4 70.5 71.3 71 73.2 74.7 75.3 76.5 76.5 76.4 72 69.8 68.4 67.2 65.8 65.1 64.8 64.6 64.1 62.9 60.2 57.5 58.3 58.6 59.2 61.9 62.8 60.2 60.7 62.5 64.4 64.4 63.7 63.9 63.3 64.5 65.7 69.3 73.9 74.4 76.3 82.5 79.7 73 69.8 67.1 65.9 55.9 54.5 55 56.7 63.4 70.4 70.5 68.8
91.1 90.8 90.5 90.2 89.6 87.3 87.6 87.8 85.6 85.6 89.5 91.1 91.2 90.8 90.1 89.7 87.1 83.5 79.8 76.9 75.5 74.1 73.2 72.7 72.3 71.2 70.2 70.8 72.2 72.1 74.3 75.4 77 78.6 78.2 73.6 69.2 68.6 67.3 66.7 65 64.9 64.6 64.4 63.9 62.8 62.2 60.1 57 57.5 59.1 60.6 60.2 60.7 63.2 65.1 66.9 68 66.5 64.4 63.5 64.7 65.4 66.4 67.1 68.9 71.5 74.7 69.9 63.3 60.8 57.9 56 54.3 54.7 56.1 59.8 69.3 72 71.7 70.9
88.7 88.6 88.4 88.1 87.3 86.8 87.2 87.5 85.1 85 85.6 88.3 89.7 89.6 89.2 89.7 87.7 83.6 79.7 77 75 73.8 73.4 73 72.5 71.9 71.8 72.4 73.1 73.7 76 77.5 80.1 79.4 76.4 69.9 67.5 66.3 66.1 65.6 64.5 64.5 64.4 64.2 63.7 62.9 62.3 61.4 60 57.3 57 58.9 61 63.1 65.4 68.2 69.9 70 67.4 64.9 63.7 64.3 65.1 62.6 62.7 65.2 65.8 63.1 58.8 56.1 56.2 55.4 54.4 55.6 56.6 59.3 69.3 71.7 72.6 70.8 72.7
87.8 87.4 87 86.5 86.2 86.2 86.5 86.2 85.4 84.2 84.6 86 87.4 87.9 87.8 88 86.8 83.5 79.7 77.1 74.7 74 73.5 72.7 72.6 72.4 72.4 72.7 74.9 76.7 78.5 80.3 82.6 77.7 72.4 68.4 66.8 65.5 64.9 64.1 64 64 64.1 64 63.6 62.8 61.8 60.8 59.7 58 57 59.9 64.5 66.5 68.7 70.8 71.9 70.5 68.2 65.7 64.4 64.7 57.4 52.7 49.2 49.8 54.2 50.2 50.3 51.9 53.9 54.3 60.7 65 68.7 70.9 72.1 73.5 72.3 71.5 73.5
87.6 87.1 86.5 86 85.5 85.6 85 85.1 83.3 83.8 83.9 84.2 85.5 85.6 85.9 86.2 85.2 83.2 79.5 77.4 76.2 73.4 73.2 73 73.9 73.2 73.1 73.1 75.1 80.6 83.7 84.5 79.1 73.2 69.6 67.2 66.1 65 64 63.7 63.6 63.6 63.6 63.5 63.2 61.8 60.9 60.2 61.1 57.4 57.3 63 66.5 68.4 70.6 72 72.3 70.5 68.5 66.1 65.7 51.6 49.3 52.7 53.1 52.8 54.4 56.1 59.1 63 66.3 67.4 73.9 74.4 74.1 73.7 73.5 72.5 71.5 72.2 74.4
87.2 86.6 86 85.4 84.9 84.8 84.1 83.8 83.9 83.1 83.1 83.3 84.4 84.3 84 84.3 83.9 82 79.3 76.6 74.9 73 73.7 73.9 74.7 74.2 74 73.8 78.5 85.2 84.7 80.5 73.8 70.5 68.1 66.4 65.4 64.4 63.5 63.4 63.5 63.6 63.1 62.6 62.8 62 59.8 61.7 62.5 57.3 58.7 64.1 66.1 68.2 70.1 72.1 71.5 70.4 68.6 67.4 48.4 51.1 52.8 53.3 54.3 55.3 59.1 62.8 66.5 69 71.1 73.9 75.2 75.4 74.7 74.5 73.6 71.6 71.8 72.8 75.4
86.7 86.3 85.8 84.9 84.3 83.9 83.8 83.7 83.2 82.9 82.4 82.4 83.3 82.6 82 81.7 82.2 81.6 78.2 75.4 73.9 74.2 75.3 75 74.5 76.2 75.1 80.4 84.9 83.3 78.7 74.3 71 68.2 66.7 66 64.9 63.8 63.2 63.3 63.4 63.5 62.7 62 62.3 62 61.9 63.7 63.9 61.9 59 63.6 65.7 67.7 69.7 71.9 70.5 69.1 68.5 52.5 50.7 52 53.1 55 56.6 58.5 61.6 64.5 66.3 68.6 71.3 73.5 75 75.3 75.2 74.2 72.9 72.1 72 73.6 76.8
86.2 85.8 85.4 84.9 83.8 83.4 82.4 82.2 82.3 82 81.8 81.6 81.7 80.4 79.2 79 79.6 78.2 76.3 74.5 74.8 77.8 76.9 76.5 77.9 79.9 83.2 85.9 83.5 78.1 72.6 70.1 68 67 66.1 65.5 64.6 63.5 63 62.6 62.8 63.1 63 62.3 59.8 62.2 63.7 63.8 63.4 60.9 57 62.9 65.3 67.4 69.7 71.3 69.9 68.4 65 48.4 51.7 53.6 55.5 57.4 59 60.7 62.4 64.2 65.6 67.7 70.2 73.2 74.7 75.5 74.5 73.4 72.3 72.2 72.2 74.5 77.6
85.7 85.3 84.9 84.5 84 83 82.1 81.9 81.4 81.4 81.2 81.2 80.2 79.2 78.7 78.1 77.1 75.8 74.4 76.4 80.3 80.2 78.3 78.8 81.2 85.4 85.8 83.6 78.2 73.9 70.3 68.5 67.6 66.6 65.9 64.9 64.2 63.2 62.8 62.4 62 62 62.2 61.4 62.1 63.7 64.3 64.3 63.2 60.6 56.2 61.6 65.5 67.9 69.7 70.7 69.2 67.8 57.3 48.8 51.6 54.4 57.1 59.2 60.4 62.2 63.2 63.3 64.8 67.2 70.4 73.6 75.5 75.6 74 72.7 72.7 72.8 72.9 75.9 79.3
85.9 85.6 85.3 85 84.2 83.2 82.1 81 80.5 80.5 80.5 80.2 79.6 78.9 78.5 78.1 77.5 74.9 76.6 84.4 84.9 83.5 83.4 82.5 86.2 87.5 84.2 78.2 74.4 71.1 68.6 68 67.3 66.3 65.6 64.9 63.9 63.1 62.7 62.4 62 61.7 61.4 60.8 63.5 65 65.3 63.8 63.1 62 55.9 60.8 66.1 68.7 70.8 69 67.8 65.5 48.1 51.4 51.9 56.4 58.7 60.1 61.4 63.8 63.3 63.4 64.5 67.7 71.7 76 76.7 75.4 74 72.9 73.1 73.4 73.7 77.2 79.2
85.6 85.4 85.3 85 84 82.8 81.6 80.8 80.7 80.9 81 79.9 79.3 78.8 78.4 78 77.6 74.6 83 85.4 88.3 88 88.4 87.9 87.6 84.9 78.8 75.2 71.9 69.7 68.3 67.5 66.8 66 65.3 64.6 63.8 63.7 63.9 63.6 63.3 62.6 62.8 62.9 64.2 64.9 64.5 62.8 63 60.9 55.7 60.7 66.9 69.3 69 67.7 65.6 58.7 47.9 51.4 55.4 57.9 59.4 60.9 62.8 63.5 63.3 63.9 66.3 70.4 75.4 77.6 76.1 74.7 73.6 73 74.1 74.3 74.6 77.5 77.7
85 84.9 84.6 84 83.3 82.2 81.9 81.9 80.9 80.9 81.3 80 79.1 78.7 78.4 78.3 77.3 76 80.7 85.3 89 91.9 91.8 89.4 87 80.1 76.3 74.2 70.9 68.2 67.2 66.9 66.5 66.7 65.3 64.1 64.5 64.8 64.9 64.8 64.1 63.4 63.7 64 64.3 65 63.5 62.3 61.9 57.9 54.8 65.5 68 68.3 67.2 66.3 62.7 53 50.4 51.5 54.9 58 60.7 62.1 62.7 63.8 64.8 66.7 70.7 75.1 77.7 77.9 75.2 73.4 73.2 73.7 74.6 74.7 74.8 76.3 77.5
84.5 84.1 83.5 83 82.4 81.2 81.1 81 80.9 80.1 80.7 80 79.4 79.1 79 78.2 76.9 76.6 77.9 81.8 85.8 92.1 92.4 91.3 82.4 77.4 75.2 72.8 69 67.6 66.8 66.4 66.2 66.4 66.7 65.7 66.4 67.7 67.6 65.4 64.7 64.2 64 64.4 63.7 63.6 63.4 63 61.8 54 60.1 66.5 67 67.3 66.3 64.2 58.2 51.6 51 51.2 55.3 60.2 62.6 63.1 63.5 64.2 67.4 70 74.3 77.8 79.5 78.6 76.4 74.1 74.3 74.5 74.8 75.6 76.4 77.3 77.8
84 83.6 82.7 82.1 81.2 81 80.8 80.5 80.3 80.4 80.5 80.2 79.9 79.5 78.7 77.9 77.4 77.5 78.7 81.8 84.7 90 90.2 90.6 81.4 76.9 73.7 70.4 67.9 67.2 66.4 66.1 65.3 66.1 66.7 68.1 69.8 71 68.4 65.9 65.3 65 64.7 64.8 64.2 63.7 64.5 64.7 61.8 52.9 62.2 66.4 66.5 66.4 64.6 62.4 53.6 48.5 49.4 51.9 59.5 61.8 62.5 62.5 62.8 63.9 66.8 70.5 74.4 78.2 79.1 77.7 76.5 75.2 75.7 75.5 76.4 77.3 77.7 77.6 77.6
83.8 83.5 82.5 81.5 81 80.8 80.6 80.3 80 79.9 80.1 79.7 79.3 79 77.9 77.2 77 77.4 78.3 80.3 83.6 86.8 88.1 85.6 81.1 77.3 72.5 69.2 67.3 66.5 65.8 66.6 66 66.8 68.1 72.1 75.1 74.4 69.1 66.4 66.2 65.9 65.6 65.2 64.7 64.6 65.2 65 62.1 53.8 56.6 64.6 65.3 64.7 62.7 61.3 51.6 49.2 52.1 55.1 61.4 62 61.9 62.2 62.4 63.6 65.2 68.7 73.6 77.2 76.5 74.7 73.5 74.9 75.8 77.6 78.6 79.6 78.3 77.8 77.3
83.7 83.4 82.4 81.5 80.9 80.7 80.4 80.1 79.8 79.5 79.7 79.3 79 78.5 77.1 77.6 77.7 77.8 78.7 79.5 81.5 83.6 85.2 83.3 80.9 76.1 72.8 69.9 67.4 66.2 65.6 67.7 67 68.1 71.7 75.8 75.1 74.4 71.2 68.2 67.4 66.9 66 65.4 65.4 64.9 65.4 65 64.1 56.9 52.4 53.7 55.5 58.1 57.4 61.6 50.6 47.3 52.5 60.9 61.7 61.2 61.2 61.7 61.8 63 64.3 67.6 72.3 75.5 74 72.2 73.2 75.4 77.5 79.8 81.3 81.6 80.4 79.4 78.8
83.5 83.3 82.3 81.6 81 80.4 80.1 79.8 79.5 79.2 79.3 78.9 78.7 77.5 78.1 79.1 79.1 79.1 79.5 80.4 81.3 83.3 83.9 82.2 79.9 75.7 71.9 69.1 67.7 66.7 65.8 66.5 66.9 70.9 74.9 76.9 76.4 73.4 71.2 68.9 68 67 66 65.6 65.6 65.5 65.5 65.6 65.6 63.1 61.8 57.9 54.6 52.3 50.2 57.6 51.3 52 54.3 60.9 60.8 60.4 60.5 61 61.4 62.5 63.9 67.7 71.4 72.7 71.4 70.4 72.7 75.2 78 80.4 82.9 83.8 83.6 81.2 80.4
83.4 83.3 82.4 81.8 81.2 80.7 80.1 79.6 79.3 79 78.9 78.5 78.2 78.9 79.2 80.3 80.8 81.2 81.6 81.3 80.9 83.2 82.4 80.7 77.9 75 72.7 69.7 68.3 67.1 66.2 67.7 69.9 71.7 73.6 75.7 75.7 73.8 71.3 69.3 68 66.7 66 66.4 66.3 66.2 65.9 65.7 65.3 64 64.2 64.2 62 55.5 51.6 50 49.9 52.8 56.2 59.9 59.9 59.5 60 61.2 61.8 62.4 64.2 67.6 70.2 70.2 68.7 69.2 71.1 73.1 76.6 80.4 83.9 86.4 85.6 83.1 81.4
83.3 83.3 82.7 82.1 81.5 81 80.4 79.7 79.1 78.7 78.5 78.2 79 79.8 81.4 82.2 82.3 82.7 83 81.8 82.2 82.6 80.8 79 78.8 77.2 73.9 70.9 69.1 67.8 66.7 68.3 69.3 70.5 72.3 73.9 74 73.4 71.5 69.1 67.2 66.1 66.7 67.3 67.2 67 66.4 65.9 65.3 64.4 64 63.9 63.2 58.4 53.7 50.7 48 54 57.5 58.8 59.9 60.3 61.5 62.6 62.2 62.3 65.2 67.9 68.9 67.4 67.5 67.7 68.8 71.6 75.1 79.3 83.7 87.4 86.5 83.5 82
83.3 82.9 82.9 82.3 81.7 81.2 80.7 80.1 79.4 78.7 78.5 78.4 79.7 81.5 83.4 84.1 83.8 83.5 83.6 83.1 83.5 81.5 79.8 79.5 79.2 77.2 74.1 71.5 69.8 68.2 67.7 68.4 69.4 69.8 71.1 71.8 72.3 71.6 71 69 66.4 66.8 67.3 67.9 67.8 67.3 66.8 66.2 65.7 65 64.2 63.7 63.6 61.6 54 49.1 49.2 56.7 58.4 60.1 61.3 62.2 62.7 63.2 62.7 63.1 65.5 67.7 67.9 67.9 67.7 67.6 68.6 71.2 74.1 78.2 82.6 85 84.8 82.7 81.5
83.1 82.5 82 82.6 82 81.4 81 80.4 79.7 78.8 78.3 79.1 81 82.9 84.8 85.2 85 84.8 84.6 83.8 82.3 80.5 79.6 80.7 79.4 76.5 73.5 71.1 69.2 68 67.2 68.4 69.2 69.2 69.2 70.5 70.4 69.9 69.4 67.5 66 66.8 67.6 67.7 67.9 67.8 67.1 65.7 64.7 64.2 64 64.1 63.6 58.6 51 49.4 47.6 57.8 59.7 61.4 61.9 62.4 63 63.6 63.7 64.2 66.3 67.5 67.9 68.1 68 67.9 69.1 71 73.8 77 80.4 81.3 81.8 80 76.3
82.8 82.6 80.8 81.1 82 81.7 81.2 80.7 80 79.3 79.7 80.3 81.7 83.7 85.7 85.6 85.3 85 84.7 83 80.9 80.4 80.9 80.6 78.6 75.8 73.2 70.8 68.5 67.4 67.3 68.1 68.8 68.5 68.7 69 69.1 68.4 67.9 66.7 65.8 66.5 67.1 67.6 67.8 67 65.5 64.4 63.9 63.5 63.1 62.7 60.1 53.3 50.1 47.7 58 60.2 61.1 61.6 62.1 62.6 63.1 63.4 64.1 65.2 66.4 67.4 67.9 68.2 68.3 68.4 69.5 70.9 73.7 76.2 77.9 78.4 78.2 78.4 74.7
82 82.2 80.3 79.6 80.7 81.9 82.1 81.7 80.6 80.9 81.3 81.5 82.8 84.4 86.3 85.9 85.4 85.1 84.3 82.2 80.5 81.5 81.9 79.7 77.5 75.2 72.1 69.7 68 67.6 67.5 67.8 68.3 68.2 68.8 69.2 68.3 67.6 67 66.4 65.5 66.1 66.6 66.8 66.7 65.5 64.1 63.7 63.2 62.7 62.3 61 53.8 49.8 50 54.3 60.4 60.5 60.7 61.3 61.8 62.4 62.8 62.9 64.4 65.2 66.1 67.2 67.9 68.1 68.6 68.8 69.6 70.9 72.5 74.8 75.6 76.4 75.8 75.1 74.3
81.4 81.3 80.5 79.1 80.3 81.4 82.5 82.8 82.1 82.6 82.7 83.1 84.7 85.7 86.9 86.6 85.5 85.3 83.5 82.1 80.8 81.8 81.4 79.5 77.4 74.6 71.5 69.8 68.5 67.9 67.8 67.7 67.8 68 68.8 69.3 68.4 67.3 66.6 65.9 65.2 65.6 66 65.9 65.8 64.5 63.2 62.9 62.5 62 62.2 56.2 50.6 47.7 47.9 60.6 60.8 60.3 60.4 60.8 61.4 61.5 62 62.6 63.6 64.4 65.3 66.5 67.3 67.5 67.9 68.7 69.3 70.8 72.5 73.7 74.3 74.8 74.8 74.1 74.2
81 80.2 79.5 78.8 79.9 80.9 81.7 82.8 83.7 83.4 84 84.7 85.6 86.6 87.4 87.2 86.1 84.9 83.7 82.4 81.5 81.1 80.7 79.4 77.2 74.5 72.3 70.3 69.1 68.5 68.1 68.1 68.6 68.9 68.3 69 68.5 67 66.3 65.7 65.3 65.2 65.3 65.4 65.5 63.9 62.2 62 61.7 60.7 58.4 52 50.7 47 57.6 61.2 60.9 60.2 60.2 60.4 61.1 61.8 62.4 62.4 62.6 63.1 64.1 64.8 65.5 66.2 66.9 67.3 68.9 70.7 71.8 72.4 73.1 73.8 73.9 74.2 74.2
80.4 79 78.2 78.2 79.2 80.1 80.8 81.9 83.2 83.2 83.2 83.8 85.7 86.7 87.2 87.5 86.8 85.6 84.4 83.1 80.5 79.8 79.3 79 77.5 75.3 73.2 71.1 69.8 69.6 69.1 69.7 70.1 70.5 69.8 68.8 68.4 66.9 66.1 65.6 65.3 65.3 65.4 65 65.1 63.8 61.5 60.1 60.4 57.9 55 48.4 47 54.3 57.8 59.8 59.5 59.2 59.5 60.5 61.6 62.2 62.1 62 62.1 62.4 62.8 63.2 64 64.9 65.9 66.8 68.8 70.5 70.8 71.9 72.4 73 73.7 74.3 75.2
80.3 80.1 76.2 76.6 78 79.2 79.9 81.3 82.5 82.8 82.4 83.9 85.9 86.4 86.7 87 87.5 86.4 85.2 82.5 79.8 78.4 78 77.7 77 75.6 73.6 70.7 69.5 70.4 70.8 71.1 71.7 72 71.8 70.7 69.3 68.1 67.2 66.5 65.8 65.8 65.9 65.8 65.2 63 60.9 60.4 60.3 60.5 52.4 47 48.7 54.3 56.8 57.9 57.8 58.5 59.5 60.6 61.9 61.9 61.7 61.7 61.7 62 62.3 62.7 63.1 63.6 65.8 66.7 68.5 70.3 71 72.1 72.6 73.1 74.1 74.8 75.3
80.1 79.3 76.3 74.4 75.9 77.5 78.5 79.6 81.2 81.8 82.1 83.2 84.7 86 86.3 86.5 88.3 88.1 85.5 82.9 81.2 79.3 78.1 77 75.6 73.5 73 70.4 69.5 70.1 70.9 71.7 72.7 73.2 73.1 72 70.6 69.3 68.3 67.6 66.7 66.5 66.5 66.3 64 62.4 61.3 61.1 61.1 60.6 50.4 47 50.5 54 55.6 55.9 57.2 58.5 59.5 61.1 62.1 61.9 61.6 61.3 61.3 61.6 61.9 62.3 62.8 63.4 64.4 66.5 68.3 71.1 72.2 73.2 73 73.8 74.5 75.3 76
78 78 76 72.4 72.9 75 76.9 78.1 79.9 82.1 83.1 83.9 84.2 84.4 84.9 86.4 88.5 89 87 84.5 82.7 79.6 77.6 75.7 74.7 73 71.7 70.5 69.7 69.7 70.1 69.9 70.7 71.8 72.5 72.6 71.9 70.7 69.4 68.6 67.7 67.2 67.2 66.5 65.2 62.9 62 61.5 61.1 61.2 47.2 48.8 50.2 53.4 53.9 56.3 57.6 58.8 60.3 61.9 62.1 61.8 61.5 61.2 60.8 61.1 61.5 62 62.6 63.3 64 66.1 68.6 71.2 73.2 74.4 74.3 74.9 75.5 76.2 75.2
77.1 76.2 73.5 72.7 72.1 73.8 75.7 78.5 81.3 83.5 87.5 85.1 85.7 87.1 85.5 87.4 89.2 89.4 87.9 86.1 83 79.5 76.7 74.6 73.6 73.3 72.5 71.3 70.1 69.1 68.7 68 69.1 70.2 71.3 71.1 71.1 70.8 69.9 68.8 68.1 68 67.7 66.8 65.5 63.7 62.9 62.1 61.6 60.9 47.6 47.1 50.7 52.8 53.5 56.6 58.1 59.4 61 62 62.1 61.7 61.2 60.1 60.4 60.7 61.1 61.8 62.5 63.2 64.2 66.1 69.1 71.4 73.5 71.7 75.2 75.9 76.5 76.4 74
76.3 74.8 70.7 69 68.4 73.3 76 79.3 82.6 85.1 86.1 85.6 84.8 85.2 87.7 88.8 90.3 90.3 89 89 87 80.2 76.5 74.6 73.5 73.3 72.8 72.2 71.4 70.3 69.7 67.8 67.1 68.3 69.7 70.2 70 69.9 69 68.4 67.7 66.9 66.3 66.3 65.8 64.6 63.8 62.9 61.9 60.6 53 46.7 50.3 51.4 53.9 56.7 58.8 60.1 61.5 61.7 61 61 59.4 59.7 60.1 60.9 61.1 61.7 62.4 63.2 64.4 66 69.2 72 73.1 75.5 76.6 77 77.2 74.9 72.5
75.9 73.9 69.2 66.9 69 71.7 75 79.3 82.4 84.4 86.5 85.9 85.1 85 90.7 89.8 91.9 93.4 93.4 91.2 85.8 80.9 77.1 74.8 73.5 73 72.6 72.1 71.6 71.1 69.7 67.7 66.4 66.7 67.9 69 69 68.2 66.4 66.3 66 65.4 65 65 65.4 66 65.2 64.4 63 61.1 56.9 46.3 49.3 50.1 52.4 56.6 59.6 60.9 61.2 61.3 60.5 59.7 59.2 59.8 60.6 61.4 61.1 61.7 62.3 63.4 64.6 66.1 69.2 72.1 74.7 76.2 77 77 77.2 73.2 71
74 72.8 69.1 63.8 68.1 73.2 76.3 79 81.9 85 87.1 86.5 85.6 85.2 89.9 91.9 94.6 97.2 97.5 94.5 88.6 83.1 78.8 76.5 75.4 74.5 73.5 72.5 72.2 71.1 69.1 67.4 66.3 65.6 66.7 67.6 67.7 66.2 64.6 64.4 63.7 63.5 63.9 64.4 65.3 66.7 66.8 66 64.8 64.6 63.7 50.7 46.5 50.1 51.8 58 60.7 62.2 62.3 61.2 60 59.1 59.8 60.5 61.2 62 61.4 61.9 62.2 63.3 65 67.3 69.8 70.3 74.8 76.1 77.2 77.5 73.9 69.5 73
72.6 71.4 68.6 63.5 69.9 73.9 76.5 79.5 83.5 86.3 87.5 87.4 87.5 87.7 89.6 92.5 96 98.2 99 95.8 90.7 85.5 81.3 79.1 77.5 76.2 74.8 73.7 72.2 70.3 68.5 66.9 65.6 64.3 65.5 65.7 65.9 65.2 64.1 63 62.9 63.4 63.4 64.1 65.6 67.1 68.1 67.8 67.7 67.5 67.1 57.2 46.2 48.1 52.4 59.3 62.2 64.1 63.4 62.2 60.7 59.7 61 61.9 62.4 62.3 61.7 62.2 62.2 63.1 64.8 67.1 69.5 73.2 74.7 76 77.1 75 67.8 71.3 77.4
