data/SD76.asc
ncols 200
nrows 200
xllcorner 370000
yllcorner 460000
cellsize 50
[rows 0 to 34 of 200, columns 0 to 77 of 200]
165.4 168.2 169.7 172.4 173.8 171.5 169.5 170 169.8 168.9 167.2 165.6 167 164.3 163 162.6 160.4 158.6 157.3 157.3 158.8 163.4 167 169 169.8 171.5 172.7 172.1 169.4 166.5 163.2 160.8 158.3 159.9 160.5 161.8 164.1 165 164.1 163.1 165.5 168.8 170.8 169.7 166.2 162.6 159.5 158.5 158.5 160.2 162.1 163.3 165.6 167.5 167.6 167.3 167.5 168.4 169.3 173.3 177.6 182.4 184.3 184.5 187 188.9 189.5 186.5 182.9 181.2 184.3 190.5 195 196.6 196.1 197.1 194.9 195.2
166 166.3 167.6 169.2 168.8 166.9 165.5 165.7 166 166.3 166.2 165.6 167.3 167.1 166.7 164.8 159.8 157.6 157.5 157.3 156.9 160.9 165.5 168.5 169.9 171.3 173 172.8 170.6 166.7 164.1 162.1 159 158 159.7 159.5 160 161.4 160.5 159.1 162.1 166.4 169.2 169.4 166.7 163.1 160 158.4 158.3 159 160.3 161.1 163.6 165.1 165 165.8 166.8 167.4 168 170.9 174.6 181.7 181.9 181.7 183.3 184.4 185.3 183.3 178.6 176.6 178.9 186 190.1 189.2 185.7 185 185.5 186.7
165.5 164.7 165.5 166 165.3 164.9 164.4 164.9 166.8 166.4 165.4 165 165.8 167.9 168.5 169.1 167.3 164.5 163 162.6 157.3 156.6 161.6 165.7 169.1 170.7 171.2 171 169.8 166.6 164.1 161.5 158 158.8 160 158.7 157.5 157.8 156.8 156.1 157.7 162.9 167.7 168.9 166.3 163.1 159.7 157.6 158 158.4 159.2 160.4 161.6 162.7 163.9 165.1 166 166.6 167.3 169.9 173.3 178.8 180 180 180.5 180.7 180.9 180.3 179.7 172.1 173.4 178.9 182.6 182.5 178.8 177.6 178.3 179.9
165 164.6 164.1 163.6 163.2 163.9 163.3 168.7 174 173.9 169.7 164.8 164.1 166.3 168.5 169.7 169.6 169.1 168.7 168.7 166.9 159.8 156.2 162.1 165.8 168.2 168.7 167.8 166.5 165.2 163.5 162.7 157 155.6 157.5 159.6 158.6 156.8 155.4 153.9 154.1 158.7 164.1 167.3 166.9 164.4 160.9 157.3 156.5 158.1 158.7 159.2 160.6 162.2 163.3 164.4 165.2 166.7 168.2 169.8 172.7 175.5 177.9 178.4 177.9 177 175.6 175.1 174.2 171.3 169.7 173.4 175.9 175.8 173.8 171 172.7 175.5
166.8 167.1 165.6 164.7 163.7 163.1 163.1 170 176.8 178.9 175.3 169 163 164.1 166.3 168.8 170 170.1 170.3 170.6 170 168.3 161 156 159.2 162.7 164.7 164.1 163.2 162.3 161.3 159.2 155.2 154.2 154.5 156.5 157.5 156.6 154.4 151.9 151 154 159.5 164.2 166.6 165.8 162.6 159.2 155.5 157.1 159.4 159.2 160.1 161.4 162 162.7 163.3 163.9 165.5 169.9 173.5 175 175.5 176.6 175.7 172.3 169 170.4 169.8 168.5 167.3 169.1 170.1 170.8 169 168.5 168.8 172
169.8 171.7 170.2 167.1 165 163.5 164.1 168 174.1 177.4 176.9 171.5 164.8 162.2 163.9 166.7 168.6 169.2 169.8 170 169.5 169.2 163.6 158.9 156 155.6 159 160.2 159.7 158.9 158.3 157 156.3 153.9 153 152.8 153.3 153.1 152.1 150.8 150.7 150.4 154.9 158.9 163 165.1 164.4 161.1 154.4 155.2 160.1 160.8 161.1 161.1 161.5 161.7 162 162.5 165.2 169.1 173.9 174 173.8 173.7 172.8 169.4 165 164.6 165.3 165.9 163.5 166.3 167.1 167.4 166.5 166.5 166.6 169.1
171.4 173.2 172.7 169.7 167 165.1 164.2 165.1 169.3 171.7 172.4 170.7 166.5 161.5 162 164.6 166 166.8 167.6 167.6 167.7 167.3 167.8 160.1 156.3 155.8 154.9 155.2 155.3 155.4 155 155.1 155.5 156.9 154 152.1 151.9 151.5 150.8 150.1 149.8 149.6 149.7 153 157.3 159.7 161.6 161.8 157.1 153.5 160 161.9 161.6 161.7 161.5 161.8 161.9 163.1 165.4 168.8 171.7 172.3 170.8 169.8 169.4 166.5 162.8 160.6 161.4 163.1 162.5 162.9 164.5 165.5 165.7 165.8 165.4 165.7
169.2 171.5 172 169 166.3 164 162.7 163.3 164.3 165.7 166.9 167.7 165 161.6 161.1 161.7 162.9 163.4 164.1 165.1 165.5 164.5 161.8 162.5 161 156.9 154.7 153.9 154.1 153.7 153 152.8 152.5 154.1 153.7 154.8 151.9 151.4 150.4 150 149.7 149.5 149.3 149.4 151.4 154.8 157.2 158.6 156.6 153.5 160.6 163.1 162.1 161.1 159.7 160 161.2 163.7 166 167.3 169.7 169.9 167.6 165.5 164.2 162 159.4 157.5 158.5 160.1 160 160.6 162.2 163.7 165.9 166.6 165.1 164.4
166.9 168.6 169.7 167.9 164.9 162.3 161.8 161.4 162.6 161.7 161.4 164.6 163.8 161.3 160.8 160.8 160.5 160.5 160.6 161.5 162.2 160.8 164.6 163.9 162.9 157.4 154.9 155 156.4 155.8 154.2 154 152.6 152.5 153.4 155.7 153.6 150.7 150.2 150 150.9 150 149.1 149.1 149.2 150.6 152.5 154.6 151.9 156.2 161 163.8 163.3 160.7 158.1 159 161.3 164 165 165.7 166.6 167.4 165.2 162.1 158.7 157.1 154.9 154.7 155.8 157.5 157.9 159 161.4 162.9 166 168.7 170.5 165.7
168.4 168.7 166.7 164.4 162.9 162.6 161.4 161 162.4 163.4 163.4 161.4 161.9 162.1 163 160.8 160.7 160.7 161.3 160.7 160.6 162.4 167 167.3 165.9 160.8 155.7 155.4 158.7 161.5 159.4 156.8 154.5 152.3 152.1 153.6 154.2 152 150.8 152.9 154.9 153.2 150.7 148.6 148.5 148.7 150.1 150.8 149.9 154.6 157.6 161.5 163.5 161.8 159.2 157.3 159.8 162.7 164.7 164 163.7 163.9 162 159.2 154 152.1 151.5 151.6 153.4 155 155.8 156.7 159.5 162.1 166.2 170 172.3 166.9
172.8 169.3 165.3 164 164.2 164.6 162.5 161.5 164.2 165.1 165.9 165.3 163.1 163.3 164 164 161.6 161 162.7 162.9 161.5 162.2 167 169.5 170.3 164.6 158.6 155.8 156 160.3 163.5 164.2 161.2 158.2 154.7 152 152.5 150.6 153.4 155.7 157.1 156.6 152.1 148.9 149 148.7 148 148.4 149.4 151.1 154.6 158.6 162.3 162.8 160.3 157.5 156.8 159.8 161.5 162.2 161.6 160 157.8 154.6 150.5 148 148.4 149.3 150.5 152 153.6 154.6 156.1 160.2 165.1 169 171.4 166.9
174.2 171.3 167.7 167.9 168.1 168.8 167.7 164.3 165.7 167.2 168.3 168.9 168.9 166.6 166 167.7 164.3 163 164.3 167.5 166 163.7 165.2 170.4 172.6 171.2 162.8 156.8 156.4 157 161.1 165.1 167.1 165.8 162.4 155.9 152.3 152.3 153.8 154.8 156.2 158.4 156 151.7 151 151.4 150.8 147.4 147.9 148.9 151.3 156 160.2 161.2 160.9 158.7 156 156.4 158.2 160.5 158.8 156.8 153.1 149.1 147 145.8 146.4 147.4 148.8 150.4 152.1 153.6 154.6 158 162.6 166.9 169 166.4
174.3 172 170 169.4 169.9 172 172.3 171.7 169.5 169.8 170.8 171.4 170.4 168.7 169 169.2 170.1 166.6 167.3 169.8 171.2 169.3 166 168.8 174 175.7 171.6 164.6 160.7 157.8 158.6 161 165.3 168.6 169.2 165.7 158.8 155.9 155.2 152.3 154 156.6 157.1 154.6 152.9 152.9 152.1 152.4 149.6 146.8 151 155 157.5 158.7 158.8 157.3 154.9 154.3 156.2 158.9 157.2 154.8 148.9 146 144.4 144.5 145.4 147.1 147.9 149.5 150.9 152.1 152.6 155.3 159.7 164 165.8 164.9
169.9 171 170.2 170.2 170.9 173.1 175.1 175.3 173.6 171.8 172.3 173.2 171.4 168.8 168.9 169.5 170.8 171.3 168.9 171 173 173.4 172.2 170.7 173.8 176.9 178 174.5 170.9 166.6 161.5 159.2 162.2 167.1 170.1 169.2 164.7 161.4 160.6 158 151.7 153.3 154.1 154.3 152.5 153.2 153.8 153.9 152.1 147.9 151.8 154 155.4 155.3 154.8 154.1 152.8 153.1 155.4 157.4 156.9 153.3 147.9 145.1 143.9 145 147.3 147.5 148.2 148 149 149.9 151.1 152.5 156.8 161.4 163.3 162.8
168.2 168.2 169.1 169.3 168.5 171 173.4 175 174.5 171.6 171.2 173.2 171.5 168.9 168.2 168.3 169.5 170.4 170.6 171.8 174 176.3 175.9 175.6 173.8 176.7 179 178.8 178 174.4 170.7 164.9 160.9 163.3 168.7 168.8 167.6 164.1 162.6 161.7 159.2 152.8 150.6 151 152.2 152.2 153.8 154.3 152.8 148 146.7 149.8 150.9 151.1 150.5 150.5 151.5 153.6 155.7 157.8 156.6 151.6 147.5 144.4 143.6 145.3 147.7 148.5 150.8 150.1 149.9 150.1 150.7 151.7 155 160.4 161.9 160.4
170.4 171.9 169.1 168.3 166.2 167.1 169.4 172 172.5 170.8 171.1 170.4 169.3 166.5 164.7 166.2 167.3 169.7 171.5 171.9 174.1 176.2 178.9 179.4 178.2 177.1 176.8 176.8 176.4 175.5 174 170.9 165.5 164.5 168.3 171 169.6 166.8 163.7 162.1 161.1 159.1 152.1 147.4 147.7 150.2 151.4 151.7 154 150.7 145.9 145.7 146.2 146.9 149.9 153.1 153.7 154.7 157.7 159.4 156.5 152 147.4 143.6 142.8 144.1 147.4 150.6 153.1 153.1 152.5 152.1 152.9 153.7 156.2 160.8 162 158.7
170.8 174.4 174.4 170.8 167.6 163.6 164.9 167.5 168.1 168.9 167.8 166.9 165.9 163.6 162.5 162.9 166.2 169 171.3 172.6 173.7 175.7 178.7 181.3 180.8 179.2 176.7 174.2 173.2 172.7 172.7 171.9 169.4 166.5 168.1 171 170.9 168 163.5 161.1 159.3 158.7 154.7 148.1 145.1 145.6 147.1 150.6 153.5 153 147.7 144.8 145.3 146 152.1 155.2 155.3 154.6 155.3 156.5 155 151.2 146.8 142.8 143.9 145.2 147.1 150.6 154.5 156.4 155.3 154.5 156.7 157.7 159.7 161.9 162.2 159.4
168.8 173 175.5 172.6 170.2 166.2 162.9 161.9 163.5 164.9 164 163 161.8 160.6 160.5 160.8 162.6 166.2 169.8 171.8 173.5 175.5 178.4 180.1 179.9 178.4 175.9 173.7 172 170.7 170.3 170.6 170.2 168.1 166 167.9 169.3 167 163 158 156.5 156.5 153.6 146.9 145.5 143.6 143.5 147.7 151.8 153.2 151.7 144.6 144.5 144.6 149.3 152.1 151.6 149.7 150.4 150.7 151.2 149.9 146.4 142.3 145 147.7 148 151.4 155.8 158.8 156.8 156.7 159.1 161.5 162.5 163.4 162.9 160.1
165.2 169.3 172.2 172.5 170.8 167.8 164.3 161.6 160.4 161.6 161.4 161.1 160.6 159.4 159.5 159.9 160.1 163.3 166.9 169.7 171.1 173.2 175.1 176.2 176.1 175.4 173.4 172.1 171.1 170.7 170 168.8 168.2 167 166.1 165.2 165.7 165.8 162.4 157.6 151.6 151.2 150.5 145.2 144.1 144.5 142.1 143.9 147.3 148.8 149.6 147.5 143.2 143.1 146 148.8 147.8 145.9 145.3 144.5 145 145.7 144.9 143.1 148.5 150 149.4 151.9 155.2 155.4 155.2 158.2 162.6 164.5 164.2 164.3 163.2 159.3
164.3 164.1 167.6 169.2 169.7 169.7 166.2 162.6 160.3 158.8 159.6 160.1 160.4 159 159.3 159.9 159.9 160.5 162.9 166.3 168.7 170.5 171.7 172.2 171.1 170.4 168.5 167.2 167 167.4 167.7 167.4 166.2 165.6 165.2 164.7 165.3 165 162.2 158.1 152.4 147.2 145.7 143.8 143 142.9 145.8 141.4 142 143.5 145.1 146 143.3 142.3 143.4 145.2 146.2 145.3 144.5 142.2 140.8 140.5 140.5 145.9 150.2 152.4 149.8 151.1 152.6 150.2 151.9 154.6 158.4 162.2 164.6 165.1 161.7 157.6
166.5 162.2 162.3 164.2 165.8 167.2 166.7 163 159 157.8 157.3 158.1 159.1 158.6 159.2 159.9 160.4 161.5 161 162.4 165.5 167.4 168.7 167.8 166.1 165 163.5 162.3 161.3 160.8 161.8 162.4 163 163.6 164.1 164.4 165.7 164.2 161.9 158.4 153.7 148.6 149 148.5 145.9 142.9 141.5 142.8 140.7 140.9 141.8 143.2 143.4 141.5 141.4 141.7 143.6 144.5 144.7 144.4 140.8 139.3 139.6 142 147 151.5 148.8 148.2 148 146.5 147.4 150.2 152.5 156.2 159.4 161.4 159.2 155.1
165.7 163 160.7 160.7 161.3 162.8 164.4 162.4 159.1 157.2 156.7 157.7 157.9 158.6 161 160.8 161.6 162.5 162.5 161.2 162.3 164.8 166.6 166 162.4 160.3 159.5 159 159 158.9 158.8 158.8 159.7 160.5 161.4 163.9 165 164 161.5 158.6 155 149.7 153.6 153.9 153.3 148.6 144.6 141.7 142.1 140.3 139.7 141.4 143.8 141.6 140.9 140.8 142.3 143.3 145.1 143.5 142.2 139.3 138.7 138.4 140.7 145.9 147.2 146.2 145.2 144 143.2 145.7 147 148 149.8 153.4 155.1 152.5
162.7 161 162.5 162.7 159.8 159.2 159.9 160.5 159.2 158.3 157.3 157.6 158.6 160.1 159.7 162.7 163.5 164.1 165.4 164.3 161.6 162.1 164 164.7 161.6 159.3 159 159 158.8 158.7 158.5 158.2 158.4 158.8 159.1 160.5 161.9 161.7 160.5 157.9 153.7 152.7 156.4 160.1 160 155.3 146.8 142.5 143.1 142.9 141 139.2 142.1 142.7 141.5 141.1 140.9 141.3 141.3 140.7 140.8 140.1 138.1 137.4 138.2 139.2 143.2 144.8 145.8 143.8 142.5 143.3 141.9 142.3 143.1 145.9 149.9 151.3
160.6 158.9 160.8 161.9 160.1 158.3 159.5 160.2 159.1 157.7 157 158.6 161.8 160 158.8 162.8 164.6 165.5 166.2 167.6 165.4 162.3 163.1 164.6 162.5 159 158.7 159 158.6 158.5 158.2 158 157.9 158.2 159.1 158 158.2 159.7 159.9 156.8 157.1 157.8 159.1 163 164.8 161 152.7 144.6 144.8 143.5 144.9 139.6 139.3 143 144 141.3 140.5 141.1 142 139.2 139.8 140.5 142.6 139.7 136.9 136.2 136.4 141.2 145.4 145.4 145 144 141.3 140.3 140.2 142 144.9 147.4
162.6 159.9 157.3 160 159.2 158.7 160.5 160.3 158.7 157.1 158.9 159.1 159.9 159.9 159.1 161.6 163.7 165.6 166.5 167.2 166.8 164.3 163.2 165.2 165.2 162.1 158.7 158.9 158.5 158.2 158 157.8 158.2 158.1 160 158.5 157 156.8 157.7 157.2 159.4 162.9 163.3 166.2 167.7 168.1 161.9 152.5 150.3 147 149.2 140.8 138.7 139.2 139.2 140.9 144.1 143.7 142.5 141.4 140.9 141.1 143.1 146.1 144 137.4 135.9 136.5 139.2 141.5 143.2 145 141.8 140.3 140.7 141 142.6 144.6
161.2 160.5 157.6 154.7 155.4 158 159.9 159.8 156 158.7 158.4 158.5 158.9 158.8 158.8 160 162 163.8 164.8 165.4 166.4 166.4 166.1 166.8 169 167.6 163.9 161.5 158.9 158 157.8 158.1 158.4 158.3 159.5 161 159.7 157.3 157.2 158.5 161 163.4 164.9 167.2 169.7 172.8 167.6 157.4 154.5 151 150 144.1 138.7 138.8 138.9 141.6 146.3 144.6 142.6 141.9 141.7 141 142 144.3 147.4 143.4 137.4 135.8 135.9 137.6 138 138.6 140.1 140.5 141.1 141.5 142 143.7
158.6 158.7 158.7 156.8 151.8 155.4 158.7 156.2 158.3 160.4 161 160.7 159.7 158.9 158.8 158.8 160 161.8 162.9 164 165.1 166.1 166.2 166.4 169.1 170.5 169.7 168.9 167.4 165.1 161.2 159.7 158.9 158.4 158.8 160.7 161.6 160 158.9 158.8 161.8 164.9 166.9 168.3 171.3 174.2 171 161.6 159.7 155.5 154.4 148.9 140.9 138.5 139.9 145.5 146.6 146.7 145.2 142.7 143.7 143.7 144.1 144.1 144.8 144.8 142.6 139.5 135.6 144.5 145.6 142.9 140.1 140.3 141.2 141.7 142.2 143
157.2 156.9 156.8 157.4 154.9 151.1 154.1 155.3 159.1 161.9 162.9 163.7 163.2 160.2 159.7 159.2 159.1 160.5 162.2 163.4 164.4 165.4 165.6 165.9 167.1 169.4 170.6 171.2 170.8 170.4 168 166.2 165.9 162 159.3 159.2 160.7 160.7 161.3 160.9 161.2 163.8 167.6 170.4 171.4 174.3 172.5 166.9 161.8 162.8 162.3 156.5 146.7 138.3 137.7 141.9 145 146.5 145.4 144 143.5 144.3 145.5 145.2 144.2 142.9 141.7 140.1 136 145.3 147.1 148.9 148 145 143.1 142.9 143.2 144.6
157.1 156.3 155.2 156.4 156.6 151.9 148.2 154.9 158.7 161.7 163 164 164 162 158.6 159.2 159.2 159.8 161.5 163.7 164.2 164.8 164.8 164.6 164.5 166.4 167.9 169.8 171.2 171.1 168.7 167.8 167.7 166.6 163.4 160 159.6 159.5 159.8 160.8 161.6 163 166.1 168.4 170.8 172.9 173.7 171.9 168.4 168.1 166.5 160.3 153 143.5 137.3 137.8 142.6 146 147.2 146.4 144.1 144.5 146.5 147.7 145.6 144.1 143.8 139.5 134.5 139.4 142.4 145.1 147.3 146.6 146.8 147.2 150.4 154.7
154.3 155.9 154.2 154.1 155.8 154 145.3 152.2 156.2 159.4 160.9 161.8 162.7 162.5 160.4 156.9 158.9 160.4 160.9 164.6 163.8 163.5 162.6 161.6 161.5 162.6 164 165.5 167.9 169.1 167.8 165.9 164.8 164.7 166.3 165.9 162.1 159.8 159.7 160.6 161.6 164 164.5 166.5 168.9 170.8 171.8 170.4 168.5 169.2 169 164.4 156.2 147.3 138.5 137.2 137.9 142.8 148 148.2 145.6 143.2 144.8 146.1 144.7 140.8 141.2 142.3 138.2 133.2 136.1 140.6 143.9 145.4 147 150.1 153.5 156.3
148.8 152.3 152.6 150.6 152 151.7 146.7 146.9 152.9 155.1 156.9 158 158.9 159.9 159.9 157.5 156.8 158.8 159.3 160.7 162.2 162.4 161.3 159.5 158.8 158.7 159.9 161.6 163.9 165.8 165.1 163.9 163.2 161.8 163.2 164.9 163.4 163.1 161 160.7 161.1 162.6 163.7 164.8 167.1 168.5 169.4 168.9 166.3 165.9 167.7 168 160.8 151.6 141.4 137.1 136.9 137.5 144.9 149 146.9 144.5 142.3 143.4 142.7 139.7 139.2 141.4 140.1 137.9 132.9 135.7 139.5 142 145 149.9 154.4 156.8
142.8 145.6 146.1 144.7 146.5 146.8 143.6 141.9 147.9 150.1 151 152 152.9 154.4 155.8 155.2 151.6 153.9 155.3 157.2 160.9 161.5 160 157.7 156 155.1 155.8 157.7 160.2 162.4 162 162.8 161.8 159.8 160 161.3 163.2 165.2 164.8 164.2 162.4 161.5 162.3 163.3 163.3 164.2 166.6 167.7 164.5 162.6 162.2 166 161.7 154.5 145.1 139.7 137 136.6 138.4 146.7 148.5 147 145.5 139.7 138.6 136.1 135.7 138.4 138.3 133.5 133.5 135.3 134.8 136.8 141.2 148.2 152.8 154.1
134.4 136.6 137.6 136.9 139.5 141.7 137.3 136.2 142.1 144.4 145.2 146 147.5 148.9 150.3 150.6 147.6 147.5 149.5 153.5 158.5 158.8 157.5 156.3 154.6 153.4 152.3 153.7 157.3 159.5 160.3 160.9 160.8 159.5 158.4 158.7 163 166.7 167.9 168.5 167.7 163.8 163.1 166.7 164.7 160.5 161.9 162.9 163.4 161.6 157.8 156.1 156.9 157 150.7 142.4 137.2 136.3 135.9 140.9 145.2 147.2 146.9 141.6 135.2 133.9 134 135.3 134.5 131.5 136.3 138.2 134.8 133.3 136.9 143.3 147.7 150.5
126.9 129.4 130.4 129.5 131.8 134.8 130.3 131 136.5 139 140 141.2 142.4 144 145.6 145.7 144.4 142.9 144.1 146.8 150.5 153.5 155.2 155.5 155.5 154.5 153.5 151.5 155.6 157.6 156.9 157.2 158.4 158.9 158.2 159.3 161.6 165.5 167.1 167.9 168.2 166.1 164.6 167.6 167 159.6 157.7 159.3 161 158.9 156.8 154.9 155.9 160.2 157.8 149 141.7 136.9 136.2 135.7 138.4 141.5 142.7 139.5 133.8 132.6 131.8 131.5 131.5 130.8 134.1 135.8 134.6 133.5 133.8 137.8 141.6 144.8
113.2 121 124.3 123.9 125 127.8 126.6 125 132.6 134.8 136.1 137.3 138.5 139.5 141 141.3 140.6 139.3 140.9 143.2 146.9 151.1 153.2 154.1 154.8 155.2 155.3 153.7 152.4 155.2 155.3 153.8 155.4 159.3 159.5 158.5 159.8 162.2 162.6 162.2 162.1 163 163.9 164.4 164.5 159.2 155 156.4 157.1 159.1 156.9 153.3 153.5 159.2 157.8 152.4 146.7 139.3 136.2 135.7 135.5 137.3 137.3 136.3 132.7 134.3 134.5 132 130.3 130.2 130 131.2 133.2 133.2 133.4 133.9 136.2 140.2
