data/SD80.asc
ncols 200
nrows 200
xllcorner 380000
yllcorner 400000
cellsize 50
[rows 74 to 110 of 200, columns 0 to 82 of 200]
113.7 112.4 111.4 110.8 110.6 109.1 109 108.8 106.9 106.1 105.9 105.1 105.5 105.1 101.6 99.5 99.4 97.9 96.5 95.5 94.5 94 92.9 91.7 90.5 91 90.3 89.1 88.7 88.2 87.7 87.9 89.3 90.3 90.3 91 91 89.6 89.3 89.2 89.5 92 90.8 89.9 90.9 92.1 93.4 94.6 95.9 95.3 94.6 92.8 92.3 92.4 94 97 98.6 98.6 96.2 95.5 95.5 95.2 95.4 96.3 96.3 96 95.9 96.3 97 98.1 99.2 99.1 101.1 100.5 101.1 99.6 99.4 99.5 99 99 97.9 98.7 101.9
114.9 113.5 113.3 112.7 113.9 111.6 110.5 110.4 108.6 106.7 106.1 105.3 105 103.4 100.7 99.3 99.4 99.6 97.4 95.2 94.1 94.4 93.1 91.9 90.4 89.2 89.5 89.3 88.9 88.4 87.9 87.9 89.4 90.3 91.2 92.3 91.7 90.3 90 90.2 93.3 95.5 94 91.6 92.5 93.2 94.4 94.8 95.4 95.8 94.6 93.6 93.8 94.1 98.1 102.7 100.8 101.1 99 95 94 95.4 96 96.7 96.8 96.5 96.3 96.5 97.4 98.5 99.6 99.3 99 101.1 100.6 100.3 99.8 100.2 99 99.1 98.8 103.1 108.2
115.6 114.2 114.8 115.3 116.1 114.6 113.1 112.3 109.9 107.9 106.4 105.7 104.8 104.6 104.5 105.9 106.1 101.1 98.5 95.9 94.8 94.5 93.7 93.3 91.8 89.5 89.7 89.5 89 88.6 88.4 88.3 89.2 90.8 92 92.5 91.8 91.5 91.4 91.7 92.6 94.8 94.3 93.9 93.9 94.1 94.4 94.7 94.8 94.9 94.3 96.1 95.1 94 94.5 100.3 100.7 99 96 96.1 95.2 96.3 96.7 97.1 97.2 97 96.8 96.7 97.7 98.7 99.5 99.4 99.9 102 101.8 101.4 101.4 100.5 99 99.2 102.1 107.6 111.1
115.9 115.6 116.3 116.4 115.9 115.6 115.3 113.7 111 108.9 107.1 105.9 105.6 105 104.1 107.1 105.1 101.3 99.4 97.8 96.4 95.7 95.7 95.1 93.7 90 90.5 89.6 89.2 89 88.9 88.8 89.3 90.3 91.5 92.1 92.3 92.5 92.6 92.6 93.4 94.3 93.8 93.8 93.9 94.4 94.6 94.9 96.3 94.1 94.5 96.1 95.3 94 94.8 95.8 96.1 94.6 94.8 95.9 96.2 97.4 97.7 98.1 98.1 97.9 97.8 97.7 98 98.6 99.2 99.1 102.9 104.4 104.1 103.7 103.6 102.4 100.3 99.6 104.1 108.9 111.4
115.7 117.5 117.9 118 117.1 116.4 116 115.1 113.1 110.5 108.2 106.7 104.1 105.1 111.1 109.9 107.4 104.5 100.1 98.9 97.9 96.8 96 95.6 95 91.9 90.2 89.9 89.6 89.4 89.5 89.6 89.9 90.3 91.4 91.7 92 92.2 92.5 93.1 94.2 93.7 93.9 94.1 94.2 94.1 95.3 96.3 95.2 94.5 94.2 95.4 95.2 94.2 95 96.5 94.7 94.9 95.6 96.3 97.4 98.4 98.8 99.9 98.8 98.9 98.8 98.7 98.9 99.3 99.1 102.4 104.3 105.6 105.6 105.2 105 105 101.6 100.7 104.6 109.1 111.5
116.5 119.3 120 119.2 118.3 117.3 116.6 115.1 112.9 110.6 110.1 109.8 104.1 104.5 104.7 101.4 98.6 99 99.5 99.2 98.2 97.3 96.3 95.5 95 93.6 91.2 90.8 89.7 89.6 89.5 89.4 89.1 90.1 91.3 91.6 91.9 92.1 92.4 93.3 93.7 93.9 94.1 94.3 94.5 94.4 95.2 96 95.3 94.6 94 94 95 95 98.6 97.6 95.5 95.7 96.5 97.9 99.3 99.3 100.1 101 99.5 99.6 99 99.5 99.8 99.5 99.3 104.7 106.5 106.8 106.1 105.8 105.1 106.1 100.9 98.3 100.7 107.2 111
117.4 120.8 120.8 119.7 118.3 117.3 116.3 114.9 111.3 109.5 109.7 108.4 104.4 104 102.2 100.2 99.2 99.1 99 99.1 98.5 97.5 96.5 95 94 94.4 92.2 90.1 89.9 89.3 89.3 89.2 89.2 90.1 91.1 91.4 91.7 92 92.4 93.3 93.8 94 94.3 94.5 94.7 94.8 94.6 96.1 94.8 94.2 94.1 94.3 94.8 99.3 100 99.2 96.9 96.9 98.3 99.8 101.2 100.1 101 102.2 101.1 99 100.3 100.5 101.6 102.3 103.6 105.7 106.8 106.9 106.1 106.1 104.2 105.2 97.9 94.7 98.8 104.1 108.9
121.1 121 120.9 119 117.6 116.6 115.6 113.8 109 109.5 109.7 108.1 106 104.6 102.9 101 100.5 101.1 99.1 99.3 98.8 97.7 96.6 96.1 95.2 94.3 92.8 90.4 89.6 89.3 89 89 90.2 90.4 90.9 91.2 91.5 91.8 92.4 93 93.8 94 94.3 94.5 94.6 94.4 94 94 94.2 94.1 94 94 96.4 99 99.3 99.7 98.3 98.6 100.2 101.8 102.2 101.7 102 104.9 105.2 105.8 105.3 104.8 105.1 105.4 106 106.4 106.4 106 105.7 104.3 102.5 97.9 98.8 94.3 97 101.5 104.7
120.8 120.6 121.1 120.1 117.4 115.8 113.2 109 108.2 109 109.7 109.2 107.1 104.9 104.1 102.9 100.8 99.5 99 99.3 98.8 97.8 96.7 97.4 96.4 95.8 92.2 90.8 91 90.9 90.1 90.8 92 92.4 91.7 91.3 91.6 91.9 92.1 92.8 93.5 94 94.3 94.2 94 94 94.2 94.2 94.5 94.9 95.2 95.1 94.9 96.9 99.9 99.2 99.6 100.5 101.6 103.5 104 104.4 104.8 106.8 108.8 108.2 105.7 106.3 107.2 106.2 106.3 106.4 106.5 106.2 105.8 105 104.4 101.5 93.9 92.4 93.1 97.3 99.7
120.9 117 116.1 116.1 116.9 114.3 109.1 109 108.9 110.5 111.2 110 108.6 107 106 104.3 101.6 99 99.1 99.1 98.6 97.5 96.4 95.9 95.2 94.2 93 90.8 89 89.3 92 94.2 94.4 94.8 94.2 93.2 91.9 92 92.3 92.5 93.3 94 94 94 94 94 94.4 94.6 95 95.3 95.2 94.9 95.3 97 99.1 99.5 99.4 101.3 103.4 104.6 104.9 105.4 108.2 109.1 108.9 107.4 105.6 105.4 106.7 106.1 106.2 106.2 106.3 106.2 106 104.1 101.6 99.2 91 91.1 89.7 92.4 89.9
119.7 114.3 114 114 114 113 109 109 110.8 114.8 112.9 110.3 109.5 108.6 107.8 105.9 102.7 99.5 99 99.1 98.3 97.2 96 94.7 94 93.5 91.8 90.2 89 89 91.2 95.8 96 94.7 94.8 93.4 92.3 92 92.3 92.6 93.2 94 94 94 94 94 94.4 95 95.4 95.5 95.1 94.6 95.4 96.9 98.6 99.3 101.1 104.6 105.3 105.7 105.9 106.7 108.3 107.5 106.6 105.5 104.3 104.2 104.4 106.1 106.1 106.1 106.1 106.1 104.4 100.7 97 90.7 89 89 89.7 89 91
118 114 115.6 116.9 115.8 115.5 111.2 113.4 115.8 114.8 110.2 109.7 109.2 108.7 108.4 107.1 104.5 100.7 99 99 98.1 96.8 95.6 94.3 94.1 93.5 92.2 90.6 89 89.7 91.9 95.8 96 95.3 94.7 93.6 92.7 92.2 92.4 93 93.5 94 94 94 94 94.2 94.1 94.7 95.5 95 94.4 94.1 95.2 97.1 99.2 101 103.7 105 106 106.6 106.3 106.3 106 105 105.4 105.3 104 105.4 104 105.8 106.1 104.6 104.1 103.4 102.1 97.6 90 92.6 96.1 93.4 90.6 90.8 85.1
120.1 119.4 120.4 120 116.1 115.6 114.1 113.5 112 110.8 109.9 109.7 109.2 108.6 107.5 106.6 105.8 101.9 100 99.1 98.5 97.3 95.9 95 94.4 93.8 92.7 90.6 90.1 91.7 92.6 96 95.7 94.7 95.1 93.7 92.8 92.5 92.8 93.5 94.1 93.9 94.1 94.1 94.6 94.4 94 94.4 96.3 94.6 94.1 94 96.1 99 101 103.1 105.2 105.8 105.4 106.1 105.6 105 103.5 100.8 99.6 102.4 105.3 106.1 105.4 103.9 103.7 103.1 101.4 100.6 94.6 92 95 97.6 95 92.6 89.3 90.1 85.4
125 120.6 121.1 115.8 113.6 113.1 112.8 111 109.1 109.2 109.6 109.7 109.2 108.4 107.3 106 106.1 104.2 102.3 100.2 98.9 98.5 98.6 97.4 96.5 94.6 93.8 92.6 93.2 94.4 94.1 94.7 97.6 98.8 97.7 95.1 93 93.2 93.5 94 94.5 94.3 94.2 94.4 94.5 93.9 93.7 94.4 97 98.6 94.4 95.3 98.2 100.2 102.9 104.8 106.1 106.1 106.1 104.9 104.3 102.5 100.4 99.4 101.1 100.8 102.5 103.4 103.8 100.8 100.7 100.3 99 94.6 94.1 96 99.7 99.7 94.3 93.9 94.8 94.9 91.3
119.9 116.1 114.2 113.2 112.5 112.2 111.7 110.8 109.7 109.6 109.3 110.3 109.7 108.9 107.8 105 104.8 104.4 103.6 101.2 100.2 100.5 101.1 99.5 97.8 95.9 94 95.8 96.1 95.3 94.2 95.2 98.4 100.7 100.8 97.5 93.8 93.9 94.2 94.6 95.1 95.8 94 94.1 93.8 93.6 93.4 93.8 99.1 106.1 99.7 98.5 99.9 102.3 104.2 105 105.7 105.8 104.9 103.6 103 101 99 99.2 99.6 99.1 99.8 100.9 101.5 100.9 97.4 95 94.4 94.1 95.1 98.7 101.1 99.4 94 99.1 98 94.5 89
116.3 113.6 112.6 112.1 111.4 111 111 111.8 112.2 111 110.4 111 110.5 108.8 106.9 104.4 104.1 104.4 103.5 102.1 100.9 100.4 101.1 100.9 99 97.2 95.8 94.9 96.1 94.5 94.2 95.2 98.3 101.1 101.1 99.1 96.2 95 95.3 95.9 96.8 98.1 94.7 94.1 94.1 94.3 93.7 94.6 103 106 103 99 100.8 104.5 105.8 105.4 105.5 104.8 103.3 102.3 101.3 100.5 98.5 98.2 97.9 98.5 99.7 101.1 100.8 98.6 94.8 95.6 95.7 94 96.4 99.5 101.7 102 102.1 101.2 97.8 94.1 90.7
113.8 111.8 110.7 110.5 109.7 110.7 111 111.9 112.1 111.4 110.6 109.4 109.7 108.3 107.2 105.9 104.3 104.3 104.2 103 101.8 100.6 100.5 101.1 100.2 98.4 97.1 95.7 95.3 95 94 95.5 98 99.2 100.2 100.8 98.7 96.6 97 97.9 99.7 101.5 98.5 95.9 95.3 95.7 94 97 101.8 105 102.9 99.2 100.4 103.6 105.3 105.9 105.2 103.8 101.7 100.3 99.4 99.7 97.8 97.3 96.4 97 98.4 99.6 97.9 94.5 95.6 98.7 100.5 95.5 97 100.5 103.6 105.1 105.5 104.4 99.9 94.6 93.6
111.8 109.9 108.7 108.7 108.4 110.5 110.7 111.5 112.1 111.4 111.1 110.7 109.8 109 107.9 106.5 105.6 106 104.8 103.1 102 100.9 100.3 101.1 100.7 99.2 97.8 96.3 96 95.8 95.6 95.1 96.9 99.1 101.1 101.1 100.2 98.5 99 100 102.1 105.4 99.5 98.1 97.3 97.4 97.6 101.9 104.3 104.3 102.4 99.9 100.5 103.3 106.1 106.1 104.5 102.7 100.8 99.1 99.4 98.2 97.2 95.7 95 96 97.2 97.6 95.8 95.9 96.6 99.9 101 100.8 98.6 100.9 103.6 105.9 106 106.1 103.5 98 97.5
110.1 107.9 106.7 105.7 107 110.5 110.4 111.2 111.9 112 111.9 110.8 110 109.4 108 106.6 106.1 105.6 104.4 103.4 102.3 101.3 100.6 100.8 100 98.7 97.3 96.6 96.3 96.1 96 96.5 97.3 99.7 101.1 100.8 100.7 101.1 101 101.5 104.1 105.5 99.1 99.7 99.3 99.7 100.8 105.6 105.7 104.9 101.5 99 99.8 102.3 104.8 104.7 103.3 102 100.9 99.5 98.4 97.3 96.4 94.7 94.3 95.2 95.7 96.5 95.7 95.8 97.9 99.1 98.8 98.7 99.6 97.9 98.8 100.2 102.7 105 103.7 103.3 103.5
108.6 106.6 105 104.2 106.1 109.5 110.9 110.6 111.1 111.7 111.6 111.2 110.4 109.6 108.2 107.2 107.1 106.4 104.8 103.7 102.6 101.6 100.8 99.5 99.2 98.2 97.2 96.9 96.7 96.5 96.5 97 97.5 99.3 101.1 103.1 103.4 104.2 103.4 102.8 104.6 103.9 100.2 99.4 99.2 99.7 103.8 105.8 105.6 105 101.5 100.1 100 100.3 102.9 103.6 103.2 101.7 100.7 98.7 97.4 96.4 95.6 94.6 93.6 93 96.1 94.2 93.8 93.5 96.1 96.5 95.8 96.2 95.1 93.6 94.7 97.2 99.5 101.2 103.8 105.5 106.5
107.5 105.6 105.9 105.9 105.9 108.7 109.3 111.1 110.3 111.3 111.3 111.1 110.5 109.2 108.4 108.1 107.9 107 105.2 104.3 103.3 101.9 100.8 100 99 97.9 97.4 97.3 97.1 96.9 97 97.5 98 99.3 102.1 103.8 105.2 105.9 105.5 104.8 104.3 104 100.6 99.3 99.2 102.7 105.1 105.4 103.4 103.4 102.3 103 101.6 101.8 101.6 102.4 103 101.3 100.6 98.3 96.1 95.2 95.6 93.9 91.8 91.2 89.9 91.7 91 89.3 93.6 97.1 100.4 97.1 94.2 91.8 91.8 94.2 95.9 96.9 99.8 104.3 104.7
106.2 105.4 105.5 105.4 106.1 108.2 109.4 110.5 111.1 110.4 109.8 109.4 109 108.8 107.9 107.3 107.5 106.7 105.4 105.3 103.2 102 100.8 99.9 98.9 97.9 97.4 97.4 97.4 97.3 97.5 98 98.5 99.5 102.8 105 106.9 108 107.8 106.9 105.6 104.3 100.9 99.2 101.7 105 104.4 101.8 101 101 101 101.4 101.9 103.8 101.8 101.5 102 100.9 100.4 97.4 94.6 94.8 94.4 92.6 90.4 89.4 89.2 89 91 89 95.2 98.2 101.2 98.3 93.7 89.6 88 89.8 92.1 93.2 95.4 99.2 100.3
105.7 104 106 100.1 106.5 109.3 109.8 109.8 109.4 108.6 108.2 107.8 107.3 108 107.6 106.7 106.6 105.9 105 104.5 103.3 102.1 100.9 99.8 98.8 98 97.7 97.7 97.7 97.7 98 98.7 99.2 100.6 103.9 105.6 108 110.5 110.6 108.6 107 105.8 104.8 104.8 105 105.3 103.2 101 101 101 101 101 101 101 101 101.3 102.7 100.9 99.9 96.7 95.2 96.1 94.1 92.4 90.9 90.3 89 89.3 91.1 89.1 90 97.1 99 92.6 90.1 87.7 84.9 85.2 86.9 89.3 91.4 94.6 97.1
87.9 102.8 99.4 94 103.8 108.5 109.5 108.4 107.5 106.4 106.6 106 105.8 107 107 106.2 105.7 105.9 104.9 104.4 103.2 102 100.9 100 99.3 98.6 98.3 98.2 98.2 98.4 98.6 99.2 100.2 101.5 103.4 106.1 108.6 111.1 111.1 109.8 108.4 107.2 106.2 105.3 105.4 105.6 101.3 101 101 101 101 101 101 101 101 101 101.8 100.7 99.3 96.2 95.1 96 94.4 93 91.5 90.6 91.1 89.2 89.1 89.1 89.5 95.7 96 94.7 91.1 87.4 85 85.4 84.3 83 85.6 90.8 93.8
79.7 103.3 103.5 94.1 98 105.8 108 106.5 105.6 104.8 105.6 104.5 105.1 106.1 106.1 105.6 104.7 105 104.9 104.1 103.1 101.9 101.4 100.4 99.6 99 98.8 98.7 99.1 99.1 99 100 101.2 102.4 103.5 105.8 108 109.8 110.7 109.8 109.5 108.7 107.7 106.3 103.7 102.6 101 101 101 101 101 101 101 101 101 101 101 101 100.4 97.5 95.6 95 96 93.5 91.7 90.7 91.1 89.9 89.1 88.8 89.1 91.9 96.1 95.3 92.4 91.4 90.9 88.2 83 80.1 81.5 86.1 89
105.6 105.2 106.1 93.6 91.8 103.6 106.2 104 102.7 101.9 102.6 103 103.8 105.3 105.3 105 104.5 104.4 104.3 104 103.1 102.7 102.3 100.9 99.9 99.2 99.2 99.5 101 101.1 101.2 100.6 101.9 103.3 104.1 104 106.6 109.2 110.1 110 109.4 109.4 108.1 106.4 103.2 101 101 101 101 101 101 101 101 101 101 101 101 101 101 99.7 97.2 96.3 95.5 93.6 92.7 90.2 89 89 91.1 86.1 85.9 88.4 99.1 99.9 98.3 99.7 97.1 89.9 87.2 84.9 80.3 80.8 83.5
99.8 102.4 104.9 92 92.2 102.1 103.9 101 100.4 99.2 99.4 101.1 102.4 103.1 103.5 103.9 103.8 103.7 103.7 103.8 103.8 103.5 103.1 102.1 101.9 101.5 101.8 103.5 103.5 103.4 103.5 102.1 102.8 104.3 103.9 104 107.3 110.1 110.9 111.3 110.4 110.2 108.3 106.5 102.3 101 101 101 101 101 101 101 101 101 101 101 101 101 101 101 99.8 98.2 96.9 95.2 94.3 92.5 88.9 91.8 91.3 87.2 80.8 87.6 100.3 101.3 101.6 102.7 98.5 89.2 91 88.8 85.3 78.5 77.7
92.4 91.5 98 95.2 88.5 101.1 103.2 101.4 95.7 94.7 101 101.1 101 100.9 101.4 102.2 102.5 102.8 103.1 103.6 103.9 104.1 103.9 104 103.8 104 105 105.3 105.4 105.5 105.3 103.6 103.9 105.5 105.9 106.2 108.7 110.6 111.1 111.1 110.7 109.3 107.1 105.5 102.6 101 101 101 101 101 101 101 101 101 101 101 101 101 101 101 101 100.6 99.4 96.9 95.4 95.1 93.8 96.1 87.8 81.1 83.1 92.9 101.3 100.7 97.3 93.6 91.3 89.4 92.1 93.2 87.1 80.2 76
104 97 92.6 84.8 84.6 98.3 98.6 89.9 89.2 96.2 100.7 101 97 96.1 100.6 101.4 101.9 102.3 102.7 103.4 103.6 104 104.7 104.8 105.2 104.9 105.9 106.6 107 107.1 107.2 105.4 106.7 107.7 108.2 109.1 110.4 110.9 111 111 110.1 107.2 105.4 104.7 103.2 101.5 101 101 101 101 101 101 101 101 101 101 101 101 101 101 101 101 101.4 103.7 99 98.9 98.6 89.6 79.4 84.9 91.7 95.2 98.5 95.2 89.5 84.2 86.4 85.7 90.4 92 86.3 84.8 79.5
104.1 104.6 100.8 95.6 80.2 85.4 86 87.8 95.1 99.1 100 99.7 95.8 100.6 100.3 100.8 101.3 101.8 102.3 103 103.5 104.5 105.5 106 104.9 105.1 106.5 107.7 108.3 109 109.1 108.4 109.9 111 110.8 110.6 110.9 110.9 111 111 108.4 105 104 103.8 102.9 101.7 101 101 101 101 101 101 101 101 101 101 101 101 101 101 101 101.4 106.6 110.4 104.7 102.7 102.2 87.6 78.5 87 89.7 92.6 94.5 90.2 84.7 80.1 82.3 84.1 87.4 86.4 84 83.5 80.6
106.1 105.9 104 102.5 83.6 78.9 82.9 94.1 94.9 97.7 99.4 100.3 100.9 100.7 100.9 100.3 100.8 101.3 101.8 102.9 103.9 104.9 105.9 106 103.9 104.7 106.2 107.9 109 109.8 110.7 111 113.2 115.7 113.7 110.8 110 111 111 109.2 106.1 104.5 104.6 104 102.8 101.6 101.5 101.1 101 101 101 101 101 101 101 101 101 101 101 101 101.7 104.5 104.1 105.1 106 106 100.6 92.5 79.9 79.4 82.7 84.7 88 84.7 80.6 79.8 78.2 82.5 84 84.6 85.6 78.9 77
106.3 106.2 104.4 103.9 90.6 86.9 83.9 88.9 94.5 93.9 95.1 101.1 100.8 100.8 100.9 100.9 100.9 100.8 101.4 102.5 103.4 104.7 106 105.5 104.4 104.8 106.4 108.1 109.3 110.5 111.6 111.9 114.4 115.6 114.2 110.8 109 109.2 109.6 107.4 105.1 104.5 104.9 104.4 103.2 102.7 102.3 102.9 101.4 101.6 101.4 101.2 101.1 101.1 99.7 99.2 99.1 99 98.2 100.8 102.7 104.8 103.9 104.1 105.6 102.7 97.3 89.7 85.5 79.9 74.2 75.2 81.3 78.3 74.4 72.8 73.6 80.4 78.4 84.2 85.9 80.9 78.9
105.9 106 104.1 101.1 93.1 86 83.5 85.9 91.2 94.6 94.1 100 100.7 100.2 99.2 99 99.7 99.8 100.7 101.8 102.7 103 103.4 104.7 105.8 105 106.7 108.1 109.6 110.7 111.7 114.4 112 113.6 111 110.3 109.2 108.8 107.7 106.4 105.7 103.9 104.2 104.8 103.7 103.2 102.8 103.3 103.7 103.7 103.7 102.5 101.2 100.8 99 96.8 95.5 90.7 96.8 101.5 104.5 104.6 103.9 104.3 101.3 98.5 92.9 84.2 88.6 87.6 86.4 79 74 73.6 72.8 72.8 72.8 73.6 78.8 84.9 83.3 79.4 80.9
103 102 101.2 100 96.2 88.3 84.1 88.2 94.7 95 94.6 100 98.1 96.4 96.7 96.9 97.6 98.6 99.8 100.9 100.8 100.6 100.3 102.1 103.9 105.2 106.2 107.8 109.4 110.4 111.5 113.6 113.2 109.3 108.3 108.6 108.1 106.9 105.7 105.7 106 106 106 104.6 103.7 102.9 103.1 103.6 103.8 103.9 103.3 101.7 100.4 100 98.3 96.5 95.2 89.7 98.6 103.7 106.2 105.4 104.6 101.6 99.3 99.2 97.3 91.5 89.9 96.3 93.8 84.2 80.2 81.8 82.1 78.4 71.8 70.5 79.1 81.5 80.8 79.1 76.8
101.6 99.2 97.7 97.7 94.4 90.4 90.4 93.2 95.2 94.9 93.7 94.3 92.9 92 93.8 95.6 95.6 97.4 99.2 100.2 99.8 99.5 100.1 102.2 105.8 105.7 105.3 107 107.5 109.2 110.6 109.8 109.8 107 105.6 106.4 106.4 105.2 103.9 106 105.6 106 106 105.1 103.7 102.9 103.2 103.4 103.9 104 103.5 101.6 100.1 98.8 96.2 94.3 89.3 90 98.4 102.8 106.1 105.6 102.9 99.7 99.2 99 102.6 100.8 98.7 105.4 103 97.5 87.7 85.8 84.1 79.9 76.1 68.2 73.9 77.1 78.8 75.8 72
99.8 97.7 92.1 91.9 89 85.9 87.6 95.6 95 92.8 89.2 83 82.5 90.7 95.7 95.3 95.3 97.4 99.5 99.4 99 99.1 99.8 101.5 103.9 104.9 105.5 105.7 105.8 107 108.2 107.9 106.8 103.9 103.9 105.7 106 104.2 104 106 104.4 104 103.3 101.7 101.2 102.2 102.6 102.9 103.7 104 104 102.9 101.2 99.7 96.8 93.3 87.5 89.2 97.4 100.4 103 103.8 100.8 98.6 98.9 99.5 106 104.7 104.7 104.5 102.3 95.5 85.3 80.1 79.7 79.4 75.3 65.4 70.2 70.5 70.3 67.8 64.5
99 96 93.2 95.4 91.4 71.8 82.8 91 89.1 91.4 76.9 87.6 92.4 94.1 95.7 96.2 96.8 98.4 99.3 98.6 98.5 98.6 99 100.2 101.7 102 102.2 103.2 103.7 104.6 105.5 105.9 104.7 104.1 104.4 105.7 106 105.1 103.3 102.1 100.5 100.7 100.5 99.9 99.9 101.5 101.9 102.2 103.2 104 104 103.3 102.5 101.3 99 94.8 90.2 86.8 94.7 97.4 97.9 100.8 99 97.3 96.6 97.8 99.4 99.9 99.8 99.1 97.2 91.5 82.1 79 76.5 74.7 75.8 64.1 63.9 64.5 64.8 64.8 62.9
