data/SD85.asc
ncols 200
nrows 200
xllcorner 380000
yllcorner 450000
cellsize 50
[rows 105 to 139 of 200, columns 78 to 155 of 200]
138.5 138.2 137.8 136.5 136.9 137.2 136.3 131.9 132 131.3 132.4 131.5 132.3 129.7 132.5 134.5 135.8 136.6 137.8 139.4 139.2 137.3 135.6 134.7 133.2 131.4 130.5 128 125.2 117.3 114.4 114.9 118.9 126.1 135.3 140.6 139.5 137.1 134.2 133.8 134.7 133.4 130.6 127.6 132.7 138 142.7 146.5 149.8 153.4 160.2 169.6 174.8 175.1 171.2 165.6 160.8 156 152.7 148.5 148.6 155.4 161.5 165.3 169 173 177.9 185.8 193.8 201.9 207.8 207.6 204.6 202.3 202 200.8 197.8 196.2
136.5 138 137.3 134.9 135.9 135.8 136.8 131 130.1 130.2 130.6 130.4 129.2 130 131.6 134.2 138.3 137.3 136.8 137.1 137.6 137 136.2 133.9 131.8 131.1 130.3 128.3 125.2 121.4 112.6 113.7 114.6 119.4 125.5 132.3 137 136 133.2 133 133.4 133.4 129.5 127.2 132.7 138.9 149.2 154.3 156.2 159.1 164.1 169.8 173 176.4 175.4 172.8 166.3 161.5 157.9 154.1 146.7 159.6 168.7 175.3 177.1 177.3 180.3 188 195.8 203.8 210.3 212.3 211.4 207.3 203.5 201.6 199.7 197.2
133.8 133.8 133.6 132.6 132.2 131.8 133.1 133.1 133.6 131.3 130.9 130.3 129.9 130.1 131.6 135.5 136.3 136.2 136.1 135.9 136.2 135.3 133.3 131.6 131.2 131.4 130.5 128.6 125.3 122.5 116.7 113.7 114.4 115.4 118.8 127.2 135 134.9 132.9 132 131.9 132.2 126.5 129.4 133 138.9 144.1 158.7 159.7 162 165.1 167.6 169.2 171.4 172.4 171.3 169 165 161 157.8 145.9 155.2 166.2 178.8 184.7 184.6 185 188.3 194.9 199.9 202.3 203.8 205.4 206.8 205.2 201.3 199.4 198.8
138.8 135.5 133.3 131.9 131.2 131.1 132 135.3 136.9 136.5 133.4 131 131.2 131.5 131.6 134.1 134.6 134.4 134.1 134.3 134.7 132.7 130.7 130 130.2 131.5 131 130.4 127.3 124.3 122.2 112.7 114.2 113.6 115.5 121.2 132.4 134.7 133.2 132.3 131.7 131 124.4 131.2 132.4 137.5 138.4 158.2 161.5 162.4 164.9 166.3 166.7 166.4 166.1 164.3 162.9 162.2 161.8 159 145.4 153.9 163.7 175.5 188.1 192.7 191.9 189.1 190.4 192 192 192.3 192.6 196.2 201.5 200.8 198.6 196.9
137.9 135.3 132.6 133.6 132.7 132.2 135.1 137.4 138 136.4 135.9 134.7 136 135.3 133.6 133.7 133 132.5 132.3 132 132.5 132.3 131.1 130.2 130 130.9 131.5 131.1 130 128.9 126.9 118.8 113.8 113.7 113.6 115.6 131.5 134.4 133.6 132.7 131.7 129.2 123.1 129.3 132.6 135.5 141 152.7 159.9 162.8 164.9 165.8 164.9 162.2 159.3 156.7 155.3 155 156.6 156.7 147.2 148.4 162.2 174.2 185.9 194.3 196.6 191.9 189.3 187.1 185.1 185 184.3 186.9 191.4 194.5 194.9 194.3
133 133.3 134.8 134.4 133 133.2 137.5 137.1 135.9 136.7 137.1 136.1 134.5 134.2 133.8 133.7 132.4 131.6 130.8 130.1 130.2 130.9 131.3 130.7 130.9 131 131.9 132.9 133.6 133.5 130.7 128 116.5 112.5 113.5 113.5 125.9 134.6 133.2 131.7 130.6 121 124.3 129.2 131.7 133.5 138.1 144.5 152.9 158 162.2 164.4 163 158.3 154.9 151.9 149.3 147.9 147.1 146.1 143.8 148.9 161.6 171.2 182.9 192.1 199 196.4 188.9 183.5 181.1 180.9 181.8 182.3 185.2 186.9 188.7 191
133.9 136 136.6 136.1 135.4 135.6 137.3 136.3 135.6 136.9 137.3 134.8 133.9 133.6 133 132.4 131.6 130.8 130 129.2 128.9 129.7 131.4 132.8 132.9 133 135.4 136.6 138 136.2 133.7 130.6 126.9 120.7 112.8 112.9 114.2 132.5 131.8 128.6 121.8 124.1 130.6 131.2 131.5 133.5 136.5 140.2 145.3 150.3 155.6 160.8 159.6 155.2 150.4 148.2 146 143.4 143.3 147.4 154.8 163.4 171.3 179.4 188.2 195.4 200.4 199.4 192 182.8 180.1 179.7 180.4 182.4 185.8 186.6 186.9 186.8
137.8 139 137.3 137.3 135.8 134.6 136.3 135.4 135.4 135 135.3 133.8 133.4 132.2 131.5 130.9 130.5 129.6 128.9 128.1 128.4 129.1 130.9 132.5 133.9 135.1 138.8 142.3 143.5 138.8 135.2 131.3 127.5 124.4 119.6 113.4 113.2 122.5 131.1 123.1 120.5 128.3 128.8 131.1 131.9 135.4 139 141.5 144.6 145.6 149.3 152.4 157.5 152.5 147.9 143.8 142 143.4 147.9 153 160.5 168.5 175.9 185.8 196.3 205.2 204.7 199.1 193.7 185.5 180 178.7 180.9 183.7 187 188.6 186.8 185.3
137.8 137.5 136.9 136.7 135.9 134.3 134.4 134.8 135.2 133.5 133.8 132.1 131 130.7 129.9 129.7 129.4 128.4 127.5 127.3 127.9 128.6 130.5 132.2 133.7 136.8 140.1 143.1 142.4 139.6 135.8 132 129.5 127 124 118.1 113.3 113.6 115.7 122.4 129.3 128.4 129.9 132.3 134.3 139.4 143.2 145.8 149.8 148.2 148.3 150.8 154.8 151 146.1 140.3 142.2 144.8 149.9 155 162.2 170.1 178.2 188.6 198.5 205.5 205.5 199.9 194.3 184.4 179 181.6 184.3 186.4 187.2 186.6 185.2 184.3
137 135.9 135.2 135.2 134.4 133.5 133.2 132.9 132.8 131.6 130.6 130.5 129.5 129.1 129 128.5 128.4 127.3 126.3 126.7 127.9 128.8 130.4 131.9 134.5 138.1 140.6 141.7 140.2 137.9 135.4 132.8 131.9 130.8 128.1 121.3 114.2 113.1 118.2 131.1 136.5 134.3 134 135.1 136.4 141.9 146.6 148.6 154 156.1 156.5 153.2 153.6 148 137.9 147.4 150.9 149.8 153.6 158.1 164.1 172.8 180 188.5 195.2 199.9 200.3 198.1 191.8 180.6 179.2 190.3 190.8 187.5 184.1 182.7 182.9 184.5
137.4 136 135.1 134.6 133.8 133 132.4 131.7 130.8 129.8 129.9 129.4 128.7 128.5 128.6 128.4 127.4 127.4 127.6 128 128.3 129.2 132.3 134.2 136.5 138.8 140.7 139.6 138 136.5 134.6 133.2 133 132.2 130.9 125.1 117.3 111.9 116.8 129.3 141.7 139.5 138.4 140 142.3 146.2 145.9 151 153.4 155.7 159.4 157.8 154.3 144.5 146 155.5 154.8 156.5 158.4 162.3 169.1 177.4 182.9 189.3 193 193.2 193.5 195.2 189.7 180.1 181.9 192.6 191.9 183.5 184.1 186 187.8 187.2
135.9 134.3 133.7 132.2 132.6 131.9 131.2 130.3 129.7 129.4 129 128.6 128.3 128.4 128.5 128.5 126.8 127.8 128.2 128.6 128.8 129.2 130.7 133.9 137 139.3 139.6 137.2 135.6 134 132.7 132.5 132.1 132.2 130.9 125.5 115.6 111.4 121.7 134.5 145.2 141.2 140.1 140.5 142.4 144.3 139.2 148.3 150.1 151 154.4 157.4 155.4 139.8 150.6 160.7 163.2 164.2 165 165.9 170.2 181 188.9 191 190 187.8 187.6 190 187.3 180.3 179 187.1 188.7 183.8 189.5 195.7 198.9 199.2
134.1 134.1 132.7 132 131.2 130.7 129.8 128.9 128.8 129.1 128.9 128.7 128.8 129 129.1 128.7 126.5 127.4 128.8 129 129.2 129.5 130.5 132.3 135.5 138.5 137.4 134.6 132.5 131.8 131.7 131.7 131.2 130.8 129.6 123.2 112.7 113.4 131.9 138.4 142.3 139.7 135.2 136.3 137.4 137.6 139.6 146.1 149 150.7 153.2 156.5 152.3 136.5 154.6 160.6 163.7 167.3 169.6 168.1 170.3 178.8 186.9 190.4 188.7 185.7 184.3 184.7 183.9 178.5 178.4 183.7 185.8 180.9 187.1 196.1 204.7 208.5
132.9 131.2 131.7 130.3 129.4 129.1 128.7 128.6 128.6 128.8 129 129 128.9 128.9 129.3 128.2 126.1 127.3 128.6 128.4 128.8 128.8 130.3 130.6 132.7 134.4 134 133 130.8 130.5 130.8 131 130.3 129.4 128.3 122.3 112 112.8 126 133.3 128.9 117.7 121.4 123.8 120.7 128.4 133.9 139.1 149.5 152 154.7 154.3 143.9 140.7 149.6 156.3 161 164.5 167.6 170.1 172.4 174.9 179.2 185.1 186.2 183.4 181.6 181.5 178 175.4 176.9 180.5 179.4 180.2 185.7 194.3 203.1 208.1
133.2 132.5 129 128.9 128.8 128.8 128.7 128.6 128.5 128.4 128.1 128 128.4 129.2 129.3 126.6 125.3 125.6 127.5 128.3 127.9 127.4 128.2 130.1 131.3 131.4 130.7 130 129.3 129.6 130.1 129.6 127.8 127.9 126 123 110.4 112.4 117.7 116.8 118 123.8 130.2 135.3 132 138 123.3 124 136.4 143.4 143.1 138.9 131.9 134.8 144.8 152.8 157.2 161.2 164.2 167.1 171.6 175 177 179.9 180.3 179.6 178.4 179.5 173.6 181.3 182.3 179 180.1 181.6 185.7 191.9 199.5 205.1
133.1 132.6 130.1 128.7 128.4 128.4 128.3 128.3 128.1 127.7 127.3 127.4 128.2 129 126.8 125.1 125.2 124.6 126 126.4 124.8 123 126.5 129.9 130.3 130.4 129.7 129.4 129 128.8 128.2 127.3 126.8 125.9 122.3 119.1 110.2 111.7 113.8 123.6 127 130.2 133.6 136.1 138.1 138.9 141.3 140.4 127.1 128.8 129 132.4 138.3 138.2 142.5 140.2 141.4 144.6 150.2 164 168.5 173 173.5 174.2 173.4 174.3 174.1 175.1 170.2 179.6 184.4 183.1 186.9 188.1 190.1 192.1 195.7 199.3
132.7 131.1 130.1 128.7 128 128 127.9 127.8 127.3 126.8 126.8 125.8 126.8 126 125.3 125.8 124.5 123.9 124 124.1 123.2 123.7 122.6 128.2 129.1 129.5 129.5 129.5 128.7 127.9 126.7 125.7 125.2 123.9 121 116.6 110.4 113 114.3 122.9 125.5 127.6 132 135.2 138.2 140.1 144.9 147.6 143.7 140.7 144.9 149.3 150.8 151.5 152.9 156.4 159 160.3 162 154.6 164.7 166.1 164 165.6 165.6 166.1 167.6 167.3 171.1 177.9 182.9 187.7 193.9 198.3 199 196.6 195.3 196.4
131.4 129.4 128.5 129 129.6 128.5 128.1 128.1 128.2 127.4 126.7 126.3 127.9 128.6 129.2 128.3 127 126.7 125.7 126.3 125.6 126.3 125.5 121.8 127.9 129.4 129.5 129.3 128.4 127.6 125.8 124.1 123.4 121.8 119.7 114 111 114.5 127.7 125.5 125 129.2 130.4 137.3 138.5 141 145.8 149 148.7 147.6 148.1 151.3 155.9 154.7 156.2 160.1 162.6 164.1 164.4 160.8 155.2 158.4 161.4 168 170.1 170.9 171.5 172.3 177 180.6 184.2 189.2 193 197.7 203.8 204.4 200.1 197.7
129.9 128.5 128.9 130.1 132 130.4 129.6 129.3 129.3 128.9 128.1 127.9 129.3 130.1 130.9 130 128.9 129.4 128.9 128.6 128.1 127.8 126.9 121.7 122.5 129.2 129.5 129.2 128.6 126.9 125 123.2 121.9 120.8 115.5 111.3 111.7 118 131.4 132.2 128.2 134.3 134.6 135.5 139.5 143 147.5 150.2 151 153.1 154 155.8 157.6 159.3 160.3 164.4 165.8 167 166.7 163.3 160.9 162.8 167 172.8 176.3 178 177.5 177.7 181.2 185.5 189.1 191.1 192.4 193.9 199 203.7 206.1 203.1
129.1 128.9 129.8 131.5 132.4 132 131.1 130.8 130.6 130.2 129.1 129.4 130.7 131.2 131.7 130.7 130.2 130.9 131 130.7 130.3 129.2 127.9 125.7 119.2 127.5 129 129.4 127.8 126.4 125.2 123.6 121.7 117.9 112.3 111.1 110.9 124.3 133.9 138.6 134.4 139 141.1 141.9 142.5 145.3 149.5 152.3 154.5 156.7 159.1 161.4 163.1 163.9 164.8 167.6 168.6 172.2 173.3 172.5 168.1 167 171.3 176.2 181 184.7 184.7 184.4 186.1 188.9 192.9 195.5 195.2 194.4 195.6 199.3 203.6 207
128.8 128.9 129.9 131.7 132.7 132.5 132.1 132.5 132 130.6 129.1 129.5 131.2 132.1 131.2 130.1 129.9 130.8 132.3 132.3 131.7 129.8 128.1 126.5 119.6 125.8 127.7 127.7 126.6 125.6 125.5 123.5 120.9 115.1 111.8 111 113.2 128.4 137 142.5 141.5 143.4 146.3 147.5 147.7 147.1 150.5 153.9 156.6 159.7 162.8 165.5 167.8 170.5 171.5 172.9 174 178.8 182.5 179.3 173.4 173.2 181.6 183.2 185 188.4 190.5 189.4 189.7 191.7 193.9 196.4 198.4 198.2 196.6 198.3 201.7 206.4
129.4 129.6 130.3 131.6 132.7 133 132.6 133.3 133.3 131.3 129.3 129.7 131.4 132.2 130.7 129.7 129.3 130.2 132.1 133.9 133.5 130.9 129.5 128 123.5 119.9 123.6 123.6 120.4 118.6 121.4 122.2 119.5 111 111.1 111 121.9 131.8 139.3 144.3 137.7 145.3 150 151.5 152.2 152.6 152.7 155.2 158.5 162.3 166.3 169.4 172.1 175.4 181 181.2 181 184.8 188.9 183.4 177.4 179.5 190.2 191.3 191.7 192.2 193 192.4 192.7 194.7 196.6 197.2 197.9 198.8 200.1 200 201.9 204.4
129.8 130 130.2 131.2 133.3 133.3 132.7 133.4 134.3 132.5 130.3 130.3 131.8 132.5 131 129.8 129 129.4 131.6 132 133.3 132.2 130.1 128 126 121.1 117.2 117 117.9 121.1 118.2 111.5 113.5 110.6 110.4 116.8 127.9 134 140.4 142.6 150.4 145.3 152.6 154.7 156.8 156.9 155.9 157.4 160 164.4 169.3 172.8 176.3 179.9 187.2 189.6 189.4 190.4 189.6 189.3 185.7 181.8 188.3 194.9 198.2 197.3 196 194.2 196.4 198.6 200.5 199.9 199 198.4 201.6 203.8 203.5 204.5
131 130.8 130.1 130.7 133 132.6 131.8 132.1 133.6 133.8 131.1 131.1 133.1 134.1 132.4 131 128.9 128.8 129.6 130.1 131 131.3 129.8 127.8 126 125.9 124.7 123.8 123.5 123.4 121.5 118.3 112.4 110.6 113.6 125.4 130.1 135.4 141.5 139.8 153.3 146.2 155 157.4 159.5 160.7 159.5 158.7 160.7 165 169.1 174.4 179.8 184.3 188.7 192.4 192.6 191 190.9 193.6 191.6 187.9 188 194.2 198.7 199.3 198.1 196.1 197.2 201.6 202.4 202.7 201.5 198.3 199.9 203.8 205.8 204.3
131.9 131.5 130.8 130.5 131.9 131.8 131 130.9 132.1 132.8 131.1 132.5 134.7 135.6 134.8 132.9 129.3 128.3 127.7 128.2 128.4 128.2 128 126.5 125.9 125.8 125.7 125.6 124.6 123.1 120 117.3 110.7 108 120.8 124.8 128.8 135.2 142.2 150.3 154.2 154.8 155.4 157.7 160 160.6 161 159.9 161.1 164.7 167.2 172 177.3 183.9 189.4 193 193.9 193.2 194.5 194.5 192.9 193.8 195.5 192.4 195.7 198.9 198.9 197.4 197.1 198.7 197.2 198.1 201.9 201.1 197.9 199.1 201.8 205
132.3 132 131.4 130.9 130.6 130.6 129.9 130 130.8 131.5 130.7 132.1 134 137.2 137.5 134.9 131.2 128.5 127.5 126.8 127.2 126.6 126 125.9 125.9 125.8 125.7 125 123.3 116.8 112.6 110.2 109.8 112.6 120.7 125.7 130.2 138.1 138 153.6 156.2 155.1 153.3 155.6 158.2 159.2 160 161.3 162.1 163.8 166 170 175.4 182.3 187.6 191.1 192.7 193.7 196.6 194.5 192.3 193.3 199 200.5 197 197.8 198.4 198.4 198.4 198.1 199.3 198.3 195.1 196.4 195.1 196 197.5 199.6
132.6 132.2 132.6 132.2 130.4 129.5 129.5 129.7 129.9 130.5 130.3 130.4 132.5 136.7 140.4 136.6 132.3 129.2 127.4 126.3 125.9 125.4 125.3 125.2 125.5 125.7 125 124.1 118.2 111.1 109.2 108.3 111.1 115.7 121.7 125.8 130.9 141.5 145.6 158.1 158.7 157.3 156.1 155.5 156.5 157.7 158.8 160.5 162.3 165.1 167.5 169.9 173.6 178.9 183.2 188.1 189.5 190.7 194 194 192.4 193 199.4 203.8 202.4 199.3 199.3 199.2 198.7 200.6 200.8 200.2 197.1 196 193.6 192.7 198.1 197.1
132.2 133.5 133.9 133 130.7 130.4 130.5 130.5 130.2 129.8 129.4 129.5 130.7 134.4 138.6 139.1 133.5 130.5 127.9 126.6 125.5 124.8 124.7 124.4 124.7 125 124 120.6 110 108.9 108.2 109.8 112.5 115.7 123 126.6 131.2 141 151.6 157.8 159.3 158.1 157.4 156 155.7 156.6 157.9 159.8 162.3 164.8 168.3 171.4 175.1 179.6 185.2 188.8 187.4 187.8 190.6 192.2 192.9 194 199.5 204.8 205.7 202.5 200.1 199.9 200.6 200.1 199.3 197.9 197.7 197.9 200 194.9 194.7 198.4
134 134.6 135.1 133.2 131.4 131.4 131.5 131.5 130.5 130 129.1 128.2 128.9 131.5 135.5 137.9 134.7 131.8 129.2 126.9 125.8 124.9 124.1 123.3 124 123.5 121 111.2 108.6 108.3 111.3 113.4 116 117.2 122.3 126.6 130.4 137.3 149.3 155.4 157.6 157.9 157.4 156.7 156.8 156.9 157.3 159.4 161.6 163.7 166.9 170.3 174 178.5 183.8 188.8 189.7 188.8 188.7 190.6 192.7 193.8 198.8 204.1 207.1 204 202.9 201.2 199.3 198.6 197.7 197.6 197.7 198.8 201.6 198.3 191.5 195.1
138.1 139.5 137.5 134 132 132.1 132.3 132.5 131.7 130.8 129.8 128.7 127.6 129.3 132.1 135.1 134.5 133.3 131.1 128.4 126.3 125.2 124.2 121.8 121.3 120.5 107.8 106.9 109.7 112.9 115.8 118.5 120.4 120 121.5 125.6 130.5 140.1 148 152.8 154.3 155.3 156.8 156.6 156.9 157 157.7 159.6 163.8 167 166.6 169.1 172 176.5 181.6 186.2 190.2 188.5 188.4 189.9 191.4 193.3 195.7 200.1 202.8 204.4 204.8 202.6 199.4 197.8 197.9 198.1 199.5 206.4 207.7 201 191.6 192
138.7 141.7 139.8 136.2 133.1 132.7 133.2 134.3 133.4 131.9 130.1 128.7 127.7 127.7 130.1 131.1 132.4 131.3 130.2 129.2 127.6 124.9 123.8 121.1 113.9 108.9 109.5 113 117.3 121.4 124.7 125.9 123.9 124.7 122.3 125 134.3 134.2 142.6 147.4 151.7 154 155.5 156.7 157.2 157.7 158 160.8 165.8 169.3 169.3 169.4 172.1 175 179.6 185.4 188.6 189.4 188.8 190.1 191.4 192.7 194 196.5 198.7 199.2 200.7 200.3 198.5 198 199.1 198.9 201.2 207.9 211 204.4 195.2 188.7
138.5 141.8 141.8 138 134.7 134.1 135.3 136 135.1 133.1 131 129.5 128.3 127 128.7 128.2 128.8 128.8 127.8 126.9 125.8 124.1 120.9 113.3 106.6 109.6 117.5 123.6 125.4 126.4 127.1 127.2 127 127.8 124.9 126.9 130.9 139.7 151.8 155.3 155.6 157 158.5 159.5 159.5 159.6 160.6 161.3 166 169.9 170.9 172.2 175.4 179.7 181.4 184 188.4 191.2 191 192.2 194.4 195.6 196.7 197.5 198.9 198.7 199.1 198.7 197.6 197.5 198.7 200 200.4 202.8 208.4 205.8 197.8 189
139 141.8 142.6 139.3 138 136.2 136.8 137.5 136.7 134.4 132 130.8 129.3 126.7 126.8 125.9 126.2 126.3 125.3 124.4 123 119.5 113.4 106.9 109 116.7 122.8 125 126.4 126.6 127.6 128.2 128.4 129.1 129.2 136.7 132.3 140 152.5 158.4 159.5 160.1 161.7 163.2 162.8 165 166.2 166.9 168.9 170.6 172.3 176.7 183.4 188.2 187.7 185.7 188.2 192.5 194.5 193.1 194.8 198.4 200.2 201 202.1 203 200.1 198.3 196.7 198 197.3 197.9 197.8 197.3 200.6 203 197.7 187.6
139.8 142.5 144.4 142.7 141.4 139.9 138.4 138.4 137.6 136.2 132.9 131.7 129.9 127.6 126.2 124.2 123.8 123.4 122.7 121.8 119.4 114.1 109.4 108.3 114.2 121.3 123.9 124.6 125.3 125.5 126.4 127.8 129.4 130.5 136.7 133.9 135.3 140.2 152.2 161.3 164.7 165.2 165.6 166.6 164.8 168.3 168.9 170.8 173.5 173.6 175.5 180.9 191.1 195.5 191.9 187.5 188.9 192.2 194 193.2 194.5 198.8 203.5 204.7 205.5 204.7 202.5 199.8 199.9 201.5 199.7 197.2 196.7 194.6 194.8 194.7 194.9 189.6
140.7 143.3 146 145.5 143.8 141.6 139.9 139 137.7 137.5 135.2 133.1 130.9 128.9 127.7 126.5 124.1 122.1 120.6 120.4 114.9 110 106.9 110.6 116.9 120.5 122.9 123.5 123.9 124.3 125.3 127.7 130.5 136.7 135.3 138.2 140.3 145.3 152.4 160.1 166.5 169.4 169.3 170.1 169.2 169.7 171.8 174.5 177.2 178.8 179.8 183.9 189.9 194.2 190.1 187.9 191 194.4 195 193.7 194.6 200.2 206.3 207.7 204.7 203.3 203.1 201.3 201.9 204.1 205.8 203.1 201 196.8 197.6 194 191.3 190.3
