data/SD89.asc
ncols 200
nrows 200
xllcorner 380000
yllcorner 490000
cellsize 50
[rows 35 to 69 of 200, columns 0 to 77 of 200]
577 581.7 586.1 589.5 591 593.1 595.1 598.6 603.7 609.8 613.9 616.4 616 616.5 618.1 618.7 620 619.3 619.5 618.9 617.6 616.3 613.9 609.7 612.6 612.8 612.1 610.2 609.1 607.2 606 604.5 603.5 602.7 600.1 594.5 589.9 593.7 598.9 604.6 607.6 608.2 608.7 609 607.6 604.9 605.5 606 605.5 605.7 606.6 608.1 610.9 613.7 615.4 616.1 615 616.1 616.6 616.3 614.9 610.5 606.1 602.2 604.6 603.5 603.1 600.1 594.4 584.7 572.7 562.7 563.8 574.6 575.6 571.9 560.9 546.2
576.3 581 584.6 587.6 589.8 592.8 595.2 600 607.6 614.8 618.6 620.3 620.6 620 620 620.6 619.5 617.3 617.4 616.3 614.8 613.7 613.6 611.4 607.3 609.8 608.4 605.5 603.1 602.9 601.3 600.8 600.6 600.2 599.9 597.1 593.2 597.3 602.8 606.7 609.2 610.4 611.1 612.1 611.4 607.5 608.6 610.2 609.7 610.3 611.2 613.1 616.5 620.4 622.6 624.1 623.7 625.1 625.6 624.2 623 618.1 612.7 610.7 612 612.8 613.5 609 599.4 584.8 574.5 564.8 574.4 585.6 586.1 582.3 570.5 555.5
574.8 580.2 583.4 586.3 588.1 590.9 594.6 601 609.5 616 618.6 619.9 622.8 623.6 620.9 620.7 619.9 618.1 615.2 614.2 612.6 611.5 610.5 607.7 605.5 605.8 604.1 600.4 597.4 596 598.4 597.6 597.3 598.3 598.5 596.8 595.5 599.2 601.9 604.3 607.7 609.5 611.4 612.8 613.3 612.2 610.8 611.5 612.2 614.1 615.7 618.1 622.2 626.5 630.2 631.9 630.9 632.4 633.6 631.4 628.2 625 619 618.5 616.9 617.6 615.5 610.5 601.5 589.9 580.8 581.9 593.6 596 594.6 590.3 581.4 563.1
573 578.3 581.9 584.5 586.4 589 593.2 600.7 608.8 614.5 616.6 618.9 620.6 623 623.4 622 621.1 619.1 616 614.2 611.4 610.2 609.5 606.6 600.4 602.5 601.6 600.1 597.1 593.4 596.5 598.2 596.8 597.2 597.2 595.5 596.2 597.9 599.9 603.5 607.6 610.2 612.4 614.2 614.9 613.7 611.7 611.9 615.1 617.7 619.1 622.3 627.4 633 636.1 636.7 635.1 635.9 634.6 633.2 631.5 627.6 623 621.2 620.5 618.5 617.7 614.1 607.5 595.9 582.3 594.8 605.1 606.7 602.8 596.2 586.1 568.4
571.4 577.2 580.8 582.8 584.6 586.7 591.7 598.5 606.7 611.4 613.7 616.4 618.1 619.9 619.3 619.9 620.2 619.3 616.3 614 612.4 610.8 608.8 607.8 600.4 596.1 599.4 598.7 595.7 592.5 594 595.5 596.4 594.4 595.6 595.3 594.4 596.9 600.7 604 607.7 610.1 612.4 614.1 614.9 615.7 613.2 613.1 615.7 618.4 622.3 625.9 630.5 633 634.8 635.8 635.8 636.4 635.6 634.9 633.7 629.7 628.1 625.6 623.8 621.5 620.8 617.8 612.6 598.7 594.2 607.2 609.4 609.1 606.3 600 591.7 576.9
571.3 575.7 578.2 578.3 582.2 585 588.1 592 596.3 602.2 613 616.7 618.5 618.3 618.9 619.8 622.1 620.7 616.1 613.3 612.9 611 610 608.7 601.6 595.7 593.9 596.1 592.9 588.6 587.4 591.7 593.2 592.5 592.8 592.6 594.1 597.4 600.2 603.1 606.6 609 611.3 613.2 614.2 615 613.3 614.7 616.6 618.3 622.9 627.6 630.7 630.8 633 633.7 634.7 635.3 635.1 635.2 633.4 633 630.7 627.8 624.8 622.3 621.7 620.3 614.5 604.9 607.9 616.6 615.6 612.1 609.4 606.1 596 582.1
570.4 573.1 575.2 579.3 584.2 590.3 596.8 603.4 608.6 611.5 611.7 617.1 619 618.5 619.4 621.6 623.1 621.3 616.5 613.4 612.3 609.5 610 609.4 602.9 594.8 588.7 592.3 589.8 584.3 581.8 585.8 588 586.8 587.3 590.6 594.2 597.5 599.4 602.2 605.1 607.4 609.7 611.6 612.1 612.3 614 615.5 616.7 618.2 623.3 627.4 627.4 628.8 630.8 630.6 632 632.9 633.8 634.5 633.4 633.6 633.4 631.1 628 623.3 621.8 620.3 617.1 605.6 616.6 621 620.2 617 616.2 608.8 594.2 579.2
569.4 573.5 576.2 578.9 583.7 590.8 599.1 605.9 610.6 613.3 615.6 617.9 619.5 620.6 622 623.2 624.1 622.4 619.8 615.4 610.7 608.2 609.8 606.7 601.9 594.1 585.7 588.3 586.2 581 577.3 580.4 582.7 583.6 584.2 588.6 592 595.3 597.9 599.4 602.2 606.4 608.9 609.6 610.5 610.8 613.5 615.5 617.3 619.2 623.2 625.7 626.1 627.5 628.6 629.3 630.2 631.7 634.3 634.9 635 634.2 633.5 632.5 630.4 625.1 622.3 620.9 619.6 615.1 620.1 624.5 624.3 620.5 618.6 613 598.3 585.8
569.1 573.5 576.6 579.3 583 588.5 596.4 605 609.5 613.5 616 617.9 619 621.9 623.6 624.2 625.6 623.4 620.6 617 611.4 607.9 604.3 602.7 596 590.5 584.8 583 581.5 577.8 571 576.1 579.5 580 580.6 583 587.1 591.5 594.6 594.9 599.1 604.2 607.3 608 608.2 608.8 611.9 614.3 616.7 619.2 623.2 624.3 625.1 625.4 626.3 628.9 631 633.2 635.5 636.6 636.3 635.6 635.3 633.7 631 626.6 623.3 621.8 621.3 620.9 623.6 626.1 625.9 623.5 619.4 614.2 599.8 596.2
569.9 572.4 576.9 579.7 582.7 586.6 591.1 594.6 605 610.2 614.5 618.4 622 624.7 627.2 626.3 628.7 626.7 622.4 617.8 612.6 610 606.9 596.2 588.2 582 577.4 579.6 577 570.3 564.3 570.4 574.9 578.1 574.5 577.1 581.6 586.8 589.7 589.9 594.3 600.8 604.4 604.9 603.5 608.3 610.7 613.2 615.4 618 622.2 623.2 622.6 624 626.2 629.8 632.7 635 637 637.6 637.3 637 636.5 634.2 632.9 629.3 624.9 622 621.4 622.4 625.3 626.4 626.2 625.3 619.8 614 602.2 606.6
570.9 574.8 576.4 579.7 583.7 588.4 595.7 603.5 607.1 610.1 615.6 619.8 623.4 628 630.7 630.9 631.9 630 627.3 620.2 615 612.3 609.7 601.1 589.1 585.9 580.9 571.2 572 565.7 559.4 565.8 568.3 572.2 571.6 572.9 577 581.9 584.4 585.4 589.5 595.9 599.9 599.4 601.2 603.6 608.3 611.2 613.8 616.7 621.1 621.1 621.1 623 626.2 629.8 633.2 634.9 636.5 636.8 636.1 635.5 635 634 632.5 630 625.3 622.8 622.9 623.6 626.5 626.5 626.6 625.4 621.3 613.9 615.2 616
572 575.5 579.1 581.7 585.1 588 595.5 603.7 608.6 613.7 618.7 622.9 627.7 631 633 633.8 634 633.8 631.7 625.4 618.7 614.1 607.3 602.9 593 588.1 584.5 578.9 569.6 556.9 555.2 558 562.5 564.3 564.4 569.8 571.8 576 577.9 581.1 586.7 590.1 593 593.2 596 601 606.1 609.5 611.2 614.1 619.1 618.4 620.5 623.9 627.1 630 632.4 634 635.3 636.3 635.6 634.1 633.5 633.7 631.5 629.3 626.5 623.8 624.1 625 627.5 628.2 627.1 625.4 623.5 617.9 621.2 622.3
572.7 576.1 580.6 584.7 587.4 596.5 601 602.4 607.8 615.2 620.8 624.8 630.3 634.5 635.5 636.1 637.4 637.2 636.6 632.5 624.6 616 607.8 600.9 591.7 587 583.3 580.3 570.2 560.4 548.4 555.8 555.5 563.3 566.5 568 568.4 571.3 573.9 579.2 583 586.6 586.2 587 592.8 598.9 603 605.4 603.7 611.4 617.8 618.5 620.7 625.8 629.7 630.7 632.3 633.3 634.1 635.2 635.3 634.5 633.3 632.1 630.2 629.1 627.1 625.8 626.1 626.7 628.4 628.9 628.8 627.2 624.6 624.6 627.6 629.1
574 578.4 582.9 587.2 594 596.2 605.2 607.2 610.4 617.2 621.3 625.8 632.4 636.3 637.8 639.1 640.9 642.4 641.6 636.6 629.2 618.9 610.8 604.5 593 588.4 586.5 581.5 571.1 561 551.8 546.5 547.9 558.7 562.5 564.6 564.8 566.4 571.2 576.1 580.6 583 582.8 584.3 591.1 595.4 595.8 595.7 604.9 609 616.3 618.2 621.6 627.6 630 630.5 631.2 632.1 633.2 634.2 634.3 634.5 633.7 629.4 630.9 629.8 628.6 627.7 627.8 627.7 628.3 628.9 628.9 627.4 625.9 628.4 629.6 631.3
576.1 580.8 585.3 589.2 596.7 607.5 609.6 612.3 615.7 619.6 623.9 627 633 637.9 641.1 644.3 646.1 646.9 646.1 640.3 632.7 622.5 614.4 609.6 600.8 591.9 587.7 583.2 573.7 564 554.1 546.9 539.5 552.5 555.5 558.8 559.3 562.3 567.5 572.8 577.2 580.7 580.1 583.5 587 588.1 592.5 599.1 605.6 611.6 617.7 619.4 622.5 627.4 629.6 629.7 629.6 629.7 630.8 632 632.2 632.9 632.2 628.1 627.1 629.2 629.6 628.5 628.1 629.1 627.5 626.3 626.6 625.4 628.8 629.6 631.5 632.7
578.4 583.1 589.4 598.9 605.9 609.2 611.1 612.9 617.5 621.6 624.4 629 635.1 641.3 646.5 651.3 651.9 651.6 649.4 641.9 633.5 623.3 615.3 610.8 607.1 596.6 589.5 585.3 578 567 557 548.1 533 542.8 548 549.6 553.2 557.4 562.7 567.3 571.5 574.3 577.6 581.1 581.6 588.1 592.2 596.4 603.4 609.1 615.2 618.3 621.3 626.7 628.5 628.5 628.4 628.1 628.7 629.3 630.2 630.9 629.2 624.2 624.7 627.4 629.2 627.3 626.2 625.9 623.8 622.9 623.9 624.9 627.3 630 631 629.7
580.1 586.1 594.2 602.9 608.3 611.2 613.9 615.9 619.3 622.4 625.6 631 636.6 642.6 649.8 654.4 655.2 655.2 654.2 643.9 635.7 625.5 612.9 607.9 605.8 600.6 591.1 585.6 580.4 570 557.2 546.5 535.5 532.2 539.1 541.4 544.8 550.6 554.8 558.9 563 565.7 570.9 572.1 581 585.1 588.7 593.5 599.9 605 611.3 617.2 620.7 624.9 626.9 627 626.7 626.1 625.4 625.6 626.7 627.9 625.3 619.4 620.6 621.5 624.7 623.6 622.6 619.8 618.7 619.4 620.9 623.6 626 628.2 627.6 628.6
579.2 587.8 596.4 604.8 609.1 611.9 615.6 618.6 620.1 623.9 628.3 634.9 640.2 644.7 651.1 656.1 659.5 658.3 655.4 647.9 636.1 627 615.5 605 602.4 598.7 591.1 584.7 579.9 571.6 557.9 544.2 533.3 522.1 532.4 534.4 536.6 543.4 547.8 551.3 554 558.6 561.3 569.6 577 581.4 586.1 590.8 596.8 601.4 608.3 614.6 618.9 622.1 623.4 624.5 624.7 624 623.4 623.2 624.3 623.9 620.7 614.6 613 614.5 615.1 614.7 614.4 611.5 611.9 613.6 615.6 620.4 623.3 617.2 626.9 631.1
576.1 583.3 588 603 608.2 611 615.2 617.2 620.7 623.3 631 637.5 642.4 647.9 652.7 658.2 662.9 659.5 652.3 646.5 635.4 626.6 618.5 608.1 599.1 592.6 585.8 580.5 577.4 569.2 556.8 543.1 533.4 526.7 524.2 529.7 532.2 536.3 541.2 544.8 547.5 550.5 559.2 564.7 571.2 576 582.2 588 593.4 598.2 604.8 611.1 615.7 618.4 619.9 622 622.5 622.1 621.9 622.2 622 620.7 613.2 606.1 604 603.9 604.2 604.8 603.7 601.1 601.9 605.6 610.9 610.3 605.3 617.2 627.8 630.9
579.3 587.2 592.9 604.9 609.8 611.7 614.1 616.8 621.3 625.1 633.6 639.6 645.2 650.6 655.4 661.6 664.3 659.7 654.3 644.1 631.4 624.2 619.2 611.1 600.3 587.4 581.1 578.2 570.9 563.2 551.1 540.4 531.9 526.7 515.8 525.2 528.9 531.8 535.6 537.8 543.1 544.1 552.4 559.3 564.9 571.4 576.9 583.5 588.2 595.5 601.6 607.6 610.9 614 616.6 617.9 619.3 619.6 619.4 618 616.1 612.7 603.4 596.4 595.1 594.7 594.3 594.6 591.4 588.8 590.9 593.8 598.6 590.3 614 624 628.5 631
582.8 590.2 598.9 606.4 608.7 611.5 614.5 617.7 621.9 629 636.7 642.9 648.7 652.5 658.3 663.5 662 657.9 654.7 647.1 632.2 623.4 617.6 611.5 601.6 590.3 591.2 587.1 579 571.4 559.6 546 537.9 527.1 512.5 516.5 525.3 527.7 529.6 535.7 537.7 540.4 546.7 552.9 559 565.8 571.9 579 585.4 592.1 598.2 603.3 607.1 609.5 613.7 615.7 616.7 614.6 612.9 609.5 605.2 599.6 592.4 590.5 588.4 587.4 587.3 585.7 584.5 584.2 584.2 585.9 580.3 596.1 616 625.3 630.2 631.1
584 591.7 600.4 607.2 609.5 612 617 620.5 625.4 632.4 638.4 646 650.6 652.4 657.4 663.6 664.9 661.1 656.6 651.9 633.8 623.8 617.2 610.5 602.6 593.4 594.2 589.7 581.1 571.7 561.1 548.6 541.4 533 519 503.9 519 519.1 527.2 532.1 530.9 537.4 541.9 547.4 553.9 561.3 567.5 574.1 580.6 587.3 594.2 599.3 603.4 605.6 609.3 611.2 610.5 609.9 605.1 600.8 595.8 589.7 585.8 586.7 584.2 583.9 581.6 579.6 574.9 574.5 575.9 576.7 579.9 603.1 616.2 624.7 629.9 631.2
583.3 591.1 599.5 606.6 609 611.7 616.2 620.2 626.2 634 638.7 645.4 648.9 652.7 656.5 661.4 663.7 664.9 656.2 649.1 636.6 624.1 618 611.8 605.2 596.9 593.5 589 581.7 571.9 558.7 548.3 542.4 535.2 524.7 508.2 504.8 517.2 522.8 526.7 524 532.2 537.6 542.8 549.9 557.2 563 569.3 574.7 581.3 588.8 596.2 601.7 602.6 604.3 605.8 605.8 603.4 598.8 594.4 589.9 586 584.9 582.8 580.9 579.8 578.1 572.2 566.2 564.4 560.9 571.9 587.4 600.8 614.7 624.6 630 632
582.2 590.3 599.9 605.5 608.3 610.7 614 617.9 625 633.7 639.5 646.1 649.2 652.9 656.1 658.2 659.4 657.9 653.3 645.9 637.3 625.3 619.3 613.9 607.4 599.6 592.1 586 579.5 570.1 557.5 547.5 541.4 533.3 521.5 508.7 493.3 511.5 516.6 519 515.1 527.5 533.3 539 545.7 553.5 558.9 564.6 570.2 577.2 584.9 592.6 598.2 599.5 601.6 602.9 602.5 598.5 593.3 588.9 587.1 585.2 582.1 579.2 577.3 575.4 573.3 569.2 553.6 549.9 565.7 570.4 579.6 598.8 614.5 624.1 629.7 632.7
580.8 590 598.8 605 607.1 609.1 612.2 617.4 625.6 633.6 639.4 645.1 649.5 652.5 655.6 657 657 654.2 647.8 638.9 631.1 625.4 618.4 613.1 607.3 600.1 591.6 583.2 575.8 568.3 557.5 546.9 539.7 530.2 516.7 507.3 488.9 502.9 508.5 509.5 510 523.4 529.2 535.2 541.7 548.9 554.4 560.5 567.1 574.1 580.5 587.3 593.9 597.2 598.3 598.8 597.6 593.5 587.9 584.8 583 581.5 577.6 574.5 572.7 570.3 567.5 562.8 543.6 552.6 563.4 570.9 581.2 601.7 615.8 623.6 628.3 632.2
576.6 586.2 596 604.3 606.5 608.5 611.9 616.5 624.9 632.3 638.2 645.3 648.4 651.9 654.9 656.6 656.1 654.1 652.5 645.1 634.9 626 618 611.2 605.2 599.1 590.2 582.1 572.8 564.6 556.5 547.2 537.6 529.3 519.1 505.7 491.4 492.1 497.9 501.4 505.3 515.8 524.5 531.4 537.7 544 550.2 557.3 563.3 569.3 575.9 581.7 589.9 594.6 594.2 592.9 591.8 587.3 582.2 578.7 577.9 575.9 573.6 570.5 568.3 564.2 558.1 548 532.8 554.1 561.6 568.9 579.4 597 612.9 620.9 626.9 630.5
576.3 585.6 595.9 602.7 604.1 607.4 610.8 614.7 623.4 631.2 636.8 643.2 646.3 650 653.8 657.2 658.5 656.8 652.5 646.3 635.4 625.2 617.1 608.9 603.3 597.8 590.2 581 570 560.6 550.6 543.5 535.3 530.3 523 509.2 494.7 483.4 491.8 496.1 497.1 508.8 519.2 527.1 533.2 539.6 547.3 554.1 559.6 564.9 570 577.1 584.1 589.5 588.4 587.1 585.9 581.2 576.1 573.9 571.7 568.8 566.9 564.9 564 560.1 549.4 532.5 534.4 544.1 557.1 569.6 578.2 598.9 615 623.2 627.5 629.9
575.6 582.7 592.2 596 602.3 606 609 614.1 623.5 629.8 634.9 642.2 646.5 650.6 654.1 657.6 662.1 659.9 653.3 648.4 637.7 628.1 619.1 609.8 600.1 594.2 589.1 580.5 570.6 558.9 548.3 539.7 533.6 528.9 521.9 512.8 495.7 484.1 480.3 490 488.9 501.5 511.8 522.2 528 536.5 543.7 548.6 555.7 561 565.6 572.8 578.8 584.5 584.1 581.5 579.2 575.5 570.3 567.3 565.8 562 559.6 558.9 557.6 554.6 538.4 525 541.4 551.4 559.9 571.3 580.8 597 614.2 622.9 628.2 631.3
574.3 579.4 588.8 588.9 598.1 603.8 608.4 612.3 620 627.4 631.9 636.3 643.9 649.8 655.1 658.4 662 660.7 654.7 648.6 639.3 628.7 620.3 611.8 600.3 590.5 585.8 578.1 568.8 558.1 545.6 538.1 535.2 532.7 525.8 507.4 495 485.5 473.2 482.8 481.1 494.1 503.7 516.5 525 531.2 538.6 546.3 551.8 556.7 561.4 567.5 575 579.2 578.5 575.7 572.5 569 564.7 561.1 557.9 554.6 552.1 552.2 550.7 547.3 522.7 526.9 541.9 549.9 559.2 571.8 580.5 593.9 612.6 621.6 628.3 631.4
571.5 574.1 578.7 588.2 596.8 604.5 608.6 612.2 617.3 626.2 635.2 643 648.4 652.1 656.5 659.7 661 659 654.2 647 638.4 630.1 622.2 614 603.3 593.5 586.7 574.9 562.6 552.1 544.8 538.8 536.4 534.5 529.8 518.3 505.4 490.4 476 473.3 473.5 487.4 496.4 509.2 519.7 528.1 535.6 541.2 547 552.8 558.6 565.1 571.1 573.7 572.5 569.8 566 562.6 558.2 553.7 548.7 546.5 543.6 544.5 542.5 533.7 510.8 527.5 540.2 550.1 561.6 570.4 580 590.8 611.5 619.8 627 631.2
564.5 576.2 584.5 592.4 598.8 604.3 608.1 610.7 615.8 626 636.7 645.3 652.3 657.9 657.7 659.1 658.4 658.7 653.9 650 642.6 633.1 624.1 615.7 606.6 595.4 588.4 577.4 564.2 549.4 542.4 539.8 537.3 535.1 530.3 520.8 506.7 493.6 480.4 465.5 469.7 481.1 494.3 506.9 515.5 523.7 530.3 536.2 542.9 549.9 556.4 561.6 566.5 567.8 566.5 562.6 559.5 555.2 549.8 544.6 538.2 533.5 532.1 534 532.8 509.9 514.6 530.7 541.1 550.8 562.6 569 577.9 590.2 610.5 619.5 625.2 629.3
569.3 575.3 582.9 588.3 591.7 598.2 605.5 608.6 614.1 624.1 634.9 645.6 653.8 659.1 661.9 658.8 661.7 661.5 654.6 650.3 646.8 636 626 617.6 610.1 599 588.7 579.8 564.9 546.3 540.4 537.9 535.5 533.4 528.3 520.1 508.5 491.9 480.7 466.8 462.8 476.6 490.9 503.1 511.1 518.9 525 531 538.4 546.3 553.9 559 561.6 561.8 560.2 555.7 551.5 546.7 542.4 535.9 529 525.5 521.3 519.3 517.2 498.2 520 532 541.7 551.8 559.8 571 579 587.8 610.9 621.9 625.9 628.8
566 572.3 578.3 588.4 596.8 602.7 604.9 607.8 612.1 621.2 632.6 644.8 653.5 658.3 661 663 664 662.3 656.6 650.7 647.6 639.5 629 620.9 613.1 602.9 592.2 581.3 566.8 549.3 539.7 536.1 533.7 532.5 527.5 517.2 508.6 491.4 480.5 469.5 459 473.1 488.8 498.5 506.6 513.4 519.7 525.8 533.4 541.4 551.5 555.9 557.9 556 552.9 549.6 545.3 540.4 534.9 527.8 520 512.9 508.5 504.2 495 506.9 520.3 532.5 541.1 550.4 558.7 571 579.2 585.8 610.8 621.4 627.7 629.2
564.2 571.4 577.4 585.6 594.8 601.5 604.5 607.2 609.9 617.8 629.2 644.1 653.3 657 659.7 663.2 666.5 663.6 655.6 649.9 647.4 644.6 635.3 626.1 618.5 606.4 596.7 584.4 571.3 556.7 540.8 535 530.3 532.6 527.5 512.6 501.8 492.3 482.1 471.6 457.8 465.2 484.6 494.1 501.5 508 513.6 521.3 531.3 538.4 545.5 552 553.4 550 545 542.3 537.9 533.5 526.9 519.2 510.7 500.4 489 485.8 494.7 514.8 524.5 533.7 541.7 548.9 558.2 570.6 579.5 583.7 608.1 619.7 627.9 629.2
567.4 571 576 582.5 590.2 596.4 601.2 605.4 609.8 615.9 624.2 634.9 647.8 654.9 659.6 662.3 664 660.6 655.1 649.6 647.2 645.6 639.8 631 622.1 611.5 601.5 588.6 576 560.5 545.4 535.9 528.2 529.1 526.8 512.8 498.2 488.8 482.5 474 456.3 459.1 478.2 490.1 494.9 502.4 507 517.4 528.3 534.4 540.1 544.8 545.5 542.8 537.5 534.3 530.7 526.5 519.9 511.9 501.5 488.7 477.5 488.4 503.3 514.3 524.3 533.5 540.4 548.4 556.8 569.2 577.1 586.2 602.4 616.7 627.6 629.1
