data/SD92.asc
ncols 200
nrows 200
xllcorner 390000
yllcorner 420000
cellsize 50
[rows 35 to 69 of 200, columns 0 to 77 of 200]
366.8 370.2 372.3 372.1 371.6 373.4 376.1 375.7 374.9 365.6 364.5 364.1 364 364.8 363.4 360.5 356.5 353.4 355.7 360 364.4 369.3 377.6 386 395.4 402.4 406.1 410.8 414.7 422.2 428.1 433.5 437.7 440.6 444.1 447 449.6 450.8 450.6 450.4 450.3 450.6 449.3 446.4 445.6 445.8 445.8 444.4 444 442.5 440.2 439.5 438.5 437.4 436.3 436.1 432.9 429.6 428 426.2 424.8 423.9 422.4 420.7 419.5 418 417.1 418.3 418.7 417.6 417.7 418.5 418.2 416.7 416.2 415.8 415.7 410.1
365.4 368 369.5 368.4 367.7 369 371.4 374.4 371.9 365.3 356.9 358.1 359.2 358.8 358.8 358 354.1 348.6 350.9 355.9 358.6 366.2 371.7 379.8 390.7 395.4 400.1 411.3 414.6 421.2 427.2 432.3 438.1 441.9 443.6 445.2 447.9 450 450.7 450.7 450.9 450.9 450.9 448 445.6 445.8 445.8 444.5 443 441.7 440.9 438.4 437.3 436.4 435.9 435 431.5 429.6 428.1 426.8 426.3 425.6 424 422.3 420.9 419.6 418.9 419.2 419.2 418.9 418.7 418.9 418 416.8 416 415.1 412.6 408.4
365.2 366.4 366.7 365.6 365.1 364.9 366 368.9 370.6 363.8 351.4 351.1 354.9 353.1 354.6 355.7 352.7 345 344.8 350.2 355 359.8 367.5 375.7 384.8 388.5 398.2 406.7 414.2 421.3 427.5 433.2 439.6 442.3 445.2 445.5 447.3 449.3 450.8 450.9 450.9 450.9 450.9 448.6 445.2 444.1 444.3 441.9 440.7 440.2 439.9 437.8 435.6 434.2 432.9 431 431.2 429.6 428.2 427.6 426.8 426.1 425.5 425.2 424 422.8 423.1 420.7 420.1 420.6 420.4 418.8 417.9 416.5 415.1 410.9 408.3 405.5
362.7 363.4 362.5 361.5 359.9 358.8 361.3 365.4 366.5 363.8 352.4 342.1 348 348.3 348 351 349 344.3 341.5 346.2 349.6 355.9 362.5 368.7 374.7 384.4 396.6 405.8 414.9 422.7 429 434.4 439.4 442 444.1 446.5 448.3 450.2 450.7 450.8 450.8 450.9 450.9 449.1 447 445.6 444 440.5 440.1 440.3 437.8 436.2 436.1 433.3 429.6 430.2 428.4 428.5 428.2 427.9 427.2 426.4 426 426 426 425.9 425.9 424.2 422 421.1 420 418.9 418.4 416.8 412.1 407.1 406.3 403.6
357 355.7 357.8 358 356.5 354.4 357 357.2 362.1 365.4 353.5 339.2 345.1 345.2 345.6 346.5 345.7 341.7 334 342.6 346.6 350.6 355.6 364.4 372.5 383.5 394.9 403.8 413.3 423 429.1 435.4 439.2 441.4 443.9 445.9 448 450.1 450.9 450.8 450.9 450.9 450.9 450.5 448.9 446.7 444.2 440.6 439 438.1 437.1 434.4 432.6 429.7 427.3 426.6 426.1 426.9 427.1 427.1 427.1 426.8 426.4 426.3 426.2 426 425.9 425.4 423.3 421.4 420 417.6 415.4 414.2 409.9 406.1 405 402.4
349.5 348.1 352.2 354.7 354 350.1 350.1 355.8 356.7 358.5 351.9 337.7 337.9 342.9 342.9 341.7 343.4 339.5 334.2 339.8 341.3 345.2 356 363.8 370.8 381.6 392.1 402.9 412.4 419.7 428.8 433.9 438.4 441.5 444.1 445.1 447.3 448.7 449.7 450.8 450.9 450.9 451.1 451 449.3 446.9 444.3 441.4 439.6 437.4 435.7 433.1 429.7 428.5 425.8 424.5 424 425.9 426.3 426.3 426.3 426.4 426.5 426.5 426.3 426.2 426.1 425.5 423.7 421.6 419.9 417.1 414.9 412.6 409 405.5 403.7 401.2
345.4 344.9 345.9 349 349.8 346.9 345.4 348.9 350.6 353.3 352.4 338.3 329.1 336.4 334.9 337 339 338 330.4 330.4 340.9 349 356.4 364 370.4 381.6 391.3 400.6 410.8 418.5 426.8 432.9 438.3 441.9 443.9 445.2 446 446 446.7 448.4 450.9 451.1 451.2 451.2 451 449.4 445.8 441.9 438.8 437.1 435.5 433.2 431.2 428.3 425.2 423.3 423.2 424.4 424.4 425.9 426.1 426.3 426.4 426.4 426.4 426.3 426.1 425.4 423.2 421 419.5 417.9 415.4 411.3 407.8 405.2 402.7 399.2
342.5 343 344.2 346.8 347.2 344.3 341 344.9 346.4 349.6 349.5 338.1 324.5 331.9 332.1 332.1 332.4 332.8 327.2 337.4 343.8 349.9 357 363.5 370.3 380.4 389.8 398.5 408.5 416.7 424.1 431.9 437.2 441.5 443 442.5 445.1 445.7 445.1 447.2 449.6 451 451.3 451.3 451 450.6 447.1 443.3 440.1 438.3 436.6 434.7 430.8 427.6 425.1 423.3 422 422.8 423.5 425.2 425.9 426.1 426.2 426.3 426.3 426.2 426.1 425.3 422.8 420.5 419.1 417.2 414.7 409.8 407.4 404.9 401.9 397.4
340.2 340.5 342 343.8 344.2 341.6 334.7 342.1 343.5 347.6 348.9 338.3 325.5 323.7 328.3 326.5 324.7 323.6 336.6 347.2 349.9 352.8 357 363.1 370.2 378.2 387.2 397 406.5 415.6 423.2 429.7 437 441.2 441.4 440.2 442.2 444.6 444.4 446.1 449 450.9 451.1 451.2 451.1 450.9 448.1 445 441.6 439.4 437.6 434.6 430.3 426.6 424.1 421.8 420.2 420.7 420.3 423.4 424.5 425.9 426 426.1 426.1 426 426 425.1 422.7 420.2 418.9 416 413.5 409.9 407.1 404.3 401 395.8
334.7 337.2 337.6 338.8 340.9 340.5 329.1 335.6 341.3 344.7 347.7 339.1 327.2 316.2 322.6 319.7 309.2 327.9 338.2 346.3 352.1 357 361 363.8 369.8 377.2 386.1 394.3 403 412.9 420.9 426.9 434.6 436 437.7 437.7 438.5 438.7 441.7 445 448.3 450.9 450.9 451 451.1 450.9 448.8 446 442.9 440.5 437.6 435 431 425.8 422.8 419.9 419.2 419 419 421.6 422.7 423.4 425.8 425.7 426 426 425.9 425.3 422.6 420.1 419 417.7 414.8 410.5 406.2 403.5 400.6 393.8
330 333.3 334.5 336.3 337.1 335.7 328.7 330.1 335.2 341.1 346.7 342 329.6 323.2 308.5 303.7 317.7 324.2 331.7 342.1 351 359.7 362.6 365.5 368.3 374.7 382.6 390.8 398.8 407.6 414.9 421.6 427.1 429.5 431.6 431.7 432.5 433.6 438.8 444.8 448.7 450.9 450.9 450.9 450.9 450.2 447.6 445.4 441.8 439.1 436.7 433.7 430 425.8 422.5 419.5 419 419 419 419 419.7 419.6 423.2 425.1 426 425.9 425.9 425.4 422.7 420.4 418.4 417.2 414.4 410.6 406.4 402.5 399.4 393.5
324.9 330.4 332.7 333.1 333.2 332.7 327.7 322.7 330.8 335 344.5 343.8 334.1 322.1 312.8 298.6 315.5 320.1 326.1 334.6 345.5 357.2 360.7 363.8 367 372.1 377.7 387.2 394.2 401.4 408.5 413.8 418.3 422.2 424.6 425.2 426.1 430.2 434.5 444.8 448.4 450.9 450.8 450.9 450.9 448.1 446 445 440.8 438.2 436.1 433 429.7 425.7 422.3 419.8 419 419 419 419 419 420.1 422.2 424.9 425.6 425.9 425.9 425 423.4 421.5 419.2 416.8 414 410.7 406.3 402.6 399 394.6
319.1 326.8 330.3 329.3 329.7 329.7 324.6 318.8 326.5 327.8 336.6 341.4 339.1 326.6 306.4 299.8 310.9 317.7 320.9 330.3 339.6 350.4 358.3 358.8 365 369.3 376.1 383.5 390.7 396.2 400.6 405.4 409.1 412.3 414.5 417.7 418 423.8 427.8 432.7 439.4 445.7 447.9 449.3 448.5 446.3 445.2 442.8 439.6 436.3 436.1 433 429.8 425.6 421.5 419.1 419.3 419.4 419 419 419.3 421 423.3 425.5 427 427.7 427.9 426.2 424.2 422.4 420.1 417.6 414.2 410.9 406.5 402.7 399.1 395.5
313.6 320.9 323.6 322.8 324.9 325.3 322.1 308.1 319.7 322.1 330.3 333.4 334.7 329 305.6 292.9 305.7 312.9 317.5 327 335.2 345.1 352.7 356.6 361.1 366.9 373.2 382.9 388.1 391.3 394.3 395.5 398.4 401.5 403.5 404.6 411.7 415.9 420.6 424.1 429.3 435.5 441.9 445.9 445.5 444.3 442.7 440.6 438.1 435 432.2 429.6 428.4 425.4 422 421 420.8 420.9 419.7 420 420.9 423.2 424.9 426.4 428.8 429.4 429.9 427.6 425.3 423.8 421.1 418.4 415 411.3 407.2 403.4 400.7 398
300.6 305.6 311.2 316.6 319.9 322.1 319.6 302.8 309.4 317.6 321.9 329.2 331 327.3 298.9 291.5 301.2 308.5 314.7 323.8 331 339.4 347.6 353.9 360 365.6 372.1 379.8 384.4 387.3 386.4 386.9 389.7 392.1 395.3 399.8 405.3 409.2 412.1 416.1 421.1 427.1 432.4 440.4 442.7 441.3 440.1 437.5 434.8 432.6 431.2 428.3 426.8 425.5 423.4 422.2 421.3 418.9 416 413.9 418.7 422.3 425 426.9 430.6 431 431 429.5 427.3 425 422.1 419.2 415.9 412.5 408.5 405.4 403.2 400.3
286.2 294.3 300.1 310.5 316.1 316.5 316.4 312.9 296 312.1 317.9 322 325.4 324.5 303.7 285.2 296.2 304.7 313.6 320.3 328 335.6 343.9 352.7 359.6 365 368.8 375.6 380.4 382.3 378.9 380.6 384.4 385.5 391.1 394.4 398.7 401.7 404.7 408.8 412 417.6 423.7 431.3 439.6 438.6 436.9 434.6 432.9 430.7 427.8 425.2 424.7 423.3 421 419.7 418.9 417.2 414.4 415.2 419 422.1 426.4 430 431 431.2 431.2 430.6 427.7 425.2 423.4 419.3 415.5 413.4 409.9 407 404.4 401
291.2 286.2 293.4 304.3 308.1 310.7 312.9 308.4 290.4 306.2 315.3 316.7 319.7 319.3 313.5 287.2 291.1 302.2 311.6 318.8 326.5 332.7 340.5 348.4 358.8 363.6 366.5 371.3 375.1 375.1 373.3 375.8 379.3 382.8 388 391.1 393.9 397 399.6 401.7 403.4 407.3 411.5 416.3 429.8 434.6 432 429.3 428.5 427.5 423.9 422.4 421.7 419.9 418.5 417 416.3 414.3 412.4 415.6 419.1 421.6 425.8 430.7 431.1 431.4 431.3 430.7 428 425.4 423.8 420.8 413.1 412.4 410.1 406.3 402 397.3
307.8 288.5 283.9 292.5 296.7 305.6 308.2 304.6 286.5 301 306.1 308.3 316.2 316.8 315.4 287.8 286.7 300.3 309.8 316.3 324.4 329.6 336.4 345.7 356.2 360.9 364.7 368.4 370.7 369.5 369.3 371.7 375 380.5 384.7 386.2 388.6 391.7 394.8 395.8 396.1 398.1 401 404.7 412.2 427.6 427.6 423.2 423.7 423.2 420.5 420 418.2 416 415.6 414 412.7 409.9 413.2 416.9 419.3 420.1 424.7 429.4 431.1 431.4 431.3 431 426.9 425.6 422.7 420.1 415.2 409.6 406.1 402.7 398.9 395.7
319.4 299.6 278.7 285.7 289.6 298 303.8 299.3 282.9 292.4 299.6 302.7 310 312.2 309.8 293.6 282.1 299.2 308.1 314.8 322.1 328.8 335.2 340.9 351.2 358 362.9 366.3 367.2 367.6 365.8 367.2 372.7 376.9 378.7 381.1 382.9 385.9 388.7 388.1 390.4 391.3 392.3 394.1 398.2 404.3 410.9 411.2 413 415.5 417.3 415.4 415.5 413.4 412.7 409.3 408.4 409.6 414 417.2 419.5 421.4 424.6 426.4 430.2 431 430.2 427.8 424.9 421.7 419.3 415.4 410.8 406.6 404.2 401.6 398.5 395.3
329.5 311.8 284.9 276.1 282.7 291 297.5 291.7 276.5 287.9 294 296.3 303.7 307 302.2 289.9 281.9 299.7 306.9 313.5 320.5 326.6 332.8 338.6 346.9 355 360.7 362.2 362.9 365.7 359.9 362.8 367.8 371.4 372.8 375.5 377.1 379.7 381.9 382.1 384 383.7 386.1 387.5 389.2 391.5 393.1 396.1 399.3 401.5 404.1 406.6 407.5 407.1 405.1 404.3 404.4 409.9 414.4 416.2 420 422.6 424.7 425.7 426.3 426.6 425.6 422.6 418.7 417.6 415.1 411.4 408.8 406.1 404.1 401.7 397.6 394.9
337.2 327.2 304.8 280.3 270.4 280 281.8 281.5 274.9 280.7 289.5 291.4 297.4 302 292.2 271.4 290.2 303.5 307.3 312 318.4 323.4 329.7 334.9 340.9 348.7 356.8 358.2 356.7 358.8 353.2 357.6 362.8 366.9 368.3 369.6 371.5 373.5 375 376.8 377.6 378.9 379.9 381.2 382.8 383.7 385.4 388.3 390.2 393.1 393.8 396.2 399 399.4 400.8 401.9 408 412.6 415.7 419.7 422.4 424.2 425.8 425.5 425.9 424.3 422.6 419.7 416.7 414.5 413.5 409.9 407.2 405.1 403.3 401.1 396.8 394.2
339.8 334.9 320.5 302.8 286 265.3 271.7 271.8 266.1 275.1 284.4 288.4 292.8 296.8 281.3 276 297.7 305.9 305.3 306 315.3 320.3 325.7 330.6 335.4 344.6 352.4 355.6 352.1 351.7 350.1 353.5 358.4 361.4 364.7 366 367.6 369.1 370.3 371.6 373.2 374.4 374.9 374.3 375.5 375.3 377.6 380.4 384.6 389.3 390.7 391 392.8 394 399.6 404.3 410.1 413.8 416.8 420.1 423.1 425.7 425.3 424.9 424.1 423.4 421 419.5 416.4 414.1 411.6 410 406.4 404.5 402.6 400.5 396.7 393.4
341.5 338.5 329.2 318.3 304.9 286.7 266.7 258.6 264.3 265.4 268.9 278.1 288.4 284.6 263.8 285.1 298.9 304.9 304.2 299.1 305.3 316.1 320.1 325.5 330.5 340.7 348.1 350.4 347.8 342.6 346.4 349.5 352.3 355.9 360.3 362.9 364.5 365.6 366 365.9 369 369.6 369.3 368.5 368.4 369.4 371.8 374.2 377.7 383.1 384.9 384.9 391.6 397.2 402.3 407.6 412 415.2 417.2 419.7 423.1 425.6 425.9 424.6 423.5 423 420.8 419.1 416.2 414 411.3 408.1 405.7 403.6 401.8 399.9 397.4 395.2
338.2 342.9 334.4 323.7 316.6 304.6 287 266.5 260.4 260.8 259.4 269.8 285.2 267.8 267.4 282.2 294.6 305.8 306.4 301 294.5 305.8 314.3 319.9 325.6 333.3 343.8 347 344 339.7 343.4 346.3 347.7 350.5 355.5 360.2 359.1 360.6 362.2 363.4 363.6 363.9 364 363.4 363.2 364.3 366 368.4 372.7 375.4 379.7 390.9 394.2 399.7 404.4 408.3 412.8 416.3 418.7 421 423 424.9 425.9 424.8 423.8 422.7 421.1 418.9 415.9 412.4 408.9 406.6 404.9 402.8 400.7 398.7 397.3 394.9
330.5 344.8 338.5 329.2 322.4 313.5 303.6 278.2 249.9 258.6 257.4 257.9 279.5 252.8 265.3 283.3 296.4 305.6 309.2 302.6 289.2 297.6 307.6 314.2 319.7 325.5 336.6 343.4 340.6 335.7 339.4 340.9 343.8 347.5 353 355.7 354.8 354.4 356.1 358.4 357.9 358.1 358.4 358 358.2 358.7 360.5 361.4 360.3 363.1 376.8 384.9 389.1 399.2 405.2 411.1 414.6 416.6 418.5 420.9 423.3 424.3 424.9 424.7 423.6 422.3 420.3 418.4 415.5 411.7 407.9 406.5 405.5 403.4 401.4 398.7 396.8 394.6
312.6 328.1 329.9 334.8 326.1 320.6 313.4 290.2 265.2 251.9 249.2 249.1 253.4 250.9 269.7 286 297 305.1 300.7 288.3 285.8 289.2 298.2 304.7 313.3 319 329.2 339 337.7 330.4 333.9 336.2 339 342.2 347.3 348.4 348.5 348.6 352.1 353.2 352.3 352.3 352.4 352.2 352.4 353.1 354.1 353.2 351.6 362.1 370.7 377.5 383.3 390.2 402 411.1 414.6 416.9 418.6 419.9 423.2 424.3 424.9 424.5 423.8 421.8 420.1 417.9 415.1 411.5 409.3 407.3 405.7 404.1 401.6 399.1 396.6 394.4
291.6 296.8 312 320.8 326.1 325.5 317.8 304 282.4 279.5 267.8 248.5 244.3 253.4 271.2 286.3 295.6 296.9 268 270.1 277.4 275.5 282 290.8 307.2 312.4 321.6 334.1 333.4 328.1 328.3 330.3 334.4 337.9 341.7 343.3 344.6 345.9 346.8 346.7 346.7 346.8 346.6 346.8 347.1 347.9 349 344.5 352.6 359.8 367.6 374.3 379.5 386.3 395.3 408.7 414 416.7 418.5 418.8 420.6 424 425.1 425 424.2 422.1 419.8 418.2 415.3 412.1 410.3 408.6 406.2 404.2 402.1 399.4 396.8 394.2
290.8 293.7 304.6 315.2 326.5 326.8 324 317.9 308.6 297.6 283.6 267 242.4 241.5 257.7 270.4 266.7 249.6 251.9 263.6 259.9 266.6 275.2 283.2 296.3 306.9 312.2 325.2 333.1 321.6 323.8 326.5 329.4 335.1 338.6 340.5 340.2 342.6 343 342.9 342.9 342.6 342.2 342 341.8 341.8 341.1 346.4 352 357 363.3 371.1 376.5 383.5 390.6 399.6 409.9 414.2 416.6 416.7 418.9 423.6 426.4 429.1 427.9 425.4 422.6 420.1 416.9 413.2 411.7 410.3 405.9 403.8 401.7 399.5 396.9 394.3
286.6 294.1 300.6 311.7 324.1 328.2 326.4 322.8 313.6 305.6 297.2 285.5 260.6 233.5 228.8 242.2 241.1 245.8 250.2 248.2 256.7 261.2 273.6 283.2 293.2 302.5 308 319.9 323.1 315.9 318 323.1 325.9 330.3 334.9 336.4 336.4 339.3 339.5 339.4 339.1 338.3 337.7 337.5 337.4 336.6 339.4 347.2 351.1 356.1 361.1 366.9 373.9 379.9 387.5 392.5 400.3 408.9 412.9 413.1 416.8 425.3 431.6 434.1 432.7 428 424.8 423 421 417.3 414.8 412.1 407.6 403.7 401.3 398.9 397.1 395.1
277.2 286.3 298 310 324.4 328.8 328.3 326.4 324.3 310.6 300.9 293.4 283 261.3 230.3 224 230.3 233.5 239.1 243.5 249.1 259.1 271.8 282 289 297 303.6 311.9 317.7 308.9 313.7 317.8 321.9 325.3 331.5 331.8 334.4 335.1 335 335.2 334.7 333.7 332.4 332 332.2 330.3 341.5 348.5 351.4 355.5 359.8 365.4 370.2 373.7 381 386.3 391.4 399.5 404.6 410.8 415.5 422 433 436.1 436 432.9 429.9 426.2 422.7 420 416.7 413.2 410.3 404.7 401.5 398.7 397.4 396.1
268.6 277.5 284.4 301.5 310.3 325.6 327.7 326.9 325 315.7 299 292.8 289.3 280.3 261.8 213 224.4 224.5 228.5 231.1 245 255.2 269.2 282.9 290.2 293.1 298 304.9 310.8 299.2 310.1 313.5 317.8 322.6 324.7 329.2 331.4 331.6 330.7 330.8 330.7 329.6 327.7 327 325.4 335 342.8 348.5 352 356.1 360.4 363.9 366.2 369.3 373.9 379.6 385.9 390.9 401.5 411.1 412.4 419.3 427.9 431.1 432.8 431.5 425.5 423.3 421.4 420.3 416.7 413.4 411.7 408.8 404.2 400.8 399.1 398.3
264.9 271.9 285.2 300.8 306.6 313.3 323.7 324.4 319.3 310.4 297.9 290.6 285.9 282.4 275 239.9 212.3 219.8 226.4 229.6 245.3 254.3 269.7 282.1 287.2 291 296 300 305.7 290.3 303.1 307.4 311.5 316.3 322.9 326.6 329.5 329.1 325.9 325.1 325.2 324.2 322.3 323.1 328.9 335.8 342.3 348.3 352 355.6 358.4 359.5 361.6 365 369.3 374.8 380.2 386.5 394.8 401.8 405.3 414.7 417.2 418.1 419.9 418.7 418.3 419.3 418.7 417.5 415.5 413 411.5 411 405.6 402.6 401.3 400.3
261.2 272.2 290.1 296.5 302.4 313.8 320.2 307.7 302.1 303.8 296.5 287 283.6 281 275.8 250.9 214.9 216.7 224.9 228.8 246.6 255.7 270.1 279.3 284 288.8 293.7 296.4 298.6 285.4 293.6 303.7 306.7 312.8 322.5 323.4 324.7 323.1 320 318 315.1 315.8 318 326.6 333.6 337.6 342.7 347 350 352.4 353.7 354.4 357.7 361.4 365.8 371.6 377.2 382.6 387.9 394.7 398.6 404.9 408.5 412.1 412.6 412.5 412.7 414.2 414.9 415.9 413.7 412.5 411.4 410.3 406 404.8 403.3 401.9
249.8 266.3 281.4 287.3 300.4 314.7 302.1 283.6 282.1 278.2 276 280.4 278.9 274.4 266.2 226.6 206.9 216.8 222.9 230.5 245 251.9 266.9 275.8 281.9 286.3 289.6 291.9 294.4 272.6 284 297.6 294.4 311.7 317.9 321.6 321.5 319.4 313.7 307.2 299.7 310.7 320.7 327.9 334.5 338.4 341.6 344.7 347.1 347.7 348.5 351.4 354.2 357.5 362.6 369.1 375.1 381.5 388.7 391.6 394.1 399 404.9 406 406.5 408.1 408.6 409.3 410.6 411.7 412.7 411.4 410.6 410.2 407.7 406 404.1 403.1
244.3 257.9 266.5 270.3 284.6 292.3 287.7 267.6 264.4 260 257.5 264.9 268 260.3 237.7 210.8 203.5 213.6 220.6 229.7 243.8 251.8 263.9 273.8 278.3 278.8 283.7 288 286.6 265.1 274.2 278 295.5 294.1 309 316.9 317.9 315.9 305 287.3 304.7 313.2 323.4 329.1 335.2 339.2 340.5 342.6 342.1 343 344.5 346 350 354 360.4 367 371.6 378.4 387.5 391 393.6 397 400.3 403.3 405.1 405.8 406.8 407.8 407.8 408.7 409.7 410.3 410.9 410.8 410.5 407.3 403.6 402.5
