data/SD98.asc
ncols 200
nrows 200
xllcorner 390000
yllcorner 480000
cellsize 50
[rows 70 to 104 of 200, columns 0 to 77 of 200]
310.2 305.9 298 291.3 285.3 284.8 284.4 284.5 283.4 279.3 272.6 267.1 259.9 256.2 255.6 254.7 253.4 252.6 251.8 251.6 251 250.6 250.7 250.8 250.9 250.3 251.3 251 250.7 250.7 255.1 263.4 263 259.6 262.2 274.2 285 292.5 301.8 310.8 321.7 328.6 340.8 349.7 346.1 355.5 364.6 372.3 378.9 383.2 390.7 392.9 397.4 404 408.2 410.9 414.6 418.9 419 426.9 427.1 427.4 428.4 429.5 430.8 433 435 438.5 442.8 446.6 448.2 447.8 444.6 439.1 433.8 434.7 437.3 440.9
298.7 294 289.3 284 280.7 281.1 282.9 280.3 277 271.5 266 262 257.5 256.6 255.5 254.6 253.3 253 252.8 252.5 251.7 250.9 251 251.2 250.8 251.7 251.5 251.2 250.9 252.8 261.5 267.5 265.3 266.4 275 285 292.8 303.5 313.1 321.6 332.1 339.9 347.8 352.8 356 365.1 373.3 379.9 384.8 391.4 395.2 398.9 404.4 409.1 412.6 415.7 420.5 427.5 430 430.4 431.7 433.2 434.2 435.3 435.9 437.6 441.1 445.4 448.9 451.2 450.9 447.1 442.8 438.4 441.7 443.9 446.1 449.1
290.7 289.1 286.5 283.2 277.8 279.8 275.7 269.2 265.6 264.5 261.7 259.3 258.5 257.7 256.4 255.2 254 253.4 253.2 252.8 252 251.2 251.2 251.6 251.8 251.6 251.3 250.9 252.2 257.5 265.3 266.3 269 274.6 282.5 293.1 303.2 311.3 322.4 332.2 340.4 348.9 358.7 355.4 363.7 373.8 380.6 385.6 392.8 396 399 403.4 409.5 414.5 418.6 424.4 429.4 433.2 433.8 435.1 436.8 438.3 439.5 439.9 440.4 443.4 447.3 451 454 452.3 449 447.9 446.5 445.7 448.8 451.6 453.4 452
288 284.4 280.6 275.7 271.2 271.3 266.9 265.1 263.9 262.5 261.3 260 258.9 257.7 256.9 255.8 254.8 254.2 253.5 252.9 252.3 251.5 251.5 251.4 252.3 251.7 251.4 251.1 252.6 257.6 258.8 267.8 276.1 281.8 290.3 301 310.7 321.9 332.6 342.9 351.1 358.2 359.8 360.5 372.3 380.4 386 394.2 397.2 400.2 404 410.7 415.5 420.2 425.6 431.5 435.9 438 438.7 438.2 441.9 443 443.9 444.3 444.9 448.6 453 455.7 455 453.5 452.2 451.4 449.7 450.1 453.6 454.7 454.6 452.9
284.7 277 271.7 269.5 267.3 266.3 264.8 263.8 263.4 262.5 261.5 260.3 258.8 257.8 257.1 256.3 255.9 255.3 254.1 253.4 252.6 251.9 252.1 251.9 251.9 251.8 251.4 251.6 252.6 257 268.4 274.7 280.4 289 297.8 307.4 317.3 328.8 339.5 350.4 360.6 363.8 362 368.7 378.1 385.1 391.6 397.7 401.1 405.4 411.4 417.5 422.2 427.3 433.4 437.9 441.9 444.8 440 443.9 446 447.1 448.2 448.8 449.8 454.1 457.5 458.8 459.5 459 457.7 455 453 453.7 455.7 456 456.1 458.1
273.6 271.4 269.7 269.2 267.6 266 263.8 262.5 263 262 260.7 260.1 259.3 258.6 257.9 257.3 257.2 255.9 254.7 254 253.2 252.4 252.7 252.7 252.1 252.2 251.8 252 255 266.3 276.5 283.9 285.1 296.4 305.7 315.9 325.2 335.4 345.7 355.9 363.9 365.4 369.5 378.9 384 389.5 397.4 402.1 406.3 412.9 419.7 424.2 428.8 434.6 440.3 445.9 450.4 449.1 445.2 448.5 450.5 451.6 452.7 453.4 456.4 459.3 460.7 462.5 463.4 461.9 457.4 455.9 457 457.2 458.2 460.5 462.4 463.2
273.3 271.6 279 278 270 267.8 264.7 263.4 262.4 261 259.5 259.2 258.9 259.8 257.9 257.1 256.3 256.4 255.3 254.5 253.7 253 253.3 252.3 252.5 252.3 252.5 256.2 264.2 274.3 284.9 291.3 293 302.5 313.6 323.5 331.8 341.7 352.7 361.1 365.7 369.5 377.5 385.5 389.5 396.9 401.3 406.3 414.3 420.8 426.4 430.7 434.9 441.1 447.1 454.8 455.7 451.8 451 453.6 454.7 456.1 457.3 459.7 461.3 462.7 463.8 463.6 462.7 459.5 458.4 460.6 459.8 461.2 462.3 464.6 464.9 464.9
278.4 286.9 286.7 278.9 268.7 267.5 266.7 264.9 263.3 261.6 260.4 259.7 260.7 262.7 258.7 256.8 256.1 255.4 255.5 255 254.2 253.5 253.1 253.4 253.5 253.4 256.4 263.8 272.7 281 289.7 296.2 297.7 309.8 321.6 329 338.5 349.8 357.9 364 369.4 376.4 385 391 397.1 400.7 405.1 414.1 423.6 428.8 433.2 435.9 441.7 447.9 457.5 461.4 459.3 454.9 456.6 458.8 460.6 460.5 462.5 464.2 465 465.6 464.7 463.7 463.1 462.2 459.7 462.7 462.7 463.7 464.3 465.4 465.8 466.2
295.5 296 288.6 278 267.6 265.5 265.1 264.5 263.1 261.8 261.3 260.3 265.3 264.1 258.1 255.9 255.3 254.8 254.4 254.8 254.7 253 253.2 253.3 253.7 256.5 265.7 272.8 280.8 288.2 297.5 302.3 303.7 316.8 326.7 334.7 345.2 355.7 362.1 368.4 373.3 383.1 390.9 395.8 400.9 404.6 413.4 424.4 430.3 435.8 438 442.2 448.6 457.7 465 466 462.5 458.2 462.9 463.8 464.4 464.6 464.9 466.8 467.1 466.6 465.5 464.3 463.7 463.4 461.4 462 464.2 464.5 465.9 467.2 467.6 468
304.3 297.5 286.5 275.1 265.1 264 263.7 263 262.4 261.5 260.9 263.7 266.6 262.5 256.2 255 254.7 254.9 254.7 254.8 254.8 253.4 253.6 253.8 255.6 260.4 270.3 277.4 285.8 294 304.1 308.4 313.2 323.1 331.9 340.8 350.9 360 366.3 372.1 378.2 388 395.1 399.5 403.1 410.9 422.1 430.9 437.4 440.8 442.9 449.3 460.4 468.6 471.5 470.3 465.7 462.4 465.9 467.1 467.7 467.1 467.3 468.2 468.1 467.6 466.6 465.3 464.7 464.3 463.4 462.7 464.3 466.2 467.7 469.1 469.8 469.7
303.8 293.9 283.6 274.5 264.8 262.6 262.1 261.5 260.7 261.1 260 263.2 263.5 257.3 254.8 254.6 255.3 255.3 255.2 255.1 254.7 253.9 254 254.5 261.1 268.7 276.7 282.2 290 300.2 308.5 315.2 322.5 328.4 334.7 345.6 353.5 361.9 369.4 374.6 384.8 395.3 398.9 402.3 406.4 418.9 430.4 438.9 442.8 445.7 450.2 460.8 471.9 476.8 476.8 472.9 468.6 464.6 467.7 469.3 470.4 469.3 469.5 470.2 470.5 468.7 467.7 467.1 466.6 466.1 464.9 465.2 465.4 467.5 469.5 472.3 474.9 473.7
297.3 289.1 282.5 275.6 266 261.5 260.3 259.7 259.1 259.4 259.2 259.8 257.3 254.6 256 256 255.9 255.7 255.6 254.9 254.6 254.5 255.1 261.9 268.9 279.2 283 290.4 297.2 305.4 311.4 319.9 328.3 330.7 339.9 349.9 359.1 365.6 372.2 381.3 392.2 398.7 401.5 404.9 410.9 427.1 438.2 443.5 446.7 451.6 459.6 473.5 480.5 482.7 479.9 473.8 470 467.8 469.1 471.1 472.1 471.2 471.2 472 471.9 470.1 469.6 469 468.7 469 468.6 469.1 469.6 471.7 476 484 483.4 483.4
297.5 294 289.2 282.1 267.3 260 258.8 258.1 257.5 256.9 257.9 255.3 254.8 255.1 256.3 256.2 255.9 255.8 256.1 255.8 255.5 255.8 257.1 268.3 277.1 284.6 288.7 297.6 304.5 308.2 314.8 322.7 328.8 332.5 344 353.7 363.8 370.6 378 390 397.4 399.9 404.4 411.5 423.7 436 444 446.8 451.5 456.7 471.5 480.4 482.9 484.5 479.4 474 471.7 469.6 471.7 473.3 473.4 473.3 473.9 473.4 472.7 472 471.7 472 472.3 472.6 471.8 473.1 473.8 478.2 483.5 486.7 487.8 489
306.6 302.1 295.3 282.5 267.4 260.1 257.2 256.6 256 255.4 255.1 255.3 255.3 255.3 255.7 255.7 255.8 256.2 256.6 256.8 256.6 257.7 261.2 272.3 281.4 289 295.4 301.7 304.9 309.8 318.6 326.8 330 338.7 349.4 360.4 368.1 375.6 387.7 396.1 400.1 402.8 409.4 422.3 433.9 443.5 447.2 450.3 456.1 466.6 477.7 484.1 485.3 483.4 479.4 475.5 472.7 471.4 474.1 475.1 475.5 476.4 477.4 477.2 478.9 479.9 479.1 477.8 477.3 476.3 477 477.2 479.9 483.2 485.5 488.3 489.8 489.8
313.4 306.2 294.7 280.6 267.7 260.4 256.1 255.5 255 254.8 254.6 254.9 255.8 254.9 256.3 256.6 256.1 256.8 257.1 257.6 257.7 257.6 263.4 275.2 283.8 292.4 298.3 302.4 304.7 313.4 321.6 327.9 332.1 345.5 355 364.5 373.2 383.2 396.2 400.9 403.5 406.8 417.6 430.6 442.3 448.4 449.9 455.8 463.6 473.8 482.3 486.4 487.7 485.9 481.1 477.3 473.8 473.6 476 477.6 478.8 482.7 484.1 486.1 494 496.7 495.1 488.1 486.6 485.5 485.8 486.7 489.9 491.2 490.8 492.9 492.5 490.8
315.5 304 290.6 276 265.7 258.4 255.2 254.6 254.6 254.7 254.7 255 255.7 255.7 256 256.2 256.6 258.3 258.2 258.5 258.7 258.6 267 276.8 285.5 292.2 299.8 303.3 307.8 317.1 325 329.9 336.8 351.7 360.6 368.5 379.8 391.8 401.4 402.7 407.1 415.4 428.8 439.8 448.4 452 457.9 462.6 470.4 478.8 484.9 489.5 494.2 493 483.9 479.1 476.1 476.2 477.6 480 482.6 487.7 489.2 492.9 497.6 500.3 501 499.8 498.6 496.2 495.7 496.4 497.6 496.5 495.2 494.4 493.1 491.2
309.8 297.2 284.5 270.4 262.2 256.5 255.7 254.7 254.7 254.8 254.8 255.1 255.3 255.4 256.8 256.4 258.8 260.1 259.2 259.2 259.4 260.1 265.8 276.7 284.5 292.9 301.4 305.7 312.4 321.3 329.8 332.6 344.3 358.7 365 375 385.6 398.2 403.5 405.6 412.6 425.2 437.9 447.4 454.3 460.6 466.4 471.2 476.1 481.9 486.4 492.1 500.2 499.9 486.8 481.9 479.8 479.1 478.7 480.8 484.8 487.1 490.6 494 498.2 503 503.7 504.7 503.9 502.9 501.7 500.1 500.2 499.5 496.5 494 491.2 489.9
301.6 289.9 276.2 265.7 259.8 258 255.4 254.9 254.9 254.9 255 255.1 255.4 255.7 257.3 258.7 260.4 261.1 261.4 259.9 259.5 260.4 266.1 275.9 286.9 295.2 304.4 308.5 315.8 324.6 333.3 336.7 355.8 362.2 369.8 381.8 392.5 401.4 404.9 409.2 419.8 435.5 445.5 453.9 463.5 469.5 472.9 476.9 483.5 483.7 488.3 492.7 499 503.7 488 482.7 480.5 478.9 479.7 481.6 483.3 487.9 491.7 496.4 500.1 505 505.9 508.2 510 507.7 506.4 505.2 503.1 501.2 496.8 493.3 490.1 488.2
294.4 281.5 269.4 263.1 261 258.9 255.1 255.2 255.3 255.4 255.5 255.5 255.7 255.9 257.3 258.6 260.6 261.7 262.7 263.3 259.9 261.1 267.7 278.1 290 297.3 306 311.3 320.2 332.1 335 345.3 360 365.9 375.8 387.4 397.9 403.3 406.2 413.2 430.3 443.4 452.9 462.9 471.6 476.8 479.4 484.1 486.9 487.7 489 493.9 498.8 506.8 488.1 483.6 482.3 481 482.4 485.1 487.4 488.2 492.5 500.9 504.2 508.4 511.2 520.8 519.1 518.7 513 509.7 507.1 502.5 497.7 493.1 489.7 486.6
284.2 273.4 266.6 263 260.4 256.6 255.3 255.6 255.9 256 256.1 256.1 256.6 257.6 257.2 259.7 260.9 262.1 263.2 264.5 265.4 261 268.8 278.5 292.5 300.4 307.9 314.2 323.6 335.4 337.6 352.6 362.3 369 380.3 391 400.5 403.8 408.9 418.7 436.5 449.5 460.5 473 479.9 482.9 484.2 490.6 492.2 490.5 490.8 494.5 499.1 501.4 488.3 486.7 486.7 488.3 487.1 491.3 491.8 490.3 493.8 502 507.7 512.6 517.4 520.2 522.4 522.6 515.9 514.5 511.5 504.5 499.1 493.8 487.8 486.6
278.8 270.9 264 261.4 257.7 255.7 255.6 255.6 256.1 256.5 257 256.4 256.9 257.6 257.4 259 260.9 262 263.5 265.5 267.3 264.4 269.5 276.1 293.5 302.4 310.1 318.6 329.6 336.4 342.3 355.6 364.7 371.8 384.3 396.3 402.9 408.1 416.4 431.8 444.4 456.4 472 480.1 485.7 487.1 490.2 494.3 503.3 492.5 492.7 495.8 500.4 501 493 493.3 493 502.2 492.3 492.7 492.9 492.9 495.8 502.8 509 515.1 519.9 520.2 519.4 517.7 516.4 518.8 515.6 505.8 500.6 496.6 490.6 487.4
279.8 269.8 259.2 257 255.7 255.7 256 256.5 256.6 257 257.5 256.8 258.2 257.4 257.4 259 260.9 262 265 274.1 273.6 268.3 273.8 274.6 294.7 303.3 312.5 321.4 332.2 337.9 345.4 360.8 366.6 372.2 390.2 400.2 406 412.9 425.1 440.4 449.8 466.7 479.6 484.8 489.2 490.5 493.6 497.3 508.5 498.1 494.5 497.1 502.5 503.4 499.3 499.2 501.5 508.5 499.5 493.1 493.3 494.9 499.6 506.5 512.8 519.4 525.2 527 523.7 520.7 520.4 525.2 516.1 505.7 502.3 498.1 492.4 489
279 263.9 258.4 257.2 256.7 256.2 256.5 256.8 257.2 258 257.3 257.3 257.9 257.1 257.2 259.1 261 262.3 272.3 282.8 278.4 271.4 281.2 287.2 298.2 300.1 315.3 324.1 336.3 338.9 346.1 361.2 369.6 380.8 395.6 402.9 409.1 416.4 433.1 445.5 457.3 477 485.4 487.6 490.5 492.9 495.2 497.2 502.6 504.1 496.3 499.9 503 504.2 503.5 504.1 506.8 506.9 503.7 495.2 495.2 498.4 503.9 508.7 520 528 526.2 527.3 526.8 524.4 521.9 524.3 516.1 506.6 502.6 498.5 494.4 491.3
271 261.2 259.2 258.1 257.6 257.1 257 257.3 258.1 258 257.8 258.7 257.8 257.2 257.7 259 260.7 270.8 281.5 290.3 284.8 276.2 288.1 299.6 309.1 306.2 316.6 327.5 339 340.5 347.3 360.9 373.8 386.8 399.5 406.3 412.1 423.8 439.4 449.3 465.6 483.8 488.3 489.6 491.5 493.3 494.4 495.4 497.4 498 497.7 501.9 502.7 504.3 505.8 507.5 508.8 507.7 502.8 498.1 499.3 502.1 509.2 515.3 529.3 532.7 527.3 527.1 527.7 528.7 525.8 522.3 513.6 508.9 505.2 501.2 497.6 493.2
267.5 262.5 260.5 258.8 258.4 258 257.5 257.8 258.1 258.4 258.7 258.5 258.2 257.4 258.5 260 265.9 278 289.1 297.3 288.7 281.4 295.5 307.7 318 311.9 317.3 328.2 340.5 343.5 354.4 365.5 377.1 392.4 401.7 408.6 418.6 431.3 442.8 456.2 473.6 487.4 490.3 492.1 492.3 493.4 494.4 496.4 498.4 498.4 500.3 503.5 503.5 504.7 506 507.8 509.6 510.3 505 499.7 499 502.6 510.2 522.2 529.7 532.3 530.1 527 530 530.2 527.5 528.3 516.7 512.4 509 503.4 500.9 497.8
265.5 263.8 261.8 260.1 259.1 258.7 258.4 258.3 258.7 259.2 259.5 258.2 257.8 258.3 260.7 262.9 276.3 288.2 299.9 303.3 291.8 290.5 302.4 313.2 318.9 312.3 319.1 329.8 342 344.9 354.6 366.9 381.5 397.1 407 413.2 423.7 439.6 447.3 462.5 477.4 488.6 491.4 492.8 494.2 496.1 498.7 500.7 499 499.7 500.2 503.4 502.8 504.4 504.8 507 513.1 514.8 506.9 500.6 502.5 506.2 515.8 525.6 527.4 532 531.1 527.8 529.7 530.3 529.5 530.2 519 514.5 511 505.6 504.1 503
266.4 264.7 263 261.3 259.8 259.4 259 258.8 259.1 259.4 261.2 260.5 261.1 265.2 267.9 269.6 283.1 296 306.9 309.3 295.2 298.7 309.9 318.1 320 314.4 318.7 330.8 342.8 346.7 356 370.1 387.1 401.3 411.2 416.7 430.8 443.9 451.2 466.7 480.2 489 492.5 494.3 500.5 502.5 507.5 501 499.7 500.2 500.8 500.1 499.8 500.7 502.3 506.3 514.8 513.1 508.7 504.1 504.1 508.4 520.3 527 529.3 533 533.1 528.9 530.9 530.9 530.2 529.9 517.3 516.6 514.4 511.2 508.7 508.4
267.3 265.4 263.4 261.6 260.9 260.1 259.6 259.3 259.7 261.2 265.1 266.8 271.3 276.4 278 280.5 290.6 304.9 315.9 313.5 298 303.8 315.6 322.2 323.9 314.2 317.7 332.3 343.2 348.1 358.7 374.1 391.9 407.1 414.4 420.6 434.7 446.4 454.6 469 480.9 489.7 492.6 494.7 498.5 499.5 501 499.5 499.7 500.2 500.1 499.6 500 500.5 501.4 504.9 513.3 511 508.2 507.1 505.3 508.8 520.2 528.8 531.2 533.7 534.9 533.5 535.1 533.9 534.1 532.6 522.9 520.5 518.8 515.5 515.3 516.7
268.3 265.3 263.4 262.2 261.5 260.9 260.4 259.9 261.6 267.9 273.5 279.6 285.1 288.9 292.1 294.2 301.7 315.5 324.6 320.6 303.5 304.7 318.2 326.6 327.8 316.5 316.4 331.7 343.1 348.6 358.7 374.1 395.4 412 415.7 422.8 434.5 448.2 458.1 470.9 481.8 488.7 491.8 494.6 496.9 497.7 499.2 499.2 499.8 499.7 499.4 499.1 500.6 502.1 501 503.6 513.8 511.8 508 509 506.8 509.6 520.6 530.9 533.9 535.3 535.6 534.7 537.1 536.2 535.3 534.6 533.1 526.7 522.7 524.2 521.4 520.2
268.2 265.3 263.5 262.8 262.1 261.4 260.9 260.5 268.1 275 282.1 290.1 297.1 304.5 307.5 306.1 313.9 323.8 331.3 328 314.1 311.2 322.9 329.6 331.4 318.5 316.8 329.4 340.3 347.9 359.2 374 394.1 411.4 416.2 423.2 438.3 449.5 460 471.8 480.8 486.6 489.4 491.9 496 497 497.8 499.7 499.2 501.6 501.5 498.7 498.9 507.4 508.6 504 510.7 512.2 509.5 508.3 508.7 513.5 517.1 528.7 533.3 534.9 536 536 538.5 536.6 536 536.2 536.6 535.8 534.5 533.4 532.6 530.1
268 265.3 264.1 263.4 262.7 262 261.2 265.7 273.5 280.3 289.7 299.3 308 316 320.2 323.1 326.8 334.3 338.2 335.5 323.5 321.1 332.7 334.7 334.3 324.2 317.2 324.2 337.5 346.2 358 372.8 390.5 410.1 417.5 422.7 437 448.6 460.9 471 479.2 483.4 485.8 487.9 492 496.3 497.9 498.1 497.9 502.4 502.3 498.4 498.6 505.3 512.4 506.6 507.1 514.3 510 508.5 510.1 515.1 518 521.8 532.2 534.9 536.3 535.1 538.1 537.2 536.8 536.7 537.2 537.3 538.2 536.4 534.4 533.4
267.1 265.4 264.7 263.9 263.2 262.5 261.9 270 279.8 284.1 297.1 308.2 316.6 325.9 331.1 333.5 332.6 340.6 345.6 343.5 331.3 333.2 342.4 340.3 336.8 331.8 321.9 318.7 332.2 344.6 354.7 370.4 386.6 404.5 414.8 421.4 432.8 444.9 458.5 468.8 476.2 479.2 481.6 483.7 486.4 491.7 496 496.8 496.5 497 497.8 496.7 497.1 500.8 503.2 501.9 504.1 512.6 511 509.5 510.2 515.2 519.1 519.8 529.2 532.9 536.4 535.2 538 538.2 538 537.8 537.7 538.5 539 538.2 536.7 536.1
266.5 265.9 265.2 264.5 263.7 263.3 263.9 273.1 283 290.8 302.7 315.2 326 334.7 341 339.5 339.6 349.2 354.4 351.8 346.8 350.1 341 344.2 338.1 333.5 328.7 328.6 321.8 338.3 351.2 366.2 380.6 396.5 412.2 420 431.2 438.8 453.6 464.3 471 475.2 477.2 478.1 480.5 483.5 488.1 492.6 494.6 495.9 495.7 494.1 495.6 498.9 500.3 499.1 501.1 511 511.8 508 505.1 509.4 514.4 517.8 526.5 533.1 536.7 535.7 539.4 539.6 539.3 538.4 538.2 539.2 540.7 539.4 538.9 539.2
266.8 267.2 265.3 265 264.7 266 269.7 279.8 287.6 293.6 304.2 318.8 331.2 342.2 348.8 345.3 349.8 357.9 364.4 358.7 358.4 361.7 355.6 346.5 339.7 335.2 335 332.9 321.3 325.1 345.1 361 377.9 387.7 404.7 417.9 425.5 435.8 445.8 458 464.1 467.7 470.2 471.3 471.9 472.9 475.1 478.3 483.9 487.9 486.5 484.4 488.2 491.4 496.2 496.3 497.1 503.8 509.5 504.6 501.3 503.9 506.4 513.6 523.9 532.4 537.5 535.6 539.3 540.2 541.4 539.7 538.3 540.8 540.6 539.5 538.9 539.4
269.9 270.1 266.4 265.7 266 268.4 272.4 283.7 293.5 303.8 314.3 322.7 335.9 347.6 355.9 352.9 359.1 366.8 371.1 365.4 366.9 368.8 365.1 349.3 343.5 339.9 340.1 341.2 326.1 323.9 328.8 348.4 366.5 380.2 394.5 409.9 421.4 429.7 437.6 448.8 457.1 460.7 461.5 463.1 464.5 464.7 466.2 467.5 469.8 471.6 472 472.8 475 477.8 481.9 486.4 490.5 498.9 504.2 498.9 497.4 498.9 500 506.5 517.9 530.6 536.1 534.3 537.4 538.6 540.8 540 539.6 542 541.8 540.9 540.1 540.3
