data/SD99.asc
ncols 200
nrows 200
xllcorner 390000
yllcorner 490000
cellsize 50
[rows 140 to 174 of 200, columns 0 to 77 of 200]
521.9 523.1 521.6 518.2 514.4 510.6 505.4 502.5 498 493.6 487.4 481.2 476.2 472.7 470.3 466.9 462.4 459.5 453.5 446.9 440.6 438.1 435.8 432.4 430.4 424.5 421.2 421.6 428.4 428.7 428.7 427.4 425.4 423.9 422.1 419.8 416.5 414.3 413 407 415.8 423.1 432.2 440.8 448.2 454.8 462.8 478.1 483.5 487.2 489.1 499 507.8 509.4 511.7 512.7 512.6 512.6 513 513.4 512.5 511.7 510.9 510.1 508.8 506.3 499.3 488.6 483.6 481.5 473.3 463.3 460.4 462.2 462.3 465.1 464.8 463.9
515 516.7 517.5 515.2 511.9 508.4 504.7 501.2 497.3 493.3 488.3 481.4 475.4 471.5 469 467.3 466.1 464.6 462 456.9 450.8 444.1 438.8 434 428.9 424.3 423.9 417.5 425.3 426.2 424.9 423.4 421.3 419.6 417.8 414.4 410.5 406 404.9 404.8 404.4 410.6 421.2 430.9 440.6 447.8 456 462.5 475.7 483.6 487.1 489 497.9 508.4 510.3 508.1 509.1 509.5 508.1 508.1 510.1 509.4 508 506.6 503.7 496 488.9 480.5 475.4 465.1 454.1 449.2 447.9 447.8 450.5 451 452.9 452.8
509.5 510.6 510.4 508.6 505.8 503.3 499.9 495.2 494.6 492 488.1 480.4 476.1 472.4 470.6 468.3 466.6 464.5 462.1 458.8 454.9 450 443.5 438.9 433.3 428.7 424.2 417.1 415.9 417.2 415.2 417 418.1 414.9 411.7 408.5 404.9 401.7 399.5 399.7 398 405 412.5 422.4 430.6 440.8 449.3 457.2 466.1 479.4 483.6 487.6 489.8 497.3 506.5 506.4 505.2 504.2 499.5 497.4 496 493.2 491.9 489 486.8 483.4 474.6 461.8 452.3 445.7 441.1 439.4 438.4 437.6 439.7 440.4 440.9 440.9
500 499.5 497.3 493.5 491.7 490.5 487.1 487.4 489.2 488.1 484.8 479.2 475.4 470.4 467.6 465.7 463.5 461.1 458.3 456 453.2 449.1 444.4 439.6 434.8 430.6 427 424.7 422.8 421.9 419.4 414.3 406.1 407.4 406.5 402.6 398.6 397.1 395.5 395.3 394.1 400.8 407.6 414 422.3 431.9 440.4 450 458.5 475.2 481.8 485 486.5 488 492.2 492.4 490.2 489.5 487.2 485.9 486.1 485.8 483.4 474.2 464.2 456 446.6 440.9 437.5 434.7 432.6 430.8 428.8 427.5 428.6 431.4 433.3 434.1
483.5 484 483.6 483.4 479.3 478.3 476.5 475.3 475.1 475.8 474.3 472.8 470.2 466.7 463 460.8 458.4 455.9 453 449.8 446.6 443 439.9 437 432.3 428.9 426.8 426.1 424.8 423.6 422.9 421.8 418.1 413 405.1 400.4 398.4 395.8 394 392.8 391.9 393.2 402.2 409.1 417 424 433.8 439.6 448 458.2 471.3 478.8 481.1 486.1 487.7 488.3 489 487.3 482.9 475.7 466.2 459.2 454.4 450.2 446.5 442.4 437.5 433.4 430.7 428.1 426.4 424.3 422.4 421.2 421.3 422.4 423.1 425.5
474.6 474.6 473.4 470.8 468.3 467.2 463.9 465 463 462.8 462.8 462.4 461 458.8 456.5 454.2 452 449.7 446.5 443.3 440.2 437.6 434.9 432.6 430.2 427.8 425.4 425.2 425.3 425 424.4 423.1 422.5 420.2 415.4 410.7 406.3 401.3 394.3 392 389 389.1 388.2 400.2 409.1 416.8 424.2 431.9 435.6 441.4 450.8 458 464 468.2 466.3 464.7 459.9 453.7 449.4 444.7 437.7 436.1 434.8 434 433 431.6 429.3 425.9 424.1 422.9 421.1 418.4 416.7 416.3 417.1 417 418.7 419.4
463 462.8 463.1 462.6 461.2 460.7 459.3 457.9 456.4 456.3 455.4 454.8 454.1 452.4 450.1 447.6 445.7 443.4 440.2 437 434.4 432.4 429.8 427.6 426 424.8 422.9 420.8 422 422.9 421.4 419.3 419.2 419 415.8 412.2 410 406.2 401.1 397.2 394 389.6 386.7 385.4 394.6 405.6 414 418.8 421.8 423.3 424.7 430 432.2 431.2 431.7 429.3 426.8 420.8 415.7 413 414 414.7 414.9 417.5 419.5 420.1 420.6 419.4 417.7 416 414.8 413.7 412.5 412.2 413.5 414 414.4 413.6
454 454 454.6 454.3 454.9 455.5 454.8 454.6 453.9 453.5 452.6 451.6 450.6 448.8 446.5 444.2 441.1 436.7 433.2 430.8 429.1 426.9 424.7 421.7 420.6 419.3 417.2 415.3 413.9 414.8 413.2 411.7 411 411.5 410.3 408.7 407.6 406.1 403 400.1 397.1 394.6 389.5 383.3 382.2 383.9 396.2 402.6 408.3 409.4 410.6 411.1 408.3 406.2 405.1 405.2 403.1 401 400.4 400 400.7 401.6 402.9 405.2 407.9 410 410.5 410.7 408.9 407.4 407.4 406.7 406.1 405.9 407.9 409.1 409.3 409.1
445.5 445.4 446.8 447.6 448.2 449.2 450.6 450.7 450.5 450.8 450.1 449.3 448.6 446.8 443.9 441 437.6 434.9 432.4 430 428.3 426.6 423.9 421.6 419.3 416.4 413.7 411.5 409.9 408.8 407.1 404.5 402.5 402.2 402 400.5 401.6 402.1 402.1 400.4 397.2 394.4 391.6 389.1 382.9 380.7 380.2 380.3 387.9 393.4 396.2 397.6 397.7 398.3 398.4 397.4 396.7 396.1 395.3 395.2 395.2 395.7 397.3 398.7 399.8 400.8 401.5 401.2 400.1 399.1 398.6 395.8 393.4 394.3 394 394.3 395.4 397
436.6 438.8 439.8 439.7 441 443.3 444.6 445 445.3 445.5 445.7 445.9 445.1 444 442.6 440.6 438.3 435.1 432.9 431.6 429.1 428.6 426.7 424.6 421.7 418.5 415 413 411.4 409.3 407.6 405.4 402.6 400.8 398.9 396.8 397 399.2 401 401.5 399.4 396.9 393.9 390.6 386.6 384.7 381.1 378.1 376.8 375.5 375.2 380.9 381.6 381 387.7 389.5 389.3 389.4 391.7 391 391 391.4 393 394 394.7 395.4 395.7 395.9 395.9 395 393.5 390.8 388.3 386.2 384.7 384.5 385 386.2
425.6 432.2 433.1 432.1 432.7 433.3 435 436.4 436.6 436.9 437.4 437.2 436.6 436.9 437.3 436.2 434.7 432.4 430.5 429.3 427.8 427 424.6 422.9 420.7 417.8 415.5 412 408.8 406.2 404.7 403.2 401.2 400.7 398.9 397.3 394.1 396.8 398.6 399.2 398.3 396.8 393.5 394.2 392.9 391 388.6 386 384.1 380.7 372.9 372.9 371.3 369.6 368.8 367.1 366.8 364.3 369.8 381.5 386 386.8 388.3 389.5 389.9 389.5 390.9 390.2 390.9 390.4 390.1 388.6 386.8 384.3 383.4 381.7 380.8 380.5
432.6 418.2 422.4 422.2 421.3 423.5 424.3 426 425.3 426 427.3 426.8 426.9 427.8 428.4 428.4 427.9 427.8 426.7 425.6 424.2 422.2 419.9 417.6 415.4 413.1 410.7 406.2 402.9 400.4 398.8 396.4 394.9 393.9 392.5 390.3 386.5 387.5 388.7 389.8 388.5 386.7 387 388.2 389 388.4 386.9 385.2 385.6 384.4 382.1 382 382.5 380.7 380 379.9 379.9 377.3 364.4 376 378.4 379.6 381.3 382 383.3 383.3 384.1 385 384 383.5 383.1 383.5 383.4 382.9 382.3 380.3 379.3 377.9
433.9 427.4 422.9 414.6 411.1 411.3 416.1 415.5 417 418.6 418.1 418.5 418.7 418.9 419.4 419.5 419.9 420.5 420.1 419.9 418.7 416.6 414.2 412.6 409.8 407.1 404.3 401.7 397.9 395.8 392.9 391 389.4 387.6 386.4 384.9 383.1 380.4 379.3 377.9 377.2 375.6 375.6 377.2 376.4 377.7 378.8 378.9 380 379.3 378 378.5 380.7 379.5 376.5 374.1 373 372.4 364.9 362.9 365 368.3 370.9 371.3 372.1 373.7 374.4 374.8 370.6 373.8 372.8 373.7 374.1 374.5 374.3 374 373.8 374.1
433.5 429.2 424.6 419.8 414.8 404.2 409.7 410.7 413.1 413.8 412.8 412.2 410.5 409.9 411.1 411.3 412.8 413.8 414.1 414.1 413.9 412.9 411.8 410 407.2 404.3 401.3 399.1 397.5 396.8 395.3 393.2 390.6 388.6 386.4 383.9 382.9 381.5 379.3 378.2 376.3 372.6 367.9 370.9 372 369.4 369.5 371.1 373.8 374.9 373.8 375 375.6 375.2 376.2 376.6 374.8 372.2 369.6 357.1 354.5 359.7 362.1 363.3 362.6 363.4 363.2 361.6 361.6 361.6 361.8 362.1 361.2 361.9 362.1 362 363.3 363.1
432.8 428.8 424.5 420.2 415.2 407.8 402.3 408 411.8 413.6 411.3 410.4 408.2 406.8 405.9 405.6 406.2 408 409.2 410.3 409.6 409.3 408.3 406.8 404.2 401.3 398.3 395.1 393 391.5 390 387.5 386 383.4 381 379.6 378.1 376.4 375.2 373.8 372.1 369.5 363.7 364.6 367.4 367.3 364.7 363.8 364.6 365.3 364.3 366.7 366.7 366 368.2 370.2 371.1 372.9 372.4 369.2 366.2 346.4 345.6 334.9 332.1 333.9 339.3 339.9 350.3 352.4 353 352.2 352 349.8 350 350 350.2 348.8
431.3 428.1 424.2 420.2 415.5 411.1 397.9 404.1 410.3 410.8 409.9 408.6 407.3 405.1 402.1 401 401 400.3 400 400 399.8 399.3 397.8 396.2 394.2 392.1 389.4 387 385 382.5 381 379.7 379.7 378.8 376.4 373.8 371.8 371.1 369.3 369.7 368.2 365.9 363 354.8 358.5 359.1 359.7 360.1 360.8 361.6 357 356.3 356.3 356.1 357.5 359.6 361.7 364.4 365.7 366.4 365.7 358.1 356.2 358.9 353.4 345.5 337.5 331.3 330.7 344.9 348.8 347.5 346.6 345.9 344.8 343 341.2 336.9
429.5 426.8 422.2 418.2 414.9 412.7 409.9 399.7 404 405.3 404.3 401.6 400.5 399.2 396.9 395.4 393.7 392.5 390.4 388.9 388.2 387 384.6 384.2 384 382.6 381.6 379.8 377.8 375.6 373.1 372.9 372.9 372 369.3 365.3 363.2 362.4 362.9 363.1 362.3 360.7 359 355.5 344 348 350.7 353.6 356.1 356.6 354 348.6 346.9 347.7 347.8 347.9 349.4 351.3 353.4 354.3 355.5 355.8 355.4 354.9 354.5 352.7 351 346.5 311.6 328.2 342.2 341.9 343.1 344.8 345 345.1 345.1 343.9
426.3 422.1 419.4 415.5 411.7 409.8 406.7 400.1 385.5 380.6 378.8 382.7 387.7 390.6 391.2 392.8 392.6 390.8 388.6 385.3 381.5 379.4 377.5 376.3 376 375.2 374.2 372.7 371 369.6 367.8 366.7 366.2 365.5 363 358.9 354.3 352.1 352.1 352.1 351.8 350.1 348.3 348.4 346.1 341.2 338.3 344.5 346.4 348.6 348.6 345.8 343.5 339.3 341.1 341.2 340.4 339.5 340.3 339.4 341.3 342.4 343.4 344.2 345.4 344.5 342.7 338.9 330.2 305.7 332 332.7 333.8 334.8 336 336.4 336.1 335.2
424.8 422.6 420.2 418.6 416.5 414.6 411.9 408.6 404.8 401.4 394.4 385 372.8 373.9 389.8 390.4 389.5 388.1 385 381.1 378.8 377 375.2 374.7 373.8 372.5 372.1 370 368.7 368.1 367.1 365.5 365 364.2 360 354.6 350.7 347.9 346.1 346.7 347.1 343.2 336.8 334.3 335.1 333.2 330.7 335.2 336.2 338.1 339.1 339 338.9 334.8 333.6 333.2 332.3 331.8 329.5 329.4 331.2 332.7 333.7 335.6 337.2 336.6 336.1 335.1 329.6 298.6 322.9 326.2 327.3 327.3 326.4 325.9 325.2 324
421 419.2 418 416.9 415.3 412.4 410.8 408.5 406 403 399.7 396.5 394 373 378.9 385.2 385.3 383.7 381.5 380 378.3 376.2 373 371.4 371.3 371.8 372.1 371.3 370.7 370.4 369.9 368.6 366.7 363.6 357.9 352.1 347.7 344.8 343.3 344 345.5 344.1 338.7 333.5 329.8 328.2 328.1 327.5 328.2 329.7 331.3 331.9 332.4 330.8 327.8 325.6 325 324 322.7 323 322.3 323.1 324.3 325.5 327.1 328.1 328.6 329 327.2 307.1 302.9 317.1 323.2 323 322.5 321.3 318.2 316
412.5 413.3 412.1 410.7 409.2 407.3 405.6 404.6 403.1 400.8 398.1 395.1 392.3 385.6 366 374 380.9 379.2 377.7 375.6 373.8 372 369.5 366.4 368.3 368.8 368.7 369.6 369.9 370.1 369.4 367 363.9 359.5 354.6 350.3 346.7 343.8 340.7 338.4 338.5 338.2 338.9 336.9 331.3 327.2 325 323 326.2 328.8 328.1 327.2 326.5 325.6 323.5 322.6 320.8 317.3 315.7 317.3 313.3 313.4 314.6 315.9 317.1 316.1 316.7 316.8 316.8 314.1 290.9 308.8 318.1 321 321.6 319.3 316.4 313.6
403.2 402.9 402.4 402.5 402.5 401.7 401.3 399.7 397.4 395 392.3 389.3 386.2 383.2 375.5 361.9 375.4 372 370.1 369 367.3 365.6 363.6 361.2 360.1 359.4 359.2 360.6 361.6 362 360.6 359.5 357.2 354.7 351.5 350.5 349 345.3 341.1 334.9 332.9 333.1 334.6 334.1 332.9 329.5 324.8 321.2 320.2 321.5 322.3 322.8 324 323.4 321.2 319.8 318.7 316.7 313.1 312 310.8 310.1 307.6 304.7 303.3 305.4 301.4 301.2 302.1 302.6 285.6 304.8 306.6 313.6 317.9 319.7 319.8 317.9
396.5 396.5 396.8 395.8 396 395 393.5 392.1 389.5 385.1 382.1 379.6 376.8 376.2 373.5 358.8 368.1 366.3 365.3 362.4 358 355 351.9 350.9 350.9 350 350.2 351.5 353 352.9 352.6 352.1 351.7 352 353.6 355.8 354 348.6 342.5 334.9 329.2 329.7 331.1 331.8 333.8 332.9 330.6 326.4 320.1 312.5 314.5 317.8 320.5 320.5 319.1 318.3 317.6 315.6 313.1 310.7 308.1 307.9 305.3 302.8 300.6 298.7 296.9 296.3 296.2 295.8 284 291.1 293.7 300.3 306.1 310.7 315.1 317.8
390 390.9 390.7 389.3 389.5 385.8 384.3 382 379.2 375.4 374.4 371.9 370.6 368.9 367.3 362.8 354 356.6 353.1 346.8 343.9 338.8 335.1 342.7 333.3 332.1 332.3 342.5 345.5 345 344.7 344.7 347.2 351.4 353.9 352.9 350.3 348.1 342.6 334.8 329.8 325.7 328.5 329.8 332.3 334.5 333.6 330.5 325.8 320 313 311.4 311.7 314.2 316.1 317.5 318.2 316.5 314.7 312.2 309.8 307.2 305.3 302.7 300.2 298 296.4 294.8 292.9 291.9 288.7 273.8 281.6 283.4 286.2 290.6 296.7 302.9
385 384.4 385.3 382.9 380.3 377.3 376.6 374.9 373.6 370.2 370.3 368.4 367.6 366.5 364.4 362.1 359.8 358.6 357.8 355.7 353.5 350.6 347.9 341.1 346.4 342.9 341.8 324.3 335.9 337.3 338.5 340 343.3 345.3 345.3 343.7 341.6 340.8 337.2 330.4 323.8 320.1 321.8 325 327.4 328.9 329.5 328.9 324.4 320.8 316.1 309.4 305 311.6 315.7 318 318.9 318.3 317.7 315.5 315 313.4 311.3 307.7 304.9 302.6 300.8 299 296.7 294.7 291.3 285.4 274.3 271 274.1 276.1 280.1 285.8
382.3 381.9 381.1 379 376.8 376.3 375.7 376.7 377 375.8 374.9 373.1 370.9 368.7 366 363.6 361.7 358.3 356.3 354.1 352.9 351.5 350.7 349.9 349 346.5 341.9 335 317.3 330.7 330.8 334.1 334.7 334.6 334.1 334.4 333 332.1 329.1 322.7 316.4 311.5 313.3 315.9 318 318.9 319.8 321 319.7 318.2 315.2 310.4 303 302 306.2 307.6 310.8 311.7 313.7 314.3 314.3 314 312.7 309.8 307.2 305.9 304.2 301.5 298.5 295.5 292.6 289.7 284.9 278.9 268.3 268.9 270.7 276
378.6 377.8 377.1 376.3 375.4 376.2 376.3 375.5 374.3 372.6 370.8 368.7 365.9 363.3 360.4 357.3 354.4 352.5 350.3 347.8 346.2 345.5 344.6 342.9 342.4 340.5 337.2 333.4 320.6 318.7 322.5 323.6 323.8 323.7 325.1 325.5 325.9 325 322.6 317.9 312.8 306.5 305.7 309.8 308 307.8 309.4 311.1 310.5 311.1 309.9 307.7 303.4 298.8 292.5 295.2 295.2 298.6 302.1 306.3 307.3 307.5 307.3 304.4 301.6 299.9 299.1 299.3 298.4 296.1 294.5 290.2 286 283.3 278.6 268.8 266.4 277.4
371.9 372.4 372.2 370.7 370 369.5 368.7 367.6 365.7 364.2 363.2 358.5 356.4 354.1 351.8 348.9 345.8 343.9 341.3 339.7 337 336.7 336.3 335.6 335.1 333.4 331.2 328.8 323 318.5 311.5 311 309.5 308.2 315.8 318.3 318.1 315.3 311.1 306.6 303.7 300.7 295 297 295.5 295.6 296.4 295 296.1 294.5 292.5 291.3 292.8 292.8 284.5 285.5 282 281.4 284.9 290.9 293.6 294.9 293.9 293.4 290.7 288.6 288.1 289.4 287.5 287.5 286.7 283.4 278.2 274.6 271.6 270.4 264.6 268.6
367 366.1 364.2 362.4 361.5 360 359.3 359.2 357 356.2 355.2 353.4 350.3 347.8 345.3 341.6 339.1 335.5 333.5 332.7 331.4 330.2 329.6 328.8 327.8 326.5 324.3 322.4 320.4 319.5 313.2 311.4 308.7 304.1 303.9 307.7 310.9 308.6 306.9 303 298.2 290.8 288.2 285.6 283.5 285.7 286.3 286.4 286.5 284.8 283.9 285.2 288.8 289.9 287.9 282.1 280.2 276.2 277.6 281 283 283.8 283.7 283.4 280.7 279 279.1 278.9 279.9 281.3 281.5 279.8 278 275 268 267.4 266.7 265.2
359.9 359.6 358.7 356.6 355.6 355 354.1 354.5 353.2 351.7 351 350 347.1 344.6 341.9 339.4 335.7 331.5 329 327.8 326.4 325.9 325.1 324.4 323.9 323.4 323.7 324.3 323.8 320.1 316.1 313.8 313.4 311.9 304.8 300 299.8 298.2 291.5 289.5 287.6 286.2 283.8 282.2 281 278.5 281.1 279.9 280.1 279.1 278.1 277.5 278 278.3 277.3 279.2 278.5 275.9 273.1 276.1 276.5 277.1 276.9 275.8 272.7 272.1 273.2 274.9 276.6 277 277.1 275.3 273.6 272.6 267.7 265.4 263.8 261.9
355.5 354.1 354.2 352.7 351.8 351.2 351.2 351.2 350.4 349.5 348.7 348.3 346.9 344.8 344 341.1 337.4 331.9 327.5 326.8 325.6 324.9 324.4 324.5 325.8 327.2 328.9 327.6 325 320.4 314.6 312.6 312.1 312 312 311.3 310.5 306.2 309.8 307.5 304.4 298.4 291.2 283.7 280.8 277.8 276.6 276.5 275.9 276.6 274.7 273.5 272.8 272.7 270.7 277.4 278.2 277.6 273.6 265.3 264.2 267 267.4 267.5 268.2 270 272.8 274.7 275.8 276.1 275.3 274.3 272.4 271.1 269.4 265.3 263 239.2
351.8 350.3 350.5 350.4 348.7 349.2 349.5 350.1 351.1 350.8 350.2 349.7 348.5 344.7 341.1 339.8 337.3 332.1 329.3 327.6 326.6 327.3 329 331.6 332 331.1 329 325.8 322.2 318.2 313.4 311.8 310.8 313.5 316.1 316.9 315.5 313 309.3 304.7 299.5 291.8 283.2 281.5 280.1 277.8 273.9 274.4 274.1 273.9 273.6 271 270.4 263.9 275.4 278.2 277 274.2 269.5 263 255.8 256.2 257.4 261.2 266.2 267.1 268.2 269.1 271.5 273.2 270.5 268.5 269.9 268.9 266.7 266.6 261.3 237.8
346.6 346 346.3 345.2 346.1 346.7 346.7 347.1 347.1 346.9 346.1 345 343.8 341.1 339 337.4 334.2 332.7 332.5 333.1 333.1 333.6 333.6 332.5 330.5 328.5 325.6 321.8 318.1 315.4 313.7 311.9 310 309.4 309.6 308.1 304 301.6 295.8 291.7 287.9 283.9 280.9 279.2 277.7 276.3 273.8 273.3 273.6 273.1 271.2 268.7 268.2 268.5 271.6 273.4 272.2 268.5 264 258.9 252.2 246.1 242.5 243.9 249.1 253.9 257.3 258.9 258.8 256.5 259.4 259.8 260.9 261.8 263.1 260.3 257.4 239.6
341.5 339.5 340.6 339.7 338.7 338.3 338.9 338.4 338.8 339.5 340.5 339.7 338.9 338.8 337.9 338.1 337.7 337.6 336.8 334.9 334.8 333 331.6 329.9 327.7 324.6 321.3 318.6 318.8 320.2 320.5 320.2 319.4 317.1 315.4 314.2 311.9 308.3 304.4 299.6 296 289.9 282.9 278.3 276.8 275.4 274.1 267.9 270.4 270.1 265 266.3 262.7 255.7 256.8 259 262 259.8 255.8 250 241 240.3 239.3 236.9 235.3 234.4 240.3 244.3 246.8 247.1 247.4 248.4 249.2 249.1 249.2 248.2 248.1 248.5
325.5 323.4 324.3 324 324.8 325.3 327.5 330.1 330.9 332.6 334.3 334.8 335.2 335.9 336.1 336 335.8 335.4 333.9 331.9 330.3 328.2 327.5 326.5 324.7 322.8 322.2 325.5 326.3 324.4 324.5 324.1 324.1 323.4 322.6 320.8 318.7 315.5 310.9 304.5 297.7 291 282.4 277.7 280.5 279.2 277.3 275.7 272.9 266 267.4 256.4 256.3 254 252.5 251.3 250 249.2 246.9 245.2 243.3 249.5 248.4 243.8 241 241.5 234.2 233.1 244 249.2 249.3 249.4 251.4 251.2 251.6 251.2 250.7 252.2
