data/SE01.asc
ncols 200
nrows 200
xllcorner 400000
yllcorner 410000
cellsize 50
[rows 105 to 139 of 200, columns 0 to 77 of 200]
374.2 374.5 375.9 373.7 375.5 375.6 375.7 376.3 377.9 379.4 379.4 378.5 378.4 377.2 379 380 380 380 381.1 380.7 381.3 381 380.6 379.9 379.2 380.6 384.9 387.1 388.1 389 389.2 387.5 387.2 387 384.5 383.8 387.9 393.1 397.7 404.5 413 421.2 429.3 432.3 435.6 436 435 434.1 432 429.3 426 420.1 414.9 408.4 398 381.2 358.1 344 342.4 354 351.1 348.8 341.7 341.4 351.8 351.9 344.4 334.6 325.1 351.8 360.5 368.1 374.1 377.2 377.3 377.4 377.8 377.7
376.2 377 378.1 378.4 379.3 378.9 380 380.8 381.5 382 381.6 381.4 381.1 380.2 382.6 384.3 384.1 383.6 383.7 384.2 385.3 385.3 385.4 385.5 384.7 385.4 388.3 389.3 390.4 391.6 390.9 389.4 388.6 389.3 388 389.7 394.7 400.6 407.8 416.4 426.2 436.2 438.2 439.3 439 438.5 436.9 434.3 431.9 429.3 423.8 417.6 412.3 402.3 387.3 369.5 348.3 353 360.6 366.7 370 371.1 358.5 361.6 368.5 367.4 352 345.4 334.6 351.6 368.4 374.5 378.9 380.1 380.5 380.8 380.8 380.5
380.4 380.1 380.6 381.3 382.3 381.8 382.8 383.6 384 384.3 384.5 384.7 384.8 384.1 386.4 387.5 387.6 387.3 387.4 387.8 388.6 389.5 389.7 389.7 389.8 390.4 390.8 392 393.3 394.5 393.8 392.3 391.8 393.5 393.8 396.1 401 409.2 415.7 429.3 439.3 442.1 442 441.4 440.5 440.3 438 434.6 432.3 428.9 422.7 415.7 400.3 386.9 373 358.6 360.5 372.1 378.7 379.7 388.6 387.4 372.6 382.5 382.3 378.2 363.3 344.4 345.8 364.4 374.8 379.7 382.2 383.1 382.7 383.1 383.3 382.8
383.6 383.3 384.3 385.4 385.6 385.8 387.4 387.9 388 387.6 388.4 388.9 388.6 388.5 389.8 390.6 391.7 390.9 391.3 391.7 392.9 393.4 393.6 393.4 394 394.7 395.1 395 396.2 396.8 397.2 395.6 396.1 398.4 398.6 402.8 409 419.8 428.9 441.4 444.8 444.3 444.6 443.4 440.7 440 437.6 434.9 432.7 426.5 420.6 412.6 388.8 377.8 372.5 376.7 385 389.4 395.2 396.8 397.3 395.8 393.3 394.2 392.5 385.8 375.6 353 364 375.4 380.6 383.3 385.4 385 385.1 385.6 385.9 385.5
388.1 387.8 388.3 390.3 391.7 391.7 392.6 394.1 394.6 398.6 399.7 397.3 397.1 395.4 394.9 395.5 396.9 394.8 394.4 395.6 397.3 397.8 397.3 396.7 396.8 397.5 397.8 398.3 399.7 400.9 400.7 399.8 403 406.2 409.7 414.8 423 433.7 442.9 447.4 445.6 446.3 446 444.9 441.9 439.3 436.9 435.4 431.2 425.5 419.2 402.9 394.8 393.3 398.3 394.3 400.4 403.2 405.4 405.4 405.7 402.7 401.5 399.7 395.8 390.5 373.8 365.2 378.2 383.4 386 387 387.6 388.4 388.6 388.8 387.6 386.3
395.6 393.3 393.6 395.3 398 398.3 401 402.2 403.5 407 408.2 405.7 404.1 405.3 405.6 407 404 401.1 400.3 401.3 402.3 402.2 402.6 402 402.5 402 401.6 402.8 404.2 406.3 407.9 407.9 412.6 417.9 424 430.7 435.9 444.1 448 450.1 448.4 448.7 446.9 445.9 442.8 440 435.4 433.9 428.3 422.8 409.5 406.6 409.1 411.7 411.5 409.1 410.1 410.3 410.9 411.1 409.3 406 404.2 402.7 398.8 393 379.4 383.2 388.3 389.4 390 390.4 391 392 390.7 389.6 388.6 387.2
401.8 399.5 399.4 402.8 407.3 409.2 411.7 409.1 409.2 411.1 410.1 413.8 416.9 419.9 418.4 416.9 411.6 415.5 413.4 413.1 412.7 410.9 409.1 408.4 408.3 408 408.1 411.2 413.6 415.4 417.7 422.3 426.4 432.1 437.8 444.1 446.9 448.4 452.2 451.4 450.9 450.8 447.5 445.7 443.6 440.6 438 432.1 425.9 421 421.5 416.4 415.7 418 416.4 413.7 414.7 415 414.7 412.9 409.2 409.3 407.8 405.1 400.5 397.4 393.3 393.6 393.9 393.7 394 394.5 394.2 393 390.9 389.9 389.2 388.1
410.5 409.2 408.6 412.9 415.2 418.3 416.8 416.5 418 415.6 418.2 421.7 421.4 422.9 424.3 422.8 425.7 425 424.4 425.2 425 424.5 424.2 422.8 423.1 418.6 422.4 423.5 426.3 431.3 430.7 436.7 441.2 446.2 449.6 451.5 453.1 454.1 454.1 453.1 451.7 450.6 446.2 444.7 442.7 440.6 435.2 429.6 426.6 427.5 425.1 421.1 423 422.2 420.6 418.7 418.4 418 416.2 414.9 412.7 412.8 410.4 406.6 404.2 402 400.5 399.4 398.6 398.3 397.1 395.8 395.2 394.4 392.3 390.4 389.9 387.3
421.6 422.4 423.8 428.2 432.3 433.4 431.6 429.3 431.3 430 437.2 435.1 442.7 447.4 439.5 442.5 448.1 444 441 440 439.9 440.2 439 439.2 438.1 436.3 438.5 440.5 443.8 445.2 445.2 448.4 452 455.7 456.1 456.3 456.3 455.6 454.3 453.5 451.2 449 446.6 443.5 442.2 439.1 432.6 433.1 431.3 429.8 425.8 426.4 426.4 425.3 423 420.8 420.5 419.1 417.1 415 416 414.4 411.9 409.5 407.4 406.3 405.4 404.5 402.5 399.8 397.7 396.1 396.1 395.1 392.8 390.3 389.3 386.4
434.1 437.9 438.9 439.5 436.2 435.4 436.6 441.5 452.9 456.4 457.4 463.9 466.8 466.8 465.3 464.1 461.6 460.6 457.4 455.7 454.5 453.4 450.7 449.8 449.3 449 450 451.9 453.1 455.2 455.4 456.8 459.1 459 458.8 458 457 456 454.3 452.7 450.5 447.6 445.3 444.9 443.1 438.2 435.1 435.7 432.7 429.6 428.3 428.8 427.9 427.1 424.6 422.8 420.8 420.2 418 416.5 416.1 416.6 414.7 412.8 411.6 409.9 409.2 408.2 406.9 403.2 399.9 397 395 393.1 391 389 386.3 386.1
453.1 454.8 456.2 457.4 456.2 459.8 461.2 472 474.6 473.9 473.7 473.5 474.1 473.4 471.6 470.4 467.6 467.6 465.4 464.3 461.9 460.4 459 457.4 457.2 454.5 454.5 457.2 456.4 458.8 458 459 460.7 459.8 459.2 457.1 455.2 455.7 453.8 450.9 449.4 446.6 443.8 444.3 442.9 439.9 436.9 434.9 430.5 430.8 430.8 430.2 428.2 426.2 425.4 423.8 422.1 421.6 419.5 419.1 418.8 418.3 417.3 416.4 414.3 413.1 413 412.2 411.3 407.6 403.2 398.4 393.8 391.1 389.2 387.2 385.1 384.8
467.3 467.4 469.1 470.5 473 476.3 476.9 479 479.4 478.5 476.9 475.6 476.2 475.7 475.6 474.2 472.2 470.6 470.6 467.7 465.6 463.2 460.4 461 459.9 456.7 457.8 459.5 459.4 460.3 459.6 459.6 459.9 460.8 458.4 456.3 454.7 453.8 452.2 451 449.3 446.9 446.7 444.9 442.2 439.5 435.9 434.8 436 434.2 431.8 430.8 428.3 426.5 425.6 425.8 424.8 423.1 422.2 421.7 420.6 421.2 421.1 420.5 419.3 418.9 418.5 417.2 414.6 410.2 404.5 398.4 393.1 389.9 387.5 385.9 384.5 384.5
474.9 477.1 477.2 477.5 478 479 480.7 480.9 479.4 479.6 478.3 477.1 476.6 476.1 475.6 474.3 472.6 470.9 469 466.6 465.6 462.9 460.3 459.4 460.5 460.1 458.8 460 460.7 460.6 461.4 462.1 460.8 460 458.1 455.6 455.6 455.1 452.5 450 450.6 448.9 447.7 444.8 440.5 439.9 438.1 436.1 436.4 435 432.1 430.4 429 427.2 425.2 425.2 424.7 424.7 423.8 422 421.2 423.6 424.5 424.6 424.4 423.8 422.2 420.2 415.2 409.4 403.4 397.2 392.8 388.8 385.7 384.5 384.5 384.5
479.2 479.9 479.6 480.8 479.8 480.9 480.8 480.9 479.6 479.2 477.9 476.3 476.1 474.9 473.7 472.5 471.1 469.6 467.4 465.4 463.3 461.2 460.1 459.4 459.5 459.5 459.2 460.6 460.8 461.2 462.2 461.2 461.3 459.6 457 454.4 455.9 455.5 453 450.1 450.2 449.2 445.9 444 439.6 440.6 440 438.1 436 435.3 432.2 429.4 429 428.1 427.5 427.8 426.9 425.7 424.5 423.2 423.4 425.4 426.1 426.1 426.1 425.6 423 420 414 407.5 402 397.2 391.8 388.1 384.7 384.5 384.5 384.5
480.5 481.1 480 480.9 480 480.9 480.5 478.8 478.2 477.4 475.6 474.4 473.9 472.3 470.9 470.2 469 467.3 464.9 462.3 459.6 457 456.9 458 459.6 460.2 460.4 461 460.5 461.1 461.6 459.7 460.6 458.5 457.5 454.5 455.9 454.3 452 450.4 450.4 446.8 445.7 443.7 440.7 440.4 439.3 437 435.8 433.5 431.8 430.5 430.3 430.1 429.3 427.7 426.7 426.1 424.8 423.4 422 423.6 422.9 423.8 425.8 425.1 421.7 417 411 404.8 400.4 395.9 390.8 387.5 384.6 384.5 384.5 384.5
479.1 479.3 479.7 480.8 480.9 480.1 478.7 477 475.9 474.9 473.1 472 471.8 469.8 468.2 467.4 466.1 464 461.7 459.1 455.4 454.4 455 456 459.5 460.5 459.5 460.9 460.9 460.1 459.8 458.6 458.1 457.2 455.3 455.9 455 452.3 450.5 450.9 449.7 446.7 445.2 442.4 441.2 440.1 438.9 436.5 432.2 431.2 431.3 431.4 429.8 429.1 428 426.8 425.6 424.1 422.4 420.9 420.1 419.6 418.5 418.7 419.2 417.6 415 412 407.2 403.1 398.7 394.3 390.8 387.8 385.9 384.5 384.5 384.5
480.6 478.8 478.5 478.9 478.3 477.4 476.1 476 475.1 472.7 470.8 469.7 469.5 467.6 465.7 465.4 462.6 460.2 457.9 455.9 450.2 450.3 453.9 455.8 457.5 459 459.3 458.5 459.2 458.6 457.9 456.7 455.6 455.2 455.4 455 454.2 450.6 451 450.7 446.8 445 442.2 440.2 440.5 438.8 437.5 435.9 433.9 432.8 429.6 427.3 426.9 427.5 426.3 424.7 423.6 422.2 420.6 418.5 417 416.1 414.7 414.2 412.7 411 408.4 407.1 403.4 400.1 396.9 392.8 390.4 388.6 386.9 386.3 385.4 384.6
478.5 476.4 477.2 477.6 476.8 475.6 474.5 476 472.5 470.5 470.5 469 465.1 465.6 464.3 461.8 459.4 456.8 454.1 452.2 450.7 450.9 452.7 454.7 456 456.8 455.9 455 457.3 457.1 456.1 455.2 455.5 454.8 455.5 453.7 452.4 451.1 451.3 448.4 444.7 442.1 440.5 439.9 438.3 437.7 436.1 434.4 431.8 429.3 425.7 425.7 425 425.8 424 422.2 421.3 420.3 418.9 416.7 414.6 412.7 411.3 409.9 408.6 406.8 404.4 402.2 399.7 396.8 394.5 392.5 390.3 389.7 388.3 387.5 386.5 385.1
475.5 475.6 475.4 475.6 475.2 476 474.6 472.9 471.6 467.1 467.3 466.8 463.3 462.5 460.7 458.2 454.3 452.4 450.7 449.9 448.7 446.2 448.1 450.3 452.2 454.2 455.1 455.8 454.9 455.4 455.6 454.9 455.6 454.9 454.2 454.2 453.9 452.6 451.6 447.9 444.6 442.1 440.8 439.8 437.9 435.6 433.5 430.3 428.1 426.5 424.5 424 422.9 422 421.3 420 419 418 417 415 412.8 410.8 409.2 405.6 406.5 404.1 401.7 399.4 398.2 396.2 394.1 392.3 390.4 390.2 387.1 385.8 384.4 382.5
475.4 476 475.4 474.8 476 475.4 473.2 471.6 469.5 465.7 465.4 462 459.9 458.5 455.8 452.4 450.6 449 447.5 446.8 445.1 441.7 443.3 445.4 447 449.2 452.5 455 454.7 454.9 454.9 454.6 454.3 454 453.7 453.7 453.7 453.3 451.3 447.6 445.6 444.1 441.6 438.1 431.6 430.3 430 426.6 424.7 423.5 420.4 419.3 419.6 417.8 417 416.8 416.2 415 413.5 412.2 410.9 409 406.7 404.7 403.3 401.4 399.4 397.8 396.8 395.8 393.7 391.1 388.9 387.4 385.2 383.6 381.6 379.6
475.6 475.9 473.9 473.3 473.2 471.5 470.5 467.9 465.7 464.7 463.5 460.3 457.2 453.9 451.5 448.6 446.1 445.3 443.6 439.6 437.4 434.6 438 438.2 440.6 445.2 450.2 453.7 454 455.4 454.3 454 451.6 452.3 453.2 453.3 453.4 449.7 451.4 450 446.9 442 438.1 430.2 427.8 425 425.3 422.5 419.3 418.9 417.9 414.5 415.3 413.8 412.7 412.7 411.8 410.9 409.3 408.3 407.2 405.8 404.7 403.8 400 398.8 397.8 396.2 395.4 394.6 392 389.6 387.5 385.9 383.3 380.9 378.9 376.9
474.2 470.2 470.2 469.9 469.9 470.3 468.4 465.4 464.4 462.2 460.2 456.8 453.9 451.7 448.2 445.1 442.3 441.1 439.7 437.8 434.3 430.3 431.9 426.2 430.2 437.1 440.8 442.6 445.8 446.6 450.6 452 450.8 451 452.1 452.6 453.2 452.9 451.7 449.9 446.4 442 438.9 435.9 432.5 421.2 417.8 418.4 415.4 413.1 413.1 411.2 411.1 409.6 408.7 408.1 407.7 406.6 404.3 401.8 403.2 401.4 401.3 400.5 399.1 397.1 395.1 395.2 393.6 392.2 390.4 388.1 386 383.6 380.5 378.5 376.4 374.2
471 469.3 471 470.7 470.3 468.8 466.5 463.4 459.6 459.3 456.2 453.6 449.2 446.6 444.3 440.6 437.8 436.7 434.9 430.6 423.2 418.4 412.2 408.8 411.3 416.5 421.9 424.5 428.2 432.1 437.4 442 443.5 444.6 447.1 450.6 451.7 451.6 451 449 446 444.8 440.5 437 433.9 427.7 412.9 411.6 411.2 409 407 407.5 407.1 406.2 405.1 403.7 403.5 402.4 399.4 398.4 398.6 398.4 399 397.6 396.9 394.9 393.1 392.3 391.3 390.3 389.1 386.7 383.9 380.7 378 375.8 373.6 371.5
469.8 469.7 468.9 468.7 465.8 465.6 464.4 461.6 459.1 454.2 451.6 449.4 445.4 439.6 439.4 436.4 428.5 423.4 419.3 413.9 407.6 404.6 396.8 394.2 396.8 399.3 403.1 405.4 408.7 411.9 414.1 416 418.7 422 428.5 438.9 446 447.8 448.9 446.7 445.9 443.1 439.6 437.9 433.5 428.6 421.4 405.9 403.1 402.8 400.7 401.3 400.6 400.6 399.7 399 398.7 397.7 397.2 394.9 394.8 395.2 395.7 394.7 394 392.7 391.3 390.2 389.4 388.6 387.8 385.5 382 378.8 375.7 373.1 370.9 368.7
469.7 469.7 465.3 465.3 465.6 462.6 460.9 459.6 456.3 452.6 447.6 445.7 438.9 437.2 428.8 421.4 414.1 406.8 403 398.4 395.4 391.3 387.2 382.6 385.2 387.7 390.5 392.8 396 398.8 397.7 398.9 399.1 402.6 408.2 417.4 428.4 440.5 443.1 443.9 442 438.1 429.4 434.1 427.9 423.8 419.8 410.7 395.3 398.1 393.9 394.2 393.5 394.3 394 394 393.7 392.9 393.2 391.2 391.8 392.3 392.3 391.5 390.6 390.7 389.2 389.6 388.4 387.4 386.1 383.7 380.1 376.9 374.1 371 368.3 366
467.8 467 465 465.8 462.7 460.3 459.3 454.7 451.3 449.1 445.5 438.7 433 423.3 414 405.2 398.2 394.5 391.8 388.9 386.2 383.9 380.1 374.1 373.8 377.3 378.6 380.7 383.4 384.9 384.4 384 386.1 389.1 393.4 398.6 405.3 415.6 424.3 432.9 430.8 424.6 420.5 420.6 409.6 403.6 408.4 401.9 392.7 389.4 387.9 387.6 387.3 387.7 388.3 388.3 388.4 389 387.4 387.9 388.2 388.4 388.6 387.9 387.5 387.8 387 386.4 385.8 385.1 384.4 382.1 379.4 376.7 373.3 370 366.7 364.7
464.8 466.5 463.7 463.2 460.4 458.9 456.3 452.2 451.1 444.6 439.5 432.4 415.2 407.8 398.2 392.3 387.5 384 381.9 380.9 378.9 375.8 372.8 370 366 370.1 370 371.6 372.5 370.3 372.7 373 374.9 378.4 381.4 386 388.7 393.2 400.7 409.6 407.2 400.7 399.9 400.2 400.4 395.9 384 382.7 386 380.8 383.2 382 383 380.9 380.9 382.5 383.6 383.7 384.2 384.7 385.2 385.3 385.3 384.9 384.6 384.6 383.9 384.4 384.5 383.4 382.7 380.9 379.3 375.9 372.5 369.2 366.9 365
465 463.6 461 460.7 459.1 456.5 452.7 450 445.3 441.6 435.2 417.8 401.7 391.3 387.2 381.2 377.4 376.6 374.5 373.1 371.3 368.7 365 362.5 360.3 364.6 364.6 365.6 365.7 364 364.1 364.1 365.2 368.5 370.7 373.1 376.1 377.9 382.8 386.9 395.4 396.3 391.8 382.8 375.9 381.3 377.8 373 375.7 371.5 377.9 379 379.1 376.6 372.2 375.4 377.7 379.8 380.9 381.5 382 382.3 382.2 381.9 381.7 381.2 381.8 382.5 382.6 382 380.9 379.8 378.2 375 371.7 369 366.9 364.4
464.4 460.7 460.5 457.5 455.2 453.6 450.7 446.1 442.2 438.6 423.9 403.7 392.6 381.4 375.4 373 371.2 369.9 370 367.4 364.6 361.9 359.8 357.7 354.9 358.8 359.4 360 359.8 358.7 358.5 357 357.5 361 363.8 363.7 366.6 366.1 368.3 372.2 369.5 368.6 368.2 373 374.4 372.7 367.3 365.5 362.4 360.9 372.6 374.8 375.4 375.5 370.5 369.3 371.7 373.7 375.1 376.5 377.9 379.2 378.9 378.5 378.8 379.4 380.6 381.2 381.1 381 379.9 378.1 377 374.2 371.1 368.8 366.3 364.2
461.7 460.5 458.3 454.9 452.2 451.3 447.5 443.9 440 430.2 414.1 393.9 383.4 375.3 369.5 366.9 363.8 363.5 364.8 362.5 358.7 356.8 355.1 354.2 350.6 352.1 354.3 354.1 354.5 354 355.7 352.1 351 353.9 356.5 356 356.3 356.9 357.7 358.4 362.4 369.9 368.3 365.2 362.3 358.4 356.9 354.8 350.6 350.8 364.8 367.6 370.4 372.5 369.4 357 364.9 366.4 368.9 370.9 372.4 374.4 375 374.2 374.6 376.4 378.4 379.5 379.1 378.5 377.5 376.3 375.1 372.9 370.7 368.7 366.8 364.8
460.6 460.1 456 452.6 450.5 445.2 440.8 440.4 431.9 420.7 401.5 387.6 380.2 380.8 383.5 376.5 372.8 370.9 362.1 357.9 353.8 350.8 350 349.7 347.8 347.6 348.9 349.4 348.9 347.5 347.7 348.6 346.1 348.2 350.5 349.8 350.1 349.7 349.4 351.6 355.1 354.3 349.7 348.2 346.3 346.1 346.9 346.3 340.4 347.2 352.6 360.9 364.5 367.7 365.2 360.3 352.7 357.7 361.8 364.5 367.6 369.9 370.9 370.6 370.8 374.5 375.7 377.1 376.5 375.9 374.8 373.7 372.4 371.4 369.4 367.4 365.4 363.6
460 456.8 453.4 450.5 445.4 441.5 437.8 429 422 409.7 393.9 384.8 394.7 391.4 392 390.6 389.1 383.9 380.2 373.6 367.4 360.7 350.2 345.5 345.5 344.6 346.1 345.9 345.8 343.7 343.6 343.3 341.6 343.1 343.1 342 342.4 342.5 342.7 344.9 344.4 344.8 342.9 340.4 337.8 337 336.9 335.2 332 339.8 342.7 350.8 361.5 362.4 362.5 358.4 344.1 338.9 352.5 359.5 364.1 366.4 367 365.9 368.4 372.3 374.2 374.9 373.9 373.1 372 370.9 369.9 370 368 366.1 364.2 362.6
455.8 453.5 450.3 446.8 442.4 438.2 425.8 416.2 399.5 392.3 390.4 394.4 404.2 416.6 422.4 417.6 398.5 398.5 388.4 378.4 376 370.5 366.8 353.5 346.2 343.1 341.5 342.4 342.9 340.7 339.1 339.7 337.4 337.4 337.5 337.5 336 336.2 338.4 340.3 338.9 337.3 335.3 332.7 330.5 330.2 330.8 328.2 329.9 332.5 334.7 339.6 349.7 354.9 355.9 353.9 344.9 324.8 341.8 353.5 360.3 363.2 363 361.7 365.9 369.4 371.1 371.8 371.2 370.3 369.2 368.1 367.6 367 365.2 363.8 362.5 361.2
453.3 451.5 447.7 444.7 441 438.4 429.8 409.5 411.4 415.3 417.7 423.8 429.8 438.4 443.5 442.5 422.6 400.6 395.4 391.3 383.9 374.3 365.9 357.8 350 344.7 340.2 335 336.7 337.9 334.9 334.7 334.5 332.9 332.9 334.7 330.7 332.5 334.7 334.2 332.9 331.8 330.3 328.7 327.3 325.5 325.3 323.3 325.6 327.2 327.5 331.5 336.7 342 346.1 344.8 339.2 324.9 330.9 347.3 355.7 359.7 358.3 357.9 363.2 366.1 367.9 368.6 368 367.3 366.2 365.6 365.3 364.5 363.3 362 360.8 359.5
450.5 447.9 444.7 442.7 438.9 436.5 425.1 412.2 424 426.9 428.5 431.6 437.6 443.7 445.9 445.7 437 424.3 413.1 400.2 390.5 378 364.7 356 350.5 345.9 341.7 332.9 332.9 332.9 332.9 332.9 332.9 332.9 333.6 329.8 328.3 329.7 330.1 329.5 328.6 327.5 326.1 325.5 324.2 322.6 321.7 319.6 320.8 322.4 322 324.6 327.8 330.8 333.3 332.6 330.6 317.2 327.1 342.2 351.4 355.6 353.3 353.4 360.7 363.4 364.9 365.5 365 364.5 364 363.5 363 362.1 360.9 359.7 358.5 357.3
