data/SE08.asc
ncols 200
nrows 200
xllcorner 400000
yllcorner 480000
cellsize 50
[rows 140 to 174 of 200, columns 78 to 155 of 200]
345.7 342.3 338.5 333.9 329.7 325.6 320.5 317.1 312.6 304.8 292.4 289.6 282.8 287.7 292.5 295.5 301.2 302.8 299.7 296.4 292.5 288.6 284.6 280.5 274.9 269.9 262.2 259.9 252.8 247.1 241.3 238 235.1 230.5 225.3 224.8 224.2 228.5 220.8 216.3 215.9 233.5 237.9 248.7 261.5 268.8 274.8 279.7 283.8 288.3 292.2 295.5 296.3 296.3 296.2 293.6 291.4 289.8 288.5 288.4 288.9 289.8 290.6 291 290.3 287.1 270.5 289 290.1 290.8 292.5 294 297.3 300.8 305.6 310.3 316.8 322.2
342.9 339.6 335.5 330.9 326.7 322.7 318 314 308.2 302.6 285.9 287.6 292.4 299.8 306.9 308.1 306.1 303 300.1 295.3 290.6 286.9 284.4 281.6 278.9 274.9 269.4 261.6 253 247.2 242.8 237.5 234.2 230.2 227 224.1 221.8 221.6 218.2 213.8 217.8 235.7 247 259.3 266.2 273.4 278.2 284.1 290.6 295.9 297.7 299.6 299.9 300 297.7 294.4 291.7 291 290.9 290.4 290.4 291.3 292.2 292.5 291 278.9 273.7 285.2 290.8 293.2 295.4 296.9 300.2 303.8 309.4 314.9 321.1 324.6
339.8 336 332 327.6 323.1 318.5 315.1 313.2 306.9 293.2 296.4 303.2 307.3 312.3 313 309.3 306.1 301.9 297.8 295.8 293.5 290.3 287.2 284 280.7 276.1 268.2 260.3 253.2 247.4 243.1 237.4 233.8 229.2 225.5 223.6 219.6 218.7 216.5 216.4 224.9 241.8 253.7 264.3 271.3 276.7 282.6 291.2 297.6 300.6 301.9 303 303.2 301.3 298.8 295.8 293.4 293.4 293.4 292.4 292 293.2 294.2 293.5 290.6 287.6 290.4 276.4 293.3 295.5 297.8 300 303.6 307.2 312.6 319.3 324.5 327.6
335.5 331.5 327.3 320.1 310.3 305.5 306.4 296.1 290.5 300.3 309 314.6 318.6 317.5 313.8 310.1 306.3 303.7 302.1 299.4 296 292.8 289.6 286.4 282.1 275.3 267.1 259.2 253.2 247.7 243.2 237.6 233.2 228.3 224 222.2 218.6 218.2 217 221.3 236.3 246 258.4 268 275.5 281.2 287.6 295.9 301.3 303.4 304.6 305.9 305.1 302.9 299.7 297.2 296.3 295.6 294.7 293.7 294.5 295.5 295.1 293.7 285.4 291 291.5 279.1 295.8 298.1 300.5 303.5 307.6 312.2 316.3 322.5 327.4 331
330.7 326.9 320.9 305.4 298 300 298.5 307 311.2 316.1 320.4 324 322 318.6 315.1 312.3 309.6 307.6 305.7 302.1 298.6 295.3 291.8 287.3 282 274.6 266.7 258.6 253.1 248.1 243 237.9 233.8 227.1 224 220.9 218.3 218 215.9 237.2 249.5 250.1 260.1 266.2 278.6 284.7 292.9 300 304.4 306.3 308 307.7 307.3 304.2 301.9 300.4 298.7 297.1 296.1 295.7 296.7 297.2 295.5 293.7 289.3 294.1 294.8 282.1 297.9 300.9 303.4 307.4 312.3 317 321.7 325.9 329.7 334.1
325.6 322.6 318.5 300.9 313.2 318.4 320 321.3 325.5 328.3 326.8 325.9 325 319.9 317.6 315.3 313.8 312.1 310.3 306.1 301.5 297.1 292.5 287.4 281.5 274 265.4 257.8 252.2 246.8 242.6 238 231.8 227.1 223.2 218.7 218.4 217.5 227.5 243.7 255.1 261 268.9 274.7 279.6 287.3 295.1 303.3 307.3 310 311.2 310 308.3 305.9 304.7 303.5 301.2 299.4 297.9 298.1 298.8 297.9 296.2 291.5 295 296.8 297.8 290.7 296.4 303.5 307 311.8 316.4 321.6 326.3 332.9 332.2 336.2
316.6 311.9 305.6 308.2 320.8 327.8 332.2 333.5 334 333.2 331.5 329.8 328 323 321 320 319.4 317 313.7 306.7 302.2 297.4 292.6 287.5 280.8 272.3 263.7 257 250.9 246.4 242.1 237.1 230.8 225.5 222.1 218.5 218.5 225.9 234.6 251.8 259.8 269.6 276.4 281.6 284 290.7 299.5 307.1 311.3 313.7 314.4 312.2 309.9 308.5 306.7 305.2 303.4 301.5 299.6 300.8 300.8 297.5 292.7 296.8 298.1 299.5 300.2 297.5 289.6 306.4 310.9 315.4 319.8 323.9 330.3 334.8 335.5 337.9
307.8 309.6 308.2 320.8 327.7 335.5 337.8 338.1 337.6 336 334.9 333.7 331.7 328.1 327 325.1 323 319.5 313.6 306.2 301.6 297.1 292.3 286.5 279.2 270.5 262.8 255.9 250.3 245.6 241.7 235 228 224.2 219.5 219.4 223.3 232.9 244.7 255.6 262.4 273.9 280.6 284 288 294.7 303.3 310.2 315 317.5 317 314 312.7 311.3 309.5 307.4 305.2 303 302.7 303 301.8 296.8 298.8 299.3 300.8 302.4 303.7 304.8 290.4 310.2 315.2 319.1 322.6 326.4 332.4 335.5 338.3 340.6
323.5 326.6 328.5 333 338 340.9 341.8 342.3 341.3 339.7 338.5 337.2 336.2 335.2 334.4 330.8 325.9 319.9 312.2 305.4 301.1 296.7 291.1 284.5 276.5 268.3 260.9 255.6 250.8 245.7 240.9 232.7 228.5 221.8 220 219.6 229.2 239.9 250.3 259 267.2 278 283.8 286.7 290.6 296.9 306 315.1 318.6 319.2 318.7 317 316 313.4 310.9 308.4 306.4 304.3 305.3 304.2 300 301 301.3 301.9 303.6 305.7 306.9 308.2 301.4 308.2 318.2 321.1 324.2 328.6 334.3 337.2 339.8 346
334.2 338.3 339.9 342.2 344.9 346.2 347.1 346.4 345.1 344.4 343.4 342.6 342.6 342 340.2 334.7 328.4 320.2 310.9 305 300.7 295.4 289.5 280.8 273.1 267.1 260.2 255.7 250.8 245.9 238.7 232.8 228.2 222 220.3 219.2 232.2 244.2 253.1 263.7 273.6 279.9 286.4 289.6 293.6 301.6 308.9 316.5 318.5 319.2 320.1 319.8 318 314.9 311.9 309.7 307.7 306.1 307.1 304.9 303.8 303.7 304 305.2 306.7 309.1 310.4 313.8 316.6 305.7 318.9 322.9 327.2 331.9 336.1 338.8 342.9 349.9
343.4 346.4 348.4 349.9 351.1 350.7 354.2 352.9 350.3 349.6 349.2 348.5 349.3 348.8 344.9 338.6 330 321.3 310.7 304.9 299.7 293.9 287.1 279 270.9 264.6 259.3 254.9 249.1 243 237.9 232.4 227.5 222.2 220.7 219.9 238.1 247.7 258.4 268.4 277.5 283.9 287.6 291.5 296.7 304.4 311.2 315.5 318.8 321.3 322.4 321.8 319.2 316.2 313.1 311 309.9 309 308.2 306.2 306.3 306.5 307.3 308.6 310.7 313 316.1 320.5 321.4 310.6 320.3 325.4 329.9 334.3 338.5 341 346.2 352.5
350.8 353.8 355.3 356.5 356.7 358.1 363.6 359.6 356.7 354.6 354.6 355 355.5 353.8 349.6 341.4 329.7 320.3 311.4 305.4 298.8 291.9 284 276.4 269.5 264 258.6 254.1 246.9 241.5 237.1 231.8 227.1 221.7 220.6 223.8 240.7 251.3 262.3 271.9 279.8 286.9 290.9 294.8 298.8 305.6 310.6 314.9 321 323.3 324 322.6 320.1 316.8 314.2 312.3 311.6 311.2 309.7 309.6 308.8 309.8 310.7 312.4 314.7 317.1 322 325.3 324.1 319.4 322.4 327.8 331.9 336.5 341.7 345.4 349.8 354.7
358.7 361 361.9 362.6 363.5 366.2 367.7 366.3 363.8 361.1 358.6 359.7 359 356.3 351 343.4 328.8 318.6 311.3 304.7 297.6 289.6 281.1 274.9 268.1 263.2 257.5 252.1 244.9 239.9 235.5 230.7 225.7 221.8 221.3 223.4 242.5 254.3 265.6 274 282.9 289.8 294.5 298.9 303.3 308.1 311.6 318 322.8 324.2 324.3 323.2 320.5 317.7 315.6 313.5 313.3 312.9 311.8 312.2 311.7 312.5 313.4 315.6 318.1 323.1 327.7 328.5 325.8 317.2 325.8 331.2 335.2 339.3 344.7 348.7 353.6 358.1
366.6 368.5 369 371 374.6 377.6 373.8 372.7 370.4 367.7 364.5 363.5 361.2 356.3 349.4 338.6 325.8 317.7 310.6 302.7 295.4 286.9 279.5 272.9 266.4 261.3 256 248.9 244 238.8 233.8 230 223.6 222.3 221.5 223.2 242.2 257.3 267.8 277 286.1 293.4 298.5 303.8 308 310.5 317.4 322.6 324.7 325.8 325.1 323.4 321 318.8 316.7 314.9 315.1 314.6 314.8 314.8 314.6 315 316.2 318.8 323.5 329.8 332.6 330.5 327.4 317.6 329.9 334.4 339.1 343.2 347.7 352 356.9 362.3
374.1 375.4 379.5 381.8 386.1 383.2 379.8 378.3 376 373.2 368.8 364.4 360 354.2 345.7 332.2 324.4 317.1 309.3 300.9 293.6 284.5 278.1 271.5 265.3 260.5 254.7 247.8 242.9 237.9 232.1 224.6 222.6 222.2 221.2 233 250.5 260.3 270.7 281.1 290.3 297.7 303.2 308.3 312.2 317.7 323.4 324.5 325.6 326.5 325.9 323.8 321.5 319.3 317.2 317 317.1 316.5 317.3 317.6 317.4 317.4 319.6 323.7 329 334.8 335.3 332 323 327 333.8 337.1 341.6 346.3 351.2 355.6 361.1 369
382.7 384.8 388.2 391.8 389.7 386.4 384.4 382.5 379.7 376.2 370.5 364.2 357 350.2 339.2 328.8 322.2 315.5 307.8 298.8 291.2 283 275.7 269.1 264.4 258.1 251.3 246.1 240.8 235.8 228 223.4 222.9 222.7 223.9 235.8 252.6 263 274.6 284.5 293.9 301.3 308.6 313.5 318.2 324.6 325.5 326.3 327.5 327.9 326 324.1 322 319.8 319 319.2 319.3 319.3 320.1 320.3 319.9 321.2 325.4 329.5 334.2 338.4 336.6 331.1 321.4 330.9 337.8 341.3 346.3 350.9 355.6 360.6 366.7 377.6
390.4 392.6 394.9 396.7 392.9 390 388 385.7 382.6 377.1 370.1 362.2 353.5 344.7 334.7 327.5 320.6 313.6 305.8 296.7 288.4 281.2 272.6 267.8 262.5 254.6 248.1 243.6 238.6 233.4 225.7 223.5 223.1 221.9 231.1 242.5 256.1 265.1 277.2 287.5 297.1 306.1 313.5 319.2 324 325.7 326.5 327.9 329.6 328.4 326.4 324.4 322.4 321.1 321.3 321.5 321.5 321.2 321.7 322.4 322.5 326.3 329.4 334.5 339.2 340 336.8 327.1 331.5 336.5 340.7 346.2 351.2 355.4 359.3 365.5 373.8 385.8
398.3 398.9 400.5 399.4 395.6 393.3 391.1 388.6 384.2 376.6 368.1 359 349 340.1 332.5 326.4 320.1 310.2 302.4 294.6 285.7 278.8 271.5 264.8 256.9 250.7 246.1 242 238 229.1 224.8 224.1 223.8 222 233 245.2 258.6 268.8 278.9 289.9 299.6 310.9 318.4 324.8 327 328.2 329.5 331.1 330 328.5 326.8 325 323 323.2 323.4 323.7 323.9 323.1 323.5 324.2 327.1 329.8 333.5 338.6 341.8 340.2 335.3 325.1 338.2 342.3 344.6 349.3 354.9 358.8 364.9 373.1 383.4 395
404.1 404.5 404.1 401.5 398.2 395.8 393.5 389.3 383.3 375.1 365.6 354.8 346.3 338.2 330.5 325.6 318.4 307.3 299.4 291 283.5 276.4 268.6 260.6 252.4 248.6 244.3 239.6 232.8 226 225.2 225 224.6 222.5 236.2 247.4 262.2 271 280.3 291.5 301.8 314.6 322.9 326.9 329.3 330.5 333 332.5 330.5 328.6 326.9 325.2 325.1 325.6 325.9 326.8 326.3 325.1 326.3 327.4 330.4 333.3 337.7 342.2 342.8 339.4 325.7 333.8 342.3 347.4 350.7 353.5 359.6 363.4 370.6 379.7 392.6 405.4
408.3 408.9 406.8 403.7 400.8 398 394.2 387.8 380.8 372.9 362.4 351.6 343.3 335.9 329.3 321.9 315.1 304.6 296 288.4 280.6 271.9 264.8 255.5 249.1 245.7 241.9 237 228.1 225.8 223.6 223.7 224.1 228.5 243.5 254.1 263.8 272.7 281.3 292.3 303.9 317.3 325.3 329.4 331.1 332.4 334.3 333 331 329 327.8 328 328.4 329.2 328.8 328.9 328.7 327.8 329.9 330.8 333.2 336.8 341.2 344.2 342.5 330.3 334.9 343.5 345.5 352.2 356.3 359.7 364.3 369.8 376 391.5 402.6 416.8
412.2 410.8 407.6 405.3 402.5 398.1 392.4 384.8 378 368.9 358.4 349 341 333.5 327.4 319.5 312.4 301.6 292.8 285.1 277.2 267.7 259.5 250.6 246.2 242.2 239 231.9 225.1 226.2 225.8 225.6 225.2 234.6 249.6 258.6 266.7 273.6 282.4 293.3 306.4 319.6 327.8 330.8 332.2 334.5 334.7 333 331.3 329.9 329.8 330 330.6 331.4 330.9 330.3 330.2 330.6 332.4 334 336.2 340.8 344.4 344.3 337.9 329.6 343 347.6 352.1 357.3 360.6 366.1 371.7 376.9 387.8 402 414.5 424.6
414.5 410.9 408.9 406 402.4 396.8 390 382.6 374.9 366.9 355.4 346.9 339.6 331.8 325.4 317.5 308.8 298.3 290.1 282.3 272.2 260.7 252.6 247.1 242.5 241.1 236.5 225.3 227 226.2 225.9 225.7 227.4 242.8 252.6 261.9 269.6 277 285.7 294.6 307.3 321.8 330.4 331.9 333.7 335.7 334.8 333.6 332.2 331.6 331.4 331.5 331.8 332.5 332.8 332.6 333.6 332.7 334.4 336.4 340.1 344.7 344.9 343.1 332.2 341.2 347.4 352.3 357.4 363.5 367.7 374.4 381 389.3 402.7 415.3 421.9 431
415.1 412.6 410.2 405.4 400.2 393.1 386.1 378.6 370.7 364.4 352.5 343.8 335.9 329.9 322.7 314.3 304.2 295.1 286.7 277.3 267.1 256.9 249.3 245.1 242.2 239.4 229.3 227.9 227.1 226.5 226.2 226.5 228.9 246.9 255.4 264.6 271.9 279.1 286.7 296.2 308 323.9 331.5 332.9 335 335.8 335.2 334.6 333.8 333.4 333.1 333.3 333.8 334 334.1 334.9 335.2 334.4 336.5 339.1 344 347.7 345.5 339.7 335.9 346.6 351.7 356.9 362.7 369.5 377.5 380.5 393.3 408 416.5 421.2 430.2 434.5
415.7 413.3 408.8 402.4 395.7 388.5 382 375.6 368.1 361 348.4 340.4 334.3 327.1 320.9 311.6 301.3 292.1 282.6 272.5 261.3 251.6 246.8 242.7 239.7 233.7 228 227.9 227.6 227.4 227.3 228.7 239 252.7 260.8 267.7 274.3 281.8 288.7 297.1 309.3 326.1 331.5 333.8 335.4 336.2 336.4 336.2 336.1 335.8 335.5 335.5 335.9 336.1 335.9 335.7 335.9 336.3 339 343.3 348.3 349.3 346 336.2 341.2 350 356.3 361.8 368.4 377.2 386 397.6 405.4 419 426.1 426.8 434.2 438
413.2 409.1 404 398.4 391.3 384.7 378.3 371.9 365.2 356.3 347.7 338.5 332.7 325.9 317.4 307.5 298.1 288.1 277.3 265.9 255.7 248.6 244.6 240.4 234.4 229.9 227 228.5 228.1 228 228 234.1 247.8 257.4 264.8 271.4 278.1 284.5 291.1 299.3 312.6 327 331.9 334.7 336.8 338.2 338.8 338.8 338.4 338.1 338 338 338.1 338.2 337.7 337.2 337.6 339.5 341.8 347.3 351.3 350.5 345.9 336.3 348 352.6 359.1 366.5 375.3 386.7 397.6 414.6 423.8 424.2 433.7 434.9 437.9 441.7
408.5 404.2 398.6 393.3 387 381 374.6 368.2 361.4 352.6 343.5 337 330.8 323.2 313.3 302.2 292.2 284.3 272.1 262 252.7 247.2 243 238.2 229.8 226.7 228.7 228.7 228.7 228.8 234.3 244.3 253.4 260.7 268.8 275.3 281.9 288.2 293.9 302.4 314.4 325.2 332.6 336.4 339.3 340.5 341.3 341.7 341 340.6 340.6 340.5 340.4 339.7 338.8 337.8 338 341 345.6 351.4 353.8 351.4 344 344.6 352.5 357.5 363.7 371.9 384.3 396.7 412 427.2 435.6 436.3 438 440.1 440.8 445.2
404.3 399.5 394.2 388.8 383.3 377.5 371.7 365.4 357.7 348.8 341.3 333.1 327.7 317.9 307.9 298.7 288.5 278.5 265.5 256.5 250.4 246.8 242.4 235.7 228.2 229.7 229.2 229.1 229.2 230.2 240.3 251.7 259.5 267.1 273.5 279.9 286.1 291.7 297.6 306.2 316.2 325.8 334 339 341.9 343.3 344.3 344.4 344.2 343.4 342.6 342.5 342.2 339.8 338.7 338.5 339.8 343.5 348.9 354.8 356.2 351.5 341.8 351 356.1 362 369.7 380.8 396.6 411.1 426.3 436 440.3 441.2 441.1 443.6 444.3 446.3
400.3 395.5 390.2 384.8 380.5 375.4 368.8 361.4 353.1 344.4 336.4 329.1 321.5 313.2 303.4 293.4 282.4 272.1 262 253.9 248.3 244.4 240.3 234.2 230.2 230.3 230.1 230.1 230.4 237.5 248.2 255 264.1 271.6 277.9 284.4 289.8 294.8 301.1 309.9 319.3 328.9 336.9 341.8 344.5 346.4 346.9 347 347 346.7 345.8 344.8 342.3 339.7 339.6 339.6 342.1 346 352.2 358.2 357.2 349.1 346.9 355.3 360.6 367.3 377 394.1 411.9 424.6 435.4 441.4 445.2 445.6 444.8 447 450.5 450.8
397.4 391.7 387.1 382.4 378.5 372.7 365.4 351.8 340.7 336.7 332.2 324.5 314.9 307.9 297.3 287 275.7 264.8 256.3 251.8 246.7 242.4 239.2 231.9 230.3 230.4 231.2 231.9 238.6 245.2 253.2 262 269.1 275.6 281.9 288.4 293.7 298.4 305.2 314.3 323.6 332.1 340.5 344.4 347.6 349.4 349.5 349.6 349.6 349.4 348.3 345.9 342.7 340.6 340.4 340.5 345.1 349.6 356.2 360.4 357.4 346.2 355.1 360.9 366.8 374.4 389.1 408.7 425.2 435.7 443.3 448.4 450.8 451.9 450.3 450.5 455.4 455.9
394.7 389.9 385.6 380.6 375.5 369.1 355.2 343.3 333.9 326.8 324.9 319.2 309.8 300.8 292.5 280.1 268.4 260.2 255.3 250.6 245.6 241.1 236.3 231.8 231.4 231.8 232.4 236.6 243.8 251 258.9 266.3 273.4 279.3 285.6 291.9 297.5 302.5 309.3 319 327.9 336.5 343 346.9 350 351.5 352 352 352.1 351.8 349.8 346.5 342.8 341.5 341.3 343.2 347.9 353.3 359.9 361.1 354.9 355.2 360.7 366.5 373.8 385.1 401.9 423.2 436.3 443.7 450.9 454.3 456.5 458.1 457.9 456.1 460.1 463.1
393.3 389.6 385.4 374.9 367.3 358.4 345.8 334.6 326.9 325.4 319.4 309.4 303.6 293.6 284.7 272.9 263 258 253.4 248.5 243.4 239.2 233.3 232.2 231.2 234.3 237.9 241.8 248.8 256.5 264.4 271.1 277.5 283.8 290.3 296.2 301.4 306.7 314.8 324.1 332.2 339.2 345 349.3 352.4 353.9 354.5 355 355.5 354 351.2 347.3 343.4 342.5 342.3 346 350.8 357.1 362.6 360.6 349.9 360.5 365.6 373.1 383 396.8 415.9 432.2 442.1 450.8 456 460.1 463.1 465.7 465.6 466 465.5 468.8
392.6 388.8 384 374.4 363.5 350.3 339.9 331.6 329.2 321.6 313.3 305.6 298.6 285.4 275.4 268.9 261.2 255.8 250 245.2 240.5 236.8 232.8 232.5 232.1 237.5 242 246.4 255 262.9 269.3 275.7 281.9 288.5 295 300.7 305.1 311.6 320 329.9 335.9 343 348.4 351.8 355.2 356.8 358.1 358.5 358 356.7 353.8 348.7 345.6 344 345.1 350 355.3 361.4 363.8 357.4 359.2 365.7 372.4 380.4 393.7 409.2 428.6 440.1 449.7 456.1 461.1 465.8 471.3 473.6 473.6 473.2 470.7 471.4
391.8 388.8 380.5 367.9 357.1 344.5 334.6 332.8 325.6 316.4 309.5 301.1 299.8 283.5 273.8 263.1 260.7 253.3 247.4 242.9 238.6 234.9 233.2 232.3 233.3 241.2 239.6 249.5 259.2 268.5 273.3 279.4 286.4 293.1 299.6 304.3 308.7 316 326.5 334.7 341.6 347.6 351.5 354.3 357.2 359.7 361.1 362.4 361.7 359.5 355.4 352 348.9 346.4 349.2 353.9 360.2 364.7 362.4 355.4 363.8 369.6 378.2 390.2 404.9 423.7 437.9 447.4 454.9 461.3 466.8 473.3 476.4 476.8 476.1 475.8 474.2 474.3
390.9 385.2 369.1 363.8 350.2 339.2 328.8 326.4 321.3 311.5 303.6 298.4 296.2 282.1 272.6 260.3 256.1 249.6 244.4 239.4 236.1 235 233.7 233.2 236.7 245.3 250.3 247.5 262 270.9 277.7 282.9 289.6 297.8 302.9 308.3 313.7 322.4 331.7 339.1 345.7 351 354.8 357.7 360.6 363.6 364.9 366.1 365.1 361.4 357.8 355.3 352.9 350.3 353.5 359.3 364.6 364.8 360.2 360.6 367.2 375.5 384.6 399.8 418 434.3 444.3 452.9 460.2 467.8 473.6 477.8 480.1 479 478.3 478.3 477.2 476.6
387.2 379.3 362.9 358 341.1 331.7 327.9 313.7 311.3 304.8 300.6 293.4 290 280.5 266.5 258.6 249.5 246.4 241.7 237.5 235.7 234.4 234.3 232.3 237.6 248.3 254.4 258.6 255.9 272.8 281 288.1 295 302.4 307.2 311.8 319.8 328.1 336.2 343.8 349.5 354.2 357.9 361.1 364.1 367.3 369 370.3 367.3 364.5 361.8 358.6 355.9 354.8 358.4 363.7 365.5 363 358.9 364 371.3 381 392.7 409.6 429.4 441.3 449.9 458 465.3 472.6 477.7 482.3 482.6 481.5 480.5 480.5 480.4 479.7
