data/SE15.asc
ncols 200
nrows 200
xllcorner 410000
yllcorner 450000
cellsize 50
[rows 70 to 104 of 200, columns 0 to 78 of 200]
311 304.4 303 300.7 306.3 311.4 310.9 315.5 318 321.3 325.8 331.3 334.9 339.3 342.7 344.2 345.9 346.9 346.1 344.9 343.4 341.9 340.4 339.5 339.9 340.6 342.6 345.1 349.1 352.1 352 350 348.3 346.7 345.4 343.6 341.8 340.1 338.7 338 336.6 335.6 334.5 333.9 333.1 332.3 331.6 331.3 330.1 329.7 329.8 329.2 328 326.2 325.2 324.1 322.8 321.5 319.8 318.3 316.7 315.3 314 310.7 307.7 303.1 298 294.8 291.3 288.9 290.3 280.1 282.8 284.6 289.3 289.3 285 283.1 277.3
302.2 300.3 298.4 303.7 300.8 308 313.6 314.6 317.5 320.4 324.9 331.4 335.7 340 343 344.2 345.6 347.4 348 346 342.2 340.6 339.4 338.3 337.4 338.6 340.5 342.8 346.2 349 350.9 349.7 348.2 346.5 344.6 343.3 342.2 341.1 339.5 338.3 336.7 335.9 335.3 334.6 334.2 333.6 332.1 331.4 331.6 331.2 330.6 330.4 329.5 327.8 326.8 325.8 324.8 323.5 321.7 320.1 318.5 316.7 313.1 309.2 305 302 298.5 296.6 294 290.9 281.6 287.5 291.4 292 292.6 290.8 287.8 284 280.5
295.5 296.8 291.9 296.3 308 315.3 316.6 317.6 318.7 321.2 325 331.6 336.6 340.8 343.2 344.8 346 347.1 347.9 349.3 345.2 342.6 339.2 337.7 335.2 335.7 337.5 340 342.4 345.7 348.2 348.3 347 344.9 343 342 340.9 339.8 339 337.9 336.7 336.1 335.4 335.1 334.6 334.1 333.1 332.5 332.9 332.4 331.9 331.4 330.7 329.4 328.4 327.4 325.9 323.7 321.9 319.8 317.1 314.4 311 307 301.9 300.5 298.7 296 289.3 283.8 285.9 292.9 296.3 296.1 294.5 292.7 289 285.3 286.4
293.7 289.7 294.7 302.6 310.8 316.8 319 320.1 320.6 322 325.7 331.6 336.6 341.1 343.7 345.3 347.1 347 346.2 346.2 344.9 342.7 339.6 337.4 335.1 332.8 333.6 335 337.5 341.7 345.4 345.6 345.5 343.9 341.9 340.7 339.8 339.1 338.2 337.2 336.7 336.3 335.8 335.5 335 334.4 333.9 333.4 333.7 333.4 333 332.5 331.8 330.8 329.3 327.8 326.2 323.4 321.4 317.7 314.1 311.4 308.2 304.9 299.7 294.7 295.9 292.7 286.4 295.1 297.3 299.2 299.1 298.4 296.6 294.8 290.7 289.8 289.1
288.1 287 297.1 304.8 313.8 319.6 320.3 321.9 322.4 323.2 326.8 332.6 337.6 341.3 344.1 345.5 350.3 347.3 344.8 344.7 344.2 342 339.7 337.9 335.8 333 330.7 331.7 334.5 339.3 342.5 344.9 345.2 343 342 340.8 339.4 338.4 337.7 336.3 335.5 335.4 335.4 334 334 334 334.1 334.2 334.1 333.7 333.1 332.8 332.3 331.2 330 328.4 325.8 322.1 318.3 314.3 309.9 308.4 305.4 300 291.9 289.9 289.7 292.2 298.8 302.3 302.9 302.1 301.4 300.7 298.4 296 294.2 292.8 291.5
285 295.9 301.5 306.7 316.1 323.1 321.3 321.4 325 325.3 328.2 334.3 338.6 342.1 344.4 347.6 347.7 344.4 343.7 342.8 343.2 342.3 340.9 338.6 336.3 333.5 330.2 329.2 331.1 335.1 338.7 341.6 342.3 343.6 341.7 339 338.6 338 336.8 335.3 334.3 334.3 333.4 333 333.3 333.3 333.2 333.1 333.1 333.2 333.1 332.4 331.6 331.2 329.9 327.3 323.3 319.3 315.1 310.3 306.2 302.1 301 296.9 292.8 298.1 300.5 303.6 306.1 305.7 305.2 304.6 303.7 302.1 300.3 298.2 296.4 295.1 293.7
293.5 300.3 305.1 310 319.3 326.1 322.6 321.6 323.6 326.4 330 334.9 338.9 342.3 343.9 343.9 342.4 341.9 342 341.5 341.6 339.6 338.1 337 335.3 334.2 331.1 327.7 328.8 331.6 334.8 337.1 338.9 340.6 339.4 336.8 336.6 335.7 334.2 333.3 333.2 333 332.5 331.9 331.5 331.4 331.9 331.8 331.8 331.9 332 331.5 330.6 329.1 327 324 320.3 315.7 309.3 305.6 299.4 295.1 295.9 296.3 301.7 304 305.8 308.9 308.6 307.8 307.3 306.4 305.4 303.2 301.8 300.4 298.5 297.3 295.1
299.3 302.5 307.8 313.6 321.5 329.1 326.2 322.7 322.7 325 329.7 335 340.1 342.1 341.1 339.8 340 340.1 340.1 340.1 338.5 337.2 336.2 334.7 333.1 332.5 332 328.6 325.2 329.2 331.5 332.5 333.9 334.2 335 333.6 332.5 332.1 331 330 329.8 330.3 330.1 329.8 329.4 329.3 329.8 330.4 330.4 330.1 328.7 327.3 326.1 324.7 322.5 319.8 313.7 303.4 298.8 297.7 298.6 301.5 303.1 303.4 306.5 308.5 310.2 311.4 310.7 309.6 308.8 308 307.1 304.8 303.5 302.3 300.7 298.8 296.5
301.8 306.9 309.7 315.3 322.9 334.5 331.7 325.8 323.1 323.3 326.5 334.1 339.1 340.3 339.1 338.2 338.1 338.2 338.7 338.4 337.1 335.9 334.2 333 331.9 331.9 330.5 328.4 324 324.4 326.2 327.7 329 329.3 330.7 329.3 328.4 327.7 327.1 325.7 326 327.1 326.7 326.3 326.1 327.2 328 328.9 328.4 326.7 324.3 321.8 321.3 320.3 318.1 313.5 302.4 299.6 302.6 304.9 307.6 308.8 309.6 311.6 313.7 315 315 314.2 313.2 311.4 310.6 309.8 308.6 307 305.4 304.1 302.6 300.4 298.1
303 308.4 311.6 315.7 324.2 335.6 332.6 329.2 326.5 324.2 323.9 333.9 337.8 338.8 337.3 336.5 336.7 336.8 336.7 337 335.7 334.5 333 331.9 330.8 330.9 328.8 326.8 323.9 320.3 321.4 322.8 324 324.7 325.6 325.5 324.6 324 323 322.1 322.4 323 322.7 322.5 322.3 323.9 325.5 325.8 324.7 321.2 321.2 319 316.8 312 307.6 304.7 304.7 308.3 311.3 314.8 316.3 317 317.9 319.1 318.8 318.2 317.3 316.5 315.6 313.4 312.5 311.4 310.2 309 307.4 305.9 304.2 302.4 300
305.3 309.6 312.7 317.2 327.4 337.3 333.6 330.9 328.7 325.3 323.9 331.1 334.4 336.6 335.7 334.9 335.6 335.8 335 334.9 334.5 334.1 333.1 331 329.8 329.5 327.9 326.3 323.4 320.2 318.4 319.1 319.8 320.5 321.8 321.7 320.7 320.3 319.4 318.5 318.6 318.9 318.6 318.3 318.5 318.7 320.1 318.1 317 315.8 314.4 312.6 311 313.5 314.8 314.6 317.3 318.3 320.8 322.6 323.5 323.7 322.6 322.2 321.6 320.7 319.6 318.8 317.4 315.5 314.1 312.9 311.7 310.5 309.3 307.6 305.9 304.3 302.3
307.4 311.2 313.6 319.2 332 337.7 332.4 330 329.2 328.4 322.4 322.6 321.6 327.4 335.1 333.1 333.9 334.3 334.4 332.8 332.4 332 332 331.4 329.8 328.2 326 325.5 323.5 321 318.8 316.9 317.7 318.7 317.9 317.3 316.8 316.6 316.4 316.1 315.5 315 314.8 315.2 315.4 315.6 316.2 316.2 316.9 318.3 317.8 319.4 323.7 328.2 326.3 326.3 325.3 324.5 325.7 325.6 326 325.8 325 324.7 324.3 323.3 322.2 320.7 318.8 316.8 316 315 313.9 312.7 311.5 310 308.3 306.6 304.3
307.8 310.6 312.9 321 335 335.1 330.8 329.2 328.2 329.1 330.5 329.1 319.2 319.2 332 332.4 332 332.2 332.3 332.5 330.3 330.2 330.2 330 330 328.7 325.4 323.5 322.1 321.1 319.5 317.1 315.2 317.5 316.8 315 314.4 313.8 314.8 314.1 312.7 312.1 312.6 313.1 314.7 315.4 316.3 319.5 323.7 326.4 326.9 329.7 330.5 330.2 329.3 329.2 329 328.9 328.6 328.4 328.2 327.9 327.4 327.1 326.4 325.2 323.5 321.7 319.9 318.3 317.6 316.9 315.8 314.4 313 311.5 309.7 307.9 306.3
307.7 310.2 311.6 321.9 334.7 330.6 329.2 328.3 327.3 328.7 329.6 323.5 317.2 320.6 329.7 331.5 330.3 330.1 330.2 330.3 329.9 328.3 328.2 328 330.2 328.9 325.6 324.3 321.3 319.7 318.5 317.3 314.5 314.6 315.3 313.8 312.8 312.5 313.7 313.2 310.3 310.5 311.9 314.6 316.8 319.9 323 326.2 327.9 329.2 328.7 329.9 331 330.9 331.6 331.8 331 330.8 330.4 330.2 330 329.9 329.7 329 328.1 326.6 324.6 322.2 321 319.8 318.7 317.6 316.5 315.3 314 312.7 311.1 309.4 309.2
307 309.4 310.5 322.7 329.7 327.6 326.9 326.4 326.3 327.4 326.5 318.2 316.3 323.2 329.1 329.4 329 328.9 328.9 329.1 328.1 327.3 326.1 325.8 326 327 326 324.4 321.4 319.6 318.5 316.7 314 312.2 311.2 311.5 310.6 311.3 313.5 312.9 309.3 312.2 315.6 317.9 319.5 321.4 323.2 324.7 326.2 327.7 328.8 330.1 331.4 332.2 332.7 332.7 332.3 332.3 332.1 332 331.5 331.1 330.7 329.7 328.5 327.7 325.7 324.3 323 321.3 319.5 318.2 317.1 316 314.5 312.7 311.1 310.8 311
308.9 308.4 309.1 321.6 324.6 325.1 325.3 325.4 325.5 325.4 322.7 316.3 315.7 323.1 325.5 328.2 327.9 328.3 328 328.6 328.1 327 324.7 324 323.5 324.1 323.4 321.8 320.7 319.8 318.4 316 313.7 312 310.2 308.8 306.9 308.6 309.5 307.5 308.8 312.3 316 317.4 318.9 320.9 322.8 324.7 326.3 327.9 328.9 330.1 331.2 332.1 332.5 332.7 332.9 333 332.7 332.2 331.6 331.3 330.9 330.1 328.9 328.2 326.4 325.5 323.9 321.7 319.9 318.3 316.4 314.8 313.2 310.9 309.2 309 309.7
313.9 309.2 307.2 314.8 318.8 323.1 324.4 324.7 324.6 324.1 321.2 316.5 313.4 315.5 319.8 324.1 326.2 327.3 327.1 328 330.3 327.6 324.6 322.8 321.9 321.3 321.3 322 320.3 319.5 320 316.7 314.2 312.4 311.6 310.6 308.1 303.3 305.5 306.1 309.1 312.5 315.1 316.7 318.4 320.1 321.5 323.7 325.8 326.7 328.3 329.4 330.4 330.9 331.6 332.2 332.4 332.3 331.8 331.4 330.9 331.5 331 330.3 329.4 328.5 327.1 325.5 323.1 321.1 319.3 317.3 314.8 312.9 310.9 307.7 307.8 308.1 308.8
317.9 308.3 306.3 310.1 315.4 320.3 322.7 323.9 324.1 323.2 321.1 319.3 314.3 312.5 314.9 318.8 321 323.1 323.9 325.1 327.4 327.6 325.7 323.1 320.8 319.8 319.5 320 320.9 318.3 316.3 315.7 314.3 312.5 311.7 309.8 308 303.7 300.2 304.5 309 311.7 314.1 315.9 317.4 318.8 320.3 322.4 324.1 325.6 327 328 328.6 329.1 329.8 330.7 330.6 330.4 329.9 329.4 329.5 330.4 330.6 329.8 328.8 327.6 326.1 323.9 321.2 319 317.2 314.8 312.5 310.1 307.3 305.5 306.2 307 308.3
319.1 308.9 305.5 308.1 312.3 318.7 321.4 322.3 322.8 322.9 321.4 318.9 318.1 313.5 310.9 311.6 314.8 319.8 321.2 321.7 323.4 322.5 321.5 321.8 320.2 318.3 318 319.1 317.6 316.1 315.1 314.6 314.1 312.6 311.3 309.8 308.3 304.9 298.2 303.7 308.4 310.9 312.6 313.2 314.7 316.1 317.8 319.3 320.7 322.2 323.8 325.1 326.3 327.7 328.5 329.2 329.1 329.1 329.2 329.5 329.8 329.5 328.6 328 327 325.6 323.9 321.6 319.3 317 314.6 311.8 309.4 308.5 304.5 303.1 304.4 306.2 307.8
318.2 307.8 304.1 307.1 309.6 317 320.1 321 321.5 321.7 321.7 320.1 317.8 315.6 311.4 308.5 313 317 318.6 319.2 319.7 319.2 318.6 317.4 317.1 316.3 316.5 316.4 315.6 314.1 314.3 313.7 313 312.4 311.3 310 308.6 305.9 297.8 301.3 307.4 309.1 309.4 310.1 310.8 312.7 314.3 315.7 317.1 318.9 321.3 323.4 325 326.4 327.2 327.4 327.3 327.6 327.4 327.5 327.4 326.9 325.9 325 324 322.7 321.1 319 316.9 314.4 311.5 308.9 307.6 308.5 308.8 309.6 310.3 307.4 305
315.3 304.7 302.5 305.6 307.3 313.9 317.9 319.7 320.1 320.3 320.5 319.6 317.2 314.9 312.4 307.4 309.5 314.1 315.5 316.4 317.2 316.7 316 314.6 313.7 313.2 313.4 313.3 313.2 312.6 312.6 312.3 311.8 311.2 310.5 309.3 307.7 305.2 293.6 300.8 305.3 306.1 306.4 307.1 308.4 309.3 310.8 312.3 313.8 315.7 317.8 319.9 322 323.3 323.5 323 322.9 323.6 324 324.5 324.3 323.5 322.4 321.9 320.8 319.5 318 315.9 313.6 311.8 311.9 311.5 307.9 301.7 300.2 297.3 299.9 304.5 302.7
311.6 302.6 301.4 303.8 305.9 310.4 313.9 317.2 318.7 318.8 318.9 318.6 316.4 314.1 312.1 307.3 306.7 311.3 312.4 313.5 314.4 314.1 313.2 312.2 311.4 310.3 310.2 310.2 310.1 310.3 310.2 310 309.7 309.4 308.9 308.5 306.7 303.6 292.8 295.4 300.5 300.9 301.4 303.4 305.4 306.1 307.4 308.9 310.3 312.5 314.3 316.2 318.2 319.4 320 319.8 319.3 319.8 320.3 320.5 319.9 319.4 319.4 318.7 317.5 316.2 314.4 310.8 309.7 315.3 306.2 295.3 295.1 295.3 299 305.2 296.8 299.3 299.7
306.1 298.5 300.8 302.2 304.3 308.3 311.5 315.2 317.2 317.3 316.8 316 315.2 313.5 311.3 308.4 304.7 307.8 309.8 310.6 311.6 311.6 310.8 309.9 309.1 308.1 307.1 307.1 307.1 307.4 307.7 307.6 307.5 307.3 307 306.4 304.8 301.5 292.6 290.2 294.2 295.7 296.7 298.3 300.2 302.4 304.3 305.6 307.1 309.4 310.9 312.6 314.4 315.9 318.4 318.2 317.9 316.5 315.8 316.3 315.8 315.4 316.3 316.1 314.8 312.7 310.3 308.3 306.4 311.2 299 301.7 302.5 308.1 306.5 297.4 279.2 280.1 285.7
298.8 297.1 300.5 300 303.2 307.2 310.2 313.4 315.6 314.9 314.1 313.3 313.2 311.9 310.2 307.9 304.1 305.5 307.7 308.2 308.8 308.9 308.4 307.6 306.8 305.8 304.6 304.3 304.2 304.5 304.8 305 304.9 304.5 303.8 302.3 300.4 297.3 289.5 286.5 289.4 291.3 292.1 293.9 295.6 297.5 299.6 302 303.7 306.1 307.6 309.1 310.8 312.7 315.1 316.9 316.7 316 314.3 311.8 311.6 312.2 313.1 313.9 312.2 311.4 309.9 307.5 305.3 305.2 299.7 311.4 308.1 297.9 296.8 287.7 268.7 263.8 262.1
295 296 298 298.4 302 305.9 310.6 313.4 314.1 313.3 312.2 310.9 309.9 309.6 308.8 306.9 304.1 303.2 305.4 306.1 306.5 306.3 305.9 305.1 304.1 302.9 301.6 300.8 300.9 301.1 301.4 301.4 301.3 300.6 299.2 297.7 296 293 289.1 280.3 284.8 287.5 288.9 290 292 294.2 296.7 298.7 301.5 303 303.7 304.3 306.6 309.4 311.8 313.8 314.1 314 312.6 310 308.1 308.8 309.8 310.6 311.2 311.2 310.1 307.1 303.2 300 307 305.6 300.6 289.1 273.6 268.7 271.7 276.7 270.7
292.6 294.4 296.7 296.8 301.1 305.9 311.8 312 311.6 311 309.5 308 306.7 306.4 306 305 302.5 301.3 302.8 303.7 304.2 303.9 303.4 302.3 301.1 299.8 298.6 297.8 298 297.6 297 296.8 296.7 296.2 294.6 292.9 291.2 289.1 286.3 276.5 281.4 283.8 285.4 287.4 288.7 291 293.5 296 298.8 300.9 301.9 301.9 304.3 305.6 308 310.2 310.6 310.9 310.2 309 306.4 304.1 305.7 307.5 308.3 309.3 310 306.8 302.3 297.7 298.4 296.6 290.7 288.3 293 296.2 295.7 302.4 291.8
289.7 294.7 295.6 295 299.1 303.7 308.7 310.4 309.3 308.6 307.6 306 304.2 303.3 302.8 302.3 301.1 299.6 300.5 300.8 301.6 302.2 300.8 299.8 298.5 297.3 296 294.6 294.9 294.4 292.9 292.1 292 291.5 289.6 287.6 285.9 283.7 281.1 275.5 277.9 280.1 282.8 284.6 285.9 287.7 290.1 292.4 294.5 296.5 298.7 299.2 301.2 302.3 304.2 306.3 307 307.3 307.6 306.9 304.9 302 302.8 304.5 305.2 306 307.3 305.4 299.3 294.8 293.7 292.5 295 302.3 305.8 305.4 304.9 305.3 305.5
288.1 291.1 292.9 292.6 296.5 300 305 306.9 306.8 306.6 305.8 304 302.2 300.7 299.7 299.2 298.7 298.1 298.7 298.1 298.7 298.4 297.9 297.6 296.7 295.4 293.7 292.4 291.6 291.1 290 287.8 287.6 286.6 284.5 282.3 279.8 276.6 274.3 275.1 275.2 278.1 280.4 281.8 283.2 285.2 287.1 289 291 293.4 295.1 296.5 298.1 299.1 300.4 302.4 303.5 304.3 305.1 304.8 303.2 300.2 300.2 300.8 301.8 302.7 302.6 300 295 294.3 296 300.9 304.4 306.2 309.2 308 307.3 307.3 308.5
286.7 287.8 288.4 290.2 294.5 297.7 300.8 303.6 303 303.3 302.7 302.4 300.6 299.1 298.4 297.2 296.9 296.6 296.9 295.5 296.7 296.4 295.4 295.2 294.8 293.2 291 289.7 286.6 286 287.4 284.2 283.5 281.7 279.6 276.8 272.9 271.5 270.4 273.3 275.4 277.8 278.2 280.1 281.6 283.1 285.2 287.4 289.4 291.1 292 293.9 295.3 296.6 298.3 300 301.5 302.7 302.9 302.5 301 299.3 299.2 299.1 298.8 298.8 297.1 295.3 295.3 299.2 305.3 308.2 309.9 311.1 312 311.4 310.6 309.7 311.3
282.7 286.2 285.6 288.3 292.6 294.9 297.4 300.3 299.4 299.5 299.4 299.2 298.9 298.1 297.5 296 295.7 295.6 295.9 294.6 294.8 294.9 294.8 294.3 293.1 292.7 291.3 288.5 283.1 282.3 282.3 280.2 280.1 276.1 273.7 270.4 266 267.4 273.6 278.1 278.9 277.6 278.2 279.1 281.4 282.3 283.7 285.8 287.6 288.9 290.6 291.7 293.2 294.8 296.5 298.2 299.7 300.9 300.2 298.8 298.3 298.6 298.6 298.6 298 297.7 296.6 299.1 302 310 312.4 312.4 312.2 312.9 314.5 314.8 313.6 311.7 313.8
281 281.8 282.7 285.7 289.6 291.7 294.6 296.3 296.2 296.4 297.2 297 296.8 296.7 295.7 294.9 293.9 293.1 293.6 292.9 293.5 290.6 293.1 291.7 290.7 289.9 288.7 288.2 285.4 277.6 276.9 274.6 273.5 271.5 270.4 266.4 269.3 270.6 272.1 274.5 274.8 275 275.6 276.9 279.4 280.4 281.2 283.3 285.1 286.9 289.1 290.3 291.3 292.8 294.5 296.4 297.9 298.4 297.9 298.2 298.6 299.1 299.1 299.2 299.6 299.4 301.3 305.8 310.6 314.9 315.6 315.2 314.6 314.4 316.3 316.1 315.9 313.9 315.4
279.3 279.4 279.9 282.7 284.5 287 291.3 292.2 292.1 294 295.3 294.8 293.9 293.1 293 292.4 289.5 289.2 290 290.1 290.1 288.4 290 289.9 287.3 286.2 286.1 285.9 285.3 281 272.7 269.8 267.9 267.1 266.6 262.5 264.6 269.2 271.7 272.6 272.6 272.6 273.7 275.9 277.2 278.7 279.3 279.8 282.1 285.2 289 291.4 292.8 293.5 293.7 293.9 295.1 295.9 297.1 298.5 299.2 300.4 302.5 304.2 306 307.4 309.8 313.3 315.2 316.1 317 316.9 316.5 315.6 316.2 316.5 316 315.2 316.3
277.4 277.6 278.5 280 281.7 284.8 288.5 288.2 287.8 290.1 290.7 291.2 290.8 290 291 290.7 287.9 285.9 286.9 285.3 284.6 282.9 285.4 283.7 282 281.5 280.9 280.6 280.1 279 275.9 270.8 265.4 262.7 261.4 260.6 267.8 267.9 268.7 271.1 270.9 270.9 271.8 273.4 274 274.4 276.9 280.4 283.8 287.5 290.3 292.1 293.8 295.2 296.5 297.7 296.9 298 299 300.4 302 304.5 307.4 310.1 311.8 313.3 315.4 316.4 316.6 317.3 318.2 318.2 315.6 316.2 316.6 316.8 316.7 316.7 317.4
275.9 275.7 276 276.8 278.4 282 285.9 286.3 285.7 285.8 286.4 286.9 287.6 287.9 288.5 287.5 284.5 281.7 282.8 281.3 281.8 278.7 278.3 278.1 276.1 276.1 275.3 275 274.7 274.3 272.8 271.5 267.5 259.2 257 267.7 266.7 266.2 267.1 268.8 268.7 268.6 268.4 268.2 272.5 275.7 278.8 281 284.9 289.4 290.8 292.7 294.4 295.9 297.5 299.3 300.5 301.5 302.6 304.3 306.2 308.9 311.2 313.7 316 317.3 318.1 318.9 318.3 318.5 319.3 318.4 316.8 317.3 318.4 318.6 318.6 318.4 318.6
274.4 273.5 273.1 273.6 275.6 277.5 282.2 283.6 283 282.3 282.7 283.3 284.4 282.9 283.7 281.8 280 275.4 277 280.2 278.7 275.9 273.1 272.9 270 269.3 270.8 269.7 270.3 270.6 270.4 270.3 268.5 257.8 260.8 265.6 264.2 263.4 264.9 264.1 262.5 264.3 268 270.5 272.8 276.1 279.5 282.6 286.2 290.3 292.1 293.9 295.7 297.6 298.8 301.2 303.5 305.1 306.5 308.4 310.3 312.2 314.6 316.8 319 320.4 319.8 319.5 318.9 319.7 319.8 319.3 318.3 318.6 319.6 319.3 319.4 319.7 320.1
