data/SE59.asc
ncols 200
nrows 200
xllcorner 450000
yllcorner 490000
cellsize 50
[rows 105 to 139 of 200, columns 0 to 77 of 200]
218 215 210.2 205.9 201.8 201.8 194.8 192.6 188.7 187 191.7 198 201.5 202.2 202.5 203.3 204.8 208.7 212.8 215.5 215.4 212.9 207 200 190.5 176.8 180.3 187 195.1 203.9 214.7 223.8 231.7 239.6 247.8 255.3 260 263.7 267.1 270.6 273.9 276.3 279 280.3 282.7 285.4 287.8 289.7 291.5 292.6 293.5 294.5 295.4 295.9 296.1 295.6 293.3 289.5 285.6 282 280.1 278.7 277.2 275.8 274.2 271.6 267.5 260.3 251.4 256.2 268.3 279.7 287.2 293 298.4 303 306.4 309.3
222.7 219.3 215.9 212.1 208.5 206.7 203.5 199.5 196.5 193.4 186.6 185.1 190.7 192.6 193.5 194.2 195.5 199.6 205.5 207.5 208.5 205.3 200.9 195.2 186.3 178.3 182 188.7 197.4 207.3 218.6 226.8 234.7 244.1 252.1 257.5 261.8 265.8 269.7 273.8 276.6 278.9 280.3 281.5 284 285.6 287.5 289.4 290.4 291.3 291.3 291.5 291.9 292.3 292.7 292.5 289.6 285.4 281.9 279 277 275 273.1 271.5 269.4 265.9 260 250.3 245.5 259.5 271.6 280.3 287.5 293.8 299.1 302.7 305.7 308.7
227 223.5 220.6 217.7 214.9 212 207.9 204.3 201 197.8 194.7 190.6 183.5 184.6 184.5 185.3 186.9 188.9 192.5 194.3 196.2 195.8 193.2 190.6 182.5 177.8 181.7 191 199.9 211.4 221.3 229.6 239.3 247.6 253.9 258.7 262.8 267.1 271.1 274.3 277 279.1 280.7 282.1 283.6 285.3 286.6 288.2 288.6 288.5 288.5 288.6 288.8 288.9 289.1 289.1 285.3 281.5 278.5 276.6 273.4 271.1 268.7 266.5 263.6 259.1 252.3 240.8 250.1 262.6 273.4 280.4 287.4 294.2 299 302 305 307.9
232.8 230 227.1 223.2 220.6 217.6 213.8 210.3 207.1 204.1 201.2 199.6 198.3 194 182.1 180.7 180.2 179.4 180.3 183.1 185.4 186.4 186.7 186 182.2 176.8 183.3 194.2 204.5 214.7 223.6 232.8 243.9 249.9 254.4 258.7 262.7 266.5 270.6 273.9 276.2 277.8 279.3 280.8 282.3 283.7 285.1 286.3 285.9 285.6 285.7 285.8 285.9 286.1 286.2 285.1 281 277.6 274.6 272.7 269.2 265.9 263.6 260.8 257.1 251.6 244.5 240 254.3 266 274.5 281.5 288.5 294.3 298.3 301.4 304.3 307.4
238.6 236.4 232.7 229 226.3 222.9 219.6 216.5 213.5 210.5 209.5 208.8 208.6 206.5 202.5 197.1 192.2 187.3 183.5 177.3 176.4 179.5 180.7 180.3 177.8 177.1 187.2 199.1 210 217.7 226.5 236.3 245.7 249.6 254 258.3 262.3 265.5 269 271.9 274.5 276 277.5 279.1 280.6 282 283.3 283.9 283.4 283 282.7 282.8 282.9 283 283.1 281.1 276.7 273.6 270.5 267.6 264.6 261.1 257.1 254.1 249.1 243.4 229.7 246.3 258.7 268.8 276.5 283.3 289.6 294.2 297.7 300.9 304.4 307.6
245.6 242.7 238 234.7 231.7 228.4 225 222.3 219.3 216.9 216.2 216.1 216.4 215.5 212.8 208.9 204.4 200.3 197.7 189.5 178 173.9 174.5 173.5 173.2 182.5 195.2 206.8 214 220.6 229.4 240.2 245.5 249.6 253.8 257.8 261.5 264.8 267.5 270 272.5 274.1 275.7 277.3 278.8 280.2 281.4 281.5 281 280.4 279.6 279.5 279.6 279.7 279.7 276.6 272.8 269.1 266 263.7 260.3 256.4 251.8 246.3 240.3 231.9 236.1 251.4 261.7 271.6 277.7 283.9 290 294 297 300.4 304 307.6
252.5 249.4 246 242.2 238.9 235.7 231.5 227.8 225.3 223.5 222.7 222.6 223.5 223 220.1 215.7 211.2 207 203.5 197.1 182.6 172.1 173.2 172.8 178.7 191.4 202.5 211.3 217.2 224.1 234 241.5 244.8 249.6 254.4 258 260.9 263.8 266 268.1 269.9 271.4 272.9 274.5 276.1 277.7 279.2 280.2 280.2 278 277 276.2 276.3 276.4 276.2 272.8 268.8 265.2 262.6 259.7 256.1 251.2 244.8 238.5 229.1 231.5 243.3 256.2 266.1 273.9 279.9 285.4 289.8 293.2 296.3 299.8 303.8 308.1
257.9 254.8 252.7 249.6 246.2 243.6 240.5 237 234.4 232 230.9 230.3 231.3 230.3 226 221.6 216.2 211.1 206.9 201 183.3 169.2 175.1 179.8 186 195.6 207.4 213.7 220.1 227.6 236.7 240.8 244.4 249.4 254.3 257.4 259.8 262 263.8 265.6 267.3 268.9 270.4 271.8 273.3 274.9 276.4 277.1 277.8 276.6 274.3 273.2 273 273 272.8 269 264.9 261.4 258.1 255 251.5 245.4 239 229.5 222.6 236.2 248.6 259.3 269 274.7 280.1 284.7 288.4 291.9 296.1 300.1 304.7 309.3
261.9 259.2 257.6 255.4 252.7 250.4 248.1 245.3 242.9 240.5 239.8 239.1 238.8 236.9 233.3 227 221 215.2 209.7 203 182.3 171.6 176 182.1 187.9 198 209.4 216 222.1 228.7 236 239.3 242.5 247.1 252.3 255.3 257.5 259.5 261.3 262.9 264.5 266.1 267.5 269 270.5 272 273.5 274.1 274 272.5 271.4 270.5 269.7 269.5 269.3 265.3 260.2 256.1 253.3 250.2 245.7 240.4 234.1 222.8 225.5 238.7 250.4 260.3 268.3 273.5 277.8 282.2 286.2 291.1 295.5 300.4 305.6 310.6
265.3 263.5 261.6 259.9 257.8 255.2 253 251.1 249.3 248.1 247.7 247.1 244.9 241.3 236.8 233 224.1 216.8 210.1 203.2 186.7 170.5 173.9 181.9 189.2 200.3 209.7 215.8 222 229.1 234.3 236.9 240.5 244.2 248.9 252.2 254.4 256.4 258.2 259.9 261.7 263.3 264.7 266.2 267.7 269.1 270.5 271.2 270.4 268.7 267.5 267 266.5 266.3 265.6 260.9 255.5 251.3 247.9 244.6 239.7 234.7 229.1 218 226.1 238.9 250 259.3 265.8 271.7 276.4 281.3 285.8 290.6 295.7 300.8 305.9 311
269.6 267.7 266.3 264.3 261.9 259.6 257.3 255 253 252.4 251.7 250.9 248.7 245.2 239.3 233.7 224.9 217.2 209.4 203 188.7 172.7 169.8 180.9 192.7 204.6 209.5 214.3 220.4 226 231.1 234.1 236.9 240.1 243.6 246.9 249.7 251.5 253.5 255.2 257.6 259.9 261.9 263.4 264.9 266.3 267.4 267.4 266.4 264.7 263.5 263.1 263.1 263.1 261.5 256.8 251.1 246.9 243.4 238.8 233.9 228.3 223.1 214.1 227 238.5 248.8 258.3 265.2 271.2 276 280.8 285.4 290.3 295.8 300.9 306 310.6
275 272.7 271 268.5 266.1 263.7 260.5 258.4 256.3 255.2 253.9 251.9 249.1 246.3 241.1 233.5 226.4 217.2 209.3 202.1 191.2 176.1 169 181 195.6 203.3 207.9 213 217.4 221.9 225.7 228.6 231.3 233.7 236.3 239 241.6 244.2 247.6 250.4 252.5 255.2 258 260.1 261.9 263.5 263.7 263.5 261.8 260.1 259.3 259.3 259.9 259.7 257.4 252.4 246.7 242.6 238.6 233.9 228.2 222 213.3 217.5 228.7 238.5 248.2 258.4 265.4 270.9 275.5 280.3 285 290.2 295.8 301 306.1 309.4
281.7 278.9 275.3 272.6 269.6 266.6 263.3 261.6 259.5 257.4 254.9 252.3 249.5 246.6 242 234.9 228.1 216.8 209.3 202 191.4 181.2 168 178.8 190.7 200.7 205.6 209.2 212.8 216.8 219.8 222.4 222.9 224.8 226 228.4 230.7 233.6 237.5 242.6 245.5 249.9 253.8 255.9 258 259.7 259.5 258.8 257.3 255.5 254.9 255.3 256 256.8 254 248 242.2 238 233.5 229 223.4 216 203.9 218.9 229.5 239.3 250.2 258.4 265.4 270.5 275.2 279.9 284.7 290.1 295.8 301.1 304.9 308.1
291.2 287.7 283.4 278.4 274.5 271.1 267.1 264.7 262 258.7 255.4 252.3 250.1 247 243 237.3 228.7 220 210.7 202.6 193.5 183.4 172.4 169.6 186.9 197.2 201.9 205 208.2 211.2 213.9 214.9 214.1 214.5 215.4 217 219.4 222.7 227.3 233 238.6 243.6 249.2 251.5 253.1 254.5 254 253.7 252.9 251.5 250.7 251.3 252.5 253.5 250 243.9 237.9 233 228.5 223.9 218.9 210.8 207.9 220.4 230.1 240.3 251.2 259.3 265.1 270.2 274.9 279.6 284.3 289.8 295.4 300.5 303.5 305.9
304 298.6 292.8 286.3 281.5 275.9 270.7 266.6 263.6 259.5 255.8 251.7 249.4 246.6 243.1 238.1 229.7 222.3 212.2 204.5 193.6 184.2 172.1 167.5 182.7 191.6 197.3 200.4 203.3 206.1 207.9 207.5 206.4 205.5 205 206.2 208.4 212.6 217.6 224.2 230.9 237.3 242.6 244.7 246.4 247.3 247.6 248.3 248 247.2 246.4 248.1 249.6 250.1 246.2 240.2 233.7 228.3 223.7 219.2 213.9 206.3 208 221.2 231.8 241.3 251.1 258.5 263.7 269.2 274.4 279.1 284.2 288.9 294.5 298.2 300.7 303.1
312.5 309.3 304 297 289.1 281.9 274.4 269.8 264.9 260.3 255 251.1 248.5 245.6 242.6 237.6 229.4 221.2 212.1 204.3 195 184.6 172.6 167 178.8 185.3 190.6 194.9 198.3 200.6 201.5 200.4 199.3 198.2 197.2 197.1 197.7 202.6 208.1 215.1 222.2 229.7 235.1 237 239.1 240.1 241.2 242.3 242.9 241.3 240.6 243.3 246.1 246.9 242.4 235.9 229.5 223.9 219.1 214.1 207.4 197.2 213.7 224.3 235 244.6 251.7 257.3 262.7 268.1 273.6 278.7 284.1 288.7 292.7 295.2 297.8 300.2
318.8 315.9 312.5 306.4 297.3 287.6 278.3 271.4 265.6 261.2 256.5 251.7 247.3 244.4 241.5 237.3 229.6 220.3 211 203.3 194.9 186.5 173.2 168.3 174.6 178.7 183.1 187.3 191.5 194.6 195 194 192.9 191.6 190.5 190 190.6 193.5 198.6 205.8 213.2 220.5 227.5 230.5 232.9 234.4 235.9 237 237.1 235.1 235.8 239.4 241.5 242.3 237.6 231.6 225.2 219.6 214.3 207.1 197.2 208.9 219.6 231.2 241.2 247.7 252.5 257.3 262.7 268 273.3 278.8 284 287.6 290.4 292.7 295 297.3
324.5 321.7 317.6 313.3 305.8 294.6 281.5 271.8 265.9 260.9 256 251.1 246.6 242.8 239.5 235.9 230.4 220.1 211.2 204.3 195 188.4 174.2 166.8 169.6 173.4 176.6 179.8 183 186.3 188.1 187.9 186.7 185.7 184.6 183.5 183.6 184.9 189.3 196.3 203.5 211 217.5 222.4 225.4 227.7 229.1 230.1 229.9 227.5 227.6 235.3 239.2 237.8 232.2 227 220.9 215.1 208.4 196.3 205.7 217.5 227.8 237.9 243.6 248.1 252.7 257.3 262.6 268 273.3 278.7 282.9 285.7 288.2 290.5 292.8 294.8
331.1 326.6 320.5 316.6 311 298.4 284.2 273.2 265.4 260.4 255.5 250.6 245.8 241.5 237.2 233.5 228.8 220.1 212 205.8 196.9 190.7 181.3 165.5 166.8 167.8 170.9 174.1 176.7 178.9 181.5 182 181.3 180.3 179.1 177.4 176.9 178.1 180.6 186.6 194.4 201.5 207.9 212.5 214.7 215.8 217.3 219.1 220.1 219.1 221.5 230.9 236.1 233.9 229.5 223.4 216.1 209.9 202.3 192.4 211 224.1 233.4 239.6 244.1 248.5 253 257.3 262.6 268 273.3 278 281 283.7 286 288.2 290 291.8
339.9 329.5 324.7 320.1 314.3 301.7 286.3 277 267.9 261 254.7 248.5 242.8 238.6 234.1 230 225 217.6 209.5 204.5 196.9 190.8 185.1 176.1 165.7 163.7 164.8 167.3 171 173.1 175.4 176.4 175.8 174.9 173.5 172 170.7 171.8 174.9 179.5 186 193.9 199.8 203.5 205.2 206.1 207.5 208.7 209.7 208 216.6 225.2 231.7 231.1 226.8 219.9 212.2 204.7 193.6 202.1 214.7 226.1 233.6 238.2 242.7 247.2 251.8 256.9 262.8 268.2 273.2 277 279.2 281.5 283.4 285.2 287 288.8
351.9 337.3 330.1 323.2 316.6 305.4 288.1 278.4 269.3 261.5 255.2 249 242.7 235.9 229.5 223.9 218.9 212.4 203.6 198.8 192.4 188 180.5 169.9 178.8 177.5 173.9 168.6 163.2 164.1 167.8 169.8 170.2 169.5 168.1 166.6 165.1 165.1 168.4 173.1 179.3 187.2 193.2 195.4 196 196.5 197.8 199.3 199.5 202.6 213 219.9 225.2 227 224 217.5 208.4 199.6 191.9 205 216.9 226 232 236.3 240.9 245.4 250.8 256.5 262.5 268.4 272.6 275.2 277.1 278.9 280.7 282.4 284.1 285.8
363.9 347.3 335.2 322.7 314.6 307.8 294.8 282.6 270.7 262.6 255.6 249.4 243.1 235.6 227.4 219 212.5 205.6 200.1 194.8 188.8 179.2 183.5 187 189 187.2 184.4 179.9 175.1 170.7 162 162 163.1 162.6 162.7 161.7 158.5 159.5 158 168.3 175.5 183.6 186.1 186.3 186.7 187.2 188.9 190.7 191.4 198.6 207.7 214.1 218.1 220.5 219.6 214.9 205.3 193.3 193.8 205.6 216.1 224.1 229.5 234.2 238.5 243.5 249.3 255.2 261.8 267.9 271 273 274.8 276.5 278.2 280.1 281.8 283.5
372.5 360.6 345.3 329.9 318.2 310.5 300.9 287.5 274.4 264.2 256.9 249.7 243.5 236.1 227.6 219.4 211.7 204.2 192.1 190.8 191.1 192.2 195 198.7 198.6 194.6 191.8 187.8 184 180.6 177.7 174.7 171.3 168 165.3 163.2 162.8 160.7 155.9 163.2 174.5 182.4 180.4 178.6 177.6 177.8 179.6 181 187.5 193.8 201.3 207.5 211.1 213.9 214.4 210.7 202.5 189 193.2 204.2 214.8 220.2 225.2 230.6 236.2 241.2 247.5 253.7 259.7 265.4 268.3 270.6 272.4 274.1 275.9 277.6 279.4 281.7
378.3 370.6 357.8 341 324 313 303.5 290.9 277 267.1 258.6 250.2 243.8 236.7 229.2 222.2 213.4 204.7 203.3 209.1 211.2 206.5 209.8 213.1 210.6 205.5 200.4 196.4 192.9 189.9 187.6 186.8 185.1 179.9 175.2 169.9 166.8 162.3 157.6 161.2 172.4 178.1 176.1 172.4 170.4 168.9 168.8 174.6 182 189.1 195.7 201 204.8 207.6 208.6 206.3 199.2 188.4 190.9 203.1 211.9 218.2 223.8 229.1 234.3 239.8 245.8 251.9 257.4 262.1 265.4 267.6 269.9 271.7 273.5 275.2 277 280.6
382.1 377.5 369.3 354.9 334.5 317.3 306.9 294.1 279.3 270.1 260.6 251.6 244.1 237.2 230.1 223 215.3 208.6 217.1 221.6 221.9 219.4 222 223 220.6 216.9 211.7 208.8 205 201.4 197.8 195.6 192.6 188.1 181.7 175.3 169.5 163.5 155.1 160 167.1 171 170 167.2 164.2 162.1 162.7 166.9 173.8 181.5 189.3 195.3 198.6 201.8 203.2 202.1 196.8 186.2 191.4 202.1 209.9 215.7 221.5 226.8 232.2 237.6 243.8 249.8 254.6 259.4 262.3 264.6 266.8 268.9 270.8 272.6 275 279.2
384.7 381.5 376 366.5 347.5 326.6 310.9 296.9 281.6 274.3 262.8 254.3 245.7 237.1 229.2 222.1 214 220 227.3 230.5 230.9 227.7 229.6 229.9 228.6 226.6 223.2 220.9 218.3 214.2 209.5 205.2 199.9 194.7 188.2 180.7 172.9 163.6 154 156.3 160.2 164.2 163.8 159.9 155.5 153.3 153.5 156.3 165.1 173.4 180.6 186.6 192.3 195.9 198.5 198.3 192.8 184 191.1 200.5 207.3 213.1 219 224.6 230.2 235.9 241.6 247.3 252.4 256 259.3 261.5 263.6 265.6 268.4 270.5 273.1 277.2
385.8 383.6 379.9 372.8 359.6 336 316.1 297.7 283.1 273.8 263.5 254.8 247.4 238.3 229.3 222 225.5 230 237.3 240.6 239.9 236.8 237.5 237 235.3 232.6 231.2 229.5 227.7 224.3 219.5 214.4 209.5 202.9 194.7 185.7 177.4 167.5 155.1 156.2 155.2 156.4 156.9 153.7 157.5 156.2 151.4 151.9 153.1 163.9 171.9 178.7 185.2 190.3 194.4 194.7 190.2 182.3 189 198.5 205.5 211.1 216.8 222.3 227.4 232.4 238.7 244.5 248.7 252 255.2 257.8 260.3 263.2 266.3 268.5 271.2 275.3
386.1 384.3 381.8 376.9 365.9 345.5 321.1 301.8 284.9 269.7 262.8 255.2 248.1 240.7 233.6 232.8 235.6 238.3 244.9 249.7 249.8 247.5 246.8 245.8 242.1 238.6 237.2 235.6 234.3 231.6 227.6 224.1 219.6 213 203.7 193.1 183.2 173.3 163.9 156.2 155.5 154.6 159.9 164.7 167.7 164 158.6 152.3 150.3 155.3 165.5 172.4 179.1 184.9 188.9 190.3 187.1 180.7 186.8 197.2 203.2 208.9 214.5 219.9 225.5 230.7 236.2 241 244.6 247.6 250.8 254.8 258.1 261.1 264.2 266.7 269.9 274.6
386.5 384.8 382.7 379.1 369.1 352.6 327.6 305.5 286 271.1 263.6 256 248.8 243.1 235.2 240.8 244 246.5 251.1 255.5 257 256.3 254.8 254.5 252.1 247.4 244.3 242.3 240.8 238.1 234.9 232.4 228.9 222.6 212.9 200 189.6 183.1 177.6 172.7 170.5 171.7 174.9 175.6 174 170 163.6 156.8 150 149.6 159.1 166.5 172.8 179 183.3 185.4 184 177.3 184.9 195.9 201.1 206.5 212.3 217.6 223.1 228.6 232.6 237 240.1 243 246.4 251 255.3 259.4 262.5 265.8 269.8 274.1
385.8 384.8 382.3 378.6 370.5 352.6 330.2 311.3 292.5 277.5 266.3 256.3 247.2 245.2 247.4 249.9 252.3 254.8 257.9 262.6 264.6 265.1 264.2 261.3 259.6 257.1 254.8 252.3 248.8 245.8 242.9 240.2 236.9 229.7 220.4 209.3 200.6 196.6 193 189.3 187.7 187 186.7 185.5 182.3 176.6 170 162.5 155.1 147.7 152 161.9 168.5 173.8 178.5 180.4 179 174 185.6 195.2 200.3 205.4 210.2 215.3 220.6 225.7 228.7 232.4 235.3 238.5 243.1 248.3 253.8 258.3 261.8 265.7 270.3 274.6
384.9 383.5 381 377.1 369 349.5 327.7 311.8 296.8 281.9 265.9 258.4 255.6 255.8 258.1 259.5 261.1 263.6 268.1 271.4 274 273.8 273.4 271.4 267.7 265.6 264.5 262.6 258.4 254.7 251.6 247.7 242 234.9 226.8 220.5 217.9 215.3 211.6 206.9 203.6 200.4 197.9 194.9 190.2 184.2 176.5 167.1 158.1 149.4 149.1 158.1 165.1 170.6 174.9 176.4 174.7 172.5 185.5 194.3 199 203.5 208.1 212.6 217 220.4 223.9 227.4 230.5 234.7 240.3 246.3 252.3 256.9 261.1 265.3 270.1 273.9
383.8 382.9 380.1 375.7 365.6 344.3 323.6 305.9 289.2 280.6 278 276.9 274 270 270.1 272.5 271.6 273 277 279.4 282.1 282.7 282.6 282.8 279.1 275.2 270.6 269.3 266.7 263 259.4 253.2 245.1 238.2 233.4 230 228.6 226.4 223.8 219.5 215.4 213.5 209.1 203 195 188.6 181.5 171.6 162.9 154.6 147 155.3 162.2 167.9 171.9 172.2 171.3 174.2 185.1 192.6 196.9 200.8 204.6 208.5 212.3 216.1 219.3 221.7 227 232.2 238.5 244.9 250.9 255.6 260.9 265.4 270.2 273
383.1 382.1 379.8 375.9 363.9 334 311.6 303.7 302.7 300.1 297.4 295.6 293 288.8 284.8 285.8 287.3 288.5 289.3 289.7 291.6 292.3 293.4 293.2 290.9 286.1 279.3 273.6 270.6 267.7 263.1 258 250.6 243.1 239 237 235.6 233.7 230.1 226.8 223.8 221.5 216.8 209.5 199.8 191.3 183.2 175.5 166.7 158.2 149 153.4 159.9 166.5 169.8 168.6 164 171.8 183.6 190.3 193 196.5 199.9 203.3 206.7 208.8 209.1 215.8 223.3 230.3 237 243.7 250.2 255.7 262 265.9 269.9 272.2
382.3 381.2 379.3 376.6 369.4 351.1 332.4 325.6 320.6 318 315.9 314.6 312 309.9 308.5 307.9 308.6 310.3 312.1 311.7 311.7 309.5 308 306.3 304 299.9 292 284 276.2 271.4 266.3 262.3 257.2 250 245 242.4 240.7 238.7 235.1 231.2 228.3 225.1 221.4 213.5 203.2 191.4 183.8 176.4 168.3 160.3 150.4 150.9 157.6 164.7 167.9 165.8 159.4 170.4 181.7 188.4 191.1 193.3 196.1 198.2 200.9 202.2 208.3 214.6 222.6 228.9 235.9 242.7 249.3 256.4 261.9 265.2 268.6 271.4
381.4 380.6 378.9 376.7 373.3 366.7 357.8 350.3 344 342.1 341 338.9 337 335.7 333.3 333.7 334.8 336 337.8 338.6 337.4 334.2 330.3 325.7 320.7 314.5 306.6 297.5 288.7 282.3 277.4 272.5 266 260.6 253.4 248.3 245.3 242.3 238.4 234.7 231 227.3 222.9 216.4 205.6 191 181.7 175.4 168.2 160.6 152.9 147.1 155.5 162.7 165.1 163.1 159.8 172 182 187.3 189.5 191.1 193.4 195.6 197.9 203.5 208.2 215.4 222.1 228.7 236.2 244.1 251.9 258.3 262.1 265.2 267.6 269.8
