data/SE77.asc
ncols 200
nrows 200
xllcorner 470000
yllcorner 470000
cellsize 50
[rows 0 to 37 of 200, columns 0 to 85 of 200]
25.6 25.2 25.2 25.3 25.3 25.3 25.3 25.4 25.4 25.3 25.4 25.6 25.7 25.6 25.7 25.6 25.8 25.8 25.5 25.1 25.3 25.5 25.7 25.9 26.1 25.9 25.9 25.8 25.8 25.2 26.1 26 25.9 25.2 25.4 26.1 26 26.5 25.7 25.6 25.5 25.4 25.3 25.2 25.1 24.8 24.4 24.4 24.5 24.5 24.6 24.6 24.7 24.7 24.2 24.5 24.3 24.1 24.1 24.2 24.3 24.3 24.4 24.5 24.6 24.7 24.8 24.5 24.5 24.5 24.5 24.6 24.7 24.8 22.4 26.3 25.7 25.7 25.2 25 24.9 24.7 24.6 24.4 24.3 24.6
25.3 25.3 25.3 25.3 25.3 25.4 25.4 25.3 25.7 25.6 25.6 25.5 25.6 25.6 25.7 25.7 25.4 25.1 25.1 25.1 25.3 25.5 25.7 25.9 26 25.6 25.6 25.6 25.7 26.6 25.3 26.9 25.8 25.4 25.7 27 27.7 27.3 26.4 25.8 25.7 25.6 25.5 25.4 25.3 25 24.9 24.3 24.4 24.4 24.5 24.5 24.6 24.5 24 24.6 24.2 23.5 23.8 24.1 24.2 24.3 24.4 24.4 24.5 24.6 24.7 24.8 24.8 24.8 24.8 24.7 24.7 24.6 24.7 25.7 26.2 26.2 25.1 24.9 24.7 24.5 24.5 24.6 24.7 24.7
25.6 25.4 25.3 25.3 25.4 25.4 25.5 25.9 24.4 25.2 25.4 25.5 25.6 25.6 25.6 25.7 25.6 25.1 25.1 25.2 25.3 25.5 25.7 25.8 25.7 25.4 25.5 25.6 25.9 24.8 27.3 26.7 25.6 25.9 27.2 28.5 28.5 27.9 27.2 26 25.9 25.8 25.6 25.4 25.2 24.9 24.8 24.7 24.4 24.3 24.4 24.4 24.5 24.2 23.7 24.4 24.2 24.7 23.6 23.9 24.2 24.3 24.3 24.4 24.5 24.6 24.7 24.8 24.8 24.8 24.7 24.6 24.6 25.1 25.6 26.6 26.1 23 26.1 24.9 24.7 24.4 24.5 24.7 24.7 24.6
25.9 25.5 25.5 25.5 25.5 25.4 25.4 26.3 25.3 23.4 25.5 25.5 25.5 25.5 25.6 25.6 25.5 25.3 25.1 25.2 25.3 25.5 25.7 25.9 25.9 25.6 25.6 25.7 25.9 24.1 26 25.9 25.8 27.2 28.6 29.7 30 29.5 27.7 26.3 26 25.8 25.6 25.4 25 24.9 24.8 24.7 24.6 24.5 24.2 24.3 24.3 24 23.5 23.5 24.6 24.6 24.6 24.5 23.9 24.2 24.3 24.4 24.5 24.6 24.8 24.8 24.7 24.8 24.7 24.6 24.6 24.5 24.4 26.5 25.8 24.3 25.7 24.9 24.7 24.5 24.6 24.8 24.6 24.6
26.2 25.7 25.7 25.7 25.6 25.6 26.4 26.2 26.3 24.6 25.4 25.4 25.5 25.5 25.6 25.6 25.3 25.4 25.2 25.2 25.3 25.5 25.7 25.8 25.8 26.9 25.8 25.1 26 25.8 26 26.2 26.8 28.4 29.9 30.8 32.1 32.6 31.6 26.9 26 25.8 25.6 25.1 24.8 24.8 24.7 24.6 24.5 24.4 24.3 24.2 24.2 23.7 23.4 24.6 24.6 24.5 24.5 24.4 24.4 24.1 24.2 24.3 24.5 24.8 24.8 24.7 24.6 24.6 24.7 24.7 24.6 24.5 24.4 24.4 26.5 25.3 25.4 25.2 24.8 24.6 24.8 24.8 24.6 24.5
26 25.9 25.9 25.8 25.8 25.7 26.1 25.8 25.3 25.7 25.1 25.4 25.5 25.5 25.5 25.6 25.1 25.3 25.3 25.2 25.3 25.5 25.6 25.7 25.7 23.4 26.2 26.1 25.7 25.9 26 26.4 27.8 29.2 31 33.7 36.4 37.1 34.4 27.9 25.9 25.7 25.3 24.9 24.8 24.8 24.7 24.6 24.5 24.4 24.3 24.2 24 23.6 24.6 24.5 24.4 24.4 24.4 24.3 24.3 24.2 24.2 24.5 24.7 24.8 24.7 24.6 24.6 24.5 24.6 24.6 24.6 24.5 24.4 24.6 25.1 23 22 25.8 24.8 24.8 24.8 24.7 24.5 24.5
26.5 25.7 26 25.9 25.9 26 25.7 25.4 25.1 25.5 26.8 25.9 25.9 26 26 25.6 25.2 25.1 25.2 25.2 25.3 25.5 25.6 25.6 23.8 26.2 25.9 25.8 25.9 25.9 26.2 26.7 28.3 30.6 33.3 37.4 41.2 42.5 36.1 28.8 26.3 25.5 25.1 24.6 24.8 24.7 24.6 24.5 24.4 24.3 24.2 24 23.8 23.4 24.3 24.3 24.3 24.3 24.2 24.2 24.2 24.2 24.2 24.6 24.8 24.7 24.6 24.5 24.5 24.4 24.5 24.5 24.5 24.5 24.4 24.7 24.4 24.5 26.2 25.5 24.8 24.9 24.8 24.7 24.5 24.5
26.4 25.8 25.7 26.3 26 25.7 25.6 25.4 25.3 25.4 26.1 26.4 26.5 26 25.6 25.7 25.9 25.2 25.2 25.2 25.4 25.7 25.9 22.5 26.6 25.6 25.9 26 26.2 26.3 26.6 27.7 30.1 33.1 36.1 39.9 43.1 43.4 36.6 28.8 26.1 25.5 24.8 24.6 24.7 24.6 24.5 24.4 24.2 24.1 23.9 23.8 23.6 23.3 23.7 24.2 24.2 24.1 24.1 24.1 24.1 24.1 24.2 24.5 24.5 24.6 24.5 24.5 24.4 24.3 24.3 24.4 24.4 24.4 24.5 24.4 24.7 24.8 24.8 21.7 26 24.9 24.8 24.6 24.5 24.4
26.2 25.7 25.8 26.7 26.1 25.8 25.6 25.5 25.9 25.2 25.5 26.6 25.7 25.5 25.7 25.8 25.9 25.3 25.3 25.3 25.5 26.5 25 25.9 25.7 25.3 25.5 26 26.4 26.8 27.2 28.6 31.3 34.5 38 41.4 44.3 44 35.9 28.9 26.1 25.3 24.5 24.7 24.6 24.5 24.3 24.2 24 23.9 23.7 23.5 23.4 23.2 23.3 24 24.1 24.1 24.1 24.1 24.1 24.1 24.1 24.2 24.2 24.3 24.3 24.4 24.3 24.2 24.2 24.3 24.3 24.4 24.5 24.4 24.4 24.4 24.4 27 24.4 24.9 24.8 24.6 24.4 24.4
26 25.6 25.6 25.6 26.8 26 26.8 25.8 24.8 25.4 25 25.6 25.2 25.6 26.5 25.7 25.8 25.7 25.4 25.4 25.5 26.5 25.1 26.4 25.9 25.4 25.1 25.4 25.9 26.3 27.4 29.5 32.5 35.7 39.1 42.2 45 43.4 35 27.8 26.2 24.7 24.7 24.8 24.7 24.5 24.4 24.2 24.1 23.8 23.5 23.3 23.2 23 23 24 24 24 24 24 24 24.2 24.1 24.1 24.1 24.1 24.1 24.1 24.1 24.1 24.1 24.3 24.5 24.6 24.5 24.4 24.3 24.3 24.4 24.4 25.6 25 24.7 24.5 24.4 24.4
25.8 25.5 25.4 25.6 25.9 25.3 25.5 27.3 25.7 24.4 25.5 24.2 25.9 26.6 25.4 25.5 25.6 25.6 25.6 25.5 26.2 26 25.1 26.6 26.1 25.7 25.2 24.9 25.4 25.8 27.1 28.9 31.7 35.6 38.6 42.2 45.1 42 34.2 27 25.6 24.8 25 24.8 24.7 24.5 24.4 24.3 24.1 24 23.8 23.7 23.5 23.4 23.2 23.9 23.9 23.9 23.9 23.9 24.2 24.3 24.2 24.2 24.2 24.2 24.2 24.2 24.1 24.2 24.4 24.7 24.7 24.6 24.5 24.4 24.4 24.3 24.2 24.3 26.2 26 24.7 24.5 24.4 24.3
25.6 25.4 25.4 25.7 26 25.4 25.6 25.4 25.7 26.1 25.6 25.4 27.2 26.8 25.3 25.4 25.5 25.5 25.4 25.3 25 25.4 25.9 25.4 25.3 25.7 25.4 25 24.9 25.3 26.9 27.8 29.8 33.1 36.1 41 44.2 40.8 31.5 26.5 25.3 25.1 25 24.9 24.7 24.6 24.4 24.3 24.1 24 23.8 23.7 23.6 23.4 23.5 23.8 23.8 23.8 23.9 24.2 24.4 24.4 24.3 24.3 24.3 24.3 24.3 24.3 24.3 24.5 24.8 24.8 24.7 24.6 24.5 24.5 24.4 24.3 24.2 24.2 26 25.3 25 24.5 24.3 24.3
25.3 25.3 25.5 25.8 25.3 25.4 25.5 25.4 25.9 26.1 25.6 25.3 25.4 24.9 25.9 25.3 25.4 25.3 25.1 25 24.7 26.3 24.7 25.6 25.4 25.2 25 24.7 24.7 25 25.6 26 27.7 30 33.1 37.7 42.4 37.8 29.4 26.4 25.2 25.2 25.1 24.9 24.7 24.6 24.4 24.3 24.2 24 23.9 23.7 23.6 23.4 23.7 23.7 23.7 24 24.2 24.5 24.5 24.5 24.4 24.4 24.4 24.4 24.4 24.4 24.6 24.9 24.9 24.4 24.7 24.6 24.5 24.5 24.5 24.4 24.4 24.3 25.2 25 24.9 24.7 24.5 24.2
25.1 25.3 25.6 25.9 25.3 25.4 25.5 25.7 25.9 26.1 25.8 25.4 25.2 26.2 26.2 25.5 25.2 25 24.9 24.7 24.6 26 25.1 26.4 25.3 25.1 24.8 24.6 24.4 24.5 24.9 25.4 26.1 28.1 30.8 34.6 36.3 34.5 28 26 25.4 25.2 25.1 24.9 24.8 24.6 24.5 24.3 24.2 24 23.9 23.8 23.6 23.4 23.7 23.6 24 24.3 24.6 24.6 24.6 24.6 24.5 24.5 24.5 24.5 24.5 24.7 24.8 24.9 24.9 24.9 24.6 24.6 24.6 24.6 24.6 24.6 24.5 24.3 24.2 23.3 25.2 24.5 24.5 24.6
25.4 25.4 25.5 25.5 25.4 25.5 25.6 25.7 25.9 26.1 25.9 25.5 25.4 26.5 24.5 27.4 25.4 25.2 25 24.8 24.7 25.1 25.4 25.2 24.8 24.5 24.3 24.3 24.5 24.6 24.7 25.1 25.2 27.1 29 32 33.5 31.4 27.5 25.6 25.4 25.3 25.1 25 24.8 24.7 24.5 24.4 24.2 24.1 23.9 23.8 23.6 23.4 23.4 23.8 24.3 24.6 24.7 24.7 24.7 24.7 24.6 24.6 24.6 24.6 24.7 24.8 24.9 25 25.1 24.8 24.5 24.5 24.4 24.4 24.4 24.4 24.4 24.4 24.4 26.7 21.7 24.8 24.9 24.9
25.6 25.5 25.6 25.6 25.6 25.7 26.2 25.7 25.9 26.1 26 26.4 26.2 25.7 26.6 26.1 27 25.3 25.1 24.9 24.9 25.2 25.1 23.7 26.2 24.1 24.3 24.4 24.6 24.7 24.6 24.9 25.9 27.5 29 31.6 34.6 31.3 27.3 25.7 25.5 25.3 25.2 25 24.8 24.7 24.5 24.4 24.2 24.1 23.9 23.8 23.6 23.5 23.6 24.1 24.6 24.8 24.8 24.8 24.8 24.7 24.6 24.6 24.7 24.8 24.9 25 25.1 25.2 25 24.7 24.4 24.4 24.4 24.3 24.2 24.2 24.2 24.2 24.2 24.1 25.1 24.5 21.8 25.2
25.8 25.7 25.8 25.7 25.8 25.9 26.9 25.8 26.4 26.2 26.6 26.7 27.2 26 25.6 25.5 26.6 26.7 25.1 25.1 25.1 24.9 26.6 22.3 25.9 24.4 24.5 24.5 24.7 24.8 24.8 24.6 26.2 27.7 29.2 31 34.3 31.1 27.3 25.8 25.6 25.4 25.2 25.1 24.9 24.7 24.6 24.4 24.3 24.1 23.9 23.8 23.6 24.3 24.1 24.4 24.7 24.7 24.6 24.6 24.5 24.5 24.6 24.7 24.8 25 25.1 25.2 25.2 25.2 24.9 24.6 24.3 24.3 24.3 24.2 24.1 24 24 24 24 23.9 24.1 24.1 25.8 24.9
26.1 25.9 26 25.7 25.9 26.5 26.2 23.4 24.6 26.6 26.4 26.1 24.3 25.8 26.9 26.4 26.1 25.5 25.4 25.6 25.1 24.8 25.6 25.1 24.8 24.8 24.7 24.8 24.8 24.8 24.1 24.4 25.3 27.1 28.9 30.7 33.1 30.8 27.9 25.9 25.7 25.5 25.3 25.1 25 24.8 24.6 24.4 24.3 24.1 23.8 23.5 24.2 24.4 24.4 24.2 24.5 24.4 24.4 24.4 24.5 24.7 24.8 24.9 25 25.1 25.2 25.3 25.4 25.1 24.8 24.5 24.2 24.2 24.2 24.1 24.1 24 23.9 23.8 23.8 23.7 23.8 23.9 24 25.6
26.3 26.1 26.1 27 26.6 25 24.5 27.1 26.3 25.7 26.5 25.6 25.4 26.9 26.6 26.4 24.1 23.2 25.6 25.5 25.8 25.2 26.6 25.7 24.7 26.2 24.8 24.8 24.8 24.7 24.6 24.2 24.5 26.1 27.9 30 31.3 29 26.9 25.9 25.7 25.5 25.3 25.1 25 24.8 24.6 24.4 24.2 23.8 23.4 23.5 23.6 23.8 23.9 24.1 24.2 24.4 24.5 24.6 24.7 24.8 24.9 25.1 25.2 25.3 25.4 25.5 25.3 25 24.7 24.4 24.1 24.1 24.1 24 24 24 23.9 23.8 23.7 23.6 23.7 23.8 24 24.2
26.3 26.8 25.4 26.4 26.1 27 25.9 25.9 25.9 25.5 25.4 25.5 25.3 25.5 25.3 25.9 26.9 26.5 26.1 25.7 26 25.6 26.1 25 22.8 25.2 24.8 24.7 24.8 24.7 24.6 24.5 24.3 25.1 26.6 27.9 28.9 28 26.4 25.7 25.5 25.3 25.1 24.9 24.7 24.6 24.4 24.2 23.8 23.8 23.6 23.5 23.6 23.8 24 24.2 24.3 24.5 24.6 24.7 24.9 25 25.1 25.2 25.3 25.5 25.6 25.5 25.2 24.9 24.6 24.3 24 24 24 23.9 23.9 23.9 23.8 23.7 23.6 23.5 23.5 23.7 23.9 24
26.1 26.7 26.3 26.1 26.3 25.9 25.6 25.5 25.4 25.3 25.2 25.3 25.3 25.3 25.4 25.3 25.3 25.7 25.4 25.2 25.8 24.7 25.5 24.2 22.4 25.4 26.2 24.8 24.6 24.7 24.2 24.2 24.3 24.5 26 28.2 28.4 27.3 26.1 25.6 25.3 25.1 24.9 24.7 24.6 24.4 24.2 24.1 23.5 24 23.9 23.6 23.7 23.9 24.1 24.2 24.4 24.5 24.7 24.8 24.9 25.1 25.2 25.4 25.5 25.6 25.7 25.4 25.1 24.8 24.5 24.2 23.9 23.9 23.9 23.8 23.8 23.8 23.7 23.7 23.6 23.5 23.4 23.6 23.7 23.9
26.9 26.4 26 25.8 26 25.4 25.3 25.2 25.1 25 25.3 25.6 25.5 25.4 25.2 25.2 25.1 25.2 25.3 25.4 25.5 25.6 23.2 23.7 25.1 24.6 24.7 23.4 25.1 24.3 24.1 24.2 24.2 24.6 25.9 27.8 27.5 26.9 26.4 25.9 25.5 25.7 25.4 25.1 24.9 24.6 24.4 23.6 23.8 24.1 24 23.9 23.8 24 24.1 24.3 24.4 24.6 24.7 24.9 25 25.1 25.3 25.4 25.6 25.6 25.5 25.3 25 24.7 24.4 24.1 23.8 23.8 23.8 23.7 23.7 23.7 23.6 23.6 23.5 23.4 23.3 23.5 23.7 23.8
27.9 26.8 26 25.4 25.2 25.1 25.1 25 24.9 24.9 25.4 25.6 25.4 25.3 25.1 25 25.1 25.4 25.6 25.7 25.7 25.5 26.4 25.4 25.6 25.1 24.4 22.1 26.2 24.3 24.1 24.2 24.2 24.7 25.5 26.4 26.4 26.3 26.7 26.2 25.8 25.9 25.9 25.7 25.4 25.1 24.4 22.9 24.1 24.2 24.2 24.1 24 24.1 24.2 24.4 24.5 24.7 24.8 24.9 25.1 25.2 25.3 25.3 25.4 25.5 25.3 25.1 24.9 24.6 24.3 24 23.7 23.6 23.6 23.5 23.5 23.4 23.5 23.6 23.5 23.3 23.2 23.4 23.5 23.7
29 27.4 26.5 25.6 25.1 25 24.9 24.8 24.8 24.7 25.5 25.7 25.1 25.1 25 25 25.3 25.5 25.7 25.8 25.6 25.5 25.7 25.6 25.6 25.6 25.5 23.6 24.9 24.3 24.2 24.2 24.2 24.3 24.7 24.9 25.5 25.3 25.3 25.7 26 26 26.3 26.2 25.5 24.3 23.4 24 24.4 24.4 24.3 24.3 24.2 24.1 24.3 24.4 24.6 24.7 24.8 24.9 25 25 25.1 25.2 25.2 25.2 25 24.8 24.7 24.5 24.1 23.8 23.5 23.4 23.3 23.3 23.3 23.4 23.5 23.6 23.5 23.3 23.1 23.3 23.6 24.2
30.5 27.8 26.5 25.6 25.2 25 24.8 24.7 24.6 24.5 24.9 25.7 25.2 25 24.9 25.2 25.4 25.5 25.6 25.6 25.5 25.3 25.4 25.4 25.3 25.2 25.3 25.6 21.9 24.6 24.2 24.2 24.2 24.1 24.4 24.2 24.2 24.3 24.3 24.3 24.7 25.5 25.9 25.8 24.5 22.8 23.8 24.4 24.6 24.6 24.5 24.4 24.3 24.3 24.4 24.5 24.6 24.6 24.7 24.8 24.8 24.9 25 25 25.1 24.9 24.8 24.6 24.4 24.4 24 23.7 23.3 23.1 23.2 23.3 23.4 23.5 23.6 23.7 23.3 23.2 23.3 23.8 23.6 23.3
31.6 28.9 26.4 25.6 25.3 25.1 24.9 24.8 24.6 24.4 24.3 25.8 24.9 24.8 24.9 25.1 25.3 25.3 25.3 25.3 25.3 25.2 25.2 25.1 25.1 25 25.1 25.1 24.1 24.4 24.1 24.1 24.1 23.9 24.1 23.9 23.7 23.7 23.9 24.1 24.4 24.7 24.7 24.6 23.8 24.4 24.4 24.9 24.9 24.8 24.7 24.6 24.6 24.5 24.4 24.3 24.4 24.5 24.5 24.6 24.7 24.7 24.8 24.9 24.9 24.7 24.5 24.4 24.3 24.3 23.9 23.6 23.2 23.1 23.1 23.2 23.3 23.4 23.4 23.2 23.3 23.4 23.5 23.8 24 21.5
31.3 29.3 27.2 25.6 25.4 25.2 25 24.8 24.6 24.3 24.3 24.5 24.8 24.7 24.8 25 25 25 25 25 25 25 24.9 24.8 24.8 24.7 24.8 24.6 25.4 24.6 24.2 24.1 24 23.8 23.8 23.6 23.6 23.7 23.9 24.2 24.5 24.7 24.6 23.7 24.3 25 24.9 25.1 25.1 25 24.9 24.9 24.8 24.8 24.9 24.6 24.3 24.3 24.4 24.4 24.5 24.6 24.6 24.7 24.6 24.4 24.3 24.3 24.3 24.2 23.8 23.5 23.3 23.2 23.2 23.2 23.1 23.2 23.3 23.4 23.4 23.5 23.7 23.7 23.9 23.1
31.1 28.4 26.5 25.3 25.3 25.1 24.8 24.6 24.4 24.4 24.4 24.5 24.4 24.6 24.7 24.8 24.7 24.7 24.7 24.7 24.7 24.7 24.6 24.5 24.6 24.6 24.7 26.2 24.5 24.9 24.4 24 23.9 23.7 23.6 23.6 23.8 23.8 24 24.3 24.6 24.5 24.3 24.2 23.5 24.4 25.4 25.3 25.3 25.2 25.2 25.1 25.1 25.2 25.3 25.1 24.8 24.5 24.2 24.3 24.4 24.4 24.5 24.6 24.4 24.2 24.2 24.2 24.2 24.1 23.8 23.4 23.4 23.4 23.3 23.3 23.2 23.4 23.6 23.6 23.6 23.6 23.8 23.7 24.3 23.7
29.4 27.2 26.3 24.9 24.7 24.9 24.6 24.4 24.5 24.4 24.5 24.6 24.6 24.5 24.5 24.5 24.4 24.4 24.4 24.4 24.4 24.3 24.4 24.4 24.6 24.7 24.9 25 25.8 24.9 25.5 24.5 24.1 24 24 23.6 24.1 23.8 24.1 24.5 24.4 24.2 24.1 24 23.1 24.4 25.4 25.6 25.5 25.5 25.4 25.3 25.4 25.5 25.5 25.3 25.2 24.9 24.6 24.3 24.2 24.3 24.3 24.3 24.2 24.2 24.1 24.1 24.1 24 23.7 23.5 23.5 23.5 23.4 23.4 23.3 23.6 23.8 23.8 23.8 23.8 23.7 23.7 23.8 23
27.3 26.2 25.7 25 24.7 24.5 24.4 24.5 24.5 24.5 24.6 24.7 24.8 24.8 24.5 24.5 24.5 24.4 24.4 24.4 24.3 24.3 24.4 24.5 24.6 24.8 24.9 25 25.1 26.2 23.2 25 24.6 24.6 25.4 23.8 24.1 23.9 24.4 24.2 24.1 24 23.9 23.8 22.8 24.6 25.4 25.5 25.7 25.7 25.6 25.7 25.7 25.5 25.3 25.2 25 24.9 24.8 24.6 24.5 24.2 24.2 24.1 24.1 24.1 24.1 24 24 23.9 23.7 23.6 23.6 23.5 23.5 23.4 23.4 23.8 23.9 23.7 23.5 23.3 22.5 22.9 23.5 22.4
26 25.1 25 24.9 24.5 24.6 24.4 25 24.2 24.4 24.5 24.6 24.7 24.8 24.8 24.6 24.6 24.6 24.5 24.3 24.3 24.3 24.4 24.4 24.6 24.7 24.8 24.9 25 24.8 24.8 24.8 24.8 24.4 25.2 22.1 24.6 24.3 24.2 24 23.9 23.8 23.7 23.5 23.7 24.5 25.2 25.4 25.6 25.8 25.9 25.7 25.5 25.3 25.2 25 24.8 24.7 24.6 24.4 24.4 24.4 24.3 24.2 24.1 24 24 24 24 23.8 23.8 23.7 23.7 23.6 23.6 23.5 23.6 24 23.9 23.8 23.6 23.4 23.3 23.1 23.6 24.2
25.3 25.3 25.2 24.7 24.4 24.2 24.5 24.3 24.5 24.2 24.3 24.4 24.5 24.6 24.8 24.8 24.7 24.7 24.4 24.2 24.3 24.4 24.4 24.5 24.5 24.6 24.8 24.9 25 24.8 24.9 25.1 21.7 24.4 21.5 24.7 22.7 23.8 23.7 23.6 23.5 23.4 23.3 23.2 22.7 24 24.7 25.1 25.5 25.8 25.9 25.8 25.6 25.4 25.2 25 24.9 24.9 24.9 24.9 24.8 24.8 24.6 24.5 24.4 24.3 24.2 24.1 24.1 23.9 23.9 23.8 23.8 23.7 23.7 23.6 23.7 24 23.9 23.8 23.6 23.2 23.4 23.4 22.9 23.2
25.6 25.6 25.4 25.1 24.7 24.5 24.1 24.6 24.7 24 24.1 24.2 24.2 24.4 24.6 24.8 24.7 24.5 24.2 24.3 24.4 24.4 24.5 24.5 24.5 24.6 24.7 24.8 24.9 24.8 24.8 24.7 25.2 25.3 24.7 23.4 22.4 25.5 23.8 23.7 23.6 23.5 23.4 23.5 23.5 23.6 24.1 25.4 25.7 25.6 25.8 26 25.8 25.6 25.4 25 25.1 25.1 25.2 25.3 25.3 25.2 24.9 24.8 24.7 24.6 24.5 24.4 24.3 24.1 24 23.9 23.8 23.8 23.7 23.7 24 24 23.9 23.8 23.7 23.3 23.5 23.4 23.4 23.2
25.9 25.7 25.3 24.9 24.7 24.7 24.3 24 24.9 24.9 24.5 24.8 24.3 24.5 24.7 24.9 24.5 24.3 24.2 24.4 24.5 24.5 24.5 24.6 24.6 24.6 24.7 24.8 24.9 24.8 24.7 24.5 24.6 24.8 25.4 23.8 23.2 25.3 24 23.7 23.7 23.6 23.6 23.6 23.6 23.3 23.2 25.2 25.5 25.6 25.8 26 26 25.8 25.5 25.2 25.3 25.3 25.4 25.5 25.5 25.5 25.3 25.1 24.9 24.9 24.8 24.7 24.3 24.2 24.2 24.1 24 23.9 23.8 23.8 24.1 24 23.9 23.8 23.6 23.3 23.5 23.5 23.4 23.6
25.8 25.8 24.8 24.4 25 24.4 24.6 23.8 24.9 24.2 24.8 25 23.7 24.7 24.9 24.6 24.3 24.1 24.3 24.5 24.5 24.6 24.6 24.6 24.7 24.7 24.7 24.8 24.8 24.8 24.6 24.3 24.5 24.7 24.9 25.2 25 24.4 23.8 25.8 24.7 23.8 23.8 23.7 23.6 23.5 23.4 24.1 25.4 25.5 25.7 25.9 26.1 26 25.5 25.4 25.4 25.5 25.6 25.6 25.7 25.7 25.6 25.4 25.2 25.2 25.1 25 24.3 24.3 24.3 24.2 24.2 24.1 24.2 23.8 23.7 23.7 23.6 23.5 23.3 23.1 22.9 23.2 23.1 22.2
25.6 25.8 24.3 24.6 25.1 24.7 24.4 25 24.6 24.4 24.5 24.7 24.5 24.3 24.9 24.4 24.1 24.2 24.4 24.5 24.6 24.6 24.6 24.7 24.7 24.8 24.8 24.8 24.7 24.7 24.4 24.1 24.1 24.2 24.3 24.4 25.5 23.1 21.1 22.2 21.2 25.4 23.7 23.6 23.6 23.5 22.7 24 25.2 25.4 25.5 25.7 25.7 25.9 25.5 25.6 25.6 25.7 25.7 25.8 25.8 25.9 25.9 25.7 25.6 25.4 25.4 25 24.4 24.4 24.5 24.4 24.5 24.7 24.8 24.1 23.8 23.4 23.3 23.2 23.5 23.3 23.3 23.7 22.7 23.3
24.4 24.1 24.8 24.9 25.2 23.8 24.8 25.5 25.3 24.6 24.7 24.7 24.8 24.5 24.7 24.4 24.4 24.3 24.5 24.6 24.6 24.7 24.7 24.7 24.8 24.8 24.7 24.4 24.6 24.7 24.4 24.1 24.1 24.3 24.4 24.6 24.8 25.6 25.1 24.5 24.2 24.8 23.6 23.5 23.4 23.2 23.1 22.5 24.5 24.9 24.8 24.8 25.5 25.4 25.4 25.5 25.8 25.9 25.9 26 26 26 26.1 26 25.9 25.7 25.6 25 24.5 24.7 24.8 24.9 25.1 25.2 25 24.7 24.3 23.8 23.3 23.4 23.3 23.3 24.1 23.5 21.2 22.5
26.4 25.4 25.4 25.5 25 24.7 25 25.5 25.7 25.1 24.8 24.9 25.6 24.6 24.5 24.8 25.3 24.1 24.6 24.6 24.7 24.7 24.7 24.7 24.6 24.4 24.2 24.3 24.4 24.5 24.4 24.1 24.1 24.3 24.4 24.6 24.3 24 24.5 25.1 21.6 24.3 24.4 23.4 23.3 23.3 23.3 23.1 22.3 23.9 23.9 24.6 25.1 25 25.1 25.2 25.4 25.7 25.9 26 26 26 26 26.1 26.1 26 25.8 25.4 25.1 25.2 25.2 25.3 25.5 25.3 25 24.4 23.8 23.8 24 23.7 23.7 23.7 23.7 23.5 23.4 23.4
