data/SE85.asc
ncols 200
nrows 200
xllcorner 480000
yllcorner 450000
cellsize 50
[rows 105 to 139 of 200, columns 0 to 78 of 200]
73.3 78.5 86.3 93.3 100.7 106.2 119 126.9 134.1 143.9 153.6 159.8 163.3 169.5 174.5 179.2 183.1 186.2 189 191.7 195 197.4 199.9 201.5 194 189.9 202 206.2 208.2 210 210.8 210.8 209.9 207.8 204.6 201.3 197.6 192.9 187.8 182 176.6 170.2 168.2 167.6 167 162.8 140.6 119.4 134.7 158.2 162.9 150.4 148.5 171.9 183.9 189.3 191.6 192.4 191.8 190.9 188.9 184.1 184 194.1 206.8 213.9 218 220.8 222.7 222.3 221.9 220.2 218.5 215.5 211.3 204.7 194.8 171.4 147.6
72.7 78.4 85.2 90.1 97 103.3 115.7 123.7 128.7 137 145.6 149.5 159.7 166.7 171.7 176.1 179.2 182.7 185.5 188.8 192.2 194.3 197 198.9 190.9 178.8 197.3 204 205.8 207 207.6 207.2 207.6 206.8 204.6 203.2 201.2 197.5 196 191.9 190.3 188.7 186.6 181.9 177.6 170.6 150.9 131.3 120.5 143.8 147.1 132.2 150.3 173.8 181.3 183.6 185.6 184.3 178.4 171 167.2 162.8 172.9 194.7 207.3 213.8 217.5 220.6 222.5 222 221.3 219.6 217.9 215 211.2 205.5 196.1 180.1 164.3
71.3 76.9 81.9 86.8 93.9 100.4 108.6 117.8 123.3 129.1 138.7 147.8 157.7 164.1 168.4 172.3 175.3 179.2 182.1 185.6 189.2 191.8 193.9 196.1 191.5 170.5 189.1 200.3 202.1 203.3 203.8 204 206.6 206.8 205.2 203.8 202.6 201 199.4 197.1 194.9 194 190.8 185.9 180.9 174.2 157.4 136.6 119.7 128.5 128.5 134.2 155.9 172.8 176.4 177.2 172.7 165.6 157.1 151.2 145.5 161.7 180.3 198 208.4 214.8 217.8 220.1 221.7 221.4 220.6 219 217.2 214.4 211 206.7 202.2 196 183
70.3 73.7 78.7 84.7 91.6 97.8 104.5 111 117.6 126.9 136.5 149.2 156.2 160.6 163.9 167.8 172.2 176 179 182.9 186.9 190.5 192.8 193.4 187 166 182.5 195.6 197.4 199.1 200.5 202.5 205.3 206.6 205.5 204.6 203.8 203 201.7 200.1 198 195.9 193.4 187.8 181.9 175.1 163.5 143.2 126.6 117.3 120.7 136.9 160.8 167.7 168.7 159.3 153.5 145 137.9 138 156.3 171.4 187.2 202.6 210.9 215.5 217.8 219.7 220.7 220.4 219.5 218.2 216.4 213.7 210.7 207.4 203.2 198.1 190.8
69.5 73.9 80.7 83.8 89.1 95.5 102.2 109.9 117.8 127 137.4 149 151.3 154.3 159.9 166.4 170 173.7 177.3 181.2 184.5 187.8 189.5 188.7 180.6 161.6 175.9 186.6 191.8 194.4 198.4 201.6 204.4 206.1 205.6 205.1 204.7 204 203.2 201.7 199.5 196.7 193.7 189.6 182.7 175.9 167.3 149.2 132.8 120.6 118 136.2 154.4 156.7 149.1 140.7 133.7 128.5 140.1 152.5 166 182 198.2 207.4 212.3 216 218.1 218.8 219.5 218.7 217.9 216.7 215.2 212.8 210.1 207 202.7 197.6 191.4
68.6 72.4 74.9 78.2 86 91.8 97.8 112.4 120.7 128.3 135.7 139.4 143 152.3 159.4 163.3 165.7 170.4 175.7 178.8 181.9 185.1 186.3 184.8 172.8 158.9 169.9 188.8 189.9 192.5 196.1 199.8 202.7 204.4 205 204.7 204.1 203.4 203.1 202.6 200.7 196.7 194 189.9 183.2 176.7 169.6 155.6 144.2 130.9 117.3 119 140.6 138.9 131.1 121.5 133 145.3 156.1 170.2 181 195.6 203.3 210.6 213.4 216.4 217.4 218 218.3 217.2 216.1 215.1 213.6 211.5 209.1 205.5 201.4 196.6 190.9
66.5 69.4 72.1 76.4 82.3 88 96.2 109.8 117.8 122.4 126.5 133 142.5 152.1 155.2 156.2 162 168.1 173.6 176.6 179.4 181.9 182.9 180.3 166.2 154.7 176.2 186.3 189.1 190.8 193.8 197.6 200.7 202.6 203.9 204.3 203.5 202.9 202.2 201.5 200.7 197.2 193.2 189.9 183.2 176.4 170 159.6 149.3 138.3 124.3 113.2 119.9 120.1 126.1 138.5 149 161.3 172.1 181 194.4 201.2 206.7 212.1 214.6 216 216.4 217.1 217 216 214.7 213.5 212 210 207.2 203.9 199.8 195 189.2
65.9 68.2 70.9 74.2 79.2 85.7 93.6 101.8 108.5 114.7 122.4 129.2 138.3 143.4 145.6 152.7 162.1 167.1 171.2 174.2 176.7 178.5 179.2 176 161.3 156.3 175.4 183.5 188.4 188.4 191 194.6 198 200.2 201.8 202.4 202.8 201.8 201.1 200.1 198.8 196.5 192.2 188.3 184 176.4 169.8 160.9 151.4 142.1 124.8 110.6 114.7 129.8 144 157.5 166.3 172.5 180.9 190.8 200.3 205 209.2 212.7 214.5 215.6 215.8 216.1 215.6 214.8 213.4 211.9 210.5 208.3 205.4 202.1 198 192.7 186.8
64.6 67.1 69.6 72.6 78.1 84.1 90.3 97.4 103.5 110.1 118.7 125.5 130.7 135.3 140.9 153.5 160.3 164.8 168.5 171.2 173.7 175.4 176.1 173.4 160 153 172.4 179.5 184.7 186.6 188.9 191.8 195.2 197.7 198.7 199.3 199.9 199.5 198.6 197.6 196 193.8 190.8 186.4 182.5 176 168.9 161.8 152.8 142.8 124.2 110 121.5 140.9 155.1 165.7 170.8 177.1 184.2 193.3 201.7 206 209.4 212.3 214.1 214.8 214.9 214.6 213.9 212.9 211.5 210.1 208.6 206.4 203.2 199.7 195.3 189.8 183.5
63.3 66 68.4 72.4 78 81.7 86.4 93.2 99.1 107.9 115.9 121 125.4 132 141.3 152.1 157.9 162.4 165.3 168.1 170.2 172.1 173.2 171.4 159.2 148.7 167.3 174.7 179.7 183.9 186.9 189.7 192.5 194.4 195.7 196.1 196.3 196 195.3 194.6 193.2 191 187.8 184.6 180 174.5 167.9 160.7 153.1 144.2 130.4 110.9 116.9 140.6 155.6 166.7 172.9 177.1 184.6 193.4 202.1 206.5 209.3 211.5 212.9 213.4 213.9 213 212.2 211.1 209.6 208.2 206.6 204 200.7 197.3 192.5 186.7 180.5
62.3 64.7 67.2 69.7 74.7 77.8 83.4 88.4 93.5 103 110.1 116.1 122.9 131.3 143.1 150.3 154.8 158.6 161.5 164.2 167 169.1 170.4 169.9 161 146.7 159.7 167.3 173.6 181.1 185.4 187.5 190.3 191.8 192.4 192.1 192.2 191.5 190.3 190.1 188.2 185.9 183.8 181.3 177.5 172 165.9 159.1 152 145.8 136.1 112.6 113.5 139.6 154 165.5 170.5 177 184.8 193.6 201.9 206.2 208.3 210.4 211.7 212.4 211.9 211.2 210.5 209.2 207.8 206.3 204 201.5 198.4 194.6 189.8 183.1 176.7
61.3 62.8 65.5 68.5 71.5 75.9 81.9 85.9 92.2 98.2 105.6 113.6 122.1 132 141.3 147 151.3 155.2 158.8 161.5 164.2 166.4 167.7 167.3 162.1 145.6 147.2 164 172.4 178.2 182.7 185.3 187.2 188.3 188.7 188.1 187.6 186.5 185.4 183.6 181.2 179.6 178.5 176.5 173.8 169 162.9 156.3 149.7 144.4 134.7 112 116.1 136.6 149.9 161 168.8 176.3 184.7 193.7 201.9 205.2 207.3 209.1 210.1 210.7 209.9 209 207.9 206.6 205.4 203.9 201.4 198.9 195.3 191.5 187 180.8 173.5
60.4 62.9 65.5 67.7 70.5 74.1 79.7 83 89.7 96.1 104.3 113.2 122.1 130.1 135.9 142.2 148.4 153 156 158.7 161.5 163.5 164.6 164.9 161.7 149.5 140.1 159.2 169.1 174.7 179.2 181.9 183.1 184.1 184.3 183.6 182.9 181.5 179.6 177.8 175.9 174.4 173 171.2 168.6 164.6 158.5 153.1 146.8 139.9 126.4 108.7 120.6 138.4 150.9 160.8 168.6 177.2 185.6 194.4 200.9 203.9 205.6 207.2 208.3 208.3 207.5 206.3 205 203.7 202.3 200.5 198.8 196.1 192.5 189.3 184.6 179.2 171.4
60.5 62.6 64.7 66.6 69.1 73.2 79.7 82.5 88.7 96 104.2 110.9 119.3 127.1 134.2 141.6 146.8 150 153 155.6 158 160 161.2 162 160.6 152.2 139.2 150.6 165 171 175.4 178.4 179.2 179.6 179.3 178.6 177.4 175.8 173.8 171.8 170.9 169.5 168.1 166 163.5 160.1 154.4 149.8 144.1 136.7 117.6 104.4 121.6 136.7 149.8 160.8 169.1 177.4 186 193.1 198.8 202.2 203.7 205.3 206.2 205.6 204.8 203.3 201.7 200 199.4 197.5 195.7 193.6 190.4 187.1 182.3 176.9 168.7
59.6 61.5 63.5 65.4 67.4 71.2 75.8 81.7 87.9 95.1 103.6 110.1 118.8 126.7 133.9 139.8 144.2 146.8 149.6 152 154.4 156.1 156.9 157.7 157.9 153.6 140.7 141.1 161.4 166.7 170.9 174.4 174.8 174.8 174.3 172.7 170.6 169 166.7 165.6 166.1 164.8 163.5 161.1 158.5 155.9 150.6 145.6 139.4 130.9 111.8 111.3 124.4 137.2 149.2 160.7 170.3 177.6 186.3 192.4 198.3 201 202.6 203.3 203.5 202.5 200.9 199.2 197.6 196.1 196.1 194.7 193 191.3 188.2 185.2 181.7 176.5 169.2
59 60.5 62.1 64 65.9 68.8 72.6 78.7 87 97.8 104.1 111.3 119.5 125.7 132.4 137.7 141.7 144 146.1 148.4 150.7 151.7 152.5 153.4 154.5 152.1 140.4 135.5 157.1 162.6 166.4 169.5 170 169.4 167.8 165.6 163.1 161.1 158.4 158 159.8 159.3 158.5 156.3 153.8 150.9 147.8 142.8 135.5 121.4 106.3 114 126.1 138.3 149.3 159.5 169.2 177.4 185.8 192.4 197.4 199.9 200.6 201.1 200.6 199.5 196.6 194.3 193.4 192.6 192.5 192 190.6 189 186.5 184.7 181.2 177.7 173.5
58 59 60.3 62.6 64.5 66.8 70.7 78.4 86 98.2 103.9 109.7 116.9 123 128.8 134.4 137.8 139.6 141.7 144.5 146.8 148 149.3 150.5 151.7 148.1 138.6 134.1 152.7 158.1 161.4 162.7 162.8 162.1 160.4 157.9 155.6 153.2 151.5 151.5 152.9 152.7 152.6 150.9 149.1 147.4 144.5 140.3 133.2 117.6 102.9 113.3 125.2 139 151.7 159.9 170.2 177.7 184.9 191.9 196.9 198.3 198.7 198.5 197.5 194.9 191.7 189.1 188 188.6 189.5 189 188.4 186.9 185.2 183.4 181.4 178.3 175.2
56.4 57.5 58.8 60.7 62.7 65 69.4 76.3 83.4 94.5 100.2 104.9 111.7 118.6 124.2 129.7 133.2 134.5 137.1 139.7 142.7 144.5 145.6 146.8 148 144.5 135 131.9 143.5 152.5 155 155.4 155.3 154.6 152.2 149 146.8 142.6 140.2 143.2 146 147 148 146.5 144.3 142.4 140.8 136.2 130 111.3 103.8 116.1 128.6 141.9 153.9 161.6 171.1 178.3 186.3 192.1 195.7 197.6 197.3 194.6 192.6 188.6 183.3 180.6 181.5 184.3 185.8 185.6 185 185.1 184 182.7 180.4 178.1 175.7
54.9 56.1 57.4 59.1 61.3 63.8 67.7 73.4 79.9 85.9 92.8 99.9 107.9 114.9 118.8 122.9 125.4 127.2 131.8 135.1 138.3 140.5 142.4 144.3 145.4 142.9 134 127 135.9 143.1 146.1 145.3 145.2 142.5 137.5 135.6 134.5 131 130.6 133.2 138.8 142.5 142.9 141.6 139.5 138.1 136.7 132.5 125.6 109.3 106 120.2 133.5 144.9 155.3 163.3 172.1 179.4 186.6 192.2 195.5 197 194.8 191.4 186.5 169.9 162.8 170.6 178.2 180.2 181.6 182.3 182.1 182.3 182 180.9 179.9 178.1 175.8
53.3 54.7 56 57.7 60.1 62.6 65.7 72.1 78.5 82.1 90.5 99.8 107.1 110.9 113.2 116.5 118.4 122.4 127.9 132.2 134.8 136.9 139 142.1 143.4 141.6 134.4 127.2 125.8 130.5 131 130.1 129.7 129.5 128.5 125.2 120.9 118.2 119.2 123.6 132.2 136.5 137.4 137.5 135.8 133.6 132 129.2 121 106.8 107.8 121.4 137.8 150 157.5 166.1 173.4 181 187.2 191.9 194.2 196.8 193.9 189.7 180.9 154.8 144.9 149.1 162.5 176.3 176.5 176.9 177.7 179.1 179.8 179.2 178.3 176.9 175.2
52.1 53.5 54.9 56.5 58.8 61.3 64.7 70.6 75.5 78.5 86.9 97.3 106 107.4 108 110.1 114 120.3 124.8 129.8 132 133.6 134.7 138.9 140.8 141.2 137.8 131 125.2 122.2 121.3 120.6 119.2 118.1 115.5 113.3 110.8 108.6 109.2 113.6 119.6 128 132.7 132.5 131.1 128.6 126.9 123.8 115 103.3 111.1 126.4 141.4 154.3 160.7 168.9 174.9 181.1 186.8 192.3 194.6 196.5 193.1 188.6 177.2 154.6 137.1 136.3 143 149.6 162.8 168.7 172 175.3 177 176.8 176.3 175.5 173.7
50.8 52.5 53.9 55.7 57.6 59.9 63.8 69.5 74.2 77.8 85.1 95.4 104.4 102.9 102.1 109.1 115.8 121 125.2 129 129.9 131.2 131.1 136.6 138.7 139.8 138.6 138.6 133.3 128.5 129.5 128.9 128.5 127.1 126.5 124.1 119.8 117.5 109.4 104.6 109.5 115.8 127.3 127.9 126.3 123.7 121.1 114.8 105.2 104.7 118.8 132.3 146.2 157.3 164 170.8 177.1 182.1 187.6 192.6 194.7 195.7 193.3 190.7 181.5 159.4 146.6 132.6 126.3 131.5 139 148.2 162.3 170.8 173.7 174.8 174.2 173.4 172.1
49.6 51.2 52.9 54.7 56.9 59.2 62.3 66.5 70.8 75.2 85.4 92 97 97.7 104.7 110.9 117 121.6 124.8 126.5 127.2 127.5 127.3 132.2 135.8 139 140.2 144.3 143.4 142.4 140.5 140.3 139.9 138.8 138.1 135.5 130.5 125.4 120.9 109.3 102.9 105.7 114.2 123 119.7 117.6 112.3 104.2 102.6 116 129.6 140.2 150.5 159.7 166.9 172.3 177.8 183.2 189.5 193 194.2 195.1 193.7 193 189.3 174 156 144.9 133.6 123.3 121.6 131.3 141.8 163.6 170.4 172.2 171.7 170.9 169.4
49.5 50.8 52 53.7 56.3 58.4 61.4 64.5 68.5 74.5 82 90.7 97 103.5 110.2 112.8 117.5 120.6 120.8 120.9 122.2 121.9 127.9 131.5 135.1 138.6 142.9 147.1 149.8 151.1 152 150.9 151.1 149.2 147.4 143.7 138.7 134 127.7 120.2 111.7 100.3 105.5 116.4 111.3 106.9 101.4 99.9 111.1 125.5 138.1 144.2 152.5 162 168.7 174.2 179.2 184.2 190.5 192.6 193.2 195.1 195.4 195 193.1 186.8 174.2 158.8 145.8 138.8 126.5 117.9 129.2 149.8 166.1 169.1 168.3 166.6 165.9
48.5 49.8 51.2 53 55.1 57.6 60.6 63.9 71.3 80.6 89.5 95.5 100.5 106 111.8 114.8 116.3 116.7 116.3 116.1 119.9 124.4 128.8 132.1 135.5 139.1 143.4 148.7 153.2 156.2 158.1 158.8 157.6 156.7 154.5 149.4 143.3 137.6 132.7 128 117.1 105.8 97.8 107.3 103.5 98.2 100.1 108.7 121.4 132.8 142.4 147.8 156 163.8 170.1 172.6 178.3 184.8 190 192 193.1 195.2 196.1 195.8 194.2 190.9 185 178.4 162.5 147.9 139.2 123.7 119.1 138.1 160.4 165.6 164.6 162.8 162.6
47.6 48.9 50.4 52.5 54.2 57.3 60.8 65.6 75.2 83.6 93.8 98.2 101.4 104.9 109.1 111.9 111.8 110.5 109.9 116.6 121.4 125.5 129.1 132.7 136.1 139.6 144.3 149.2 154.2 158.2 160.8 161.8 161.5 160.2 156.3 151.6 145.4 141.3 136.5 128.6 118.7 110.6 99.4 99.7 96.7 98.3 108.4 119 127.7 135.3 144.4 149.9 156.6 164.3 169.4 171.9 178.3 185 189.5 191.1 192.7 195.3 196.6 196.1 194.5 190.8 186.4 180.9 172.2 156.6 142.2 128.6 113.8 130.9 152.3 161.4 161.7 159.4 157.5
46.7 48.2 49.7 51.8 53.3 56.7 61.4 67.1 76.5 86.7 92.8 95.7 97.7 101 105.3 106.4 105.3 105.7 111.3 117.2 121.6 125.5 129.2 133 136.6 140 143.9 148.7 153.1 157.5 160.8 162 162 159.9 156.7 151.5 147.7 143.8 134.8 126.3 117.2 107.2 98.8 95 95.4 104.8 115.6 127.6 133.5 136.9 144.3 150.7 155.9 161.6 166.8 172 179.5 185.2 188.7 190.6 192.8 195.1 196.5 196 193.7 190 185.8 179.8 172.3 161.5 145.1 129.7 114.7 123.9 144.1 156.2 158 156.4 152.9
45.9 47.4 48.9 51 52.7 56.2 61.6 67.9 76.9 88.1 91.8 92.9 93.8 95.5 98.2 100 101.2 107.4 111.7 116.6 121.5 125.3 129 132.7 136.1 139.6 142.8 148 151.8 155.5 158.4 160.1 159.9 158.4 154.2 149.6 146.2 142.7 130.8 121.5 111.6 101.2 94.8 93.4 102.1 110.9 123.3 131.2 136.8 139.9 144.1 151.1 155.6 160.8 166 171.9 179.3 184.1 188.2 190.2 192.6 194.6 196.1 195 192.1 188.8 184.1 178 170.8 161.5 147.4 130.6 117.2 117.5 135 151.8 154 153.2 150.3
45.6 47.3 48.9 50.5 52.6 56.2 61.3 69 78.7 87 89.3 89.6 89.3 89 90.3 96.3 103.1 108.5 112.7 117.3 121.3 124.9 128.1 131.4 134.6 137.8 140.9 144.8 149.1 152.7 155.7 156.2 156.7 155 151.7 147.8 144 140.8 128.3 115.5 104.4 94.8 96.7 103 110 119.9 127.5 132.8 135.9 140.2 144.1 149.8 154.5 159.2 164.8 170.6 178.2 183.5 188.1 191.2 192.9 194.2 195.1 193.4 190.4 187 182.2 175.3 168.2 160.5 151.4 134.5 119.6 112 126.3 147 150.4 149.7 147.2
45.8 47.4 49 50.6 53.2 57 61.3 69.9 79.7 83.9 84.1 83.7 85.4 90.5 96.4 102.6 105.8 109.2 113.8 117.5 120.7 123.3 126.5 129.7 132.9 135.9 139 142.2 145.6 148.9 152.1 153.4 153.3 150.8 148.1 146 143 137.8 125.1 114.1 102.3 91.2 102.1 112 118.8 123.8 128.1 131.5 134.8 138.7 142.2 146.9 151.8 157.2 163.6 170.1 176.6 182.6 188.5 192 193.1 194 193.8 191.7 188.4 184.6 179.5 172.4 167.1 162.4 154.4 139.3 121.4 110 122.1 139.8 145.7 145 142.6
46 47.9 49.7 51.3 53.3 56.1 60.4 68.7 77.4 78.5 76.9 82.6 88 93.9 100.2 105.1 108.7 111.5 114.2 117.2 119.9 122.2 125 127.9 130.2 132.7 135.8 138.9 142.6 145.4 147.6 149.5 148.9 146.5 145.1 143.3 140.6 133.9 122.4 113.2 103 90.2 101 112.9 119.8 123.6 126.7 129 131.6 135 139.4 144.7 150.5 156.2 162.5 169.6 175.4 181.9 187.8 191.7 192.4 193 191.8 189.6 186.6 182.1 175 172.2 167.7 162.2 155 143.2 124.9 111.9 115.2 132.2 139.5 139.4 137.4
46.2 48.1 49.9 51.8 53.9 56.2 59.1 65.9 70.7 73.8 80.6 85 89.2 94 100 104.2 107.8 110.9 113.5 116.4 119.2 121.3 122.4 124.7 127 129.6 132.7 135.6 139.5 141.9 144.1 145.9 144.8 144 142.4 140.6 138.3 134.5 125.5 113.5 103.5 89.9 100.8 112.7 119.4 121.7 122.6 123.3 128 134.4 139.3 143 148.8 155 161.8 169.2 174.6 181.3 187 191.1 191.7 191.8 189.8 187.6 184.2 178.3 173.2 170.6 165.6 160.7 154.1 145.9 130.4 114.6 108.2 124.1 132.3 133.2 132.2
46.3 48 49.8 51.5 53.2 55.7 59.2 64.5 70.3 76.4 83.5 86.6 89.5 93.3 97.7 101.6 105.1 107.7 111 114.5 117.3 118.6 119.8 121.4 123.6 126.2 129.3 132.7 136.4 138.6 140.8 142.2 141.5 140.8 139.5 137.7 135.1 132.3 127.5 113.7 102.6 89.8 98.8 111.1 116.3 114.8 113.7 120.3 127.1 131.8 136.4 141.2 148 153.5 161.3 168.7 175 182.6 187.8 190 190.7 189.9 187.9 184.4 180.4 175 171.5 167.7 163.4 159.2 152.9 146 136.5 121.7 105 114.8 123.8 126.1 125.9
45.9 47.5 49.1 50.5 51.9 55.1 61.1 68.4 74.2 82.3 85.9 87.3 89.1 91 94.8 98.1 101.5 104 107 110.5 113.6 114.2 116.6 118.5 119.9 123.1 126.4 129.7 133.3 135.4 137.5 138.6 138.1 137.3 136.2 134.4 131.9 129.5 125.5 113.8 102.6 89.6 99.1 108.1 108.3 106.8 111.4 118.6 124.4 128.8 134.9 140.5 148 153.2 160.6 168.7 177.2 182.9 186.6 188.1 188.9 187.9 185.4 179.2 176.6 172.8 168.5 163.9 160.2 156.6 150.8 144.3 137.1 127.4 112.5 103.4 115.6 118.2 118.8
45.7 46.5 47.8 49.2 50.6 55.5 62.1 69.3 74.8 83.5 86 87.2 89.1 90.8 92.5 95 97.9 100.3 103.2 106.2 108.2 109.8 113 114 117.1 120.4 123.6 126.8 130.1 132.3 134.1 134.9 134.8 133.8 132.7 131.1 128.8 126.6 123.1 116.2 99.1 88.9 95.9 104.1 101.1 107.4 113.5 118.9 123.2 128.2 134.5 140.5 147.5 153.3 160.5 168.8 176.9 182.6 183.9 185.7 186.7 185.5 180.2 176.4 174.7 169.3 164.4 160.1 155.9 152.3 147.4 141.2 135.4 128.9 118.9 104.7 102.7 107.5 108.5
