data/SE88.asc
ncols 200
nrows 200
xllcorner 480000
yllcorner 480000
cellsize 50
[rows 72 to 107 of 200, columns 81 to 161 of 200]
134.9 137 137.6 135.4 129.4 137.7 140.3 142.2 143.3 145.1 147.1 149.3 150.9 152.2 151.6 149.2 153.1 157.6 159.3 160.2 161.5 162.5 164.1 165 165.1 160.9 150.3 129.7 111.6 93 81.6 72.9 71.6 71.5 93.6 108.1 120.8 133.9 138.9 142.2 144.7 141.8 128.3 112.6 103.1 114.5 124.4 132.3 139 151.7 161.1 170.7 177.8 180.6 180.6 178.2 173.8 172.1 169.7 162.9 155.1 148.1 138 144.3 156.7 172 165.1 154 149.6 157.9 168.1 182.7 186.6 191.8 193 192.4 191.3 187 184.2 171 162.2
134.1 135.1 135.3 129.6 129.8 136.9 138.7 140.1 141.7 143.6 145.6 147.6 148.9 149.8 147.3 149.9 153.1 155.6 156.5 158.2 159.5 160.7 162 163.3 162.8 156.8 149.3 133 112.1 94.2 81.1 72.8 71.1 71.4 93.6 108.6 120.7 133.2 137.2 138.2 138.6 135.6 120.6 103.9 108.2 122.1 133.6 143.7 152.3 161.6 170 174.7 179.1 179.3 176 172.1 167.5 164.9 157.1 151.8 143.9 137.2 137 147.3 161.1 170.1 156.7 146.5 151.8 162.3 175 182.5 185.6 189.1 189.7 189.2 186.2 180 170.6 163.5 163.9
132.7 133.5 131.2 126.2 131.8 135.3 136.3 138.4 140.1 142.1 144 145.7 146.9 146.7 144.6 149.3 151.9 153.5 154.3 156 157.4 158.8 160.6 161.2 160.4 155.1 145.1 128.8 109 92.1 80.5 71.9 70.3 72.9 95.3 110.2 121.6 131 131.7 132.5 132.7 129.8 114.9 97.7 112.3 126.6 137 148.4 159.8 168.4 173.3 175 174.8 173.2 169.1 162.6 157.3 151.3 143.9 138.5 131.9 133.8 142.3 154 168.3 165.1 149.4 146.6 156.5 167.8 180.1 182.2 183.6 185.5 184.1 182.7 175.7 167.5 161.3 159.3 171
131.1 132 130.2 123.5 130.1 132.1 135.3 137.2 138.5 140.5 142.4 143.9 144.4 143.6 145.2 148.4 149.6 151 152.2 153.4 155.1 157 158.9 160.1 159.7 153.4 143.1 123.4 104.5 89.9 80 71.6 69.5 75.4 94.3 111.2 122.2 125.8 124.6 125 126.6 124 107 98.7 113.4 128.8 139.3 151.4 162.5 169.2 171.2 169.7 167.1 161.3 155.6 150.1 144.3 138.5 132 124.9 133.6 141.5 150 160.6 170.3 158.6 143.8 145.3 155.7 169.8 178.9 180.8 181.3 181.7 180.6 172.3 162 157.2 156.5 165.7 177.6
129.5 130 127.4 122.3 127.7 131.6 134.6 136.1 137.4 138.9 140.6 141.7 142.2 141.5 143.3 146.2 147.6 148.9 150.2 151.5 153.2 155 156.4 158.4 157.6 149.7 138.7 117.7 101.3 88 77.9 70.5 69 73.6 92.2 109.9 118.3 116.4 115.8 116.2 117.4 117.1 99.8 98.5 116.3 130.9 143 154.7 165.3 165.1 162.8 157.3 153.2 148.6 143.1 137.4 131.6 124.7 123.9 131.6 139.1 148.4 160.7 170.3 168.1 154.8 140.5 143.6 155.4 169.8 177.6 179.1 179.8 175.6 169.6 159.2 152 156.1 164.6 175.6 185.4
128.6 127.5 120.9 124.3 129.4 132.1 133.5 135 136.4 137.7 138.5 139.5 139.7 138.8 141.2 144 145.2 146.5 148.1 149.6 151.5 153.6 155.7 156.3 155.3 148.3 132.9 115.4 97.2 85.2 75.9 69.5 68.8 72.9 88.9 97.6 103.4 101.4 102.3 103.9 106.3 108.2 93 102.3 118.1 132.2 144.9 155.6 157.4 155.7 149.8 143.6 138.2 134.3 128.6 121.5 116.7 124.8 134.2 139.8 147.5 161.4 169.2 170.1 163 152 138.8 141.7 155.4 168.8 177 177.2 174.7 166.7 157.2 148.9 153 162.7 175 185.9 194.3
125.4 119.9 119.9 127.5 130 131.3 132.7 134.1 135.5 136.7 137.5 138.4 137.5 137.2 139.9 141.7 142.8 144.1 146 148.2 150.6 152.8 154.2 156 154.4 146.5 127.1 108.9 93.4 82.6 74.8 68.5 67.5 70.8 77.1 84.5 83.5 84.8 86.2 89.9 92.3 94 90 105.5 121.7 134.5 144.3 147.1 146.4 142.2 136.4 129.7 125.7 122.1 116 114.2 124.4 134.8 140.6 150.7 163.4 167.6 169.6 165.3 158.2 148.1 136 142.1 155.9 168.4 173.6 170.1 163.2 156.3 147.9 147.9 160.1 171.7 183.3 191.5 197.7
117.1 120.1 126.5 128.5 129.8 130.9 132.2 133.6 135 135.9 136.7 137.3 134.2 136.7 138.9 139.3 140.4 142.2 144.5 147.3 149.9 152.3 153.6 155.3 154.7 143.4 123 102.9 90.8 80.5 72.8 68.6 67.5 70.4 74.5 75.1 77.5 78.9 80.2 82.4 85.3 87.6 96.3 111 126.9 139.3 142.3 140.6 134.5 127.8 122.1 119.8 115.6 109.1 111.3 121 130.5 140.1 151.6 163.8 167.6 167.6 166.9 160.8 152.2 144.8 133.4 140.9 155.3 166.1 166.3 160.8 154.8 148.4 144.3 155.2 167.5 182.1 189.7 195 199.7
114.2 124.4 127.2 128.4 129.5 130.6 131.8 133.2 134.4 135.1 135.9 135.3 133.4 136.4 135.3 135.6 139.9 142.6 145.5 147.9 149.9 151.9 152.9 154.2 153.6 141.4 119 100.7 86.7 78.4 70.3 68.4 69.3 72.4 72.9 76.6 81.8 86.7 91.1 94 96.8 101.9 111 121.9 132.1 139.5 136.3 133.8 126.8 115.7 107.5 107 106 113.4 122 131 142.3 151.2 158.3 166 166.9 166.4 164.6 155.5 144.7 138.4 131.2 141.6 154.7 158.9 159.5 156 147.2 138.9 149.7 159.9 177.9 186.7 193.2 195.3 198.2
121.4 125.4 126.9 128.1 129.2 130.3 131.4 132.8 133.6 134.4 135.3 133.8 130.8 132.2 135.3 138.1 140.6 142.8 145 148 149.3 151.2 153.3 154.2 153.9 138.6 119.6 100.4 86.3 75.9 68.3 68.2 71 77.2 84.2 89.7 98.1 105.1 111.8 114.1 117.7 119.4 123.7 127.2 131.9 132.7 132.3 126.7 116.9 106.9 101.3 110.2 119.5 128.7 138.8 147.2 154.9 165 168.3 169.6 167.7 165.7 158.6 147 138.2 128 142.1 151.4 155.9 155 152.4 147.4 139.3 144.1 154 168.9 183.3 191.4 195.7 196.9 197.3
122.1 124.7 126.3 127.5 128.7 129.8 131 132.1 133.1 134 134.7 132.4 128.6 133.2 136.7 138.5 140.5 143 145.6 147.8 149.1 151.1 153 153.8 153.6 136.8 120.5 101.1 86.3 74.7 68.3 67.7 71.4 82.8 100.8 108.8 114.8 119.4 121.4 122.4 125.6 127.2 129.4 131.7 132.5 131.1 126.6 117.1 109.4 98 106.8 116.8 128.7 139.5 151.2 158.8 165.5 171.3 174.6 171.1 166.5 162.5 151.9 140.1 129.6 133.1 143.6 149.1 151.6 150.5 146.3 137.3 138.1 149.3 160.8 177.8 186.1 193 195.8 197 197.1
118.2 124.2 125.4 126.7 127.7 128.7 130 130.8 132 133.1 133.4 128.7 129.6 134.4 137.1 138.5 140.4 142.8 145.1 147.4 149.3 150.9 152.4 153.4 153.5 138.1 119.5 102.3 87.9 75.5 68.1 66.9 68 85.6 107.3 114.6 124.1 125.7 127.3 130 130.9 131.3 132.2 131.9 131.1 126 117 111.7 103.7 98.1 113.5 126.1 138.4 151.4 160 166.8 171.9 176 172.8 168.4 165.4 160.7 148.1 135.1 126 140.4 144.3 147 146.5 144.4 136.9 134.2 145.6 155.8 168.2 181.2 188.4 192.8 194.9 195.4 195.4
120.2 123.4 124.8 125.8 126.6 127.7 129 129.7 130.6 131.7 128.1 125.3 132.4 135.3 137.2 138.5 140.2 142.3 144.7 147 148.6 150.2 151.8 152.7 153 141.5 123.2 104.1 87.7 77.5 68.9 66.3 67.1 86 104.7 117.7 130 130.8 130 130.2 131.6 130.8 129.5 125.1 120.7 113.8 106.6 97.1 92.4 109.1 121.3 133.1 146.2 160 168.8 173 174.3 173 168.9 166.2 163.3 157.1 145 132.9 129.7 140.9 143.1 142.7 138.9 135.3 127.7 140.8 149.8 160.3 176.9 182.7 189.2 192.3 193.2 193.3 192.9
121.1 122.9 123.7 124.6 125.4 126.7 127.8 128.5 129.2 127.2 122.8 129 133.5 135.4 137 138.4 140.2 142.1 144.3 146.5 148.2 149.6 151.1 151.9 151.2 147.2 127.7 106.8 91 79.7 70.1 65.6 67.8 81.9 99.9 115.3 124.7 123.9 122.8 116.1 109.6 106.6 105.6 103.8 101.6 95 88.3 89.7 104.3 117.8 130.1 142.9 156.2 165.7 169.8 170.6 170.6 168.9 165.6 163.2 160.9 152 141.3 128.8 129.4 140 139.7 133 128.5 123.7 136.1 145.5 154.4 169.3 178.2 183.2 189 190.6 190.8 191.1 189.1
121.5 121.9 122.5 123.4 124.3 125.5 126.2 126.9 124.8 120.3 127 131.8 133.7 135.1 136.8 138.4 140.2 142.1 143.9 146 147.9 149.2 150.6 150.8 150.5 148.2 131.8 109.3 92.8 81.6 71.4 65.3 65 79.4 95 111 116.1 115.1 106.6 97 95 91.6 89.1 88.1 85.5 85.9 91.2 102.5 113.8 128.7 141.4 151.3 158.1 165.6 165.9 165.7 163.6 162.7 161.2 160.7 157.6 149.8 138.8 126.2 122.6 134.8 134.1 126.3 118.2 126.7 141.2 151.6 161.8 174.8 179.8 183.9 188.4 189.2 189.2 187.9 184.9
121.6 121.9 122.3 122.6 123 123.7 124.5 124 119 122.8 128.9 131.7 133.6 135 136.5 138.3 140 141.8 144.2 146.1 147.8 149 150.4 151.2 150.4 148.5 133.3 112.7 98.8 83.9 73.9 65.7 64.5 76.8 90.5 108.7 107.2 95.7 87.3 84.5 79.9 78.6 80.3 83.4 88.5 96.1 106 117.1 129.2 142 146.9 153.6 159.2 161.9 160.7 158.7 157.5 158.8 158 157.9 151.8 145.5 137.7 126.6 117.5 128.6 123.9 114.6 121.8 134.4 146.6 158.2 170.4 176.5 181.2 185.2 187.1 187.5 186.5 184.1 180.3
121.2 121.4 121.8 122.2 122.4 122.9 122.5 119.6 118.5 126.2 129.2 130.8 132.8 134.4 136.1 137.9 139.9 142.3 144.5 146.3 147.7 149.2 150.4 151.3 151.1 148.7 135.4 114.9 98.9 85.3 74.4 67.5 64.2 70.6 85.9 104.1 93.3 81.9 74.5 74.7 79.1 84.4 88.6 94.7 105.1 114.7 123 132 138.4 145.5 149.3 152.8 156.7 157.8 156.4 154.3 154.9 155.8 155.6 150.9 145.3 140.8 133.5 123.1 112.5 117.3 112.5 121 131.3 142.2 152.6 162.9 171.9 177.3 182.1 184.9 186.1 185.4 183.7 180 175.7
120.9 121.1 121.3 121.6 121.8 121.5 119.9 114.8 119 124.1 125.6 127.4 131.2 133.9 135.8 137.8 140.4 142.8 144.8 146.3 147.7 149.1 150.3 151.4 151.4 149.8 139.1 119.8 101.5 86.6 74.7 67.5 64.8 65.9 76 82.2 77.5 72.1 73.9 81.6 89.8 96.9 103.5 112.4 121.1 128.9 137.6 141.9 147.1 147.6 149.4 151.5 153.1 153.9 151.2 151.3 151.6 150.3 145.2 141.4 138.8 136.6 130.2 124.1 110.7 109 118.7 130.3 140.4 151 161 169.1 174.2 179 182.6 184.7 185.2 183.9 179.6 176.3 163.7
120.3 120.6 120.8 119 117.9 115.9 112.4 119.2 122.2 122.5 124.3 129.1 132.4 134.6 136.3 138.3 140.9 143.2 144.9 146.3 147.5 148.7 149.8 150.9 150.8 149.6 142.3 124.3 101.5 86.4 75.4 67.8 64 63 67.7 67.6 67.4 72.6 79.8 88 101.8 108.8 117.9 125 130.9 141.7 147.3 148.7 148.9 149.1 149.2 150.3 150.3 149.3 146.2 142.8 140.1 137.3 135.8 135.9 134.9 133.1 126 120.4 107.8 118.2 130.5 140.6 149.7 158 167.7 173.6 179.2 182.9 184.4 185.2 184.3 181.5 177 166.9 155.5
119.6 119.8 119.8 117.8 112.3 110.5 115.4 120.9 126.4 127 127.9 130.3 133 135 138.1 138.8 141.1 143.4 144.7 146 147.3 148.7 149.9 150.9 150.8 150.5 144.4 127 102.5 86.6 74.6 68.1 62.7 63.4 67 67 71.9 78.6 86.3 98.2 109.5 118 127.9 136.6 146 147.3 148.5 149.1 149.4 149.6 149.5 149.2 145.4 140.5 135.2 129.8 127.3 126.6 127.5 126.7 124.4 121.4 113.8 107.4 110.8 125.9 140.8 150.3 157.6 166.7 174.7 180.4 183.9 185.6 186.2 185.7 183.6 179.2 173.3 156.7 148.9
118.4 118.5 116.6 111.2 110.3 118.2 122.6 120.7 124.7 127.9 129 131.6 133.5 135.8 140.6 141.2 141 143.6 144.9 146.2 147.6 148.9 150.2 150.9 150.8 150.4 147 131.2 104.7 85.5 73.2 65.8 62.2 63.1 67.5 73.3 80.4 88.3 99.5 105.6 114.3 128.4 138.5 145.4 147.4 148.8 149.2 149.5 149.6 149.5 148.8 144.3 134.8 125.6 118 115.4 111 108.6 108.2 106.5 107.7 105.1 102.6 105.8 122.4 137.3 149.8 157 163.9 174.6 181 184.6 186.1 187.1 187.3 185.7 182.1 176.1 163.4 149.8 139.7
116.8 113.1 106.9 110.3 117.3 123 125 126.4 126.7 127.6 129.5 131.6 133.8 135.9 141.8 141.1 141.5 143.6 145.2 146.6 147.9 149.2 150.7 150.7 150.1 149.6 148.4 137.3 106.6 86.9 73.6 63.9 62.5 63.6 71.7 81.9 88.5 100.8 107.6 114.6 125.7 138 142.2 145.3 146.9 148.1 148.8 149 149 148.4 144.8 131.3 119.9 109.9 102 96.8 95.1 94.1 95.2 97.6 98.1 101.2 108.2 118.4 134.9 149.8 161.2 167.5 173.6 180.6 184.4 186.1 186.6 186.9 187.1 184.1 178.7 164.9 150.8 143.1 134.6
102.2 102.3 109.8 115.8 121.2 124.8 126.8 128.2 127.8 129.3 130.6 132.1 134.2 136.4 137 140.7 141.7 143.4 145.2 147 148.3 150.1 151.2 151.3 150.5 149.8 147.5 132.6 106.8 85.2 70.9 63 61.9 64.5 75.2 92.8 100.9 107.2 113.5 124.3 134.4 138.7 141.7 144.4 145.6 146.5 146.7 147.7 147.1 145 134.2 118.6 104.4 94.5 90 89.7 96.8 104.4 107.7 110.4 112.3 116.3 122.3 132.4 148 159.7 171.3 176.6 182 184.1 185.1 185.6 186.2 186.6 186 181.1 168.9 152.9 142 132.6 141.5
103.4 113.4 117.5 122.7 124.6 126.2 127.7 129.1 129.1 130.6 131.8 133.2 135.1 136.3 137.3 139.1 141 142.8 144.9 146.8 148.5 149.7 151 151.4 150.8 149.7 146.9 130.2 104.3 84.1 70.3 62.5 62 65.4 80.3 97.4 103.4 111.1 121.4 129.6 135.3 138.3 140 140.7 142.1 143 143.6 142 140.7 135 120.3 106.9 94.4 88.1 94.5 105.9 115.8 119.3 124.7 126.9 128.2 130.7 137.6 144.2 157.2 170.5 178.2 182.6 184.6 185.1 185.1 185.2 185.7 185.9 183.4 173.8 153.9 144.4 133.6 134.5 148.9
118.7 120.9 122.6 124 125.9 127 128.5 129.9 130.6 131.8 133.1 134.4 135.7 136.8 138.2 140 141.8 143.6 144.9 146.4 147.9 149.3 150.6 150.9 150.4 149.4 144.3 128 105.1 83.7 70 62.6 61.4 64.7 81.4 97.3 105.5 112.8 118.1 124 130.7 135.3 137.3 136.9 135.6 135.7 135.5 135.6 129.4 123.2 110.7 96.8 86.3 94.4 113.5 126.6 130.9 133.1 137.9 141.6 142.7 147 151.9 160.5 169.9 179.3 183 184.6 184.9 185.2 185.2 185 185.3 184.8 179.2 156.6 144.2 136 127.8 143.1 156.6
121.3 122.4 123.8 125.2 126.4 127.5 129 130.1 131.5 132.8 134.1 135.4 136.5 137.5 139.2 140.9 142.7 144.4 145.7 146.9 147.7 148.9 150.2 150.6 150.6 149.1 140.2 125.8 105.3 84.2 70.2 62.3 60.8 63.8 78.5 95.8 104.3 109.2 113.9 118.1 122 128.8 130.7 130.1 127.4 124.1 125.5 124 119.2 110.7 100.9 86.3 84.9 105 124.8 135.4 141.2 151.8 154.1 155 159.1 161.2 166.2 175.7 181.8 183.5 184.5 184.8 184.9 185 184.8 184.7 184.3 182.4 168.6 147.5 137.9 124.2 135.6 146.7 164.5
122.3 123.4 124.5 125.3 126.2 127.2 129.3 130.7 132.2 133.5 135.2 136.4 137.3 138.5 140.2 141.8 143.5 145.2 146.4 147.4 148.2 149.1 150 150.2 149.8 146 136.2 123.3 102.7 83.6 69.9 62.1 59.5 60.2 70.6 88 97 104.9 107.3 111.3 114.4 119.5 123.6 120.6 112.5 106.7 104.3 103.8 102.6 98.7 88.7 82.7 92.3 115.4 128.3 145 156.5 161.7 165.1 166.1 172.9 176.9 182.1 182.3 182.8 183.9 184.4 184.3 184.4 184.3 184.1 183.9 183.4 177.3 158.6 143.5 126.3 127.5 139 152.6 170.8
122.5 123.4 124.2 125.4 126 125.7 129.3 131.5 133 134.6 136.6 137.3 138.1 139.5 141.1 142.8 144.4 145.9 146.9 147.8 148.7 149.5 149.9 149.1 147 140.3 134 118.6 97.4 79.2 69 60.5 59.5 59.9 63.5 70.4 77 84.8 91.3 99.2 105.6 111.9 113 107.4 98.4 89.1 88.9 87.8 86 83.1 80.7 83.2 99.9 118.7 132.3 152.3 160.2 166.4 174.8 178.2 180.8 182.9 182.5 181.8 182.1 183.3 183.7 183.8 183.8 183.6 183.4 183.2 182 171.6 149.8 136.1 119.8 129.9 143.5 157.9 172.9
121.9 123.1 124 125 122.3 127.4 130.3 132.1 134.1 136.1 137.5 138.2 138.9 140.4 142 143.5 145.1 146.3 147.3 148 148.9 149.4 148.6 146.2 141.7 135 129.6 112.5 94.1 77.8 67.7 60.4 59.9 59.9 60.8 64.6 67.5 71.1 75.3 81.2 90.1 95.5 92.8 88 80.9 79.3 78.1 78.2 78.2 78.7 82.4 92.3 106 120.4 139 157.8 165.7 175.6 177 180.8 182.2 182.1 181.8 181.2 181.5 182.7 182.8 183 183.2 182.8 182.6 182.3 180.4 166.1 147 130.5 118.8 133.7 146.2 160.6 170.4
121.6 122.3 123.5 122.7 118.9 126.8 131.2 133.7 135.6 137.3 138.2 138.9 139.6 140.8 141.9 143.8 145 146.2 147.4 147.8 148.2 147.4 144.9 140.5 135.1 129.9 123.7 103.2 87 70.5 61 59 59.3 59.9 60.1 62.2 62.9 64.4 67.6 70.6 73.9 76.9 77 72.7 73.8 73.3 74 78.4 83 87 96.8 105.2 117.3 129.3 148.5 163.4 172.9 177.9 179.2 180.8 181.6 181.4 181.1 180.7 180.9 181.8 181.9 182 182.6 182.5 181.9 181.6 178 163.2 143.1 126.1 121 136.9 146.7 159.8 165.8
121.3 121.6 122.3 113.7 119.4 128.2 131.7 134.7 136.5 137.7 139 139.7 140.4 142.3 142.8 143.3 144.9 146.1 146.5 146.1 144.1 142.2 138.6 134.3 130.1 123.1 111.7 93.9 76.6 63.4 58.7 58.7 59.3 61.9 64.3 67.2 69.6 68.9 68.6 66.7 68 68.9 70.8 72.6 77.7 81.8 87 93.7 100 105 109.3 117.2 123.8 137.5 158.3 169.8 176.7 178.8 179.6 180.5 181 180.9 180.3 180 180.3 180.9 181 181 181.9 182 181.7 180.6 176.1 161.9 142.4 126.8 120.2 134.9 139.2 150.9 169.6
120.9 120.4 112 106.5 120.6 128.4 131.6 134.1 136.3 137.7 139.1 140.4 141.2 142.8 142.9 142.7 144.5 144.2 143.4 141 137.5 135.6 131.1 128.7 123.5 112.1 99.7 83.7 68.2 60.6 58.2 58.6 59.9 70 75.3 80.7 81.2 80.1 78.4 76.8 76.1 77.4 78.4 80.9 87.1 97.3 104.4 110.7 115.4 119.6 122.2 127.3 134.4 152.7 165.8 173.8 178.3 179.1 179.4 179.1 179.3 180.1 179.9 179.4 179.7 180 180 180.3 181.2 181.3 181.2 179.3 173.2 161.1 142.5 124.1 115.9 128 139.5 152.7 169.7
120.4 108.2 100.1 105.2 120.2 127.2 131.2 133.7 135.8 137.1 138.2 139.5 141.2 142.3 142.9 142.4 141 140.4 137.8 134.8 130.8 128.3 126 118.4 112.2 102.8 90.9 73.9 60.4 57.8 57.4 57.9 64.9 78 88.7 99.1 100.1 96.9 94.9 91.7 88.6 88.4 91.5 96.6 103.4 111 115.2 121.7 127.3 132.9 135.6 141.5 155.3 166.3 173.1 176.5 178.6 178.9 178.8 178.8 178.6 179.5 179.4 178.7 177.1 176.6 177.9 179.3 180.5 180.4 180.3 178.9 172.9 161.3 140.6 125.6 111.8 125.3 139.1 152.7 169.1
110.9 101.5 93.7 105.1 120.2 126.9 130.1 132 133.7 134.9 136.6 138.2 139.6 140.4 139.6 138.5 136.4 134.3 131.7 128.6 124.5 116.9 110.9 103.4 98 91.9 82.8 68.7 57.7 57.4 57.4 59.9 69.9 81.6 94.4 106 112.7 113.1 111.8 108.6 106 104.8 105.9 110.2 115.1 122.1 129.4 135.3 142.2 151.2 158.1 164.9 169.8 173.4 176.5 178.4 178.3 178.2 178.1 177.9 178.4 178.5 178.2 177 173.6 172.8 177.3 179.2 179.9 179.6 179 176.6 170.3 160.4 142.3 128.4 107.9 121.2 137.5 152.1 169.9
105.2 93.6 89.8 104.8 116.4 123 126.2 127.7 128.8 130.6 132.7 134.8 135.3 135.6 134.8 132.9 130.4 127.9 125.5 118.9 109.2 101.4 96.9 89.9 85.5 78.6 72.5 61.8 56.8 57.4 58.1 64.9 74.2 87.5 99.8 111.9 129.2 133.5 130.2 125.5 122 120.9 121.2 124 129.5 135.3 146.6 155.5 161.9 166.2 169.2 171.6 174.4 177 177.5 178.1 178.1 177.3 177.1 175.8 177.1 177.4 177 176 172.1 172.9 177.3 178.8 179.3 178.5 176.4 171.8 166.3 158.3 141.1 126.3 107.1 119.8 135.6 152.8 170
93.6 85.6 87.6 104.2 110.9 117 119.8 121.1 121.9 123.2 125.6 127.9 128.5 129.1 128.5 127.9 126.1 123.4 115.4 103.6 95.2 89 85.2 79.8 73.3 67.5 61.6 57.2 56.6 56.8 61.3 70.8 81.4 94.7 106.5 120.4 139.5 143.1 144.3 145.7 145 143.8 142.6 145.3 151.1 158.7 163.6 167.2 170 173.1 175.2 175.9 176.3 176.5 177.1 177.7 177.7 176.6 174 174 175.6 175.8 175.2 173.8 169.1 172.1 176.4 177.9 178.4 177 171.9 166.6 161.8 153.8 136.7 125.1 105.8 114.1 133.2 153.4 169.7
