data/SH12.asc
ncols 200
nrows 200
xllcorner 210000
yllcorner 320000
cellsize 50
[rows 37 to 73 of 200, columns 85 to 169 of 200]
-1.2 -1.2 -1.2 -1.2 -1.2 -1.2 -1.2 -1.2 -1.2 -1.2 -1.2 -1.2 -1.2 -1.2 -1.2 -1.2 31.9 53.5 68.4 70.1 96 106.7 100.2 89.2 82.3 76.8 73.4 65.6 56.9 53.2 51.8 50.8 49.7 51 52 52.6 53.2 53.9 54.5 55.2 55.2 55.4 56.3 57.2 58.2 58 57.8 56.7 54.8 52 50.8 49.8 48.7 46.7 43.6 40.5 38.3 37.9 34.8 31.3 24.1 30.2 32.2 32.7 34.2 37.5 39.3 39.9 42.6 46.4 47.5 48.5 51 55 57.4 59.6 61.8 64.9 68.5 73.4 77.6 81.3 85.8 90.1 92.3
-1.2 -1.2 -1.2 -1.2 -1.2 -1.2 -1.2 -1.2 -1.2 -1.2 -1.2 -1.2 -1.2 -1.2 -1.2 37.8 58.5 82.6 98.9 93 105.8 107.9 97.5 84.8 78.2 73.5 69.2 66.3 59.3 55.7 54.1 53.4 51.7 51.2 52.1 52.9 53.6 53.7 53.9 54.6 54.5 54.4 54.6 55.6 56.7 57.1 56.6 55.5 53.3 50.3 48.7 47.8 47.3 46.1 43.4 38.9 36.6 34.8 32.6 24.9 27 30.3 32.6 32.1 33.4 34.4 37.7 41.2 44.7 48.7 51.5 52.4 54.1 57.3 60.2 62.5 66.7 71 76.4 81.8 87 88.5 89.6 90.8 92
-1.2 -1.2 -1.2 -1.2 -1.2 -1.2 -1.2 -1.2 -1.2 -1.2 -1.2 -1.2 -1.2 -1.2 17.7 55.7 82.3 113.1 108.8 98.7 102.7 99.1 90.6 79.6 72.5 71.6 69 62.7 59.6 56.5 55.4 54 52.6 51.2 53.3 53.7 53.5 53.3 53.1 53.9 53.9 54.1 53.9 54.7 55.8 56.6 56.1 55.1 51.9 48.6 46.9 45.5 44.5 43 41.5 37.4 35.2 33.1 29.5 21.7 26.2 31.7 32.4 32.4 33.8 36.9 40.6 44.3 47.1 50 53.7 56.8 59 61.2 63.8 69.4 74.9 79.1 83.7 87.6 90.2 90.3 89.7 89 89.5
-1.2 -1.2 -1.2 -1.2 -1.2 -1.2 -1.2 -1.2 -1.2 -1.2 -1.2 -1.2 -1.2 33.1 58.7 81.5 107.4 116.2 110.4 103.3 95.7 90.7 83.7 75.4 70.2 67.4 67.6 61.2 58 57.5 56.2 54.7 53.1 51.4 52.1 52.9 53 52.7 52.3 53.4 53.6 53.9 54.1 54.6 55.3 55.9 55.4 53.2 51.1 48.3 45.1 42.4 41.3 39.6 38.2 35.9 33.4 31.3 25 22.6 30.8 31.3 31.2 33.3 37.9 40 42.6 45.8 48.9 52.2 56.4 60.6 63.5 65.7 68.9 76.3 81.3 83.6 87.2 88.8 90.8 89.6 87.7 86.2 85.3
-1.2 -1.2 -1.2 -1.2 -1.2 -1.2 -1.2 -1.2 -1.2 -1.2 -1.2 -1.2 -1.2 35.6 75.6 112.1 126.1 120.3 110.2 104.6 92.8 88.6 85.9 75.8 69 66.8 61.5 59 56.5 55.9 55.4 54.7 53.7 52 50.8 51.4 51.4 51.2 50.9 51.8 52.4 53 53.8 54.5 55.1 55.2 53.7 51.4 49.3 47.1 43.9 41.3 38.6 37 35.3 33.8 31.6 27.7 23.4 30.5 32.1 33.5 34.5 37.9 40.7 42.7 45.7 48.9 51.3 54.9 60.1 64.3 68.7 70.6 75.9 82.4 85.7 87.6 89.1 89.8 89.9 88 85.5 83.9 81.5
-1.2 -1.2 -1.2 -1.2 -1.2 -1.2 -1.2 -1.2 -1.2 -1.2 -1.2 30.3 43.8 62.4 86.1 114.4 129 121.1 113.9 110.1 96.6 84.3 83.9 74.1 67.8 65.7 59.3 56.3 54.7 54.2 53.5 53.1 52.7 51.1 50.3 49.8 49.8 49.7 49.6 50.1 50.9 51.8 52.6 53.4 53.9 53.9 52.1 49.8 47.5 45.4 42.7 40.3 37.6 35.1 32.7 31.1 29.6 22.8 24.6 31.5 34.2 37.4 40.1 41.5 43.1 45.9 49.2 52 54.5 59 63.5 68.7 73.2 76.4 81.3 87.4 89.2 90.6 91.7 91.4 89.4 87.2 83.7 80.1 77.4
-1.2 -1.2 -1.2 -1.2 -1.2 -1.2 -1.2 -1.2 -1.2 -1.2 40.5 67.1 72.8 90 108.8 128.9 130.5 127 122.8 113.9 106 90.4 76.2 70.9 66.3 65.7 58.5 54.7 52.7 52 51.5 51.7 51.3 49.9 49.4 49 48.6 48.3 48.8 49.7 50.4 50.8 51.5 52.3 52.8 52.2 50.4 48.2 45.8 43.6 41.2 39.1 36.7 34.2 31.4 30.1 28.3 23 25.2 30.4 34.2 36.6 39.7 42.9 45 48.5 52.6 55.6 59 63.7 67.2 71.3 75.2 79.9 86.4 89.5 91.4 93 93 91.9 89.4 86.2 81.9 77.1 74
-1.2 -1.2 -1.2 -1.2 -1.2 -1.2 -1.2 -1.2 -1.2 36.8 68.1 99.1 108.8 115.4 131 135.9 135 133.5 124.4 112.8 104.8 88.6 72.8 67.4 63.9 62.3 58.8 54.1 51.9 50.7 50 49.6 49.6 49 48.6 48.2 48.1 48.2 48.9 49.9 50.4 50.7 51.4 52 51.8 50.8 48.9 46.8 43.9 40.8 39.7 37.6 35.6 32.9 32.1 31.8 31.7 26.8 23.5 29.4 32.8 36 39 42.4 46.3 50.6 54.9 59 62.7 67 70.4 73.2 76.7 82.5 87.9 90.7 92.9 94.2 93.7 91.4 88.5 84.4 80.8 76.1 71.4
-1.2 -1.2 -1.2 -1.2 -1.2 -1.2 -1.2 -1.2 -1.2 39.2 74.3 107.5 122.7 130.8 132.7 136.2 134.6 134.9 127.6 115.8 107.1 94 81.1 66 61.9 58.9 56.3 54 52 50.3 49.5 48.7 48.5 48.1 47.7 47.3 47.7 48.3 49 49.8 50.3 50.8 51.2 51.2 51.4 49.9 48.1 44.9 43.1 40 38.5 36.4 34.3 34.4 33.4 34.1 34.1 30.9 18.5 29.7 33 36.2 39.2 42.8 47.6 52.3 56.9 61 64.8 68.2 71.8 74.8 77.2 83.4 88.3 91.5 93.1 94.2 92.5 89.2 85.8 82.8 78.9 74.1 69.5
-1.2 -1.2 -1.2 -1.2 -1.2 -1.2 -1.2 -1.2 -1.2 38.3 70.3 100.3 117.4 125.4 126.4 129.1 129.9 129.3 127.8 119.2 114.1 101 87.1 76.7 62.7 59.1 56.6 54.3 52.5 50.7 49.5 48.1 47.7 47.3 47 46.7 47.5 48.2 49 49.6 50.2 50.5 50.7 50.8 51 49.4 47.1 44.5 42.5 39.3 37.3 36.3 35.6 34.8 34.7 35.7 35 30.5 22.1 30.9 34.1 37.2 40.4 45 49.2 53.7 58.2 61.8 65 68.2 71.7 74.1 76.5 81.8 86.2 89.6 90.6 91.5 89.1 85.3 82.1 79.1 76.3 72.4 67
-1.2 -1.2 -1.2 -1.2 -1.2 -1.2 -1.2 -1.2 -1.2 31 61.4 85.7 100.4 112.4 115.9 118.6 125.4 132 135.7 126.9 112.7 102.5 90.1 79.6 66.7 60.1 56.8 54.8 52.9 51.2 49.4 48.1 47.3 46.8 46.5 46.2 46.9 48.1 48.7 49.4 49.5 50.2 50.3 50.4 50.6 48.9 46.4 44.7 42.4 39.2 37.6 36.9 36.2 34.7 33.6 34.4 34.2 29.4 23.2 30.6 34.4 38 42.2 47 50.9 55.6 59.3 62.5 65.7 68.6 71.6 73.4 75.3 80.2 83.5 85.4 86 87 84.8 81.7 78.5 75.5 71.3 66.7 62.5
-1.2 -1.2 -1.2 -1.2 -1.2 -1.2 -1.2 -1.2 -1.2 -1.2 48.4 65.4 81.5 94.8 108.2 117.3 125.1 136.7 139.6 133.9 120.3 104.6 92.7 83.9 71.5 60.7 57.6 55.6 53.6 51.5 49.5 48.1 47.8 47.1 46.2 45.7 46.3 47.7 48 48.5 48.3 49.2 50.2 50.3 50.2 48.6 47 44.7 42.1 41.3 39.4 37.4 35.7 34 33.2 32.9 32.1 26.5 19.9 29.3 34.3 39.1 44.7 48.6 52.6 56.3 59.7 62.9 66.2 69.6 71.2 71.6 73.1 77.1 79.2 80 79.9 81.1 79 75.5 72.5 68 61.8 57.6 54.1
-1.2 -1.2 -1.2 -1.2 -1.2 -1.2 -1.2 -1.2 -1.2 -1.2 30.3 57.4 72.7 92.5 109.7 121.6 133.5 135.8 136.4 132.7 125.8 102.9 94.8 85.6 75.3 65.1 59.6 56.5 54.5 51.7 49.6 48.2 47.9 47.7 46.8 46.5 45.8 47 47.2 47.3 47.5 48.7 49.5 50.3 50 49 48.1 45.4 44.2 43.4 41.1 38.8 36.6 34.3 33.5 31.9 29.5 26.5 20.2 26.8 33.1 40.1 46.1 50.7 54.1 57.1 60.2 63.3 66.5 69.6 70 69.6 69.8 72.9 74.6 74.6 73.6 73.6 72.4 68.6 63.3 56.9 53.4 50.4 48.4
-1.2 -1.2 -1.2 -1.2 -1.2 -1.2 -1.2 -1.2 -1.2 31 53.5 73.7 95 111.4 121.2 131.4 137 138.3 136.1 133.3 120.3 105.7 97.3 88.1 78.3 70.9 62.9 58.6 54.1 52.1 50 48.6 48.2 48.9 48.9 48.1 46.3 45.5 45.8 46.5 47.2 48.5 49.6 49.5 49.2 48.8 48.2 47 46.7 45.2 42.6 40.2 37.9 35.8 34 31.5 28.5 28.5 26.5 23.7 31.8 38.8 48 52.5 54.8 56.5 59.3 62.2 65.1 67.1 66.4 65.9 66 68.2 69.4 68.9 66.9 65.8 62.2 60.7 58.5 54.5 50.7 47.8 45.1
-1.2 -1.2 -1.2 -1.2 -1.2 -1.2 -1.2 -1.2 -1.2 33.7 60 89.9 109 122.6 133.8 142.5 147.6 148.6 149.2 139.8 126.1 108.4 100.1 92.5 81.3 73.1 67.4 59.7 56.2 53.6 50.7 49 48.4 49.1 49.5 48.8 47.5 44.8 45 46 47.2 48.3 48.7 48.8 48.5 48.6 48.6 48.1 47.2 46.5 44.1 41.5 39.1 37.2 34.6 32.9 31.5 30.3 28.4 18.7 25.6 37 48.9 53.1 53.7 55.6 58.2 61.1 63.4 63.7 63.2 61.5 61.2 61.7 62.2 61.3 60.2 58.8 59.1 59.1 56.6 52.6 49 45.8 43
-1.2 -1.2 -1.2 -1.2 -1.2 -1.2 -1.2 -1.2 -1.2 32.7 61.9 89.2 111.5 133.5 152.3 163.7 161.1 160.6 161.4 152.4 135.3 117.1 103.5 97.1 85 74.1 68 61.4 58.1 55 52 49.7 48.7 49.1 48.8 48.3 47.1 45.5 44.6 45.8 47 47.5 47.8 47.8 47.8 48.4 49 48.1 47.1 46.5 45.3 42.8 40.5 37.5 35.1 33.3 32 31.6 30.2 28.1 18.4 31.8 46.9 51.1 52.6 53.7 55.2 57.6 60.5 60.4 59.2 57.3 56 56.8 57.2 56.7 55.8 55.7 55.8 57.2 54.7 50.7 47.2 44.1 41.7
-1.2 -1.2 -1.2 -1.2 -1.2 -1.2 -1.2 -1.2 -1.2 32.4 62 92 121.3 142.3 160 173.2 176 173.1 170 159.6 145.5 129.5 118 102.9 89.1 75.4 66.3 62.2 59.4 56.3 53.4 50.4 49 47.9 47.5 47 46.1 44.6 44.2 44.7 45.5 46.9 46.7 46.1 47.1 48.4 48.9 47.8 47.6 47.3 45.8 44.1 40.9 37.9 35.7 33.9 31.9 31.5 30.5 28.3 20.2 23.2 43.4 48.2 50.1 50.6 51.4 52.5 54.9 54.8 53.4 52.2 52 52.6 53 53.2 52.5 53.2 54.9 56.4 54 49.1 45 43.1 40.2
-1.2 -1.2 -1.2 -1.2 -1.2 -1.2 -1.2 -1.2 10.2 42.1 70.9 104.2 129.6 143.7 159 172.4 178.4 180 179.6 166.6 154.2 139.9 125.5 113.8 97 81.6 67 63.6 60.3 57.1 54.1 51.6 50.1 48.7 47.6 46.8 46.3 45.5 43.8 42.8 44.1 45.7 45.9 45.5 47.3 48.2 48.4 48.2 48 47.9 45.8 43.7 41 38.3 35.9 33.6 31.2 28.9 28.4 25.8 18.5 23.5 40 44.6 46.9 47.9 48.6 49.1 49.6 49.1 48.9 48.9 49.3 50.4 50.6 50.1 49.5 51.3 54 54.9 52.4 48 43.9 41.5 38.3
-1.2 -1.2 -1.2 -1.2 -1.2 -1.2 -1.2 -1.2 -1.2 45 74.6 100.4 124 134.8 148.7 160.7 171.5 179.1 188.5 180.1 161.5 149.6 135.9 121.6 104.2 87.2 70.8 64.5 61.2 57.9 54.8 52.8 51.2 49.5 48.5 48 47.4 46.1 44.7 43.4 43.4 44.1 44.9 45.3 47.3 48.4 48.6 48.5 48.6 48.2 46.4 45.4 42.5 40.1 36.6 33.1 30.5 27.8 23.3 16.7 21.1 31.4 34.9 41.3 45.1 45.7 45.8 46.5 46.1 46.3 46.4 46.1 46.9 48.1 48.1 47.2 47.7 51 52.1 51.2 48.7 44.9 42.2 39.4 36.9
-1.2 -1.2 -1.2 -1.2 -1.2 -1.2 -1.2 -1.2 -1.2 47.6 76 98.7 109.9 121 135.1 147.9 161.6 172.8 182.6 183.5 168.8 151.3 141.7 125.3 110.4 94.1 78.6 66.6 62.8 59.2 56.4 53.9 52.1 51.1 49.9 49.2 47.7 46.9 45.7 44.4 43.6 42.7 43.9 46.2 48 48.8 48.9 49.2 49.3 48.6 48.3 46.5 43.3 40.1 36.7 32.4 29.7 26.3 16.7 23.2 29.2 33.2 36.5 40.5 43.2 44 44 44.1 43.8 43.7 43.8 43.5 44.5 45.3 45.1 45.2 47.5 49.8 50.5 48.4 45.6 42.5 40.2 37.3 34.1
-1.2 -1.2 -1.2 -1.2 -1.2 -1.2 -1.2 -1.2 37.8 58.7 78.1 96.2 104 108.9 121.4 135.4 147.6 160.7 172.1 177.5 167.6 150.4 141.2 124.8 114 100.7 83.5 69.1 64.7 60.9 57.6 54.6 53.6 52.1 50.6 49.1 48.1 47.3 46.4 44.8 42.4 42 44.1 46.3 48 48.4 48.7 48.9 49.3 50 48.9 46.6 43.5 40.2 36.6 32.5 28.2 22.8 15.9 20 28.4 32.4 35.6 38.8 41.4 42.6 42.2 42.5 41.7 41.5 41.2 41.2 41.9 42.3 42.4 44.5 47.2 48.7 47.7 45.2 42.5 39.8 38 35 31.6
-1.2 -1.2 -1.2 -1.2 -1.2 -1.2 19 40.5 60.7 72 81.2 90.4 97.3 99.2 105.9 118.2 131.7 144.8 157.6 165.5 161.2 146.1 135.1 124.5 112.2 102.7 88.3 75.8 73.5 68.7 62.5 55.3 53.7 52.2 50.7 49 47.4 46.6 45.3 44.3 43.2 41.6 44.3 46.2 47.3 47.9 48.3 48.6 49.7 50.1 49.5 46.9 44.1 39.9 35.5 30.6 28.2 26.3 23 14.8 25.1 29.9 32.9 36.6 39.8 40.8 40.7 40.3 39.8 39.5 39.2 38.8 39.5 40.1 41.1 43.7 46.4 45.9 44.5 42.2 39.3 35.6 35.3 27.2 25.8
-1.2 -1.2 -1.2 -1.2 -1.2 5.8 21.7 42.5 54.9 62.5 69.4 77.4 85.6 91.2 97.5 103.9 114.5 128.6 140.3 151.1 149.1 138 129.6 121.3 110.4 105.3 98.6 85.2 80.2 71.5 63.9 56.2 53.6 52.2 50.6 48.5 46.9 45.8 45.3 45.2 44 42.6 42.5 44.8 45.8 46.3 46.9 47.9 49.5 50.1 49.1 47.3 42.8 38.1 35.3 32.5 30.4 28.5 26.1 19.7 16.7 26.1 30.1 34 38.2 39.7 39.9 38.1 37.9 37.5 37.1 36.7 37.1 38.4 40.4 42 43 41.8 40.8 39.1 36.4 29.9 25.2 23.3 28.2
-1.2 -1.2 -1.2 -1.2 -1.2 -1.2 27.6 40.6 44.9 51.1 58.9 65.4 72.1 79.4 88.2 94.2 101.6 111.9 125.2 135.7 137.2 133.9 127.8 124.2 116.3 110.6 104.9 93.1 81.2 73.7 62.3 56.9 53.9 51.8 49.8 47.8 46.8 46.7 47.2 46.1 44.7 42.6 40.7 41.7 42.7 45.2 46.2 47.5 49.6 49.6 48.4 45.5 41.6 40.5 37.2 34.4 32.6 30.5 28.1 25.7 21.2 13.5 27.6 31.8 36.5 38.6 38.1 36.6 34.7 35.5 35 34.5 36 37.9 40.1 41.5 40.1 37.8 38 36.1 32.8 23.5 22.9 33.2 35.9
-1.2 -1.2 -1.2 -1.2 -1.2 -1.2 15.3 39 46.2 46.9 50 54.9 62.1 68.7 74.9 83.8 93.5 103 112.9 123 129.7 131.3 132.2 131.7 126 115.3 106.2 97.4 86.3 74.7 62.7 57.5 55 52.6 50.4 48.3 47.1 48.3 48.1 46.8 45.4 43.4 41.6 40.9 44.6 45.7 47 48.8 49.5 49.3 47.6 46.1 44.6 41.5 38.4 36.3 34.6 31.4 27.9 25.7 21.1 13.7 22.3 29.3 34.3 36.7 35.4 34.5 32.7 33.7 33.4 34.4 35 36.8 38.2 37.8 36.5 34.3 34.1 32.8 25.1 22 32.4 35.1 37.3
-1.2 -1.2 -1.2 -1.2 -1.2 -1.2 -1.2 20.4 36 40.6 44.2 50.8 55.6 62.7 67.7 74.7 82.7 96.1 104 112.7 124.5 128.4 130.3 134.1 131.6 122.3 107.5 94.7 88.7 73.6 63.9 58.7 55.8 53.5 51.2 49 48.3 48.8 49.1 47.9 46.2 44.6 43 40.5 44.2 46.9 48.3 48.8 49.3 49 47.9 47.2 44.8 42.1 40.4 38.7 36.7 32.5 28.1 25.3 15.3 12.1 19.2 24.8 29.5 34 32.7 31.8 30.9 32 32.7 34.5 35.1 35.6 35.1 33.6 31.3 30.2 29.3 23.8 19.9 22.3 32.4 36.1 38.7
-1.2 -1.2 -1.2 -1.2 -1.2 -1.2 -1.2 -1.2 -1.2 11.6 44 48.9 54.7 59.7 63.7 68 74.4 85.4 98 105 113.4 122.3 123.3 127.2 126.5 120.5 105.6 91.3 85.6 72.7 65.3 60.7 56.4 53.6 51.8 50.1 49.1 49.4 49 48.6 47.5 46.1 43.2 40 43.8 46.8 48.3 48.7 49 48.9 48.2 47.8 47.7 45.1 43.8 43 39.7 32.7 28.4 19.2 9.5 24.2 27.7 27.9 26 26.9 29.8 30.1 29.9 31 32.4 33.9 33.9 32.5 31.7 23.6 19.5 19.5 21.6 20.3 25.1 31.9 33.2 35.8 38.5
-1.2 -1.2 -1.2 -1.2 -1.2 -1.2 -1.2 -1.2 -1.2 29 46 56.4 56.5 58.2 62.1 66.1 70.7 77.4 90.5 101.4 107.7 115.3 116.4 119 118.4 113.4 103.3 88 80.6 71.1 66.2 61.5 56.9 54 52.3 50.9 49.7 49.9 50.1 49.5 47.7 45.3 42.6 40.2 40 44.1 46.8 46.9 48.6 49.9 50.1 49.8 49.5 48.3 46.6 44.8 39 31.7 27.8 19.3 9.8 24.7 28.2 29.2 30 30.6 30.3 30 30.1 30.7 31.9 31.8 30.7 28.8 23.1 16.4 15.4 16.6 19 20 29.1 31.7 33.1 35.3 38.7
-1.2 -1.2 -1.2 -1.2 -1.2 -1.2 -1.2 -1.2 -1.2 36.3 46.6 57.2 60.7 62 62.6 66.1 69.8 75.4 84.6 96.3 104.4 108.2 107.9 110.7 111.7 107.1 96.7 85.8 78.2 70.1 65.9 60.8 57.3 54.5 52.6 51.4 51.4 51.6 51.3 50.3 49.2 46.7 44.2 42.3 39.3 37.8 41.3 45.7 48.2 49.6 50.7 50.2 49.6 48.2 46.4 42 35.2 31.7 28.2 10.5 9.3 11 26.9 29.9 30.5 31 30.9 30.8 30.7 31.3 31 26.5 25.5 23.1 16.1 14.4 28 32 28.4 32.7 31.5 30.9 32 34.6 38.2
-1.2 -1.2 -1.2 -1.2 -1.2 -1.2 -1.2 14.4 36.4 50.7 56.5 59.5 62.5 64.9 67 69.3 71.8 78.5 86.1 96.9 103.7 110.6 105 102.8 104.6 102.5 93.9 85.8 79.8 69.2 65.1 61.3 58.2 54.8 53.4 52.6 52.5 52.4 52.1 51.7 49.6 49 46.6 44.3 42.7 40.7 36.2 42.9 48.3 51.1 51.2 50.8 49.6 46.2 42.5 37.5 34.9 31.3 27.7 17.9 8.4 8.8 26 29.5 30.4 30.8 30.9 30.2 30.2 29.8 25.8 11.7 12.8 12.4 13.3 27.4 32.3 34.2 35.4 36.2 34.8 34.8 34.1 35.8 36.9
-1.2 -1.2 -1.2 -1.2 -1.2 -1.2 -1.2 9.3 31.4 49.4 58.3 60.7 63.3 65.1 67.7 71.3 75.7 86.3 92 96.5 107.6 117.2 112.9 104.7 103.3 102.8 96 86 79.8 74 65.6 61.7 58.2 55.7 54 53.1 53 52.8 52.6 51.9 51.8 51.1 49 47 44.7 44.2 39.4 42.5 48.2 50.1 51.2 50.5 49.2 42.8 40.1 36.3 34 31.3 28.2 24.6 9.1 10.6 25.7 28.4 28.7 28.5 27.2 27.1 27.4 25.2 13.3 17.8 14.7 20.5 28.9 30.4 32.2 35.2 37.5 37.9 37.8 37.8 37 38.8 39.9
-1.2 -1.2 -1.2 -1.2 -1.2 -1.2 26.8 6.5 28.4 45.1 58.2 61.3 63.5 65.4 67.4 69.7 76.9 89.3 95.7 93.4 102.8 113.8 112 104.7 98.5 96.7 91.7 84.2 79.2 74.5 65.9 62.2 58.3 56.2 54.7 53.9 53.4 53.3 53.4 53.3 53.2 52.3 51.4 49.8 48.4 47.5 45.3 36.5 46.9 49 49.4 48 45.1 42.3 39.5 36.2 34.4 31.6 28.5 23.2 7.6 12.1 24.4 26 27.2 21.9 20.7 19.7 18.8 15.2 11 25 24.6 27.3 29.4 30.5 32.8 36.3 38.9 39.2 39.4 39.3 39.8 41 42.1
-1.2 -1.2 -1.2 16.9 27.2 27.3 27.4 17.7 27 43.6 56.6 59 62.1 64.9 66.8 68.7 74.6 83.3 93.8 88.5 89.4 103 110.2 105 99.5 91.2 86.4 78.4 77.7 72.5 65.3 61.3 58.1 55.9 55 54.3 54 54.1 54.2 54.2 54.3 53.9 53.3 52.6 51.4 49.8 47.9 42.7 33.5 46.8 45.3 43.2 43.1 41.2 38.6 35.9 33.5 29.6 25.7 18 5.6 17 21.4 21.5 9.4 7 7.4 8.4 9.7 9.3 15.6 24.6 25.6 27.7 29.5 30.9 32.6 36.3 38.7 38.6 39.5 41 42.1 42.5 43.3
-1.2 -1.2 18.6 39.8 49.2 46.1 43.9 29.4 29.9 44.9 55 58.9 61.7 63 64.9 66.6 69.3 76.4 83 84.4 81 93.7 100.8 100 98 95.1 78.5 73.8 73.4 70.1 65.5 60.2 58.2 56.1 55.3 54.8 54.4 53.9 54 54.7 55.8 55.8 55.9 55.3 53.5 51.4 48.7 44.3 29.9 37.9 37.6 39.5 40.6 39.8 36.1 32.5 31 23.1 14.9 13 4.6 5.8 8.9 7.1 5.7 12.2 15.3 11.7 7.9 11.7 24.8 24.8 25.7 27.2 29 31 32.6 36.2 38.3 38.8 39.1 40.5 41.7 42.7 42.6
-1.2 -1.2 37.9 55.7 55.7 54.4 51.6 44.2 34.7 52.8 56.5 59.5 62.1 63 63.1 64.2 66 69.8 73.8 76.2 75.8 81.1 88.4 89.3 89.8 85.6 77 69.4 66.7 66.1 61.3 59.5 58.4 56.8 55.7 54.8 54.7 54.5 54.4 55.9 56.5 57.5 57.6 57 55.2 53.1 49.7 44.4 34.7 15.1 32.9 35.2 37.7 39.3 35.5 24.2 9.6 5.4 2.8 3.1 3.4 6.1 7.4 13.2 22.8 25.7 25.2 17.5 23.5 24.2 26.9 27.7 27 27.9 28.5 30.1 32.6 35.8 37.8 38.5 39 39.9 41.2 42.2 42.2
-1.2 24.6 50.9 63.8 65.3 62.3 57.5 53.6 45.5 51.2 56.8 59.8 62.3 63.2 63.2 63.2 64 64.8 67.1 69.3 71 72.5 76.8 80.4 80.8 79.4 75.4 68.6 65.9 64 59.4 58 57.6 56.7 55.3 54.6 54.3 54.6 54.9 55.8 56.9 58.5 59.1 58.2 56.6 54.5 52.1 45.9 33.9 10 24.9 27.6 23.7 22.8 19.5 9.6 2.7 3.5 5.5 6.1 5.8 9.2 17 26.1 28.3 28.1 27.3 25.4 20.9 26.9 28.3 29.4 29.8 29.4 29 30.1 32.6 34.9 36.4 37.2 37.1 38.1 39.3 40.1 40.4
-1.2 46.9 64.5 79.6 75.1 71.2 67.3 61.3 55.2 51.7 57.2 60 62.4 63.3 63.1 63.1 62 62.3 63.1 64.7 66.1 67.1 73.5 72.5 73 75.3 74.3 67.7 64.1 59 57 56.5 56.7 56.2 54.9 54.3 53.6 53.8 54.9 55 56.8 58.1 59.3 59.4 58 56.8 55.7 48.6 31.5 4.2 4.8 2.8 1.3 1.2 1.1 0.9 1 1 1 1.1 1.3 1.8 4.8 12.5 19.5 25.5 27.4 26.4 22.8 26.9 29.6 30.3 30.3 30.5 29.6 30.8 32 33.6 35.3 34.7 34.8 36.1 37.6 39.6 40.4
