data/SH33.asc
ncols 200
nrows 200
xllcorner 230000
yllcorner 330000
cellsize 50
[rows 80 to 119 of 200, columns 0 to 88 of 200]
70.3 68.8 67.1 65 63.8 62.1 59.4 56.4 53 49.3 46.9 44.4 42.6 39.4 39.3 39.5 38.7 39.8 38.2 35.8 35.4 32.8 31.8 28.3 25.2 24.4 23.6 24 25 22.3 20 20 19.6 18 17.6 17.5 17.2 17 16.6 16.8 17.2 17.8 18.2 18.5 18.7 18.8 19.2 19.6 19.3 19.8 20 19.5 19.1 18.9 19.2 19.3 19.9 20.3 20.9 23.8 28 33.4 45.9 51.3 52 51.9 51.8 51.4 50.4 50.4 50.1 48.5 39.1 47.8 49.7 49.1 48.8 49 48.6 46.2 39.7 33.2 15.2 10.6 10.8 8.4 4.8 5.1 6.5
73.5 71.9 69.9 67.7 65.7 63.4 60.9 58.5 52.3 49.6 47.2 44.7 43.5 43.6 45 44.6 42 41.9 41.9 41 41 40.1 35.9 31.9 27.7 25.5 27 24.1 25.1 23.6 22.2 20.7 19.2 17.7 17.6 17.5 17.3 16.8 16.5 16.5 17 17.5 17.9 18 18 18.1 18.7 19.4 19.3 19.9 19.4 18.9 18.5 18 18.9 18.8 18.8 19.4 19.9 21.4 25.2 29 38.1 47.2 50 51.9 51.9 51.8 51.1 50.3 49.7 47.3 39.8 36.9 41.7 48.9 48.9 48.6 47.6 42.9 36.4 23.9 16.8 15.4 16.5 14.3 7.5 4.5 5.7
76.5 73.5 71 68.8 66.7 63.9 61.7 55.9 52.7 50.3 48.2 46.6 45.6 47.5 47.6 46.8 45.4 44.7 44.7 44.8 44.3 44.5 43.8 34 29.5 26.1 25.2 24.5 25.2 23.7 22.7 21 19.7 18.5 17.7 17.5 17.1 16.7 16.6 16.7 16.5 16.2 16.5 17.3 17.3 17.6 18.3 18.9 19.3 19.2 18.8 18.5 18.1 18.3 19.2 18.4 18 18.4 18.7 19.2 21 25.2 29.7 32.9 40 49.3 51.3 51.9 51.3 50.7 50.1 49.2 47.6 34.1 34.8 47.5 48.6 48.4 45 38.9 33.4 26.2 20.8 18.5 17.1 15 12.4 7.6 4.2
76.7 74.1 71.3 69.2 67.3 62.8 59.4 56.4 54.1 53 50.6 47.8 47.9 49.3 51 50.9 51.9 49.1 48.2 48.1 46.4 46.6 43.5 39 31.8 27.7 26.3 27.2 27.3 27.3 24.4 21.6 21.1 20.2 18.9 17.2 17 16.7 16.8 16.8 16.8 15.2 15.5 16.4 16.6 17.1 17.8 18.4 19 19 18.6 18.2 17.9 17.6 18 17.7 17.3 17.6 17.8 17.9 18.4 21.4 25 28.1 33.1 40.3 47.8 51.6 51.6 51.1 50.6 49.1 46 32.8 29.3 36.9 38.8 45 41.5 33.8 27 22.1 18.9 17.6 16.6 15.6 13.8 12 6.3
79.2 74.7 71.7 69.8 67.8 64 60.8 57.7 56.4 55.8 53.8 51.8 51.6 54.3 56.1 60.8 63.7 62.3 59.1 51.2 48.5 47.2 45.4 42.5 34.4 32.2 30.2 31.7 31.7 31.8 28.9 26.6 23.2 21.9 20.5 19.5 18.8 18 17.1 16.8 16.3 15.7 14.9 14.4 16 16.3 17.7 18 18.3 18.7 18.7 18.4 17.8 17.1 17 16.9 16.9 17.8 17.7 17.8 17.7 19.3 21.2 24.5 28.6 33.5 37.1 44.3 51.9 51.5 51 46.9 40.3 32.4 28.1 26.3 29 39.9 37.5 31.9 25.2 20.7 17.7 16.6 15.6 14.5 13.8 13.5 8.4
81.6 76.6 72.6 70.5 68.4 65.6 62.3 59.1 59.8 59.7 56.6 54.7 56.4 61.1 65.7 72.6 74.2 73 70.3 65.2 53.6 50.3 48.3 44.5 40.1 37 35.5 35.4 35 34.9 34.2 33.2 29.8 25.2 22.2 20.6 20.2 20.5 19.7 18.8 16.8 15.7 14.9 14.3 15.2 16.8 17.1 17.4 17.7 18 18.5 18.5 17.8 18 16.9 16.3 16.7 17.7 17.9 17.8 17.6 17.6 19.8 21.9 25.2 30.7 33.4 38.4 49.2 51.8 51.8 50.3 48 41.1 29.4 25 24.4 30.1 34.2 30.1 23.9 19.4 16.6 15.4 14.3 13.7 13.3 13.2 13.4
83.3 82 80.4 74.6 71.3 67.6 63.8 62.4 62.5 61.7 58.3 57.7 61.6 66.6 71.7 79.8 82.6 77.7 75.4 68.4 58.7 55.1 51.6 48.8 45.5 46.3 43.1 42.3 41.1 40.9 38.8 37.4 34.4 30.4 26.9 22.5 21.2 21.4 21.6 19.9 18 16.2 14.8 14.3 15.4 16.6 16.9 17 17.2 17.4 17.8 18.4 18.2 18.3 17.2 16.2 16.4 17.5 18.1 18.4 17.7 17.5 18.7 21.5 23.6 27.7 31.1 35.9 44.5 50.9 50.5 46.3 38.6 32.1 28.2 23.7 21.9 22.9 27 26.4 22.6 18.2 15.9 14.1 13.6 13.2 12.7 12.5 12.5
87.2 86.3 83.5 79.4 74.1 68.4 65.2 66.8 65.8 63.5 60.6 61 65.3 69.8 75.6 82.5 85.8 83.4 78.6 66.1 62.3 58.3 55 51.6 50.8 50.7 49.8 47.4 46.4 45.9 43.5 39.8 38.8 37.7 32.7 27.7 24 21.8 21.7 21 19.3 17.4 15.8 14.5 14.7 16.2 16.7 17 17.2 17.3 17.3 18 17.8 17.8 17 17.5 18 16.6 17.8 18 18.1 17.6 19.2 21 22.8 26.6 31.6 37.2 47 50.9 51.6 50.2 39.1 29.8 25.8 23.4 20.8 20.1 21.2 23.4 20.7 17.6 16 14.4 13.7 13.3 13 12.2 9.9
89 88.1 85.1 80.1 74.7 68.7 68.9 70.9 69.4 67.1 63.4 65.8 68.9 72.9 79.3 83.7 86.6 84.2 71.4 67.5 63.8 60.6 57.5 54 52.2 52.1 52.1 50.4 48.9 49.3 48 45 42.2 40.7 39 33.1 27.4 24.6 21.8 21.1 19.7 19.2 18.4 17 14 15.5 16.4 16.9 17 17 17.1 17.3 17.2 17.4 17.7 18.2 18.3 16 16.5 16.8 17 17.5 17.5 19.6 22.1 27.1 33.6 42.6 49.8 50.8 51.3 50.8 42.2 32.7 29.7 24.9 21.2 17.8 17.8 17.4 17 15.8 14.7 13.5 13.2 13.4 13.6 12.4 10.3
88.8 87 84.4 79.7 73.5 69.3 72.3 73.5 72.3 70.1 66.8 67.9 70.9 74.8 78.5 81.1 83.3 77.9 72.8 68 65.1 62 59.4 56.1 54 54.5 53.1 51 50.4 51.2 51.5 50.6 48.1 44.6 40.9 37.4 33.5 27.8 23.9 21.6 19.9 19.2 19.6 19.2 17.6 14.2 15.7 16 16.7 16.4 16.4 16.4 16.6 16.9 17.3 17.7 17 16.2 16 16 17.2 17.4 17.4 19.2 22 27.3 38.1 49.7 51.6 49.9 50.1 48.7 38.6 32.4 29.7 26.9 21 18.1 16 15.8 15.7 15.1 13.5 13 12.5 12.7 12.9 12.8 10.8
87 84.7 81.6 77 72.9 71.1 73.7 75 73.9 72.4 70 69.8 72.5 75 78 80.9 80.8 79.5 74.2 68.9 66 63.6 61 58.2 55.2 54.4 53 52 51.5 51.7 51.8 51.6 51.4 49.9 48.9 45.1 40.9 36.1 30.5 25.4 20.6 19.3 19.7 20.2 19.4 17.3 14.3 15 16.3 16.3 16 15.8 16.2 16.5 16.9 17.2 16.8 17.2 17.6 17 17.2 17.3 17.4 18.7 22.3 29.5 39.6 49.4 51.6 42.2 36.6 32.4 29.5 27.3 25.5 22.9 21.3 18.4 15.9 14.8 14.7 13.8 13 12.4 11.9 12 12.3 12.7 11.1
84.8 82 78.7 74.9 72 73.2 75.2 75 74.7 72.8 72.2 72.7 74.5 75.9 78.4 81.1 82.7 84 84.8 74.7 66.4 64.2 61.7 58.9 56.1 54 52.8 51.9 51.7 51.9 52.2 52 51.7 51 50.3 49.9 49.1 44.3 39.6 31.9 24.7 20.6 20 20.3 19.8 17.9 14.4 14.2 15.4 16.3 16 15.3 15.7 16.1 16.5 17.2 18 18.4 18.4 16.6 16 16.5 17 18.8 22 25.7 35.2 46.9 51.9 49 38.7 32.8 27.2 24.4 23 21.1 20.5 18.7 16.2 13.8 13.7 13.1 12.4 11.9 11.4 11.2 11.6 11.9 11.5
83.2 80.1 78.2 73.9 73.1 75.1 77.1 77 76.1 75 74.8 74.9 76.5 77.6 80 82.2 83.3 85.2 88.4 85.9 71.7 64.6 62.3 59.8 57 53.8 52.6 52 51.8 52.1 52.3 52.3 52 51.5 50.8 50.4 50.3 49.3 48.3 36.8 29.2 22.1 20.7 20.2 19.4 18.5 16 14.3 13.8 15.1 15.2 15 15.5 15.9 16.4 17.8 19 18.7 17 15.6 15.8 16.3 16.8 18.7 21.9 26.1 35.5 46.5 51.9 51.1 40 31.6 28.3 25.4 22.3 20.4 18.7 18.9 17.5 14.1 12.1 11.8 11.9 11.4 11 10.5 10.3 10.7 10.7
82.6 80.7 78 74.4 75.1 77.5 79.4 79.3 78.2 76.8 76.5 76.1 77.1 78.1 80.1 81.2 83.4 85.5 88.3 86.5 78.4 66.6 62.6 60.2 57.8 54.7 52.5 52.1 51.9 51.8 51.6 52.2 52.2 51.8 51.3 50.9 50.5 50 49.9 40.6 30.1 28.8 22.3 19.8 18.9 18.5 17.5 15.7 14 13.4 14 14.3 15.2 15.7 17 18.4 19.2 16.9 15.4 16.3 16.3 16.4 17.1 18.3 21 26.2 35.1 43.1 50 48.2 37.2 30.5 29 26 22.9 20.1 18.3 17.3 16.7 13.2 11.4 11.3 11 11 10.6 10.2 9.3 9.4 9.2
82.2 80.2 76.7 75.5 76.3 79.7 81.8 81 79.5 78.1 77.7 76.5 77.3 78 79.1 80.7 82.9 84.1 85.1 85 83 66.7 62.9 60.4 57 53.9 52.3 51.2 50.4 50.2 50.6 51.8 51.7 51.6 51.6 51.2 50.6 50.5 50.4 46.9 32.7 31.1 24.5 19.9 18.8 18.6 18.4 18.3 16 14.7 13.9 12.8 14 15.4 15.4 16.5 17.4 15.1 15.4 15.9 16.5 16.9 17.3 18.4 20.8 24.8 31.1 39.2 48.4 51.7 38 29.8 26 25.3 22.5 20.3 18.5 16.6 14.6 12.8 11.2 10.3 10 9.9 10 9.8 9 8.1 8.2
81.1 79.3 77.9 77.1 80.9 82.8 84 82.8 81.3 79 77.8 76.8 77 77.8 78.5 79.8 81.3 82.8 82.4 80.4 79.4 66.9 63.1 60.7 56.9 53.6 51.1 49.8 47.7 48 49.4 51.3 51.2 51.2 51.2 50.9 50.4 50.2 50.7 50.6 41.4 32.5 26.2 21.8 19.2 18.8 18.7 18.8 18.9 16.9 15.7 13.3 13.9 15 15.1 15.1 15.6 15 15.3 15.8 16.3 16.8 17.7 18.7 20.5 23.7 30 38.8 46.9 50.8 39.6 30.4 25.6 22.2 20.5 21.3 19.5 17.2 15 12.9 11.4 10.4 9.1 8.8 9 9.1 8.7 7.7 7.7
80.6 79.5 78.2 79.4 84.8 86.3 85.9 84.2 81.8 79.8 78.6 77.4 77 77.7 78.5 79.3 80.4 81.5 80.1 77.2 72.9 66.9 61.3 59 55.9 53.4 49.8 47.4 45.3 43.7 44.9 48.4 51.3 50.6 50.9 50.4 50.3 50.2 50.1 50.3 49.2 36.3 29.3 22.4 19.9 19.8 19.4 19 18.8 18.8 16.7 14.8 13 14.4 14.8 14.9 15 15 15.1 15.6 16.2 16.9 17.8 19 20.4 23.6 28 37.2 48.2 48.7 38.8 28.9 23.9 21.1 19.3 18.5 18.7 16.2 14.8 12.9 11.6 11.1 9.4 7.8 7.9 8.1 8 7.4 7.3
81.5 80.2 78.8 84 87.7 89.9 89.4 86.1 82.9 80.7 79.4 78.2 77 77.7 78.6 79.5 80.5 79.7 77.7 75.2 70.4 65.3 66.1 64 60.5 58.2 53.4 49.4 49.7 46.6 40.9 42.2 49 50.7 50.5 50.6 50.7 50.5 48.7 49.1 49.8 43.5 30.5 23.5 21 20.8 20.4 20 19.5 19.1 17.9 16 14.6 12.7 13.3 14.1 14.4 14.7 14.9 15.6 16.4 17.1 18 19.2 20.8 24.2 29.4 42.7 51.1 47.5 36.7 28.3 24.3 21.8 19.6 18.1 16.6 14.7 14.2 12.7 11.4 10.8 9.4 7.8 7.6 7.3 7.3 7 6.9
81.7 80.9 80.5 85.8 87.9 89.9 89.5 87 84 81.7 80.9 79.1 78.2 77.8 77.8 79.4 80.6 79.4 75.9 72.7 68.5 69.9 70 69.1 66.7 64.8 59.4 54.7 52.3 51.1 46.7 41.1 41.6 50.3 50.9 51 51.1 50.4 48.1 45.3 47 48.2 33.7 25.3 22.2 21.7 21 20.3 19.7 19 18.7 17.2 15.2 12.5 13.5 13.3 13.5 13.9 15.1 15.8 16.5 17.2 18.3 20.3 22.6 25.1 32.8 46.3 51.4 47.9 38.1 30.6 28.2 26.3 22.9 20.4 18.6 16 13.5 11.6 10.3 9.7 8.5 7.3 6.9 6.8 6.6 6.1 5.5
80.4 80.1 82.5 86.2 88 89.7 89.8 87.2 84.6 82.3 82.4 82.1 79.1 78.2 77.6 78.4 79.9 78.9 74.4 70.4 72.2 73 72.8 75.5 77.7 75.7 67 58.2 53.8 52.3 50.9 44 37.8 43.3 50.4 51 51.5 50.5 49.3 47.5 39.9 36.1 30.7 26 22.8 21.9 21 20.1 19.4 18.8 18.5 18.5 15.5 15 13.5 12.3 13 14.3 15.3 16 16.7 17.4 20.5 21.3 24.2 27.9 35.4 46.8 50.2 46.9 38.2 37.4 36.3 32.3 27.3 23 18.2 16.1 13.3 11.1 9.4 8.6 7.6 6.8 6.3 6.2 6.1 5.7 5
81.1 79.3 83.5 85.7 87.7 89.5 89.7 85.6 83.9 83.2 82.9 82.1 80.7 78.1 77.7 78.5 79.2 78.4 72.7 74 74.8 75.5 75.7 78.5 81.2 84 77.1 62.2 54.4 52.8 49.5 43 37.3 37.8 42.6 49.6 51.1 50.9 50.5 49.3 45.2 36.6 30.9 26.8 23.5 22.5 21.5 20.3 19.1 18.6 18.5 18.8 16.6 14.9 14.1 12.9 13.5 14.4 15.5 16.2 16.9 18.6 20.6 21.7 26.5 32.8 41.2 48.3 48.3 46.3 45.8 44.5 41.9 33.9 26.4 21.5 16.9 13.8 13 10.7 9 7.8 6.7 6.2 5.8 5.6 5.5 5.3 4.6
79.7 79 82.1 84.5 86.4 88.4 86.9 84.6 84.6 84.1 83.5 82.4 81.2 78.8 77.3 77.9 77.8 75.5 76.7 77.1 76 76.6 77.3 80.8 83.4 86.3 82.4 67.9 55.3 52.8 50.1 42.8 36.9 35.4 37 45.6 50.4 50.8 50.9 50.3 48.7 44.3 35.4 28.7 23.9 21.9 20.4 19.2 18.1 18.2 18.4 19 18.1 15.4 13.9 11.9 12.9 15.1 15.6 16.3 17 18.9 20.7 24.8 31.4 42.4 46.9 48.7 48.6 46.3 44.9 43 37.2 30.3 23.8 19.3 16.1 14.1 12.5 10.3 8.7 7.6 6.8 6.2 6 5.8 5 4.8 4.8
78.2 78.2 81.5 83.3 84.7 86.3 85.5 84.3 83.9 83.5 83.5 83.1 81.7 79 76.6 76.1 75.6 76.9 79.4 79 77.4 77.6 77.8 81.4 85.2 85.3 80.9 65.8 56.2 53 49.4 42.5 51.1 42.2 34.3 37.1 49.7 50 50.5 50.8 49.6 47.2 37.5 29.7 24.8 22.4 20.3 18.3 17.7 18 18.3 18.7 18.4 16.4 14 11.3 12.5 15 15.5 16.3 17.6 20.1 25 30.1 38.7 47.7 47.5 47.1 46.3 45 42.2 38.4 32.9 26.7 22.9 20.3 17.3 16.2 14.6 11.8 8.6 7.6 7.1 6.7 7.6 7.8 6.9 5.8 6.1
76.4 77.6 80.7 81.9 83.2 83.9 83.8 83.3 83.4 84.2 83.8 82.5 80.8 78.2 75.9 75.4 76.3 77.6 78.3 77.5 77.5 78.1 78 81.4 85.7 83.3 76.3 64.6 56.8 52.9 49 44.3 52.9 51 38.7 32.5 37.9 48.8 49.4 50.3 50.2 44.4 37.7 31 25.8 22.3 19.9 18.1 17.7 17.8 18 18.3 18.7 17.3 14.5 11.8 10.1 13 15.7 16.9 19.7 25.2 29.6 40.5 47.6 46.9 46.3 44.9 44.3 42.5 39.4 35.1 30 27.2 24.7 22.1 19.2 18.1 16.8 13.4 10 7.9 7 7 8.1 9.5 8.7 7.6 6.1
76.5 80.4 82.7 83.3 83.9 84.1 84.4 84.4 84.8 84.7 83.5 82.4 80.1 77.6 75.8 76.3 77.5 78 77.9 76.9 76.3 76.9 77.7 79.5 81.9 81.9 69.3 61.1 57.3 53.7 50.1 47.7 52.5 52.8 42.8 33 31.6 36.4 49.1 50 49.9 47.1 40 34.4 27.3 22.1 19.3 18.1 17.7 17.9 18 18.1 18.9 17.9 15.6 13.4 11.1 13.1 15.6 18.3 23.3 29.7 42.4 49.2 49.7 47 44.2 43 42.9 42.2 39 33.8 29.2 27 25.2 23.4 21.1 20.1 18.2 13.9 10.2 8.7 8.2 8 9.8 10.4 10.2 8.6 6.5
77.6 82.3 84.1 84.7 85.5 85.8 85.5 85.7 86.2 86.2 83.3 81 79.1 76.9 77.3 78.1 78.3 78.4 78.2 77.2 76 75.4 76.1 75.4 75.5 73.6 63.9 60.3 56.8 53.7 50.5 50 52.1 52.8 47.7 36 29.4 31.8 38.8 49.3 49.6 48.6 43.8 37.4 30.1 23.1 19 18.2 17.8 17.9 18 18.1 18.4 17.7 15.6 13.3 11.3 10.3 14.5 18.9 25.5 35.9 50.3 51.1 49.4 45.9 42.6 40.4 40.1 39.6 38.9 32.1 29.1 26.3 25.6 25.3 23.2 21 18 13.8 11.7 11.1 10.6 9.4 10.8 11.4 11.7 9.6 5.6
79.5 83.5 85.5 86.2 87.1 87.6 87.3 86.9 86.2 85.2 82.1 79.7 78.6 77.9 79 79.2 79.3 79.2 78.4 77.1 75.8 74.1 72.6 71.4 68.8 65.3 61.8 59 56.5 53.5 50.4 50.3 51.8 52.3 52.2 40.3 31.3 27.7 31.2 40.8 47.2 48.8 46.9 38.7 31 23.9 18.8 18.4 17.9 17.9 18 18 18.2 17.3 15.5 13.1 11.1 9.4 12.9 19.5 26.2 38.6 50.3 50.4 49.5 46.8 45 42.9 42.5 37.1 32.1 29.9 27.7 26 26.1 26 26.2 23.5 20.8 16.5 14.1 12.9 11.8 10.8 11.5 11.7 11 7.8 4.1
83.2 84.7 86.9 87.8 88.8 89.5 89.1 88.4 85.8 84.7 81.7 79.7 78.3 79.3 79.7 80.2 79.9 79.4 78.7 77.4 75.1 72.7 70.2 67.8 65.2 63 60 58 55.8 53.1 49.8 51.2 52.3 51.4 51 43.4 34.4 27.9 26.7 29.1 34.5 42.5 46.7 39.7 31.7 23.9 19.1 18.6 18.2 18.1 18.1 17.7 17.9 16.4 14.7 13.9 12.6 9.4 12.2 18.2 26.2 37.9 50.3 50.8 51.1 50.3 47.4 44.7 43.1 40.6 33.9 28.4 26 25.7 25.8 27.3 27.8 27.5 26.4 22.1 15.4 13.4 11.8 11.5 10.6 10.3 9.3 5.1 8.3
86.4 88.6 89.3 89.5 90.4 91.3 90.9 89.6 87.7 84.5 81.4 79.9 79.2 79.8 80.4 80.3 79.6 79 78.1 76 73.7 71.4 68.4 65.3 63.9 61.1 58.3 56.9 55.1 52.7 50.9 52.2 52.6 51.9 50.4 44.8 36.1 31 26.9 24.1 25.6 30.8 36.8 34.6 28.5 24 19.6 18.7 18.6 18.6 18.1 17.2 17.1 15.1 14.3 13.6 12.9 10.3 9.8 16.7 22.6 29.7 40.5 49.3 51.5 51.2 48.8 44.7 41.3 39.2 34.4 26.5 25 24.9 25.6 28.3 29.1 28 25.2 19.9 15.5 13.7 11.8 10.9 10 9.1 7.1 7.7 9.1
90.3 91.8 92.1 92.5 92.9 93.5 92.8 90.9 88.9 86.9 82.9 81.7 80.8 80.3 81 80 79.1 77.7 76.3 74.3 72.3 70.3 69.3 68.2 66.4 62.2 57.4 55.9 54.3 52.5 51.8 52.4 53.2 52.5 51.8 47.2 40.3 37.4 34.2 28.5 22.9 23.6 26.5 25.9 22.7 21.5 19.2 18.5 18.9 18.5 17.6 16.6 16.1 15.2 14.6 13.8 12.9 10.7 9.8 15.8 20.3 26.5 40.6 50.7 50.9 51 48.5 45.1 38.1 31.6 27.5 23.9 22.3 23.8 26.1 29.3 30.5 26.1 20.9 16.4 13.9 12.4 11.8 10.7 9.7 8.9 8.9 9.5 10.1
93.9 94.7 95.4 96 96.6 96.1 94.8 92.6 90.6 88.7 85.7 84.4 82.7 81.1 80.9 81 80.3 79.7 78.4 76.4 74.9 73.8 72.6 70.2 66.9 63.1 56.9 55.1 53.5 52.8 52 52.4 53 52.7 52.1 50.8 49.9 47.1 38.9 30.6 24.7 20.6 20.5 18 17.7 16.8 16.6 16 17 17.4 16.7 16.5 16.2 15.1 15 14.2 12.2 9.4 10.2 14.1 18.8 26 37.3 50.4 51.4 50.6 47.9 41.9 34.9 28.9 24.2 21.2 20.2 22.7 26.2 27.4 28 22.4 16.8 14.2 13.3 12.7 12.1 11.1 9.7 9.2 10.1 10.7 10.1
97.5 98.4 99.1 99.7 100.3 98.8 97.5 94.8 92.5 90.4 86.6 86.5 83.8 82.8 83.7 83.7 83.2 81.9 80.4 78.7 77.1 75.4 75.2 72.7 68.3 63.1 57.3 55.6 53.4 52.5 51.6 52.1 52.7 52.8 52.2 51 51.4 49.2 37.7 28.4 22.4 20.5 21.7 22.5 21.4 20.8 18.4 17.3 15.3 16.1 16.7 15.9 15.2 15.1 15.4 13.7 11.5 8.7 9.3 14.1 17.5 24.4 34.6 48.5 51.1 48.5 44.7 36.8 27.3 24.2 20 18.6 17.2 19.5 23.3 24.9 24.1 19.3 15 13.4 12.8 12.3 11.8 11.2 11 11.4 11.6 11.9 11.3
101.5 102.1 102.8 103.4 103.1 101.4 100.3 97.5 94.7 91.7 90.5 89.7 87.1 85.4 86.2 87.2 85.5 83.5 81.5 78.8 77.2 76.3 74.9 73.4 68.3 64 58.3 55.9 53.5 52.3 51.3 51.7 52.3 52.8 52.3 51.8 49.6 42.4 33.8 26.3 21.7 24.4 25 26.1 25.1 22.6 19.9 17.8 16 14.6 16.2 16 15.6 15.8 15.5 14 12.5 11.1 9.1 13 16.6 22.8 33.1 49.3 48.6 42.2 38 32.3 25.6 18.6 17.1 16 15.3 16.5 20.3 21.7 21 17.2 13.8 13 12.4 11.9 11.6 11.2 11.8 12.2 12.6 12.6 12.2
105.4 105.9 106.5 107.1 106.7 105.5 103.2 100.6 97.7 94.1 92.6 91.7 90 88 88.7 90.2 88.8 85.3 82.4 79.4 77.6 76.1 74.7 73.5 70.7 67 60.9 56.9 53.8 52.2 51 51.5 51.9 52.4 52.4 51.3 45.4 37 31.1 25.6 23.1 28.4 29.6 29.4 29.3 25.3 22.1 18.6 16.2 15.5 14.2 15.6 15.4 15.1 14.8 14.1 13.1 11.7 7.8 11.7 16.1 20.6 28.9 39.3 41.7 38.5 31.1 26.3 20.6 17.4 15.1 13.7 14 14.3 15.6 19 18.3 15.6 13.2 12.4 12.3 12.1 11.7 11.7 12.5 12.5 12.5 12.5 12.5
109.8 110.4 111.4 112.2 113.6 114.1 109.8 103.9 100.9 97.1 94.1 93.6 91.9 91 93 96 97.6 90.4 84.1 80.3 78.2 76.7 75.1 75.1 72.5 69.2 64 58.1 55 52.5 50.5 51 52.2 52.5 52.3 50.9 43.4 35.3 29.5 25.2 22.6 34.4 37.4 38.1 35.9 29.1 23.3 19.4 16.6 14.7 13 13.8 14.8 14.8 14.8 13.6 12.3 9.8 7.5 11.3 15.7 19.4 26 37.2 41.8 35.4 27.1 21.2 17.7 15 13.1 12.1 11.3 11.9 13.9 15.7 16.5 14 12.7 12.8 12.6 12.3 11.9 12.4 12.5 12.5 12.4 12.4 12.4
114 115.9 116.5 117.4 118.8 119.5 118.1 113 104.9 100.9 96.7 95.5 94.1 94.2 96.6 101 100.1 94.1 88 81.4 78.6 77.1 75.8 75.5 73.1 71 69.9 62.4 56 53.1 50.7 50.2 51.7 52.2 51.9 50.2 42.3 34.5 28.6 24.8 28.1 39.9 40.7 39 34.7 27.5 22.9 19.5 17 15.9 14.1 12.5 14.6 14.7 14.7 13.5 12.3 11.1 7.8 11.3 15.2 18.6 26.3 42.7 42.1 30.3 23.5 19.5 16.5 14.3 11.9 10.9 10.6 9.2 9.5 13.2 13.8 13.8 12.9 13.2 12.8 12.4 12.1 12.7 12.7 12.5 12.5 12.4 12.4
119.9 121 121.4 122.7 123.3 123.5 121 116.2 108.8 104.2 99.7 97 96.3 97.3 98.3 103.4 101.4 94 88 82 79.1 77.5 76.7 76.2 74 71.3 70.5 62.6 57.3 53.2 50.5 48.4 51.3 51.9 48.1 46.8 39 32.6 28.1 24.2 30.1 41 40.1 38.1 32.3 27 22.8 19.6 17.3 16.3 15.2 11.7 14.3 14.5 14.5 13.3 12.1 10.9 7.9 12.5 15.3 18.2 28.3 44.4 39.1 28.7 21.8 18 15.1 13.1 11.7 11.8 11.8 11.1 8.2 11.1 12.6 13.1 13 13 12.9 12.5 12.7 12.8 12.9 12.5 12.5 12.5 12.4
127.3 127.3 126.1 125.8 126.2 124.9 122.8 117.2 111.1 106.9 102.5 100.4 98.3 96.9 99.1 101.3 101.1 94.2 88.1 83.3 79.7 78.7 79 78.4 75.4 71.4 68.5 63.2 58 53.1 50.3 47.6 48.6 50.5 45.3 39.7 35 31 27.2 25.8 33.1 41.7 38.6 36.4 31.5 26.7 22.1 19.3 17.4 17.2 15.8 13 12.5 14.9 14.3 13.1 11.3 7.1 10 13.3 15.8 19.5 32.2 41.7 34.6 26.7 20.7 17.8 15 12.8 12.7 12.6 12.5 10.3 7.6 9.7 13.9 13.1 12.8 12.9 12.9 12.6 12.8 12.9 13 12.7 12.5 12.5 12.5
135.4 132.7 131.4 130 129.4 127.4 124.3 118.6 113.3 108.8 104.8 102.3 100.3 98.3 98.2 99.2 100.1 92.5 87.8 82.7 80.1 80.6 80.7 80.7 76.7 71.2 67.3 63.3 58.5 53.3 49.7 46.7 45.6 45.5 41.7 36.9 32.8 29.4 27.2 28.6 37.5 40.4 38 34.7 30.7 27 22.1 19.1 17.4 16.6 15.8 13.7 10.2 13.8 14.5 11 8.4 8.8 12 14 16.4 22.7 36.1 42.7 34.4 25.2 21.6 18.2 15.7 13.6 13.1 13 12.9 11.5 8.6 6.8 9.4 9.3 11.7 12.6 12.7 12.9 12.9 13 13.1 13 12.5 12.5 12.5
143 138.3 135.1 133.7 132.6 130.6 126.2 120.4 115.9 110.5 106.9 104.1 102.1 99.6 97.1 96.5 95.9 91 86.5 81.7 81.5 83.1 80.5 79.8 77.9 71.6 68.2 64 57.4 52.7 49.2 46.4 44.3 42.9 39.7 35.3 32.1 29.6 27.3 30.9 40.5 40.1 37 33.8 29.4 26.2 22.8 19.5 17.4 16.4 15.5 14.5 10.1 13.5 14.5 10.6 6.5 9.9 12.1 13.9 16.8 23.8 40.8 35.8 28.9 24 21.6 19.1 16.7 14.9 13.7 13.6 13.4 11.9 10.5 10.3 9.2 8.7 5.4 9.8 12 12.8 13.1 13.2 13.2 13.2 12.5 12.7 12.8
