data/SH54.asc
ncols 200
nrows 200
xllcorner 250000
yllcorner 340000
cellsize 50
[rows 140 to 174 of 200, columns 79 to 157 of 200]
140.8 147.4 150.1 144.4 148.9 153.6 157.5 161.4 165.8 170 175.2 179.9 182.5 183.8 185.1 186.7 187.8 187.7 190 193.2 197.1 197.4 196.3 196.6 196 195.9 197.5 198.6 200 201.6 202 202 203.1 205.3 207.1 208.3 210.2 211.9 211.7 209.9 208.7 215.9 219.2 218.9 213.8 213.9 224.1 228.6 229.1 233.8 237.3 253.2 257.7 261 265.3 285.4 303.2 330.2 351.5 348.8 344.3 332.3 323.4 319.2 311.9 303.1 294 283.6 278.3 270.7 265.2 260.3 255.4 254.4 254.1 249 245 238.8 229.4
147.2 148.9 149 151.2 152.8 157 162.5 166.1 170.4 175.7 179.4 182.9 185.7 187.2 188.3 189.1 188.9 189.4 191.2 195.2 198 197.4 196.6 196.3 195.9 196 197.6 198.6 200 201.6 202.6 202.9 205.9 208.7 211.6 215.1 218.4 221.1 218.1 216.5 214.4 215.2 224 225.3 219.2 216.8 222.6 224.7 228.2 231.4 235.1 245.6 255.6 261.5 266.4 276.4 294 312 323.9 343.8 340.2 326.6 318.9 310.5 300.7 293.6 286.3 278.8 272.9 265.2 256.8 253.3 250 251.4 251.7 246.8 243 233.3 227.1
143.9 153.9 154.8 156.8 160.6 163.2 167.2 171 175 178.7 182 185.5 188.9 190.3 190.7 190.1 189.4 190.4 192 196.7 197.8 197.1 196.3 195.9 195.8 196.3 197.3 198.9 199.8 201.4 203.2 204.5 208 211.4 216.3 220.5 222.9 225.4 223.3 222.1 219.9 219.9 224 225.5 221.6 217.7 220.3 224.7 228.5 232.4 239.1 253.6 265.1 272.5 272.1 278.2 284.6 299 322.8 344.2 332.5 321.4 311.3 303.3 293.2 285.3 277.6 271 265.9 259.7 253.9 246.6 245.6 244.8 245.3 244.2 238.6 233.9 229.4
146.8 154.4 157.7 160 163.6 166.5 170.4 174.2 178.2 182.7 186.7 189.3 190.9 191.6 191 190 189.2 190.8 192.6 196.1 197.6 197 196 195.6 196.1 196.5 196.6 197.3 198.9 200.4 201.8 204.7 207.5 210.3 215.3 219.1 220.9 222.6 224.3 224 223.1 222.8 224.7 223.3 215.8 214.4 218.6 225.5 229 235.7 243.1 260.6 272.7 279.6 283 283.2 288.2 302.6 326 342.2 331.9 321.1 307.9 295.9 286.6 279.6 271.6 266.7 262 255.8 250.4 244.2 240.9 243.2 244.8 246.2 237.8 232.9 230.4
147.8 154.8 157.5 161 164.8 169.1 173 176.8 181.7 185.6 189 191.2 192.6 192.2 190.7 189.1 188.4 190 192.2 195.5 197 196.8 196.3 195.5 195.7 195.6 195.4 196.1 196.7 197.8 200.3 203.2 206 209.3 212.5 217.8 219.7 222.5 224.2 223.4 222.1 220.9 220.8 217 213 212.8 217.9 222.4 226.7 234.1 242.8 262.9 278.2 286.8 291.2 286.9 294.7 317.5 339.5 337.5 327.5 317.1 302.5 290.1 283 275.8 269.9 264.7 258.9 253.1 247.9 241.3 236.8 239.3 239.7 240.9 235 226.5 221.8
138.6 151.2 157.9 161.5 166.3 171.2 176 180.2 184.3 187.9 190.3 192.2 192.2 191.2 189.4 187.7 187.2 188.5 190.4 193.8 195.6 195.2 194.4 193.5 193.2 193 193.1 194.2 194.4 194.7 194.6 199.3 204.3 207.3 210.2 215.8 218.2 221.7 222.1 222.4 220.7 217.8 214.9 211.8 211.1 210.8 211.8 218.7 224.6 230.4 244.6 262.9 282.3 291.8 298.9 295.7 304 336.5 353.1 339.1 323.2 315.4 300.7 288.8 280.4 273.8 268.3 262.1 256 250.1 245.1 237.1 235.3 233 234.1 235.2 230.3 223.9 217
133.2 142.9 157.5 162.9 168 173 178.3 182.7 186.2 189.4 191.4 192.1 191.5 189.7 188 186.2 185 186.5 188.2 190.6 192.4 192.2 191.4 190.1 189.5 189.4 189.3 189.6 190.2 190 190.7 192.4 201.6 205 207.7 210 215.5 217.3 219.6 221.7 220.1 215.4 213 210.9 210.3 210.1 210.3 212.4 220.4 228.2 242.6 260.6 275.4 299 307 307.8 312.4 347.2 350.2 338.9 324.5 309.8 301.2 286.7 279.3 271.1 263.5 258.2 251.9 246.4 241.7 232.7 228.1 224.3 224.3 227 224.7 220.4 216
133.4 140.4 153 162.3 167.7 172.9 180.5 184.3 187.6 189.7 190.5 190.6 188.5 186.4 184.8 183.3 182.4 183.5 184.6 186.6 188.1 188.8 187.1 185.8 184.6 183.8 183.9 184.1 184.9 185.7 186.5 188.6 195.4 203 205.1 207.3 212.5 214.9 216.4 218 218.2 213.8 211.9 210 209.5 209.6 209.7 211.2 217.7 229.6 242.1 259.1 278.4 309.2 322.4 319.1 320.2 340.2 344.6 335.1 323.1 308.5 299.9 284.7 273.9 265.7 259.3 253.1 247 241.7 236.7 228.3 223.8 222.7 221 218.5 218.9 218.4 215.4
134.7 140 147.2 156.5 165.7 172 183 185.2 186.7 187.9 188.6 187.4 185.6 183.4 181.4 180.1 179.8 180.6 181.4 180.7 181.2 182 183.4 182.1 181.2 180.5 180.6 182.5 186 189.6 189.6 189.9 190.1 199.1 203.6 205.6 207.7 211.3 212.7 213.1 215.1 212.8 211.1 209.8 209 208.8 208.9 209.8 213.1 228 242.2 258.8 276.4 310.2 327 330.4 323.2 326.9 326.6 321.9 313.4 304.7 295.2 282.8 273.8 266.1 255.2 248.3 240.8 235.1 230.1 224.7 222 219.6 217.8 216.1 212.6 209 211.5
139.7 142.2 147.3 155.9 163.8 170.2 178 181.5 183.5 184.1 183.5 182.1 180.5 179 177.9 177.3 176.6 176.8 176.3 175.9 177.2 179 179.4 179.2 179.3 179.5 184 186.9 189.1 192.6 192.9 192.4 191.1 193.6 202.5 202.8 203.5 207.8 209.1 210.2 211.5 212.7 211 209.6 208.9 208.5 208.5 209.1 211.6 230.9 248.3 263.9 276.9 302.2 326.4 336 327.4 319.8 311.8 307.4 301.2 295 290.2 278.7 272.3 263.1 252.4 243.9 236.6 229.8 223.7 220.7 218.9 216.1 216 216 209.5 203.9 204.2
144.9 147.7 151.3 158 164 167.9 172.6 176.4 176.8 178.6 178.3 176.9 175.4 175.3 175.2 174.7 173.9 173.6 173.9 173.8 175.6 175.1 176.8 176.7 176.8 184.8 192.9 192.6 193.3 195.2 196.1 195.3 194.3 192.7 195.1 199 200.6 205.3 207 210.2 211.1 213.1 211.4 209.3 208.6 208.5 208.5 208.5 211.6 231.3 254.9 269.8 281.3 297.1 315 331.6 329.7 319.3 310.6 300.3 292.6 287.5 282.3 274.2 266.8 259.5 252.2 238.8 233 223.6 219.4 216.5 214.3 211 209.6 208.2 204 199 197.2
148.6 150.7 153.6 158.3 162.6 165.1 167.1 169.9 172.3 172.2 173.3 173.1 172.2 172.5 172.6 172.1 171.3 170.9 171.4 172.7 175.2 177.2 178.2 179.6 181.9 189.9 199.8 199 201.2 202.1 201.4 200.3 198.4 195.9 193.5 194.5 197.5 202.1 204.8 206.6 208.4 209.5 208.9 209.5 209.6 208.7 208.5 208.5 211.2 228.2 258.4 269.6 284.2 294.4 303.6 314.3 319.1 313.9 307.4 298.9 289.6 283.5 279 270 263.6 257.8 249.7 236.6 232.6 220.6 214.6 213.5 210.4 203.9 201.2 200.1 195.3 192.2 192.5
149.4 151.6 154.1 156.4 160.8 163 164.9 167.3 167.5 168.1 169.3 169.3 170 170.3 170.6 169.7 168.7 169.7 171.5 172.8 175.2 180.5 181.2 183.2 185.4 192.7 204.3 205.2 206.1 207.6 206.4 204 202 197.9 194.4 193.3 194.9 198.7 200.2 205.4 206.3 207.7 210.1 211.9 211.7 209.8 208.9 208.9 211.4 230.4 254.7 271.3 286.7 297.5 307.3 316 321.4 314.3 304.6 295.5 289.4 280.7 275.7 267.3 259.9 253.8 245.8 237.5 227.7 218.3 213.8 211.7 209.1 201.1 195.8 189.6 187.2 185.4 182.7
149.2 151.2 153.8 156.5 160.6 164.8 164.4 162.7 164.7 165.8 166.7 168 168.6 168.8 169.1 167.9 168.1 170 171.6 172.7 174.3 181.6 184.5 186.2 187.9 193.3 205.2 209.8 210.6 210.8 208.4 205.7 202.7 197.5 194.7 193.9 194.3 195.5 206.2 208.8 210.3 212.9 213.3 214.5 213.1 210.9 209.5 210 213.1 233.4 258.7 280.7 297.1 302.2 318 323.7 326.5 318.7 308.4 295.6 286.2 278 271.9 265.8 258.3 252.7 246.3 237 226.8 218.5 213.3 208.7 206.1 203.5 196 190.8 185.7 182.3 177.7
148.8 151.5 155.1 156.9 161 162.4 161.9 159.6 160.4 164.6 166.3 167.9 168.2 167.7 167.2 165.3 166.9 168.8 169.6 170.8 173.5 181.7 186.5 188.5 190.2 194.3 209.9 215.6 214 212.9 210.7 207 202.5 195.8 194.6 194 194.2 198 208.9 211.4 213.5 215.2 216.4 217.8 215.4 213.2 211.1 211.3 212.9 231.7 249.7 285.6 305.5 307.7 308.9 328.6 332.5 324.6 309.9 291.4 283.4 273.8 268.2 261.8 257.4 249.9 242.4 235.2 223.7 215.9 211 206.6 201.3 198.6 195.5 190.7 185.1 180 176.4
149.3 151.8 153.4 155.7 158.1 158.6 159 157.6 159 164 165.3 164.6 165.2 165 164.6 163.1 165.5 166.3 168 170 173.9 184 188 189.8 191.8 196.7 211.6 218 215.9 213.9 210.7 206.6 202.1 195.9 194.6 194.1 194.7 199.2 209.3 217.7 218 219.3 220.5 223.1 219.7 216.8 214.7 213.4 214.4 230.1 248.1 275.8 299.7 313.7 315.9 330.2 337.4 327 303.9 295.3 283.9 270.5 263.6 260.3 254 247.1 236.7 228.7 220.5 213.9 209 202.6 199.7 195.4 191.5 186.1 183.3 179.9 172
148.7 151.5 153.4 155.2 156 156.3 156 156.2 157.7 159.4 161.3 161 161.6 162.1 162.1 162.5 164.1 166 167.9 171.2 175.6 181 189.1 191.4 193.5 199.5 208.7 214.6 214.9 212 209.2 206.2 202.4 196.7 195.2 194.3 195.2 199.9 219.1 224.2 225.6 225.3 226.7 231.9 227.8 222.1 219.1 217.6 216 220.9 241.7 261.4 292.4 309.9 319.5 328.1 333.8 323.1 303.7 299.1 284.1 272.1 258.6 255 250.9 244.5 235.3 226.2 216.8 213.3 206.4 201.5 199.3 196.5 192 184.8 179.4 178.7 172.2
148.9 149.4 151.2 152.1 153.8 155.4 158.4 160.3 160.6 161.5 162.4 163.5 164.1 163.7 163.9 163.8 164.6 166.7 169 172.1 175.3 179.1 188.6 191.2 193.8 197.4 203.4 208.3 211.3 210.4 209.4 207.1 202.7 197.2 195.2 195.1 204.7 209.1 220.6 230.2 232.6 233.9 233.8 237.1 235.9 230.2 227.6 224 220.1 221.9 238.8 253.4 286.5 306.7 321.1 325.6 331.3 323.1 304.6 296.7 283.1 266.8 257.2 249.1 243.5 237.8 231.9 225.1 218.3 211.1 205.4 201.7 196.3 196.5 193.6 183.7 176.9 172.5 164.8
147.4 149 152.2 155.7 157.3 158.3 162 163.8 165.4 167.2 169 167.9 167.6 166.9 166.9 168.2 168.4 168.3 170.1 172.6 176.3 180.1 185.6 190.7 193.2 196.1 200.2 211.4 214.4 212 211.1 211.7 206.9 200.6 196.6 195.6 197.4 208.3 219.3 232 236.6 241.8 242.2 242.3 242.8 236.9 233.1 230 225.5 224 235.1 248.4 272.7 301.7 323.4 328.1 333.7 322.6 309.3 295.5 284.4 271.1 258.8 252.1 240.6 235.1 230.5 222 218.8 212.2 209.1 204.9 195.6 192.7 185.7 181.8 177.3 171.3 162.1
148.2 149.3 155.2 159.1 161.5 161.6 166 169.1 171.1 172.4 172.8 172 171.5 171.8 172.2 173.5 173 172.2 174.2 176.9 180.9 184.6 188.3 189.5 193.4 198.2 203.1 221.9 220.3 216.3 215.2 219.6 211.6 207.1 198.1 196.7 198.1 204.9 216.8 229.3 237.6 246.5 246.8 246.1 246.2 241.4 237.4 234 228.3 226.6 232.9 250.4 264.6 297.2 325.6 335.9 338.3 331.4 319.2 304.3 286.7 275.2 265.6 253.9 245.1 234.4 227.5 223.7 221.5 218.3 214.8 210.2 200.2 195.8 187.7 178.2 170.5 172.3 161.3
149.1 150.2 155.5 162.4 165.8 167.6 171.7 174.8 175.7 176.2 176.4 176.5 176.7 176.9 176.9 177.1 176.7 175.8 176.6 178.8 183.6 189.4 193.2 194.2 195.3 198.2 204.1 217.4 222.1 219.3 220.7 225 214.8 209.3 202.8 198.2 200.9 206.8 214.3 226.1 236.4 250.1 252 250.3 249.5 246.5 241.3 237.7 233.5 229.6 233.7 249.3 264.2 287.6 327.4 338 336.8 334.9 322.3 306.7 290.5 276.8 268.1 254.5 247.5 239.9 231.7 228.2 223.7 220.4 218.6 214.1 204 194.3 189.3 180.2 168.7 161.4 156.3
150.2 151.1 155.8 162.6 169.2 172.1 175.2 178 179.5 180.1 179.8 180 179.2 179.7 180.5 180.8 179.7 178.5 178.1 179.7 186.7 195.7 199.8 200.4 200.9 202 204 209.1 215.9 220 219.3 226.3 217.2 212.9 205.6 201.3 204.7 207.6 216.1 226.8 244.9 259 260.1 256.6 253.4 255.6 247 240.9 238.9 235.6 234.6 244.9 260.3 277.9 314.1 334.9 338.4 339 329.2 311.8 299.5 282.3 268.4 261.1 255.7 248 239.6 232.5 230.1 221.5 219.1 215.6 205.7 196.7 186.8 176.5 164.4 154.8 145.9
151.3 152.6 156 166.2 173.1 179.3 183.7 184.6 183.8 183.5 183.2 182.9 182.8 183.1 183.7 183.8 182.5 179.6 179.6 185.8 195.4 203.2 205.4 206.3 206.2 206.1 204.2 207.3 215.8 221.4 220.7 226.4 223.4 211.9 207.8 203.8 209.6 207.9 220.9 241.3 265.4 277.1 270 263.6 260.3 259.4 251.5 249 244.8 242.5 236.3 240.6 256.5 268.8 291.7 318.5 335.1 338.7 332 317.7 303.6 291.1 281.7 271.3 265.2 255.6 248.8 239.7 234.5 226.3 216.6 215.5 205.6 198 185.6 176.6 160.5 147.1 136.9
155 159.6 171.1 185 188.2 189.7 189.5 188.7 187.9 187.7 187.5 187.3 187.2 186.6 185.6 184.2 182 179.6 181.5 190.6 199.4 204.4 208.4 209.3 209.9 209.1 207.1 208.2 214.5 225.3 223 229 231 213.5 210.2 207.2 213.9 212.6 222.2 235.7 254.8 258.4 262.9 265.9 264.3 261.8 257.5 248.6 246.5 245.7 240.9 236.3 245.9 256.7 267 284.9 300.3 315.9 325.1 323.5 313.4 307.7 294.2 280.6 272.5 266.6 262.2 253.8 236.8 228.6 217.9 210 201 191.6 180.6 166.4 152.5 142 130.6
158.9 165.1 182.1 201.4 201.8 197.2 195.7 193.4 192 193 192.3 191.2 189.9 187.5 184.4 182.3 180.4 179.9 182.4 191.4 199.6 204.2 208.7 211.2 212.1 211.3 210.1 210.3 217.7 227.5 226.6 230.4 238.4 220.1 215 212.8 215.9 220.4 222.8 235.2 246.4 250.7 257.9 257.6 264.2 260 258.9 256.8 247.2 245.3 241 234 233.1 238 242.4 260.5 269.2 273.5 286.2 322 319.6 315.9 300.8 284.7 274.3 264.6 252.7 244.3 231 218.6 212.3 207.5 197.3 187.1 177.8 160.6 145.8 134.7 126
162.2 170.4 180.4 203.6 212.3 209.4 205.6 202 197.3 196.9 196.1 193.4 190.7 187 183.9 181 179.5 179.3 181.3 189.8 200 205.5 210.5 214.3 214.4 213.7 213.4 214.1 215.7 227.8 230.1 228.9 235.2 228.8 219.5 217.4 220.6 225.4 227.8 238.2 255.3 244.5 243.3 253.2 261.2 257 254.9 252 250.2 246.8 241.9 232.9 228.8 229.8 233.2 233.7 245.4 247.2 251.6 266.5 294.7 306.3 302.1 293.1 279.2 267.3 256.9 244.7 227.9 212.8 205.1 198.3 195.2 184.6 172.9 159.2 143.2 132.7 122.2
164.9 182.3 185 197.5 211 217.2 214 209.2 205.1 201.9 200.2 197.5 191.7 186.8 183.4 180.6 180.1 179.5 182.9 194.5 201.6 211.1 214.8 217.1 216.6 216.1 215.9 217 218.1 233.3 236.9 231.6 231.6 237.1 225.9 222.4 225.1 231.2 235.9 239.2 255 242.3 238.7 241.5 256.5 251.1 247.6 247.1 246.1 242.8 237.5 231.4 227.9 219.3 224 222.5 227.8 228.2 230 236.6 247.6 271.1 304.4 296.2 283.5 272.3 257.8 241.4 226.8 210.8 202.8 197.5 188.5 174 166.9 154.3 138.3 130.1 117.9
167.9 189.7 192.7 204.2 211.2 217.5 219.6 214.2 209.6 206.9 204.4 201.4 197.3 188 183.5 180.8 180.4 179.9 184.1 196.3 203.6 210.2 221.1 220.6 220 219.2 220.6 222.2 223.5 238.2 246.5 236.4 233.7 242.6 232.3 226.7 227.1 235.4 239.9 241.4 258.2 240.8 235.1 230.6 247.3 243.8 237.1 239.3 236.3 231.7 228.8 226.7 225.5 217.6 211.3 212 218.7 222.4 219.4 221.1 229.6 237.4 266.6 291.1 278.5 258.3 253.2 241.2 226.6 210 195.2 193.1 180.4 171 164.2 156.7 146.6 129 122.5
169.2 192.5 206.7 210.5 214.6 219.8 224.1 221.5 214.3 210.8 209.6 206.5 202.1 192.6 184.9 181.6 180.7 180.7 186.1 201 207.4 217.8 229.2 228.2 224 223 224.7 226.2 228.2 236.7 251.7 241.5 236.8 245.7 243.9 232.2 230.5 238.2 243.6 248.5 258.8 236.9 232.1 226.3 232.7 234.1 231.9 229.6 226.4 223.1 221.8 220 218.1 215.8 210.8 200.5 206.5 213.2 213.7 214.1 218.2 222.2 234.2 252.3 250 241.8 234.1 225.8 207.8 190 178.4 178.6 177.4 172.7 168.7 160.2 148.5 136.3 126.1
171.3 187.8 215.3 222.1 228.1 234.3 227.9 225.4 218 213.4 212.3 210.6 207.8 199.7 188.9 184.1 181.4 182.3 191.1 202.4 210.5 226.2 234.6 235.1 228.6 226.7 226.3 228.3 230.1 238.2 256.5 245.9 239.4 244.6 258.7 245.1 238.1 239.1 246.3 251.1 253.4 231.5 225.6 217.8 215.8 224.8 224.5 225 219.1 217.6 216.9 216.2 212.3 210.9 208.9 199.6 194 196.7 202.3 210.1 214.3 213.9 214.4 214.8 218 210.2 201.6 192.9 180.5 174.5 173.1 176.2 177 169.9 166.1 155.7 149.7 136.1 128.5
171.6 184.9 214.8 224.4 228.6 238.3 241.7 230.3 225.7 220.7 218 216.4 213.3 204.7 193.8 187.4 185 183.9 191.2 202.7 214.9 228.6 238.1 240.6 235.2 230.1 228.8 230.2 231.8 240.6 259.6 253 243.9 249 268.7 256.6 241.1 241.2 253.8 254.9 250.1 234.3 219.2 211 206.5 217 218 218.8 215.7 215.3 214.7 211.7 207.6 206.4 205 202 192.2 191.4 195 204 202.7 209.2 206 197.5 188.2 183.3 177.9 172 166.5 165.9 165.3 162.2 166.2 165 159.6 154.7 144 129 120.1
171.4 181.3 206.2 225.9 233.8 248.6 248.2 241.2 233 227.7 225.5 225.5 220.7 211.8 202.4 192.6 187.5 187.1 190 200.3 214.6 227.3 238.9 241.6 237.9 231.5 228.6 230.7 231.3 232.9 257.7 257.5 248.3 246.5 266.7 265.5 250.9 243 260.5 254.5 244.8 230.1 215.3 203 200 202 214.3 216.2 213.8 213.1 212.1 207.8 205.4 203.9 203.1 200.9 194.9 187.6 193 187.8 184.4 191.1 188.6 188.4 178.8 171.6 161.4 161.1 158.3 154.7 154.2 147.9 145.6 160.1 157.3 145.3 130.5 113 99.8
168.1 175.8 195.7 231.7 234.9 243.3 253.8 252.6 249.4 240.1 234.9 234.4 226.8 219.8 209.2 196.6 189.9 195.4 195.9 197.6 215.9 227.4 234.3 242.1 238.8 232.6 225.8 224.6 225.8 224.8 231 255.9 251.4 247.6 252.4 274.4 259.2 243.9 247.1 249.6 240.6 220.5 216.2 204.6 194.4 195.4 205 213.2 212.4 211.9 209.8 206.9 203.6 203.4 202.5 200.5 197.7 189.3 189.4 188.1 180 177.2 173.5 175.1 169.6 161.7 160.6 153.4 149 139.9 139 139 138 140.2 142.9 124.8 108.8 100.7 93.1
164.3 171.7 186 210.9 233.2 238.8 245.9 257.9 258.3 251.9 249.8 245.4 233.4 223.2 212.9 203.4 192.2 192 193.9 196.4 203.7 225.7 231.4 241.3 243.7 234.8 224.6 218.8 215.6 214.2 209.4 218 235.8 244.8 245.5 261.2 264.3 246.6 236.1 239 233.2 215.6 210.8 200.2 191.7 186.5 192.4 205.1 201.8 204.3 209 207.4 205.1 200.8 198.7 195.2 191.9 189.2 182 183.4 178.5 172.1 165.1 163.3 164.7 161.6 151 143 139.6 136.6 137.3 138.3 131 123.6 115.9 108.3 101.9 94.6 91.3
161.4 169.6 176.6 197 237.8 239.4 241.7 256.7 270 264.1 264.9 255.5 243.8 228.1 219.2 208.2 196.2 191.8 193 195.2 198.6 216.3 230.3 237.3 242.8 236.6 227.3 214.7 209.8 208.7 207.3 205.5 206.3 210.9 229.6 241.4 257.6 253.7 234.7 224.3 218 211.3 202.8 193.3 188.5 183.1 183.7 188.8 195.5 203.5 209.4 210.3 205.8 201.2 196.1 191.5 188.6 185.2 177.7 170 173.4 172.3 168.8 160.1 154.1 150.4 147.9 141.5 137.2 133.8 130.2 131.7 131.1 119.1 112.1 104 97.2 90.4 88.5
