data/SH56.asc
ncols 200
nrows 200
xllcorner 250000
yllcorner 360000
cellsize 50
[rows 72 to 107 of 200, columns 0 to 80 of 200]
-1.6 -1.6 -1.6 -1.6 -1.6 -1.6 -1.6 -1.6 -1.6 -1.6 -1.6 -1.6 -1.6 -1.6 2.6 5.3 6 6.5 9.1 13.1 14.5 17.3 19.4 23 28 31.3 32.9 40.3 45.4 50.5 54.5 57.1 58.7 59.1 60.9 63.9 66 67.2 69.5 69.3 71.8 74 76.4 75.2 79.3 79.6 81.4 78 75.8 73.4 73.9 74.4 76.3 79.2 82.2 84.5 86.7 89 88.3 88 88.1 87.9 86.8 85.8 85 86.1 87.8 89.2 91.7 94.2 96.9 98.9 100.4 102 103.6 105.3 107 108.7 109.9 110.5 111.3
-1.6 -1.6 -1.6 -1.6 -1.6 -1.6 -1.6 -1.6 -1.6 -1.6 -1.6 -1.6 1.7 5.5 7.9 9.4 9.8 11.8 15.5 18.5 19.7 21.5 24.2 29.4 30.9 32.6 36 45.5 52.2 55.2 57.5 60.1 61.9 62.3 64.5 66.4 68.5 70.6 70.8 70.3 71.8 73.1 76.3 80.3 81.2 84.8 80.5 79.7 80.7 74.1 75.6 78 79.5 82.5 84.4 86.4 88 86.7 86 87.1 87 85.8 84.7 83.9 84.4 86.5 88.4 90.3 92.2 94.7 97.5 99.6 101.1 102.7 104.3 106 107.6 109.3 111 111.6 112.3
-1.6 -1.6 -1.6 -1.6 -1.6 -1.6 -1.6 -1.6 -1.6 -1.6 2.1 6.7 9.1 9.9 10.7 12.1 13.6 17 19.2 23 24.7 27.1 29 30.4 32.2 36.7 46.2 51.2 53.3 52.6 55.4 57.3 59.9 62.1 63.6 65.3 68.8 68.2 69.7 71.3 75.9 78.6 79.9 83.1 83.4 86.2 78.4 80.3 80.8 76.3 78.3 80.6 82.7 84.8 86.7 87.8 85.8 83 83.3 85.4 84.4 83.9 82.7 82.9 84.7 86.8 88.8 90.8 92.7 95.3 98.1 100.2 101.8 103.4 105 106.6 108.3 110 112 112.8 113.8
-1.6 -1.6 -1.6 -1.6 -1.6 -1.6 -1.6 -1.6 1.8 10 12.8 14.3 16.3 15.9 15.7 16.4 18.4 22.5 33.8 30.2 29.7 29.8 29.1 31.7 36.8 45.1 46.1 54.1 58.6 62.2 63.9 65.6 66.9 67.9 69.7 71.3 74.1 74.1 74.5 74.9 78.1 80.3 82.6 84 85.2 81.6 81.1 81.5 78.8 79.1 81.6 83.6 85.3 86.5 87.1 84.7 81.9 81 81.6 82 81.6 81.4 82.1 83.8 85.3 87.1 89.1 91.1 93.5 96.3 98.9 100.7 102 103.9 105.6 107.3 109 110.9 113 114.3 115.5
-1.6 -1.6 -1.6 -1.6 -1.6 -1.6 1.7 7.9 12.9 17.8 20.9 21 21 20.6 20.6 21.3 22.4 26.5 32 31.1 27.9 28.7 31.3 39.1 42.3 53 56.2 59.5 62 63.5 65.3 66.9 68.5 69.7 71.5 73.9 76.2 76.7 76.9 77.2 80.2 81.6 83.5 84.2 83.4 81.8 82.1 80.4 79.4 82.3 84.2 86.2 87 87.5 84.1 81.2 79.4 79.6 79.9 79.9 79.7 81.4 82.8 84.7 86.3 87.8 89.8 92.2 95 98 99.6 100.2 101.8 103.5 105.9 107.7 109.4 112.4 114.2 115.3 116.5
-1.6 -1.6 -1.6 -1.6 0.8 3.8 10.4 14.3 19.2 22.1 23.2 23.4 23.5 23.7 24.3 23.3 23.8 26.9 28.1 25.9 27.3 31.9 36 49.1 54.5 57.4 60.5 62.7 63.9 65.1 66.6 68.3 69.9 71.5 73.9 77.1 78.9 79.1 78.9 79.3 80.9 81.7 82.1 82.1 82.3 81.3 79.4 78.6 82 84.2 86.1 86.6 85.6 84 79.3 78.7 77.9 78.1 78.2 78.9 80.4 81.9 83.6 85.4 87.4 89.2 90.9 94.2 96.5 98.3 99.3 99.8 102 103.5 106.2 107.9 110.1 112.7 114.5 116.1 117.4
-1.6 -0.4 0.6 1.6 8.6 8.7 13.4 18.8 22.4 24.2 24.7 25.2 25.4 25.6 25.6 23.6 23 24.4 26.1 27.2 30.5 41.4 50.5 55.7 59.2 62.1 63.9 64.6 65.7 67 68.2 69.7 71.5 73.5 76.5 79.5 81.4 82 80.3 78.7 79.2 80.4 80.8 81 81.3 79.1 78 81.6 83.6 84.8 85.5 84.8 83 78.9 76.4 76 76.4 77.5 78.6 79.8 81.4 82.9 84.4 86 88.4 90.2 92.1 93.6 96 96.6 98.1 100.4 102.6 103.5 105.6 108.3 110.1 112.1 115.1 116.8 118.3
-1.6 0.4 2.5 8.4 11 13.4 14.6 24.5 25.3 24.6 26 26 25.9 25.5 24 21.9 21.8 23.6 26.5 32.6 46.1 56.7 57.5 61.3 64.3 65.6 66.3 66.7 67.1 68.3 69.5 71.5 74 76 78.7 81.6 83.8 83 80.6 77.4 77.7 77.9 77.6 78 78.2 77.9 81.4 83.1 84.6 84.3 83.3 81.5 78.6 74.9 74.4 75.6 76.6 78.1 80.1 81.3 82.8 84.2 85.5 87.4 89.3 91.1 92.9 94.4 95.4 97.2 99.6 102.2 104.8 105.7 106.9 110 111.9 113.9 115.6 117.4 119.3
-1.4 -1.6 2.5 7.7 10.5 14.2 17.7 22.8 22.5 24.2 25.3 25.3 23.7 22.3 20.9 20.3 22 25.2 31.4 44.4 55.2 59.7 62.9 66.2 67.6 67.6 67.4 67.7 68.1 69.2 70.3 72.8 76 78.4 81.1 83.5 84.2 83.2 82.3 74.7 74.2 75.6 77.8 79 79.1 81.2 83 83.6 82.9 81.6 80.2 77.7 74.2 74.3 74.2 75.7 77 78.5 80.5 82.6 84 85.3 86.9 88.8 90.2 92 93.5 95 97.3 99.5 101.6 103.9 106.5 107.4 108.4 110.8 113 114.8 116.7 118.5 120.5
0.5 -1.6 4.1 8 9.9 13.9 17.7 19.8 21.2 23 23.9 22.1 20.3 18.8 19.9 20.9 26 33.5 44.2 48.3 57.2 62.2 67 70 69.4 69 68.1 67.9 68.4 70 71.2 74.1 77.3 80.4 82.3 83.9 83.8 82.7 73.8 72.7 76 79.5 80.4 81.1 81.9 82.1 82.2 81.7 79.9 78.2 76.5 73.7 73.9 73.4 75.3 76.7 78 79.5 81.7 83.8 85.4 86.6 88.3 90.2 91.5 92.8 94.6 96.2 98.3 101.2 103.5 105.8 108 109.3 110.2 112.4 114.1 115.7 117.7 119.6 121.8
2 3.1 6.7 8.4 10.5 13.6 17.3 18.9 20.9 21.8 20.7 18.8 18.8 19.5 20.6 24.5 34.9 45 52.9 50.6 57.2 65.3 70.4 71.4 69.6 68.3 67.4 67.6 68.6 70.2 71.8 74.8 78.5 81.3 82.8 84.1 82.2 80.4 72.5 72.1 76.8 80.2 81.4 81.5 81.5 81.3 80.1 78.8 77.2 74.7 73.2 73.1 73 75.2 77.1 78.4 79.6 80.8 83.1 85 86.8 88 89.8 91.3 92.1 93.3 95.1 97.6 100.2 102.5 104.9 107.2 109.2 111.1 112.1 114.1 115.3 116.6 118.6 120.6 120.8
3 6.9 8.6 10.5 12.2 14.8 16.2 18.2 20.1 19.9 19.1 19 20 20.7 22.9 32.4 44.2 50.8 54.4 52.9 59.4 67.5 70.8 70.2 68.6 67.1 66.9 67.2 68.9 70.5 72.2 74.9 78.9 82.2 83.3 82.9 81.1 79 72.2 71.8 75.6 78.9 80.1 79.7 78.9 78 77.2 75.4 74.2 73.1 72.4 72.8 74.7 77.1 78.9 80.1 81.2 82.4 84.3 86.1 87.9 89.5 90.9 91.8 92.6 93.9 96.4 98.9 101.1 103.4 106 108.6 110.4 112.3 113.9 115.6 116.4 117.5 119.4 119.8 119.8
3.4 8.4 10.4 12.4 14.1 15 16.1 17.1 18.1 18.6 19 19.3 20.8 21.7 30.2 42.8 49.7 54.2 55.2 56 61.9 68.3 70.3 69.2 67.5 66 66.1 67.3 69 70.7 72.3 74.4 78 81.3 81.5 80.3 78 75 70.2 71.4 72.6 75.6 77.5 76.5 74.8 74.2 73.5 71.5 71.5 71.4 71.6 74.4 76.7 79.1 80.5 81.7 82.9 84 85.4 87.2 88.9 90.5 91.4 92.2 93.1 94.9 97.3 99.7 102 104.6 107.5 109.8 111.6 113.5 115.3 116.7 117.5 118.1 118.9 118.9 118.9
4 9 12.8 14.1 14.7 15 16 16.8 17.5 18.9 19.8 20.4 22.7 30.7 42.4 48.3 54.6 56.9 58.5 60.5 63.7 67.5 69.8 68.6 65.8 65 65.3 67 68.8 69.3 71.2 73 74.2 75.9 78.2 77.5 74.1 70.3 72.2 71.1 71.9 73.3 73.4 72.5 72.3 71.2 70.2 70.3 71.2 71.4 73.8 76.4 78.3 79.9 81.5 82.8 84.1 85.5 86.5 87.6 89.2 90.6 91.5 92.3 93.5 95.9 98.4 101 103.6 106.1 109.1 111 112.8 114.6 116.3 117.4 117.8 117.8 118.3 117.9 117.9
4.3 11.9 14.1 14.9 15 15.5 15.9 16.5 17 17.8 23.4 23.1 32.4 42.7 49.1 54.1 61 61.7 63.1 63.3 65.6 66.8 67.7 65.8 64 63.8 65.2 66.9 68.5 68.7 69.5 70.5 71.7 72.1 73.5 72.1 69.1 71.4 72.8 71.6 70.7 71 71.3 71.2 70.1 69.2 69.5 70.8 71.9 73.5 75.9 77.4 79.1 80.7 82.3 83.7 85 85.9 86.8 87.9 89.5 90.7 91.6 92.4 94.8 97.4 100.1 102.7 105.2 107.7 110.6 112.2 113.9 115.7 117 117.6 117.5 117.6 117.9 117.4 116.1
11 6.3 10.2 11.2 12.1 13 15.9 16.2 16.8 18 21.2 30.8 41.7 49.4 53.7 58.2 62.9 63.7 63.7 64.2 64.8 65 64.9 63.4 62.6 63.4 65.4 67.4 67.7 68.2 67.9 68.1 67.6 68.3 68.4 67.4 68.5 71.8 72.2 70.2 69.4 69.3 69.2 69.2 68.4 68.6 70.1 71.6 73.2 75.3 77.4 78.3 79.6 81.4 83.1 84.4 85.4 86.3 87.1 88.1 89.8 90.6 91.3 94 96.9 99.4 102 104.6 106.9 109.2 111.8 113.4 115.1 115.8 116.5 116.9 117.1 117.2 117.2 115.3 110.5
14.6 14.1 14.2 15.6 15.6 16.3 16.8 17.1 17.9 21.5 32.9 37 43.4 52.3 55.8 60.7 62.1 63.4 64.3 65 63.8 61.8 62.4 61.4 62.4 64 66.2 67.2 66.8 65.3 64.7 63.9 63.5 64.4 64.4 65.9 69.8 71.8 71 69 68.3 68 67.8 68 67.4 69 71.8 73.4 75 77 78.3 79.3 80.2 81.9 83.6 85 85.8 86.6 87.5 88.4 89.8 91 92.9 95.9 98.9 101.8 104 106.2 108.5 111.1 112.4 113.8 115 115.1 115.2 115.7 116.2 116 115.8 113.3 105.9
15.6 15.5 15.6 15.9 17.2 18.8 19.4 19.1 23.7 36.1 40.9 45.5 46.5 54.3 57.7 60 61.6 62.6 63.4 63.6 62.6 61.8 60.6 60.9 62.3 64.6 66.9 65.6 64.6 63.1 62.2 62.4 63.1 64 65.3 66.6 70.6 70.7 69.6 67.8 67.2 66.8 66.5 66.9 68.2 71.4 73.3 75.1 76.8 78.3 79.2 80.2 81.2 82.3 84.2 87.2 87.4 88 88.4 89 90.4 92.2 95.1 98.1 101 103.4 105 107.3 110 111.8 112.7 113.2 113.3 113.1 113.5 113.8 113.2 111.4 109.9 104.5 100.7
16.5 16.8 17.8 17.9 18.8 20.9 21.5 23.4 33.3 40.8 44.7 48.9 44.3 56.3 57.9 59.2 60.6 61.3 61.8 61.5 60 60 59.9 60.8 63 65.4 66.7 65.2 63.1 62.2 62.8 63.4 64.7 66.2 67.3 68.3 68.8 68 66.9 66.2 66.3 65.8 65.9 67.4 71.3 73.3 74.7 76.4 78 79.1 80.2 81.1 82.5 83.9 85.3 87.3 87.6 88.1 88.6 89.9 91.6 94.5 97.4 100.1 102.3 104.5 106.7 109 110.9 111.2 111.3 111.5 111.7 111 111.1 110.7 110.5 105.9 101.8 99.3 98.5
17.5 19.1 19.4 19.8 20.1 21.5 23.4 29.4 36.2 41.2 47 51.7 47.8 48.2 55.5 57.6 59.2 60.3 60.3 59.5 58.9 59 59.4 61.1 63.4 65.3 64.9 62.9 60.9 62.5 63.8 64.5 66.2 66.4 66.6 66.8 66.2 65.1 64.4 64.4 64.8 66 66.9 71 73.1 74.7 76 77.5 78.8 80 81.5 83 84.5 85.7 86.8 87.4 87.7 88.7 89.3 90.9 93.6 96.3 99.1 101.4 103.3 105.3 107.5 109.7 110.2 110.3 110.3 110.1 109.7 108.7 107.7 106.5 106.6 100.1 98.2 96.5 98.3
20.3 21 21.9 22 22.1 25 31.6 30.7 37 41.5 48.9 53.5 54.5 51.5 52.8 56.3 58.1 59.6 59.8 59.5 59.2 59.4 60 61.4 63.8 63.9 62.4 61.1 60.3 61.9 63.5 64.5 64.7 64.8 64.7 64.9 63.7 64 64.7 64.7 65.3 66.8 70.5 72.4 74.1 75.8 77.2 78.4 80 81.4 82.8 84.3 85.2 85.6 86.1 87 87.7 89 90 93.2 95.4 98 100.7 102.4 104.2 105.9 107.3 108.2 108.6 108.8 108.7 108.3 107.9 107.1 105.1 100.4 97.9 96.8 95.5 99.4 100.7
22.8 23.7 24.3 24.9 27 36.3 36.8 33.5 36 41.6 48.5 53.1 54.5 53.8 53.6 55 57.2 59.2 61 60 59.9 60.6 61.4 62.1 62.9 61.7 60.5 59.3 60 60.5 62 62.9 63.2 63.3 63.2 62.9 63 64.2 65.3 65.8 66.9 70 72.6 74.2 75.3 75.9 76.8 77.8 79.1 80.9 82.8 83.9 84 84.6 85.4 86.4 87.6 88.9 92.2 94.9 97.3 99.5 101 102.5 103.4 104.3 105.4 106.5 107.2 107.1 106.4 106.4 105.5 101.3 104.5 98.9 96.6 95.3 98.7 100.1 100.5
26.3 27 27.8 30.1 38.5 43.2 42.8 39.1 35.3 41.8 47.6 52.5 54 53.7 53.2 54.9 56.8 60 62.1 60 60 60.3 61 61.2 60.9 59.9 58.7 60.4 60.7 60.9 60.9 61.9 62.7 62.5 61.5 61.3 62.8 64.2 66 67.5 70.2 73 73.9 74.6 75.5 75.5 75.8 76.8 79.3 81.2 82 82.7 82.8 83.3 84.2 85.9 88.3 90.1 93.3 95.7 98.4 99.9 101.2 101.8 102.5 103.2 103.8 104.6 105.2 104.9 103.7 101.3 101.2 98.5 99.1 97.7 97.2 96.6 98.4 99.3 100.6
29.5 32 32.7 38 44.6 48 48.3 47.3 40.3 41.5 46.7 51.2 53.6 52.9 52.8 54.7 56.8 61.4 62.8 59.5 59.6 60 59.7 59.3 59 58.7 59.9 62.4 62.2 60.9 60.8 61.8 62.4 61.3 60.4 62.3 63.6 66 67.9 70.3 72.4 74.1 74.7 75.3 75.2 75.2 74.8 76.5 78.7 80.4 80.2 81 81.7 82 83.9 86.8 89.1 91.5 94.2 96.5 98.2 99.2 99.1 98.9 99.3 100.4 100.8 100.7 101.1 100.6 98 98.2 97.7 98.3 95.2 96.6 95.4 98 99.6 100.2 103.3
34.8 38.9 40.9 45.1 48.7 51.2 52.6 51.9 46.5 42.2 47.2 50.9 52.4 52.1 52.6 54.3 56.3 58.6 59.7 58.8 59.4 59 58.8 58.4 58.3 59.6 61.4 62.8 61.4 60.1 60.8 61.7 60.7 59.9 61.5 62.6 65.6 68.7 70 71.8 73.8 74.8 74.4 74.1 73.5 72.7 72.6 75.6 77.6 79.5 79.8 79.2 80.4 82.4 85.8 89.1 90.5 92.7 94.3 95.5 96.7 97.3 96.7 95.6 95.4 96.9 96.3 96.2 96.1 95 94.7 95 98.2 94.4 94.4 94.8 96.5 99.1 100.6 103.6 106.5
41.8 44.9 47.5 49.4 51.3 53.7 55.3 54.4 49.4 44.1 47.6 49.6 49.8 50.9 51.8 53.5 55.7 57.7 57.4 57.4 58.1 58.2 57.9 57.6 59 60.4 61.6 61.6 61 59.6 60 59.9 60.4 61.5 62.9 65.7 68.7 70.6 71.8 73.7 74.5 73.2 72.3 72.6 71.8 72.4 73.5 74.9 76.5 78.4 80 80 83 87.7 89.8 91.4 92.7 92.7 92.8 94 95.2 95.5 95.4 94.3 93.3 92.7 92.1 92.2 92.8 93.4 93.8 93.1 93 94.2 96.5 97.5 99.4 100.8 103.3 106.5 108.4
45.8 49.2 50.6 51.9 53.5 55.6 55.9 53.8 47.4 49.8 50.1 48.8 48.5 51.4 52.6 53.3 54.4 55.6 55.5 56 56.5 56.8 57 58.1 59.2 59.8 60.4 60.2 59.7 59.2 59.1 61 62.3 64.4 67 69.2 70.4 72.1 73.5 74.2 73.3 72 70.6 70.7 72 73 73.8 74.8 75.8 77.5 79.4 84 86.8 89.6 92.1 93.3 93.3 93.4 93.2 93 93.3 93.7 93.7 93.1 92.9 91.8 90.4 90.9 91.7 92 92.1 93.3 94.6 96.7 99.1 101 102.4 103.6 106.1 107.9 110
49.6 52 53.3 54.1 54.8 55.8 54.8 52.2 49.4 51.3 51.6 52.1 52.5 53.8 54.5 53.8 53.7 54 54.3 54.8 55.3 56.5 57.1 57.9 58.8 58.3 58.8 58.5 58.2 58.8 61.7 64.4 66.1 68.1 69.7 71.1 71.3 72.3 73.6 72.9 71.8 70.7 70.3 71.3 72.3 73.4 74.4 75.5 77.4 80.4 84.1 87.6 89.9 92.3 93.1 93.2 93.3 93.2 93.7 93.2 92.9 92.7 92.3 92.4 92.1 91.1 89.2 89.9 90.9 91.5 92.4 94.4 97.4 100 101.9 103.9 105.3 106.3 108.1 109.4 111.5
52.5 53.6 54.1 54.6 55.1 54.5 53 49.7 50.8 52.2 52.5 53.4 54.3 55.7 55.4 54.5 53.7 53.6 53.5 53.9 54.3 55.2 57 57.9 57.8 56.9 57.3 57.6 58.6 61.3 64.7 67.5 69.1 70.8 71.9 72.5 72.7 72.9 72.3 70.9 70.3 69.1 70.7 71.5 72.5 73.6 75.8 77.9 81.3 84.3 87.4 89.7 92 92.1 92.6 92.8 92.7 92.5 93.1 93.7 93.5 93.7 93.2 91.9 91 89.8 88.9 89.2 90.3 91.9 94.3 96.5 99.6 102.1 104.6 106.7 107.3 108.5 109.6 111.2 113.1
53.2 53.8 54 54.3 53.5 52.7 51 49.1 51.6 52.7 53 53.6 55.4 57.2 55.3 54.9 54.1 54.2 54.3 53.7 54.1 54.2 55.3 57.3 57 56.2 57 58.9 61.3 64.8 67.7 70.1 71.8 72.8 73.2 72.8 72.7 71.6 70.3 69 68.2 69.1 70 71.4 73.4 75.7 78.5 81.5 84.7 87.5 89.6 91.8 91.4 91.4 91.2 91.2 91.2 91.3 92.7 94 94.4 94.6 93.3 91.4 89.6 89 88.5 88.8 89.9 92.9 95.8 98.7 101.8 103.8 105.7 107.2 108.2 109.4 110.5 111.7 113.2
53.6 53.1 52.8 53.1 52.2 51.1 49.5 50.5 52.2 52.6 52.9 55.4 56.4 57.3 55.9 55.6 56.6 56.4 55.4 53.6 53.8 53.9 54.8 55.7 55.3 56.6 59.4 62.5 65.1 68.1 70.5 71.9 73.2 73.6 72.9 71.8 70.6 69.6 68.5 67.6 68.2 69.5 70.6 73.6 76.3 79.2 81.6 84.7 87 88.7 89.8 90 89.7 89.6 89.6 90.1 90.8 91.7 93.6 94.7 95.4 94.8 92.3 88.8 88.2 88.2 88.1 89.8 93.2 95.8 98.8 102 102.7 104.1 105.6 107 108.2 109.5 110.6 111.8 113.7
54.4 54 53.5 52.6 51.4 50.2 50 51.4 52.7 53.1 54.8 56.9 57 57.5 57.2 57.5 59.2 57.8 54.9 53.3 52.8 52.9 55.2 56.7 57.9 59.6 62.1 65.1 68.2 70.8 72.1 73.3 73.2 72.6 71.1 69.5 68 67.4 66.8 66.9 68.8 70.6 73.4 76.6 79.2 81.2 83.8 86.1 87.8 88.1 88.3 88.1 88.1 88.5 89.3 91.1 92 92.9 94.8 95.9 94.7 92 88.6 86.9 86.3 88.8 92.3 95.3 97.6 99.3 102.2 103.4 103.8 105.2 106.5 107.7 108.7 109.5 110.7 112 113.3
55.3 54.9 54.1 52.4 51.2 50 51 52 53.3 54.8 57.8 57.4 57.8 58.2 58.7 59.3 60 57.9 55.2 53.1 52.9 54.5 56.8 58.2 60.4 62.7 64.7 67.6 70.8 72.3 72.9 72.7 71.7 70 68.2 66.7 65.6 64.7 65.6 68.5 71.1 74 77.2 78.9 81.3 83.1 85.2 85.8 86.1 86.2 86.8 86.6 87.2 88.4 90 91.9 93.1 94.1 96 94.6 90.8 87.6 85.6 87 90.4 94 97.6 99.4 99.9 102.2 104 104.6 104.8 106.1 107.2 108.3 110 110.9 108.6 110.2 110.6
55.1 53.9 53.2 52.4 51.6 50.3 51.6 52.6 53.9 55.7 57.2 58 61.4 59.7 60.2 60.7 60.1 58.1 55.4 53.1 53.4 55.2 57.7 59.7 62.7 65.3 67.5 70.2 72.3 72.9 72.5 71.1 69.3 67.4 65.5 64.2 64.7 66.7 68.4 70.6 74.8 77.4 79.6 81.3 82.9 84.2 84.3 84.2 84.3 84.1 85.3 86.2 88 89.9 91.2 92.7 94.1 94.7 94.1 91.3 85.3 84 93.1 91.4 94.9 99.5 101.2 101.8 101.8 102.3 103.7 105.1 105.8 106.7 107.9 109 110.6 107.4 108 109.3 113
54.7 53.5 53.3 52.9 52.5 51.9 52.7 53.4 54.8 56.5 57.3 58.1 60.3 61.1 60.8 60.5 59.5 57.3 54.3 53 53.8 56.3 58.8 61.6 65 67.9 70 70.3 71.4 71.1 69.9 68.1 66.7 64.6 63.2 63.9 66.6 69.4 72.4 75 77 79.1 80.8 81.5 82.7 83.5 83.7 83.4 83.5 83.7 85.8 88.4 90.2 92 93.2 94.5 94.8 93.6 88.9 84.1 84.3 87.5 92.1 94.3 97.2 99.5 100.1 100 101.2 102.5 104.1 105.8 106.9 107.5 108.5 109.6 107.6 106.8 109.8 114.9 119.3
55.2 54.1 53.8 53.7 53.4 53.7 53.9 54.4 58.1 58.4 58.9 59.6 60.8 61.6 61.2 60.8 58.9 55.4 53.6 52.7 54 56.7 59.5 63.4 66.8 69.2 69.9 69.5 68.6 67.9 66.6 65 63.1 62.6 63.3 65.8 69.7 73.4 75.8 77.7 78.8 80.1 81.4 81.3 81.9 82.2 82.7 83.3 84.4 85.4 87.3 89.6 92.2 94.2 95.3 95.8 93.7 88.1 83.5 84.5 87.5 92.1 94.8 96.2 97.3 97.4 97.8 99.2 101.6 103.2 104.8 106.4 107.9 109.1 109.5 107.1 106 110.6 117.2 120.7 122.4
