data/SH62.asc
ncols 200
nrows 200
xllcorner 260000
yllcorner 320000
cellsize 50
[rows 0 to 34 of 200, columns 78 to 155 of 200]
330.6 332.2 351.5 364.5 384.1 401 412.9 405.4 402 392.2 379.4 380.6 387 382.8 380.5 380.8 398.4 403.5 405.4 409.5 404.8 413.4 416.3 423.1 428 442 446 461.2 461.2 466 467.9 467.2 460.2 453.1 458.1 447.8 446.5 437.1 438.7 442 436.8 430.8 435.7 441.3 436.7 438.6 431.3 422.7 422.7 420.2 413.4 391.2 376.7 368.7 357.8 352.5 345.8 334.4 325.6 322.8 323.3 322 320.1 312.9 309.5 306.7 298.6 291.2 285.5 281.2 276.9 275.9 273.9 271 267.6 263.9 260.6 257.7
319.7 323.9 342.9 360 376.6 392.2 405.4 401.7 389.3 376.8 375.3 382 382.7 380.5 380.5 380.5 393 403.1 404.8 413.4 410.1 415.6 427.8 430.5 441.4 446.4 454.3 476.6 479.5 480.2 475.2 479.9 481.3 469.5 478 487.1 492.5 488.6 477.7 473.3 459.6 428.9 416.6 413.2 415.3 417.3 412.1 412.5 413.9 409.6 401.3 382.6 369.6 360.3 351.4 343.8 339 326.2 319.4 317.9 317.3 318.1 317 309.9 306.4 302.9 292.7 287 281.1 279.9 276.2 271.4 269.7 268.9 265.5 260.8 259.9 257.3
313.7 316.8 332.5 352.1 371.5 383.8 384.7 380.6 372.2 372.3 371.7 381 380.3 383.1 380.5 380.5 390.1 404.3 404.1 417.6 414 426.5 433.9 451.4 452.3 462.7 466.4 488.5 494.5 485.5 484 489.3 491 494 479.4 485.2 503.9 507.4 504.8 504.1 495.2 459.7 431.7 404.1 396.8 399.9 400.5 400.3 395.5 388.8 382.5 373.2 365.4 353.3 345.7 336.4 328.6 319.3 315.9 314.2 313.6 312.7 310.3 308.9 305.4 301.9 298.3 291.7 286.9 284.9 280.4 275.8 271.5 266.9 266.3 262.1 259.3 256.7
305.9 310.6 322.9 345.1 359.9 368.1 360.8 351.4 356.9 366.2 369.7 373.8 379.4 386.2 380.5 380.5 389.1 407.1 407.9 418.6 424.6 437.1 452.1 454.7 469.8 475.7 474.8 484.2 489.7 499.4 505.7 503.1 510.4 508.9 508.4 500.5 501.6 507.2 508.3 505.7 503 483.3 443.6 414.3 393.8 393.5 394 383.9 378.7 369.4 363.6 360.3 354.9 343.2 334.2 326.3 322.5 317 316 314.5 312.8 311.8 312 310.5 310.4 311.8 312.4 302.9 296.6 293.1 286.1 280.7 276.5 272.1 268.8 262.1 259.2 256.1
299.5 310.5 317.8 340 352.2 350.8 336.4 336.2 345.3 359 367.8 369.5 377.4 384.9 380.5 380.5 388.7 402.4 413.2 429.1 427.2 439.1 463.3 474.9 474.6 479.5 479.8 479.3 484.5 504.1 512.8 511.1 515.6 521.6 519.1 517.6 513.7 507.9 503.5 500.9 486.3 460.3 442.5 416.1 402 392.2 382.8 374.9 370 356.7 352.7 345.3 338.8 336.5 327.5 321 317.9 315.3 318.1 318 316.1 315.2 314.8 313.9 314 315.6 317.4 310 301.9 297.2 291.3 285.3 280 275.9 271.7 266.5 260.1 257.5
303.5 310.2 315.8 329 333.3 330.7 322.9 330.7 339.2 352.3 362.2 372.9 376.1 381.6 381.2 380.5 386.7 406.6 414.6 432.3 426.5 434.2 461.2 483.1 496.8 497.9 494.6 494.7 496 497.2 503.6 513.8 515.7 521 526.8 526.4 522 513.7 500.4 491.4 468.5 455.2 439.5 425.5 413.6 403.8 380.3 364.6 358.2 350 343.5 338.3 330.9 328.6 323.7 319.6 317.5 317.3 319.2 319.8 318.2 317.2 316.3 315.9 316.5 317.2 317.9 313.8 306 301.5 294.9 289.5 285 280.7 275.7 271.2 265.6 259.1
302.1 310 312.5 320.3 321 319.8 325.3 329.8 343.3 348.3 355.2 371.2 380.1 378.5 382.9 383 388.2 404.1 408.2 422.6 421.5 430.6 447.7 481.7 513.4 520.7 506.7 498.2 498.7 498.3 496.6 509.4 528.4 526.4 526.2 531.1 521.9 509.1 489.9 478.2 463.9 449.2 434.2 428.1 420.2 400.8 381.2 361.2 352.8 345.5 340.9 335.8 332.8 327.2 324.1 323.5 321.4 320.3 320.6 320.3 320.4 318.8 317.7 317.8 318.4 318.7 318.6 316.5 308.1 302.7 297.6 292.4 286.6 281.3 276.9 273.6 268.6 261.6
303.3 309.2 314 312.9 315.8 317.8 326.2 330.9 339.9 345.3 356.5 370.2 379.2 379.8 383.5 385.3 395.8 407.6 407.4 411.1 418.4 425.6 441 473.5 514.2 524.6 522.4 517.1 497.6 500.5 524.9 518.9 528.2 537 536.7 528.8 515.8 494.3 481.2 478.9 458.2 448.8 431.2 417.3 406.8 390.8 382.8 368.6 354.3 349.9 345.9 348.1 342.9 333.2 335.7 327.5 325.2 326.3 322.5 322.4 322.7 321.5 320.7 320.5 320.1 320.2 320.3 317.4 309.4 304.1 299.6 294.6 289.5 284.1 278.2 273.2 267.5 262
307.1 310.3 309.6 312.8 316.8 318.1 328.8 334.6 341.3 350.1 360.9 368.5 381.7 382.9 394.5 392.7 410.3 417.3 407.5 409.4 413.4 423.3 439.4 462.3 498.2 508.6 521.7 522.6 520.2 510 533.6 542.3 546.1 533.9 539.6 534.7 515.1 489.4 474.7 470.2 457.5 444 429.2 421.6 410.2 403.7 397.1 381.7 366.1 355.4 351.5 351.8 352.6 356.1 364.4 354.4 342.8 338 332.4 332 331 328.1 325.3 323.7 323.5 323.3 322.6 318.6 312.1 307.3 302.9 297.9 292.8 286.6 280.5 274.5 269 264.5
307 308.9 309.6 316.5 319.3 323.1 343.1 345.6 353.7 360.3 367.7 378 391.3 388.1 401.3 397.2 411.6 419.3 408.8 417.6 424.5 434.5 455.3 465.2 488.5 503.8 512.7 517.4 522.1 526.7 527.3 535.9 538.7 539.4 546.3 522.1 502.8 496.8 480.9 474.1 461 452.6 437.1 421.7 423.5 418.4 402.5 390.4 387.5 367.2 363.1 370.6 377.2 375.7 375.7 375.3 358.1 352.9 344.4 346.6 340.2 339.5 334.2 330.7 329.6 327.7 326.2 321.8 316.4 311.1 306.2 301.1 296.7 291.2 286.9 281.7 276.3 269.5
312.2 311 317.9 321.7 326.9 337 356.5 363.9 365 376.5 386.3 396.6 402.4 394.3 399.8 408.2 412.4 420.9 412.1 424.9 441 450.3 466.5 485.8 495.2 507.6 511.6 513.5 517.6 521.8 521.5 516.6 518.8 519.3 517.8 510.7 505.5 506.3 487.7 476.5 464.9 444.2 434.3 438.9 442.2 434.3 409.5 397.9 390.9 380.7 378.2 384.4 398.2 393 387.6 390.3 376.1 366 365.4 354.3 348.5 349.3 344.7 338.9 334.8 332.5 329.3 325.3 319.5 313.7 309 305.5 300.8 295 290 286 280.9 274.7
314.9 321.5 327.8 331.5 337.1 344.5 362.9 372.1 374.3 387.9 402.7 413.8 410.2 402.4 410.8 421.9 424.6 427.6 418.1 430.1 444.5 463.3 477.8 495.7 498.7 508.8 525.8 531.1 521.2 515 514.1 510.3 508.7 508.7 508.7 509.6 513.5 505.2 493.8 473.1 463.9 452.8 454 459.5 444.9 436.1 424.9 411.9 398.7 391.3 397 409.1 412.4 416.2 406.9 395.8 389 384.2 379.9 374.5 361.9 357.2 354.4 342.4 338.7 335.3 331.9 327.1 322.2 315.9 311.7 306.9 301.6 296.7 292.3 288 283.4 279.3
323.6 331.6 333 340.9 341.6 344.5 354.5 363 367.7 380.5 400.9 419.5 425.2 416.7 426.5 433.3 447.9 433.8 437.6 438.8 451.2 466.2 488.9 505.5 514.3 509.7 533.5 542.4 539.2 528.6 516.4 517.5 523.3 508.7 508.7 517.8 523.2 512.3 495.5 481.8 479.8 481.1 473.5 478.6 471.3 462.5 460.4 452.3 429.4 409.4 406.5 418.4 422.2 422.9 417.3 403.6 403 407.7 396.3 385.8 381.6 363.9 354.5 345.9 341.2 337.7 333.4 328.7 323.5 317.9 313.2 308.1 303.4 299.2 294.6 290 286.5 282.5
335.4 338.9 345.3 351.1 356.8 368.9 368.9 381 386.9 404 423.8 438.6 442.9 426.6 434 458 461.2 458.1 447.7 444.5 475 488.4 498.8 514.6 530.5 532.5 538.4 543.8 545.1 547.2 547.6 538.7 529.4 523.2 518.1 526.2 527.8 527.1 518.3 504.1 496.8 490.8 483.7 484.6 483.6 482.5 479 466.5 454.5 444.9 424 425.6 432.8 433.7 424.3 413.7 414.3 409.7 401.6 391 385.3 368.2 359.3 348.5 343.6 340 334.1 329.3 324.5 319.4 314.5 309.8 306.1 302 297.2 292.7 289.8 286
347.7 356.9 363.9 372.3 372.2 387.1 396.3 406.2 416.6 423.1 442.6 452.5 455.5 441.4 445.1 462.6 472.1 475.3 468.4 456.4 481.9 501.4 514.8 526.2 532.1 544.5 543.8 551.8 559.5 568.3 570.7 569 561.9 551 553.7 539.1 551 558.8 554.8 534.3 518.4 520.1 521.9 508.5 493.9 489.5 478.9 473.6 477.4 472.6 457.3 442.6 441.8 443.6 439.5 426.2 424.1 414.9 404.3 391.7 381.9 368.7 363.7 350.8 346 341 335.5 331 326.3 321.6 316.6 312 308.6 304.4 299.4 295.5 291.8 287.7
352 364.5 376.3 384.7 389.3 401.3 416.2 425.4 438.5 452.2 457.5 460.6 465.9 447.5 459.6 475.4 481.8 491.6 487.7 475.5 479 497.9 515.5 527.9 538.8 554.9 555.6 557.6 569 573.8 582.7 598.9 606.2 593.5 581.2 581.8 563.9 582.2 582.7 571.6 540.1 538.9 547.6 534.5 520 515.8 504.5 486.9 498.4 494.6 480.2 469.3 461.6 463.3 446 434.5 428.7 419.2 415.7 391.1 376 367.3 362.3 351.2 345.3 340.7 337.4 332.7 328 323.7 319.1 313.6 309.9 305.5 301.6 297.6 293.6 289.6
362.1 376.2 382.7 389.4 400.2 407.1 423.1 434.7 447.4 456.1 466.2 475.7 474 460.8 454.1 478 496.9 500.9 499.1 492.6 495.1 499.1 506 520.1 540.4 569.8 572.8 572.1 580.6 588 595 608.3 618.3 617.9 621.1 618.9 605.1 595.2 603.1 603.1 588.1 585.4 567.5 562.7 554.5 543.9 518.6 511.1 505.8 498.4 486 479.9 467.1 464.8 458.7 440.1 427.8 424 417.3 400.4 376.8 366.6 359.2 351.5 346.6 342.9 339 334.8 329.1 324.3 319.2 315.1 309.9 305.9 301.7 297.9 294.9 291.4
367.6 384.3 394.5 397.4 413.8 420 430.9 446.3 458.1 468.6 475.4 482.7 489.2 483.8 474.2 476 498.4 509.3 505 499.6 500.1 509.2 512.9 519.8 545.6 561 572.7 578.9 587.4 600.4 607.4 615.3 634.2 646.9 655.4 667.1 657.7 650.8 648.6 637.9 619.8 618.6 605.2 586.2 586.8 567.5 550.1 527.8 520.6 501.9 488.9 483.2 470.6 460.1 455.5 438.4 431 423.4 418.8 394.4 379.8 365.2 361.5 351.7 346.8 342.8 338.6 333.9 328.8 323.5 318.5 313.7 309 305.5 301.6 297 294 291.1
373.4 387.7 402.8 412.6 425.2 431.3 443 457.6 467.2 477.8 488.1 498.1 499.4 500.8 500.2 496 509.2 515.6 515.7 513 513.9 514.8 517.5 524.2 536.7 552.8 573.4 581.4 599.2 605.8 611.5 634.3 660.1 679.8 694.8 702.5 695.3 679 672.5 664.5 652 640 637.8 624.9 613.1 593.9 572.1 557.5 531.4 513.2 493.4 483.8 476.3 465.3 453.2 440.2 429.6 419.6 408.9 393.1 376.5 365.7 358.7 353.2 347 342.2 336.9 331.5 326.9 322 317.2 312.4 307.6 303.8 300.6 296.7 293.1 289.9
376.4 395 409.5 424.8 437.5 437.1 445.3 458 471.8 482.1 491.4 503.5 504.5 505.6 511 512.3 516.6 522.6 521.5 520.2 521.3 523.6 524.9 529.1 540.7 556.4 572.1 580.3 592.7 605.6 629.4 654.3 680 693.1 706.7 717.8 716.5 704.3 686.2 681.1 672.5 661.6 652 652.4 639 609.8 592.4 574.8 554.2 527 502.7 491.3 478.8 468.7 455.5 439.5 424.8 414.3 401.4 385.5 371.6 361.9 355.5 350.1 344.7 339.7 334.1 328.8 324.1 319.6 315 310.5 305.9 302.1 298.7 294.5 290.4 287.5
397.4 407.5 423 440.6 450.5 452.7 456.6 467.7 477.8 487.3 498.5 507.6 509.8 511.1 513.6 518.7 520.5 523.6 523.7 522.8 524.1 528.2 532.2 538.1 543.9 559.5 587.7 598.2 612.4 632.2 651.4 671.7 689.6 701.4 711.2 714.4 716 716 696.8 681.8 679.3 678.1 667 661.7 645.4 621.3 602 579.9 553.2 533.7 512 494.5 482.6 472.2 460.4 440.3 419.9 404.1 390.4 377.2 366.4 357.7 351.9 346.6 341.2 336.6 331 324.3 320.6 316.3 311.8 307.2 302.6 298.6 296.1 292.1 287.8 284.7
410.5 416.9 432.6 444.8 454.9 466.6 475.7 482.4 490.4 499.1 507.6 512.3 513 514.7 515.3 519.4 523.1 524.1 524.8 524 524.9 526.7 535.4 541.7 555 565.8 592.9 608.3 632.9 650.8 658.1 675 690.3 698 701.1 699.7 699 693.5 679.9 680.2 678.9 681.1 672.7 660.2 632.2 612.6 600.7 580.4 556.8 531.8 518.4 499.2 483.3 471.3 461.6 437.7 416.5 395.8 382.9 373.1 361.4 354.5 348.7 342.5 337.5 332.3 325.9 319.9 316.6 312.2 307.8 303.5 299.6 295.5 292.2 288.6 285 280.7
425.9 428 436.6 447.5 456.7 468.6 477.8 487 494.3 501.5 507 510.5 511.5 512.9 514.4 517.9 522.2 524.5 525.3 525.4 526 529.8 539.1 553.1 566.7 587.9 600.9 615.5 634.9 654.9 664.6 675.3 680.1 685.1 686.5 684.6 678.1 670.4 660.8 666.7 675.1 682.7 680.6 649.1 616.6 599.7 592.5 582.3 548 533.5 523.3 500.1 482.7 468.1 455.8 431.3 409.4 391.2 378.8 369.2 357.7 352.2 345.4 338.4 331.3 326 320.8 315.7 311.8 307.4 303 300 297 292.6 287.7 284.2 281.3 276.6
436 438.5 443.4 450.2 456.9 466.3 477.2 486.4 492.3 499.2 503.8 507.1 509 510.1 511.3 514.7 519 522.2 525.2 530.6 533.5 533.9 540.1 558.4 573.7 601.9 610.9 621.4 635.3 649.7 660.5 663.1 663.8 669.6 673.6 672.3 660.6 647 641.9 654.1 665.1 677.5 664.1 632.7 598.3 591 584.6 567.6 536.2 528.6 517.6 501.6 479.4 464.6 451.4 427.4 403 383.2 373.6 363.3 355.6 349.2 342 333.9 324.3 318.1 313.3 310 306.6 302.6 298.8 296.9 294 289 284.3 280.1 276.7 273.1
439.6 441.7 445.8 450.5 455.3 465.8 474.7 480.2 487.5 492.2 498.5 502.5 504.9 506 508 510.1 515.7 519.2 526.9 535.9 538.3 542.9 555.4 575.8 594.7 609.3 618.2 621.6 633.2 638.9 644.9 645.1 644.8 647.6 648.9 643.1 636.1 634 626.5 635 648.2 645.7 638.4 612.5 580.2 583 571.8 551 528.7 524.2 514.2 497.7 477.9 459.1 443.6 416.4 395.8 379.2 369.2 360.8 353.2 344.9 337.9 330.2 319.7 312.9 308.4 306.3 303.1 299.1 295.3 293 289.8 284.8 280.2 276.2 273 269.6
439.5 440.8 444 448.3 452.8 458.2 465.3 472.2 479.2 485.7 490.4 494.8 498.3 500.6 502.9 505.5 510.7 519.3 530.1 538.2 542.4 558.1 570.7 592.5 607.4 621 624.3 626.4 624 628.9 630 626.1 623.5 618.3 613.8 608.1 612.9 613.1 605.6 613.2 618.4 620.7 603.5 572.8 560.3 572.2 561.1 533.2 529.6 518.8 511.2 488.6 473.3 455 427.5 403.8 391 373.5 366.2 358 349.8 343.6 337.2 329 318.6 308 306.1 301.5 300.4 296.4 293.5 290.1 287.8 281.5 276.6 272.1 268.4 266.2
436.7 437.8 439.7 443.1 447.9 453.1 459 463.9 469.6 475.9 481.3 485.6 490.4 494 494.8 494.5 501.3 516.1 530.6 537.4 551.6 568.8 580.6 598.4 611.8 621.5 628 627 623.1 619.3 611.5 604.3 599.3 590.2 580.1 574.4 576.6 573.4 575 585 591.5 581.2 563.2 537.2 539.8 552.1 527.8 525.5 525.3 515 499.9 483 467.4 449 416.5 395.1 385.6 370.1 362.3 352.9 347.7 344.4 337.5 328.6 319.5 313.8 309.2 302.5 298.6 294.6 291.5 289.9 288.1 277.2 276.9 276.2 273.2 268.4
432.3 432.5 433.6 437.4 441.3 446.6 450.5 455.6 460.5 467.5 472.7 477.7 482 486.1 485.1 485.5 493 510.3 523.9 538.3 553.7 571.2 581.5 595.8 608.1 617.6 624.5 621.5 615.3 604.4 591.8 577.4 566.1 561.4 543.7 536.1 535.3 530.3 534.7 543.2 551.1 543.1 526.2 501.6 507.3 514.5 507 513.2 523.3 510 501.4 484.3 460.8 435.6 410.3 391.4 375.2 367.8 360.4 354.7 347.8 344.7 334.9 325.4 319.3 315.3 313.3 312.2 309.3 302.9 295.9 294.2 294.3 290.3 288.1 285.9 281.3 271.6
426.2 426.5 427.4 430.7 435 439 442.4 446.8 451.6 457.2 464 468.4 472.9 474 475.3 476.9 484.8 501.6 517.7 541.6 556.7 570.5 578.5 592 600.8 609.8 612.4 608.2 599.7 591.9 572.3 549.9 535.7 523.3 508.1 505.2 502.3 495.7 492.8 502.2 502.2 499.2 501 471.3 470.1 481.9 500.9 507.1 505.4 504.8 498 476.3 443.6 437.3 406.8 387 372.4 364.6 358.4 353.6 352.1 340.9 331 326.1 323.2 319.7 320.7 321.9 320.3 312.8 300.2 300.1 303.8 304.5 296.7 290.8 284.3 277.7
419.9 420.3 421.3 423.8 427.4 431 434.2 437.8 442 446 452 455.8 459.2 464.6 467.7 469.2 477.4 492.7 515.9 538.2 549.7 560.8 569.4 585.7 588.1 596.1 589.2 588.2 587.9 568.5 546.4 538.5 519.6 503.5 483.8 477.7 464.7 454.3 457.5 463.5 461.6 460.2 446.6 433.7 431.6 455.4 475.5 483.4 487.1 488.1 483.5 460.2 443.1 434.5 401.3 381.3 369.4 360.7 355.6 354.2 348.7 333.8 328.6 329.6 329.7 328.2 324.9 326.3 325.4 318.1 310.5 314.9 313.8 310.5 303.1 296.9 289.2 283.4
413.6 413.7 415.1 416.7 419.6 423 426.9 430.4 433.9 436.9 441.9 446.7 451.7 456.7 459.3 464 472.2 488.2 510.5 528.7 540 552.1 559.5 570.6 580.2 577 575 570.5 568 557.9 538.9 523.9 497.5 479.3 468.7 456.1 440.1 428.2 429.2 429 429.6 422.7 416.4 398.6 425.5 442.3 461.4 470.2 482.1 480.9 464.5 443 435 418.4 390.8 376.1 365.8 356.2 351.5 350.1 338.8 331.7 337.4 339.7 338.4 338.4 333.3 331.5 329.5 325.9 324.9 326.5 324.1 314.8 308.1 302.1 293.2 288
409 408.1 408.8 410.3 412.8 416.5 420.5 422.9 424.7 429 433.9 438.2 444.8 448.8 451.2 459.4 468.6 482 500.3 516.4 530.8 540.8 547.6 554.7 560.3 560.9 562.7 556.8 547.2 538.1 519.6 505.2 476.9 458.2 444.2 445.7 434.8 411.9 403.9 395.6 397.5 387 377 374.8 421.8 437.4 455 472.2 477.6 475.7 446.3 432.9 424.6 402.9 381.6 373.3 362 352.2 345.6 340.7 338.4 342.5 344.7 348.2 347.6 344.1 344.2 336.9 331.9 332.6 333.7 334.9 329.7 319.8 312.2 305.3 297.8 292
403.1 402.8 402.7 404.2 406.4 410.1 413.4 415.1 416.3 420.5 424.2 428.8 436.1 442 443.6 457.1 463.9 477.6 487.9 505.4 517.5 525.5 533 539.2 544 544.3 547.7 548.5 537.4 519.7 505.9 479 458.4 449.9 429.1 424 420 407.3 387.8 366.6 357.3 353.8 350.2 361.5 410.3 430.5 455.1 469.8 471.6 454.6 425.9 407.3 402.7 385.3 384.4 368.7 357.3 345.6 344.9 343.9 344.2 350.8 353.3 353.8 358 353.1 347.6 344.1 340.3 342.1 342.1 339.5 334 323.7 316.4 309.1 301.3 296
397.2 396.8 397 397.7 399.4 403 405.4 406.6 408.3 411.8 415.4 419.5 426.8 433 437.3 448.8 461 475.2 479.5 493.4 507.1 513.6 515.3 514.5 523.2 531.9 527.8 529.1 529.7 517.8 494.3 458.9 441.9 436 428.2 408.6 403.9 391 369.6 347.5 339.3 334.8 334.9 346.5 390.9 416.4 456.3 468.3 452.9 430.3 403.5 395.1 378.7 369 366.3 356.8 351 344.2 344.4 344.5 349.7 355.3 358.1 363.8 362 358.7 350.6 353.3 354.7 351 350 343 335.5 327.1 319 311.3 303.1 297.4
391.2 390.7 390.8 391 392.3 394.4 396.6 398 399.5 401.7 404.8 410.9 417.6 422.4 428.7 438.2 458.1 466.9 475.5 483.9 496.4 497.4 489.3 499.6 508.5 518.9 516.7 518.2 503.1 497.6 477.5 457.6 442.9 436.7 423.7 403.9 380.7 370 350.4 331.5 323.2 321.5 320.2 333.2 374.3 404 434.7 436 412.1 398.5 385.6 370.5 365.4 361.8 353 350.1 346.3 345.9 347.7 347.7 352.1 358.2 361 366.2 362.2 364.8 360.3 361.1 364.4 359.1 354.8 345.3 338.3 331 323 312.3 304.5 298.1
