data/SH65.asc
ncols 200
nrows 200
xllcorner 260000
yllcorner 350000
cellsize 50
[rows 140 to 174 of 200, columns 0 to 77 of 200]
573.7 586.6 600.1 615.6 631.2 644.4 660.2 672.3 687.1 705.8 692.3 651.5 611 571.3 537 506.5 478.5 461.3 444.4 432.7 415.4 406.3 405.9 405.3 413.7 420.5 428.7 427.1 428.8 442.5 456 469.1 489.7 509.5 536.5 556.1 577.3 604.7 631.1 651.4 659.6 664.2 669.1 676.9 682.9 699 721.5 741.2 755.3 755.1 745.3 733.7 722.6 704.7 692.3 683 668.5 645.7 628.6 607.8 582.8 558.2 532.6 507.9 484 467.8 447 441.2 423.7 416.3 414.6 424.6 434.7 452.2 467.5 484.2 497.3 506.4
580.1 594.3 608.6 613.9 624.7 634.9 647.3 662.6 679.5 697.4 691.1 652.3 611.3 573.3 537.7 503.6 474.8 454.6 436.6 412.2 393.9 393.3 392.9 403.3 419 423.6 424.8 422.4 429.7 442.5 455.2 470.7 489.7 509.6 532.2 554 575.2 599.1 619.7 634 637.4 640.8 643.1 650 657.9 674.4 697.4 721.8 732.6 733.7 727.2 715 700.5 681.3 671.7 661.9 649.9 628.5 609.7 586.1 562.6 538 506.2 479 456.5 439 429 420.6 407.8 406.7 412.2 421.7 435.5 457 472.5 484.2 492.7 510.3
585.1 599.9 609.9 620.3 629.2 640.5 649.4 664.3 680 690.7 685.2 652.3 613.7 579.8 544.8 506.7 471.1 447.6 425 407.3 392 387.9 388 399.3 404.6 418.1 417.4 422 429.5 440.6 453.8 470.8 490.7 507.9 534.5 555.7 567.6 588.5 605.3 608.1 611.9 614.1 616.5 621.4 633.7 650.1 672.9 691.1 704.2 703.8 701.5 695.5 675.1 663 651.4 638.6 621.3 602.8 585.3 561.2 538.5 510.7 482 465.3 441.6 416.4 408.4 398.8 384.7 400.2 413.6 424 442.2 457.3 454.9 468.1 483.9 504.8
587.8 599.2 603.9 617.7 626.6 635.2 648.7 665.6 690.8 695.6 683 644.1 605.6 574.4 536.9 499.8 473.4 451.4 431.5 407.1 391.2 381.3 375.8 381.1 385.4 395.4 406.4 413 424 439.9 453.5 469.4 496.5 515.2 536.6 548 562 577.9 589.8 590.9 590.8 589 591.1 593.9 609.9 628.3 643.2 659.8 668 673.7 677.9 669.3 659.5 646.3 631.4 614.8 593.1 578.3 559.8 540.5 515.2 487.2 460.9 433.4 423.3 404.6 387.9 380.8 385.5 402.9 413.4 416.4 425 432.2 444.8 463.7 483.7 502
586.7 590.5 596.8 604.6 619 636.5 648.3 666.2 683.2 692.6 684.2 642.9 599.4 561 520.9 495.5 470.4 454.2 433.8 408.7 387.1 372.3 368 374.2 383 392.3 395.2 406.5 418.3 431.1 450.4 466.6 485.7 503.9 522.3 541 556.8 571 582.3 573.5 565.5 560.4 565.7 571 582.3 597.5 616.5 624.1 636.3 647.6 655.1 647.1 642.1 629.3 615.6 597 575 554.1 540.2 516.2 490.5 462.8 438.4 416.1 396.6 379.4 366.2 371.7 393.7 399.9 406.7 403.9 414.2 423.3 441.7 457.9 479.9 494.2
577 583.7 590.7 608.3 616.3 622.7 629.1 643 657.1 676 677.9 632.8 587 553.6 514.6 483.5 463.3 445.5 433.5 411.8 389.3 369.7 372.8 373.9 381.1 386.7 397.7 405.1 413.9 428 443 458.2 472.5 492.1 514 534.8 555.5 574.2 574.2 557.7 540.7 541.2 541.2 546.7 558.2 573.1 583.8 596.5 610.3 625.4 631 627.7 629.9 612.6 591.4 571.9 552.9 536.3 517.1 490.4 460.5 435.4 424.8 405.7 390.2 373.6 351.8 360.6 376.5 375.3 380.7 399 407.4 422.3 440.6 459.3 471.7 481.9
575.9 587.9 587.6 596.6 602.7 605.2 611.5 620.3 641 659.4 662.4 621.6 571.8 533.5 505.5 478.5 454.1 432.8 421.5 405.6 390.3 371 359.5 371.6 383.3 378.3 393.3 401.9 409.3 417.3 429.6 448.4 471.2 493.8 513.4 532.6 553.5 567.1 543.2 522.9 517 513.3 516.4 524.6 538.1 543.8 558.9 571.4 586.4 602.3 609.6 614.5 615.7 592 572.3 551.9 533.5 514.5 491.5 463.2 441.9 426.4 410.7 399.7 378.2 355.9 345.8 352.5 351.5 366 380.9 397 414.3 431.9 442.9 452.7 465 468.3
572.2 580.1 585.5 589 589.8 589 595.7 616.5 633.7 651.8 642.9 600.8 564.3 518.4 489.3 459.9 435.3 419 404.2 391.1 381.7 367.8 353.7 370.1 371.6 376.9 390.4 395.7 400.9 413.6 426.4 441.9 468.4 496 485.9 526.8 526.6 517.2 495.3 475.3 471.4 471.6 479 495.8 506.6 518.8 534.8 549 567.7 582.8 591 602.5 596.5 571.4 550.2 530.6 510.5 491.7 468.4 446.1 431.8 416 397.1 380.3 363.5 344.4 338.6 339.3 342.8 367 370.9 393.5 413.5 426.4 439.4 449.1 447.6 452.7
562.8 566.9 576 583.6 587 587 596.3 609.7 625.4 637.5 628.6 581.6 542.4 506.2 475.3 448.3 427 408.9 392.9 382.8 372 360.1 342.2 352.1 360.4 380.1 376.9 381.5 394.8 404.3 417.1 434.1 457.7 421.9 414.1 436.2 448.6 452.5 439.1 428 420.1 424.6 443.3 463 480.2 496 512.6 531.1 550.1 568.1 578.9 590.6 566.2 548.1 530.2 512.6 495.9 472.5 451.3 433.9 416.9 398.8 377.4 361.3 342.8 337.2 336.6 340.4 349.5 351.3 364.8 382.1 406.6 421.8 428.9 428.4 429.6 426.7
554.1 560.4 571.2 580.5 584.8 584.6 590.1 601.1 617.1 633 613.9 569.6 532.7 498.6 468.5 446.4 424.3 404.6 391.7 380.2 368.3 354.8 335.6 337.5 346.8 358.6 361.6 373.3 383.4 389.7 403.9 421.6 393.1 372 380 384.2 387.3 384 376.9 373.4 384.3 401.2 422.6 443.8 462.3 475 496.9 518.4 536.7 556.8 568.9 565.9 539.1 529.4 514 494 474.3 455.5 434 419.9 401.1 378.6 363.1 349.8 340.1 337 336.9 333.1 347.4 352.5 360.1 383.7 397.6 401.9 403.3 405.7 406.7 401.5
547.5 553.5 564.3 574.1 579.4 580.8 585.9 595.8 611.3 626.8 598.5 559.2 527.5 493.3 462.3 441.8 421.4 404.2 390.7 374.8 363.4 349.9 335 328.8 335.7 346 356.8 360.9 370.9 375.9 389.5 381.3 354.3 341.9 346.4 353.5 348.9 344.3 336.9 350.1 362 375.6 394.9 413.8 433.6 454.8 479.4 501.7 525.5 547.6 556.6 540.5 521.5 510.4 497.1 478.1 460.7 437 423 403.9 381.8 367.7 351.7 342.9 342.4 341.3 337.4 328.9 332.8 333.8 348.8 365.5 377.7 386.9 381.3 378.3 379.1 377.8
537.2 551.1 562.8 568.4 570.6 571.8 574.7 586.1 600.4 609.7 596.2 553.2 516.5 484.7 456.3 437.8 419.6 405.3 384.8 369.2 354.7 341.7 328.5 320.8 326.4 336.4 339.6 345.2 353.3 359.8 354.8 335.7 323.4 317.8 314.7 320.8 320.1 318.2 317.6 329.2 342 357.4 375.6 399.5 422.1 436.9 460.8 485.6 516 527.4 542.2 525.2 513.4 502.2 483.7 464.1 445.1 428.8 409.3 391.9 372.6 358.6 349.7 345 333.8 327.1 316.7 316.4 323.1 340 359.7 375.4 384.7 381.3 356.9 359.5 357.4 362.8
531.6 540.5 549.4 555.7 554.6 559.4 569.7 575.2 589 603.3 589.2 545.4 509.9 478.6 449.5 432 415.7 396.4 380.5 363.8 347.5 334.2 323.1 320.4 314.2 323.6 327.2 326.8 331 330 328.7 331.3 324.5 305.1 301.2 302.4 300.4 296.5 298.4 311.4 324.2 344.9 367.5 388.1 398.1 412.4 436 460 479.9 501.9 519.4 512.6 509.1 491.4 469.6 447.6 431.6 416.1 398 381 365.8 355.7 347.6 335.1 323.7 317.3 315.3 317.5 334.9 351.8 360.8 364.2 365.6 352.6 344.8 345.1 344.9 338.1
523.2 523.6 525.3 533.6 531.7 537.4 543.3 570.4 577.5 585.5 574.8 527.7 492.5 463.6 441.3 421.1 404 390 376.5 362.4 349.8 334 321 316.4 315.1 314.4 315.5 315.6 315.1 314.9 320.7 338.2 331.4 301.3 294.3 288.3 285.1 283.9 288.4 296 316.4 336 351.2 354.1 369.2 384.7 408 430.2 452.6 477.8 496 507 498.6 473.9 453.5 432.8 417.5 403.6 386.3 370 359.7 344 335.3 326.6 321.5 317.4 313.6 319.5 328.2 341.1 340.8 339.5 337.5 334.6 341.6 330.9 313.5 308.7
499.1 511 521.1 520.2 526.8 525 503.6 537.9 556.4 544.9 538 508.9 478.5 456.9 427.9 408.8 395.3 384.5 371.3 360.1 350.3 338.2 327.4 322.1 311.8 308.4 306.4 304.6 303.8 304.4 305.1 306.2 301.2 300.8 291.7 287 279.7 275.2 278.8 287.1 302.6 313.4 310.9 317.1 334.8 347 375.4 404.2 429.6 450.5 469.7 486.2 478.2 457.3 435.4 418.8 402.9 391.3 375.7 367 351.5 343.8 335.4 332 326.6 318.9 309.7 306.7 308.9 314.9 326.2 322.8 321.2 321.1 322.4 299.9 279.6 264.9
493.5 502.3 510 508.9 497.9 516.2 526.9 524.2 518.6 521.8 517.1 490.8 468.6 447.6 422.1 411.7 400 388.5 374.9 362.6 354.9 347.2 339.5 332.9 323.5 319.2 315.2 307.8 303.3 300.6 298.8 298.3 296.4 293.5 295.6 297.5 275.3 272.5 272.2 278.2 295.2 291.2 285.7 290.9 307.1 322.4 341.9 367.7 400.1 428 444.8 459.1 453.3 437 416.9 398.5 392.1 375.8 360.5 357.1 352.7 347.6 340 330.7 321.2 304.1 283 281.1 292.6 302 300.3 303.1 299.1 303.3 303.9 263.4 247.7 231.9
491.1 497.8 497.9 490.8 506.1 511.2 512.7 514.1 518.2 512.3 519 491.4 464.6 444.1 423.3 413.5 404.1 392.5 379.6 369 362.3 354.7 349.8 341.9 335.4 330.3 325.4 325.3 311.6 307.9 304.9 302.5 299 293.1 285 280.9 271.5 269.7 266.4 268.9 277.3 270.4 270.1 280.7 296.8 315.5 332.1 362.1 382.5 402.2 423.3 426.5 424.6 410.8 395.4 386.8 379.5 364.8 357.5 356.4 355 342.7 332.2 320.4 297.2 282.1 258.9 264 285.7 282.4 281.9 287.7 284.3 289 266.1 235.8 216.9 200.1
488.2 494.4 494.2 491.1 492.5 496 500.4 501.4 502.8 506.6 509.3 488 466.6 444.7 425.4 414.8 407 396.8 385.9 376.7 369 362.2 357.9 349.8 344.4 339.9 334.6 326.5 319.6 316.2 314.2 311.6 307.5 300 295.9 288.9 277.6 277.6 269.5 260.1 259.3 260 263.4 275 291.9 312.8 331.3 352.7 375.1 394.8 397.2 395.8 387.6 381.8 375.1 374.6 366.6 361 354.9 344.4 332.7 324.3 311.8 291.7 272.2 260.4 250.4 269.7 269 270.3 274.5 277 272 266.5 230.8 209.3 193.2 181.4
490.9 492.8 489.8 491.5 498.7 500.9 500.3 500.1 503.6 511.5 520.8 500.1 463.8 445.4 429.2 418 409.4 401.3 394.1 386.9 378.4 372.1 367.1 365 356.2 347.4 332.7 332.1 328 326.4 324.2 322 320.8 317.7 314.4 308.3 302.1 298.4 275 262.1 258.7 257.1 256.7 273.8 295.4 317.6 333.3 347.4 358.8 363.4 368.3 364.1 364.5 358.3 361 360.7 354.9 347.5 335.1 325.7 313.8 301.6 284.1 270.5 257.5 246.9 243.7 247.7 252.3 257 258.2 269.9 270.3 231.7 201.5 185.1 171.8 158.7
492.5 493.7 492.1 503.8 507.6 510.5 508.1 506.1 512 522.8 536.9 510.1 469.7 449.5 435.5 422.7 414.5 408.9 403.8 397.8 392.2 383.1 378.2 371.8 362.4 350.7 345.6 341.6 338.1 335.9 333.7 332.7 331.4 332.5 326.7 318 310.3 296.2 274.5 264 262.1 259.7 255 262.9 282.8 297.3 310.8 332.9 330.9 335.8 342 342.6 335 344 350.6 346.3 343.2 332.7 319 307.1 295.5 278.1 265.2 252.1 242.6 226.8 225.1 240.8 241.1 247.9 258.6 265.5 240.6 201.7 178.8 166 151.5 136.6
503.4 502 503.4 508.1 510.1 512.8 515.7 517.5 524.8 526.1 542.1 539.7 495.7 456.9 445.5 433.1 425.3 419.2 413.9 410.5 404.3 397.9 391.8 385.8 374.7 363.1 356.4 351 346.9 344.6 344.1 346.8 343.7 342.5 338 329.5 320.1 310.2 290.2 275.6 275.8 272.6 260.8 241.7 251.8 269 293.4 311.3 320.1 321.5 323.7 316.4 323.3 328.6 328.3 323.1 330.7 317.2 299.4 285.6 269.9 259.9 248.5 238.8 228.1 216.7 216.1 228.9 237.4 238.3 243.8 246.8 197.7 175.1 161.6 147.4 132.7 121.8
510.2 509.7 515.9 522.8 522.4 523.1 526.5 529.7 538 537.6 541.8 541.5 518.9 472.7 455.3 445.6 438.3 433.4 428 423.1 418.5 411.2 407.2 399.8 391.4 378.9 367.7 361.4 360.1 358.3 357.8 358.2 356.5 352.1 345.3 338.8 331.7 317.4 292.2 297 296.6 291.1 270.9 234.7 235.4 257.8 283.7 294.4 290.5 301.5 306.6 303.3 302.2 298.7 299 307.9 309.2 293.6 279 264.2 248.2 239.7 229.5 224.8 215.2 205.8 218.4 219 220.5 217.8 212.5 186.7 166.8 154.3 145.8 129 120.7 118
517.3 521 523.4 527.3 530.4 535.8 535.9 534.5 553.6 558.5 555.7 556.3 521.3 493.8 486.9 460.1 453 452.8 446.2 440 434 427.6 419.3 413.7 405.7 396.4 386.6 377 374.1 375.1 382.7 372.5 367.3 363.7 362.1 352.1 331.6 316.4 316 312.5 305.3 293.7 267.9 231.8 223.3 243.7 252 265.2 276.1 284.2 279.2 275.8 274.6 275.4 283.8 291 279.6 267.7 257.5 244.7 224.5 220.4 213 204.6 197.6 194.8 201.7 204.3 202.8 180.2 176.2 153.3 144.3 141.2 132.8 113.5 114.8 117.4
524 528 536.8 542.8 546.3 548.3 550.6 550.2 564.6 575.9 580.9 583.7 549.5 524.6 513.6 499.8 475.9 472.8 472.4 462.7 452.8 447.2 438.2 423.7 415.9 407.7 403.1 396.2 391.1 395.1 400.8 393 382.3 378.5 370.4 356.5 347.3 337.6 331.5 321.5 313.4 304.7 270.2 233.2 207.2 215.6 229.6 250.9 245.9 247.7 257.1 251.5 249.6 257.4 265 259.9 253.7 243.6 231.8 217.1 210.3 198 198.1 189.5 189.5 179.2 182.3 181.1 162.4 149.5 138.4 134.3 132.1 133.5 111 106.8 118.5 121.5
535.7 537.6 547.1 555.1 559.7 561.9 567.6 577.7 586.6 593.9 605.7 605.9 574.9 554 537.2 521.4 503.2 495.7 497 486.8 478.4 468.3 458.1 441.1 432.5 424.1 414.2 411 409.7 413.4 421.1 414.5 400.3 392.5 386.1 377.8 369.5 352.9 340.2 331.7 324.3 305.1 277.3 232.1 204.2 206.9 223.4 214.7 207.6 219.6 233.6 231.2 233.8 239.7 243.3 239.7 236.2 221.9 209.1 203.5 198.5 182.4 174.3 183.9 177.2 169.4 180.5 170.3 137.1 124.1 118.6 121.5 124.1 107.2 95.6 109.6 118.9 114.9
543.9 552.6 558.4 569 571.3 586.1 595.6 609.3 614.6 618.1 627.3 626.4 610.6 602.7 580.2 547 532.3 521.3 519.7 505.3 500.6 491.1 474.4 459 451.7 441.2 430.9 425.7 424.2 431.5 436 436.7 426 415.5 407.5 401.1 388.5 367.6 355.1 343.8 331 316.5 277 242 209.2 191.5 195.8 191.3 190.2 192.8 195.6 200.9 206.9 219.9 218.5 223.7 213.6 194 190.6 183.4 161.9 156.5 170.1 172.2 163.3 157.8 153.8 131 113.2 103 110 92.9 92.3 84.5 99.6 111.2 113.4 111.2
557.5 567.4 579.5 583.4 601 616.6 623.3 631.9 640.2 647.9 657.1 649.7 640.2 637.4 626.8 585.2 565.5 562.4 549.6 536 516.2 507.8 490.8 478.4 469.8 460.9 451.3 449.3 445.4 446.4 453.6 454.5 443.4 446.4 441.3 430.6 408.3 387.1 372 354.4 342.7 300.5 268.1 232.6 202.9 180 179.7 170.8 175.4 177.9 175.7 183.1 199.9 205.4 213.7 205.4 188.3 184.4 166.1 147.9 142.6 153.5 160.9 154.7 149.4 134.3 120.6 108 95.5 86.2 78.9 76.3 76.6 80.8 100.6 102.4 105.9 105.1
573.3 588.6 597.7 603.5 612.1 626.8 638.1 651 666.2 687.4 700.8 687 680.2 666.4 650.5 625.8 608.7 599.5 583.7 563.5 547.6 533.6 519 505.1 492.5 480.2 470.8 466.2 464.1 465.2 474.7 483.2 478.9 478.2 474.8 456.1 432.7 403.8 388.9 370.8 327.6 280.3 248.4 217.7 195.6 172.9 157.2 147.2 155.1 160.5 159.2 172.2 185.2 203.5 195.2 184.9 173.2 146 128.8 130 133.8 136.8 139.9 138.5 129.4 120.4 99 92.9 85.7 80.3 75.7 73.7 75.5 74.6 91.8 93.1 92.7 86.4
578.6 595.3 603.7 611.3 615.6 626 642.7 666.8 694.4 730.7 731 716.4 692 665.8 648.9 631.5 611.9 598.3 579.3 561.3 545.6 539.1 531.2 522.4 513.5 508.7 503.3 499.3 499.4 499.7 506.1 513.5 508.6 501.7 485 467.3 445.1 422.4 391.9 362.1 310.4 260.3 230.5 205.9 189 169.3 146.8 131.9 138.4 144.4 144.5 153.7 182.4 185 180.2 160.6 141.2 116.8 109.5 114.7 119.6 124.9 123.5 118.9 125.4 98.5 87.9 86.3 83.7 78.8 71.4 67.4 67.8 69.5 76.7 70.1 71.9 71.3
583.7 594.8 612.7 625.6 631.3 648 664.6 689.8 741 739.6 726 708.5 686.3 657.9 638.8 621.4 607.3 592.1 565.8 551.5 541.3 532 524.1 516.6 508.1 505.1 510.7 514.6 519.2 517.6 518.3 519.7 512.5 496.8 478.2 453.8 430.3 397.6 362.4 336.6 295.1 251.9 217.9 195.3 180.1 162.1 145.6 128.2 134.4 132 130.6 134.6 141 136.2 134.1 116.6 107.3 99.5 96.6 100.8 103.2 97.3 98.8 114.9 94.2 85.1 81.9 82.4 81.3 73 66.6 64.5 65.1 66.4 67.6 67.7 65.6 64.3
593 609.6 621.2 634.5 653.6 670.8 693.2 717.2 724.5 723.5 710.5 689.6 669.9 645.9 631.1 610.3 602.6 582.3 557.2 546.3 534 528.3 519.3 512.1 498.2 501.2 505.1 513.7 521.6 507 515.8 510.4 497.8 482.8 464.1 438 405.4 371.5 341.2 304.3 272.2 237 208.7 190.1 174.9 157.4 146.1 127.7 124 119.9 117.8 116.3 113.8 111.9 108.2 106.6 96.1 86.9 81.8 82.5 82.2 75.3 75.3 78.4 75.9 75.6 77.2 79.7 72.7 66.9 62 64.5 67.8 63.6 65.3 65.4 64.3 64.3
608.9 616.4 637.4 652.7 670.7 682.5 684.5 688.5 690.1 692.1 688.6 672 648 634 615.4 609.3 601.4 581.4 554 535.9 523.2 514.7 504 496.3 491.4 490.7 496.4 514.7 500.1 493.9 500.3 490.8 486.2 472.8 447.9 429 411.1 380.8 333.6 294.6 261.7 227.7 203.5 187.1 169.2 154.1 143.8 137.1 135.7 128.4 125.5 118.2 108.8 99.8 99.2 95 84.3 75.5 69.2 71.5 71.2 67.6 67.2 67.7 68.3 70.6 73.5 72.3 68.6 65.1 62.4 64.9 70.6 72 74.1 77.1 67.2 64.3
618.8 623.9 638.6 648 653.7 655 657.4 657.1 657.4 656.3 661.1 647.4 626.1 609.6 608.5 604.4 590.3 567 550.9 536 523.7 511.7 504.7 497 490.5 491.4 500.3 501.5 483.7 488.7 477.4 470.4 468.9 460.7 440.4 424.4 405.7 382 335.5 294.5 256.1 225.8 200.4 185.2 170.4 157.8 149 143.9 140.4 139.6 135.9 130.4 122.1 107.6 88.3 79.7 71.7 67.2 66.3 66.8 66.5 64.4 62.3 64.3 65.1 66.4 67.1 65.4 63.2 61.6 63.7 69.2 75.1 87.3 92.8 92.7 80.3 74.4
610.7 614.9 618.7 624.8 628.1 627.1 626.1 628.4 631.6 640.3 633.3 618.9 603.9 594.6 598 596.7 573.2 558 544 527.3 515.4 511.9 500.3 491.7 483.7 485.2 493.5 474.6 467 470.8 461.2 462.7 463.6 450.3 435.1 410.5 395.2 372 336.1 299.1 262.4 230.5 201.9 184.9 170.5 162.8 156.3 152.1 147 145.6 142.3 140.5 126.9 109.8 103.3 80.4 73.4 70.5 67.2 64.4 62.3 61.5 60.5 60.3 62.5 63.9 61.4 61.1 62.9 65.1 70.6 73.5 81.4 95.9 105.6 96 90.6 93.5
594.4 592.9 596.2 601.1 602 604 604.5 605.2 610.8 616.2 603.7 593 582.5 584.9 590.7 568.6 558 541.6 529 517.4 505.7 499.6 488.3 474.5 472.4 475.8 473.4 454.6 451.8 458 452.4 458.4 458.4 450.8 421.3 394.8 376.1 352.3 337.7 302.9 266.9 239.4 210.3 190.6 176 168.8 165.4 162 153.6 150.7 146.1 123 105.5 97.2 76.4 72 68 67.5 65.4 64.1 62.5 63.2 61.6 61.4 59.3 59.9 60.3 61.1 65.8 70.6 77.6 81.8 89.3 103 110.1 104.4 106.4 125.8
