data/SH70.asc
ncols 200
nrows 200
xllcorner 270000
yllcorner 300000
cellsize 50
[rows 70 to 104 of 200, columns 79 to 157 of 200]
296.8 296.2 292.7 290.1 283 278.3 277.1 272.7 265.1 254.8 247.8 242.2 232.8 219.4 210.8 197.6 183.5 166.3 151.6 138.2 145.2 142.6 133 118 94.7 79.4 70.6 60.8 61.4 72 91.9 126.3 157.3 183.5 208.8 224 228.5 228.9 212.9 193.7 178 162.2 147.7 140.9 134.6 128.6 123.8 119.8 114.1 105.3 96.1 83.2 73.2 69.2 82.2 96.7 110.4 119.8 131.9 141.8 147.1 151.1 155.8 158.5 160.5 160.7 160.6 159.4 153.8 134.3 134.4 148.2 157.3 165.6 176.4 185.7 175.3 153.3 136.4
287.4 290.8 289.9 283.8 276.7 273.3 271.4 267.3 260.8 249.1 239.3 234.1 224.6 214.6 207.7 197.9 187 178.3 170.7 153.2 123 118.5 119.9 106.1 90.1 79 69.7 60.3 60.7 69.6 97.1 130.4 159.9 190.3 210.3 219.5 222.4 205.5 186.5 169.5 155.9 140.9 128 120.9 113.8 106.3 105.9 102.2 95.6 88 81.7 72.4 69.1 81.9 97.2 114.6 130.4 143 155.1 165.6 170.8 173.4 181.3 184.9 181.1 178.9 179.3 178 170.7 145.2 141 154.5 165.4 176.4 185.9 194.4 199.9 178.2 156.6
272.9 271.2 275.7 271 266.1 263 261 259.7 256.2 250.2 227.9 223.9 220.4 217.2 207.9 199.1 194.2 188.7 178.5 165.6 144.5 119.2 96.8 101 78.3 71.9 68.7 60.1 60.5 69.6 101.2 133.8 165.9 191 206.1 212 203.5 180.6 161.1 142.7 134.5 120.7 112.6 104.9 94.7 87.1 86.5 80.6 76.3 70.9 66.9 68.7 82.8 96.5 117.7 134.2 151 168.1 180.5 191.8 194.1 195.3 200.8 198.5 199.9 197.1 196.5 191.6 180.7 153.4 145.8 153.5 170.6 181.8 193.2 203.2 212.2 205 180.1
248.7 250.2 254.7 257.1 254.6 250.6 250.7 250.1 250.1 235.5 219.2 217.8 220.9 217.7 209.7 206.1 202.8 197.1 183.9 179.2 167.8 156.1 125.6 105.1 85.8 78.7 70.5 59.6 59.8 72.6 98 133.6 158.2 174.8 181.8 193.8 175.8 155.1 136.4 120.9 112.8 102.1 91.3 87.2 78.8 70.2 66.4 62.8 67.8 72.6 75.4 77.7 100.4 122.6 136.3 155.4 174.8 189.3 200.2 209.7 212 209.1 214 215 214.7 208.4 209.9 205.9 189 169 164.9 161.1 165.9 185.1 198.6 210.3 218.7 222.2 211.2
225.6 228.3 232.3 236.1 238.3 236 238.9 238.8 239.9 222.7 210.8 214.9 220.8 219.4 216 215.4 213.3 203.6 192.9 188.8 178.6 164 145.1 127.7 102.9 85.5 74.6 63.9 58.9 72.8 89.9 123.5 145.4 155.6 160.8 155.1 144.7 131.7 117.7 103.8 93.6 81.3 73.3 70.2 64.1 60.1 70.4 79.7 84.5 88.6 95.4 83.7 98.9 121 147.5 170.8 190 203.6 214.7 218.5 220.2 220.3 225.7 224.4 220.7 219.8 223.9 221.2 195.3 195.7 185.6 181.9 174.3 180.1 198.9 212.9 221.8 227.5 229.3
212.7 215.5 218 219.9 219.7 221.6 220.5 220.2 226.9 213.4 203.6 212.7 220.3 221.3 222 220.9 214.2 205.5 198.5 194.5 179.6 169.5 152.2 148 118 97.5 80.6 66.7 59.2 64.6 75.4 102.6 131 134.7 143.5 134.1 123.2 110.6 98.9 85.7 76 70.5 62.6 58.9 65.2 75.1 85.6 93.6 98.7 105.7 115.7 116.5 93.4 109.1 134.4 159.5 184.1 203.6 213.2 219.5 221 227 229.1 225 225.7 233.2 235.4 232.6 223.8 217.9 212.6 207.5 195.1 196.4 202.3 214 225.8 234.1 242.1
200.8 204 206.9 206.9 203.8 207.2 204.1 205.3 208.7 199.9 198.4 207.6 215.7 221.4 222.7 221.7 214.2 207.7 201.9 195.5 180.4 167.9 159.9 159.9 140.9 114.8 92.8 77 62.7 58.8 65.2 84.3 113.6 118 127.5 114.1 104.3 93 82.1 69.5 61 58 59.3 65.1 74.8 86.1 98.7 111.9 122.8 132.1 141.2 144.7 124 105.4 116.1 144.7 166.7 186.7 198.6 209.6 217 222.1 224.5 228.9 236.4 243.7 244.8 243.9 240.3 235.2 233.6 230.2 220.9 224.1 228.3 234.6 242.6 251.2 256.1
189.3 192.3 197.5 197.1 193.7 194.3 193 193.2 193.8 187.2 188.6 200 211.1 220.7 221.5 221.1 216.8 209 204.3 198.4 187.2 172.9 173 180.6 171 139.3 115.5 94.5 73.3 58.1 59.8 81.2 93.7 106.8 110.6 97.4 87.4 78.3 69.1 64 57.3 57.7 65.6 78.7 78.2 94.3 114.4 133.5 143 153.2 161.1 167.2 159.6 130.7 111.9 128.8 152.9 168.9 181.6 192.3 203.8 213.1 220.9 231 240.7 248.7 253.1 253.2 250.6 249.9 251.9 249 247.5 249.3 252.4 258.5 263.1 265.8 270.5
194.4 188.7 184 187.6 180.9 178.1 184.9 185.3 185.4 179.4 181.7 192.2 204.4 213.4 220.5 225 217.8 210.6 208.1 204.9 192.9 182.7 183.5 192.6 189.5 168.6 141 119.9 93.9 68.1 57.3 63.5 70.4 83.8 91.1 82.4 75.5 68.6 67.4 55.8 54.3 62 72.8 88.4 93.3 96.3 124.6 145 155.8 166.3 175.6 182.2 186 162.5 139.6 128.3 133.5 151.5 165.4 178.4 187.5 199.6 213.1 225.8 239.8 252 257.5 263 262.3 265.5 267.7 266.3 268.5 272.1 275.1 275.5 275.8 278.3 282
201.4 194.5 187.3 177.5 173.3 167.8 172 178.1 178.9 173.2 175.1 185.2 197.2 206.1 217.8 214.2 213.2 210.9 210.7 207.5 196.5 190.9 195.4 201.1 195.8 187.2 167.5 140.5 120.6 98.5 74.7 59.1 56.4 61.9 69 70.9 69.4 69.1 65.3 56 56.7 66.2 77.3 86.7 97.5 106.7 127.3 150.8 164 175.6 188.6 189.7 196.9 194 172.7 150.4 136.9 136.8 149.2 166.3 176.5 189.5 202.8 216.7 232.9 249.2 260.1 268.2 270.3 275.1 280.2 279.6 284.8 288.3 288.3 286.5 284.3 284.9 288.2
211.2 204.7 198.2 190.6 182.6 171.6 163.3 167.2 170.1 162.2 167.9 179.3 186.6 194.8 205.7 205.6 204.1 209.3 212.6 201.9 196.3 197.5 200.7 205.6 198.6 188 176.4 160.1 140.3 126.5 112.4 92.7 73.1 61.5 56.4 59.4 63.5 64.6 63.6 49.7 60.9 69.2 73.9 80.1 102.1 120.4 117.8 145.2 167.1 180.9 188.5 192.9 201.9 208 203.1 181.4 164.7 158.7 148.9 149.1 160.7 175.9 192.6 207.5 223.3 240.9 258.8 268.5 276 284.6 290.1 292.3 295.2 301.5 294.2 290.1 289 289 291
226.1 216.9 208.4 199.1 192.4 184.7 172.4 156.7 158.4 157.5 157.6 167.4 173.4 188.5 191.3 183.3 190.6 202.7 208.6 197.2 190.1 197 203.7 206 197.3 186.5 176.9 162.4 156 162.1 161 139.4 111.7 93.5 74.4 58 55.1 54.1 52.7 50.3 58.8 65.6 71.6 78.4 103.5 128.5 141.7 141.6 164.6 172.2 179.9 192.7 205.1 214 219.5 212.6 197.9 187.6 175.4 168 163.1 165.9 182.4 198.9 214.2 232.6 251.4 266.1 280.1 290.4 296.7 299.3 302 302.5 294.7 289.7 288.5 288.9 290.8
239.7 228.7 215.7 208.1 205.9 198.2 184.8 168.4 147 153.9 144.8 150.8 160.7 174.5 170.8 169.1 173.4 179.3 184.2 186 185.3 188.7 199.1 200.4 191.9 182.7 172.9 163.4 165.5 171.8 170.9 163.4 150.3 132.1 109.9 87.6 66.5 60.8 60.7 51.1 49.7 59.4 67 77.3 102 129.2 150.6 163.1 159.3 164.9 175.8 192.2 210.1 219.2 229.2 228.9 223.5 216.6 204.8 195 188.7 180.6 176.3 193.8 210.2 226.8 247.3 264.4 278.7 290.6 291.9 295.7 298.3 293.5 289.7 285.9 285.5 286.3 287.1
251.9 239 224.5 217 215.1 205.8 192.6 178.2 153.9 138.3 128.4 133.1 145.1 154.4 156.2 156.6 159.4 164.3 170.9 169.3 171.1 184.9 192.7 190.2 183.3 178 166.7 165.3 170.4 175.4 173.9 167.1 156.1 147.2 134.7 115.5 103 89.6 67.6 61 47.7 54.1 64 72.7 97.9 123.9 152.9 171.1 180.4 182.1 180.6 188.7 205.5 220.5 228.5 237 241.3 241.2 233.4 222.1 214.5 206.4 196 195 208.5 225.1 245 262.2 276.1 284.5 286.2 284.6 284.4 282.7 279.4 276.3 276.8 278.7 278.9
260.6 248.4 235.8 226 222.2 211.4 200 185.7 166 148.2 134.4 123.1 127.8 139.5 146.1 142.1 143.5 148.4 154 148.5 161.8 179.4 182.2 177.7 174.7 169.1 166.2 169.6 172.2 175.5 171.7 164.5 155.3 147.6 136.7 126 114.9 95.9 67.1 60.9 47 51.8 61.4 76.3 96.5 117.7 151.6 174.7 189.4 199.3 206 202.5 199.4 217.9 233.6 244.3 248.6 252 253.5 250.8 242.9 232.7 224 219.5 222.4 230.4 242.7 263.5 275.7 277.1 277.2 272.5 267.2 265.5 262.2 260.7 262.2 264.4 267.9
267.9 255.5 242.7 235.2 229.2 221.2 210.1 194.5 175.3 153.4 139.5 129.6 114.7 122.4 128.4 126.7 128.7 131.3 133.6 135.3 153.5 160 168.1 165.6 165 162.6 162.6 166.9 170.7 172.7 169.4 160.6 152.3 143.7 132.1 126.1 116.3 93.7 65.3 57.3 45.9 50.7 62.3 79.6 96.8 118.4 147.7 176.8 192.9 204.3 215.3 224.8 227.2 224.7 239.9 251.2 259.4 263.8 266.9 268.5 267.5 261.7 254.1 249.8 249.5 257.4 260.7 274.6 277.8 271.8 266.9 261.5 250 245.5 242.9 242.3 243.7 245.7 251.9
274.3 264.2 250.4 240.3 239.8 234.6 221.2 201.5 179.2 157.9 144.5 134.8 122.7 108.9 109.7 113.1 119.8 119.5 118.4 123.8 134.4 136.3 142.8 146.1 148.1 154.6 158.9 162.8 167 166.4 162.7 156.4 147.2 133.8 123.7 120.4 108 84 62.3 50.7 46 50.7 62.2 80.1 101.3 123.6 146.8 170.5 190.8 211.2 228.7 237.4 244.8 251.4 258.2 264.8 269.8 274.4 280.4 282 282.7 280.8 278.7 278.3 277.8 281.4 281.8 286.2 285.2 271.1 259.6 247.6 235.6 226.5 222.6 218.3 221.1 223.8 230.1
276.6 267.5 258 260.5 257.6 247.2 229.3 213.3 190.5 166.4 150.1 138.9 130.3 118.2 106.7 99.4 112.6 112.1 106.4 110.6 116 123.1 128.4 135.3 142.3 145.8 149.3 156.7 159.3 158.5 152.1 146.1 135.9 123.5 112.5 114.2 94.8 74 56.9 45.8 45.6 51 63.5 81.5 103.5 128.3 150.6 170.4 199.8 225.2 240.4 252.1 259.4 267.6 274.8 280.6 284.4 288.7 294 291 291.6 293 295.2 296.1 297.5 297.9 294.9 295.8 289.5 274.5 259.7 238.3 219.1 207.8 197.9 194.4 196.5 202.1 211.1
274.4 268.8 271.1 270.1 268.2 256.3 241.6 229.2 208 183.9 160.8 145.9 132.7 123.3 112.4 100.4 98.8 100.4 95.9 102.4 107.3 107.5 112.6 113.8 127.6 136.5 138.3 143.2 146.4 145.1 141.1 132.1 122.3 111.1 105.2 104.5 80.7 60.1 48.9 45.3 45.4 51.2 64.3 81.9 105.3 130.4 155.1 181.7 210 234.5 248.8 264.7 272.4 280 285.2 290.3 295 301 296.5 292.6 292.3 294.3 299.6 299.5 301.5 296.3 298.9 300.3 292.2 284.2 267.1 240.7 215.4 195.4 183.7 177.2 170 177.3 188.9
270.4 269.6 274 280.1 275.1 263.8 253.5 241.1 227.1 205.8 180 161.9 146 131.2 123.6 110.2 93.8 88.3 84.1 94.2 102 102.2 100.9 104.7 113.2 118.3 126.9 130.7 127.8 122.3 114 108 102.7 89.7 86.6 83.1 59.6 49.4 47.9 44 50.3 53.1 67.2 85.9 108.4 134.4 157.1 186.8 215.8 237.4 255.1 272.2 280.2 284.5 289.8 293.5 299.5 292.4 286.4 290.9 289.6 289.9 295.1 294.1 298.5 294.6 299.4 300.8 296.3 289.3 273.6 256 235.1 217.7 207.4 195.3 180.8 163 165.6
264 271.7 273.5 274.9 266.6 265.2 259.9 251.1 241.6 223.5 199.1 179.5 163.6 149.3 139.3 129.5 115.4 102 91.9 79.8 92.9 91.8 90.1 96.6 99.5 101.7 105.8 109.1 106.8 103.1 93.9 87.7 78.7 70.5 71 60.6 47.1 45.5 44.4 42.4 51.9 59 75.3 85.6 117.5 141.9 162.7 186.5 218.4 244.2 262.4 274.9 281 281.5 284.2 284.3 285.1 277.4 277.2 274.8 278.6 280.8 282.7 291 289.5 292.5 299.4 299.3 296.3 288.9 272.2 257.2 251 238.7 232.4 220.3 198.4 181.3 157.3
261.3 269.5 272.3 268 262.1 261.3 260.8 255.5 248 234.8 219.7 201.5 183.9 168.1 155.3 143.3 132.2 120.5 111.9 90.8 69.1 73.9 75.8 84 86.9 82.5 80.7 84 81.5 71 64.4 62.4 62.6 63.3 64.2 48.7 44.6 43.5 42.3 50.5 56.1 66 81.2 100.8 126 148.3 168.1 193.2 216.6 242.4 260.5 271.5 271.8 271 271.7 269.1 267.6 262.7 261.3 258.1 260.8 266.9 275.2 278.2 279.5 286.8 292.7 292.7 293 286.1 268.3 252.5 250.6 252 246.6 236.5 219.8 197.3 167.8
249 257.3 260.5 257.6 253.2 256.8 260.9 258.2 251.2 243.1 234 220.9 203.5 186.1 173 160.9 154.2 140.6 126.3 107.4 77.2 63.3 64.3 65.8 66.3 63.8 63.5 66.3 62.7 56.1 55.6 56 56.5 57.3 51.9 44 42.9 41.6 46.3 56.6 62.6 76.6 93.8 114.6 134 154.7 174.7 200.9 224.9 244 254.2 255.3 256.3 255.1 258.3 255.8 251.8 252.1 244.3 245.9 248.1 255.3 261.5 265.1 269 276 281.2 285 286.7 281.9 262.8 248.7 248.8 251.5 250.4 243.7 229.2 213.5 187.9
233.5 243.4 244.2 244.5 245 251.8 260.1 254.6 249.5 243.5 236.8 230.3 212 198.7 184.5 172.5 167.8 155 132.6 112.9 97.3 65.7 58.2 57.9 56.1 52 50.9 49.9 48.1 44.6 41.9 43.6 50.4 51.2 43 42.8 40.1 45.4 54.8 65.3 76 91.4 109.1 126.4 140.4 158.2 182.3 204.7 218.2 239.4 239.8 243 242.9 244.5 246.5 244.6 242.2 242 227.5 230.7 234.9 240.9 246.4 250.3 255.5 259.9 266.1 271.5 277.2 271.7 258.5 248.9 251.5 257.4 250.2 242.3 238 224.2 205
218.2 225.3 227.4 230.5 239.1 249.3 251.9 247 243.3 239.9 234.4 228.6 212.3 199.7 186.8 175.4 164.8 149.2 127.8 113.3 96.7 71.8 62.4 53.9 46.3 40.7 44.8 40.8 38.3 37 40.8 40.6 40.4 40 42.7 41.8 43.9 52 56.4 76.4 85.6 102.7 118.1 129.5 142.9 159.9 182.9 203.2 215.3 225.2 229.8 228.5 233.6 231.3 237.7 239.3 240.5 240.9 222.4 216.5 221.3 225 229.2 235 240.2 243.1 247.8 255.2 262.3 258 250.8 249.3 251.2 248.8 244.1 238.7 239.1 233.6 221.6
199.4 206.6 209.5 217.7 232.5 244.7 243.4 238.2 237.6 235.3 230.7 225.1 206.7 193.3 187 176 157.4 141 122.2 113.5 92.6 73.2 62.4 52.1 41 37.4 40.6 36.3 45.3 52 53.1 51.7 48.6 47.3 47.9 51.2 56.7 61.3 64.7 73.8 86.7 98.4 108.7 124.6 141.5 160.3 178.6 195 205.4 212.4 213.3 223 219.8 225.1 232 237.2 240.6 242 230.6 209.9 204.7 211 212.5 218.6 222.2 225.6 228 234.3 240.4 243.7 241.7 243 242.3 243.1 240.1 236.6 243 234.3 227.3
188.3 190.4 193 205.4 219.1 229.8 229.8 231.3 234 227.1 221.7 213.1 196.1 189.2 185.9 167.7 151.1 136.2 118.6 109.8 87.4 70.2 60.2 46.9 38.4 35.9 37.1 45.7 58.1 74.6 80.5 81.3 75.2 69.4 67.9 72.4 73.9 76.3 79.6 84.9 85.3 88.6 103.7 119.9 136.1 156.4 177.2 191.4 196.8 198.2 206.5 207.2 208.1 218 227.9 238.5 243.2 245.8 237 217.5 201.3 188.6 191.6 200.2 205.9 206.6 207.1 208.9 212.8 219.9 230.4 235.9 233.4 240.4 236.5 236.4 240.8 231.1 221.4
177.2 180.3 184.9 190.7 200.5 209.7 212.6 218.4 228.1 218 210.8 199.8 186.4 185.3 178.2 154.7 142.2 132.2 118 107.3 89.3 67.5 53.8 44.1 36.5 37.6 40.7 52.1 65 88.4 105.2 110.2 107.5 101.2 98.4 95.6 93.9 98.5 102.8 107.6 113.4 114 104.8 118.6 138.6 158.2 176.1 186.1 190 192.5 197.6 195.5 202.5 218 232.6 242.3 247.1 250.1 244.5 236.9 217.5 193.9 174.1 181.9 184.9 186.5 184.7 185 186.2 196.1 212.3 217.1 224.2 228.5 225.9 236.1 235.9 228 219.5
158 168.2 173.5 177.6 186.1 190.9 195.2 206.8 220.3 209.5 196.2 181.4 173 173.6 164 145.5 134.2 127.6 117.4 106.4 87.4 67.3 49.2 37 36.6 38.1 43.2 60.5 72.3 96.6 116.8 125.4 130.6 136.2 137 133.2 130.6 130.6 133.2 137.8 137.5 143.4 135 124.6 143.8 160.7 173.8 177.5 180.3 184.3 186.9 192.9 207.6 222.5 236.3 247.1 250.8 253.6 252.4 244 226.9 207.6 185.4 163 156.2 156.4 159.4 157.7 162.3 168.3 180.9 197 214.6 211.2 222.8 232.9 227.7 222.4 216.1
140.4 150.3 157.6 161.8 166.9 169.9 178.8 198.3 208.1 191.1 179.7 161.8 159.3 159.1 150 136.8 131 125 120 109.5 86.9 69.5 44.3 33.1 34.9 38.4 45.5 58 77.4 97.1 117.6 131.2 140.5 155.2 160.9 161 154 152.3 156.2 157 161.8 170.2 169.6 139.9 138.2 156 163.2 166.1 170.4 182.8 193.3 203.8 215.5 227.3 237.8 248.1 252.2 254.2 254.8 248.3 235.6 224.2 208.8 190.1 173.8 161.4 144.2 133.9 138.4 145.8 154 174.9 190.1 207.9 217.5 225 219.8 218.4 212.4
132.7 126.9 131.6 140.6 150.6 156.9 170.9 187.8 190.8 175.6 157.7 142.9 143.4 146.1 134.5 127.9 127.7 127.9 123.2 109.9 89.6 66.5 43.7 32.9 35.5 38.7 43.7 57.2 78.6 99 117.9 130.1 148.4 160.7 161.1 160.6 161.7 162.9 169.1 175 180.6 187.3 190.8 176.7 161.7 151.6 150.8 163.5 175.5 184.7 193.2 203 213.5 225.1 235.6 245.8 251.1 254.3 256.1 250.4 245 241.2 228.9 215.7 200.7 187.3 164.7 151.1 142.4 122.1 134.2 152.8 172.4 190.5 206 211.3 216.2 215.9 200.5
149.4 139.6 121.8 110.1 123 132.6 149.4 173 169.8 159.1 142.1 125.2 134.1 134.8 123.5 120.4 126.2 130.1 127.2 108.9 89.4 62.4 43.6 34.2 35.4 37.9 45.1 56.1 70.6 94.3 115.9 131.7 146 151.9 157.4 160.5 162 168.3 176.2 183.6 196 201.7 207.8 211 202.5 188 179.9 172 168.2 179.9 188.4 197.8 206.5 218.1 231 241.3 249.8 255 254.4 252.6 251.1 252.4 249.3 236.8 224.5 213.9 186.9 170.4 157 134.2 116.4 130.5 147.7 165.6 182.2 196.9 210.6 206.9 195.1
165.7 161.1 155 139.4 110.7 101.9 121.6 154 148.7 140.8 124 109.6 124.6 119 112.8 118.7 123.8 130.7 129.4 111 87.5 59.2 44.5 34.6 34 37.6 46.9 56 64.1 89.6 114.6 129.1 137.9 145.4 152.3 160.1 162.4 171 179.9 191.1 200.5 205.9 213.7 216.7 217.1 216.8 213.5 206.2 197 191.8 189.7 190.9 200.8 212.4 225.3 234.8 246.2 253.7 253.7 253.2 252.2 253.9 253.6 249.2 237.5 219.7 201.2 187.8 174.9 144.2 116.8 113.1 125.4 137.3 154.7 178.2 195 200.7 194.7
185.8 181.1 174.1 159.6 132 89.3 104.6 126.1 126.5 115.5 105.9 102.5 108.8 104.9 106.3 115.6 123.7 132.3 126.3 112.5 89 64.1 47.7 39.5 31.9 37.6 47.8 53.1 62.4 92.8 112.2 122.2 129.1 138.1 153.9 157 162.8 171.7 180.5 190.7 197.3 208.1 211.2 214.7 219.4 223.2 229.1 231.3 228.8 221.8 217.7 214.6 211.9 212.4 218.5 230.2 244 252.8 254.2 254.4 253.1 254.3 251.8 246.8 234.9 216.4 202.4 194.4 189.8 162.8 129.9 108.1 106.5 118.3 137 161.1 181.1 193.2 186.9
199.1 197.4 193.8 180.9 146.3 104.7 91.8 96 98.4 96.4 91.2 97.7 99.3 93.2 97.2 110.7 119.8 125.3 118.2 110.8 92.8 67 49.1 40.6 31.2 39.4 47.7 51.6 64.5 87.1 100.5 109.4 123 131.9 151.2 152.3 158.6 167.4 176.1 185 197.9 202.4 205.5 209.8 217 225.8 231.4 236.8 239.8 235.9 239.1 237.8 231.9 230.7 232.2 236.1 246.6 256.3 256.1 254.8 252.6 249.9 247.3 241.3 230.1 210.3 201.8 195.8 186.4 170.2 144.4 119.5 103.9 104.5 126.8 150.1 171.7 184.3 177.6
