data/SH74.asc
ncols 200
nrows 200
xllcorner 270000
yllcorner 340000
cellsize 50
[rows 35 to 69 of 200, columns 0 to 77 of 200]
385.1 400.6 419.1 438.8 453.7 462.6 462.1 463.2 469.4 467.7 462.4 459.2 457.5 455.8 457.1 459.2 459.6 453.6 448.9 433.4 441.8 437.3 435.5 432.6 433.8 439.2 447.4 460 474.1 495.8 519.2 535 557.2 577.9 597.7 596.9 589.1 582.6 575.1 566.3 559.4 558.9 557.5 556.4 556.1 553.4 556.3 557 555.5 557.5 562.6 565.6 567.2 571.8 575.2 579.8 582.9 575 552.1 516.9 493.8 483.9 443.5 419.6 403.5 386.7 373.3 360 346 347.7 354 361.5 371.1 381.7 394.4 408.2 433.3 463.6
389.5 404.1 425.8 441.6 458 466.1 461.1 463.7 464.8 464.6 462.4 459.1 454 452.1 454.7 456.1 452.4 442.3 435.1 422.1 430.9 427.7 425 427.1 432.2 434.5 443.7 452 464.2 480.1 497.4 513.3 529.8 547.8 563 569.3 567.1 568.3 560.9 554.8 550 548.4 551.8 548.6 546.7 548.5 552.3 553.3 558.3 564.1 566.6 569.1 569.6 578.1 581.6 585.1 585 572.9 554 528.7 506 483.6 453.6 428.8 412.6 397.1 386.3 373.8 362.5 364 367.3 375.3 383.1 396.2 409.4 427.3 447.1 478.3
395.6 408.6 426.6 444.7 457.7 460.4 461.9 464.2 465.2 465.4 463.5 450.7 443.2 449.5 449.4 447.3 439.3 430.1 425.5 417.2 415.2 415.4 422.4 428 427.8 433.5 443.1 451 457.2 468.6 480.1 494.6 511 526.7 539.4 544.2 544.3 541.9 539 536 536.5 532 532.5 532.1 534.7 539.2 544.2 549.4 554 561.1 567.1 565.7 570.1 579.8 583.8 583.3 579.9 566.7 553.3 532.4 512.8 489 462.9 438.9 421.2 409 397.4 385.2 381.2 380.7 382 388.8 399.6 411.3 424.9 441.4 460.6 477.1
405 423.6 437 448 457.8 460.6 464.6 468.7 469.3 470 460.8 446.9 431.1 445.4 441.9 433.2 430.1 431.1 429.1 417.4 406.3 418.1 424 422.2 422.4 433.5 441.8 447.9 452.3 461.3 473.2 486.4 498.7 513 524.4 529.9 529.1 524.2 521.4 520 520.6 520.9 523 522.2 522.1 522.8 527 533 541.7 551 551 551.1 559.1 573.5 577.9 576.7 571.1 559.5 548.8 533.3 518 493.4 468.6 445.7 432.5 420.8 409.3 399.5 398.5 399.2 400 404.7 416.3 427.7 439.7 454.3 469.4 479.4
415.1 434.5 449.3 459.8 464.4 467.3 474.8 475 462.9 453.4 447.4 435.4 429.6 429 428.1 420.5 418.7 421.8 418 402.2 414.4 418.2 417.3 419 424.7 431.7 437.9 442.5 449.1 457.2 467.5 478.3 491.5 506.4 517.9 521.8 521.6 518.8 517.2 513 511.5 512.4 511.2 512.9 513.4 515.4 518.8 522.3 528.8 532.5 536.7 550.2 553.1 559.2 569.5 570.9 555.3 546.9 541.1 535.9 523.7 498.1 476.7 459.2 444.1 432.8 421.6 415.5 415.8 416.7 417.4 420 431.3 442.7 454.1 468 479.2 480.6
422.3 444 461.1 471.1 476.3 467 466.9 458.3 447.8 444.6 440.1 433.5 426.3 411.1 411.2 406.7 408.3 413.2 403.6 401 409.5 410.7 415.5 420.1 423.6 428.6 432.4 441.3 448.2 455 460.6 471.5 487.1 502.7 512.7 515.3 514.4 512.4 510.3 509.3 508.2 509 509.5 509.8 509.3 514.1 517.7 520.6 521.8 521.3 531.2 538.8 543.8 541.8 547.8 550.5 546.2 544.1 540.6 535.2 523.3 504 486.7 469.4 456 444.7 433.8 431.4 432.1 433.1 434.4 435.7 446.3 457.4 468.6 479.8 487 483.5
433.6 453.6 469.4 479.9 481.8 460.1 452.7 443.8 441 434.1 426.6 422.5 414.9 396.7 396.8 396.9 403.2 405.2 388.3 398.7 402 409.5 415.3 418.8 421 425.4 430.7 436.6 445 450.5 457 467.1 481.1 495.4 506.4 507.1 507.5 505.6 505.9 505.3 504.6 504.2 503.8 507.4 509 510.3 514.1 514.9 512.1 520 529.4 535.1 538.6 539.9 542 546.3 546.5 543.3 537.7 533.8 525.3 509.2 495.3 479.4 467.8 456 448.1 448.2 448.7 449.6 450.6 453.2 461.8 472 482.2 486.5 486.6 483.5
446.8 463 471.5 472.7 463.5 453.2 444.2 438.1 430.6 423.8 421.4 411.3 406.4 390.5 385.8 388.9 393.3 390.3 385.1 392.1 398.3 409.9 414.3 415.6 417.3 419.6 425.5 431.6 438.9 446.3 454.2 463.4 474.6 489.6 500.4 499.1 499.3 502.5 501.4 500 499.5 500.1 505.6 507.3 510.3 510.2 510.1 508.3 510.3 524.1 529.5 537.4 540.1 541.3 542.6 546.1 545.8 538.6 538.7 537.3 529.1 517.3 503.9 490.1 478.6 468.2 465.2 464.9 465.2 466.5 467.7 469.8 477.2 488.9 495.3 494.5 490.8 486.5
454.7 462.7 464.4 456.8 451.2 445.2 437.8 430.8 420.3 415.7 412.3 406.4 401.9 386.2 379.8 381.5 384 379.4 391.8 401.2 408.7 404.2 408.4 412 416.1 420.3 421.4 426.8 434.7 442.8 453 462.3 471.7 485.3 487.8 492.5 495 496.6 496.9 495.5 498.7 506.1 510.3 507.2 509.3 509 507.4 507 512.2 523.7 529.9 536.5 538.4 537.8 537.4 539.3 539.1 538.5 540.8 537.9 532.8 524.3 512.7 501.5 489.3 483.4 482.1 481.6 481.8 482 483.9 485.8 493.5 502.1 499.3 496.5 488.8 472.4
450.8 454.3 452.5 448.5 443.3 437.1 431.3 423.9 411.3 405.6 399.1 400.6 394.9 375.8 371.8 374.3 376 389.4 397.3 405.2 411.2 410.5 411.9 414.1 418.6 423.8 426.6 432.6 435.2 442.8 453.6 462.5 470.6 477.8 482.5 492.4 493.6 494.5 494.8 495 496.2 500.5 503.3 506.6 507.1 507 506.6 507.2 515.7 519.8 525.7 530.2 535.2 536.2 536 534.2 532.9 533.7 535.9 536.9 535.6 531.3 524.3 513.1 502.6 500 498.7 498.2 498.4 498.6 499.4 500.6 501.9 500.9 497.6 494.1 486.4 449.2
444.8 444.9 444.9 438.4 431.3 428 418.8 409.2 399.2 391.6 386.3 384.8 379.9 367.9 364.9 372 383.2 391.8 399 404.6 408.6 411.7 412.1 416.6 420.8 423.8 429.2 439.9 447.2 453.7 458.3 463.3 469.3 475.4 482.7 490.5 494.2 495.2 494.1 493.2 494.4 497.3 500.9 503.9 505.3 505 506.6 511.1 512.8 513.3 518.3 523.2 528.3 529.9 527.2 526.6 528.6 532 533.4 532.6 531.9 530 527.8 524.1 518 514.9 514 514.1 514.7 515.2 514.9 508.1 502.5 499.6 498.1 486.5 458.4 422.1
439.3 435.1 431.4 424 421 413.6 403.2 393.1 386.5 380.2 373.7 373 368.7 361.5 367.4 377.6 384.4 389.9 396.5 402.2 406.6 409.1 412.2 417.5 424.3 430.1 439.6 447.8 453.3 457.9 463.3 468.7 475 479 487.4 493.3 495.8 498.6 494.9 493.3 493.3 494.8 496.1 502.3 504.9 506.6 505.3 504.8 505.2 507.8 511 515.2 518.6 520.5 521 522.5 525.8 529.1 529.2 528.5 528.7 528.8 528 529.1 527.7 528 527.8 527.4 525.6 523.4 520.3 507.2 501.3 496.2 488.9 477.3 450 414.2
427.1 426.5 416.2 408.5 409 399.1 386.9 380.2 376.4 368.4 361.9 360.9 358 363.3 374.6 382.6 387.4 392.3 396.5 402.2 405.5 408.6 413.1 417.9 425.2 434.1 441.8 450.3 457.5 461.3 467.2 472.4 477.5 484.9 492.2 497.2 504.1 500.5 497 496.4 491.8 493 497.8 502.8 506.5 501.6 499.2 501.9 501.3 502.9 506.6 511.2 513.7 516.4 518.1 521.6 523.5 525.4 525.1 524.7 525.9 526.5 526.5 526.3 527.6 528.2 528.7 529.1 525.8 523.7 521 508.2 501.7 495.6 485.5 471.6 439.1 400.5
427.5 413.9 397.2 391.7 388.1 381.2 378.7 369.7 364.1 359.5 352.9 355.5 361.3 367.1 373.1 380.9 386.5 391.7 396.7 400.1 403 407.8 413.3 421.7 429.4 436.9 443.7 452.1 460.7 464.5 469.4 477.1 481.1 486.1 492 498.3 499.7 498.4 494.9 492.1 490.9 494.9 503.8 503.9 497.9 495.2 495.9 497.7 499.9 502.3 505.1 509.3 514.4 518.1 519.1 520.5 522 521.8 522.3 522.9 523.8 523.1 523.6 524.3 525.7 526.2 527.8 527.6 525.5 524.6 519 508.7 502.4 496.3 482.4 463.6 437.4 411
406.9 396.6 378 374.8 377.7 374.7 368.4 358.2 354.9 352.2 346.6 355.1 363.5 371.3 379.2 386.1 389.2 391.9 396.1 400.5 405.5 408.8 415.6 422 429.7 439 445.4 453.3 460.8 465.7 472.7 480 483.6 486.2 491.4 496.8 500.3 497.2 492.7 490.3 491.1 495.3 494.2 492.8 492.1 489.8 494.4 497 499 502.3 505.2 510.1 512.1 514.8 515.8 520.1 521.2 521 520 520.8 522.1 521.5 522.1 522.7 523.6 524.7 525.8 525.9 527.1 526.4 517.9 508.6 502.8 494.7 483.2 464.3 434.2 419.8
382.7 375.8 368.1 367.7 366.1 365.2 355.5 348.1 343.8 341 346.6 355.7 366.8 375.5 383.2 388.4 391.9 395.1 398.5 402.8 408.8 412.9 420.5 426.5 433.7 439.2 445.3 452.7 459.2 465.7 474.5 476.5 482.8 485.8 491.7 495.6 497.4 497.4 493.8 490.7 490.9 490.9 490.5 490.8 489.6 488.3 493.8 495.8 497.8 500.4 503 506.2 507.5 506.1 508.3 510.8 512.7 513.5 514 516 518.8 519.8 520.4 520.4 520.2 522 523.3 525.2 527.1 523.3 514.2 508.2 503.3 496.1 485 458.3 441.3 435
373.1 361.4 351.8 354.7 353.1 348.8 341.1 336.5 340.3 348.6 353.6 362.6 372.3 379.9 384.8 389.3 393 397.3 401.2 406.7 411.7 417.7 425.2 432 435.6 440.2 445.7 452.8 458.4 465.3 472.2 474.3 483 486.4 493.6 495.2 496.8 497.7 497.4 494.3 488.5 488.6 488.2 488.9 487.1 488 491.4 494.4 496.6 498.5 500.7 501.3 503.2 502.2 504.2 507 509.8 512.2 512.1 513.9 516.3 517.4 516.5 517.1 517.6 519.5 523.3 526.9 528.1 522.7 510.5 506.6 504.3 491.1 473.7 463.2 459.4 451.2
356.1 338.6 338.1 344 341.4 335.4 331.8 337.2 347.4 353.9 357.7 367.4 374.7 381.8 386.2 390 392.4 396.5 406.4 410.6 415.4 420.7 428.1 435.8 439.6 445.9 451.1 458.3 462.7 468.4 471.7 474.5 478.7 486.8 491.9 494.8 498.1 498.9 497.6 494.6 489.4 488.5 486 485 483.9 486.2 487.9 490.5 493.5 496.6 498.4 498 498.9 501.4 502.6 504.8 506.3 508.9 512.5 514.8 514.3 512.7 512.1 513.4 515.1 517.8 521.6 524.4 524.8 519 508.5 504.7 501.9 501 489.1 479.9 468.9 460.6
334.3 329.6 332 331.6 330.6 329.4 333.4 340 347.5 356.5 360.6 367 376.5 383.1 387.1 390.4 393.2 400.3 410.3 416.1 419.1 426.8 435.9 440.5 444.1 454.6 459.9 465.9 467.7 469.8 473.2 475.5 478.4 488.4 493.7 502.5 503.8 501.1 497.4 492.4 487.3 484.5 484.3 482.4 480.3 483.8 486.8 487.5 491.1 493.6 494.3 494.7 496.2 500.1 500.6 502.9 506 508.9 510.5 510.8 510.5 509.2 509.9 511.2 513.8 516.4 519.1 521.5 520.9 514 507.4 504 504.8 504.8 496.1 486.2 477.9 467.9
323 317.9 316.2 318.5 315.7 327.2 335 340.2 348.2 359.9 358.6 366.7 378.5 384.1 387.5 390.7 394 402.5 412.1 419.1 424.5 432.2 444.2 447.6 452.2 464.2 468.7 472.2 474.1 475.1 479.7 479.9 481 491.4 498.2 507.9 506.8 501.3 497.5 491.4 487.9 485.8 485.3 484.4 482.4 479 481.7 481.9 485.6 487.3 489.3 490 491.8 493.3 496.1 501.2 504.2 505.6 507.1 507.8 508.6 508.3 508.4 511.1 513.1 515.7 518.5 520 517.7 512.8 507.1 506.7 509.5 505.7 500.8 493.8 482.7 469.1
304.9 303 304.7 307.7 316.8 325.3 334.5 341.3 349.1 357.3 362.7 367.5 380.6 385.5 388.1 391.2 395 402.9 413.5 420.6 425.3 437.9 450 455.7 462.3 470.7 476.2 478.6 482 486.4 486.3 484.8 486.1 493.3 499.6 505.6 505.9 500.6 496.9 491.3 488.3 486.4 484.8 481.5 479 479 479 479 479.2 481.4 484 487.2 488.6 492 498.3 499.4 500.2 501.3 502.8 502.8 506.5 506.7 508.4 511.2 513.3 515.6 519.4 520.2 516.6 511.9 508.8 508.9 510.8 508.5 504.1 495 484.9 470.3
287.6 285.7 287.9 299.9 313.8 325.4 335.9 343.9 349.6 360.6 366.9 371.4 381.8 386.2 388.8 391.7 396.2 402.4 409.9 414.8 421.9 444.3 454.5 465.5 473.5 480.1 485.5 487.8 490.5 493.4 489.5 482.3 485.2 488.8 494.2 499.5 499.8 496.3 495.1 496.1 490.4 487.6 484.5 482.6 479 479 479 479 479 479 482.6 484.8 487.4 492 493.3 495.4 496.1 497 498.7 499.7 503.5 506 508.5 511.6 514.3 516.6 520.3 520.2 516.3 511.9 509.4 511.5 512.6 507.8 502.2 495 486.9 476.6
267.1 243.6 238.1 237.8 279.6 324 338.6 344.2 354.8 363.6 373.3 381.3 386.1 388.7 389 391.3 396.9 403.5 407.7 408.7 422.7 441.9 458.1 473.1 481.3 489.5 496.2 492.6 492.5 492.4 486.8 480.7 482.4 484.4 490.6 494.2 498.2 497 495 494 491.4 489.8 484.5 479 479 479 479 479 479 480.2 482.6 484 486.5 487.4 488.8 490.8 491.8 494.4 495.2 496.9 499.4 504.9 508.2 511.8 514.8 517.6 521.1 520.8 517.7 513.8 511 512.6 512.4 507.9 501.8 495.7 487.9 478.9
258.4 247.5 243.2 250.9 279.7 320.5 341.4 347.6 358.3 359.1 380.9 386.6 390.8 388.7 387.7 389.2 395.8 404.7 406.2 404.9 420.2 438.8 460.2 481.4 491.6 497.4 498.7 489 487.8 482.4 484.4 478.3 482.6 485.3 491.4 496.1 497.9 494.5 492 491.2 488.9 485.6 483.3 480.5 479 479 479 479 480.5 482.4 483.5 483.5 483 484.6 484.9 486.6 488.7 491.4 493.2 497.1 500.3 503.6 507.4 510.9 517.1 492.5 491 514.9 516.3 513.5 510.8 510.2 511.3 507.6 502.5 496.4 487.6 478.6
275.5 260 260.7 278.4 301 320.8 341.9 348.4 345.9 351.3 365.4 386.8 394.1 386.2 385.7 385.3 389.3 397.4 401.8 404.6 421 435.2 459.1 480.3 487.8 496.7 491.3 480 472.6 472.8 475 473.5 476 479.1 483.6 487.8 489 488.2 486.1 484.1 481.6 481.8 481 479 479 479 479 482.5 483.4 483.6 482.8 481.6 482.1 483.7 485.5 487.6 489.2 491.6 494.3 497.2 500.2 502.7 505.2 515.3 513.7 501.6 495.4 517.7 514 511.3 506.8 505.7 505.5 504.5 501.7 493.9 485.6 481.1
280.6 278.2 276.3 303.1 312 327.3 331.5 344.4 326.8 311.5 314.2 333.8 390.6 382 382.4 386 382.6 386.2 392.6 402.1 416 432.8 444.8 456.6 471.3 483.6 471.8 469 466 467.6 469.6 466.8 467.5 470.1 473.5 476.9 483.2 483.7 480.7 479.7 478.1 480.6 482.5 479 479 479 482.4 483 482.9 482.4 482 481.1 481.6 483.3 484.4 489.7 493.9 491.8 491.5 496.2 499.9 500.9 502.6 504.9 510.3 515.7 508 513.8 514.3 503.4 501.3 499.3 499.4 497.8 493.4 488.5 487.7 483
285.4 297.1 287.3 305.2 299.6 275.1 307.6 311.5 316.7 323.5 309.3 327.4 375 380.9 385 403.2 397.4 391.7 387.1 398.5 409.2 426 441.5 453.5 462 455.7 463.1 463 462.3 465.6 462.2 460.5 462.2 464.7 468.7 469.9 475.9 474.2 473.7 473.4 472.9 476.6 477.3 474.3 480.8 479.6 482.2 481.9 479.6 480.5 479.9 481 480.7 482.7 484.2 492.6 489.6 491.9 489.8 491.5 498 498 499.3 502.3 505.4 508.4 508.6 506.5 501.8 499.6 495.4 494.7 493.8 491.2 487.7 485.6 483.5 482.5
295 297.2 301.6 310.1 298.7 297.4 314.9 327.4 342.6 336 330.5 325.6 376.6 373.9 374.6 394.7 402.5 403.9 400.7 388.7 405.5 421.2 431.9 441.3 436.2 449.3 458.6 456.2 455.1 452.5 450.4 453 457.7 462.5 462.7 465.4 468.1 467.9 463 459.8 457.5 471.9 478.4 477.7 480 481.4 481.1 479.6 478.2 478.2 478.2 483.7 480.4 479.8 482 485.1 485.6 486.3 487.8 489.1 493 494.8 500.3 501.1 502.4 504.6 504.4 498 499.3 497.2 492.4 489.9 486.9 485.6 485.4 482 480.1 477.4
296.4 297.2 306.2 312.3 315.8 313.4 327.1 336.5 343.2 351.7 344.2 335.7 369.2 360.1 365.8 400.1 399.3 399.4 400.6 400.5 406.2 417.1 425.3 422.3 431.8 437.5 445.2 447.2 446 439.6 440.2 445.4 449.9 455.6 452.1 453.4 455.6 454.8 453.3 457.1 467.8 477 477.7 477.5 479.2 480.4 479 478.2 478.2 478.2 478.2 478.2 478.2 478.2 478.2 481 482.8 483.6 485 487.6 490.5 492.8 499.7 499.2 500.5 500.9 495.3 488.4 488.4 497.7 485.2 481.6 480.8 480.7 479 474.8 472 468.4
308.1 312.4 315.4 315.6 326.2 331.6 331.5 336.9 352.6 365.8 363.4 360.9 365 360.1 372.1 400.3 369.2 363.8 366.4 383 396 404.6 403.7 414.4 425.2 431.5 436.2 439.1 431.1 422.6 428.3 428.3 435.1 437.8 441.2 445.2 447.5 449 451.2 457.7 463.9 468.6 472.7 476.2 478.3 478.5 478.2 478.2 478.2 478.2 478.2 478.2 478.2 478.2 478.2 478.2 479.9 482.7 485.1 487 489.7 490.9 494.8 499.4 491.8 496.9 487.2 486.4 484.3 484.9 481.8 474.3 473.9 473.5 471.5 465.2 462.5 460.3
325.5 328.4 325.1 327.1 331.5 331.7 330.9 350.5 363.5 377.8 357.8 360 365.6 360.1 384.4 390.2 358.9 337.5 353.4 378.1 379.8 376.1 382 402.8 418.5 417.7 419 419.8 411.7 411 414.6 414.3 418.5 435.5 445.1 448.6 451.7 454.7 456.8 460.9 465.5 469.6 470.8 474.1 481.8 480.5 478.2 478.2 478.2 478.2 478.2 478.2 478.2 479.4 478.2 478.2 478.5 483.5 485.9 487.5 489.6 491.3 493.8 489.7 485.9 485.9 485.1 485.1 474.9 475.8 481.2 467.5 465.7 465.1 459.2 455.7 454.4 452.4
344.6 349.4 334.5 332.3 331.4 331.9 335.6 354.2 372.1 368.1 350.9 356.8 365.1 365 388.5 370.4 331.4 322 336.7 351.1 349.5 351.2 365.6 392.5 399.8 397.1 398.8 402 404.8 407.8 405 410.9 425.2 434.3 451 453.1 455.8 458.5 461.8 466 470.1 475.2 479.5 475.1 475.5 474.8 477.8 479.6 480.3 484.8 478.7 491 494.9 493.3 488.8 483.1 479.8 483 486.2 489.2 492.7 495.7 498.4 495.9 490.1 480.3 476.9 482.1 480.1 463.3 468.1 459.4 458 455.8 451.7 448.8 447.6 444.8
357.3 357.1 354.4 332.5 331.7 332.7 338.3 344.9 346.2 343.7 345.3 355.7 362 350.5 355.7 347.3 318.2 316.7 327 337.8 348.9 363.1 379.9 398.8 404.8 404.5 405.1 403.2 408.3 409.5 421.8 433.3 433.1 449.4 456.8 461.8 466.5 468.7 468.9 471.5 475.3 480.4 481.8 478.3 475.4 481.6 481.8 493.3 497.6 496.1 495.5 495.2 494.8 494.9 494.3 491.7 487.9 489.7 492.5 495.1 499.9 503.8 504.4 499.4 484.6 478.9 475 466 469.3 468.1 459.7 451.5 450.9 447.5 443.6 442 439.9 437.4
356.3 357.7 345.7 331.6 331.5 334.9 339.6 340.6 340.4 335.9 336.9 334.6 331.7 332.4 325.1 316.2 315.7 314.4 317.5 318.9 330 357.9 385 402.4 405.5 405.3 406.9 408.2 424.2 418.5 441.1 449.2 453.7 462.2 467.7 469.5 472.2 473.8 476.2 478.9 481.9 485.7 485 483 484.5 489.4 488.7 501.9 506.3 496.1 498.6 497.6 497.9 498.7 500.8 497.9 493.7 499 504.2 508 508.8 511.9 511.3 501.2 483 478.6 471.8 462.8 452.8 448.3 448.2 443.3 442.4 440.5 433.9 434.1 430.8 428.7
348 352 336.9 332.8 343.8 344.4 340.3 327.6 332.2 317.7 317.9 320.4 324.5 324.1 315.8 314.6 311.9 313.9 311.4 304.2 316.2 341.3 368.6 395.8 404.8 407.1 416.8 423.5 437 448.6 453.5 460.7 469.6 477.9 482.8 483.4 480.6 481.2 481 482.6 491 492.6 490.9 487.2 492.6 498.3 495.6 507.7 506.4 495.3 502.2 500.5 502.9 508.5 508.1 507.4 504.4 509.4 514 515.2 518.5 516.3 511.6 502 488.1 479.6 477.1 460.9 451.7 445.9 439.6 435.5 430.8 431.2 428.5 427.4 425.9 424.6
