data/SH75.asc
ncols 200
nrows 200
xllcorner 270000
yllcorner 350000
cellsize 50
[rows 70 to 104 of 200, columns 0 to 78 of 200]
234 238.4 250.7 270.4 291.4 301.9 315.6 322.2 336.7 335.5 340.5 350.9 354.6 362.9 380.8 377.7 378.4 384.7 395.4 402.3 403 404.2 414.4 414.7 417 425.6 432.6 430.8 414.5 402 390.5 384.8 380.6 376.1 375.9 371 367.9 373 373.1 373.2 371.9 369.2 366.4 363.4 359.9 358.6 356 353.3 350.1 345.8 343.4 340.9 337.6 334.4 330 326.2 321.1 317 313.5 307.4 300.8 292.1 283.7 275 262.8 262.4 252 244.1 246.3 249 240.5 227.5 219.6 223.6 214.2 215.9 222.2 222.7 222.7
259.5 268.9 285.6 305.9 311.2 322.6 336.9 349.4 347 349.6 369.1 366.9 372.7 372.1 378.5 384.4 394.3 393.1 402 410.2 409.8 413.3 418.8 423.5 429.4 442.6 449.6 438.2 422.8 407.7 400.8 390.4 386.4 387.4 383.2 381.4 381.6 381.7 380.9 380.8 376.6 374.1 371.9 368.8 366.1 364.9 362.4 359.5 356 353.1 349.8 345.9 340.7 337.3 332.3 328.2 323.6 318.1 313.7 307.1 299.4 289.6 282.6 274 266.6 263.8 255 253.3 250.8 242.6 237.3 230.4 227.7 225.8 221.5 229.4 231.6 235.9 236.8
283.3 297.5 310.6 330.9 337.1 342.7 354 355 364.4 379.5 387.6 379.3 377.8 382.1 387.8 389.1 398.2 402.7 404.4 407.5 410.1 419 424.7 432.5 442.6 461.9 458.3 446.1 437.3 418.8 425.5 405 398.3 402.7 407.1 400.7 395 396.7 393.8 394.4 387.6 378.2 375.1 372.6 372.1 371 368.6 365.3 362 358.6 355 350 344.8 338.8 333.5 329.7 290.3 287.2 313.6 307.1 300.1 290.3 281.8 272.1 266.7 260.8 260.5 257.7 256.3 250.4 246.5 240.5 231.4 233.5 236.2 241.7 246.1 246.6 248.8
306.9 324.9 344.7 360.5 369.5 376.4 371.4 381.3 386.3 391.6 391.6 382.4 385.8 385.7 391.3 395.8 400.7 406.5 409.3 410.4 414.8 423.7 433.5 443.8 465.2 473.8 469.6 454.5 439.4 433.5 429.1 419.8 416.3 419.6 423 417.3 411.4 412.1 409.8 402.1 402 391.1 382.2 376.7 377.6 376.3 373.7 370.7 366.5 362.9 358.9 352.8 347.4 339.5 333.9 319.2 279.2 277.8 308.2 304.5 301.2 302.2 300 281.3 281.2 269.2 265.9 263.5 261 258.8 256.4 247.9 242 244.8 250 254.6 256.8 257.2 261.5
323.5 352.5 376.4 385.7 389.4 388.2 397.4 404.1 406.4 404.3 399.5 398.5 396.2 393.2 396.3 401.4 406.1 410.1 415.6 423.6 443 440.9 443.5 460.8 486.1 484.2 485 470 457.7 442.1 435.1 434.1 428.5 428.7 434.6 432.6 430.9 429.5 428.2 423.8 407.6 402.1 389 384.3 382.9 380.5 378.3 375.1 369.5 365.7 361.8 355.1 346.6 339 329.9 324.9 308.7 316.1 310.1 303.6 302.6 301.5 301.2 300.6 300.5 279.4 272.1 268.8 269.5 266.8 260.2 251.7 256.7 258 261.7 265.8 266.4 268.7 269.9
367.1 376.4 395 405.6 400.9 405.5 408.5 413.1 410.8 406.6 405.6 412.1 400.8 397 400.4 403.9 413.6 421.7 428.5 437.7 445.5 452.4 461.2 481.6 489.5 492.1 492.7 484.5 467.7 454.7 446 444.5 447.8 449 450 447.8 444.3 444.2 439.6 431.1 415.4 413.3 396.8 392.6 388.4 386 382.7 376.3 371.1 364.9 360.4 351.1 342.1 331.7 328.1 326 321.4 311.1 309.7 311.5 305.2 300.7 294.3 288.1 282.6 279.9 279.5 278.9 278.5 276.9 263.2 267.2 269.2 268.5 270.5 272.6 274.3 275.8 274.6
386.5 396.9 403.1 408.7 415.2 417.6 421.7 414.2 410.9 409.6 409.4 402.6 400.6 410.8 429 415.4 420.7 426.5 439.2 452.2 456.5 464.2 486.1 497.8 505.9 503.7 498.8 492.6 480.8 461.9 456.8 457.6 464.3 463 461 462 457.6 454.1 443.7 432.8 428 427.5 417.4 405.1 393.4 391.1 386 376.7 369.8 366.5 357.8 345.8 337.4 329.8 327.3 328 322.9 313.1 309.3 308.8 304.4 301.5 299.8 296.4 287.9 289.2 288.3 288.6 287.5 281.9 272.8 276.4 279.1 277.4 278.3 278.7 283.1 282.2 278.6
395.8 400.2 407.2 419.2 421.9 420.2 419.6 414 413.1 421.1 419.2 413.3 423.7 432.6 420.1 422.5 427.6 439.4 450.6 458.9 465.1 482.4 505.7 515.1 516.9 514.7 506.9 498.8 490.6 480.7 473.6 476.4 472.9 471.7 470.4 473.5 464.8 461.4 458.9 452.8 449.6 443.7 428.3 409.6 400.7 397.3 386.2 372.6 368.3 364.2 352.1 342.1 331 331.5 331 335.1 323 314.8 314.4 314.4 309.7 307.6 304.3 298.9 296 296 294.1 292.2 291.7 285 282.1 283.2 284.8 282.9 282.2 284 285.2 284.1 282.2
395.1 405.7 413.6 416.7 419.3 421.5 426.7 422.2 429.9 435.6 437.9 432.2 432.4 425.9 431.5 438.5 449.7 456.2 460.9 469.8 481.7 503.1 522.3 531.6 529.7 525.6 520.5 509 503.4 491.5 491.3 493.2 490.4 486.1 483.5 480.4 478.3 480.1 479.2 477.7 470.4 452.4 434.3 423.4 409.6 391.6 378.4 375.4 364.1 357.4 349.9 348.1 342.8 338.4 338.4 333.9 322.2 320.2 319.5 318.1 313.9 312.5 309.9 305.1 303.9 301.5 298.5 296.5 293.3 290 289.7 288.3 288.6 288.6 287.4 288.2 287.5 288 285.2
400.1 405.9 413.4 421.6 425.8 433.4 438 436 437.6 438.9 439.2 439.2 437.9 434.5 441.5 446.8 456.3 463.8 471.7 485.1 501.6 521 536.6 538.9 542.9 541.8 535.7 525.1 505.3 505.6 503.2 505.1 504.5 500.2 497.3 497.7 503.5 503.5 501.5 493.6 479.1 466.8 441.8 411 395.5 378.9 376.2 370 361.1 357.2 356.1 357.7 360 341.3 335.6 331.7 327.8 328.5 328.5 326 320.8 317.7 314.1 312.1 308.2 304.9 302.6 298.3 293.5 293.8 297.9 291.7 292.9 294.8 294.4 292.3 291.6 291.5 288.9
403.2 415.1 427 430.8 433.5 437.3 440.7 441.3 441.6 443.3 449.3 453.2 454.5 453.5 454.6 462.8 466 475.4 483.1 499.9 521.8 539.8 547.5 547.3 556.4 559.1 551.3 537.2 522 522.2 517.1 513.9 511 511.1 514.2 515.5 518.1 513.7 505.5 500.7 481.4 451.7 423.7 402.2 388.9 375 374.6 366.9 362.4 366 365.2 367.6 351 342 335.6 333.5 335 335.9 336.8 331.9 326.3 323.4 317.2 317.1 308.2 304.1 302.8 304.6 301.2 299.9 304.7 295 298.9 298.1 300.1 297.8 296.2 292.8 290.9
411.3 419.7 426.9 438.7 439.1 440.6 443.4 447 449.6 456.8 463.1 465.2 464.9 469.4 474.9 476.9 477.8 487 500.6 522.6 540.9 552.9 557.8 563.7 571.2 575.7 566.8 551.6 541.9 540 539 532.8 524.9 523.6 525.7 524.4 512.3 505.7 498.6 486.4 454 413.1 389.9 375.1 375 375.1 372.1 369.4 371.6 372.9 374 360.7 349.9 343.8 341.6 339.4 341.8 343.3 340.9 335.7 331.8 327.4 320.1 316.1 311.4 307 311.8 304.1 309.9 311.1 307.4 300.1 304.4 303.9 304.7 299.8 298.9 293.2 290.5
426 435.4 434.9 438.1 442.4 454.4 456.9 458.7 463.8 470 479.8 477.2 480.8 480.8 485 489.6 496.1 503.8 520.6 540.6 556.8 566.7 574.1 581.2 587.3 590.2 584.9 569.9 561.8 561.6 555.1 548.4 547.3 540.1 531.1 522.6 511.9 499.6 487.5 476.1 449.9 407 385.6 375.1 375.1 375.1 374.8 376.3 377.6 378.9 370.3 357.8 354.2 350.9 351.3 348.7 348.3 348.3 344.9 338.4 334.1 329.2 322.3 317.4 316.5 312.7 315.7 312.5 315.9 311.7 309.3 308.1 308.1 309.1 307.6 303.6 299.4 294.6 292.1
439.8 439.3 438.4 441.6 452.9 460.8 463.1 463.6 470.1 482.5 489.2 491.5 491.9 494.2 498.4 501.6 511.8 527 549.5 559.5 571.5 582.5 594.4 602.1 607.7 609.7 611.8 601.8 599.3 578.3 570.4 569.4 556.6 536.4 529.3 518.6 513 487.9 475.9 450.7 428.2 400.9 388.8 379.4 377.8 378.1 378.9 380.6 382.3 370.9 366.4 363 360.8 359.7 358.5 354.6 353.8 347.2 342.3 337 336.5 340 321.1 320 318.5 319.8 318.6 326.5 316.6 317.9 318.1 313.2 314.1 313.3 309 302.9 296.7 293.5 291.7
438.4 440.1 442.5 452.3 457.5 463.9 468.3 476.7 483.9 497.5 503.7 503.7 504.5 507.4 512.9 524.7 534.2 551.2 569.2 581.1 593.6 602.9 614.1 622.4 628.6 634.8 637.4 631 618.5 604.9 599.6 583.2 563.8 545.2 524 509.9 489.9 466.3 450.1 425 410 398.6 391.2 385.9 383.3 385 384.6 383.8 379 375.8 372.5 370.6 368.3 366.1 363.4 360.4 353.9 341 337.8 338 339.1 332.8 327 326.8 329.8 327.5 320.5 325.4 321.3 322.5 316 318.1 320.9 318.5 312.5 299.8 295.9 292.8 291.6
446.7 452.4 458.3 461.1 468.6 471 475.5 486.3 498.8 507.3 513 516 517.3 523.2 530.8 542.5 558.8 574 589.9 601.4 612.3 624.6 633.5 640.4 645.9 651 650.1 649.8 647 636.2 608.7 588.9 572.6 552.9 519.8 478.8 459.5 444.1 430.7 420.6 411.5 404 398.3 393.7 390.2 391 389.4 386.9 382.7 380.4 378.2 376.4 375.1 371.4 367.8 356.1 350 343.5 338.8 348.7 339.7 336.4 337.5 337.4 335.7 333.4 335.8 332.9 331.9 329.2 325.3 323.5 324.6 320.1 309.7 299.2 296.4 292.7 292.4
454.7 461.9 467.8 469.5 472.3 477.3 483.6 495.2 506.6 514.4 522.9 526.2 530.5 536.6 550 563.2 580.8 597.4 611.3 624.9 634.1 643.2 650.5 657.3 662.2 659.1 664.8 669.2 660 632.6 610.2 589.1 562.1 537.4 502.5 465.6 447.9 444 430.5 418.1 411.8 407.8 403.8 398.4 397.1 396 394.5 392.9 389.3 386.3 383.9 381.9 378 372 363.5 355.2 350.5 349.3 339.5 340.9 340.3 340.6 343.2 340.3 340.8 334.4 341.4 337.9 339.3 332.8 328.5 330.4 324 317.6 305.9 297.7 293.8 292.7 289.4
469.6 471.3 475.2 476.7 480.7 487.4 495 504.9 520.7 526.2 532.8 537.9 542.5 554.2 571.5 584.4 601.8 618.7 633.7 646 652.3 658.8 666.1 672.9 678.4 681.5 684.9 674.7 651.3 631.4 603.8 572.9 541.8 514.7 477.5 466 445.5 438.2 422.1 418.9 415.4 413.2 409.2 406 405.9 404.3 402.3 398.9 395.2 391.2 387.9 383.5 375.6 365.3 354.9 354.8 350.8 345.3 341.6 341.9 344.7 342.9 348.8 349.5 339.6 342.1 343 346.7 343.2 332.8 331.1 329.1 320.4 311.9 302.1 294.9 292.6 290.9 283.4
474.6 477.3 480.8 483.6 491.6 499.6 510.1 524.7 531 536.7 548.3 556.1 562.8 580.1 591 606 624 638.7 652.1 661.2 668.5 676 681.6 687.9 695.9 699.4 698.1 684.2 651.9 618.3 587.8 555.8 526.5 496.9 481 464.4 463.4 460 429.3 420 418.8 418.9 418.8 417.8 415.7 413.9 408.3 403.1 399.6 395.5 390.9 381.1 366.9 358.9 355.5 355.6 356.4 348.7 344.6 343.5 348.6 346.2 345.6 346.2 343 351.9 354.9 352.8 341.7 336.2 333.6 325.2 316.7 305 297.8 293.2 291.4 286 278.4
479.7 485.3 491.5 498.3 505.7 511.9 525 533.8 543.1 558.6 571.1 585 592.5 601.1 614.9 631 646 659 668.9 676.5 685 690.5 694.7 703.1 706.9 705.5 702.2 683.2 641.2 609.6 581.8 544.3 511 493.9 468.4 477.7 479.9 457.3 437.3 437.4 444.6 431.1 432.2 428.1 424.1 419.3 413.5 407.5 402.8 399 387.2 370.8 365.6 361.4 356.3 360.2 361.4 350.6 347.1 347.9 350.3 345.2 345.2 345.2 348.4 357.2 357.2 345.8 342.9 341.7 330.9 320.4 307.3 299.1 295.5 290.5 286.8 280.1 274.7
492.7 498 505.4 512 519.7 529.4 539.8 550.1 567.5 583.3 598.7 613 620 630.3 642.8 655.9 666.9 676.8 683.5 692.1 698 704.2 710.7 716.1 718.7 721.6 710.5 668.1 633 595 558.9 532.4 513.6 502 482.6 491.7 486.2 483.8 480.4 470.5 466.3 450.4 442.7 438.7 431 422.3 420.2 411.7 405.7 390.3 376.9 370.7 364.6 361.1 364.8 363.7 360.7 359.4 355 353.6 350.7 345.2 345.2 345.2 358.4 361.7 354.7 347.8 345.6 337.6 325.2 309 298.8 296.3 291.5 288.1 282.1 277.1 274.3
506 512.2 521.1 527.6 535.8 546.4 560.2 578.2 598.3 618.4 633.3 641.1 654.5 663.7 671.1 679.5 685 690.7 697.1 703.9 711.4 718.7 724.1 732.8 748.1 739.1 691.5 657.5 617 583 564.1 542.6 517.3 503.9 499.7 501.4 502.8 504.2 499.9 485.9 469.5 462.9 455.8 449.6 442.4 429.6 425.3 421.7 393.9 389.7 385.3 375 376.1 367.9 366 366.8 364 359.6 357.4 354.1 346.5 345.2 345.2 356.6 365.9 361.9 356.1 352.6 346.5 329.1 313.9 299.3 295.2 292.6 288 283.2 278.2 277.7 274.1
522 531.4 538.4 549.7 559.3 571.5 586.6 608.6 629.8 649.2 661.5 672.9 680.3 685.9 690.7 695.3 701.1 705.7 710.6 718.6 725.7 730.8 741.8 757.7 763.7 728.4 692.8 644 613.9 591.3 566.8 537.6 521.4 515 511.5 508.9 512.6 516.6 524 500.8 480.6 476.7 467 462.3 445.1 438.3 429.9 416.9 403.7 401.5 389.8 388.8 385.7 378 379 373.1 367.2 364.1 357.7 353.8 345.2 345.2 349.3 359.6 364.2 360.6 352.3 352.4 335.2 316.3 302.5 293.7 290.8 287.2 282 277.6 274.8 272.8 269
544.2 553.3 565.1 573.5 585.3 597.9 615.3 639.6 660.5 677.2 689.1 696 699.3 701 707 712.1 716.1 721.9 727.2 735.4 740 745 757.1 770.8 761.7 711 677.9 643.1 613.8 588 560.3 541.1 529.7 527.7 522.5 519.4 525.6 533.4 522.9 504.1 499.9 502.8 479.7 466.7 452.2 445.1 439.5 418.8 411.2 408.1 404.7 388.9 386.4 384.2 376.4 372.9 372.2 376.8 355.1 347.1 346.1 347.6 351.5 358.5 360.7 352.9 348.6 336.8 320.5 305.8 296.3 289.4 286.3 282.8 277.9 274.9 271.7 266.6 262.6
569.3 578.2 584.9 592.8 604.8 623.9 644.9 669.1 685.6 697.6 706.8 712.7 714.5 719.6 724.4 728.4 733.4 738.7 743.9 749.9 754.3 767.2 782.9 791 735.4 702 671.4 633.6 597.9 581 561.5 544.7 535.6 538.3 538.3 537.8 537.2 534.9 529 531.9 527.5 517.1 496.1 474 458.4 449.2 440 425 421.8 413.3 405.8 390.3 388.5 384.3 382.9 382.9 384.2 364.9 355.9 354.9 350.9 349.6 352.1 357.1 350.5 346.1 337.4 320.6 308.3 297.4 291.7 286.5 282.1 278.1 274.2 272.3 268.9 265.9 258.1
584.3 593.6 602.9 614.2 632.7 653.9 676 694.2 708.6 719.2 726.2 730.5 733.8 735.6 740.7 745.6 750.8 755.4 759.4 767.9 781.4 788.8 795.7 771.8 730.1 700.2 655 621.2 597.5 587 561.8 549.8 553.6 552.8 550.7 545.1 541.8 540.3 542 540.7 533.4 522.8 499.7 477.2 471.8 454.1 446.2 436.8 426.6 425.9 408.7 413.6 398.4 387.3 388.9 395.2 381.3 363.6 358.3 359.6 349 349.4 351.7 347.3 341.4 337.1 319.9 306.7 300.1 292.1 285.6 281.2 278 275.3 272.5 269.9 266.6 262.6 255.9
603.3 613.1 624.4 641.7 659.4 682.2 700.1 717.3 731.4 740.4 745.7 748.1 748.3 751.3 756.2 760.7 765.9 770.8 778.7 792.7 802.5 765.7 737.6 745 712.2 676.5 642.8 622.1 601.9 582 564.2 563.3 561.1 554.5 548.6 545.9 544.9 545.2 548.4 546.6 538.8 525.3 493.1 480.2 472.5 462.8 450 438.2 437.5 434.1 439.3 431.1 399.3 403.4 405.5 390.6 366.5 362.6 364.7 353.6 345.5 346 345.4 335.4 329.3 317.2 308.2 301.8 293.9 285.9 281.3 277.2 272.1 271.1 272.1 265.9 264.8 257.5 254.9
620.4 632 649.9 669.8 688.8 707.5 725 739.2 749.8 759.3 760.9 760.3 764.7 769.1 772 776.5 781.3 787.4 800.3 804.1 749 740.1 688.8 702.1 679.4 650.7 626.7 608 588.1 570 568.7 567.4 558.3 554.9 548.5 546.8 546.1 550.4 555.1 552.9 543.3 530.5 493.9 481.3 464.1 456.8 461.7 457.1 446.2 446.1 444.6 417.4 406.9 412.8 395.9 376 364.7 365.6 354.6 347.6 340.9 338 331.9 323.9 313.6 307.7 299.3 295.4 286 281.3 277.1 271.8 270.8 271.8 270.9 262.5 263.1 253.3 253.8
640.5 655.9 676.1 696.9 716.5 731.3 745.4 756.8 765.1 770.6 774.7 776.7 780.3 784.9 787.1 791.3 798 806.6 791.4 771.1 701.7 669.5 652.2 648 643 616.9 598.4 583 572 568.9 569.7 563.4 559.9 554 549.6 547.2 548.4 552.9 557 550.9 545.7 533.6 504.2 484.1 468.1 469.5 464.4 457.6 456.6 444.3 430.9 417.1 412.3 400.6 384.9 369 360.5 356.5 346.8 340.7 335.2 323.1 318.3 310.3 304.5 301.2 292.9 283.4 280.2 277.2 272.2 269.6 268.4 269 264.2 257.9 252.2 251.4 250.6
664.2 681.7 701.1 720.7 735.3 749.8 761.6 772.5 782 786.6 790.9 793.8 796.2 798.7 802.7 803.6 808.8 796.5 755.4 704.9 661.3 635.4 617.2 605.9 591.9 581.3 567.3 563.6 560.3 560.3 559.9 558.3 556.1 551.7 548.1 550.5 552.1 553.4 553.7 548.7 543.9 534 505.4 486.5 474.1 455.1 453.3 445.5 445.4 435.8 425.8 415.4 399 387.8 367.3 360.5 354.8 347.2 343.1 337 329 316.1 309 304.4 298.8 292.4 284.3 276.7 274.2 270.4 269.8 267.4 263.5 261.5 258.1 251.7 250.7 250.1 251
685.9 706.8 723.9 740.3 754.5 765.8 778.7 789.2 797.1 802.5 807.3 811 812.8 813 811.7 809.8 796.4 746.5 700.5 663.4 631.5 606.5 589.5 577.8 564.3 552.6 549.2 549.4 551.7 551.5 551.7 550.8 548.9 546.9 550.3 556.9 556.1 550.6 550.8 541.9 533.2 523.1 492.2 467 442.3 433.2 435.2 441.4 433.6 426.6 413.3 395.5 385.9 365.7 361.3 358.3 351.2 345.2 341.2 332.7 322.7 306.5 302.5 298.5 290.8 282.9 276.4 271.5 268.5 266.2 265.3 262.2 257.2 253.4 250.7 250 249.6 250.2 251
710.3 726.8 742.6 756.9 770.1 782.2 793 803.2 811.2 817.4 821.9 822.9 822.2 821.5 817.2 795.6 758.9 716.8 674.7 642.7 613.3 589.1 566.5 559.6 549.7 544.7 543.9 542.4 542.9 543 542.9 544.2 545 547.9 552.5 554.7 547 539.5 532.9 524.1 509.5 490.8 468.2 446.2 433.6 428.9 432.1 430.6 417.8 410.3 395.1 378.1 361.3 359.6 355.1 355.2 348 340.6 336.3 324.8 314.5 300.3 293.6 289 283.5 276.3 270.4 267.9 264.8 262.3 259.8 256.3 252.3 250.4 249.5 249.1 248.9 249.8 250.6
735.8 746.5 759.1 769.9 781.5 793.8 805.8 816.5 824.8 831 832.7 834 833.7 828.7 818 795.8 730.1 690.5 655.7 630.2 602.5 584.3 559.8 549.7 545.4 545.9 545.3 539.2 534.4 534.4 536.2 541.2 545.8 550.9 549 541.7 533.1 515.6 509.8 507.5 482.4 467.1 454.7 444.2 428.9 425.7 421.1 414.5 402.6 392.9 373.8 360.3 352.4 354.3 349.9 348.8 337.8 334 326.6 315 304.5 296.2 288.4 283 279.9 272 268 264.8 261.6 259.2 257.1 253.1 249.7 249.8 249.8 249.2 248.7 248.5 249.2
751.1 759.8 771.2 782.4 792.3 804.2 815.9 825.6 833.6 841 845.4 845.1 839.4 830.2 799.2 744.7 709.4 670.4 643.1 616.6 588 564.3 548.1 544.4 541.2 539.5 539.9 536.1 534.4 534.4 534.4 538.2 544 546 541 534.5 514.3 498.7 492.4 479.3 467.3 452.7 442.8 427.6 425 421.1 403.9 394.4 383 368.2 361.9 349.5 344.9 349.2 342.4 341.8 335.6 327.3 314.8 303.2 298.5 292.1 284.6 279.3 275.6 272.6 266.8 264.5 262.7 260.4 256 251.7 250.3 250.3 250.3 250.1 249.6 249.1 248.1
763.1 772.1 781.8 791.2 800.9 811.3 823.3 832.2 843.9 850.4 851.4 850.3 844.3 825.6 783.4 731.8 685.3 654.1 627.7 595.2 573.2 560 557.7 552.8 545.5 539.8 534.4 534.4 534.4 534.4 534.4 534.4 536 536 528.6 508.1 491.8 483.5 477.5 466.7 453.6 433.3 425.1 423.1 419.9 400.5 388.1 375 363.5 353.5 338.4 334.7 337.6 340.9 339.4 341.3 335.4 327.5 315.7 303.6 294 287.6 283 275.7 271.9 269.1 268.6 271.4 264 254.9 253.5 252.9 251 250.9 250.9 252.9 250.8 249.5 247.8
