data/SH80.asc
ncols 200
nrows 200
xllcorner 280000
yllcorner 300000
cellsize 50
[rows 144 to 179 of 200, columns 81 to 161 of 200]
226.3 236.9 241.4 227.4 194.4 155.8 124.8 99.6 85.8 71.5 57.1 59.9 63.1 64.3 62.7 58.1 65.5 66.7 73.8 76.1 88 98 105.4 112.3 116.6 121.7 125.6 131.9 138.1 145.1 148.3 149.8 150.5 150.5 152.4 150 146.8 145.8 145 143.9 141.2 141.2 143.6 140.9 137 135.1 135.1 132.6 130.3 126.4 123.7 118.7 114.1 109.6 106.4 104.1 104.7 105.1 105.6 106.9 110.4 111.8 111.6 95.5 104.6 113.6 121.1 126.5 133.4 139.6 147 152.7 157.1 162.3 168.8 173.8 178.3 184.5 189.3 194.2 198.5
230.5 243.7 250.9 245.7 209.4 175.4 141.6 118.1 99.2 84.2 73.1 70.9 68.9 62 64.5 70.3 73.6 76.3 73 78.9 85.8 92.7 103.9 111.3 119.8 129.3 133.9 139.9 144.1 151.8 156.3 158 160.4 161.1 162.3 162.6 160.7 159.9 160.8 159.6 158.3 158.4 158.7 158.1 156.3 156 154.8 154.2 152.4 150.8 149.1 146.3 141 136.5 133.4 131 131.3 131.3 133.1 134.5 136.2 135.4 122.6 101.3 106.9 117.3 127.6 135.6 145.6 155.1 161.8 167.2 173.7 179.6 185.1 190.9 200.2 205.6 206.1 207.6 210.9
238.6 249.2 255.3 256.2 231.1 201.9 164.6 139.8 118.9 107.9 98.9 88.9 81.5 73.1 78.6 85.4 89.4 94.8 80.8 79.2 82.3 84.1 89 96 109.9 119.7 129.3 138.1 145.2 152.4 158.6 162.3 166.4 171 177.6 178.1 175.2 174 175.1 176.2 174.9 175.9 175.6 176.3 177 176.7 177.3 177.2 173.7 173.2 173.8 169.2 165.5 163.1 157 155.2 156.9 157.8 159.6 162.6 159.1 150.8 118 107.9 109.4 125.9 139.6 149.5 158.3 168 176.6 182.5 190 196.9 202.8 209.8 215 217.9 220.9 222.8 224.6
247.7 253.9 258.6 260.5 256.6 225.1 194.6 166.7 146.3 127.9 116.6 106.1 94.6 80 92.6 105.2 113.1 111.9 104.8 80.7 79.9 85.1 90.5 90.1 95.5 105.2 114.7 120.1 133.9 146.9 155.9 160.6 168.1 177.1 188.3 196.8 192.6 190 190.1 192.4 191.1 195 195.7 194.9 194 195.8 197.2 197.5 197 197.6 196.7 195.6 191.6 188.9 187.2 185.4 184.4 182.2 177.3 172.3 163.1 140.1 112.1 112.3 113.6 131.8 150.5 163.1 172.6 182 192.6 198.8 206 214.3 220.3 227.7 232.9 235.7 237.5 235.7 235
252.7 261 260.8 266.8 263.1 253.8 225.4 200.2 171.2 150.4 135.7 114.3 96.1 88.3 105.5 119.4 125.4 127.7 124.2 115.6 95.6 88.6 91.7 94.1 98 98.2 99.5 108.3 121.5 134 146.5 156.5 166.1 174.6 183.4 192.7 191.8 195.2 198.9 203 205.8 209.5 210.3 210.1 208.3 208.3 209.2 211.9 214 215.3 216.1 216.3 214.4 214.4 212.1 210.4 204.4 189.8 175.7 161.9 145.8 120.6 119.2 122.6 123 138.8 161.9 177.2 187.7 196.8 207.4 216.1 225.7 233.9 242.2 246.1 249.1 251.1 249 246.3 241
251.7 258 259.6 259.8 254.6 247.7 231.5 202.4 181.4 160.6 142.4 117.7 95.5 93 117.8 129.7 136.2 141.4 142.5 135 114.4 90.6 91.5 99.2 102.1 105.5 108.4 107.1 108.9 120.7 136 147.8 157.4 166.4 174.2 179.9 187.1 193.5 202.7 210.8 213.4 216.4 217.8 217.3 215.8 218.6 222.8 226.2 228 228.8 231.1 231.1 233 231.9 224.2 210.5 195.6 180.4 165.2 147.7 128.4 120.5 129.7 132.4 128.9 143.9 167 187.8 201.1 211.8 222.4 231.9 244.1 254 256.5 259.7 261.5 258.9 253.9 251 237.4
247.1 250.4 251.1 251.2 245.6 237.9 225.2 201 184.9 162.7 142.9 121.9 99.6 107.1 128.5 139.5 148 155.8 154 142.7 118.8 91.7 93.9 102.2 112.3 118.1 122.9 123.9 116.7 110.5 123.2 134.9 144.9 153.9 162.4 170.2 177.9 187.1 197 206.4 216.6 220.4 222.3 223.3 225 232 237.8 242.6 245.8 247.2 247.4 249.7 242.8 233 215.4 199.7 184.9 171.2 155.6 136.9 131.5 131.8 141.5 147.2 151.7 140.9 166.8 189.5 209.9 224.5 234.2 245.2 259.8 268.6 271.4 274.4 269.8 261 251.8 241 227.9
241.2 244.8 245.4 244 238.7 227.9 215 201.1 183.3 162.6 141 123.8 98.9 121.6 139.1 154.4 167 172.6 158.7 140.5 114.8 98.2 100.2 113.1 120 127.9 133.4 135.6 133.1 121.1 115.5 121.1 128.8 138.1 146.7 158 165.9 174.6 184.7 197.6 207.6 215.3 223.3 227.5 234.2 243.1 248.8 254.2 257.6 261.1 261.6 255.4 240.8 222.1 207.1 193.4 176.2 161 153.5 136.6 143.9 147.2 154.2 158.5 164.8 155.6 158.7 183.9 206.4 223.9 242.2 256.1 269.6 279.3 283 282.2 272.7 258.7 244.9 227.6 210.4
235.3 238.7 241.1 240.7 236.4 228.6 205.8 177.9 164.8 152.1 131.7 121 114.5 140.5 161.5 176.2 183.1 181.5 156.3 131.5 102.8 99.2 109.5 119 127.7 137 146 149.9 152.6 149.6 130.1 123.8 126.6 128.9 128.5 137.3 147.4 162 173.3 184.1 201.4 209.7 219.5 232.5 243.4 251.9 258.1 263.8 269.5 272.1 265.4 251.2 234 214.9 204.5 192.5 178.6 164.6 143.7 150.9 160.7 164.8 169.6 174.6 180.1 180.3 166.2 170.9 190.2 213.6 231.7 257.3 277.1 286 290.7 284.3 271.3 255.3 237 215.5 193
230.1 237.2 241.1 241.5 238.1 231.6 213.1 190.6 168.4 144.7 124.8 120.1 140.3 164.6 181.8 192.8 193 182 149.1 117.6 102.2 108 116.3 127.9 137.2 147.1 156.2 161.1 164.2 163.7 163.5 157.5 156.1 156.2 153.4 146.6 140.2 144.2 159.3 171.4 187.7 203.6 216.6 233.8 250 263.1 270.2 274.1 278.9 271.1 259.5 245.2 226.7 213 200.1 187.5 172.6 153.1 154.6 167.2 176.6 183.6 187.7 195.2 200.2 200.5 192.4 186.1 181.2 194.3 218.7 241 268.3 290.7 291.4 283.1 269 249.4 228.4 208.3 192.1
229 237.4 241.5 242.3 239.5 236.1 226 212.7 193.6 171.4 147.3 142.4 169.3 186.7 199.8 204.4 195.8 169.4 143.3 110.7 109.1 118.6 127.3 137 149.1 160.6 168.7 171.7 173.7 174.1 177.4 179.6 180.6 177.5 176.1 172 167.2 155.7 149.1 160.6 177.3 199.7 211.6 228.6 246.9 264 272.6 280.8 279.1 266 252 236.1 220.7 207 193.8 180 167.6 172.7 180.5 189.6 199.1 204.9 213.3 220.5 223.1 225 223.1 213.6 205.3 204.7 207.9 231.7 261.8 284.8 290.8 282.3 259.6 239.5 218.1 200.1 185.1
232.5 239 242.9 244.6 243 240.1 230 228.3 215.5 185.9 178.3 179.5 194.3 210.2 223.3 212.4 194.7 164 138.8 110.9 114.4 128.9 138.1 147.4 159.6 169.2 174.6 176.8 182 187.8 190.6 191.1 193.4 193.6 194.1 193.5 189.5 178.8 160.7 158.2 168.5 188 203.6 221 237.8 248.7 260.6 264.9 264.4 257 243.6 229.3 215.8 206.5 202 195.1 182.9 195.2 205.1 214.6 225.1 226.7 238.3 245.6 250.7 252.6 251.7 246 238.8 234.3 239.1 248.1 264.9 285.3 290.4 278 250.9 226 204.8 188.5 174.2
240 244.4 247.2 249.3 249.4 247.9 245.7 239.9 227.1 214.5 204.5 202.3 221 234.3 234.9 221.7 198.3 161 139.9 117.2 122.1 137.9 148 157.5 167.8 175.1 179.2 184.4 194.3 200.3 199.9 200.9 198.9 205.1 207.1 207.5 204.5 197.9 177.4 159 164.6 180.5 196.9 212.2 226.1 234.8 244.1 250.1 251.2 244.9 234.9 226.7 223.9 215.6 212.6 202 208.7 215.9 227.5 238 246.2 254.2 263.9 270.9 275.7 277.3 276.9 278.1 272 268.4 266.8 272.1 281.4 293.5 290.2 261.5 236.3 213 195.1 178.8 172
245.6 249.8 254.1 257.6 259.2 258.7 257.1 250.4 240.5 232.1 228.7 233.9 236.9 244.9 243.2 227.5 201.1 167.2 142.2 118 127.9 147.2 158 166.1 175.5 183 191 197.7 204.5 206.8 206.5 204.9 206.9 212.9 216 216.8 218.2 214.9 198.5 175.7 164 171.7 185.3 199.4 212 219.9 231.8 236.2 236.3 231.5 227.5 228.2 230.6 230.3 226.3 224.6 227.2 236.7 248.4 260.7 271.1 280.2 287.9 293.5 295.2 297.8 299.7 301 304.4 303.3 298.6 294.2 295.8 299.4 274.4 249.5 223.9 203.7 188.9 179.9 180.3
252.1 259.3 262.9 265.5 268.1 267.9 267.5 259.8 250.7 244.4 239.2 239.8 251.3 254.9 249.9 233.6 211.5 177.7 150.7 126.5 132.4 152.3 164.4 170.6 178 190.6 200.9 205.6 204.5 196.8 193.4 202.3 211.6 219.4 221.9 224.7 228.1 227.3 219.1 204.2 182.6 166.3 172.5 186 197.2 207.4 213 216.2 220 219.2 229.6 234.5 236.9 236.9 237.7 241.4 248.8 260.3 269.8 281.8 293.2 302.2 308.2 314.3 317.2 318.2 321.3 321.1 324 326.7 323.2 316.1 310.1 293.9 266.2 238 213.8 195.4 187.5 185.8 186.7
257.2 264.5 270.5 273.2 276.5 278 274.5 265.3 256.4 250 247.5 251.7 258.7 261 257 239.3 220.2 190.8 164.5 138.3 128.4 145.4 157.6 163.5 174.2 188 198.7 195.9 188.8 186.1 194.5 206.1 216.3 224.8 229.8 236 239.5 237.7 235.5 226.9 209.8 192.8 173.6 176.7 184 191.9 194.9 200.3 204.5 217.5 237.1 241.1 246 250 252.5 256.7 266.5 277.6 289.7 302.7 314.1 322.2 328.7 330.3 332.6 336.2 339 336.7 341.1 337.8 334.1 324.8 307.1 284 248.3 225.8 204.4 194.8 195.6 196.3 195.5
261.8 269.3 276.1 281.5 285.4 284.8 278.5 268.7 259 251.7 249 251.6 260.8 265.3 261.5 244.7 225.5 200.2 177.1 149 149 139 139.1 144.2 153.5 173.6 182.3 180.1 179.3 184.6 197.6 210.7 222.1 232.2 239.7 246.6 249.7 245.9 245.2 245.6 237.3 214.7 203 192.2 186.1 188 187.8 189.6 197.9 204.5 214.7 240.1 255.2 259.7 266.5 275.3 285.8 297.8 311 324.6 331.9 340.2 343.7 343.7 347.1 350.2 351.7 349.8 350 346.1 339.1 326.5 299.3 259.1 233.3 220.1 213.8 215.2 213.6 211.7 203.5
265.8 274.5 281.1 288.4 290.5 288.5 278.2 268.5 259.7 251.4 249.5 254.9 262.9 270 266.4 247.5 224.4 203.1 180.3 174.8 171.8 155.6 168.5 167.6 147.9 158.7 166.6 170.7 179.3 191.2 204.2 217.6 229.9 239.3 247.4 257.1 257.8 255.9 256.8 258.1 258.7 244.1 229.4 218 215.7 215.3 213.2 210.1 206.5 203.4 206 221.5 249 266.8 277.6 288.6 303.2 317.7 329.4 341 346.9 355.2 355 357.4 359.4 361.8 359.2 360.4 357.8 350.4 344.1 331.9 306.5 283.3 262.5 251.2 246.2 239.5 232.9 213.8 222.7
267.9 277.3 284.2 290.2 292.2 291.8 278.9 265.4 255.3 248.9 252.5 258.7 269.7 272.8 267.4 243.9 224.9 210 199 200.5 187.6 174.5 193.4 191.7 184.1 158.4 158.6 174.2 186 199.3 212.1 224.8 236.4 245.9 256.9 265.8 266.3 264.9 266 271.7 272.8 272.2 263 255.7 250.9 243.9 242.1 241.9 240.3 235.1 225.7 215.5 238.9 271.7 290.2 304.9 319.2 331.7 344.1 354.9 362.4 364.3 362.9 361.8 366.7 368.4 365.6 363 359.9 354.9 347.7 338.4 321.4 304.1 287.5 273.8 261.8 249.2 228.2 235 238.7
269.6 280.1 288.5 295.4 291.4 279.1 269.2 258.9 249.5 248.4 251.5 259.8 272.5 279.4 261.7 245.8 233.6 219.6 217.6 213.4 193.9 201.4 204.3 201.8 192.6 179.7 158.1 179.9 190.7 205.6 217.6 230.2 241.6 254.6 267.3 273.1 274.7 276 278.5 285.2 287.1 289.5 294.1 287.9 283.6 280 278.5 277.3 274.1 266.6 256.5 232.6 237 263.8 291.5 312.6 329.7 343.8 355 364.8 365.2 365.4 365.3 364.1 368 369.9 369.9 366.1 360.6 355.9 351.2 342.1 329 309.5 293.2 280.3 267.3 240.5 244.3 254.2 256.1
269 278.4 283.1 287.5 277.3 264.9 253.4 247 244 246.7 251.8 263.3 276.2 280.3 262.5 250.8 240.6 234.1 229 225.6 222.4 220.6 218.5 209.6 198.5 179.3 170 183.2 194.8 210.4 223.6 239.5 250.9 264.6 275.9 279.6 282.1 285.8 289.6 294.7 299.5 304.8 308.8 310.7 313.9 316.2 316.3 313.9 309.5 300.1 272 253.3 265.1 269.3 279 317.3 337.4 351.2 361.3 364.9 365 365.5 365.4 366.4 368.5 369.6 369.1 361.7 351.3 350.8 351.4 344.1 325.4 308.6 296.9 284.1 263.9 258.4 265.9 268.5 266
261.8 266.9 266.4 268.1 259.3 252.4 243.6 239.6 239.8 245.6 253.8 266.6 277.9 279.8 266.8 254.7 248.1 245.5 242.1 240.7 236.2 229.9 226.9 222.1 200.7 182.4 178.2 185.9 198.7 215.2 234.2 248.5 259.6 270.9 281.8 286 288.9 293.7 299.9 304.5 311.4 318 320.4 322.6 325.9 332.1 331.6 328.5 324.3 315.9 286 288.3 299.7 301.2 304.8 323.7 342.8 355.2 365.4 364.9 364.9 365 362.4 359 363.3 361 356 342.6 338.3 346.4 350.9 337.3 320.5 308.7 298.5 286.1 274.3 278.8 281.5 280.3 270.5
240.7 243.9 249.3 250.3 245.8 239 233.5 236.3 239.4 248.1 256.7 267.7 278 280.6 269 261.4 257.3 255.3 252.3 250.2 243.3 237.1 234.1 223.5 199.3 183.2 180.7 190.7 204.3 222.1 240.4 254.5 266.1 278.1 285.9 292.4 296.7 303.2 310.4 316.9 322.5 326.5 327.9 332.1 336.2 341.3 341.5 338.4 334.6 327.7 309.7 321.9 325 326.2 330.5 337.8 346.3 357.6 367 366 362.1 353.9 345.7 341.5 339.7 338.5 331.2 319 329.8 343.7 343.9 328.1 317.6 309.1 301 294.3 290.4 291.1 289.1 278.1 267.8
226.7 231 231.7 233.2 231.8 228.6 231.4 234.5 239.4 250.5 259.3 269 278.5 277.7 270.8 267.4 264.8 263 258.5 253.6 247.1 242 234.6 218.4 197.5 187 187.2 195 209.8 229.7 246.7 259.9 272.3 282.5 289.3 297.3 303 311.4 318.8 325.9 331.8 333.4 334.6 338.8 347 348 348.2 346.6 344.2 343 340.2 340.5 342.3 342.8 343 345.4 350.4 358.9 363.3 359 352.3 333.8 319.9 310.9 307.4 308.4 305.3 298.6 321.1 335.1 331.7 321.4 313.3 306.6 301.2 300.4 298 290.9 282.4 270 258.1
216.6 217.9 220.8 222.3 223.4 227.3 230.8 235.2 240.7 250.7 260.3 270 275.4 272.7 268.4 269.4 270.3 264.3 256.9 253.4 245.2 238.5 229.7 213.6 196.8 190.9 192.1 200.1 216.8 238.1 251.8 264.4 275.2 285.3 293.7 301.8 310 318.6 328 332.7 334.4 337 338.7 345.7 353.8 356.7 358 355.9 353.7 352 351.9 354.6 354.4 354.2 351.7 351.4 353.2 359.1 361 352.9 343.2 315.7 287.3 275.3 275 278.2 278.3 279.7 302.3 320.1 315.4 309.6 305.8 301.2 298.3 293.1 286.6 276.6 266.9 256.9 248.5
211.6 214.9 214.6 219.4 219.9 225.2 230 235.7 241.8 248.9 257.6 262.9 266.2 261.8 262.5 268.2 266.9 256.2 250.7 246.7 238.1 231.4 223.8 206.8 193.6 190.7 194.5 205.4 223.4 242.8 257.1 267.7 278.4 288.6 299.7 309.4 319.9 327.7 330 330.2 333.6 336.7 342.6 353.2 361.9 362.2 361.5 361.5 360.9 360.2 361.2 363.2 365.4 361 355.5 351.5 351.6 353.1 353.6 345.1 334.8 304.9 269.9 248.5 247.8 249.4 252 267.1 283.8 298.9 298.2 295.9 293.5 289.5 283.8 275.6 267.3 260.6 252.4 246.2 238.4
210.6 212.3 214.3 219.5 220.9 226.2 229.5 232.5 233.9 237.4 242 247.4 247.1 251.8 255.5 255.9 248.8 241.9 237.3 237.2 228.6 224.2 215 198 190.3 191.5 200 213.9 232.9 247.7 260.3 270.4 280.9 290.7 300.3 315.9 326 323 317.6 323.2 329 338.2 345.5 352.5 355 355.9 356.5 361.3 362.2 364.2 368.1 370 369.9 361.8 353 347.4 347 343.5 340.6 332.9 323.6 308.7 277.4 245.5 223 224.3 233.2 249.1 264 276.6 276.6 278.8 275.2 268.7 260.7 255.6 249.2 243.9 239.8 233 227.8
206 211 212 218.4 222.6 220.8 220.9 221.1 220 221.7 224.4 229.3 233.1 236.5 238.4 238.6 230 225.6 222.6 220.7 218.7 215.6 202.7 189.8 189.6 195.2 206.9 224.3 241.3 251.8 259.8 270.1 278.9 290.1 299.5 312.8 308.4 295.8 292.2 311.7 327.3 334.1 338.9 339.8 341.6 341.7 340.8 353.3 360.7 366.5 369.8 367.7 362.1 357.2 346.5 339.7 336.1 329.9 324.5 319 310.8 296.6 276.6 255.3 229.2 208.9 210.1 231.1 244.7 252.2 258.1 257.7 252.5 245.6 240.5 236.9 232 229.6 225.9 219.6 213.9
200 203.1 204.5 207.2 205.1 201.5 200.9 201.6 203 204.4 208.1 211.7 214.3 216 213.7 214.8 213.8 211.6 209.3 210.3 209.7 204.5 190.4 184.8 191.7 202.3 217.4 236.9 244.9 253 261.6 269.9 276.3 287.5 295.9 299 288.7 274.7 276.9 310 320 324.1 325.7 326.6 325.4 325 317.4 343.5 356.5 365.4 369.9 362.8 350.1 342.3 332.7 324.3 315.8 309.8 303.5 297.1 285.5 273.1 261.1 250.6 238.7 223.3 202 208 225.3 231.7 237.5 235.1 231.2 224.1 219.5 217.6 214.7 213.8 210.4 204.2 197.6
183.3 184.6 185 182.2 181.9 181.5 182.5 185.5 184.4 187.7 190.7 192.9 191.6 194.3 196.4 197.8 198.1 199.2 200.2 203 199.9 189.9 182.3 186.7 199.6 213.1 228.7 242.9 245.5 250.6 261.2 269.8 276.7 282.9 287.9 287.1 272.6 263.8 283 301.2 307.6 309.8 310.8 309.9 308.5 303.8 308.7 338 345.6 353.6 357.5 354.4 341.7 329.7 315.1 304.8 292.3 286.1 279.6 269 258.5 251.4 243.7 237.4 228.1 215.2 202.4 193.3 206.1 211.9 211.8 212.7 206.6 202.7 197.8 197.3 197.5 196.8 192.2 186.7 177
162.3 164.2 163.6 163.5 162 158.3 157.3 158.5 159.4 163.8 166.2 167 170.2 174.2 176.7 181.1 186.2 190 193.4 192.2 184.5 179.3 183.5 197.1 211.6 222.1 230.7 235.6 240.1 248.1 261.5 267.5 273.5 277.1 277.7 271.5 259.5 262.5 284.1 290.3 293.6 294.6 295.9 296.1 296.4 288.6 310.8 326.8 334.4 339.1 341.6 342.4 333.3 320.5 304.5 283.3 271.6 261.1 252.2 244.1 235.3 229.1 223.9 218.2 211.4 202.5 192.6 180.3 189.9 188.9 188.5 189.2 187.5 181.5 177.8 175.9 179.6 179 175.4 168.9 158.9
143.2 141.2 142.7 139 141.2 142.1 142.4 142.6 147 148.3 148.5 151.1 157.2 158.7 161.1 168.6 171.8 178.5 181.6 178.4 170.1 182.3 189.7 193.1 210 218.5 223.6 226.8 238.8 250.8 261.7 267.8 271 268.1 263.2 257.8 248.3 264.8 270.8 275.6 279.2 280.9 282.6 282.5 281.6 284.1 302.5 310.6 323.3 330.4 334 333.9 325.2 310.8 287.5 267.4 250.5 241.6 230.3 221.5 212.1 208.3 204.1 200.5 195.4 188.4 183 173.1 169.5 170 169 164.7 162.6 160.2 158.3 151.9 149.7 161 158.6 151.7 145.8
141.8 143.9 145.6 147.8 151.1 154.1 156.2 157.3 156.9 156.1 152.8 157 158.3 156.3 156.7 157.9 158.6 158.9 163.8 168.6 180.5 191 201.2 212.1 220.3 227.6 232.7 238.3 247.1 256 262.1 267.8 258.8 252.4 247.8 244.4 247 251.9 258.1 261.2 263 266.9 269.6 270.2 270.2 278.7 289.4 300.9 320.9 330.4 336.3 333.6 322.3 306.6 288.6 280.3 263.7 235.3 220 212.5 199.9 198.3 190.1 188.4 181.2 179 185.2 182.1 177.2 174 174.9 169.1 165.4 161.5 157.7 154.5 150.3 143.8 140.9 140.6 139
172.2 173.9 173.5 175.5 177 179.1 181.2 182 184 183.8 181.3 183.8 184.5 186.1 182.2 177.8 175.2 167.7 163.6 175.7 186.9 196.2 207.8 219.9 228.4 234.5 239.6 242.7 250.4 254.4 251.2 246.8 240.7 236.3 235.3 235.3 239.1 239.8 242.7 245.7 250.3 253 257.4 256.1 265.7 273.3 287.4 309.9 327.1 335.7 341 337.3 329.3 323.4 317.7 309.4 287 263.5 246.2 232.9 223 211.9 205.9 202.3 203.6 206.2 204.3 200.8 193.7 191.1 183.5 173.1 167.7 161.6 156.5 152.1 151.6 155 152 151.5 154
189.1 191.8 193.1 193.5 194.4 197.8 199 201.8 203.8 200.6 201.1 201.4 203 203.4 202.8 202.5 199.4 174.3 172.4 172.6 185.1 197.5 203.9 212.9 221.2 230.9 238 240 241.3 242.7 238 231.7 227.9 226 226.8 228.6 231.2 234.6 237.3 240.7 245.3 250.1 256.8 263.3 273.9 290.6 303.9 307.8 327 337 340.7 340.9 336.4 336.8 338.2 327.2 310 295.6 277.8 264.8 253 243.4 239.6 236.5 230 224.2 214.1 203.5 185.7 175.8 169.1 163.8 159.9 156.6 156.8 161.2 166.2 169.3 167.9 167.7 166.5
199.9 202.8 205.2 205.9 206 209.3 210.9 212.2 214 211.3 211.8 211.1 212.2 213.3 215 217.3 209.2 208.7 202.1 192.6 191.2 183.9 186.4 193.8 205.8 216.4 223.8 228.7 229.7 228 224.5 220 222.4 225.2 228.2 230.7 236.3 241.8 246.7 251.2 256.3 259.8 267.2 269.2 285.4 300.5 314.4 323.8 331.2 339.3 344.2 345 344.6 346.1 348.4 342.2 333.2 321.9 308.8 295.6 286.1 277.5 266.4 255.9 239.6 225.6 200.6 179.7 174 170.1 170.6 169.1 169 168.3 170.3 175.7 180.9 184.6 185.5 185.2 178.8
