data/SH86.asc
ncols 200
nrows 200
xllcorner 280000
yllcorner 360000
cellsize 50
[rows 105 to 139 of 200, columns 78 to 155 of 200]
255 250.6 248.7 255.1 261 261.8 261.7 259.7 261 262.3 262.4 260.2 259 259.4 258.7 256.4 250.8 248.7 252.7 253.9 249.2 240.6 230.1 221.5 215.6 210.3 206.3 202.7 196.6 192.8 192.1 191.8 188.8 187.9 186.6 184.6 180.7 179.3 179.7 179.4 178.4 177.3 183.5 184.2 186.5 188.1 188.6 190.4 188.3 188.3 190.4 193.4 199.1 202.3 200.1 194.8 185.9 175.5 172.9 178.1 181.7 178 181.9 183.4 186.1 189 191.3 190.6 187.8 190.7 213.5 230.8 239.9 246.4 251.1 252.3 255.6 259.8
257.6 251.7 248.3 255.8 257.3 256.6 255.3 253.7 257.3 258.1 253.2 250.9 251.4 252.3 253.4 247.2 244.1 241.9 243.1 241.2 232.8 223.3 216.1 210.4 208.4 204.6 202.1 198.7 191.9 187.6 185.7 183.6 184.1 182.9 181.8 180.7 179.4 179.7 183.6 184.2 185.2 188.2 190.1 190.7 191.4 193.8 194.4 195.8 195.2 194.8 197.1 198.3 198.4 197.2 195.2 191 179.7 175.1 177.8 181.8 182.3 178.7 187.4 189.2 192.9 195.2 196.2 194.5 193.1 195.4 221.5 235 242.8 250 253.2 254 257.4 261.9
263.3 258.3 253.4 247.4 251.3 249.2 248.6 248.9 251.4 251.3 247.4 247.1 246.6 243.9 243 240.5 237.7 235.5 231.2 227 217 209.7 205.7 203.3 202.3 200.6 197.7 192.6 186.7 184.8 183.3 182.9 183.4 184 183.5 182.1 182.9 189.6 193.4 194.8 197.6 198.1 198.3 199.1 200.6 201 201 201.2 202.1 202.2 200 193.5 189.4 185.5 184.1 182.1 177.8 179.2 182.6 186.8 182.7 183.5 192.3 196.3 199.5 201.6 200.1 200.2 200.4 201.3 223.1 238.2 245.8 252.1 254.9 256.3 259.1 261.2
271.4 266.5 261.3 253.4 246.3 237.9 237.4 245.4 245.5 243.7 239.8 241.2 238.5 233.1 232.1 233.2 227 226.4 221.2 217.4 209.1 202.5 199.5 197.3 196.7 195.2 191.3 187.2 185.7 185.7 185 185.1 186 187.1 189.1 187.9 192.7 200.1 203.2 204.6 204.2 205 204.8 205 206.2 206.8 208.5 207.3 207.2 203.9 184.3 184 183.4 182.1 180.7 179.9 182.5 184.9 189.8 194.4 187.9 194 199.7 203 205.7 207.4 205.2 204.9 205.3 210 226.2 240.9 246.5 252.4 256.5 257.8 259.5 260.2
275.3 269.9 263.7 258.1 249.7 243.5 227.8 238.2 238.3 235.3 231.1 229.5 226.2 224.1 222.5 222.5 219.6 217.2 213.3 211.2 204.8 196.4 191.4 189.5 188.8 189 186.8 187.4 186.8 186.2 185.8 185.6 187.6 189.6 194.5 197.9 203.6 209.5 210.3 211.9 211.9 211.7 211 211.5 211.5 212.5 215 213.2 208.5 199 186.5 186.8 186.2 184.9 184 185.7 189.9 193.4 198.1 199.7 187.5 201 206.6 209.6 212.8 213 212.2 209.7 211.1 216.5 232.4 245.8 252.6 255.9 258.3 260.6 262 261.3
272.3 266.7 260.8 255.1 248.4 240 226.8 228.5 231.5 227.3 223.8 221.7 218.9 216.2 212.5 209.8 207.7 208 205.2 205 200.7 191 190.2 190.6 189.5 193.1 195.3 194.9 190.2 188.6 190 191 191.7 192.8 195.6 202 206.8 212.4 216.2 218.5 219.4 218.5 217.3 217 217.1 216.5 220.5 213.9 207.9 196.7 188.9 190.9 191.3 191.1 190.3 195.9 198.6 197.5 197.8 200.9 196.4 206.3 210.4 215.6 219.5 219.1 215.4 214.3 218.3 228.5 239.1 251.9 257.5 260.4 261.9 263.3 264.5 264.8
268.1 262.8 257.6 251.5 244.3 238.1 230 216.2 221 219.1 218.6 217 215.1 210.8 205 200.2 197.7 197.8 197.2 196.1 193.5 192.6 198.1 196.5 195.6 197.2 198.2 198.3 198.6 195.5 198.3 198.2 202.1 200.9 198.4 205.1 210.4 214.6 219.3 221.4 220.2 216.7 214.2 211.4 210.8 211.8 213.4 212.5 206.3 193.9 194.8 199.7 202 201.2 200.6 204.7 206.4 200.7 200 197.3 206 210.9 214.6 220.5 226.5 226.2 225.4 224.7 229 238.8 238.7 256.2 262.4 264 265.3 267 268.3 269.4
264.2 259.5 253.2 247.2 241.6 234.5 228.7 217.1 211.7 211.9 213 212.8 211.2 206.9 200.8 197.3 195.4 194.6 193 193.1 196.3 199.9 204.3 205 204 201.9 202.2 203.2 205.3 205.2 207.3 206 207.6 208.2 209.2 204.6 213.2 217.6 220.9 217.1 208.9 201.1 198.9 196.6 199.3 204.3 206.2 207 201 200 205.7 207.7 208 207.9 208.2 209 209.4 204.8 205.3 201.3 209.8 213.6 217.7 224.4 231.7 232.8 234.2 235.5 240.7 249.1 252.3 256.2 264.5 267.3 269.2 270.6 271.8 272.2
256.7 254 248.7 243 237.3 229.9 225.3 218.3 205 206.1 207.4 208.4 206.4 202.3 198.3 196.2 195.8 194.1 194.4 198 203.1 205.2 207.7 209.4 210.9 211.5 210.9 212.4 212.7 213.5 214.6 213.9 213.7 213.8 216 208.5 215.9 221.6 217.6 204.1 199.6 198.2 200.8 201.7 203 203.6 201.2 198.6 204.8 208.2 210.6 212.2 212.8 211.3 212 212.8 211.9 207.2 206 200.4 210.9 216.4 220.4 226.2 233.7 236.6 239.4 242.7 248 256.1 261 263.7 267.2 270.4 273 273.6 274 274.4
250.9 247.5 243.2 235.9 230.9 224.4 220.8 214 204.9 203.8 203.6 204.2 201.9 198.8 196.1 196.6 196.1 197.9 199.7 204 205.8 208.9 211 213.8 215.9 217.9 221.3 222.4 223 220 219.7 221 221.1 221.4 221.6 213.7 219.3 220.4 207.3 204.3 206.3 207.6 211.1 215.4 217.7 217.8 213.5 210.3 213.9 213.5 214.5 215.9 217.5 215.9 214.7 213 211.3 207.8 204.6 204.4 212.3 217.2 222.4 228.7 234.9 239.1 243.4 247.4 255 262.4 266.6 269 271.3 274 275.9 275.9 276.2 275.5
244.2 240.5 237.1 229.8 224.9 219.1 213.7 212 208.1 202.4 200.7 199.6 197.9 198.1 198.3 199 199.1 200.3 203.4 207.8 210.5 212 214.5 218.2 220.8 222.6 226.4 228.2 228 226 225.6 226.5 227.9 226 217.9 220.2 222.1 220.7 204.8 210.6 217.9 220.8 222.7 224.2 225.6 225.6 219.4 219.1 219.3 219.1 219.9 221.5 221.1 220.2 220 216 211.7 205.8 202.5 209.3 213.3 218.1 224.3 230 235.3 240 245.2 252.5 260.1 266.2 269.5 271.3 274.8 277.6 278.6 278.3 277.8 276.4
236.7 234.1 231.4 222.8 210.2 205.9 205.7 204.8 202.6 201.7 199.9 202.1 201.3 202.1 203.2 204.7 203.9 205.7 209 212.4 216.1 216.7 220.4 223.7 225.8 228.3 232.3 234.9 237.2 232.1 231.4 232.6 230.5 226.7 221.2 225.8 226.4 221.4 210.7 217.8 221.9 225.8 228.9 231.2 232.8 228.5 222.5 225 226.2 225.3 225.3 225.6 226.7 224 222 217.1 211.6 204.4 209 207 212.4 219.7 225 230.5 235.6 242 249.2 257.3 264 269.1 272.2 274.5 278.2 280.2 280.2 279.8 278 276.8
232.2 230.3 225.4 212.6 209.3 210.9 207.3 204.6 205.6 205.2 205.3 207 207.6 207.8 207.8 209.3 210.8 209.8 213.2 216.9 220 222.7 225.9 229.5 230.8 233.9 237.8 243.7 242.4 237.4 235.9 232.7 228.9 224.8 225.5 229.6 228.5 214.7 219.6 222.9 226.9 230.8 233.6 237.2 234.6 228.7 226 228.3 230.7 230.4 229.4 228.3 228.2 224 220.2 214.6 207.1 209.3 215.9 216.8 217.2 221 226 231.2 239 247.3 254.7 262.1 268.2 272.3 275.6 278.3 280.7 281.8 281.6 280.7 278.8 276.9
226.3 224.3 213.9 212.5 216.7 216.2 211.4 211.2 211.2 211.5 210.1 211 213.4 214.5 217.1 216.6 216.2 217 218.9 219.4 223.9 226.2 229.2 233.3 236.1 240.4 246.2 249.6 246.8 243 236.8 231.9 228.2 226.5 229.6 232.6 227.6 218.1 225.7 228.1 232.5 236.4 238.3 238.6 235.8 232.3 232.6 233.4 234.4 234.3 233.4 232.8 229.1 223.6 218.6 210 214.9 216.5 218.8 220.8 222.3 221.1 225.2 233.9 243.9 251.5 259.3 266.7 271.6 276 279.1 281 282.9 283.2 283 281.5 279.8 278
216.2 213.3 215.4 218.3 221.4 221.5 217.1 217.1 215.5 216 215 217.3 221.1 223.9 223.7 223.6 221.7 224.6 227.6 231 230.9 231.4 234.7 237.1 242.2 249.4 253.9 254.7 251.3 247.5 239.7 234.2 231 230.9 233.4 233.9 229.3 225.7 232.7 234.1 236.1 239.8 240.9 239.6 237 236.5 236.4 237 236.9 236 236.1 235.2 228.9 223 214.5 215.9 221.2 222.7 223.5 224.1 226 227.7 230.8 237.6 242.1 254.6 263.5 270.6 275.2 278.7 281.6 283.5 285 284.8 284.2 282.8 281.1 278.9
218.1 223.2 227 227.4 228.5 226.4 223.4 223.6 221 220.3 220.6 223.8 227 229 226.8 228.5 228.8 231.6 233.6 236.2 239.9 243 246 249.8 254.5 258.1 259.8 260.3 255.8 251.6 249.8 242.6 238.1 234.1 237.1 237.9 224.1 235.2 238.3 240.1 240.9 241.7 241.6 239.5 240.3 241.5 240.6 239 237.5 236.2 235.9 232.4 228.7 224.2 213.9 224.7 228.2 229.7 233 232.9 232.9 234.9 239.1 247.5 253.9 254.9 267.1 273.2 278 281.4 284 285.9 286.6 286.5 285.2 283.7 282 279.5
224.7 231 233.4 233.1 234.2 231.5 230.4 229.3 226.7 226.5 228.2 231.5 236.5 237 234.3 235.3 235.1 236.7 240.3 241 245.2 249 253.6 257 262 265.2 267 264.5 262 258.8 254.8 248.4 241.2 238.5 240.1 238.4 231.7 240.9 243 245 244.9 244.6 243.4 243.1 243.6 244.6 243.1 238.5 236.5 235 232.3 229 224.8 218.3 220.2 229.8 233.6 237.9 241.1 242.6 246.9 247.3 253.7 257 262.4 266.1 270.8 277.4 281.2 284.4 286.8 288.5 287.7 287.3 285.4 283.6 282 279.4
230.3 236.1 237.9 239.6 240.6 238.6 236.5 235.2 234 233.8 230.4 236.4 243 244.1 246.7 244.9 243.2 244.9 246.7 248.2 250.7 255.7 261.9 265.9 269.8 271.5 271.7 268.7 265.8 262.4 257.6 250.9 243.1 244.2 243.2 241.5 241.9 244.9 248.6 248.7 248.2 247.7 246.1 244.8 244.9 243.8 242 235.8 231.4 227.6 224.8 225.3 225.1 225.4 230.3 235.3 241.6 244.4 247.7 251.2 254.2 257.5 261.6 265.9 270 270.3 274.6 279.6 284.1 287.3 289.5 290.3 290.3 288 286 284 282.1 279.4
233.4 238.6 241.1 244.4 245.7 245.1 247.3 244.4 242.4 240.7 239 241.5 246.9 252.4 253.9 254.5 255.1 254.1 253.4 253.7 259.4 268.3 271.5 274.9 276.9 277.9 276.2 272.3 268 264.2 259.1 250.9 247.1 248.1 246.4 242.4 245.6 249 252.1 253.5 250.6 247.3 245.6 244.4 244 242.4 237.3 230.3 235.5 236.7 235 233.3 232.6 233.5 236.1 243.4 248.5 252.7 256.2 259.1 262.3 265.4 268.9 273.1 276.7 271.1 278.8 281.6 285.5 288.8 291.1 292.1 291.5 288.7 286 284.9 281.7 278.4
240.4 243 245.2 249.7 251.6 253.9 255.2 253.6 251.1 250.6 248.1 246.9 252.7 256.4 257.6 260.9 263.3 263.6 261.3 262.6 270 274.3 278.8 280.5 281.9 280.3 276.8 272.8 268.4 264.5 259.5 250.2 253.1 252.2 249.7 230.9 250.9 254.3 255.9 256.6 254.5 250.8 247.6 243.6 241.8 238 241.2 245.2 247.5 247.6 245.8 241.6 243.4 244 243.8 250.1 254.2 258.3 262.1 265.6 269.1 272.7 276.4 279.7 280.5 278.8 284.2 285.3 286.7 289.5 291.5 292.4 292.2 289.2 286.4 284.5 281.7 277.9
244.9 250.9 253.2 255 258 260.9 261.2 260.8 260.2 258 257.1 255.7 257 261.4 262.7 266.1 270.9 277.1 279.5 276.7 277.7 280.5 284.1 284.9 282.4 279.4 276.5 272.7 268.6 264.2 258.9 255.1 255.7 254.7 252.9 236.1 255.6 256.5 259 259.6 258.3 256.6 252.6 248 239.1 238.4 248.3 249.3 251.6 252 252.2 250.9 251.8 253.1 254.4 255.7 260.2 264.2 268.6 272.8 276.1 278.1 281.4 284.8 285.4 285.9 287.4 289.3 289.8 290.6 291.2 291.7 291.5 290.1 287.2 285.1 282.4 278
252.3 256.4 258.2 260.5 263.6 265.7 266.4 266.4 266.4 265.2 266.6 263.4 262.9 266 267 271.3 276.9 284.2 290.7 287.1 285.8 286.1 287.3 285.2 281.6 278.7 276 273.2 268.7 263.2 258.8 260 256.8 251.1 244.3 249.7 257.4 259.1 262.6 263.7 263.2 261.4 258.6 250.3 239.8 249.9 251.6 254.4 256.5 256.9 258.4 260 260.7 261.7 261.2 263.5 266.7 270.6 274.6 278.1 281.8 283.5 287.5 288.7 289.6 288.2 290.2 291.9 292.2 291.9 290.1 289.6 289.6 287.3 285.5 284 281.4 276.9
254.8 259 262.2 265.8 270.1 272.2 272.3 273.6 272.9 271.8 273.2 273.9 274.4 273.2 273.5 278 283.8 290.2 295.3 292.4 292 291.6 289.6 286.1 282.4 278.6 275.5 271.6 267 263.4 264.6 265.1 263.8 258.4 250.9 242.1 256.4 260.4 263.8 266.6 267.6 266.6 262.8 253.5 248.5 254.2 256.4 258.8 260.5 261.6 263.5 265.7 268.2 269.6 267.7 270.6 273.2 276.1 279.8 282.8 285.9 289.8 292.1 293.2 292.9 290.2 293.1 294.4 294.9 293.7 291.2 289.4 287.9 286 283.9 281.5 278.6 275.9
256.9 262.1 266.2 270.1 273.9 278.4 279.5 281.2 281.1 279.8 279.8 282.2 283.8 281.9 282.3 286.8 292.9 295.6 297.8 296.1 296 293.6 290.5 286.9 282.9 279.1 276.2 272.7 268.2 265.1 265 266.7 264.1 260.3 253.8 241.3 253.7 260 264.1 268.8 273 270.9 265.9 251.1 255.6 258.6 262.3 265 265.9 267.3 268.7 272.3 274.9 276.6 277 277.6 280.7 283.7 287.1 290.3 292.6 295.8 296.5 296.2 294 295.2 296.8 298 298.2 295.2 292.3 290.8 289.3 287.6 283.8 279.9 276.7 274.7
260.9 264.8 269.8 273 276.7 283.5 287.5 289.1 288.1 286.7 286 289.2 292.7 293.6 296.6 296.4 299.2 301.7 300.7 299.7 297.8 293.7 290.7 286.9 283 281.2 278 274.2 268.7 261.4 261.3 262 257.4 251.3 246.7 241.6 252.7 260.7 266.5 271.3 276.2 272.5 266.6 248.5 256.8 262.5 266.5 269.7 272.5 274.9 276.5 279.5 281.7 281.7 282.9 285 286.7 289.9 292.8 295.6 297.9 299.5 299.8 298.9 298.5 298.8 300.1 301.8 301.5 296.5 292.6 291.5 290.5 287.5 282.3 278.1 275.4 273.3
263.3 267 271.4 277.4 281.2 286.8 291.4 294.9 294.6 292.6 290.9 294.6 300.4 301.2 300.9 303.1 305 304.9 302.8 301.2 297.8 293.6 290.6 287.2 285.5 282.3 278.7 274.8 268.2 260.8 257.2 256.3 257.2 250 241.3 242.4 255.8 261.9 267.9 272.9 277.2 274.5 266.4 249.1 261.1 266 270.4 274.8 278.1 281.4 285.2 287.4 286.4 286 285.7 288.1 290.7 293.6 297.1 299.8 301.6 302.3 302.3 300.9 301.4 302.3 303.5 305.2 302.9 297.8 293.9 292.5 290.5 286.2 279.9 276.2 273.1 270.1
264.5 268.9 273.2 278.9 285.6 290.5 295.5 299.2 299.2 298.1 295.7 302.8 306.1 308.2 308.8 309.9 309.9 306.2 304.3 301.8 298.3 293.9 292.6 290.1 286.8 283.6 279.1 274.5 267.3 262 264.6 265.3 263.5 250.1 240.8 244.9 256.5 263.9 268.9 273.6 276.6 275.1 267.9 249.7 263.6 269.2 274.3 280.2 284.8 288.3 290.7 289.3 288.8 288.9 288.9 290.7 294.3 297.9 301 302.9 304.1 304.6 303.7 301.9 302.7 304.3 306.1 307.4 303 297.5 293.8 292.1 288.9 284.9 278.5 272.9 270 266.3
265.5 271.4 278.7 284.4 289.7 294.3 298 303.7 305 303.4 304.5 308.9 311.8 313.5 314.8 314.6 310.6 307.2 304.4 301.9 298.8 296.9 294.6 291.6 288 284 279.3 272.4 266.3 268.8 270 268.7 264.4 248.9 241.6 248.9 258.5 267.7 274 275.4 275.9 274.3 268.8 256.9 263.9 270.1 274.9 279.5 283.7 288 289.4 290.2 290.7 291.1 291.7 293.9 297.4 300.9 303.8 305.4 306.4 305.9 304.9 303.5 305 306.6 308.3 307.5 302.5 296.1 293.4 291.7 287.6 282.7 275.9 269.2 265.7 259.7
268.2 276.7 281.8 287.2 291 295.3 299.2 305.9 308.4 307.9 311.5 314.4 316.8 317.5 318.1 314.8 310.9 307.6 304.7 303 301.5 298.7 296.2 292.9 289.1 284.3 277.6 270.7 267.1 269.7 272.1 271.7 264.1 245.9 246.3 252.8 263.2 273 277.6 277.1 275.6 272 263.6 256.6 263.8 269.5 273.6 277.8 280.7 284.8 288.2 290.1 291.9 293.5 295.5 297.7 300.7 304 306.2 307.8 308.5 307.1 306 305.6 306.6 308.2 309.4 305.7 301.4 295.3 293 290 285 279.9 272.6 267 262.4 261.6
262.8 277.6 283.1 288.2 292.7 296.7 300.5 306.1 309.6 313.4 316.6 319.5 320.6 320.4 318.5 315.1 311.3 308.6 307.6 305.9 303.1 299.8 296.9 293.9 290.3 284.6 276.8 269.8 270.4 274.4 274.1 269.4 255.7 243.5 248.4 260.1 271.8 279.1 280.1 277.7 275.5 275.3 273.1 267.9 259.6 268.1 271.1 274.9 277.9 281.5 286.1 289.2 292 295.8 298.1 300.3 303.6 306.8 308.1 310.3 309.5 308.3 307.2 307.8 308.5 309.6 308.5 303.2 298.8 294.5 291 287.5 282.3 277 269.2 264.9 261.4 266.6
278.9 274.9 284.1 289.3 294.1 297.9 302.6 308.5 314.1 318.2 321.7 323 322.7 321.4 318.8 316 312.7 312.2 310 306.8 304 301.2 298.3 294.9 290.3 284.7 276.1 272.1 274.8 276.2 272.2 267.1 248.3 245.5 261 274.2 278.6 282.5 281 278.5 278 277.5 274.3 269.9 260.2 267.7 272.1 275.9 280.6 285 287.9 290.7 293.7 297.6 300.1 302.5 306.2 309.1 310.4 312.7 310.8 309.6 309.1 309.6 309.7 310.1 306.4 300.4 296.3 292.4 288.6 284.5 280.7 275.2 267 263.1 265 270.2
289.2 276.6 285.6 290.3 294.9 299.4 305.2 311.8 318.3 321.6 324.2 324.4 323.6 321.3 318.9 316.1 314.9 313.8 311.6 308.3 305 302.6 299.1 295.3 288.6 283 275.5 276.3 277.7 274.2 269.9 258.3 246.2 255.8 274.2 281 285.2 284.9 282.1 280.1 280.5 278.9 274.9 268.2 265.4 269.1 272.8 279.5 285.3 289.6 292.2 294.3 296.9 300.2 303.1 305.8 308.9 311.5 312.2 312.5 312 310.9 310.3 310.4 310.3 308.3 303.8 297.4 293.1 288.9 286.5 283.7 279.6 275.2 266.2 263 265.9 271.6
292.8 283.8 284.8 292 297.4 302 309.7 316.3 320.8 324.1 325.6 325.3 322.8 320.4 318.4 316.6 316.1 313.2 311 308.7 305.7 301.8 297.1 292.1 286.6 280.1 282.8 281.4 278 272.8 266.5 250 246.2 266.6 283.4 286.8 289.3 286.3 283.8 282.9 282.9 280.3 273.1 265.8 270.3 274.7 279.7 283.7 287.3 292.3 295.4 297.7 300.5 303.6 306.5 309.4 311.8 313.8 314.7 314.1 313 312.1 311.1 310.7 308.9 305.4 300.8 294.2 289.7 285.5 283.3 281.5 277.9 273.2 266 263.7 265.8 271.7
293.2 294.1 295.2 292.8 301.2 306.1 312.2 318.7 322.8 325.8 326.6 324.5 322 319.8 318.5 317.2 316 312.5 310.3 308.6 305.4 302.2 298.4 293.2 287 287.6 288 285.2 279.5 270.4 257.8 248.2 260.3 277.8 288.4 291.2 290.6 287.9 285.9 285.5 285.1 281 268.4 272.5 276.7 279 285.4 290.1 294.2 295.5 298.1 301 304.5 307.8 310.9 313.2 314.9 316.3 316.6 315.8 314.6 313.6 312.3 309.7 307.4 302.3 297.8 291.6 286.4 282.8 280.5 278.4 275.1 270.5 266.5 265 265.3 270.8
296.6 298.3 298.8 295.5 303.3 307.9 313.5 320.1 324.6 326.5 325.3 323.1 321.1 320.2 319.3 318.3 316.2 313.1 310 307.4 305 301.6 297 292.2 292.2 292 290 286.2 278.3 262.2 248 256.7 271.8 284.2 290.3 292.9 291.2 289.9 288.8 288.5 287.5 281.1 276.1 278.7 282 285.5 290.6 294.9 296 298.2 301.3 305 309 312.3 315.5 316.8 318.3 319.2 318.8 317.5 316.3 315.2 312.7 309.6 306.4 300.5 294.5 288.2 281.4 277.7 276.9 274.3 271.2 268.5 267.2 266 264.9 268.4
