data/SH95.asc
ncols 200
nrows 200
xllcorner 290000
yllcorner 350000
cellsize 50
[rows 70 to 104 of 200, columns 78 to 155 of 200]
383.7 388.5 392.6 397.7 402.8 409.8 417.6 425.8 431 435.5 440.8 443.8 444.1 446.3 447.4 448.7 450.2 451.4 451.2 450.4 449.4 447.7 446.5 444.9 441.4 437.2 433.2 430.8 427.8 425.1 424.7 423.9 423.5 423.9 423.9 423.7 423.1 420.8 419.1 416.8 414.5 412.9 410 407.7 407.4 407.1 405.7 404.2 403 402.5 401.8 400.2 399 398 397.8 399 402.3 402.8 405 399.9 392 386.3 378.8 376.8 376.8 376.8 376.8 376.8 382.1 383.2 387.6 386.4 386.1 382.8 379.4 376.8 376.8 376.8
385.4 390.5 396.9 401.8 407.6 416.8 425.1 431.7 436 442.1 445.3 447 448.3 449.3 450.2 451.1 452.7 452.7 450.8 448.5 447 445.2 443.3 441 436.8 432.2 429.2 426.6 424.4 422.9 422.2 421.7 422.6 423 423.2 422.9 421.2 418.9 417.1 415.1 413 411.7 409.5 407.3 407.1 406.9 406.4 405.2 403.9 402.5 400.7 398.9 396.3 394.5 394.7 396.3 396.2 397.2 399.6 399 391.9 386.2 378.7 376.8 376.8 376.8 376.8 376.8 379.8 380.6 381 382.9 383.5 377 376.8 376.8 376.8 376.8
390.9 397.5 403.8 409.7 415.9 424.2 432 436.6 441.8 448.9 450 450.6 451.1 452 451.9 452.3 453.7 451.4 449.6 447.2 445.4 442.7 439.1 435.7 431.8 429.2 426.3 423 421.4 420.7 420.6 420.6 421.4 421.8 421.8 420.7 418.7 416.7 415.1 413 411 409.4 409.2 407.1 406.9 406.7 406.2 405.8 403.9 401.4 399.6 397.1 394.1 391.1 390.2 391.5 390.7 389.8 393.7 392.5 389.8 386 379.6 376.8 376.8 376.8 376.8 376.8 377.4 377.7 378.3 376.8 376.8 376.8 376.8 376.8 376.8 376.8
399.5 403.6 410.4 417.4 425.9 432.5 436.4 440.8 447.5 452.9 453.8 454 453.6 453.2 452.7 452.2 452.3 449.9 448.2 445.9 442.7 439.2 435 430.1 426.8 424.1 421.8 420 419.9 419.8 419.7 419.6 419.5 419.5 419.1 418 416 413.8 411.8 409 408.2 407.4 406.4 406.7 406.6 406.4 406.2 406.2 404.3 401.4 398.4 395.6 392.7 389.7 385.5 386.4 385.7 385.7 385.2 385.7 384.6 382.7 381 378.8 376.8 376.8 376.8 376.8 376.8 376.8 376.8 376.8 376.8 376.8 376.8 376.8 376.8 376.8
404.1 410.7 416.1 425.4 433.3 438.5 439.9 444.9 450.5 453 455 454.9 453.8 452.4 451.1 450.6 450 447.4 445.1 441.8 438 435.2 432.1 427.3 422.5 419.9 419.2 418.7 419.3 419.3 419.3 419.1 418.4 417.8 416.9 415.1 412.4 409.5 409.7 406.2 405.7 405.7 405 405.3 405.6 405.7 406 405.7 403.7 401.4 398.5 395.4 391.8 388.2 384.4 380.5 381.3 381.6 379.6 379 379.4 381 384.5 382.2 377.5 376.8 376.8 376.8 376.8 376.8 376.8 376.8 376.8 376.8 376.8 376.8 376.8 376.8
409.6 417.2 421.5 430.8 438.1 441.7 443.4 446.1 448.5 452.3 452.6 451.7 450.3 450 449.3 447.9 446.7 443.7 441.1 436.9 434 431.7 429.1 424.3 419.3 418.8 418.5 416.8 419 419 419 418.7 418 416.7 414.6 412.2 410.4 410.9 410.4 409 405.1 402.4 401.3 402.6 403.2 404.3 404.6 404 403.6 401.4 398.9 395.8 392 388.5 381.7 377.8 377.3 377.7 376.8 376.8 376.8 379.9 385.2 385.5 378.8 376.8 376.8 376.8 376.8 376.8 376.8 376.8 376.8 376.8 376.8 376.8 376.8 376.8
418 422.3 426 433.1 440 444.3 445.2 445.6 446.9 447.7 448.5 447.4 446.1 444.8 443 441.7 439.7 437.8 435.6 432.3 429.4 428 426.3 420.7 417.8 417.6 417.7 417.7 418.7 418.8 418.8 418.3 417.6 416.6 415.1 414.4 414.1 413.6 413 408.5 404.8 400.9 399.7 400.5 401.7 402.7 402.5 402 402 401.7 399.1 395.9 392 388.2 383.3 379.4 376.8 376.8 376.8 376.8 376.8 378 380.8 382.3 380.5 377.8 376.8 376.8 376.8 376.8 376.8 376.8 376.8 376.8 376.8 376.8 376.8 376.8
422.8 426.4 429.9 436.1 441.4 444.5 445.1 445.4 445.8 444.5 444.5 442.4 440.4 438 436.2 434.3 432.1 429.1 426.6 424.4 424.8 423.8 420.5 419.6 417.6 417.1 417 416 417.2 418.7 418.5 417.9 417.3 417.2 417 416.4 417.9 417.1 414.8 408.7 405.1 401.3 399 399 400.4 400.6 400.3 400.1 400.5 400.4 398 394.8 388.6 385 383 381.9 376.8 376.8 376.8 376.8 376.8 376.8 377.8 380.8 380.8 376.8 376.8 376.8 376.8 376.8 376.8 376.8 376.8 376.8 376.8 376.8 376.8 376.8
423.3 428.3 432.1 437.3 439.5 442.4 443.9 443.8 442.8 442.1 440.5 436.8 433.7 432.1 430.5 428.7 426.2 424.3 422 420.1 420.2 419.3 417.2 416.9 416.1 415.9 416.2 415.3 417.2 418.2 418.4 418.1 418.4 418.1 417.4 418.6 420.3 419.8 416.5 410.2 407.6 403.2 398.8 398.6 398 399.6 399.3 398.6 399.8 399.3 397.2 392.5 386.8 384.4 381.5 377.9 376.8 376.8 376.8 376.8 376.8 376.8 376.8 376.8 376.8 376.8 376.8 376.8 376.8 376.8 376.8 376.8 376.8 376.8 376.8 376.8 376.8 376.8
424.5 428.1 433.9 437.8 439.6 441.8 441.5 440.3 438.8 437.7 434.4 431.5 428.5 426.5 423.6 422.1 420.7 419.1 416.9 415.1 415.3 415.1 415.1 415.3 414.9 414.3 416.5 416.3 417.3 418 418.7 418.7 418.9 418.5 418.3 420.3 421 420.5 417.9 411.8 407.7 402.4 398.4 396.4 394.7 396.3 397.1 397.8 398.9 397.7 393.8 389.3 386.2 383.6 383.1 377.6 376.8 376.8 376.8 376.8 376.8 376.8 376.8 376.8 376.8 376.8 376.8 376.8 376.8 376.8 376.8 376.8 376.8 376.8 376.8 376.8 376.8 376.8
424.7 428.3 434.4 437.7 438.9 438.7 437.2 435.2 432.7 430.5 427.8 425.4 423.4 420.6 416 414.3 415 413.3 411.7 411.9 413.4 413.3 412.6 413.6 413.3 414.9 416.8 416.9 417.2 417.8 418.6 419.3 419.8 419.7 420.1 422 422.1 421.2 419.1 413.9 408.2 401.4 396.6 392.4 390.9 393.6 394.4 394 394.4 393.4 389.8 388.1 384.8 382.5 380.3 376.8 376.8 376.8 376.8 376.8 376.8 376.8 376.8 376.8 376.8 376.8 376.8 376.8 376.8 376.8 376.8 376.8 376.8 376.8 376.8 376.8 376.8 376.8
423.5 427.8 433.7 435.5 435.1 433.6 431.8 428.9 425.5 424.5 421.4 419.2 417.3 413 410.7 410.2 409.8 409.5 408.8 409.3 411.2 411.1 410.8 411.8 415 416.2 417.2 417.3 417.5 417.8 419 420.2 420.9 421.6 422 422.8 423 422.2 419.9 414.6 410.7 403.2 397.2 391.3 389 390 391.9 392.7 388.6 387 386.5 384 383.9 382.6 379.2 376.8 376.8 376.8 376.8 376.8 376.8 376.8 376.8 376.8 376.8 376.8 376.8 376.8 376.8 376.8 376.8 376.8 376.8 376.8 376.8 376.8 376.8 376.8
421.9 424.7 427.8 429.4 429.5 428 425.7 421.9 420.7 419 415.4 411.7 409.2 407.7 407.3 407.8 407.1 405.7 405.8 406.2 407.7 408.3 410.8 414.4 415.8 416.8 417.6 417.8 418 418.3 419.7 420.5 421.5 422.6 423.1 423.5 423.4 422.6 419.5 414.7 412.6 407.2 398.7 393.2 387.9 386.9 388 389.5 386.7 381.5 380.5 379 376.8 376.8 376.8 376.8 378.7 376.8 376.8 376.8 376.8 376.8 376.8 376.8 376.8 376.8 376.8 376.8 376.8 376.8 376.8 376.8 376.8 376.8 376.8 376.8 376.8 376.8
419.5 421.3 424 423.4 423.7 421.8 418.4 416.7 415.4 413.4 409.9 404.9 404.4 403.9 404.6 405.1 404.6 403.2 402.9 406 407 409.9 411.9 415.1 416.6 417.5 418 418.3 418.6 419 419.9 420.8 421.8 422 422.5 422.7 422.3 421.1 419 413.8 412.3 408.8 403.3 396.1 387.2 384 387.4 388.2 384.2 381.5 380 377.7 376.8 376.8 376.8 376.8 378.5 376.8 376.8 376.8 376.8 376.8 376.8 376.8 376.8 376.8 376.8 376.8 376.8 376.8 376.8 376.8 376.8 376.8 376.8 376.8 376.8 376.8
416.3 417.9 420.1 418.4 417.6 415.8 414.2 410.7 409.4 405.8 402 400 400.3 400.3 400.3 399.9 400.8 403.2 406.8 408.5 409.6 411.2 413.3 415.4 416.8 418 418.7 419.1 419.4 419.7 420.1 420.8 421 421.2 421.3 420.7 420.1 419.5 415.8 411.7 410.5 407.6 403.3 397.6 386.6 382.8 381.8 385.1 381.7 378.2 378.1 376.8 376.8 376.8 379.6 376.8 376.8 376.8 376.8 376.8 376.8 376.8 376.8 376.8 376.8 376.8 376.8 376.8 376.8 376.8 376.8 376.8 376.8 376.8 376.8 376.8 376.8 376.8
413.5 412.4 413.9 413.2 412.9 412 410.2 406.2 402.1 398.6 397.5 396.4 397.2 398.6 397.3 397.7 401.6 405.6 409.4 410.3 411.2 412.5 414.3 415.6 417 419.1 419.6 420 420.4 420.8 420.8 420.8 420.7 420.8 421 419.8 418.9 417.4 413.6 409.9 408.4 404.8 402 397 387.8 380.7 376.8 376.8 376.8 376.8 376.8 377.1 376.8 376.8 376.8 376.8 376.8 376.8 376.8 376.8 376.8 376.8 376.8 376.8 376.8 376.8 376.8 376.8 376.8 376.8 376.8 376.8 376.8 376.8 376.8 376.8 376.8 376.8
409.6 408.1 407.8 409.5 409.6 408.1 406.1 400.7 396.4 393.7 393.2 393.3 394.1 394.9 394.8 399.9 404.6 408.7 410.8 411.8 412.9 414.2 415.9 417.6 418.9 419.9 420.4 420.8 421.2 420.8 420.8 420.9 420.8 420.7 420.7 419.5 418 415.5 412.5 409.3 406.6 400.7 398 391.5 388.9 383.5 379.2 376.8 376.8 376.8 376.8 376.8 376.8 376.8 376.8 376.8 376.8 376.8 376.8 376.8 376.8 376.8 376.8 376.8 376.8 376.8 376.8 376.8 376.8 376.8 376.8 376.8 376.8 376.8 376.8 376.8 376.8 376.8
405.1 404.5 404.1 408 406.9 403.9 399.4 394.6 390.8 388.9 388.9 389 390.1 390.4 396.1 401.5 406 410.4 411.1 412.3 413.6 415.9 417.8 419.5 420.3 420.7 421.2 421.7 421.1 420.5 420.9 421 420.8 420.5 419.8 418.1 415.7 412.9 409.7 406.8 405.9 398.8 398.2 392.4 393.8 390.8 385.1 378.9 376.8 376.8 376.8 376.8 376.8 376.8 376.8 376.8 376.8 376.8 376.8 376.8 376.8 376.8 376.8 376.8 376.8 376.8 376.8 376.8 376.8 376.8 376.8 376.8 376.8 376.8 376.8 376.8 376.8 376.8
396.9 397.6 397 399.2 399.5 399.3 392.1 387.4 384.7 383.5 384.4 386.2 388.5 392.6 397.9 401.9 405.9 408.9 410.3 412.3 414.6 416.9 419.1 420.2 421.1 421.9 422.7 423 422.1 421 420.6 420.3 420 419.4 418.3 415.6 412.8 410.7 409 403.8 399.8 404.7 402.6 401.4 400.5 395 389.9 384.8 381.6 376.8 376.8 376.8 376.8 376.8 376.8 376.8 376.8 376.8 376.8 376.8 376.8 376.8 376.8 376.8 376.8 376.8 376.8 376.8 376.8 376.8 376.8 376.8 376.8 376.8 376.8 376.8 376.8 376.8
389.1 390 388.8 385.9 390.9 389.3 382 380.7 380.5 385.7 389.7 390.2 392.2 394.7 398.1 401.8 405.6 407.3 409.5 412 415.1 417.7 419.8 421.5 422.4 423.9 424.5 424.1 423.2 422.2 420.5 419.5 419.6 419.4 417.2 414 410.9 408.7 404.8 406.7 406 408.7 408.6 405.7 404.3 401 395.9 391.7 389.5 383.7 376.8 376.8 376.8 376.8 376.8 376.8 376.8 376.8 376.8 376.8 376.8 376.8 376.8 376.8 376.8 376.8 376.8 376.8 376.8 376.8 376.8 376.8 376.8 376.8 376.8 376.8 376.8 376.8
382.1 379.6 378.5 378.6 380.3 378.5 378.4 379.9 383.5 388.9 390.5 391 393.1 395.7 397.9 401.7 404.4 406.5 409.4 412.3 415.3 418.4 420.5 422.5 424.1 425.2 425.5 424.3 423.5 422.7 421.1 419.9 418.9 418.5 415.8 412.8 410.1 408.3 408.9 409.9 411.2 413.6 413.7 411.9 408.4 405.4 402.8 399.3 396.6 393.2 388 379.1 376.8 376.8 376.8 376.8 376.8 376.8 376.8 376.8 376.8 376.8 376.8 376.8 376.8 376.8 376.8 376.8 376.8 376.8 376.8 376.8 376.8 376.8 376.8 376.8 376.8 376.8
376.9 376.4 376.8 377.1 377.2 376.5 377.6 380.7 385.2 389.4 390.9 391.7 393.9 396.3 398.5 401.3 403.7 406.8 410 412.7 415.7 419.3 422.2 423.7 424.4 425.4 425.9 424.3 423.7 423.1 421.9 420.9 419.8 418 414.9 412.6 411.3 411.1 411.3 412.9 414.6 418.4 418.2 415.4 411.2 408.6 406.5 404.3 401.7 398.6 393.9 385.7 379.4 376.8 376.8 376.8 376.8 376.8 376.8 376.8 376.8 376.8 376.8 376.8 376.8 376.8 376.8 376.8 376.8 376.8 376.8 376.8 376.8 376.8 376.8 376.8 376.8 376.8
375.1 375.2 375.4 375.6 375.3 376.5 378.7 381.7 386.6 389.9 391.3 392.5 394.7 396.9 399.1 401 403.5 407.3 411 413.8 417 420.2 422.4 424.1 424.6 425.6 425.4 424.7 424.7 424.2 422.3 421.2 420.2 419 416.4 415.2 414.4 414.3 414.9 416.6 418.7 421 420.4 417.7 414.3 412.9 411.1 408.4 405.6 401.9 397.1 390.4 382.9 376.8 376.8 376.8 376.8 376.8 376.8 376.8 376.8 376.8 376.8 376.8 376.8 376.8 376.8 376.8 376.8 376.8 376.8 376.8 376.8 376.8 376.8 376.8 376.8 376.8
374.4 374.2 374.1 374.3 377.1 377.8 379.9 382.9 388.9 390.7 391.9 393.1 395.3 397.5 398.9 400.6 403.7 407.6 410.6 413.4 416.6 419.5 421.9 424.3 424.5 425.2 425.2 424.4 425 425.1 422.6 421.3 420.4 419.5 417.3 417.8 417.8 417.7 418.5 419.4 420.5 421 420.9 419.9 418.3 415.9 414.1 411.1 408.1 404.7 399.1 393.3 385.5 376.9 376.8 376.8 376.8 376.8 376.8 376.8 376.8 376.8 376.8 376.8 376.8 376.8 376.8 376.8 376.8 376.8 376.8 376.8 376.8 376.8 376.8 376.8 376.8 376.8
374.3 373.2 374.4 377.4 379.4 380.2 381.9 385.5 389.4 390.9 392.2 393.8 395 396.8 398.6 400.8 403.7 407 410.2 413.3 416.4 418.4 420.2 422.6 423.8 424.5 424.8 424.6 425.7 425.4 422.8 422.2 421.5 420.3 419.9 420.6 420.2 419.8 420.5 421.2 421.6 422.1 422.3 421.7 420.9 418.6 416.3 413.5 410.2 406.3 401.3 395.5 391 386.5 379.2 376.8 376.8 376.8 376.8 376.8 376.8 376.8 376.8 376.8 376.8 376.8 376.8 376.8 376.8 376.8 376.8 376.8 376.8 376.8 376.8 376.8 376.8 376.8
373.2 374.9 376.6 378.1 380.8 382.8 384.4 386.9 390 391.3 392.9 394.4 395.1 396.4 398 400 402.7 405.9 410.6 413.3 415.7 417.4 418.5 420.3 422 423.6 424.4 424.5 425.3 424.8 423.5 423.3 422.6 422.2 422.9 423.7 423.2 422.2 422.3 422.6 423 423.5 423.9 422.5 421.3 420.8 417.7 414.9 412 408 403.4 400.1 396.3 391.7 385.5 379.8 376.8 376.8 376.8 376.8 376.8 376.8 376.8 376.8 376.8 376.8 376.8 376.8 376.8 376.8 376.8 376.8 376.8 376.8 376.8 376.8 376.8 376.8
372.8 375.5 378.3 380.1 382.5 384.6 386.5 388.5 390.7 392.1 393.7 393.8 394.9 396.3 397.8 399.5 402.3 406.9 411 413.4 415.6 416.5 416.7 418 419.7 422.2 424.3 424.9 424.7 424.2 425.1 425.6 425.4 425.6 426.5 426.7 426.2 425 424.3 424.1 424.3 424.6 424.5 423.2 421.3 420.9 418.5 415.5 412.5 409.5 405.4 402.5 399.2 395 390.9 386.2 382.4 377.1 376.8 376.8 377.8 376.8 376.8 376.8 376.8 376.8 376.8 376.8 376.8 376.8 376.8 376.8 376.8 376.8 376.8 376.8 376.8 376.8
373 375.6 378.4 381.7 383.6 386.2 388.3 390.2 391.6 392.8 393.3 393.9 395.2 396.3 397.9 399.4 402.1 408 411.1 413.6 414.9 415.8 416.1 416.6 419.4 422.4 424.4 425.5 425 425.3 426.5 427.3 428.1 429 430.4 430.4 428.9 427.7 427 426.6 425.9 425.7 425.4 423.8 421.9 420.2 418.9 415.9 414.1 411.9 408.9 404.9 401 397.5 394.1 391.5 388.1 381.1 382 381.9 380.1 377.8 376.8 376.8 376.8 376.8 376.8 376.8 376.8 376.8 376.8 376.8 376.8 376.8 376.8 376.8 376.8 376.8
373.2 375.9 379 382.9 385.4 387.7 389.7 391.1 392.3 392.4 393.2 394.1 394.6 395.6 396.8 398.5 402.5 408 411.6 413.1 413.6 414.7 415.5 416.1 419.7 423.1 424.4 425.8 425.7 426.5 428 428.8 430.7 432.6 433.7 433.8 432.4 430.4 429.7 428.4 427.7 427.4 426.4 424.5 422.6 420.9 419.7 418.8 416.9 414.1 410.8 407.7 404.5 401.2 397.2 394 390.1 387.5 386.8 384.3 381.5 377.1 376.8 376.8 376.8 376.8 376.8 376.8 376.8 376.8 376.8 376.8 376.8 376.8 376.8 376.8 376.8 376.8
374.4 376.8 379.3 383 386.4 388.5 389.9 391.2 391.2 391.8 392.5 393.1 393.5 394.3 395.6 398.2 403.2 406.7 409.6 412.7 413.1 413.8 414.2 417.8 420.8 422.4 423.9 425.9 426.6 427.6 429.4 431.3 434.1 436.4 437.2 437.1 435.9 433.7 431.4 429.5 429.5 429 427.1 425.4 423.9 422.4 420.7 420.5 418.3 415.4 411.7 409.4 406.9 403.4 400 396.4 392.2 389 387.6 385.4 382.4 376.8 376.8 376.8 376.8 376.8 376.8 376.8 376.8 376.8 376.8 376.8 376.8 376.8 376.8 376.8 376.8 377.4
377.9 379.5 380.3 383.7 386.5 387.8 389.2 389.4 389.9 390.5 391.4 392.1 392.4 393 394.3 396.8 402.3 406.6 409.5 411.7 412.2 412.8 415.9 418.5 422.1 423.6 424.3 426.1 427 428.8 431.2 434.5 437.3 439.6 440.4 440.1 438.9 436.9 434.6 432.6 431.2 429.9 428.4 426.9 425.4 423.8 422.2 420.5 418.7 415.9 411.7 409 407.5 404.1 400.7 397 393.3 389.1 387.9 385.2 381.3 376.8 376.8 376.8 376.8 376.8 376.8 376.8 376.8 376.8 376.8 376.8 376.8 376.8 376.8 376.8 376.8 377
379.1 379.8 380.7 384.1 386 386.9 387.6 388.2 388.7 389.2 390.1 391.1 391.2 391.3 392.5 393.2 397.3 405.2 408.8 410.6 411 412.6 419.2 421.7 422.2 423.3 424.3 426.1 427.7 431 433.1 436.8 439.5 440.8 441.2 441.2 440.7 439.5 437.7 435.8 434.2 431.7 429.9 428.4 426.8 425.2 422.8 420.2 418 414.4 411.5 408.9 406.4 403.1 400.2 396.7 392.8 388.8 387.1 383.3 379 376.8 376.8 376.8 376.8 376.8 376.8 376.8 376.8 376.8 376.8 376.8 376.8 376.8 376.8 376.8 376.8 376.8
379.7 380.5 381.3 384.1 385.7 386.4 387.7 387.8 387.9 388.3 389.2 389.4 388.6 388.9 389.4 390 393.6 398.8 404.3 407.2 407.9 415.4 421.6 423.4 422.3 423.9 425.8 427 429.8 433.5 435.8 438.8 440.5 441.6 441.8 441.9 441.5 441 440 438.3 437 435.1 432.1 429.8 428.3 425.7 423.2 420.2 417.1 414.3 410.7 407.6 404.7 401.4 398.3 394.9 391.5 387.6 384.3 381.3 376.8 376.8 376.8 376.8 376.8 376.8 376.8 376.8 376.8 376.8 376.8 376.8 376.8 376.8 376.8 376.8 376.8 376.8
380.1 381.3 382.6 385.2 385.4 386.8 387.7 387.7 387.6 388.1 389.6 387.6 386.1 384.9 385.8 387.8 390.2 393.7 397.9 403.2 410 418 422.3 423 423.4 425.3 427 428.8 432.6 435.9 438.4 440.3 441.4 441.7 442.3 442.5 442.3 442.1 441.8 440.2 439.3 437.9 435.5 432.3 429.3 427 424 421.1 418.1 414.8 410.5 407.2 404 400.7 397.4 393.6 389.7 385.8 381.2 377.6 376.8 376.8 376.8 376.8 376.8 376.8 376.8 376.8 376.8 376.8 376.8 376.8 376.8 376.8 376.8 376.8 376.8 376.8
380 382.1 384 385.2 386.2 387.9 387.9 387.3 387.1 390 388.3 385.3 382.6 380.2 381.2 385.5 389.8 394.4 400.6 406.4 412.5 417.7 421.8 422.8 425.2 426.6 428.2 430 433.6 437.8 439.7 440.7 441.8 441.7 442 442.5 443.2 443.3 443.2 442.1 441.2 440.2 438.6 435.3 431.4 427.9 424.8 421.9 419 415.9 411.6 408.4 405.4 401.4 396.9 392.6 387.1 383 378.1 376.8 376.8 376.8 376.8 376.8 376.8 376.8 376.8 376.8 376.8 376.8 376.8 376.8 376.8 376.8 376.8 376.8 376.8 376.8
