data/SJ07.asc
ncols 200
nrows 200
xllcorner 300000
yllcorner 370000
cellsize 50
[rows 0 to 36 of 200, columns 0 to 84 of 200]
-2.4 -2.4 -2.4 3.7 10 10.4 10.4 10.2 9.4 7 2.8 6.4 7.1 6.7 6.1 2.9 3.1 3.5 3.8 4.3 4.7 4.8 4.9 4.9 4.9 4.6 4 4.3 5.8 8.2 8.6 7.7 6.4 5.2 4 4 4.1 4.4 5.1 6.6 8 9.2 9.1 9.4 9.9 10.3 10.2 9.8 8.7 7.9 7.3 8.4 9.5 10.3 10.8 10.6 11.7 12 12.1 12.4 13 13.4 13.7 14.2 14.8 14.9 14.9 15.8 16.5 16.5 15.9 15.3 15.4 15.5 15.5 15.1 14.9 14.8 14.7 14.9 15.1 15.6 16.3 17.1 17.6
-2.4 -2.4 -2.4 -2.4 7.3 10.4 10.2 10.4 9.7 3 6.3 7.1 7.1 6.7 6.2 4.9 3.4 3.6 3.8 4.2 4.5 4.5 4.6 4.7 4.7 4.3 4 4.2 6.3 8.7 8.7 7.2 5.7 4.6 4 4 4.1 4.1 4.4 5.6 6.9 7.9 7.9 8.5 9 8.7 8.6 8.1 7.2 6.9 7.3 8.2 9.3 10.4 11.4 11.9 12.3 12.6 13 13.4 13.8 14.2 14.3 14.6 15.2 15.3 15.1 15.9 16.1 16.8 16.2 15.7 15.2 15.3 15 14.6 14.4 14.5 14.8 15 15.2 15.7 16.6 17.1 17.5
-2.4 -2.4 -2.4 -2.4 3.7 10.1 10.6 10.4 7.5 3 6.4 7 7 6.6 6.1 5.7 3.4 3.6 3.8 4 4.2 4.3 4.3 4.4 4.4 4.1 4 4.5 6.9 8.7 8.2 6.6 5.1 4.4 4 4 4.1 4.1 4.1 4.5 5.7 6.7 6.9 7.7 7.5 6.8 7.3 6.4 5.9 6.8 7.1 7.9 9 10.1 11.1 11.7 12.4 13.2 13.8 14.2 14.6 14.9 15 15.3 15.8 15.5 15.3 15.5 15.7 16.2 16 15.8 15.5 15.1 14.5 14.1 14.3 14.6 14.8 15 15.2 16 16.7 17.1 17.4
-2.4 -2.4 -2.4 -2.4 2.6 3.4 7.2 6.7 3.4 3.3 6.2 6.8 6.9 6.5 6 3.9 3.8 3.9 3.9 4 4 4 4.1 4.1 4.2 4.1 3.9 4.8 7.2 8.7 7.6 5.9 4.9 4.4 4 4 4 4 4 4.2 4.5 5.4 6.1 6.9 6.2 5.7 5.8 5.2 5.6 6 6.8 7.6 8.7 9.8 10.9 11.7 12.4 13.2 14 14.9 15.3 15.7 15.9 16.2 16.6 16.2 15.5 14.7 15.1 15.2 15.1 14.9 14.6 14.2 13.6 14.1 14.3 14.5 14.8 15 15.3 16.2 16.6 16.9 17.2
-2.4 -2.4 -2.4 -2.4 -2.4 1.9 3 4 5.8 6.4 6.7 6.8 6.5 6.1 4 3.9 3.8 3.9 4 4 4 4 4 4 4.1 3.9 3.6 4.7 6.5 8.1 6.9 5.3 4.6 4.2 4 4 4 4 4.3 4.3 4.3 4.3 4.9 5.3 5 4.8 5.4 5.5 5.4 5.7 6.2 7 8.2 9.5 10.6 11.6 12.4 13.1 14 14.8 15.7 16.5 16.8 17.2 17.5 16.2 15.1 14.6 14.5 14.5 14.4 13.8 13.6 13.1 13.3 13.9 14.2 14.4 14.6 15.1 15.6 16.1 16.9 16.9 17
-2.4 3.5 3.5 -2.4 -2.4 0.4 2.4 5.7 6.3 6.3 6.4 6.3 5.9 4.3 4 3.9 3.9 4 4 4 3.9 4 4 4 4 3.9 3.7 4.7 6 7.3 6.1 4.8 4.3 4 4.1 4.1 4.1 4.1 4.6 4.6 4.5 4.3 4.4 4.5 4.4 5.2 5.4 5.9 5.8 5.4 5.8 6.4 7.2 8.6 10.8 11.4 12.3 13.1 13.9 14.8 16.4 17.8 18.3 18.5 19.1 16.7 15.8 15.3 14.8 14.3 13.3 12.7 12.5 12.4 13 13.6 14 14.3 14.9 15.4 15.8 16.2 16.9 17.4 17.6
3.8 3.2 3.1 -2.4 -2.4 -1.3 -0.5 2.4 6.3 6.2 6.3 4.7 3.9 4 4 4 3.9 4 4 3.9 3.9 3.9 4 4 4 3.9 3.6 4.2 5.5 6.5 5.6 4.4 4 4.1 4.2 4.1 4.1 4.5 4.9 4.8 4.7 4.7 4.6 4.6 5.5 5.6 5.6 6.2 6.2 5.6 5.4 6 6.6 8 10.5 11.9 12.3 12.9 13.2 14.9 17.4 18.8 20 20.5 19.9 18 16.8 15.3 14.1 11.4 12 11.8 12.3 12.5 13 13.4 13.9 14.6 15.2 15.6 16.1 16.5 16.7 17.3 18
4 3.3 3.1 3.4 -2.4 -2.4 -2.4 -2.4 3.4 6.2 4 3.9 3.9 4 4 4 4 4 3.9 3.9 3.9 3.9 3.9 4 4 3.8 3.9 4 4.5 5.1 5.2 4.1 4.1 4.2 4.3 4.2 4.3 4.8 5.2 5.1 5.1 4.8 4.4 4.6 4.7 5.3 6.2 6.3 6.3 5.7 5.3 5.6 6.2 7.4 10.3 11.8 12.2 12.7 12.7 14.7 17.7 18.4 21.6 21.6 19.9 17.9 16.5 14.5 12 11.2 10.9 12 13.1 13 13.2 13.7 14.3 15.1 15.4 15.7 16.1 16.4 16.3 16 17.6
6.2 3.4 3.8 3.6 -2.4 -2.4 -2.4 -2.4 -2.4 5.8 4 3.8 3.8 3.8 3.9 3.9 4 4 4 4 4 4 4 4 4 4 4.1 4.1 4.3 4.7 4.6 4.1 4.3 4.5 4.6 4.5 4.6 5 5.3 5 4.8 4.4 4.5 4.6 4.7 4.8 5.4 6.7 6.1 5.7 5.3 5.3 5.8 7.4 9.2 11 12.3 13.6 14.5 15.6 17.7 18.1 17.8 16.6 15.5 13.4 12.1 11.1 10.3 10.7 11.3 12.6 13.5 13.6 13.6 14 14.6 14.6 15.4 15.6 15.9 16.2 15.9 16.3 17.7
3.5 4.1 3.8 3.6 3.5 -2.4 -2.4 -2.4 -2.4 -2.4 3.6 3.6 3.6 3.7 3.8 3.9 4 4 4 4 4 4 4 4 4 4 4.1 4.1 4.4 4.6 4.5 4.2 4.7 5.1 5.1 5.1 5 5.3 4.9 4.3 4.2 4.4 4.5 4.7 4.8 4.9 6 6.4 6 5.5 5.3 5.3 5.5 6.7 8.3 10.3 12.8 14.3 15 16 17.2 16.3 15.2 13.3 11.9 10.4 10.1 11.1 11.3 12.1 12.6 13.5 13.9 14 14.1 14.2 14.7 14.1 15.1 15.7 15.8 15.4 16 16.9 18
3.7 6 3.8 3.8 3.6 -2.4 -2.4 -2.4 -2.4 -2.4 3 3.5 3.5 4 3.7 3.9 4 4 4 4.1 4.1 4.1 4.1 4 4 4 4.1 4.1 4.5 4.4 4.3 4.2 4.9 5.3 5.1 5.1 5.2 5.2 4.9 4.4 4.2 4.2 4.7 4.9 4.8 4.8 5.5 6 6.5 6.6 5.6 5.3 5.3 6.7 7.2 9.4 11.8 14.7 15.7 15.9 14.4 10.3 9.5 8.8 8.9 11.9 13.3 13.9 13.8 13.6 14.2 14.1 14.2 14.3 14.4 15.4 15.7 14.5 14.4 14.7 15.1 16.1 16.1 16.9 18
3.8 3.4 3.9 4 4 3.9 -2.4 -2.4 -2.4 -2.4 -2.4 4.1 3.7 3.9 3.6 3.9 4.1 4 4 4.1 4.1 4.1 4.1 4 4 4 4.1 4.2 4.3 4.2 4.2 4.2 5.3 5.1 4.9 4.9 4.9 5.1 5 4.6 4.3 4.2 4.4 4.8 4.9 4.7 5 5.5 6.8 6.5 6.4 6.2 5.7 6.5 7.8 11.2 13 14.8 16.1 14.6 9.6 7.6 8 10 11 14.2 14.8 14.8 14.7 14.5 14.4 14.4 14.4 15 15.9 15.9 15.9 15.5 15.5 16 16.4 16.8 16.8 17 18.3
3.9 3.6 3.2 3.9 3.9 4 -2.4 3 -2.4 -2.4 -2.4 -2.4 3.8 4.1 3.7 3.9 4.1 4.1 4 4.1 4.1 4.1 4.1 4 4 4 4.1 4.2 4.2 4.2 4.2 4.2 5.2 5 4.8 4.6 4.7 4.9 4.8 4.7 4.3 4.2 4.1 4.4 4.7 4.7 4.9 5.3 6 7.4 7.5 7.5 7.1 6.9 8.2 11.3 14.4 15.8 13.7 10 7.6 9.2 14 14.3 13 14 15.2 15.3 15.2 14.5 14.6 14.7 15.5 15.9 15.9 15.9 15.9 15.7 15.9 16.3 16.5 16.9 17.2 17.5 18.2
3.6 3.4 3.4 5.4 4.2 3.5 -2.4 3.4 -2.4 -2.4 -2.4 -2.4 -2.4 3.9 4 4 4.1 4.1 4.1 4 4.1 4.1 4 4 4 4 4.1 4.1 4.3 4.5 4.6 5.1 5.5 5.4 5.2 5 4.8 4.7 4.7 4.6 4.4 4.2 4.2 4.2 4.4 4.6 4.9 5.2 6.4 7.6 8.8 8.8 9.4 9.2 10.3 12.7 14.9 14.7 10.5 8 10.8 14.3 15.7 16.1 16.2 15.8 15.9 15.8 15.8 15.8 15.9 15.9 15.9 16 16 16 16 15.9 16.2 16.3 16.3 17 17.3 17.6 18.1
3.2 3.2 3.4 3.4 6.1 -2.4 -2.4 4 3.8 -2.4 -2.4 -2.4 -2.4 0.6 3.2 5.2 4.1 4.1 4.1 4.1 4 4 4 4 4 4 4 4.1 4.2 4.4 4.6 5 5.2 5.2 5.2 5.2 5.2 5.1 4.6 4.6 4.5 4.5 4.4 4.4 4.6 4.7 4.8 6.1 6.9 8.3 9.2 10.6 11.6 12.1 12.6 13.8 14.3 13.9 8.9 8 14.8 15.1 16.1 16.5 16.6 16.6 15.9 16.1 16.1 16.2 16 15.5 15.6 15.6 15.7 15.8 15.9 15.9 16 16.1 16.4 17 17.4 17.7 18.4
3 3.1 3.2 3.3 2.8 -2.4 -2.4 2.7 5.1 3.7 3.2 -2.4 -2.4 -2.4 -2.4 -2.4 4.2 3.9 4.1 4.3 4.1 4 4 4 4.1 4.1 4.1 4 4.1 4.3 4.4 4.8 4.9 4.9 4.9 4.9 4.9 4.8 4.8 4.7 4.9 5.1 4.8 4.6 4.7 5.1 5.9 6.8 7.5 8.8 10.7 12.3 13.2 13.8 13.9 13.4 12.8 11 7.1 11.4 14.2 14.9 15.9 16.3 16 15.7 16.2 16.3 16.4 16.3 15.5 15.2 15.2 15.2 15.3 15.4 15.5 15.6 15.8 15.9 16.5 17.1 17.4 18 19
3 3.1 3.3 3.4 3.2 1.1 2.1 3.2 4.2 2.8 3.6 4 3.3 -2.4 -2.4 -2.4 -2.4 -2.4 3.6 4 4.4 4 4.1 4.1 4.1 4.1 4.1 4.1 4.1 4.1 4.3 4.6 4.6 4.6 4.6 4.7 4.7 4.5 4.9 4.9 5.3 5.8 5.5 5.2 5.3 6.1 6.9 7.7 7.9 12.8 9.5 12.6 13.2 13.2 13.3 12.8 11.4 8.9 6.8 12.9 14.6 15.3 15.5 15.8 15.4 15.5 16.2 16.6 16.4 15.8 15.1 14.9 14.9 14.9 14.9 15 15.1 15.3 15.5 15.7 16.5 17.2 17.5 18 18.5
3 3.4 3.5 3.3 2.8 1.4 2.3 3.5 3.9 3.9 3.7 5.9 4.4 3.7 3.9 -2.4 -2.4 -2.4 -2.4 -2.4 5.4 4 4.1 4.1 4.1 4.1 4.1 4.1 4.1 4.1 4.1 4.4 4.4 4.4 4.4 4.5 4.4 4.2 4.4 5 5.7 6.4 6.1 6 6.1 6.4 7.2 7.6 9.5 8.7 10 9.2 11.4 9.7 8.1 7.4 6.6 6 9.4 14.1 14.3 14.1 14.4 14.9 14.7 15.3 15.5 16 15.5 14.9 15 14.8 14.8 14.7 14.6 14.9 15.4 15.6 15.5 15.7 16.4 17.6 17.8 18.1 18.7
3.1 3.2 3.7 2.9 1.6 1.3 2.3 3.6 3.9 3.8 3.7 3.6 3.8 4.6 3.9 3.7 3.4 3.3 -2.4 -2.4 -2.4 -2.4 4.3 4.2 4.1 4.1 4.1 4.1 4.1 4.1 4.1 4.2 4.1 4.2 4.2 4.2 4.2 3.9 4 4 5.2 6.4 6.7 6.5 6.3 6.6 6.5 7.3 6.3 6 6.1 7.4 9.6 6.8 5.9 6.1 6.6 8.4 7.8 10.2 11.5 11.6 11.8 13 13.4 14.2 14.7 15.2 15.1 15.3 15.5 15.4 15.7 15.5 15.3 15.7 16.4 16.3 16.5 16.1 16.7 17.8 18 18.3 18.9
2.4 2.3 2 2.5 2.9 2.8 3.6 4 4 3.9 3.8 3.8 3.9 3.9 4.1 4 3.9 3.5 3.3 3.5 -2.4 -2.4 -2.4 4.1 4.1 4.2 4.2 4.1 4.1 4.2 4.2 4.2 4.3 4.1 4 4 3.9 4 4 2.6 4.6 5.2 5.9 5.6 5.1 4.8 5.9 5.2 5.1 5.7 6 6.4 6.6 9.8 9.4 10.5 10.2 11.1 9.1 8.6 8.7 9 10.9 12.8 14.2 14.7 15.3 15.2 15.5 15.8 15.8 16.1 16.4 16.4 16.5 17 17.2 16.8 16.9 17.3 17.3 18 18.3 18.7 19.5
3.3 3.9 4 4.2 4.3 4 3.8 3.9 4 4 3.9 3.9 3.9 3.9 3.9 4.1 4.9 3.8 3.7 3.5 3.3 3.1 -2.4 -2.4 4.1 4.3 4.2 4.1 4.1 4.1 4.1 4.2 4.3 2.1 3.5 4.1 4.1 4.2 4.2 4.1 3.7 4.1 4.8 4.8 4.5 5.7 4.7 7.1 7.8 8.2 8.8 9.9 9.8 11.1 13.9 14.7 14.5 13.8 12.8 12 11 9.2 8.9 11.4 13.5 15 15.6 15.4 15.7 15.9 16.3 16.6 17.2 18.8 18.1 17.8 17.5 17 17.2 17.5 17.7 17.9 18.2 18.6 19.2
3.5 3.9 3.9 3.9 3.9 4.1 3.8 3.9 4 4 4 4 4 4 4 4 3.9 2.3 3.7 3.7 3.7 3.6 -2.4 -2.4 4.8 4.3 4 4.1 4.1 4 4.1 4.1 4.2 3.8 3.9 4.2 4.3 4.5 4.3 4.2 4 4.3 4.4 4.1 5.5 7.6 7.4 8.4 10.3 11.3 11.8 13 13.2 13.5 14.2 15.3 16.4 15.5 14.7 13.9 12.8 11.7 10.3 9.9 12.3 14.6 15.6 14.9 14.6 15.5 15.8 16.6 16.8 17 17 16.8 16.5 16.5 16.7 16.8 17 17.2 17.8 18.3 18.9
3.6 3.9 3.9 3.9 3.9 3.8 3.8 3.9 3.9 4 4.1 4 4 4 4 4 4 3.9 3.8 5.2 4.2 4 3.5 -2.4 -2.4 4.2 4 4 4.1 4 4 4 4.3 3.8 4.3 4.5 4.6 4.7 4.3 4.4 4.1 3.3 5.4 6.7 6.3 8.9 8.8 9.5 11.7 13.2 13.8 13.6 13.9 14.5 14.7 14.9 16.6 17.1 16.7 15.5 14.1 13 12 10.7 10.8 13 13.2 13.4 14.1 13.9 15.2 15.7 15.8 16.1 16.2 16 15.9 16 16.1 16.4 16.7 17.1 17.8 18.3 18.8
3.8 3.9 3.9 3.9 3.9 3.9 3.9 3.9 4 4 4 4 4 4 4 4 4 3.8 3.8 3.8 5.5 4.3 3.7 -2.4 -2.4 4.1 6.4 4.2 4.1 4 4 2.2 2.6 4.2 4.6 4.8 5 4.9 4.6 5.1 5.8 6 6 6.7 7.4 9.8 10.3 10.7 13.1 14.6 14.4 14.3 14.8 15.4 15.7 15.5 16.9 18.4 17.7 16.5 15.6 14.5 13.9 12.9 10.9 11.7 12.7 13.4 13.9 14.2 14.9 14.5 14.8 15 15.3 15.4 15.6 15.8 16.1 16.2 16.6 17.1 17.7 18.4 19
3.9 3.9 3.9 3.9 3.9 3.9 3.9 3.9 4 4 4 4 4 4 4 4 3.9 3.9 3.9 3.9 4 6.4 4 -2.4 -2.4 3.9 4.2 5.3 4.3 4.2 2.1 4.6 4.8 5 5.4 4.9 5.2 5.7 5.7 6.1 7 7.8 7.7 7.3 11.4 11.2 11.1 12.1 14.3 14.7 15 15.2 15.6 16 16.8 17.2 17.6 19.1 19.1 18.5 17.4 15.9 14.9 13.9 12.9 11.7 10.6 12.3 12.3 13.8 14.5 14.6 15.2 15.6 15.6 15.5 15.7 16.1 16.4 16.7 17 17.4 18 18.5 19.1
3.9 3.9 3.9 3.9 3.9 3.9 3.9 4 4 4 4 4 4 4 4 4 4 4 3.9 4 4.2 4.2 5.7 4 -2.4 -2.4 -2.4 0.7 4.2 4.6 3.8 5.5 5.6 5.8 6.1 5.4 5.8 6.6 6.7 7.2 8 8.8 9.7 7.7 11.2 11.4 12.1 13.8 14.4 15 15.5 15.8 16.7 17.3 17.8 18.1 18.6 20.1 20.6 20.5 18.3 17.1 16.1 14.8 14 13.1 11.6 11.5 12.4 13.2 13.8 14.4 14.9 15.6 15.6 15.7 15.9 16.4 16.9 17.2 17.5 17.9 18.4 19.1 20
4 4 4 4 4 3.9 3.9 3.9 4 4 4 4 4 4 4 4 4 4 4 4.1 4.1 4.2 3.7 5.1 -2.4 -2.4 -2.4 -2.4 4.5 3.8 3.7 5.3 6.5 6.7 6.7 6.2 6.6 7.2 7.6 8 8.5 9.2 8.5 10.9 11.1 11.8 12.7 13.3 14.4 15.3 15.9 16.4 17.3 17.9 18.9 19.6 18.3 20.5 21 20.6 18.5 17.1 16.3 15.5 15.2 14 12.7 12.5 13.1 13.6 14 14.4 14.6 15.3 15.2 15.6 16.3 16.8 17.3 17.6 18 18.3 19 20 21
4 4 4 4 4 4 3.9 3.9 4 4 4 4 4 4 4 4 4 4 4.1 4 4 2.9 4.1 3.7 4.3 3.6 -2.4 -2.4 -2.4 -2.4 3.6 5.1 6.5 7.2 7.3 6.7 6.7 7 7.7 8.6 9.1 9.6 8.4 12.4 10.8 12 12.8 13.2 13.9 14.9 15.9 16.7 17.4 18.3 18.5 18.4 18.2 20.4 20.3 19.8 18.6 17.7 17 16.7 16.4 15.1 14 13.8 14 14.7 15.1 15.4 15.5 15.4 15.2 16.3 16.8 17.2 17.7 18.1 18.4 19 19.3 20.2 21.2
4 4.1 4.1 4.1 4 4 4 3.9 4 4 4 4 4 4 4 4 4 4 3.9 3.9 3.9 3.9 4.1 4.1 4.2 3.9 4 -2.4 -2.4 -2.4 -2.4 -2.4 5.1 6 5.9 5.3 5.3 6 6.9 8.2 9.1 9.4 9.1 10.1 11.1 12.2 12.8 13.2 13.8 14.5 15.3 16.3 17.2 17.8 17.6 18 17.8 20.3 19.6 21.5 20.1 19.1 18.8 18.2 17.4 16.2 15.3 15.2 15 14.6 14.9 16 16.4 16.4 16.2 17 17.3 17.6 18.1 18.4 18.9 19.7 19.9 20.3 21.4
4.1 4 4 4 4 4 4 4 3.9 4 4 4 4 4 4 4 4 4.2 4.1 3.9 3.8 4 4.1 4.3 4.4 4.6 4.4 3.9 3.3 -2.4 -2.4 -2.4 -2.4 3.9 4.3 4.4 4.5 5.2 6.1 7.4 8.7 9.2 10.5 10 11.3 12.3 12.7 13.2 13.7 14.3 14.7 15.6 16.7 17.7 17.3 17.5 18.7 18 19.9 20.9 21.5 20.6 20.3 19.3 18.3 17.2 16.6 16.4 16.2 15.6 15 16 16.1 16.4 17.1 17.6 17.8 18.1 19 19.8 19.6 20.3 20.5 20.7 21.5
4 3.9 3.9 3.9 4 4 4 4 4 4 4 4 4 4 4 4 4.1 4.3 4.2 3.7 3.9 4 4.1 4.2 4.3 4.5 4.3 4.1 4.1 4 4 -2.4 -2.4 -2.4 4.2 4.3 4.2 4.4 5.3 6.6 8.3 10 10.6 10.1 11.4 12.2 12.7 13.1 13.6 13.9 14.2 14.6 15.6 16.2 15.7 16.2 16.7 17.7 18.6 19.1 20.4 22.9 21.4 20.3 19.2 18.1 16.9 17 17 16.6 15.9 15.3 15.5 16.6 17.5 18.1 18.3 18.6 19.5 20.1 20.5 20.9 21.1 21.3 21.7
3.9 3.9 3.9 3.9 3.9 3.9 3.9 3.9 3.9 3.9 3.9 3.9 3.9 3.9 3.9 4 4 4.1 4.3 4 3.9 4.1 4.1 4.1 4.2 4.4 4.2 3.4 3.8 4.8 4.4 3.8 3.4 -2.4 -2.4 4 4 4.1 4.6 6.2 7.2 10.5 10.5 10.1 11.1 11.8 12.4 12.9 14 13.5 13.8 14.1 14.6 14.6 14.9 15.1 16.6 17.7 18 18.9 20.7 23.6 22.9 21.1 20.1 19 17.7 17.1 17.2 17 15.6 14.9 15.6 16.9 18.2 18.6 18.9 19.2 20 20.4 20.4 20.8 21 21.3 21.7
3.8 3.8 3.8 3.8 3.8 3.9 3.9 3.9 3.9 3.9 3.6 3.8 3.8 3.8 3.8 3.7 2.9 4.2 4.2 4.2 3.9 4.1 4.1 4 4.1 4.3 3.9 3.9 4 3.9 4.3 4.4 4 -2.4 -2.4 -2.4 -2.4 4.4 5.3 4.4 10.8 8.9 9.5 9.1 9.9 11.8 13 14 14.5 13.4 13.4 13.7 14.1 14.3 14.8 15.9 17 17.9 18.4 19.6 21.1 22.7 23.1 21.2 19.8 18.6 18.4 17.4 16.9 16.5 16.2 15.4 15.1 16.6 17.5 18.4 19 19.6 19.7 19.7 20.3 20.7 20.6 20.8 21.2
3.7 3.7 3.7 3.7 3.8 3.8 3.8 3.8 3.9 3.9 3.8 3.3 3.7 3.7 3.7 3.7 2.6 3.7 4.2 4.1 4.1 4.1 4.1 4 4 4 3.6 3.9 4.1 4 4.7 4.5 -2.4 -2.4 5.1 -2.4 -2.4 5 4.1 4.5 7.7 7 7.2 6.3 9 11.3 12.6 14.2 15.4 14.4 13.2 14.3 14.6 14.7 15.5 17 18.9 18.9 19.2 20.3 20.9 21.4 22.1 20.9 19.6 19.2 19.6 18.4 17.6 17.2 17.2 16.6 15.8 16.3 16.9 17.5 18 18.4 18.4 19.5 19.7 19.5 19.9 20.1 20.6
3.6 3.6 3.7 3.7 3.7 3.7 3.8 3.8 3.8 3.9 3.9 3.3 3 3.5 3.6 3.4 3.5 3.6 4.1 4.1 4.1 4.1 4.1 4.1 4 4 3.9 3.8 4.2 4 3.9 4.5 -2.4 4.7 4.3 4.6 -2.4 -2.4 4.1 4.8 3 6 5.8 6 9.1 9.4 12.6 14.1 15.6 14.5 14.2 15.3 15.5 15.7 16.4 17.5 19.7 19.3 19.1 19.8 20.5 21.5 20.6 19.7 19.4 19.9 20.1 19.3 18.3 18 17.6 17 16.4 16 16.3 16.6 17 17.2 18.5 18.1 18.2 18.9 19.4 19.5 20.2
4 3.6 3.6 3.6 3.6 3.7 3.7 3.8 3.8 3.9 3.9 3.8 2.9 2.7 2.8 4.2 4.2 4.1 4.1 4.1 4.1 4.1 4.1 4.1 4 4.2 4 3 3.4 3.7 3.7 3.6 4.4 4.3 3.9 4.4 -2.4 -2.4 4.3 4.9 4.8 5.8 7.8 8.1 8 10.3 11.7 14.1 15.8 15.2 14.9 16.1 17.2 17.6 18 18.4 19.5 19.3 18.9 19.4 19.9 19.3 18.9 19.4 19.1 19.8 20.6 19.8 19.1 18.5 17.9 17.7 17.5 16.5 16.5 16.6 16.9 18.8 17.4 17.6 18.2 18.5 19 19.4 20.3
4.1 3.9 3.7 3.5 3.6 3.6 3.7 3.7 3.8 3.8 3.9 3.9 3.3 2.7 3.4 4.2 4.1 4.1 4.1 4.1 4.1 4.1 4.1 4.1 4 4.2 4.2 3.6 3.5 3.5 3.4 3.4 3.6 3.7 3.9 4 4 -2.4 -2.4 4.5 4.5 7.1 9.7 10.7 10.3 10.5 12.7 15.4 16.4 16.2 16.1 16.8 17.3 17.9 17.5 18 18.6 18.6 18.7 18.4 17.1 15.8 18.2 18.7 19.4 20 20.7 20.6 19.9 19.3 18.6 18.8 18.3 17.2 17.5 17.1 19.3 17.5 17.7 17.9 18.4 18.7 19 19.5 20.3
