data/SJ14.asc
ncols 200
nrows 200
xllcorner 310000
yllcorner 340000
cellsize 50
[rows 70 to 104 of 200, columns 78 to 155 of 200]
269.9 279.7 285.3 289 291.4 295.4 300.2 304 307.8 310.2 311.6 312.1 312.6 310.9 309.2 311.5 319.7 324 324.4 323.4 326.1 329.1 333.2 337 341.1 344 345.6 344.5 344.7 350.7 358.8 365.1 368.6 373 376.8 380.5 382.5 381.6 377.2 375.9 380.3 385.6 396.4 404.1 410.6 415.7 421.8 427.9 434.5 440.5 446.5 451.6 456.8 467.2 475.4 480.2 482.4 481.2 477.9 470.9 458.6 449.5 440 432.8 426.7 431.4 447 466.6 485.9 502.6 518.7 533 547.5 562.5 567.6 565.1 558.1 553.3
274.8 289 294.6 298.4 300.1 305 312 315 319.1 320.9 320.6 320 320.3 320.5 319.7 318.8 318.1 324.7 327.9 328.2 331.9 336.2 341.3 345.5 350 352 353.2 353.1 354.1 359 366.8 373.3 378.4 382.6 386.6 389.7 391.2 390.9 388.1 382.4 383.5 394.8 406.5 415.2 422 426.7 431 434.8 439.9 447.1 453.6 461.9 466.4 477.5 488.9 495 495.7 491.9 484.9 477.9 465.7 451 439.5 427.2 413.6 419.5 438.4 458.6 478.8 497.4 511 525 540.7 554.1 561.3 555.2 546.4 539.1
276 284.5 293.9 301.7 306.1 313 318 322.2 324.9 326.3 326.4 327.1 326.4 326.9 328.1 327.9 326 327 331.7 333.5 337.8 343.4 348.5 352.9 357.6 360.5 361.8 363.3 365.3 369.5 376.1 381.4 387.3 392 396 399 400.4 399.3 396.7 389.7 389.4 403.9 416.1 426.1 433 438.7 443.3 446.1 446.3 449.2 457.1 466.4 472.6 477.9 497.7 502.6 500.7 495.3 486 474.7 462.2 442.8 422.5 403.6 387.1 401.4 426.5 450.8 469 486.1 499.2 513.7 529.4 539.5 545 544.6 536.3 525.4
281.9 286.7 292.4 299 306.4 312.8 319.4 323.7 326.9 328.6 330.3 332.4 333.1 334.2 335.6 336.4 334.5 327.7 334.5 338.8 342.6 351.1 356.7 362 366.9 371.2 373.1 374.8 377.8 381.3 384.5 389.5 395.4 401.2 404.6 407.7 408.8 407.3 404.2 396.3 398.1 414.4 426.7 437.1 444.4 449.1 453.4 456.3 457 456 457 461.2 468.8 476.4 487.2 496.8 494.7 486.6 474.9 459.8 443.1 420.4 392.6 375.2 363.6 385.9 412.9 435.2 456.4 469.5 482.1 496.6 513.1 524.6 528.1 525.2 522.6 514.8
287 292.2 300.3 305 309.5 314.9 319.7 324.6 330.1 333.7 337.3 338.5 340.1 341.8 342.9 344 343.4 339.1 340.1 344.5 348.6 359.5 365.3 371 376.7 381.1 384.4 386.6 389.7 392.8 394.1 399.7 405.8 409.9 412.8 415.9 416.9 415.3 412 405.1 408.7 424.7 438.7 449 457 462.5 466 467.3 466.8 464.9 464.6 464.8 466.2 467.2 472.4 483 478.9 466.3 449.1 432.9 415.4 395.1 373.2 355.2 344.1 369.1 394.1 413.3 436.6 451.4 462.6 477.5 494.7 505.8 508.3 507.9 502.9 496.4
293.1 298.1 304.2 310.6 314.6 319.1 324.4 329.3 333.9 337.7 340.3 343.9 346.2 348.7 349.6 350.3 350.7 346.7 344.8 351.6 359 366.2 374.1 379.9 385.2 390.1 394 397.3 401.2 404.7 407.2 408.6 414.7 420.3 422.1 424.9 426.1 426.4 423.6 418.4 421.4 436.6 450.6 463.1 472.3 478.7 481.5 479.8 477.4 474.5 471.8 467.8 466.3 465.1 454.8 451.2 451.7 447.7 431.4 414.1 394.7 374 353.1 335 328.6 351.3 373.1 389.7 409.1 424 435.7 458.2 474.5 485.1 487.5 487 480.3 469.9
299.2 304.8 312 315.5 321.5 327 331.3 334.3 338.3 342.9 346.2 348.9 352.1 353.3 354.2 355.4 356.9 353.9 353.4 359.4 367 373.3 381.5 388.2 393.6 398.5 402.5 406.8 410.9 414.3 417 419.3 421.8 428.4 430.2 433.7 436.5 437.9 436.9 432.8 432.4 447.9 463 476.9 487.9 493.1 493.8 493.4 489.4 483.8 479.8 471.9 465.5 456.1 443.1 419.6 417.9 417.3 411.8 400.8 381 357.1 334.1 316.7 314 333.1 349.8 366.8 385 397.9 415.1 441.4 458.9 465.9 467.5 463.6 451.7 438.1
306.2 312.7 318.3 323.4 327.8 332.7 336.4 339.1 344.7 349.3 352.6 355.2 357 358.4 359.5 360.6 361.7 356.7 358.4 365.2 373.6 380.4 388.6 395.7 401.1 406.4 410 413.7 419.4 423.4 426.7 428.2 428.2 434.9 437.5 440.2 443.9 446.9 447.9 447.3 449.7 463.5 470.5 479.4 490.7 492.9 492 486.2 478.9 474.2 466.6 461.8 456 446.1 428.9 402.6 387 386.8 389.8 382.3 361 341.1 320.5 302.1 302.9 314.6 328.2 345.6 363.7 384.6 411.2 434 450.2 453.5 452.1 444.6 424.3 408.4
312.5 318.5 322.8 329.2 333.3 338 341.7 346.6 351.5 355.2 358.1 360.6 362.8 364.6 365.6 366.7 364.9 362.6 365.7 369.8 377.2 386 393.3 402.5 408.1 413.4 417.1 420.1 427.5 430.8 432.9 433.5 434.1 437.7 442.7 446.6 451.4 454.5 460.2 463.3 464.7 474.4 479.2 478.5 478.2 476.7 474.1 468.3 461.9 454.5 448.8 445.2 441.4 435.7 417.9 391.3 361.4 357.9 361.6 361.3 345.9 328.8 307.5 289.2 292.7 304.6 328.5 358.1 380.4 400.5 421.8 438.5 446.3 448.3 442.4 429 402.3 381.4
317.1 321.3 325.9 332.8 339.7 343.6 347.5 352.8 357.4 360.4 363.2 365.5 367.8 370.1 370.9 371.4 370.8 367.2 370.5 373.9 382.2 390.5 399.1 408.8 415.1 419.9 424.4 426.6 431.9 436.4 438.5 439.6 440.6 442.5 449.9 454.7 459.5 465.4 472.1 478.2 481.1 480.5 486.7 485.2 479.6 473.9 465.9 455.2 442.4 433.6 427.2 420.6 415.5 408.4 395.8 375.3 348.3 329.7 329.3 331 324.8 313.9 294.8 278.5 284.2 300.5 326.7 359.1 388.4 412.5 429.9 442.6 445.6 447.5 441.4 416 388.1 359.6
321 325.4 330.5 338.3 343.5 348.7 354 358.3 362.7 365.6 368.3 370.5 372.9 375.3 376.6 375.7 371.7 372.1 375.5 382.6 390 397.8 405.8 412.6 419.9 425.8 429.8 432.6 438.2 444 447.4 449 449 450 455.6 462.1 465.3 470.7 480.5 489.4 496 495.1 494.6 493.7 486.9 477.6 469.2 457.4 441.6 424.1 405.8 398 392.5 386.5 375.6 361.5 341.2 317.7 304.7 300 297.1 290.2 278.1 268.7 276.6 296.6 322.4 353.8 388.1 413.6 427.9 435.4 439.6 436.6 428.7 407.4 378.7 348.6
326.5 331.9 338.4 344.8 349.9 355.2 359.6 363.5 367.9 372.1 375.2 376.9 378.4 380.4 381.7 381.4 379.7 379.3 381.1 387.4 397.1 405.1 413.5 420.4 427.1 431.3 434.6 438.4 444.4 450.8 455.2 456.7 457 456.5 458.4 466.3 471.6 475.9 487 498.9 507.2 510.1 506.3 503.3 493.6 483.3 472.1 463.9 449.4 432.3 414.9 395.3 376.9 369.1 362.4 350.9 332.9 308.2 287.6 276.8 273.2 271.8 265.6 260 271.1 293.7 318 348.3 384.2 404.7 415.1 419.8 421.7 419.8 416.8 407 379.5 347.7
333.5 337.9 344.6 351.4 356.4 361.2 365.1 369.1 373.3 377.6 381.3 384 385.7 386.8 386.8 385.5 385.6 386.5 389.7 393.6 399.2 404.8 414.8 423.2 431.4 438.2 442.3 446.4 448.8 454.1 458.5 461.2 464.3 463.9 464.2 470.3 478.5 485.9 496 507.9 521.8 524.2 518.3 514.8 505.4 494.9 480.4 469.7 460 444.9 428.4 410.2 388.5 366 347.5 327.9 311.9 292.7 273.5 264.8 260.9 260.4 256.4 251.9 268 289.1 314.1 347.9 371.1 385.5 394.5 397.7 398.9 398.8 397 391.4 380.4 350.5
338.7 345.3 351.8 358.2 362.8 367 371.1 374.4 378.9 382.3 386.1 388.1 390 391.3 391.1 390.7 390.7 392 395.4 400.3 408.4 415.8 423.5 430.9 437.1 443.4 449.4 455 456.9 462 464.4 463.6 463.6 466 468.7 472.9 483.8 494.4 504.5 516.3 533.7 537.4 526.6 519.5 510.1 498.9 485.5 472.8 462.7 450.8 435 418.2 398.8 379.5 354.5 329.3 303.9 278.5 261.8 255 252.1 250.1 246 246.9 266.7 287.3 311.3 333.9 351.7 364.3 371.5 375.8 376.6 375.7 373.6 372.1 366.3 352.5
346.1 353 359.7 365.1 369.1 373.2 376.5 379.1 384 387.3 390.9 392 393.6 393.8 393.4 393.4 394 395.8 400.2 407.2 416.2 426.5 433.7 440.6 447.5 451.7 454.8 458.3 459.9 464.1 467 463.8 464.6 465.5 469.5 475.2 484.6 498.1 510.6 521.3 537.6 546.6 533.1 524.6 513.7 499.5 486.4 476.6 466.5 455.6 442.9 427.2 410.6 387.1 360.8 331.6 304.1 277.8 258.9 248.8 243.5 240.4 237.3 242.8 264 278.9 298.1 318.9 335.4 345.8 352.2 355.3 356.3 356.7 355 352.9 350.6 343.9
354.1 360 364.5 370.2 375.1 378.7 381.1 384.7 389 392.3 394.8 395.9 396.7 396.6 396.6 397 398.5 400 405.5 412.9 420.9 431 440.3 447 453.2 457.9 460.6 461.5 460.6 463.8 461.6 462.5 463.6 464.3 468.8 473.9 481.6 498 512.5 520.1 534.6 541.4 532.3 519.6 510.3 497.4 485.7 476.4 464.9 455.4 445.3 428.4 408.2 386.3 361.9 332 305.3 279.9 259.3 246.6 238.4 232.5 229.8 236.1 254.3 271.1 285.6 304.2 320.9 329.6 335.1 339.8 340.2 340.2 340 338.3 335.7 329.9
361.2 366.8 371.1 374.7 379.2 382.5 385.4 389.8 393.6 396.9 399.8 400.8 399.9 399.8 399.7 400 401.7 404.6 410.7 417.9 425.8 434.6 443.8 451.5 457.9 463.4 467.3 467.4 465.6 466.3 465.2 462.2 460 458.6 458.6 461.8 468.5 485.3 506.3 515.8 522.1 527.6 522.7 511.5 502.1 491.1 480.5 469.8 458.9 447.5 437.6 423.1 408.1 388.6 363 334.6 307 282.4 261.2 245.9 235.3 227.5 222.4 229.4 245.1 259.2 273.7 288.7 302.8 315 321.2 324.5 325.1 327.1 326.6 326.4 323.9 319.6
368.4 372.8 377.8 382 384.9 388.7 390.8 393.6 397.2 400.1 402.9 403.4 402.4 402.2 402.2 403.3 405.2 409 415.5 422.7 430.7 439.2 448.2 457.1 463.3 467.4 470.2 471.1 469.4 469.9 471.1 467.7 465.4 461.7 455 451.5 456.3 467.4 483.3 492.8 499.4 503.9 502.8 498.1 491.3 483.2 472.1 463.5 454 441.2 431.3 419.7 407.9 390.4 369.4 344.4 315.1 286.9 264.6 246.1 232.8 222.1 216.6 222.8 234.7 246.3 259.4 272 285 297.9 309.1 316.6 316.2 313.5 313.4 314.1 311.7 308.7
377.3 377.6 382.4 387.8 390.9 394.3 396.3 399.7 404 405 406.6 407.1 405.1 403.9 402.9 404.7 409.3 413 419.1 426.5 434.5 443.9 453.9 462.3 468.6 472.6 475.2 475 472 471.8 470.3 465.9 460.6 457.2 448.9 435.7 436.2 447.2 459.4 469.8 477.8 484 482.3 479.8 477 470.6 465.9 457.6 448.2 436.8 424.2 416.4 404.9 389.6 373.6 349.1 316.4 286.8 266 248.5 236.2 224.7 215.4 213.6 224 233.2 243.6 254.8 267.6 280.2 291.9 301.3 307.1 310.1 307.3 306.1 303.7 296.7
384.4 383.6 385.4 388 394.3 397.2 399.2 402.5 407.5 408.2 409.8 410.2 408.6 407.3 405.7 406.4 412 416.2 423.4 431.9 439.8 449.1 458.6 465.8 470.8 474.2 475.4 474.4 469.9 467.2 463.4 459.4 453.2 447.4 434.6 415.6 407.5 420.3 432.6 442.6 452.9 461.8 465.7 467 465 459.8 456.3 450.8 443 433.9 422.2 409.8 400.1 387.7 371 347.9 319.4 291.3 267.3 250.4 238.6 225 214.8 208.5 211.9 219.7 229 239.5 250.2 262.4 275.2 286.2 293 299.1 301.2 299.8 299.2 292.8
390.2 390 389.7 390.7 395.5 399.6 400.4 404 406 407.2 405.9 404.9 404.1 404.5 406.7 409.8 412.2 417.2 424.7 434.1 444 454 461 467.4 474.9 475.3 474.6 471.6 464.9 460.6 456.7 452.7 442.5 431.3 413.7 395.1 380.4 392.9 402.6 413.4 423.6 434.7 440.9 441.7 441 437.5 433.3 429.3 424.2 418.6 411 403.1 396.1 388.4 377.6 359.1 330.4 299.5 271.9 252.5 238.4 225.6 215.8 206.8 204.9 209.4 216.8 226.7 235.3 249.2 264.1 276.6 285.3 290.2 292.4 294.6 294.4 291.3
396 397.1 397.1 395.8 397.4 401.2 403.8 403.2 403.9 403.1 402.5 398.9 396.2 396.4 404.1 410.1 413 417.9 428 439.6 449.3 457.7 463.7 467.8 470.4 473.2 471.4 466.7 459.9 454.9 449.5 440.5 429.1 413.7 394.8 375.9 363.5 372.3 377.4 384.8 395.5 408.3 415.3 417.5 416.9 414.7 412.6 409.5 405.1 401.1 396.2 390.8 386 380.1 372.6 363 341 312.8 283.4 260.7 244 227.3 217.6 208.2 197.5 201.9 208.6 216 223.5 236.2 252.6 265.1 277 284.7 287 288.7 288 286.4
397.5 399.4 400.2 398.9 396.3 399.5 402.1 402.1 401 398.4 396 391.7 385.9 386.5 397.3 404.8 409.6 418.1 429.2 441.3 452.3 462.2 470.8 473.1 469.6 470.2 467.7 462.8 455.1 445.9 438 426.7 414.2 398.6 381 364.4 354.6 361.9 360 362.3 369.8 383.4 395.8 398.1 398.8 399.5 396.6 393.7 391.8 388.2 384.4 379.8 374.3 369 362.8 355.4 345.7 324.2 295.7 272.8 247.4 231.3 220.3 209.2 193.9 195.3 203.2 208.8 215.6 227.3 243.8 255 270.1 282.1 282.5 280.6 281.8 280.8
401.8 400.9 401 400.5 395.8 395.5 399.1 397.7 395.7 390.7 384.4 375.6 367.6 372.8 379.5 394.4 402.8 415.3 426.3 440.2 452.9 462.4 472.1 476.4 475.3 468.2 463.3 457.9 449.5 440.8 433.6 417.4 405.3 387.8 369.4 353.8 350.1 352.4 351 345 347.7 358.9 377.3 386.7 386.9 386.5 385.9 383.6 380.7 377.8 374.8 370.5 365.5 359.4 354.5 348.3 340.2 327.7 298.7 274.7 253.9 236.4 223.8 212.8 200.8 189.8 193.7 198.4 204.8 216.4 231.6 246.6 258.6 271.8 273.8 274.9 276.9 276.2
403 402 400.6 399.1 395.6 391.2 391.8 387.7 380.7 371.5 360.9 354.8 353.2 358.2 369.7 388.7 396.3 407.6 418.4 431.7 445.8 455.4 461.3 468.7 467.7 464.7 453 445 437.5 431.6 424 413.5 399.1 383.6 367.6 348.9 339.7 341.5 339.3 334.1 331.2 338.5 356.1 373.9 375.3 375.7 375.7 372.8 370.7 368.1 364.3 359.8 353.7 348.9 343.1 336.8 329.3 319.4 302.7 281.2 258.5 239.9 226.6 214.8 203.9 190.9 183.6 188 194.1 204.6 219.1 237.1 247.9 257.3 263.3 268.4 271.4 271
404.3 402.7 400.9 398 393.2 386.3 376.5 365.6 358.4 349 344.8 341.7 344.2 349.7 363.4 374.9 383.3 395.4 407.1 418 432 441.5 447.8 448.3 449.1 447 441.2 435.7 426.2 417.6 409.8 404.2 392.6 380.5 367.5 353 335.9 331.1 328.9 325 320.6 322.4 336.8 361.2 367.2 366.2 365.6 363.7 361.1 357.6 353.5 349.7 342 336.4 328.1 323.2 314.9 304.9 288.7 274.6 256.6 239.3 228 214.1 203.3 194.5 184.1 176.9 183.1 194.5 209.5 227.3 241.9 252.8 260.5 265.8 267.2 265
404.2 401.8 399.5 396.9 393 378.4 360.4 351.2 343 338.6 334.7 334.7 336.6 340.2 345.7 353.2 363.1 378.1 391.7 407.1 421.2 430 440.3 439.7 434.5 431.8 427.9 419.5 409.9 402.3 399.6 390.1 382.3 375 365.3 352.4 337.7 324.5 319.4 317.8 313 313 322.7 335.4 343.5 342.9 343.3 344.6 346.8 342.8 337.7 332.4 325 316.5 307.4 297.5 289.1 277.4 265.7 255.5 244.5 233.5 222.2 211.3 202.1 194.2 189.3 181.4 173.7 183.6 202.4 221.9 242.6 254.3 262.2 266.2 262.7 258.4
403.7 400.7 397.6 392.7 383.8 363.7 350.5 345.4 341 331.4 327.6 327.8 331.2 335.2 339.9 344.2 349.9 359.8 374.9 400.2 414 421.4 426.7 426 421.9 413.1 408.4 402.3 392.9 387.7 383.1 380.7 375.9 372.4 366.1 353.9 339.6 328.8 316.6 309 306.8 311.4 318.3 328.1 337.9 336.7 335.2 333.8 334.9 329.6 326 320 310.5 297.8 287.3 276.7 268.1 256.7 243.8 233.2 223.9 217 210.3 202.9 197 192.2 190.7 190.1 172.7 178.3 198.4 218.6 240.6 256 267.8 264.4 257.7 251.4
399.7 395.1 392.1 386.3 371.8 355 344.2 336.2 332.5 326.4 322 322.9 327.2 334.5 341.3 347.2 355.3 364.9 379.8 397.7 408.9 413.2 413 409 404.3 399.1 389.6 382 374.5 365.6 362.2 360 364.5 365.9 366 356.9 345.2 332 319.5 308.2 294.9 301.5 309.8 325.3 339.7 338.8 336.1 329 323.3 318.1 309.8 301.5 290.8 278.5 269 257.6 244.7 232.1 220.4 209.4 201.6 196 192.6 190.5 186.5 185.7 186.1 187.4 172.6 174.3 199.1 223.1 245.2 263 266.5 259 249.1 235.4
394.4 388.6 382.5 375.2 359.2 347.7 340.1 331.7 325.9 319.9 315.4 319.8 331 340.6 349.1 356.8 366.8 377.2 388.8 399.8 407 406.7 402.7 398.9 393.5 386.9 377.4 367.3 357 342.2 336.9 333.2 336 344.4 347.7 345.9 338.2 328.7 316.4 307.9 293.8 290 301.1 315 331.2 330.6 329 324.4 321 313.5 304.4 293 276.5 261 249.1 238.2 226.2 214.3 202.1 191.1 185.3 181 176.8 176.5 175.5 177.4 179.3 181.6 171.8 168 194.4 223 249.8 265.1 257.8 248.6 235.7 220.4
388.6 384 377.5 369.3 354.4 342.7 335.1 327.3 319.8 314.8 307.8 318.6 333.7 346.1 356.1 363.6 372 382.7 394.2 402 402.9 400.5 397.9 398.6 393.2 385.5 375 364.3 349.4 331.1 313.5 304.8 305.3 312.9 322.3 321.3 316.6 309.6 298.4 292 280.5 281 293.7 309.3 328.9 326.4 324.3 321.3 315.1 303.9 292.6 279.8 267.9 255.5 240 225.5 212.8 203.6 202.5 200.7 194.2 187.7 179.8 172.9 169.3 170.7 171.1 174.7 173.6 162.6 183.9 211.6 236.4 247 239.6 231.1 216.8 202.5
380.3 376.1 370.8 362.5 351.7 344.8 333.9 323 315.2 307.7 302.2 314.8 331.4 348.6 363.6 376.4 381.5 385.1 391.3 397.4 399.4 396.6 394.7 392.6 389.6 384.8 377.8 365.1 348.8 333.4 315.9 302.4 288.1 288.9 295.9 295.3 292.7 287.3 280.2 279.3 269.6 275.1 288.4 306.5 315.9 319.4 319.2 315.4 308.9 299.2 290.3 278.8 269.7 257.3 247.4 236.6 224 218.2 222.6 216.9 208.9 198.1 185.9 177.8 170.6 161.4 164.8 167.5 169.4 156.3 171.3 194.3 214.3 221.8 219.2 213.6 200.2 185.6
369.3 366.2 361.2 353.8 344.8 337.8 329.8 320.6 311.1 301.9 290.7 306.8 323.4 345.5 364.8 373.6 382.9 382.4 388.1 390.2 393.4 393.6 391.3 390.7 388.5 385.1 375.5 366.5 352.5 335.5 315.4 296.6 286.5 275.8 279.1 281.3 281.1 277.1 270.4 268.9 257.8 270.9 281.2 304.1 311.6 314.8 315.7 314.6 310 302.6 294.4 285.4 276.6 267.1 257 244.5 228.1 234.9 240.3 238.2 229 214.8 200 185.7 176.3 166.9 153.9 162.2 162.1 155 160.4 174.5 191.7 198.2 201.9 196.1 183.4 169
356 351.9 346.6 342 334.1 328.3 323.3 315.6 308.8 300.4 290.6 290 311.1 330.9 350.4 362.3 364 369.3 380.5 386 391.1 387.1 383.7 384.3 384.1 379 371.2 360.9 349.9 332.5 310.5 292.8 280.8 270.7 262 267.7 269.6 266.6 261.5 255.6 247 269.8 275.1 300.2 308.4 312.6 317.6 316.3 311.1 304.8 296.5 289.9 281.2 271.2 261.1 246.3 253.5 252.9 261.1 255.2 245.3 231 213.9 195.3 178.9 169.4 162.8 149.9 151.4 145.3 151.3 163.5 172.1 180.9 185.4 178.4 166.2 153.6
349.3 342.4 337.3 330.5 325.1 320.2 315.1 310 304 296.2 286.2 274.7 292.5 309.2 325.3 339.2 344.3 350.6 360.3 368.8 380 385.3 387.6 390.3 387.5 383.7 375.3 364.8 352 338.3 322.1 295.7 275 265.3 256.5 256.3 256.5 254.4 250.7 244.1 248.6 261.2 281 300 316.6 323.5 322.2 323.3 318.6 310.8 303.3 294.6 284.9 275.5 266.1 266.2 272.5 272.4 277.2 268.4 255.8 241 223 202.3 183 173.2 166.6 161.1 159 154.6 139.6 151.1 160.7 167 168.7 160.3 150 141.3
