data/SJ20.asc
ncols 200
nrows 200
xllcorner 320000
yllcorner 300000
cellsize 50
[rows 36 to 71 of 200, columns 0 to 79 of 200]
196.4 191.5 185.7 180.2 175.1 172.1 169.4 166 164.7 161.9 158 154.4 151.4 150.4 151 151.2 149.3 148.7 147.1 145.4 144.4 145.1 147.1 143.5 138.9 134.6 130.7 127.8 126.1 125.2 126.7 133.7 139.7 135.4 123.9 113.9 111.9 120.5 135.1 143.6 148.9 146.8 140.6 140.1 147.4 153.8 147 140.5 134.1 128.8 126.2 125.4 122.9 123.6 125.7 123.3 120.1 118.6 117.2 103.3 89.6 83.3 81.4 80.7 80.2 79.2 78.7 78.8 85.8 88.4 81.8 77.6 74.6 74.1 73.2 71.6 69.7 68.8 68.1 67.5
188.9 184.9 179.3 174.6 170.2 166.4 162.9 161 159.1 156.5 156.8 156.8 153.1 149.2 146.3 145.2 144.2 143.2 141.5 139.3 136.8 135.7 136.2 134.8 131.3 129.2 128 127.5 127 127.4 133.5 139.9 131.5 123.7 111.4 112.9 121.2 130.1 139.6 146.7 147.9 143.5 134.9 141.7 150.7 152.3 145.6 139.8 134 130.6 128.8 125.9 123.2 118.7 119 119.3 118.9 114.7 103.5 97.1 85.6 81.9 80.8 80.4 80 79.2 78.8 79.3 84.7 81.8 78.7 74.8 73.4 73.2 71.6 70.5 68.5 69 68.2 67.6
178.5 174.2 172.9 167.6 163.9 162.7 161.3 158.7 158.4 160.1 159.1 157.5 153.9 149.2 145.6 141.6 140.5 140.4 142.4 142.4 142.1 137.9 133.6 131.2 130 131.3 131.9 129.2 129 133.8 139.2 133.4 117.6 108.8 113.1 123.6 130 136.5 142.4 146.1 146.1 132.8 120.8 142.9 149.9 145.4 143.2 139.1 135.5 133.7 131.1 127.3 121.5 117.5 117.8 118.7 116.3 104.8 98.5 91.2 85 80.2 80.3 80.2 79.8 79.3 79.6 79.7 80.1 76.4 75.2 73.5 71.9 71.6 70.9 68 67.4 67.9 68.3 67.7
168.3 164.9 163.9 164.4 161.7 160.3 159.5 160.4 160.7 159.6 159.8 155.4 149.2 145.9 142.6 140 138.1 137.4 139 139.7 137.1 133.8 131.8 131.6 134.5 137.2 133.4 130.7 135.5 140.4 142.1 128.9 112.4 112 125.7 131.2 135 140.6 144.9 148.6 138.5 115.7 131 142 141.5 136.8 136.6 137.2 137.4 135.8 130.6 122.8 118.1 116.9 117.4 113.7 106.1 96.7 92 86.9 80.9 79.3 79.4 79.5 81.2 81.3 82 79.1 77.2 76.1 73.4 73 71.5 70.8 67.6 67.4 67.5 67.7 67.8 67.6
169.2 165.9 161.4 162.5 163.3 165 164.6 156.4 154.9 152.6 153.2 149.5 144.2 142.4 140 138.6 138.1 137 136.8 136.8 133.7 132.8 133.8 138.2 141.3 138.7 134.2 134.7 140 144.2 144.1 129 116.6 105.9 125.2 131.2 137.7 143.5 147.9 148.7 126.5 107.2 128.3 137.4 130.6 129.6 129.7 133.2 137 132.4 125.3 120.9 105.4 113.3 113.5 109.8 95.6 90.4 85.7 80.5 77.3 77.5 78 79.8 82.6 84.8 84.1 79.7 75.5 72.8 72.6 71.5 70.7 68.9 67.6 67.7 67.7 67.7 66.9 65.4
167.7 164.1 159.8 159.9 163.5 162.7 160.2 154.9 153.3 150.9 146.2 144.5 142.5 141.1 142.9 142.7 143.6 141.6 137.4 136.8 136 134.7 143.4 147.8 147.1 140.7 134.7 136.4 143.3 151 147.2 132.3 119 103.6 123.7 132.6 140.9 146.2 147 128.6 114.2 98.3 119.1 129.7 125.1 121.8 122.1 129 130.5 123.7 119.5 116.7 112.2 99.8 102.9 96.8 89.9 85.4 81.3 78.4 77.4 76.8 77.6 78.7 80.9 81.3 79.5 76.3 74 72.3 71.5 71 70.4 68.1 67.7 67.7 67.2 67.1 66.8 65
167.3 163.1 159.5 156.1 156.5 156 154.2 151.9 148.6 145.4 144 143.8 145.8 146.7 147.3 145.9 145 141.7 136.9 136.8 136.8 145.4 151.9 153.4 150.7 140.1 134.8 138.4 148.2 157 152.6 131.8 117.7 103.4 120.9 134.2 143.4 145.1 130.1 110.1 101.3 94.3 104.8 113 109.5 109.2 114.4 117.4 117.9 116.9 116 115.6 115.3 105.1 92 89.7 86.3 81.2 78.3 77.5 77.4 77.1 77.8 78.4 78.6 78.5 76.8 74.8 73.5 72.1 71.8 70.5 68.3 64 63.9 66.9 67.4 67.1 65.8 63.8
163 159.4 156.3 153.8 152.5 151.6 149.6 148.1 148.3 149.8 148.6 151.5 152.2 152.1 146.5 143 141.2 138.3 136.8 138.5 144.8 152.5 156.2 155.6 150.4 138.5 135.8 142.9 151.6 156.3 152.5 132.3 114.5 103.6 120.4 129.7 139.3 135 111.8 97.2 92.9 92.6 92.1 92.9 93.8 96.6 98.7 102.6 107.9 111.5 111.4 112.2 106.7 99.4 90.7 87.7 84.2 80.5 77 76.7 76.5 76.9 78.5 78.2 78.3 75.6 73.2 71.5 72 71.4 68.2 67.2 65 67.3 67.1 66.1 65.2 64 66.6 67.8
161.2 158.4 157.6 155.8 154.6 155.3 156.1 155.9 154.4 153.5 154.3 156.5 154.9 150.7 145.5 141.3 138.9 138.4 140.7 145.4 151.6 156.6 156.2 153.3 146.8 137.4 138 145.5 154.5 157.2 150.9 130.8 113.7 102.3 118.3 96.3 94 120.7 96.1 90.4 89 88.2 86.8 85.7 85.5 87 87.4 90.2 92 105.4 107.9 104.2 100.2 92.8 87.9 84.4 81.7 79.7 77.9 76.4 76.5 77.6 78.6 77.7 75 74.3 70.5 71.4 73 72.2 65.6 65.5 67.4 67.4 67.2 67.5 67.7 67.7 67.9 67.9
162.7 164.2 163.5 162.5 160.8 163.1 163.7 160.5 156.1 156.8 159.5 158.1 154 148.7 143.6 140.6 140.2 141.9 146.9 151.3 155.1 155 152.2 147.3 141.4 136.9 139.9 148.8 154.8 154.4 144.3 128.4 113.9 98.6 108.8 92.8 92.7 101.2 90.2 87.6 85.7 84.4 84.2 84.3 83.2 82.6 81.6 81.9 83 90.9 103.2 101.5 94.5 89.7 85.5 82.8 79.4 78.4 76.6 76.2 77 78.8 76.9 75.1 72.2 73.6 73.5 73.2 71.8 71.5 68.1 67.3 67.9 67.9 67.9 67.9 67.9 67.9 68 68
169.3 171.4 170.1 168.4 166.9 167.1 167 161.4 161.3 163.6 163.4 157.7 152 147.6 144.1 143.9 144 145 151.7 154.4 152.8 150.8 148.2 144.3 138.9 136 141.1 148.8 151.2 144.9 135.3 126 117.5 98.7 102.7 92.7 93.1 89.8 88.7 87.4 92.1 98.9 93.3 87.9 85.8 84.9 82.9 81.6 80.8 81.4 92.4 91.5 86.9 85.9 83.1 79.3 77.8 76.5 76.1 75.7 75.6 75.9 75.6 72.6 73.2 74.1 73.5 72 71 70.9 70.7 65 68.1 68 68 68 68 68.1 68.2 68.1
176.1 176.2 176.7 176.7 175.3 171.2 168 167.1 168.5 167.8 164 156.7 151.5 148.4 146.9 147.6 146.8 152 152.9 153.1 153.6 155.6 154.2 145.6 134.9 132.2 139.9 145.2 139.5 134.3 127.2 120.8 113.3 98.4 96.2 92.9 92.2 89.7 88.9 86.1 99.4 99.1 92.7 88.3 86.7 85.8 84.4 83.2 81.3 80.2 81.4 83.4 84.7 83.5 82.2 77.9 76.7 76.3 76 75.6 74.5 72.9 72.4 73.2 74.6 73.8 73.5 71.8 70.6 70.4 69.5 67.7 66.1 68.1 68.1 68.1 68.2 68.3 68.3 68.2
182.6 181.7 186.5 186.7 181.7 177.9 177.9 177.7 172.5 169.8 162.3 156.2 154.4 153.3 151.1 152.2 153.4 155.3 153.4 153.7 158.5 157.7 152.4 140.9 130.9 130.5 137.6 136.9 130.2 124.3 119.6 112.8 100.6 93.8 92.7 91.7 89 92.6 94 96.7 100 101.3 96.2 90.5 87.4 86.7 82.8 81.8 81.6 80.3 79.6 81.7 82.1 81.9 79.3 77.6 76.2 75.9 75.8 75.6 73.8 75.5 74 74.5 73.9 73.8 73.4 72.6 71.3 70.4 69.7 67.9 64.4 68.1 68.2 68.2 68.4 67.8 68.4 68.3
189.3 189.9 193.1 191.2 184.5 189.1 188.2 183.2 174.7 168.9 164.5 160.5 161.9 157.7 156.1 156.8 156.2 156.1 157.7 160.9 160.9 154.3 145.2 135.5 129.8 124.7 131.1 129 123.5 115.1 108.4 99 94.2 93.2 91.1 90.4 96 100.7 105.1 109.1 106.4 104.8 102 98.7 91.2 84 79.7 79.8 81.1 80.2 79 78.7 80 79.4 78.3 77.1 77 76 75.7 74.8 74.8 75.2 75.1 74.4 73.9 73.6 73.4 73 71.9 70.9 71 67.9 64.1 67.6 67.5 68.5 68.7 67.9 68.6 68.5
195.1 194.7 196.4 195 195.2 196.5 190.8 182.5 176.3 170.8 167.8 165.7 164.2 162.3 159.5 157.9 159.2 161 164.5 162.2 155.7 149.3 140.9 136.5 133.5 127.2 111.9 112.9 114.4 104.5 96.9 94.6 94.7 103.7 107.1 108.9 113 118.2 117.4 110.7 103.8 102.8 102.5 99.7 86.8 79.2 78.8 80.1 79.8 79.9 78.7 78 77.9 78 76.4 77 76.4 76 75.5 75.1 75.4 74.4 74.2 74.1 74.1 74 73.6 72.9 72.1 71.4 71.5 66.4 67.7 65.6 66.3 66.5 68.3 68 68.1 67.7
205 204.2 204.3 204.7 200.9 195.4 187.4 180.5 176.2 172.6 169.8 170.2 165.8 161.6 160.3 160 162.5 165.1 164.1 158.4 151.3 145.7 141.6 136.6 130.1 125.2 123 109.2 99.7 97.3 94.7 94.7 105.1 114.8 118 124.8 129.3 125.2 116.6 105.8 100.3 98.7 98.3 92.9 80.3 78.2 78.7 79 79 78.8 78.6 78.1 77.6 76.6 77.4 76.7 76 75.5 76.4 77.1 76.2 74.4 74 73.9 73.8 73.7 73.3 72.9 72.1 71.3 71.5 63.8 68 65.5 65.4 67.1 68.2 68.6 68 67.9
211.5 211.2 212.3 207.1 200 191.6 183.9 178.7 174.9 175 172.6 168.4 162.4 158.4 159.6 161.6 163.1 160.3 156.5 153.1 148.3 144.5 138.5 130.5 123.3 120.3 114.2 105.9 97.7 96.2 95.2 105.6 116.3 124.4 130.1 136.4 133 124.3 110.8 101.6 98.8 95.9 90.8 81.7 78.3 78.2 79.2 79.6 78.5 78.7 78.9 78.9 76.7 77 77.3 77.2 76.4 75.5 75.7 76 75 74 73.9 73.8 73.8 73.7 72.9 72.5 72 71.7 70.7 67.9 68.2 64.8 65.7 66.4 64.6 66.8 68.1 68.3
214.3 215.2 210.3 203 195 188.4 181.4 178.2 177.3 174.6 169 162.4 159.8 157.2 158.4 158.3 156.1 152.7 150 148.9 148.7 140.5 127.1 120.4 118.2 112.1 104.5 97.2 96.3 96 106.7 116.6 126.6 134.5 141.7 139 132.1 118.3 105 99.4 96.3 89.7 81.1 78 78 80 81.9 83 85.6 80 78.7 78.4 77.2 76.1 76.5 76.4 76.5 76.4 75 74.9 74.2 73.3 73.2 73.8 73.8 73.7 73.5 72.8 71.9 71.1 64.6 68.3 66.7 65.5 66 67 67.2 65.1 67.8 68.2
214.9 210.7 202.6 195.9 189.4 183.4 178.3 176.7 171.8 165.5 160.6 157 155.9 153.3 148.9 147.5 146.6 145.8 145.2 145.1 142.7 126.8 116 113.1 110.7 105.3 99 96.7 97.5 103.8 121.2 128.6 135.5 141.6 144.3 139.1 126.9 111 101.4 97.7 92.6 81.7 78.7 78.2 78.6 82.6 84.8 87 86 81.4 79.1 78 78.5 75.8 75.4 75.4 75.8 75.5 74.7 74.4 73.8 72.7 71.8 73.6 73.8 73.7 73.1 72.1 71.9 70.8 65.8 68.6 67.9 64.5 66 67.4 64.3 65.5 68.2 68.1
209.6 201.6 195.8 188.5 183.7 179.1 174.2 168.4 162 157.1 153.2 151.4 149.8 146.7 140.9 136.3 135.8 133.9 132 132.7 124.5 110.4 107.2 104.6 100.8 98.4 98.7 99.2 101.6 112.4 128.1 136.3 142.7 145.3 143.4 134.7 120.7 105.2 98.4 95.3 85.6 78 78.7 78.1 80.6 86 87.3 86.6 84.9 82.9 79.5 78.9 78.5 77.6 76.6 75.4 74.5 74.5 74.2 74.2 73.3 72.1 71.8 72.4 73.4 73.8 72.8 71.1 69.6 70.8 68.1 64.8 67.2 65.4 68.2 68.4 65.4 68.3 68.3 68.4
199.4 191.8 186.2 181.2 176.6 172.8 166.6 159.2 152.9 147.3 141.9 139.4 137.6 134.8 129.9 124.3 122.4 118.1 115.6 112.2 106.4 102 100.8 99.7 99.7 101.4 106.8 110.7 116.3 124.3 135.7 143.4 147 142.3 130.8 124.5 111.6 100.5 96.6 89.4 78.4 77.5 78.2 78.4 82.3 87.6 86.8 86.4 85 84.3 80.1 78.2 78 78.6 76.5 74.6 74.7 75.3 74 73.9 73.5 73.9 71.7 71.9 72.5 70.7 72.5 71.1 69.4 68.6 67.9 67.7 67 67.9 68.3 68.5 65.1 68.4 68.4 68.5
188.2 184.2 179.4 174.6 169.4 164.3 157.2 151 147.7 144.5 139.6 134 128.7 124.7 120.8 117.3 114.8 111.3 107.9 104.4 102.3 101.1 100.2 102.5 108.6 113.8 120.6 124.6 123.7 131.8 141.7 146.7 147.1 143.6 130.2 118 106.5 98.7 93.8 81.2 78 77.5 78 81.3 87.6 89.5 91.3 91 88 87 85 77.9 77.5 77.5 75.7 73.9 76.6 74.8 73.9 73.8 73.9 73.4 71.6 72 72.2 72.3 72.4 70.4 69 68.2 68.3 68.3 68.2 68.1 68.1 68.2 65.4 68.6 68.5 68.6
180.8 177.1 174.1 169.3 163.9 159.2 153 146.2 138 137.8 133.3 128.6 124.9 119.2 115.3 110.4 104 103.8 105.1 102.2 101.9 104.7 109.8 113.4 116 123.7 127.5 127.6 132.9 138.8 143.5 141.5 140.6 136.2 125.3 115.3 103.6 97.5 84.8 79.5 78 78.4 78.3 83.2 90.2 92.6 93.8 91.5 89.7 87.8 84.4 78.5 77.2 76.7 76.4 75.5 75.6 73.5 79.3 74.2 74.7 73.9 73.9 73.8 73.4 72.2 71 69.6 68.6 68.6 69.6 69.9 68.3 68.3 68.2 68 68.7 68.7 68.6 68.7
171 171.3 168.6 164.1 159.7 154.3 147.7 141.6 136.6 131 127.4 123.6 119.8 112.7 107.6 105.7 105.6 105.5 106 106.3 110.2 114.9 117.4 120.1 123.2 128.5 132.2 132.7 137.4 140.3 138.1 131.8 129.4 125.2 118.1 108.3 100.4 95.1 82.2 79.5 78.7 79.3 82.7 88 92.6 95 93.9 89.6 88.5 89.2 82.4 78.4 77.3 76.9 76.7 75.7 75.6 74.3 73.9 74.4 74.4 74.2 74.1 73.8 72.6 71.3 69.9 69.2 69.5 68.2 69.5 70.6 70.4 68.5 68.4 65.3 69 68.5 68.6 68.5
163.9 162 158.5 155.4 152 146.5 141.9 137.9 134 127.4 122.5 113.8 109 106.9 111.3 113.1 116.1 113.1 111.5 115.1 118.6 123.7 126.2 128.7 131.8 135.7 137.8 138.1 137.2 134 130.7 128.1 122.1 112.3 106.9 102.3 98.9 91.6 83.2 82 81.7 86.3 89.6 92 94.6 95.5 93 87.8 85.2 83.6 82 77.9 77.2 76.6 75.1 73 73.1 73.5 73 73.3 72.9 73.3 73.3 72.9 71.5 70.2 69.2 68.8 68.5 68.5 68.4 67.7 68 66.4 66.5 67.1 69 68.7 68.6 68.5
158.4 156.4 152.5 148.1 144.4 135.4 132.2 134.3 128.1 123.1 114.8 108.9 113.9 115.4 116.1 118.6 120 120.3 119.9 122.8 128.6 135 138.6 139.4 140.8 143.6 145.7 146.5 142 135.2 132.6 136 134.3 123 110.5 101.3 97.6 93.8 86.4 86.7 87.2 91.8 93.3 94.1 96 94.3 90.1 88.3 84.4 83.8 79.9 77.4 77.3 76.3 71.6 70.2 71 73.5 73.1 73.2 73.1 73.1 72.6 72.1 70.4 69.4 68.8 68.6 68.6 68.6 68.5 67.9 65.7 68.4 67.6 70 68.9 68.7 68.6 68.6
156.5 154.2 149.2 144.8 141.8 138.6 132.1 121.8 119.3 113.5 110.2 115.6 122.1 124.1 122.9 124.8 127.5 128.6 127.2 130.6 141.8 148.4 152.7 152.7 152.9 154.8 154.5 152.7 147.7 140.2 137.1 133.9 125.1 117.5 107.2 101.1 97.9 94.4 93.4 91.1 91.7 93.2 95.7 97.6 96.6 91.4 88 87.5 87.9 86.3 79.8 75.9 75.3 73.1 71.2 70.8 69.4 69.6 73.2 73.6 73.3 72.9 72.1 70.7 69.8 68.9 68.5 68.3 68 68.1 68.3 68.2 65.7 68.2 69.4 69.4 68.6 69.3 68.4 68.2
144.6 140.9 135.4 133.3 124.2 122.7 119 113.3 111.8 117.8 119.6 121.2 128.4 131.5 133.7 136.4 137.5 137.5 137 139.9 149.7 161.9 169.4 167.7 166.1 166.9 161.2 155 147.6 138.6 132.9 127.4 122.1 113.2 106.4 101 98.7 96 95.5 94.7 94.6 94.4 97.9 98.4 95.2 87.4 90.6 89.7 88.6 83.8 78.2 75.6 75 71.8 70.7 71.8 69.3 72.4 72.8 73 72.8 71.9 70.8 70 69.5 68.7 68.7 68.6 68.3 68.2 68.6 68.5 65.7 68.3 69 68.9 68.7 68.2 68.9 69.1
124.7 120.6 117.5 115.9 115.7 116.4 115.9 114.9 121.8 128 130.4 129.1 133.5 137.9 145.8 151.8 149.3 147.9 147.2 156.2 161.7 174.1 180.6 177.2 174.8 171.3 165 157.4 143.3 134.1 129 122.6 115.8 109.8 105.9 102.9 99.7 97.5 96.1 94.7 94.4 94.8 97.9 94.7 86.9 91.7 98.3 91.7 87.9 80.7 77.7 75.3 74.7 71.5 70.4 71.9 70.4 73.1 72.6 71.4 71.4 70.6 69.7 69.3 68.9 68.6 68.7 68.8 68.7 68.7 67.7 67.2 65.7 69 68.8 68.5 68.2 68.1 68.6 68.1
123.7 130.8 135.8 133.4 132.4 131.6 128.8 123.4 131.1 135.1 136.5 138 143.5 151.1 159.3 163.9 163 165.1 168.7 170.3 179.9 188 187.3 182.6 178.5 174.2 163.4 147.2 137.6 131.3 125.6 120.1 117.2 110.5 105.6 102.7 100.2 98.2 96.7 95.4 94.3 94.1 94.8 90.7 92.2 97.6 102.1 100 88.8 80.7 76.9 75.4 73.9 71.7 71.6 71.7 72.6 72.6 72 71.1 70.1 69.5 69.1 68.6 68.1 68.3 68.6 68.5 66.7 67.1 65.8 66.1 67.3 68.8 68.6 68.4 68.3 68.2 68.1 68.1
149 147.4 141.8 136.5 133.9 131.3 122.5 133.4 139.8 142.8 145.3 149.5 156.1 165.1 173.4 179.8 185.7 191.5 194.4 194.8 198.4 194.3 189.8 183.5 176.7 166.6 150.9 139.9 132.2 125.8 122.5 117.1 111.5 108.6 108.4 107.1 102 98.5 97.5 96.9 95.9 93.1 91.3 89.6 96 101.6 103.2 99.9 89.1 79.9 76 73.9 73.4 70.6 70.5 71.3 72.2 71.2 70.8 70.5 69.1 68.8 68.5 68.1 68.3 68.5 68.8 68.9 66.5 68.3 67.8 68.6 68.7 68.7 68.6 68.5 68.4 68.2 68.1 68.6
150.5 142.3 136.8 133.1 130.4 129.9 134.7 139.8 144.5 150.3 156.8 160.8 171.7 183 190.4 200.1 205 213.7 212.5 207.5 204.1 198.5 189.3 180.4 170.5 153.8 142.1 133.6 128.6 126.5 126.8 115.3 112.3 113.7 115.5 106.9 102 102 98.5 97.4 95.5 92.9 91.1 92.5 97.8 103.8 102.2 93.4 83.6 78.7 75 73.5 73.3 72.5 71.9 71.5 71.4 70.3 70.8 68.9 68.6 68.3 68.2 68.1 68.4 68.7 68.9 68.9 67.3 67.9 68.6 68.8 68.8 68.7 68.7 68.5 68.4 68.3 68.1 68.7
145.9 137.2 134.4 135.3 135.9 137.2 142 147.5 152.4 156.3 163.7 172.7 186.8 194.3 202 209.5 216.2 222.7 219.7 213.9 207.6 197.5 186.2 174.5 155.8 145.2 136.1 136.3 131.3 136.1 120.5 118.3 123.3 124.9 118.2 105.2 102 105.2 99.4 95.8 93.1 91.9 90.8 93.6 99.5 102.4 96.1 88 81.1 77.5 75.2 72.6 72.6 73 71.9 70.8 70.4 69.7 68.3 67.8 67.9 68.3 68.3 68.2 68.8 68.9 69.1 68.7 68.8 65.7 66.2 69.1 68.9 68.8 68.7 68.6 68.5 68.3 68.1 69.4
140.6 139.2 144.8 145 146.3 147.9 150.9 155.9 158.9 166.2 173.5 181.8 191.9 201.8 210.9 216.7 221.1 227 223.3 215 204.2 192.7 180 161.5 148.3 142.4 144 139.4 134.3 128.3 122.1 128 134.7 132 108.3 105.1 103.7 104.6 98.3 94 92.5 91.6 92.5 96.1 100 97.3 89.7 83.1 79 76.5 74.6 73.1 72.2 70.5 71.8 69.3 68.6 68 68.3 68.5 67.7 68.1 68.5 69 68.6 69.1 68.2 68.9 69.1 69 68.9 66.9 69 68.8 68.7 68.6 68.5 68.4 68.3 72.1
140.8 146.2 151.6 153.1 156.5 156.2 160 163.9 168.7 177.1 185.1 190 198.5 208.4 217.1 223.7 226.1 230.5 221.8 210 199.1 185.6 167.7 154.3 147.4 145.9 152.1 140.2 139.1 127.5 130.5 142 143.2 124.4 108.5 105.6 105.3 101.2 96.2 93.6 92.4 92.1 94.4 98.7 98.2 90.2 83.7 80.4 77.6 75.7 73.8 71.6 73.5 72.6 71.8 68.7 68.4 68 68.4 68.6 68.4 68.8 69.2 68.9 68.5 68.4 67.4 69.1 68.5 68.7 68.5 68.4 65.4 69.4 68.8 68.7 68.7 68.6 69.5 74.8
149.8 154.2 158 160.1 167.7 167.5 169.3 173 181.6 191.3 201.4 208.7 213.3 217.3 223.7 230.6 233.7 226.1 215.7 204.3 191.1 175 161.6 153 149.7 156.5 152.6 146.5 140.1 132.4 142.5 143.9 127.4 114 113.3 105.6 103.9 100 96.3 94.2 92.9 93.5 97.3 97.4 93.1 86.1 82 80.1 77.5 75 72.5 70.3 68.8 70.2 71.8 68.6 68.4 68.3 67.9 67.8 68.6 68.8 68.9 68.8 68.8 68.8 67.8 68.2 68.2 68.8 68.4 68.9 66.3 68 68.8 68.7 68.6 68.5 73 78
