data/SJ30.asc
ncols 200
nrows 200
xllcorner 330000
yllcorner 300000
cellsize 50
[rows 0 to 34 of 200, columns 79 to 157 of 200]
153.2 154.4 151.6 146.4 144 141.8 140.8 140.2 139.6 138.7 137.8 137 136.3 136.2 135.8 135.5 135.1 134.5 133.9 133.4 132.5 131.9 131.7 131 129.9 127.7 127 126.7 126.4 126.4 126.2 126.2 126.2 126 125.7 125.6 125.4 125.1 124.7 124.3 124 124.5 124.2 123.7 123.5 123.4 123.4 123.6 123.2 123.6 122.9 122.7 122.3 122.5 122.8 122.2 121.4 120.3 119.3 118.4 117.6 116.9 116.6 116 116 116 116.1 116.3 116.3 118.3 120.8 121 120.9 120.7 121 121.7 120.7 120.8 120.9
153.2 151.6 150.2 146.5 143.9 142.1 141.2 140.9 140.5 140.3 138.9 137.4 136.8 136.5 136.3 135.5 134.7 134.5 135.4 133.1 132.2 131.4 131 130.5 130.2 128.6 127.5 127 128 127.2 126.7 126.7 126.8 126.8 126.3 125.9 125.8 125.5 125.1 124.8 124.5 124.7 124.9 124.5 124.3 124.3 123.2 124 123.6 124.2 124.7 124.8 123.7 123.5 124 123 122.1 121.1 120.1 119.2 118.1 117.8 117.4 117.1 115.9 115.9 116 115.8 115.8 116.6 119.7 119.8 119.9 120.5 120.9 119.1 117.5 119.1 119.7
152.8 151.9 150.6 146.8 144.2 143.3 141.4 140.7 140.5 140.1 139.2 137.8 137.4 137 136.6 135.3 134.4 133.9 133.8 133.5 133 132.2 131.7 131.4 130.8 130.2 129.3 127.8 128.9 129 127.3 127.3 127.5 127.6 127.1 126.6 126.1 125.9 125.6 125.2 124.9 124.8 125.4 125.4 125.2 124.5 123.3 124.1 125.6 125.1 125.7 125.9 125.5 125.4 124.5 123.5 122.7 121.9 121.9 121.5 119.1 118.5 119 119.7 118.6 116.2 116.2 116.2 116.1 116.1 118 119.5 119.7 120 119.2 116.9 116.4 116.8 118.4
152 151.9 151.7 148.3 145.6 145.2 143.5 140.5 140.1 139.6 138.7 137.7 137.4 137.2 136.8 136.1 135.1 135.2 134.6 134.4 133.8 133.2 132.6 131.5 130.2 130.1 129.7 129.8 128.8 128.9 128 127.9 128.2 128.4 127.9 127.4 126.8 126.3 126 125.7 125.4 125.1 126.8 127.8 128.1 128.2 127.5 126.6 126.8 125.2 125.8 126 125.7 124.8 124.1 123.4 123 123.1 124.4 123.3 120.5 120.1 121.1 122.4 121.9 120.7 119.4 117.2 116 115.6 115.8 119.2 119.2 119.4 117.7 117.4 117.7 116.8 118
150 150.4 149.2 148.5 147.1 145.8 144.8 142.5 140 139.3 138.8 137.6 137.3 137.1 136.8 136.5 135.6 135.9 135.3 134.7 134 133.4 131.9 132 131.1 130.3 129.6 129.3 128.7 129.3 128.9 128.2 128.4 128.8 128.5 127.9 127.3 126.7 126.3 126 125.7 126.2 127.3 128.5 128.6 128.6 128.7 127.7 126.2 125 125.2 125.7 125.1 124.2 123.6 123.4 123.1 123.1 124.1 123.7 122 121.4 122 121.8 121.7 121.8 120 117.6 115.7 115.3 115.7 117.6 118.9 118.6 117.9 118.3 119.6 118.2 118.7
149.2 148.3 148.3 147.9 147.3 145.9 146.1 145.7 142.3 140.7 140 138 137.3 137 136.4 136.4 136 135.9 135.6 135.2 134.5 134.6 134.3 132.9 132.1 131.1 130.4 130.2 129.4 129.3 129.4 129.5 129.1 129.1 129 128.4 127.8 127.2 126.7 126.3 126.8 127.5 127.6 127.5 127.7 127.6 127.4 126.9 125.5 124.8 124.4 124.9 124.5 123.7 123.7 123.6 122.7 121.8 122.4 123.7 123.1 122 121.5 120.3 119.6 119.7 118.6 117.2 115.3 115.2 115.4 116 118.2 119.6 119 119.7 120.4 119.7 119.5
149.6 148.2 147.7 147.7 147.4 146.3 146.2 146.4 144.7 141.8 141.9 138.6 137.6 137.1 136.5 136.5 136.4 136.3 136 135.5 135 135.4 135.1 135.1 133.9 132.3 131.7 131.6 130.1 129.5 129.6 129.8 129.6 129.3 129.2 128.9 128.3 127.7 127.2 125.8 125.9 125.9 126 126.4 126.2 126.1 126 125.9 125.5 125 124.6 124.2 123.9 123 122.8 122.8 122 123.3 122.8 124.3 125.2 124.5 122.1 120.6 119.9 120 119.4 118.6 115.5 115.1 115.2 115.8 117.4 119.2 120.4 119.9 119.9 118.8 117.1
149.7 148.5 148 147.7 147.5 146.9 147.4 146.9 145.7 144.6 143.7 141.7 140.5 139 138 137.2 137.2 137 136.7 136.3 135.9 135.7 135.6 135.3 134.9 133.5 132.6 131.7 130.5 129.8 130 130.9 130.4 129.4 129.4 129.3 128.8 128.2 127.3 126.3 126.2 126.5 127 127 126.6 126.1 126.1 125.9 125.5 125.3 125.1 124.7 124.2 124 123.2 122.8 124.4 125.2 124.4 125.4 125.1 124.8 123.2 120.9 121.3 121.9 121.1 118.9 117.7 116 115.1 115.6 116.1 117.4 118.2 118.5 118.5 117.3 114.6
149.9 149.4 148.3 147.7 147.3 147.3 149.3 149.6 146.8 145.7 144.7 144.9 143.2 140.9 139.3 138 137.9 138.2 138 137.3 137 136.8 137 137 135.8 135.1 134.4 132.6 131.8 130.2 130.3 130.8 130.8 130.3 129.5 129.5 129.2 128.4 127.4 127 127.4 127.8 127.9 127.4 126.9 126.4 126.2 125.8 125.6 125.7 125.6 126 126.5 126.7 126.7 126 126.3 126.5 126.1 124.2 124 124.2 123.3 122.3 122.8 122.5 121.2 121 121.6 117.4 115.6 115.3 115.3 115.4 116.1 116.5 116.1 114.4 113.4
150.4 149.6 148.6 147.5 146.8 146.1 148 149.5 147.9 145.2 143.9 143.8 143.8 142 141.3 139.4 139.2 139.7 139.5 139.9 139.1 138.6 141.7 143.7 142.1 139.3 136.4 134.5 132.7 131.2 130.7 130.6 130.6 130.6 130 129.7 129.7 128.8 128.4 128.2 128.9 130.4 129.1 127.9 127.3 126.7 126.2 125.9 125.9 126.1 126.4 127 127.1 127 126.6 126.3 125.1 124.5 123.8 122.5 122.9 122.4 122 122.1 122.4 122.5 122 121.7 120.9 115.7 114.9 115.4 115 114.5 114.5 113.8 114.3 114.6 114.3
151.1 149 148.5 147.4 146.7 146.1 145.3 145 144.3 143.2 142.4 142.3 142.5 141.4 141.2 141.1 140.9 142.3 142.2 143.3 143.2 142.1 144.4 145.8 143 140 137.3 134.9 132.9 130.9 131.7 130.9 130.8 130.6 130.6 130.3 130.2 129.5 129.2 131 133.8 134.2 131.9 130.5 129.2 128.1 127.6 126.3 126.2 126.3 126.8 126.5 126.2 126.3 126.1 125.4 125 124 123.5 123.4 121.7 120.5 119.3 119.7 120.9 121.4 121.5 121 118.7 115.6 114.5 114.3 114 113.7 114.1 113.6 114.2 115.5 115.1
151.6 149.9 148.2 147.5 146.7 146 145.3 144.4 143.6 142.9 142.2 141.6 141.2 141.1 140.9 142.4 143.3 144.2 143.7 143.8 142.3 141.3 140.4 138.4 136.9 135.1 132.7 132.5 132 132.4 132.4 132.6 131.9 131 131.3 131 130.9 130.8 130.6 134.3 136.4 135.1 132.8 131.8 132.6 131.1 128.6 127 126.7 126.5 126.5 126.1 125.8 125.7 125.3 124.8 124.5 124.5 123.3 123.3 122.9 120.8 118.3 118.1 118.3 118.3 118.2 117.7 116.7 115.2 115.5 115.6 115.5 115.2 114.4 114.5 113.1 112.3 112.6
153 151 148.7 147.8 147.1 146.3 145.3 144.5 143.6 142.8 142.1 141.4 140.8 140.4 140.1 141.9 145.6 143.6 141.3 138.9 137.1 137.2 135.9 135.2 134.3 133.7 132.9 134.3 132.8 132.4 132.9 132.9 131 131.4 131.2 130.7 130.8 131.3 133.1 136.1 134.8 130 127.4 131.9 133.4 129.1 127.8 126.8 126.9 126.1 126.2 125.8 125.4 124.6 124.3 124 123.3 124.2 123.1 121.8 119.7 118.6 118.1 117.4 117.7 118.3 118.3 117.4 116.1 115 116.5 117.5 118 117.2 116.1 115 114.6 114.1 111.8
155.8 153 150.8 148.6 147.8 146.3 145.4 145.2 143.9 143 142.3 141.6 141 140.5 139.9 140.5 138.8 137.2 137.2 135.7 137.3 137.5 137.3 136.3 135.1 132.9 134.6 134.2 133.4 132.1 131.9 131.8 131 130.8 130.6 130.4 130.7 131.6 133.8 136.5 133.3 127.8 131 134.8 130.5 128.2 126.5 125.9 126.2 125.1 125.2 124.7 124.8 123.3 122.6 122.1 122.1 123.3 123.2 121 119.2 118.5 118.1 117.4 117.7 118.3 118.6 117.4 117.6 116.3 116.3 117.2 117.6 117.1 116 114.9 114.7 114.2 113.1
158.7 155.9 152.8 151.8 149.5 150.6 153 149.1 145.1 143.9 143.1 141.9 141.3 140.8 140.5 140.3 138.7 138.5 140.3 141.8 143.5 143.2 142.7 141.6 139 136.4 134.7 133.6 133.3 132.5 132.6 131.5 131.2 130.9 130.8 129.9 129.5 130 131.2 132.6 131.4 129.4 141.7 144.8 142.3 135.6 131.5 127.9 126.7 125.9 124.4 123.4 123.5 123.1 122.2 121.5 121.1 121.4 120.7 120.3 120.4 118.6 118 117.7 117.3 118.3 118.6 117.8 117.6 116.8 116.5 116.7 117.1 116.6 115.9 114.8 114.5 115 113.8
159.9 157.7 154.6 154.8 152.9 155.8 158.7 152.9 148.1 147.3 146 143.2 141.6 141.4 141.1 141.1 141.6 144 149.5 149.5 149.2 149.3 148.9 146.1 143.4 140.6 136.9 134.9 133.3 132.7 132.1 131.5 131 130.6 130 129.7 128.9 129.1 129.4 129 128.7 132 141.5 150.6 151.6 143.4 140.8 136.5 133.2 129.1 127.2 125.4 125.2 123.4 122.8 122.3 121.6 121 121.2 122.2 123.5 120.7 118.4 117.6 117.2 118.3 118.2 116.1 116 115.6 115.3 115.1 115.9 115.9 114.5 113.7 114 114.4 112.9
159.3 156.5 156.5 156.2 156.2 159.1 159.7 155.1 149.3 148.8 146.7 143.1 142.3 142 141.8 142.5 149 151.8 154 155.3 156.2 155.8 153.2 150.5 147.7 144.2 140.1 136.6 134.2 132.6 131.8 131.2 130.6 130.1 129.3 128.8 128.5 128.8 129 128.8 129.1 133 141.5 152.4 152.2 151 151.6 149.6 148.9 144.6 139.9 132.6 128.1 124.5 123.5 123 122.3 122.2 122.8 127.3 129.8 123.4 120.7 118.7 117.9 117 117 117.5 117.9 117.3 117 116.5 116 117.3 115.9 115.4 114.3 113.9 114.6
160.4 158.8 159.4 159.8 159.2 160.7 160.2 155.6 150.9 147.2 144.8 143.6 142.8 142.5 142.5 150.8 154.1 155.8 158.5 161.1 161.3 159.7 156.8 154 151 146.7 142.5 138.4 135 132.6 131.5 131 130.3 129.7 129.5 129.3 129.1 128.8 128.7 129.1 130.3 134.2 139.8 151.6 153.9 154 154.4 156 152.1 147 142 136.2 131.5 126 124.3 123.7 123.3 123.8 127 133.8 133.3 126.9 122 120.7 120.5 119.7 118.7 119.1 119 118.9 119.8 118.6 117.6 117.2 117.8 117.2 116.9 116.4 116.9
164.1 163.1 162 161.9 162.3 163.1 161 156.3 151.3 146.4 144.7 143.9 143.8 143 145.3 157 159.7 161.3 163.8 166.4 165.6 162.9 160.1 157.1 151.8 147.3 142.9 138.2 134.3 132 131.1 130.9 130.2 130.1 131.4 131.4 130.5 129.6 129.6 130.5 131.6 133.6 139.1 146.9 151.1 152 153.7 156.4 153.5 149.1 144.3 139.2 134.8 128.5 126 125 125.8 128.1 136.1 138.3 136.8 129.4 124.1 123 123.1 123.5 123.5 121.9 120.5 119.9 120.1 118.6 118.3 118.4 119 119.6 119.5 119.4 119.4
169.8 167.3 164.9 164.5 165.5 165 161 156.2 147.8 146.6 145.5 144 144.1 143.3 150.1 162.1 165.3 167.4 169.5 170.4 169 166.3 162.7 158.1 153.7 149 144.1 138.9 133.8 131.6 131.2 131.2 130.9 132.3 137.4 137.9 137.3 133.8 131.3 132.9 133.7 133.4 138.6 142.3 146.6 150 152.5 155.2 154.6 150.4 146.3 141.9 136.3 130.3 128.7 128.4 130.4 134.8 140.1 139 135.4 130.7 126.5 124.5 124.6 124.6 125.2 124.3 122.6 120.8 120.1 119.5 119.5 119.8 120.3 121 121.2 121.1 120.6
176.6 171.1 168.7 165.5 163 165.4 160.1 156 152.7 148.3 146.4 144.2 145 144.5 153.7 164.4 168.8 172.2 173.8 173.1 171 168 164 159.9 155.6 150.1 144.8 138.7 132.5 131.2 131.7 131.9 132.6 135.4 143.9 146.1 144.1 141 138 136.8 136.2 134.7 136 139.1 143.1 148.2 151.8 155.1 154.8 152.4 148.8 143.5 137.7 131.9 130.1 132.9 134.9 137.2 138.7 137.8 135 132 128.5 125.8 125.3 125.4 126.6 125.3 123.8 121.7 120.3 120.3 120.3 122.1 121.8 122.7 123.1 122.5 121.3
182.1 175.2 172.8 165.9 164.6 165 161.1 155.7 152 148.6 146.6 144.4 145 148.7 155.8 165.9 171.1 175.6 176.2 174.4 171.7 168.5 164.5 160.3 154.9 149.2 143.4 136.4 132.3 131.3 132.3 133.3 135.3 138.8 144.3 148.8 149.4 147 144.9 141.3 139 136.5 135.3 137.5 139.4 145.4 150.7 151.9 153.5 154.1 150.4 144.5 138.4 132.7 131.9 133.6 135.8 137.4 137.4 136.5 134.8 132.8 129.8 126.1 125.3 125.3 125.7 125.7 124.4 122.9 121.4 121.2 122.4 122.2 123 123.7 124.3 122.8 123.1
187.6 179.4 175.3 167.9 167.3 166 160.5 155 151.1 148.2 146.7 144.6 145.2 152.3 159.8 168.3 176.1 180.1 178.1 175.3 172.3 168.9 164.2 159.5 152.4 147.2 140.8 135 131.8 131.4 132.6 133.7 135.2 141.3 147.3 149.6 150.7 150 148.6 146.4 142.6 139.2 136 136.2 137.9 142.9 145.9 149.3 152.3 154.4 151.4 147.2 141.3 137.6 135.2 135.9 137.8 139.4 138.8 138.1 136.9 136.3 132.6 127.2 124.7 124 124.6 125.7 126.2 123.6 121.8 121.7 122 122.1 121.2 120.8 120.7 120.7 122
192 184.1 179.2 173.1 170.9 168.5 160.3 155 151.5 148.7 147.8 146.2 150.1 157 163.4 170.8 180.6 181.9 178.7 175.3 172 168.3 163.1 156.2 149.3 144.5 138.9 133.9 131.4 131.6 132.7 133.9 135.1 140.6 145.2 147 147.7 148.3 148.7 148 143.8 139.5 137.6 136.6 137.4 139.6 143.5 147.5 151.2 154.1 153.8 148 141.5 136.9 133.7 133.1 134.6 136 137.3 138.3 139.3 139.4 136.8 131.6 127.9 124.3 123 125 126.3 124.7 122.4 120.8 119.4 118.7 117.5 117.8 119.8 120.2 120.1
194.6 187.8 182.3 176.7 172.1 167.4 160.4 154 150.5 149.3 147.8 151.8 156.9 161.2 166.3 172.1 181.8 183.1 178.7 175 170.9 163.8 157.4 151.3 145.5 140.6 135.7 132.2 131.3 132.7 133.8 134.8 135.6 136.9 141.2 143.9 145.8 146.4 146.8 146.3 143.8 140.2 138.2 137.7 137.9 139.2 142.2 146.2 150.6 153.3 156.7 149.1 142.2 136.7 133.7 131 132.3 133.7 133.6 135.2 137.1 138.5 139.4 136.2 130.5 125 122.8 122.1 123.4 123.3 121 118.8 117.9 117.2 116.6 116 116 116.9 117.3
194.8 189.4 184.1 177.9 172.2 165 158.2 152.5 149.9 150.3 149.8 157 163.5 165.6 168.6 174.8 181.4 179.4 175.4 170.2 164.6 158.2 152.2 146.6 141.8 137.3 134.1 131.8 131.3 134.1 135 136.1 136.2 137.5 139.1 142.1 143.1 144.5 146.2 145.4 144 142.7 140.7 137 135.9 136.8 139.6 143.7 147.1 149.4 150.1 150.3 144.5 137.8 132.7 130 129.4 129.6 131.2 132.5 134.4 135.9 137.3 136.6 131.6 125.8 122.7 121.6 122.6 122.2 120.1 118.3 117.1 116.9 116 114.6 114.7 115.3 115
193.7 188.3 183 177.2 170.1 162.2 154.9 151.7 151.2 153.8 159.3 166.6 167.5 168.7 167.9 171.9 176.1 174.4 169.3 163.8 158.2 152.9 147.9 142.6 138.8 136 134.1 132 130.6 134 135.5 135.9 136.2 138.4 139.5 139.9 140.3 139.5 141 144.7 145.9 147 144.7 140.7 136 133.9 135.3 139.6 143.9 146.7 145.3 146.5 145.4 138.9 133.3 129.8 128.8 126 128.7 130.1 131.7 133.2 134.3 133.9 132.6 128.6 123.1 120.7 120.6 121 119.6 117.8 116.6 116.4 115.2 113.3 113.6 113.8 113.3
191.9 186.3 179.1 173.2 169.4 156.1 153.4 151.9 164.2 167.4 169.6 172.5 174.1 174.2 170.5 170 171.3 167.5 163.9 159.2 153 148.3 144.5 141.6 139.9 137.8 135.4 133.2 131.1 130.4 134.4 135.1 134.3 135.2 136.2 136.3 135.3 134.5 136.3 139.3 142.5 147.7 144.9 140.8 135.7 132.5 133 137.6 141.2 144 142.2 141.3 140.6 137.4 134.1 129.7 127.7 125.2 125.4 127.2 129.1 130.6 131.3 132.2 133.1 130.6 125.5 120.3 119.1 120.1 119.2 117.4 116.1 115.7 113.8 111.9 112.3 112.8 112.2
189.8 183.6 178.4 170.6 160.1 154 155 170.1 174.9 176 176.8 178.9 181.4 179.1 174.1 171.1 167.2 164.4 161.6 155.2 150.6 147.3 144.8 142.5 141 139.3 137 134.5 131.6 128.5 130.3 131.9 130.8 131.3 132.8 131.6 130.8 131.7 133.2 134.9 138.7 143.9 143.5 140.4 135.9 131.6 133.6 137.3 139.6 142.6 141.5 139.6 137.6 136.6 135 131.4 127.4 124.8 122.8 124.2 125.6 127.5 128.9 130.9 132.2 132.4 128.3 121.4 117.8 119 118.8 116.9 115.7 113.9 112.2 110.8 110.7 111.3 112
187.5 181 174.9 157.4 154.2 159.9 171.7 180.7 183 184.3 184.7 185.7 184.9 180.8 175.7 172.3 168.6 164.1 160.1 153.4 150.8 148.4 146.2 144 143.5 141 138.4 133.9 131.7 129.5 129 128.4 127.2 126.7 130.2 128.8 128.6 129.1 130.4 131.8 133.4 137.7 138.8 137.6 133.1 129.8 130.3 133 134.6 138 140.1 139.8 137.8 136.6 136.5 134.3 130.2 126.1 121.6 122 123.1 122.3 125 129.2 131.7 133.2 130.2 123.9 119.3 117.1 116.9 115.8 114.1 112.4 110.6 109.6 109 109.9 110.6
186.3 175.8 157.9 156.8 165.4 176.5 184.7 186.9 188.6 189.9 190 187.7 183.9 179.9 176.1 173.1 168.9 163.3 160.1 156.4 154 150.5 147.7 146.4 144.1 141.6 137.8 133.7 131.3 130.3 128.4 125.4 124.7 125.8 127.4 125.5 126.3 125.6 126.6 127.6 128.8 131.2 131.6 130.9 128.7 126.5 127.5 128.5 129.7 133.5 135.5 136 139 138 138.9 136.9 131.7 125.7 121.3 120.2 119.5 118.6 121 125.3 126.5 128.8 129.3 126.2 121.1 117.9 115.1 114.3 112.6 110.9 109.7 108.4 107.7 108 109.1
186.6 175.2 157.8 168.6 181.2 188.3 189.9 191 192.3 193.3 188.9 183.9 181.4 179.3 177.1 173.2 169.5 171.1 166.4 160 155.6 152 149.3 147.4 144.6 141.1 136.8 132.8 129.8 128.5 127.3 125.6 124.2 122.8 124 121.5 123.2 123.6 123.3 123.4 124.1 125.5 125.5 125.5 124.9 124.1 124.5 124.8 125.3 127 128.5 131.2 134.3 138.4 138.8 136.3 132.7 126.1 120.6 118.9 116 115 116.9 118.6 120.4 121.8 121.3 123.3 122.2 118.3 116.5 114 112.6 111.6 110.7 108.7 107.1 106.4 107.1
187 171.1 162.4 184 190.7 192.4 193 194.1 192.2 187.9 184.6 182.3 180.5 178.8 176.8 173.9 175.5 175.8 168 160.4 156 152.7 149.3 146.7 143.8 140.2 136.8 133 129.3 127 126.4 125.4 123.6 122.1 120.8 120 119.8 120.4 121.3 121.6 122.2 123 123 122.9 122.6 121.9 121.8 122.7 122.8 123.4 124.7 125.8 128.6 132.5 136.7 133.8 131.1 127.7 123 118.8 115.5 113.6 112.3 113.6 113.7 114.9 115.8 118 118.5 118.9 117.3 115.4 113 112.8 111.7 109.1 106.7 105.9 106.5
186.8 163.9 170 187.8 190.8 192.4 192 189.5 185.1 181.4 180.4 179.7 177.8 177 174.8 172.9 172.8 169.2 162.3 158.5 154.5 152 148.6 145.7 142.9 140.6 137.2 133.2 129.6 126.5 126.6 125.1 123.2 121.5 120.2 119.7 119.2 117.9 118.5 119.6 120.2 120.6 120.6 120.4 120.2 119.6 120.1 120.4 120.7 121.4 122.3 123.3 125.4 128.8 133.8 134 129.2 125.8 122 120.5 118.8 113.8 111.1 109.9 109.8 110.7 111.9 113.5 115.8 117.7 115.7 114.7 113.3 112.5 112 110 107.9 106.2 105.6
182.2 161.8 171.1 185.1 188.1 187.9 185.4 183.2 179.1 176.4 174.1 172.8 172.4 171.5 169.4 166.3 162.4 159.3 157 154.1 151.9 150.3 148.2 144.4 142.4 138.3 135.9 133.1 130.3 126 124.3 121.8 121.1 121.1 120.4 118.5 119.1 118.4 118.2 118 117.8 118.1 118.2 118 117.8 117.9 118.3 118.7 119.2 120.8 121.3 121.8 123.7 124.8 128.6 130.6 127.6 123.2 119.4 117.9 116.8 113.2 111.2 109 107.8 107.8 108.3 109.9 112.3 113.9 113.5 111.5 110.5 110.7 111 110.4 108.3 106 105
