data/SJ35.asc
ncols 200
nrows 200
xllcorner 330000
yllcorner 350000
cellsize 50
[rows 39 to 77 of 200, columns 0 to 85 of 200]
91.9 89.1 84.9 84.6 83.9 76.5 76.4 76.4 75.7 75.5 75.8 76 75.7 75.3 74.9 78.1 79.2 84.1 83.5 83.6 84 84.1 86.2 90.6 94.7 96.6 98.1 99.3 100.7 100.7 100.7 96.3 94.2 94 96 95.8 95.3 95.4 89.9 86 86 85.9 83.8 83.8 83.8 85.6 84.1 81.6 81 79.1 76.7 74.7 73.3 71.8 71 70 71 69 67.8 66.5 64.8 64.8 62 58.9 60.4 60.4 60 58.5 56.8 55.1 53.3 51.2 48.8 45.8 44.4 42 39.9 37.5 36.5 35.6 34.5 33.6 32.5 31.4 30.4 29.1
92.5 90.6 88 84.2 80.1 76.8 76.7 76.8 75.7 74.8 75 75.3 75 74.7 74.3 77.8 78.7 80.6 82.5 82.8 82.6 83 85.4 89.6 95.5 95.6 98 99.1 99 98.9 96.6 94.6 94 94 95.5 96.2 96.7 98 95.6 88.6 88.5 87.7 85 86.1 88.8 84.4 84.9 83.6 81.8 79.3 78.4 75.8 74.2 73.2 71.9 70.2 70.1 70.5 69 67.6 67.6 64.9 64.1 63.9 63.3 62.1 61.1 59.6 57.3 56.2 54.5 51.1 48.7 44.9 44.4 41.8 39.1 38.3 37.7 36.4 35.1 34.6 33.5 32.3 30.5 29.8
100.4 93.6 89.3 85.9 82 78.4 76.5 76.2 75.9 75 74.3 74.5 74.4 74 73.7 74.1 78.5 78.9 79.7 81.7 81.3 82.6 85.3 89.2 94.2 94 96.8 99 101.3 100.3 97.7 95.9 94.8 95.3 97.5 98.5 100.1 103.1 103 100.1 93.6 91.7 89 91.5 90.7 86.9 86.1 85.6 83.5 80.6 79.1 77 74.8 74.4 73.5 72.2 71.7 70.5 69.7 69.4 67.8 64 65.3 66.1 64.2 62.5 60.7 57.4 55 54.8 51.3 49.2 47.9 44.7 43.9 41.4 39.5 39 39.7 38 36.8 35.7 34.6 32.7 30.7 29.7
111.6 99.5 91.3 87.4 85.2 81 76.4 74.7 74.8 75 74.9 74.4 73.9 73.6 73.4 73.7 78.1 78.9 79 80.4 81.1 82.2 85.2 92.8 94.8 96.8 99.1 101.1 103.8 105.8 101.6 100 99.3 98 99.3 99.2 100.7 105.3 106 102.2 97.7 96.1 95.9 93.9 91.7 90.9 87.2 85.9 84.7 81.5 79.2 77.8 76.5 76.1 74.9 73.7 72.5 71.5 70.3 69.1 66.6 67.2 67.5 66.3 65.6 60.8 58.2 57.5 54.6 54.1 51.2 50.8 50.6 47.2 45 42.1 40.3 41.6 40.2 39 37.6 36.2 35 33 30.9 30.2
121.2 112.6 96.9 90.6 87.7 84.4 79.7 77.6 76.4 74.4 74 74.1 73.6 73.4 74.1 75.1 76.3 77.3 78.1 79.4 80.9 81.7 84.8 93.2 99.7 104 105.8 106.6 106.7 108.7 107.7 105.9 104.6 102.4 99.9 99 100.3 104 105.9 103.6 101 98.2 97.4 95.9 93.9 90.7 89.8 86.5 84.6 81.7 80 78.8 79 77.8 76.1 74.7 73.4 71.3 68.9 68.9 70.6 70.5 67.6 66.3 64 61.6 61.7 60.9 59.7 57.4 55.7 53.3 51.3 47.6 44 44.7 43.6 43.2 41.4 39.8 39 36.9 35.2 33.4 32.2 30.8
130.8 118.3 106.7 96.6 91 86.4 82 81.1 80.3 78.2 74 74.1 74.3 74.2 74.3 75.1 75.5 76.5 77.2 78.2 80.2 82 86.8 94.2 101.7 106.7 110.2 111 111.2 111.3 111.2 110.2 109.6 107.4 103.9 102.3 101.8 102 103.4 105.8 103.4 100 97.9 95.7 95.1 92.7 90.5 87.4 84.5 82.4 81.8 80.6 80.6 79.7 78.3 76.5 74.2 71.7 71.4 71.4 70.6 70.5 67.2 64.7 64.2 65.3 65.1 63 61.4 59.5 57.6 55 50.7 48.7 47.8 47.8 45.5 44.3 42.5 40.9 40.2 38.3 36.1 34.5 32.9 31.5
141.3 121.2 111.1 102.7 93.3 87.8 83.6 82.3 81.3 79.9 76.4 74.5 73.9 79.9 80.9 76.4 75.3 76.8 76.2 77.8 79.5 82.9 91.2 97.3 103.9 109.1 112.4 113 113.3 112.8 113.2 112.7 112.1 111 107.9 105.8 104.6 101.3 99.3 102.2 101.6 98.9 96.8 96.4 95.9 93.5 90.4 88.9 85.6 84.8 84.3 82.6 81.2 81 80.3 77.8 74.4 74.7 74.3 73 71.6 70.3 68.2 67.3 67.2 67 65.4 64.5 63 61.1 59.2 56.6 49.7 50.3 51.4 49.6 47.4 45.6 43.9 42.1 40.7 39.5 37.8 36.2 34.6 32.9
152.6 135.4 117.1 106.9 95.9 89.9 85.4 83.3 81.9 80.5 77.4 74 73.8 79.7 80.7 81.2 80.3 78.4 77.7 77.8 79.8 83.9 93.4 100.4 107 112.1 115 116 117.2 118.5 118.1 116.9 114.4 112.8 110.7 108.6 106.2 101.3 99.1 99 98.7 96.9 95.8 96 96.1 94.3 90.3 89.9 87.4 86.8 85.1 84.3 82.7 80.3 79.6 77 74.5 77.1 75.9 74.5 73 70.6 69.2 71 70 68.2 66.6 65.5 64.6 62.7 60.8 55.8 49.4 55.9 54.3 51.6 49.3 47.9 44.8 43.3 41.2 39.7 39.7 37.7 35.9 34.1
162.5 148 128.6 110.8 98.8 91.1 86.9 84.2 82.4 81.4 80.2 75.5 73.3 75.1 80.4 81.9 80.8 79 77.4 78.1 80.8 86.4 96.4 103.4 110.1 115.3 117.4 119.7 123.5 131 127.3 124.5 121.8 116.3 112.8 110.1 107.2 103.5 98.9 97.5 95.4 95.2 95.8 95.7 95.8 95.3 89.6 89.9 90.2 89.1 87 85.4 83.8 81.2 79.5 78.1 78.4 79.3 77.9 76.6 74.6 69.5 71.1 70.3 69 69 68.1 67.2 65.9 64.3 60.7 53.9 55.5 59.4 56.5 53.6 50.8 49.7 46.3 44.5 43 41.3 39.6 38.5 36.6 34.6
168.7 157.6 137.9 120 102.2 93.2 88.6 86 83.7 83.7 82.7 81.5 74.1 73.2 74.2 77.6 80.7 79.2 77.1 77.3 82.5 89 99 107.1 112.7 118.4 124.6 130.8 135.3 138.9 139.1 135.1 128.1 123.4 115 111.6 109.1 103.1 99.6 97.5 96.5 94.8 94.2 95.2 93.4 90.6 89 89 90.8 91.1 88.1 85.8 84.7 83.1 80.3 78.7 80.9 80.4 79.6 77.2 74 73.7 73.8 72.3 71.1 69.7 69.3 68.7 67 64.6 59.5 53.4 61.1 61.3 58.5 55.6 53.1 50.2 48.4 45.8 44.2 42.4 40.7 39.2 37.2 35.2
181.2 163.1 144.9 126.4 107 96.1 90.5 88.5 85.9 86 86 86 79.4 73.7 74.3 74.6 73.9 73.9 73.9 74.4 90.6 96.6 102 110.6 121.1 129.8 136.8 143.5 144.2 144.6 141.1 139.9 131 125.8 117.6 113.3 111 103.5 101 99.7 100.7 100.9 98.4 94.5 89.9 88.8 89 91.2 90.1 90.3 86.3 85.9 85.5 85.1 79.5 81 82.7 81.9 80.7 76.2 74.6 75.3 75.3 74.6 73.6 72.1 70.6 68.9 67.6 64.7 54.2 60.8 65.2 63.2 60.4 57.6 54.9 52.6 49.5 47.2 45.7 44.8 42.6 39.9 38.4 36.8
197.8 172.1 152.5 131 114.1 101.4 92.1 90.5 88.8 87.4 86.2 85 82.3 79.8 82.8 78.4 75 74.3 73.9 74 91.5 104 107.9 117.8 126.2 135.2 144.1 150.5 150.4 142.7 138.8 133.3 125 121.2 117.2 113.2 109.5 104.5 101.2 100.7 101.4 101.6 100.9 100.6 98 92.5 91.3 90.8 89 85.2 83.3 84.3 86 84.3 82.3 84.4 84.7 83.3 81 77.1 75.6 76.2 76.8 76.2 75.2 73.4 70.6 66.1 65.4 59 58.3 65 66 65.4 63.8 61 57.5 54.5 51.9 49.3 47.5 47.7 45.5 41.8 40.2 38.3
196 177.7 157.7 137 118.4 106.2 94.8 91.8 91.1 89.8 88.6 85.2 84.7 85.9 91.3 86.8 80.8 76.2 74.4 69.7 83 101.1 110.8 118.2 124.2 133 141.8 148.7 147.3 133.2 125.3 121.1 117.7 115.5 114 111.6 109.2 105.2 99.3 96.6 97.5 100.5 100.9 101.1 101.3 99.6 97.4 94.3 91 88 87.8 86.7 87.9 84.4 83.8 86 85.8 83.9 80.3 78.3 77.3 77.9 78.8 77.7 76.3 74.1 68.8 63.4 60.2 58.9 66.5 67.7 68.3 67.5 66 64 59.4 57 54.4 51.7 49.2 49.4 46.9 43.6 42 39.8
196.8 178.5 157.3 143.8 122.9 108.5 98.7 94.1 91.9 91.7 90.6 88.3 90.2 101.2 103.2 101.4 87.4 78.6 75.2 70 74.2 89.7 100.5 108.3 112.5 123.1 130.1 132.3 130.5 124.3 116 113.1 112.1 111.2 109.9 108.8 107 102.5 97 94.7 95.6 99.3 100.1 101.1 101.1 101.2 99.4 96.8 93.5 92.1 91 91 89.9 84.8 87 86.1 84.4 82.9 79.5 78.7 78.5 79.7 79.8 78.6 76.1 76 73.9 69.2 62.3 59.2 64.2 70.7 70.6 69.4 67.8 65.7 62.9 59.7 57 54.5 52.1 50.3 50.3 47.6 43.9 41.3
198.9 180.1 161.4 141.6 125.9 113.3 102.1 96.8 93.5 92 90.6 88.8 102.1 116.1 115.4 106.8 91.9 81.7 76.1 72 72.5 81.6 89 98.4 101.6 107.3 115.6 119.1 118.9 116 110.8 109.8 108.4 107.1 106.8 107.9 105 98.9 94.6 97.1 98.6 99.6 99.7 99.8 101 101.4 100.8 98.3 95.3 93.8 92.5 90.3 90 90.3 89.2 87.4 84.8 84.1 82 79.4 77.3 76.8 77.6 76.3 75 73.9 72.3 68 63.6 59.9 60.3 66.5 70.8 71 70 66.7 66 64 60.2 57.6 55.1 50.3 50.3 50.3 47.4 44.1
200.9 180.7 164.6 144.8 130.5 118.4 108 100.8 95.9 91.5 89.8 90.5 112.8 127.5 123.4 114.3 94.7 85.1 78.5 72.4 71.2 81 84.6 90.3 96.6 101.2 106 107.2 111.1 109.4 108 107.7 106.5 104 106.2 105.6 101.4 94.7 94.1 100.2 100.4 101.1 101.1 100.5 101 101.6 101.2 99.7 97.5 94.8 93.2 91.5 90.7 89.9 90.8 87.6 85.6 83.8 83.2 80.6 77.9 74.9 72.5 72 71.7 71.6 70.1 67.7 65 61.7 61.1 66.8 70.5 71 69.2 68.6 67.5 66 64.3 61.4 57.3 51.7 50.3 50.3 50 46.8
202.6 181.6 166 148.4 133.1 123.3 120.1 113.5 102.5 94.8 92.1 93.8 119.7 130.4 128.2 117.4 97.7 89.7 81.2 74 69.8 79.5 82.8 90 93.3 99.3 103 104.6 107.1 106.1 104.6 104.1 104.9 102.9 104.7 103.1 97.4 94.2 94.1 96.7 99.9 100.7 101.1 101 101.3 101.7 101.4 100.7 98.7 96.3 95.6 93.9 92.8 91.7 90.4 88.9 87 85.4 83.9 81.6 78.7 75.2 72.5 70.6 70 73.6 71.1 68.3 65.9 63.9 63.6 68.5 70.4 70.6 70.1 69.3 68.4 67.4 66.3 63 57.2 57.5 57.6 55.2 53.2 49.4
201.3 183.9 167.8 152.4 136.7 130.6 126.7 119.6 108.3 101.4 94.6 93.6 123.9 135.9 127.2 113.1 101.5 92.4 83.2 72.8 70.3 79.2 82.3 88.4 94.6 99.3 101.6 102.5 103 102.8 100.8 99.4 99.2 99 99.3 98.7 95.5 94 94 94 99.8 99.7 100.3 100.9 101.3 101.6 101.5 101.1 99.9 98.2 96.9 95.1 94 92.8 91.5 90.2 88.3 86.8 85.2 83 79.3 75.8 72.6 70.7 70.3 76 76 73.6 67.3 64 63.9 67.4 71.1 72.2 73.1 71.3 70.5 68.8 64.9 60.5 59.9 62.3 62 59.6 56.4 53.4
199.4 183.8 170.3 157.9 143.8 137.6 133 126.8 117 108 99.5 93 110.4 124.9 118.7 110.8 104.8 97.5 87.2 73.4 70.5 78.8 82.3 84.8 94 96.9 101 100.8 99.4 99.3 98.3 95.7 95.4 95.1 95.8 95 94.5 94 94 94 101.1 101.2 101.2 100.4 100.8 101 101.3 101 101.1 99.3 97.9 96.4 95.1 93.6 92.1 90.7 89.1 88.4 86.8 84.3 81.2 77.8 73.7 71.4 69.9 75.1 75.9 75.5 68.2 67.9 64.9 67 68.9 73.8 75.3 73.5 71 68.1 65 63.6 63.7 65.6 65.3 62.9 60.1 57.4
197.3 184.3 174.4 162.4 154.5 147.5 141.4 134.6 123.7 113.6 109.8 100.3 95.6 101.5 109.9 111.3 109.8 102.3 90.6 80.6 69.2 69.3 78.3 83.4 88.4 95.9 100.3 101.1 98.9 99.2 96.5 93.9 93.5 93.5 93.7 94 95.9 94 94 94.1 100.4 101.4 101.4 101.1 100.7 100.4 101.1 101.1 101.1 99.9 99.1 98 96.6 95.2 93.9 92.6 91.3 90.2 88.5 86.7 83.4 79.9 76.1 73.2 71.5 70.3 71.8 70.6 69.8 70.2 69.4 68.6 75.6 74.6 75.9 74.8 72 70.2 70.1 67.4 65.6 66.2 65.2 64.6 64.3 60.1
194.7 186 180 172.5 164.4 157.1 147.4 141.2 132.6 118.9 119 117.4 99.8 94.6 100.2 109.6 104.4 96.8 91.8 85.3 80.6 70.7 69.3 82.3 85.6 92.2 97.7 101.1 100.1 99 95.7 94 93.3 93.2 93.5 93.8 96 95.9 94.7 95.1 97.6 101.1 101.5 101.3 101 99 101.1 101.1 101.1 99.5 101.1 99.9 98.4 97.1 95.8 94.5 93.6 91.9 90.3 88.6 86 83.3 79.5 76.4 73.9 72.3 71.2 70.2 71.6 71.9 69.7 68.2 75.2 75.9 75.6 74.3 72.7 71.7 70.7 69.2 69.5 68.6 67.6 66.9 66.2 62.6
193.2 188.9 185.1 180.6 171.6 162.5 155.8 146.2 135.3 125.8 124.4 125.4 112.4 93.8 94.5 102.5 96.3 94.2 92.1 87.6 80.4 76.1 69.3 73.6 82.8 88 93.7 99.6 99.9 97.6 94.7 94.2 94.2 93.6 93.9 94.1 94 96.2 96.2 94.6 95.2 100.7 101.2 101.1 101.1 100.1 99 99 99.6 99.1 101.1 101.1 99.7 98.6 97.2 95.9 95.2 93.5 91.9 90.2 88.7 86.1 82.6 79.8 77.2 75.4 74.4 74.4 75.3 76.3 74.3 70.8 74 75.4 75.6 74.3 73.5 72.6 71.6 71.2 72.9 71.2 69.8 68.6 67.3 65.5
192.3 188.5 186.6 184.4 177.8 168.5 162 152.5 139 127.9 123.8 123.1 112.9 96 92.4 93.1 92.6 92.8 92.2 89.9 83.1 77.1 71.3 68.3 77.9 84.9 90.4 96.6 97.3 95.8 94.2 95 95.2 94.3 94.2 94.1 94 96.2 96 94.2 96.4 101 101.1 101.1 100.5 100.2 99 99.3 99.3 99.2 101.1 100 99.7 99.5 98.3 97.1 95.9 94.9 93.2 91.5 89.8 88.2 85.6 83.4 81.1 79.3 77.6 79 81 79.4 76.5 74.3 75 76 75.8 75.2 74.6 73.8 71.5 70.6 75.8 74.7 71.8 70.3 69.5 67.9
192.5 189.8 186.4 184.5 178.8 173.4 164.2 153.6 138.4 125 125.1 125.9 114.2 99.4 89.3 89.9 90.3 91.4 91.8 91.2 85.8 79 73.6 68.6 76 84.2 89.6 93.7 95.9 95.3 96 101.1 100.9 99.1 94.3 94.1 94 95.1 96 97.2 98.6 100.8 101 100.3 99.9 99.7 100.8 99.2 99.2 99.1 99.3 100.7 100.9 100.3 99.3 98.2 97 95.7 94.1 92.4 90.7 89.5 88.1 86 84.2 82.3 81 80.5 82 81.7 80.9 74.6 76.3 77.5 77.8 76.9 76 75.3 73.2 73.7 73.8 74 75 74.2 71.7 69.9
193.9 189.8 186.2 182.2 177.6 172.4 164.5 153.4 138.3 122.4 125.8 126.8 117 104.7 90.1 89.1 90.7 90.8 91.6 91.5 89.6 80.2 79.9 68.5 75.3 83.1 86.9 90.8 93.6 90.8 96.1 98.8 100.7 100.6 99 95.5 95 96.6 97.5 99 100.9 100.6 101.1 99.4 99.5 100.8 101.1 99.4 99.3 99.1 99.5 101.1 100.7 100.9 101.1 99.1 97.7 96.4 95 93 90.7 91.2 90.3 88.3 85.8 83.6 82.2 80.9 84.3 82.3 80.6 76.8 79.6 80 78.6 77.5 76.8 76 74.6 74.4 73.8 73.1 73 73.3 72.9 72.7
194.8 190 187.1 182.9 177.9 169.6 162.7 151.4 140.2 122.1 113.9 120.1 115.3 102.7 93.1 89.2 89.1 90.1 90.8 91.8 89.9 81.6 79.9 71.8 70.5 79.9 80.6 84.6 89.9 93.7 94.9 97.7 99.1 99.1 100.3 99.2 99.5 99.1 99.6 100.1 100.5 100.8 100.2 98.5 98.5 99.7 99.2 99.3 99.4 99.4 99.4 100.9 100.3 100.1 101 99.4 98.1 96.8 95.5 94.1 91.4 91 90.5 88.1 85.9 84.3 84.1 85.7 84.9 82.9 80.6 78.9 80 80.3 78.9 78.2 77.5 76.4 75.5 74.9 73.8 73.6 74 73.4 73.3 73.7
195 190.2 186.6 182 177 168.3 158.3 145.7 139.1 125.9 111.8 110.3 107.6 99.7 93.9 90.4 89 89 90.1 91.2 90.5 83.5 79.2 79.4 76.3 85.8 85.6 85.9 90.6 93.9 96.1 96.8 97.9 98.5 98.6 99.3 99.9 99.1 100.1 101.1 99.7 98.7 97.6 97.7 97.6 98.1 98.7 99.2 99.5 99.5 100.8 100.2 100 100.5 100.9 99.7 98.4 97.2 96 95.3 92.5 90.6 89.9 88.1 86.2 84.8 83.8 86 85.4 83.6 82 80.3 81 80.3 80 79 78.2 77.1 76.2 75.5 74.9 74.4 74.9 74.3 74.2 74.4
195.7 191.7 187.9 181.5 172.2 163.1 153.7 143.5 134.7 125.1 115.4 108 106.3 102.3 94.8 91.5 89 88.9 89 89.8 90.7 85.1 79 75.6 72.6 85.1 85.8 86.4 90.3 92.4 95.1 95.6 96.4 97.3 97.9 98.6 98.9 98.6 99 99.6 97.9 95.9 95.5 96.1 96.5 97 97.5 98 98.4 98.7 98.6 98.3 98.5 100.4 100.2 99.5 98.9 97.7 96.5 95 91.2 89.4 89.6 88.2 86.7 85.6 85.9 85 85.1 84.1 82.7 81.4 81.4 81 80.9 80 78.6 77.6 77.4 76.9 76 75.3 75.5 75.3 74 73.9
194.1 191.5 187.4 178.3 168.2 159.8 150.2 141.3 133.1 127.8 118.5 111 107.7 106.3 97.8 91.4 89.7 88.7 88.5 88.6 88.8 85.3 80 73 67.9 81.2 83.4 84 89.5 91.9 93.8 95.2 95.5 96 96.6 97.5 97.7 97.7 97 97.4 95.9 95.7 96.1 95.2 95.5 95.7 96.2 96.8 97.2 97.2 97 97.1 97.9 98.4 98.2 99.1 98.8 98.2 97 95.2 89 89.4 89.9 89.3 88.2 87.7 87.1 85.9 84.7 84.6 83.3 82.2 82.1 81.4 81 80 79.1 78.4 78.2 77.9 77 76 75.4 75.1 74.1 73.6
190.6 188.2 182 174.1 163.6 156.7 146.6 137.9 132.4 126.8 117.7 112.3 108.2 104.4 97.6 92.9 90.9 89.5 88.3 87.8 86.6 84.4 80.5 73.2 68.7 79.8 82.1 84.1 88.5 91.6 93.3 94.5 94.6 95.7 95.7 96.5 96.5 96.7 95.7 95.4 96.2 96.2 94.6 96.2 96.2 95.2 95 95.7 95.7 95.6 95.6 96.5 96.1 96.3 97.1 97.9 98.6 98 97.1 95.4 91.7 89 91 90.8 89.6 88.8 87.9 86.7 85.5 84.6 83.9 83.6 82.9 82.1 81.4 80.7 80 79.1 79.1 78.7 78.1 77 75.8 75.2 74 73.5
187 183.2 178.8 168.7 159 152.2 142.1 136.6 131.6 126.9 118.9 113.1 108.7 109 99 94.3 90.7 90.4 88.4 87.4 86.8 84.3 83 76.1 68.9 79.4 82.7 83.9 87.1 91 93 93.8 94.4 95.8 96.2 96 95.3 96.2 95.5 94 95.9 96 96.2 94 95.7 94.6 94.2 94 94 94.3 95.2 95.5 95.3 95.6 95.7 96.5 97.4 97 96.1 95.5 94 91.1 90.9 90.5 90.2 88.9 88.3 87.6 86.6 85.7 84.5 84.4 83.6 82.7 82.4 82.1 81.4 81.3 80.6 79.4 79 78 76.1 74.5 73.7 73.2
181.5 178.5 173 166.6 158.7 150.1 142.1 137.5 132.4 124.3 117.2 112.8 111.2 110.6 103 94.9 91 90.3 89 88.4 87.1 84.7 82.1 76.7 69.4 78.7 82.5 83.5 86 90.6 92.7 93.5 94.1 94.6 95.5 95 94.5 94.8 94.4 94.2 95 95.3 95.9 94.8 94.7 94 94 94 94.1 94.1 94 95.1 95 94.9 95.5 95.2 96 95.6 95 95.5 93.9 92.3 91.2 91.1 90.7 89.2 88.6 87.8 87.1 86.2 85.1 84.5 84.2 83.8 83.3 82.9 82.7 82.5 81.5 79.2 79.7 79.4 76.6 74.4 73.4 73.1
177.5 175.1 168.6 167 158.3 149.7 141.9 138 133.8 122.5 116.3 115.5 113.1 110.4 103.3 94.8 90.5 89.3 88.9 88.4 87.2 85.5 81 74.5 68.9 77.9 82.1 83.2 84.9 90.6 92.3 93.2 93.8 94.4 94.3 94.3 94.5 94.4 94.1 93.8 93.8 94.4 95 95.5 96.6 97.4 98 94 94.4 93.8 94.1 94 94 94.3 95.6 96.1 96.2 96.2 94.7 93.7 93.1 91.8 91.1 90.7 90.2 89.4 88.6 87.9 87.2 86.4 85.7 84.8 84.5 83.9 83.5 83.5 83.3 82.6 81.9 80.5 80 80 77.3 74.7 73.5 73.8
175.1 170.9 165.9 164.7 155.7 147.9 141 137.5 133.2 122.4 116.4 116.1 112.2 110.3 103.9 95.1 90.2 88.6 88.2 87.8 86.5 84 80.6 75 69.4 78 82.5 83.7 84.9 91.2 92.8 93.6 94.8 94.8 94.2 94.1 94.2 93.9 93.7 93.4 93.9 94.4 94.9 96.4 96.9 98.2 99.8 101.2 101.5 94.1 94.1 96.2 94 94 95.1 96.1 96.6 95.4 93.4 91.7 91.3 91 90.6 90.9 89.6 89.4 88.6 88.1 87.4 86.7 86 85.5 85.3 84.3 84.3 83.9 83.5 83 82.4 81.5 80.3 78.6 77.4 76.5 76.4 76.1
172.7 166.1 162.4 160.1 153 143.6 138.8 135.3 128.3 121.7 116.2 115.4 111.1 109.3 104.5 94.9 90.7 89.2 87.5 87.3 86.4 83.8 81.7 74.6 69.5 77.3 83.1 84.2 85.9 91.9 93.7 94.4 95.2 94.9 94 93.9 93.8 93.5 93.2 92.9 94.2 94.7 95 96.2 97.5 99 100.5 102 103.5 104.6 104 105.4 104.7 99.3 99.6 100.1 98.3 95.4 90.6 90.5 90.5 90.4 90.6 91.2 90.5 89.1 88.1 87.9 87.6 87 86.3 85.8 85.5 84.7 84.3 83.9 83.5 83.1 82.6 82.1 81.1 79.6 78 77.1 76.2 76.4
169.1 164.2 158.1 156 150.9 142.1 140 138.6 132.5 122.1 114.5 115.7 113.2 109.7 105.4 95.6 92 91 89.4 87.9 86.2 84.1 83.1 80.4 70.1 70.2 82.2 83.4 86.6 95.1 94.5 95.3 95.2 94.9 93.7 93.7 93.4 93.1 92.8 92.8 94.1 95 95.1 95.7 97.5 99.3 101.1 102.7 104.1 105.1 107.8 120 120.7 116.9 112 108.1 101 91.6 89 89.8 90.4 89.4 90.7 91.2 89.9 88.7 87.5 87.3 87.1 86.8 86.6 86 84.4 84.7 84.3 83.9 83.5 83.1 82.7 82.2 81.3 79.3 77.8 76.9 76 75.9
165.3 164.7 160.1 153.7 148.7 141.8 140.9 138.7 133.1 122.1 114.2 113.8 111.4 109.1 105.9 97 91.7 91.2 90.6 87.6 85.6 84.4 83.9 81.5 71 63.6 81.9 83.4 86.5 96.3 95.9 95.4 94.5 94.3 93 92.8 92.7 92.5 92.2 92.6 93.8 94.5 95 95.4 96.8 98.5 100 102.2 104.5 110.9 113.9 121.1 116.8 111.2 105.5 102.8 94.5 88.6 89.4 89 89 89 90.7 89.3 88.3 88.2 87 86.8 86.5 86.3 86.1 85.6 85.5 84.5 84.1 83.7 83.3 82.9 82.4 81.9 80.8 79.4 77.8 76.7 75.6 75.7
166.7 164.4 161.8 153.7 146.3 141.7 138.3 136.3 133.6 122 115.3 114.9 109.7 108 99.8 91.6 87.3 87.3 88.3 86 83.4 83.8 83.8 82.1 72.1 64.5 79.5 81.4 85.6 96.6 97.7 95.4 93.3 92.4 92.1 91.8 91.7 91.7 91.6 92.2 93.1 93.6 94 94.5 95.5 97.2 99 102.8 110.8 114.8 114.9 106.4 99.4 96.7 96.1 95.1 89 89 89.2 88.3 86.6 85.6 86.5 86.4 86 86.9 86.6 86.2 86.1 86 85.3 85.6 85.2 84.2 83.7 83.2 82.7 82.1 81.6 81.1 80.8 79.4 78.3 77 76.1 75.9
164.4 162.4 159.7 153.1 146.8 141.5 136.5 134.1 133.9 126.7 117.5 115.2 103.5 94.8 88.9 85.6 84.1 81.3 81.3 79 80.5 82.2 83.6 83.2 73 65.6 76.4 80 87 96.3 96.4 93.9 92 91.2 90.9 90.9 90.8 90.8 91 91.3 91.9 92.4 92.7 93.1 94 95.4 100 107 110.5 110.6 110.3 97.8 97.4 94.7 93.4 90.9 89.8 89.6 89.1 87.7 86.8 85.5 80.8 84.9 83.6 85.5 85.8 86 85.9 85.2 85 85.3 85.6 84.2 83.4 82.8 82.2 81.6 81 80.3 80.4 79.3 78.2 77.3 76.5 76.3
