data/SJ53.asc
ncols 200
nrows 200
xllcorner 350000
yllcorner 330000
cellsize 50
[rows 111 to 147 of 200, columns 0 to 84 of 200]
90.2 90.6 91.3 92 92.9 94 95.1 96.5 97.7 98.9 100.2 100.6 100.6 99.9 99.1 98.7 98.9 99.2 99.5 99.7 100.3 100.9 101.6 102.5 103.4 104 104.2 104.1 104.1 103.7 103.3 103.1 103 102.9 102.9 102.1 101.1 100.1 99.2 98.4 97.7 97.3 96.7 96.2 95.6 95.3 95.6 95.7 95.9 96.1 96.3 96.4 96.6 96.7 96.9 97 97 97.1 97.1 97.2 97 96.3 95.6 94.7 93.7 92.6 92.1 91.8 91.5 91.3 91 90.5 89.2 87.2 86 84.8 83.6 83.1 82.9 83.3 81.8 81.9 82.2 82.6 82.7
90.2 90.9 91.7 92.4 93.2 94.2 95.3 96.5 97.7 98.9 99.7 99.9 100.1 99.5 98.8 98.9 99.1 99.4 99.7 100.3 100.9 101.5 102.2 103.1 103.9 104.5 104.8 105 104.9 104.5 104.1 103.8 103.7 103.7 103.4 102.4 101.4 100.4 99.4 98.5 97.7 96.6 95.9 95.4 95.2 95.3 95.5 95.5 95.7 95.9 96.1 96.2 96.4 96.5 96.7 96.8 97.1 97.3 97.3 97.3 96.7 96 95.2 94.5 93.3 92.2 91.7 91.5 91.2 91 90.7 90 88.6 86.6 85 83.8 82.8 82.7 83 83.2 82 82 82.3 82.6 82.6
90.4 91.3 92.1 92.8 93.6 94.3 95.3 96.5 97.5 98.4 99.1 99.3 99.6 99.2 98.9 99.1 99.3 99.7 100.3 100.9 101.5 102.1 102.9 103.8 104.4 104.8 105.1 105.4 105.6 105.2 104.9 104.6 104.4 104.4 103.8 102.7 101.7 100.7 99.7 98.7 97.8 96.7 95.8 95.5 95.2 95.3 95.2 95 95.3 95.5 95.8 96 96.2 96.3 96.5 96.7 97.1 97.4 97.4 96.9 96.3 95.3 94.6 93.9 93.3 92.1 91.5 91.2 90.9 90.7 90.2 88.9 87.4 85.8 84 82.8 82.2 82.5 83 82.9 82.5 82 82.4 82.5 82.6
90.6 91.7 92.5 93.2 94 94.7 95.5 96.2 97 97.9 98.6 98.8 99 99 99.2 99.3 99.7 100.3 100.9 101.5 102.1 102.7 103.5 104.3 104.8 105.1 105.4 105.7 106 106 105.9 105.5 105.1 105.1 104.1 103.1 102.1 101 100 99 98 97.1 96.3 95.8 95.3 95 94.9 94.7 94.9 95.1 95.4 95.6 95.8 96.1 96.3 96.7 97.1 97.4 97 96.5 95.5 94.7 94 93.4 92.7 92.1 91.7 91.3 90.9 90.4 89.1 87.8 86.3 84.7 83.2 82.3 82 82.5 82.7 82.6 82.4 82.1 82.3 82.4 82.5
90.8 92 92.9 93.6 94.4 95.1 95.6 96 96.5 97.4 98.1 98.3 98.7 99.2 99.4 99.7 100.4 100.9 101.5 102.1 102.7 103.3 104.1 104.8 105.2 105.5 105.8 106.1 106.3 106.5 106.8 106.4 106 105.5 104.4 103.4 102.4 101.4 100.3 99.3 98.5 97.8 96.9 96.1 95.7 95.3 95.1 94.8 94.8 95 95.2 95.5 95.7 96.1 96.2 96.5 96.8 97.1 96.4 95.6 95 94.4 93.9 93.3 92.8 92.2 92.1 91.7 91.2 90.2 88.8 87.3 85.8 84 82.9 82.1 82 82.3 82.4 82.2 82.1 82 82.2 82.3 82.4
91.1 92.3 93.3 94 94.8 95.3 95.6 95.9 96.4 96.9 97.5 98.2 99.1 99.5 99.8 100.4 101.1 101.7 102.1 102.7 103.3 103.9 104.7 105.1 105.5 105.8 106.1 106.3 106.4 106.5 106.9 106.5 106.2 105.7 104.7 103.7 102.7 101.7 100.7 99.7 99.1 98.4 97.7 96.8 96 95.6 95.4 95 94.7 94.9 95.1 95.3 95.6 96.5 96.1 96.3 96.6 96.5 96 95.2 94.7 94.4 94 93.4 92.9 92.4 92.5 92.1 91.4 89.9 88.5 87 85.4 83.8 82.7 82 82.1 82.2 82.1 82 81.9 81.8 81.9 82.1 82.2
91.3 92.5 93.7 94.5 95.1 95.4 95.6 95.9 96.4 96.8 97.6 98.6 99.4 99.8 100.4 101.1 101.7 102.4 102.9 103.4 103.9 104.5 105.1 105.5 105.8 106.1 106.3 106.4 106.5 106.6 106.9 106.5 106 105.5 104.9 104 103 102 101 100.3 99.7 99.1 98.4 97.6 96.7 95.9 95.7 95.2 94.7 94.7 94.9 95.2 96 96.6 96.2 96.1 96.2 95.9 95.5 94.8 94.4 94.1 93.8 93.5 92.9 92.7 92.5 91.8 90.8 89.5 88.1 86.6 85.1 83.7 82.7 82.1 82.1 82 81.9 81.8 81.7 81.6 81.6 81.8 81.9
91.6 92.8 94 94.8 95.1 95.4 95.7 95.9 96.3 97 97.9 98.9 99.8 100.5 101.1 101.8 102.4 103.1 103.7 104.2 104.6 105.1 105.5 105.8 106.1 106.3 106.4 106.5 106.6 106.7 106.8 106.3 105.8 105.2 104.6 104 103.3 102.3 101.6 101 100.3 99.7 99.1 98.4 97.5 96.6 95.9 95.4 94.9 94.6 94.8 95.5 96.4 96.7 96.3 95.9 95.6 95.2 94.9 94.5 94.1 93.8 93.5 93.2 92.9 92.5 92 91.4 90.2 88.9 87.6 86.3 85.1 84 82.9 81.9 81.9 81.8 81.6 81.6 81.5 81.4 81.4 81.5 81.6
92.5 93.6 94.4 94.8 95.1 95.4 95.7 96 96.3 97.2 98.1 99.1 100.3 100.9 101.6 102.2 102.9 103.6 104.3 104.9 105.2 105.5 105.8 106.1 106.4 106.5 106.6 106.8 106.9 107.1 106.9 106.3 105.7 105.1 104.5 103.9 103.3 102.7 102 101.4 100.7 100 99.4 98.7 98 97 96.3 95.9 95.2 94.4 94.4 95.5 96.6 96.3 95.9 95.6 95.4 95.2 95 94.6 94.2 93.6 93.1 92.6 92.4 92.4 91.8 90.9 89.6 88.3 87 85.7 84.8 84.1 83.1 82 81.7 81.5 81.4 81.4 81.3 81.2 81.2 81.2 81.3
93.2 93.8 94.3 94.7 95.1 95.4 95.7 96 96.4 97.2 98.3 99.5 100.8 101.4 102 102.6 103.3 104 104.7 105.2 105.6 105.9 106.2 106.5 106.7 106.9 107.1 107.2 107.3 107.2 106.8 106.3 105.7 105.1 104.5 103.9 103.3 102.7 102.1 101.5 100.9 100.2 99.5 98.9 98.2 97.4 96.8 96.3 95.4 94.6 93.5 95.1 96.3 95.8 95.4 95.2 95 94.8 94.6 94.5 94.4 93.6 92.7 91.9 91.6 91.3 91 90.4 89.1 87.8 86.5 85.2 84.1 83.4 82.7 81.9 81.5 81.3 81.2 81.1 81.1 81 81 80.9 81
93.3 93.8 94.2 94.6 95 95.3 95.7 96.1 96.4 97.5 98.7 100 101.2 101.8 102.4 103 103.7 104.4 105.1 105.5 105.9 106.3 106.5 106.8 107.1 107.3 107.5 107.6 107.4 107.3 106.8 106.2 105.7 105.1 104.5 103.9 103.3 102.7 102.1 101.5 101 100.4 99.7 99.1 98.4 97.7 97.3 96.5 95.6 94.5 93.5 93.9 95.6 95.3 94.9 94.8 94.6 94.4 94.2 94.1 93.9 93 91.8 91 90.7 90.4 90.1 89.3 88.2 87 85.8 84.6 83.3 82.6 82 81.5 81.3 81.1 81 80.9 80.9 80.8 80.7 80.7 80.7
93.3 93.8 94.1 94.5 94.9 95.4 95.9 96.3 96.8 98 99.2 100.5 101.7 102.3 102.9 103.5 104.1 104.8 105.4 105.8 106.1 106.3 106.6 106.8 107.1 107.4 107.8 107.7 107.5 107.3 106.8 106.2 105.7 105.1 104.5 103.9 103.3 102.7 102.1 101.6 101 100.4 99.9 99.2 98.6 97.9 97.3 96.6 95.6 94.4 93.1 93.6 94.7 94.9 94.6 94.4 94.2 94.1 93.9 93.7 93.2 92 90.8 90.1 89.8 89.5 89.2 88.2 87.1 85.9 84.7 83.7 82.9 82.2 81.5 81.2 81.1 80.9 80.9 80.8 80.7 80.7 80.6 80.6 80.5
93.7 94 94.7 95.2 95.7 96.1 96.6 97 97.6 98.5 99.7 100.9 102.2 102.8 103.4 104 104.6 105.2 105.5 105.8 106.1 106.2 106.5 106.7 107 107.5 108 107.8 107.7 107.3 106.7 106.2 105.6 105.1 104.5 103.9 103.3 102.7 102.1 101.6 101.1 100.6 100.1 99.4 98.8 98.1 97.1 96.4 95.7 94.8 93.2 92 93.7 94.4 94.2 94.1 93.9 93.7 93.5 93.3 92.2 91.1 89.8 89.2 88.9 88.6 88.2 87.1 86 85.2 84.3 83.5 82.6 81.9 81.3 81.1 81 80.9 80.8 80.7 80.7 80.6 80.6 80.3 80.1
94.3 94.2 94.8 95.5 96.2 96.8 97.3 97.8 98.3 99.2 100.1 101.4 102.6 103.2 103.9 104.5 105 105.4 105.7 105.9 106.1 106.1 106.4 106.6 107.1 107.6 108.1 107.9 107.8 107.2 106.7 106.1 105.6 105.1 104.5 103.9 103.3 102.8 102.3 101.8 101.3 100.8 100.2 99.6 98.9 97.9 96.8 96.1 95.4 94.7 93.5 91.2 92.6 93.9 93.9 93.7 93.5 93.3 93.1 92.2 91.1 90 88.8 88.4 88 87.7 87.4 86.6 85.7 84.9 84 83.2 82.3 81.6 81.1 81 81 80.9 80.8 80.7 80.6 80.6 80.3 80 79.7
94.8 94.6 94.9 95.6 96.3 97 97.8 98.5 99.1 99.9 100.8 101.8 103.1 103.7 104.3 104.8 105.2 105.6 105.8 106 106 106 106.3 106.8 107.3 107.8 108.3 108.1 107.8 107.2 106.7 106.1 105.6 105 104.5 104 103.5 103 102.5 102 101.5 101 100.4 99.8 98.8 97.6 96.6 95.9 95.2 94.5 94 91.9 90.5 92.6 93.3 93.3 93.1 92.9 92.3 91.1 89.9 88.9 87.8 87.5 86.8 86.6 86.7 86.1 85.3 84.6 83.8 82.9 82 81.2 81.1 81 80.9 80.8 80.7 80.6 80.6 80.3 80 79.7 79.4
95.1 95.1 95 95.7 96.4 97.1 97.8 98.6 99.4 100.5 101.6 102.5 103.5 104.2 104.6 105 105.3 105.7 105.9 105.9 105.9 106 106.4 106.9 107.4 107.9 108.4 108.1 107.5 107.1 106.6 106 105.5 104.9 104.4 103.9 103.7 103.2 102.7 102.2 101.7 101.1 100.5 99.6 98.6 97.4 96.3 95.6 95 94.7 94.2 93.1 91.2 89.7 91.8 92.8 92.8 92.4 91.4 90 88.7 87.6 86.4 85.8 85.7 86 86.1 85.6 84.9 84.1 83.3 82.5 81.7 81.1 81 81 80.9 80.8 80.8 80.7 80.3 80 79.7 79.4 79.1
95.3 95.3 95.3 95.8 96.5 97.2 98.1 98.9 99.7 100.6 101.7 102.8 103.9 104.3 104.7 105 105.4 105.7 105.8 105.9 105.9 106 106.4 106.9 107.4 107.9 108.2 107.9 107.4 106.6 106.1 105.7 105.4 104.8 104.3 103.8 103.4 103.2 102.9 102.4 101.9 101.2 100.1 99.1 98.1 97.1 96.1 95.5 95.1 94.6 94.1 93.5 92.9 91.2 89.2 91.6 92.1 91.6 90 88.2 86.9 85.9 84.5 84.8 85.2 85.5 85.4 85 84.4 83.6 82.8 82 81.2 81.2 81.1 81.1 81 81 80.9 80.4 80 79.5 79.4 79.1 78.8
95.4 95.3 95.5 95.9 96.7 97.6 98.4 99.2 100 100.7 101.8 102.9 103.8 104.3 104.7 105.1 105.4 105.8 105.8 105.9 105.9 106 106.4 106.9 107.4 107.8 108 107.7 107.1 106.5 105.7 105.1 104.7 104.4 104 103.6 103.1 102.9 102.7 102.4 101.8 100.7 99.7 98.5 97.6 96.7 95.9 95.4 95 94.5 94 93.4 92.9 91.6 89.3 89.8 91.3 89.9 87.8 86 85 84.2 83.9 84.2 84.6 84.9 84.8 84.3 83.9 83 82 81.3 81.1 81.3 81.3 81.2 81.1 81.1 80.5 80 79.6 79.2 78.8 78.8 78.5
95.2 95.2 95.4 96.2 97 97.9 98.7 99.5 100.2 101 101.9 103 103.7 104.4 104.7 105.1 105.4 105.5 105.8 105.9 106 106 106.4 106.9 107.3 107.8 107.9 107.4 106.9 106.4 105.6 104.8 104.1 103.7 103.3 102.9 102.7 102.7 102.6 102.2 101.7 100.9 99.4 98 97.1 96.2 95.8 95.4 94.9 94.4 93.9 93.3 92.6 91.7 89.5 88 88.2 87.1 85.6 83.9 83.6 83.3 83.3 83.7 84 84.4 84.2 83.8 83.4 82.9 82.1 81.2 81.2 81.3 81.4 81.3 81.2 80.7 80.1 79.7 79.3 78.8 78.4 78.2 78.1
95.1 95 95.7 96.5 97.3 98.2 99 99.8 100.5 101.2 102 102.9 103.6 104.3 104.8 105 105.1 105.2 105.4 105.7 106 106.1 106.4 106.8 107.3 107.7 107.7 107.2 106.7 106.1 105.5 104.7 103.9 103.1 102.7 102.4 102.4 102.5 102.4 102 101.5 100.3 98.8 97.5 96.6 96 95.6 95.2 94.8 94.3 93.7 93 92.4 91.9 91.4 89 86.6 85.3 84.9 84.4 83.3 83.1 83.6 84 84.3 84.2 83.8 83.3 82.9 82.5 81.9 81.2 81.2 81.4 81.5 81.3 80.8 80.2 79.7 79.3 78.9 78.5 78.1 77.6 77.5
94.8 95 95.8 96.6 97.5 98.3 99.2 99.9 100.7 101.4 102.1 102.9 103.6 104.3 104.6 104.7 104.7 104.8 105.1 105.4 105.6 105.9 106.4 106.8 107.2 107.6 107.5 106.9 106.4 105.9 105.4 104.6 103.8 103 102.1 101.8 101.7 101.6 101.5 101.4 100.8 99.7 98.2 97 96.3 95.8 95.4 95 94.7 94.3 93.5 92.8 92.2 91.8 91.7 89.1 85.6 84.5 84 83.5 83.1 83.8 84.3 84.7 84.6 83.9 83.4 83 82.5 82 81.6 81.1 81 81.3 81.3 80.9 80.4 79.8 79.4 79 78.5 78.1 77.7 77.3 77.1
94.2 94.6 95.4 96.3 97.3 98.5 99 99.8 100.5 101.2 101.9 102.4 103.3 104.2 104.3 104.3 104.4 104.5 104.8 105.1 105.4 105.8 106.3 106.7 107.1 107.6 107.2 106.7 106.2 105.6 105.1 104.5 103.7 102.8 101.9 101.1 100.8 100.7 100.6 100.6 99.9 99.1 97.6 96.6 96 95.6 95.2 95.1 95.3 94.6 94 93.1 92.1 91.3 89.9 87.4 84.3 83.7 83.2 82.9 83.1 83.6 84.9 85 84.2 83.5 83.1 82.7 82.2 81.8 81.3 80.9 80.4 80.4 80.3 80.1 79.8 79.5 79 78.6 78.2 77.8 77.4 76.9 76.7
93.5 94.2 95.1 96.3 97.5 98.3 98.9 99.6 100.3 101 101.6 101.8 102.8 103.7 104 104 104.1 104.2 104.5 104.8 105.3 105.7 106.2 106.6 107.1 107.5 107 106.4 105.9 105.4 104.9 104.4 103.5 102.6 101.7 100.8 100 99.8 99.6 99.2 98.6 97.9 97 96.3 95.8 95.4 95.6 95.8 95.8 95 94.1 93.6 91.5 89.3 87.4 85.1 83.6 83 82.7 82.9 83.1 83.3 84.4 84.4 83.8 83.2 82.8 82.3 81.9 81.5 81.1 80.1 79.5 79.5 79.3 79.1 79 79.1 78.7 78.3 77.8 77.4 77 76.6 76.4
93.2 93.8 95.5 96.7 97.7 98.1 98.7 99.4 100.1 100.7 101.4 101.4 102.3 103.1 103.8 103.8 103.8 103.9 104.3 104.7 105.2 105.7 106.1 106.6 107 107.1 106.7 106.2 105.7 105.2 104.6 104.1 103.4 102.3 101.4 100.6 99.5 98.5 98.1 97.6 97.1 96.5 96 96 95.9 96.1 96.2 96.4 96.2 95.5 94.1 91.6 89.5 87.4 85.7 83.7 83 83.2 82.9 82.7 83.1 83.4 83.8 83.7 83.4 82.9 82.4 82 81.6 81.1 80.5 79.1 78.6 78.5 78.3 78.4 78.4 78.6 78.3 77.9 77.5 77.1 76.7 76.2 76
92.9 93.9 95.8 97.2 97.7 97.9 98.5 99.1 99.8 100.5 101.2 101.1 101.8 102.5 103.2 103.7 103.7 103.8 103.9 104.5 104.9 105.4 105.9 106.4 106.8 106.6 106.4 105.9 105.4 104.9 104.3 103.9 103.1 102 101.1 100.3 99.4 98.9 97.3 96.1 95.6 95 94.9 95.4 95.5 96.2 96.9 97.1 96.6 95.5 93 89 86 84.7 83.8 83.7 84 84.1 83.7 82.9 82.6 82.9 83.4 83.2 82.9 82.1 81.5 81 80.4 80.4 79.9 78.8 77.8 77.6 77.7 77.8 77.8 78.1 77.9 77.5 77.1 76.7 76.3 75.9 75.7
92.9 93.9 95.7 97.2 97.4 97.7 98.3 98.9 99.6 100.2 100.9 100.8 101.3 101.9 103.5 103.5 103.7 103.7 103.8 103.9 104.2 105 105.5 106.4 106.8 106.1 106 105.6 105.1 104.6 104.3 103.5 102.7 102.3 101.3 100.4 99.7 99.2 98.1 96.5 94.9 94.1 94.4 94.6 94.8 94.9 95.2 96.6 95.5 93.2 90.2 86.2 84.3 83.9 84.3 84.4 84.8 85 84.6 83.5 82.3 82 82.2 82.8 82.2 81.4 80.6 79.7 79.7 80.3 79.3 78.3 77.4 77 77.1 77.2 77.2 77.5 77.5 77.1 76.7 76.3 75.9 76 75.8
93 94 95.4 96.8 97 97.5 98.1 98.7 99.3 100 100.5 100.5 100.8 102.4 103.4 103.5 103.6 103.7 103.8 103.9 104 104.1 104.7 108.9 107.9 103.6 106.3 105.3 105 104.6 104.1 103.6 103.2 102.8 102.1 101 100.1 99.5 98.8 97.2 95.4 93.7 93.6 93.5 93.6 94.1 93.8 93.7 92.6 89.8 86.4 84.5 84.1 84.6 85.4 85.7 85.9 85.7 84.6 83 81.8 81.6 81.5 81.3 81.6 80.8 79.9 79.4 79.8 79.7 78.8 78 77.1 76.8 76.5 76.6 76.7 76.9 77.1 76.7 76.3 76 76.2 76.1 76
92.8 94 95.2 96.2 96.7 97.3 97.9 98.6 99.2 99.8 100.3 101 101.6 102.7 103.5 103.5 103.6 103.7 103.8 103.9 104 103.9 103.5 104.1 104.1 103.5 107.3 105.2 104.9 104.5 104 103.6 103.2 102.7 102.5 101.3 100.9 100.1 99.3 97.6 95.5 94 92.9 92.6 93.1 93.6 92.8 92.1 90.6 87.1 84.6 84.4 84.5 85.4 85.9 85.7 85.7 85.3 83.9 82.9 82.3 81.8 81.7 81 80.6 80 79.4 79.6 79.9 79.4 78.5 77.6 76.9 76.6 76.3 75.9 76.1 76.3 76.5 76.3 76.1 76.3 76.3 76.2 76.1
92.5 93.6 94.6 95.5 96.4 97.5 98.5 99.2 99.9 100.6 101.3 101.6 102.2 102.4 103.4 103.5 103.6 103.7 103.7 103.6 103.6 103.4 103.4 104.1 104.7 104 104.7 105 104.7 104.3 103.8 103.4 103 102.8 102.6 101.1 99.8 99.4 98.7 97.2 95.4 94.4 93.5 92.8 92.7 92.7 91.4 90.3 89 86.4 85.2 84.8 85.3 86.2 85.9 85.6 85.6 84.8 83.4 82.9 82.7 82 81.8 81.1 80.2 79.9 79.4 79.5 79.5 78.9 78.2 77.3 76.7 76.4 76.1 75.8 75.7 75.9 76.1 76.3 76.5 76.6 76.4 76.3 76.2
92.1 93.1 93.9 94.7 95.7 96.8 97.9 99 100 101.2 101.5 101.6 101.7 101.5 102.8 103 103.4 103.3 103.3 103.3 103.3 102.7 103.4 104.1 104.2 104.3 103.7 104.4 104.2 104.1 103.6 103.2 103 103 102.8 101.2 99.7 98.3 97.6 96.6 95 94.7 93.8 93 92.8 91.7 90.6 89.5 88.2 87 85.5 85.3 86.1 86.7 85.8 85.4 85.4 84.1 83.4 82.9 82.6 82.3 81.9 81 80.2 79.9 79.7 79.5 79.1 78.4 77.8 77 76.5 76.2 76 75.8 75.6 75.8 76 76.6 76.4 76.4 76.5 76.4 76.3
92.1 92.3 93.1 93.9 95 96.2 97.3 98.4 99.6 100.4 100.6 100.7 100.7 100.7 101.5 102.4 103.3 103.2 103 103 102.5 102.7 102.8 102.7 100.6 105.7 106.3 103.4 103.4 103.3 103.3 103.2 103.2 103.1 102.9 101.4 99.9 98.4 96.7 96 95.2 94.4 93.7 93 92.4 91.2 89.9 88.8 87.8 87 86.2 86.3 87 86.7 85.8 85.3 85 83.9 83.4 82.9 82.6 82.4 81.8 80.7 80.1 79.8 79.5 79.2 78.6 77.9 77.3 76.7 76.4 76.2 76 75.7 75.5 75.7 76.3 77.7 77.7 75.7 75.9 76.2 77.9
91.7 91.9 92.4 93.2 94.2 95.2 96.1 97.4 98.5 98.8 99.3 99.4 99.5 99.8 100.7 101.8 103 103.1 102.9 102.8 101 101.4 101.4 101.4 102.4 102.5 102.9 103.3 103.4 103.3 103.2 103.3 103.4 103.3 103.1 101.8 100.4 98.5 96.4 95.6 94.7 93.7 93 92.2 91 89.6 87.5 88 90.1 89.1 88.2 87.4 87.2 86.6 85.8 85.2 84.4 83.9 83.4 82.9 82.5 82.4 82.4 81.5 80.5 79.7 79.2 78.8 78.3 77.7 77.2 76.6 76.6 76.4 76.2 76 75.7 75.6 76 75.6 75.8 75.7 76 77.4 77.8
90.9 91.5 92.3 92.4 92.9 93.9 95 95.5 97.2 97.5 97.8 98.1 98.2 99 100.1 101.1 102.1 102.4 102.5 102.8 100.3 99.5 100.1 101.2 102.9 102.7 103 103.3 103.4 103.3 103.2 103.3 103.4 103.6 103.2 102.2 100.4 98.4 96.2 95.4 94.3 93.3 92.3 91.5 89.7 87.8 88 90.6 91.9 90.7 88.8 86.9 86.6 86.2 85.7 85 84.4 83.9 83.4 82.9 82.4 82.4 82.3 82.2 81.3 80.2 79.2 78.7 78.2 77.6 77.1 76.6 76.6 76.6 76.4 76.2 75.9 75.5 75.9 75.7 76 76.2 77 77.8 77.7
87.2 89.1 90.8 92 92.4 92.2 92.7 93.9 95.7 96.2 96.5 96.8 97.3 98.3 99.4 100.4 101.4 101.7 102.2 100.5 99.8 99.7 99.6 100.9 102.6 102.7 103 103.2 103.4 103.2 103.1 103.1 103.2 103.3 102.9 101.6 97.9 97.7 96 95 94 93 92 91 87.8 86.4 89.9 91.3 91.7 90.3 88 86.4 86.1 85.7 85.2 84.9 84.7 84.3 83.9 83.5 83.1 83 82.7 82 80.8 79.8 79.3 79 78.5 77.8 77.2 76.5 76.6 76.6 76.6 76.4 76 75.7 75.6 75.9 76.1 76.4 76.1 75.4 76.6
89.5 88.3 87.6 89.8 90.1 89.8 90.5 92.3 94.2 95 95.3 95.9 96.6 97.2 98.3 99.4 100.1 100.4 101.4 100.6 99.9 99.2 99.1 100.2 101.6 101.3 101.8 102.5 102.9 102.9 102.5 102.6 102.8 103 102.3 101.5 99.9 98 95.4 94.8 93.9 92.9 91.9 90.2 87.1 88.9 91 91.9 90.5 89.1 87.3 86.1 85.6 85.2 84.9 84.8 84.6 84.3 84.1 83.9 83.7 83.1 82.5 81.8 80.5 79.7 79.7 79.4 78.9 78.3 77.7 76.9 77.1 77.1 77 76.8 76.2 75.9 75.8 75.9 76.2 76.4 76.6 75.8 75.4
92.1 91.3 90.5 90.3 90.8 91.2 90.1 90.7 92.6 93.8 94.4 95.4 95.9 96.6 97.2 98.1 98.7 99.3 103.4 100.1 99.8 99.3 98.6 99.5 100.2 99.7 99.5 100.3 101.3 101.8 101.7 101.9 102.2 102.1 101.6 100.6 99.4 97.3 95.8 94.4 93.5 92.6 91.6 89.2 88.2 89.9 91 91.4 89.6 88 86.9 85.8 85.2 84.9 84.8 84.6 84.4 84 83.6 83.4 83.3 82.7 82.1 81.6 80.9 79.3 80.2 79.8 79.3 78.8 77.9 77.2 77.6 77.5 77.4 77.2 76.6 76.1 76 76.1 76.2 76.4 76.6 76.2 75.5
94.5 93.4 93 92.4 92.7 92.3 91.9 91.8 92.4 92.9 93.9 94.7 95.3 95.9 96.3 97.1 97.7 98.2 99.9 99.4 99.2 98.9 98.5 99.9 99.1 98.8 98 98.6 99.6 100.4 101 101.4 101.7 101.4 100.9 99.7 98.5 97.4 96.3 95.1 93.8 92.3 91.4 89.6 91.4 91.9 92.4 90.8 88.9 87.4 86.3 85.3 84.7 84.4 84.3 84 83.6 83.2 83.1 83.4 82.9 82.3 81.6 81.4 81.5 83.9 80.5 80.1 79.6 79.2 78.4 77.7 78 77.8 77.7 77.6 77.1 76.7 76.7 76.7 76.4 76.3 76.1 75.9 75.6
