data/SJ65.asc
ncols 200
nrows 200
xllcorner 360000
yllcorner 350000
cellsize 50
[rows 39 to 77 of 200, columns 87 to 173 of 200]
49.5 49.9 49.4 49.2 49 51 49 50 49.4 51 51 51 51 51 51 49.3 50.8 51 49.2 50.1 49.9 49.4 49 48.6 48.2 48 47.8 48.3 48.7 48.7 48.3 47.6 46.8 46.3 46.2 45.6 45 42.1 40.2 35.1 29.2 28.6 29.7 35.5 37.6 40.5 41.1 40.4 36.1 34 34 34.3 36.5 39 39.8 43.2 43 46.3 46.9 47 46.8 47 46.6 45.9 46.6 47.7 49.1 50.9 50.7 51 51.3 51.6 52.1 52.3 52.6 52.8 52.9 53.1 53.2 53.3 53.5 53.6 53.7 54 54.4 54.5 54.1
49.3 49.6 49.7 49.3 50.1 51 49.4 50.5 51 51 51 51 51 51 51 51 50.5 51 51 51 51 50.5 50 49.5 48.7 48.4 48.3 48.4 48.8 48.9 48.5 47.9 47.2 46.3 45.7 45.1 43.3 41.9 41 35.5 28.9 28.7 29.9 35.3 38.2 40.9 42.4 43.1 42.3 41.6 41.1 41.4 43.6 44.8 43.1 40.9 40.4 39.3 44.3 46.1 46.6 46.9 45.1 45.1 46 46.9 47.8 48.7 49.4 49.8 50.6 51.4 51.9 52.4 52.7 52.9 53.1 53.2 53.4 53.5 53.6 53.8 54 54 54.4 55.1 55.1
49.1 49.2 49.7 49.6 49.4 49.8 50 49.5 50 49.9 51 51 51 51 51 50.7 51 51 51 51 51 51 50.8 50.3 49.2 48.4 48.5 48.6 48.7 49 48.7 48.1 47.1 46.2 45.4 43.1 41.1 39 34.8 34.4 30.1 29 29 33.7 37.5 41.4 44.3 45.5 46 45.3 45.2 45.5 44.9 45.5 46.2 45.9 45.7 44.1 42.5 44.1 44.2 44.2 44.6 45.3 46 46.8 48 48.4 49.4 50.3 50.8 51.2 51.7 52.2 52.6 53 53.3 53.4 53.6 53.7 53.9 54.1 54.2 54.1 54.2 54.3 55.9
48.9 48.9 49.3 49.8 50.5 51 51 51 49 49 49 50.5 51 51 51 50.9 50.5 50.3 50.2 51 51 51 51 51 49.7 48.9 48.9 48.8 48.9 49 48.8 48 47.1 46.1 45.5 44.4 42.1 40.5 40 35.9 31.3 29 29.1 31.4 38.3 41.5 44.5 46 46 46 45.4 45.6 46.2 46.7 47.1 47.3 47.2 47 45.8 45.8 45.3 45.2 45.3 45.8 46.3 47.2 48 49 49.6 50.3 50.7 51.2 51.7 52.1 52.4 53 53.4 53.6 53.9 54.1 54.2 54.4 54.4 54.3 54.2 54.2 55.5
48.7 48.6 49 49.4 49.4 50.8 50.9 51 49 49 49 49.1 49.2 51 51 50.9 49.2 47.7 47.2 48.4 49.9 50.2 50.7 50.8 49.5 49 49 48.9 48.9 48.9 48.7 48 47.1 46.1 45.9 45.6 43.7 41.2 39.3 36.2 32 29.2 29 30.7 37 40 42.5 45.4 46.1 46.4 46.7 46.8 47.3 47.7 48.2 48.6 48.5 48.5 48.2 47.6 46.5 46.6 46.8 46.4 46.5 47.6 48.3 48.7 49.5 50.4 50.8 51.3 51.7 52 52.3 53 53.6 54 53.9 54.4 54.6 54.7 54.6 54.5 54.3 56.1 55.7
48.6 48.4 48.8 49.3 49.7 49.5 49.3 49.3 49 49.1 49.2 49.4 49.6 51 50.7 50.4 50.1 47.4 47.3 47.2 47.9 48.7 49.4 50.2 49.3 48.9 48.5 48.6 48.5 48.5 48.4 48 47 46.5 46.2 45.8 44.2 41.8 40.3 36.5 32.5 29.4 29.5 29 35 39.2 42.2 44.8 45.9 46.2 46.6 47.5 48.2 48.8 49.2 49.7 49.7 50 50.5 49.8 47.7 48.2 48.8 47.8 47.2 47.9 47.9 48.5 49.4 50.3 50.9 51.3 51.6 51.7 52.3 53 53.6 54.1 54.2 54.2 54.7 54.9 54.5 54.2 54.1 56 56.2
47.6 47.9 48.7 49.2 49.8 50.4 49.6 49.2 49.1 49.2 49.4 49.5 49.7 49.8 51 49.1 49.3 47.6 47.4 47.3 47.4 47.9 48.6 48.9 48.6 48.3 48.3 48 48.2 48.1 48 47.8 47.2 46.8 46.4 46 44.6 42.4 40.9 38.9 34.2 30.6 29.5 28.9 32.6 38.1 41.2 42.5 45.7 45.8 46.8 47.6 48.4 49.1 49.8 50.6 50.9 50.7 50.9 50.8 49.6 49 49.5 48.9 47.9 47.9 48 48.3 49.3 50.2 50.9 51.3 51.1 51.6 52.2 52.9 53.6 54.2 55.1 53.9 54.6 54.5 54.2 54.6 54.5 55.1 55.4
47.2 48 48.8 49.2 49.5 49.7 49.8 49.6 49 49.1 49.3 49.4 49.5 49.6 50.9 51 51 49.7 48 47.5 48.5 48.9 49 49.2 48.8 48.4 48 47.6 47.5 47.6 47.5 47.3 46.9 46.4 45.8 45.3 44.7 41.7 40.6 39.2 35.9 33 29 28.6 29.7 34.8 36.9 41.4 44.8 46 47.1 47.7 48.3 49 49.8 50.5 50.6 50.7 51 50.9 50.7 51 50.7 50.4 49.1 48.2 48.1 48.4 49 49.6 51 50.5 51 51.5 52.2 52.8 53.5 54.2 54.9 56 54.4 54.1 55.6 55.3 55.1 55.2 55.6
47.5 48.3 48.9 49.3 49.4 49.5 49.6 49.7 49.6 49 49.2 49.2 49.1 49.3 50.1 51 51 50.8 50.9 49.8 49.9 50.2 49.8 49.4 49 48.6 48.1 47.6 47 46.9 46.8 46.7 46.2 45.6 44.9 44.8 42.8 40.1 39 38.3 35.5 33.2 29.2 29.1 29 31.7 38.6 42.4 45.4 46.6 47.3 47.9 48.5 49 49.7 50.1 50.4 50.8 51 51 50.8 51 49.9 51 48.6 48.3 48.2 48.5 49.1 49.6 49.6 49.9 50.9 51.4 52.1 52.8 53.6 54.4 54.2 56 56 55.7 54.7 55.2 55.5 55.3 55.7
47.8 48.7 49 49.2 49.3 49.4 49.4 49.5 49.6 49.5 49 48.9 48.9 48.9 49.5 51 50.9 51 51 50.9 50.9 50.7 50 49.5 49.1 48.6 48.1 47.6 47 46.4 46.3 46.2 45 44 44.1 44.4 42.5 40.2 39.3 38.6 36.4 35.1 31.6 29 29.2 29 35.9 40.7 44 46 47.8 48.1 48.7 49.2 49.9 50.2 50.6 51 51 51 50.9 51 50.8 49.3 47.9 48.3 48.2 48.5 49.1 49.4 49.7 51 51 51.8 52.6 53.4 54.2 55 54 56 56 56 56 56 55.5 55.5 55.9
48.1 48.8 48.9 49 49.1 49.2 49.2 49.3 49.4 49.6 49.7 49 48.7 48.4 48.9 50.9 50.9 50.9 50.8 50.8 50.8 50.9 50.1 49.6 49.1 48.6 48 47.5 46.9 46.4 45.9 44.6 44.7 44.7 45.2 45.1 44 41.8 40.5 40.5 37.4 35.9 32.3 29 29 29 31.3 37.6 40.6 45.5 47.7 48.8 48.9 49.5 50.4 50.8 50.8 51 51 51 51 51 51 48 47.3 47.8 48.3 48.6 48.8 48.9 49.5 50.8 51 51.8 53.1 53.9 54.4 54.9 54.4 54.3 56 56 56 55.9 55.5 55.6 55.9
48.3 48.6 48.7 48.7 48.8 48.9 49 49.1 49.2 49.4 49.6 49.6 49.4 48.2 49.3 50.7 50.7 50.7 50.7 50.7 50.6 50.8 49 49.7 49.1 48.6 48 47.5 46.9 46.5 46 46 46.2 46.2 46.2 45.9 44.8 43.5 42 40.4 38.3 36.7 34.6 31.7 30 29 29 34.2 40 44.7 47.6 49.1 49.4 49.6 50.5 50.9 50.9 51 51 51 51 51 50.6 48.3 47.4 47.3 47.8 47.8 47.9 48 49.1 50.3 50.9 51.4 52.7 53.5 54.1 54.6 54.9 54.3 56 56 56 55.9 55.5 55.6 55.7
48.3 48.4 48.4 48.5 48.6 48.7 48.8 48.9 49 49.2 49.4 49.4 49.3 48.4 49.2 50.7 50.6 50.7 50.8 50.9 50.4 49.9 50.4 50 49.5 48.8 48.1 47.6 47.3 46.9 46.4 46.4 46.3 46.3 46.2 46 45.5 44.1 41.5 40.8 37.1 35.5 35.4 33.4 30.4 29.1 28.4 31.2 38.1 43.2 46.7 48.8 49.4 49.8 50.4 50.7 50.7 50.8 51 51 51 51 50.4 48.5 47 46.8 47.2 47.1 46.9 47.6 48.8 49.5 50.7 50.7 52 52.9 53.4 54.3 54.7 54.9 55.4 55.8 56 55.9 55.5 55.7 55.6
48.1 48.3 48.3 48.3 48.4 48.5 48.6 48.7 48.8 49 49.1 49.1 49.1 49.4 50.6 50.2 50.8 51.4 51.6 51.8 51.5 51.1 50.3 50 49.3 48.7 48.1 47.9 47.6 47.2 46.8 46.2 46.2 46.1 46.1 45.1 44.7 43 40.8 38.7 35.8 34.1 34.7 32.6 30.2 29.4 29.1 29 36.5 42.2 45.7 48.3 48.9 50 50.6 50.6 50.6 50.7 50.8 51 51 49.4 49.6 49 47 44.8 46.3 45.3 46.4 47.2 48 48.6 49.3 50 51.3 52.2 52.8 53.9 54.5 54.7 54.9 55.9 56 55.7 55.1 54.7 53.9
48 48.2 48.2 48.2 48.2 48.2 48.3 48.4 48.6 48.8 48.9 48.9 49.2 49.5 49.8 50.3 50.9 51.6 51.8 52 51.9 50.9 50.3 49.7 49.2 48.6 48.4 48.1 47.9 47.5 47 46.5 45.9 45.8 45.8 44.6 44.4 42.9 40.7 38.9 36.4 34.1 33.9 31.8 30.8 30 29.9 30.3 35 41.3 44.7 47.6 48.8 50.2 50.7 50.6 50.4 50.5 50.5 50.3 49.4 48.4 48.4 47.7 45.8 44 45.8 44 46.6 46.6 46.2 46 46.4 49.2 50.6 51.6 52.4 53.6 54.3 54.6 54.6 54.9 55.1 54 53.4 53.6 53.2
48 48.1 48 48 48 48 48.1 48.2 48.4 48.6 48.6 48.9 49.2 49.5 49.6 50 50.8 51.7 52 52.1 51.5 50.7 50.4 49.8 49 48.6 48.7 48.4 48.2 47.8 47.3 46.7 46.2 45.6 45.4 45.8 44.8 42.9 41.1 39.6 37.2 34.8 33.3 32.9 32 30.5 30 30.8 34 39.5 43.8 47.2 48.7 49.6 50.8 50.7 50.3 49.7 49.3 49.1 48.6 47.9 47.6 46.5 44.5 42.9 46.7 44.5 46 45.4 44.9 45.8 45.3 47.9 50.5 50.9 52 53.2 54.1 54 53.7 53.3 52.4 52.3 52.1 52.2 52.3
47.6 48 48 47.9 47.9 47.9 47.9 48 48.2 48.4 48.6 48.8 48.9 49.1 49.2 49.6 50.2 50.9 51.4 51.4 50.6 50.2 50.4 49.5 48.8 48.1 48.2 48.4 48.5 48.1 47.5 47 46.4 45.9 44.8 44.5 43.5 42.1 40.5 40.5 37.9 35.3 34.2 34.3 33.1 31.2 30 29.2 31.7 36.8 42.6 46.9 48.4 49.2 49.8 50.5 49.5 48.8 47.9 47.9 47.7 47.1 46 46 41.4 40.4 45.9 43.2 44.2 44.8 45.1 45.1 44.4 46.9 49.3 51 51.6 52.7 53 52.7 52.3 51.7 50.3 49.8 50.9 50.7 51.2
47.2 47.3 47.3 47.3 47.3 47.6 47.7 47.8 48 48.1 48.2 48.4 48.5 48.7 48.9 49.3 49.8 50.4 49.4 49.5 49.3 49.4 49.2 48.8 48.2 47.6 47.8 48.1 48.3 48.3 47.7 47.2 46.3 45.2 44.5 44.4 43.1 41.7 40 39 38.1 35.9 34.1 35.1 33.5 30.9 29.5 29 33 37 42.1 46.6 47.8 48 48.6 50.2 49.1 47.6 46.5 46.7 46.4 45.2 45.2 43.5 40.1 39.4 41.6 40.2 41.8 42.7 42.4 41.2 42.5 46 47.7 48.8 50.9 51.2 51.3 51.2 50.9 50.4 48.7 48.5 50 49.9 50.2
46.3 46.7 47.2 47.3 47.4 47.6 47.7 47.8 47.4 47.6 47.8 48 48.2 48.4 48.8 49.4 49.7 51 49.1 48.9 49 48.7 48.3 48 47.5 47.4 47.7 48 48.2 48.2 47.7 46.6 45.4 45.2 45.8 44.4 42.5 41.3 40.9 40.3 36.8 36.5 35.5 35.3 33.7 30.4 29 29 34 37.3 42 46.1 46.3 46.6 47.4 48 48 46.6 45.3 45.2 43.8 41.9 41.1 40.6 36.5 38.5 41.2 38.6 40.9 39.2 40.6 39.1 41.5 44 45.6 46.7 48.7 50.7 50.9 50.1 48.8 48.4 46.5 45 47.5 47.8 46.9
47.7 47.6 47.6 47.5 47.5 47.5 47.6 47.7 45.6 45.1 47.5 47.8 48 48.2 48.8 49.4 49.5 50.6 49.7 48.7 48.3 47.9 47.6 47.3 47.2 47.3 47.6 47.9 48.1 48.1 47 45.7 45.1 44.6 44.5 42 40.4 40.8 38.3 34.4 34.7 34.8 34 35.5 35.2 30.7 29 29 34.9 38.3 41.6 45.1 46 45.1 46.1 46 45.9 45.1 42.8 40.8 38.7 41 37.9 37 34.3 38.5 38.6 34.4 35.1 36.4 40.7 38.3 38.7 40.4 41.1 40.2 46.4 47.9 47.3 46 45.8 45.6 43.7 39.6 43.5 43.9 43.2
47.8 47.6 47.6 47.6 47.6 47.6 47.6 47.9 45.1 45.1 47.2 47.5 47.7 48.1 48.7 49.1 50.4 51 50.3 48.5 48.2 48 47.8 47.5 47.2 47.3 47.5 47.7 48 47.6 46.4 45.5 44.9 44.5 44.1 41.3 40.6 40.8 40.6 39.2 36.9 35.4 32.9 33.1 31.2 29.2 29.1 29 35.6 38.9 40.9 42.6 43.9 44.4 45.7 44.1 42.7 42.4 40.5 39.4 34.6 35.7 34.6 34.4 34 34.2 34.5 34 34.4 34.4 35.8 34.8 35.6 38.5 39.6 38.8 42.9 43.2 44 45.8 46.8 45.6 43 39.5 39.5 39.4 39.8
47.9 47.8 47.6 47.6 47.6 47.6 47.8 48.2 46 44.9 47.5 46.5 46.8 47.3 47.7 48.2 48.8 50.5 51 48.8 48.5 48.4 48.2 47.9 47.9 47.9 48 48.2 48.2 47.7 47 46.1 45.3 44.8 44.4 43.9 42.9 41.2 40.5 39.2 38 36.6 37.3 36.3 35.1 29.7 29.2 29 35.5 38 37.7 39.8 39.8 42.2 43 42 39.8 39.9 36 35.1 34 34 34.1 35.4 35.5 34 34.5 36.8 34.8 34.7 34 34.7 34 34.1 34.1 34.6 34.9 37.4 48.3 51 50.7 49.6 39.1 39.6 39.3 39 39
47.8 47.7 47.7 47.5 47.5 47.5 48.3 48.5 46.4 45 46 45.6 46 46.4 47.1 47.8 48.5 50.4 50.1 49.7 49.1 48.7 48.5 48.5 48.5 48.5 48.5 48.5 48 47.4 47 46.6 45.7 45.2 44.8 45.6 43.6 42 40.4 39.4 39.1 38.1 38.1 36.9 35.4 30.4 29 29.1 29.2 30.9 32.2 36.3 35.6 39 40.5 40.8 37.8 32 33.8 34 34 35.3 36.1 37.6 38.9 38.4 39.2 38.9 38.5 39.6 40.2 37.4 39.2 37.1 38.7 37.1 37.5 39.4 51 51 51.1 52.3 46.6 43.4 42.8 42.3 41.7
47 47.7 47.6 47.5 47.4 47.9 48.3 48.4 47.3 44.5 45.4 46.4 47.1 46.9 47.5 48.5 49.2 51 50.4 48.9 48.9 48.8 48.8 48.8 48.7 48.7 48.7 48.3 47.7 47.2 46.6 46.4 46.3 45.5 45.8 46 43.8 41.8 40.3 39.3 38.8 38.2 37.7 36.7 34.9 30.3 29 30 30.4 29.5 28.5 28.8 29.7 33.1 34.4 31.4 29.4 32 35.2 35.6 35 35.9 38.8 40.6 41.1 41.3 41.9 41.3 40.8 41.9 42.1 40.1 40.5 40.7 41.7 41.5 41.7 43.5 50.9 50.4 51 51.2 51 46 46.1 46 45.2
45.7 46.7 47.6 47.5 47 46.9 48.3 48.2 46.4 44 47.3 48.1 48.7 47.1 47.9 48.8 49.8 50.9 50.3 48.9 48.7 48.6 48.1 48.6 48.6 48.6 48.4 47.9 47.4 46.9 46.3 45.8 45.7 45.8 45.9 45.1 43.1 41.7 40.5 39.2 38.3 37.5 36.9 36 35.7 30.4 29.3 29 35.7 36 35.6 33.1 31.2 31.8 30.8 31.6 34.8 34.8 37.4 39 39.7 39 40.5 41.8 42.6 43.1 44 43.7 43.1 43.8 44.8 44.4 44 44.6 45.1 45.1 45.2 46.3 48.9 49.6 50.1 50.2 50.4 48.7 48.1 48.1 46.4
44.9 46.3 47.4 46.7 46.1 45.5 47.9 47.2 44.3 44 47.8 47.4 47.1 47.1 47.9 48.5 49 49.8 50.2 48.6 48.4 48.3 47.8 48.4 48.5 48.4 48 47.5 47.1 46.5 46 45.5 45 44.7 44.3 43.7 42.6 41.1 39.5 39.4 38.6 37.7 36.8 35.6 34.2 31.4 29.4 29.1 34.4 37.7 38.5 36.4 35.9 35.9 35.6 35.2 37.8 38.4 39.6 41.3 42.2 42.6 40.9 42.2 43.5 44.5 46.1 46.3 45.3 45.6 46.5 46.6 46.3 46.4 46.8 47.3 50.1 49 49.9 50.7 51 50.9 50.9 50.2 50 49.6 47.8
44.5 47.8 47.7 46.7 45.4 44.3 44.2 44.9 44 44.2 46.6 47.6 47 46.6 47.4 48.1 48.7 49.4 49.7 48.4 48.2 48.1 47.5 47.4 48.3 48.1 47.6 47.2 46.7 46.2 45.7 45.2 44.5 43.5 42.4 41.9 41.7 40.4 40.2 39.4 38.6 37.7 36.8 35.6 34.5 32 29.4 29.1 29 39.7 41 39.2 39.3 37.1 37.7 39.3 39.7 40.8 41.8 43.6 43.5 44.9 45.3 44.3 44.7 45.7 46.7 47.2 47.5 47.4 47.9 48.2 47.9 47.5 47.9 47.6 49.5 50.2 51 51.7 51.9 52 51.6 51.1 50.5 49.7 48.9
44.9 46.6 47.2 45.6 44.8 44.3 42.9 43 43.3 44.3 46 46.7 47.1 46.5 46.2 47 47.8 48.7 49 48.8 47.7 47.8 47.2 46.4 46.8 47.7 47.3 46.8 46.3 45.9 45.3 44.7 43.8 43 42 40.6 39.9 39.2 37.9 38.7 38.6 37.8 36.8 35.7 34.6 32.5 29.4 29 28.9 36.4 40.6 40.9 40.5 40.1 40.4 41.7 42.4 43.2 44.1 45.5 45.6 45.7 45.8 46.2 45.9 46.8 47.4 48.1 48.6 49 49.4 49.7 49.1 48.9 49.1 49.8 49.4 50.6 51.7 52.3 52.5 52.6 52.3 51.7 51.1 50.2 50
44.6 45.4 45.4 45.5 43.9 43.6 42.1 41.6 41.1 42.8 45.2 45.6 46.3 46 46.1 45.8 46.6 47.3 48.5 48.1 47.1 47 46.2 46 45.7 47.1 46.9 46.4 45.9 45.5 45.6 44 43.2 42.3 41.4 39.9 38.1 36.8 36.3 37.5 37.6 37.7 36.9 36 34.7 32.6 30 29 29 37.8 41 42.5 42.4 41.9 42.4 43.8 44.8 45.6 45.7 45.6 45.7 45.8 46 46.7 47.6 48 48.5 49 49.4 50.3 51 51 50.2 50.1 50.6 50.3 50.6 51 52.1 52.7 52.7 52.8 52.5 52 51.7 51.1 51
44.3 44.4 44.6 44.5 43.6 43 42.4 40.2 40.6 42.4 44.6 44.9 45.2 45 44.6 44.8 45.7 46 47.1 47.7 46.7 46.1 46.6 47.2 45.7 45.4 46 46.1 45.7 44.8 45.1 43.8 42.3 41.1 40.7 39.3 37.6 34.6 34.2 34.6 35.2 36.6 37.6 35.9 33.4 30.9 29.1 29.2 30.9 38.5 41 44 44.1 43.8 44.1 46 46 46 45.8 45.7 45.8 45.9 46.1 47 48 48.7 49 49 49.5 50.9 51 50.8 50.9 50 50.5 50.5 50.5 51.3 52.4 52.8 52.9 52.9 52.4 52.5 52.2 52 51.9
43.8 43.9 43.8 43.1 43 42.2 41.7 40.6 40.1 42.4 44 44.4 44.9 44.3 44.1 44 45.7 45.5 46.1 47.4 46.5 45.6 45.5 46.5 46.4 44 45.6 45.8 45 45.5 44.9 43.6 42.1 40.7 39.6 39.7 39.3 36.3 36 35.3 35.2 33.9 34.5 34.8 31.3 29 29 29.5 35.1 38.5 42.6 45.3 45.4 45.9 46 46 46 46 45.9 45.8 45.9 46.1 46.5 47.4 48.4 48.9 48.7 48.5 49.9 50.7 51 50.6 50.7 51 50.9 50.8 50.7 51.2 52.5 52.7 52.9 52.9 51.8 52 52.4 52.4 52.3
43.3 43.4 43.1 41.4 42.5 40.8 39.7 40.2 41.1 42.4 43.6 44 44.4 44.5 44.1 44 45.3 44.3 45.3 46.7 46.3 45.4 44.5 46.2 45.8 44.5 44 44.4 44.1 44.8 44.6 43.6 42.1 40.7 40.2 40.2 40 39.9 38.7 38.1 37.8 36.8 30.5 29.6 29 29.1 29.2 33 36.4 39 43.4 46 45.9 45.8 46 46 46 46 45.7 45 45.1 45.2 46.7 47.7 48.6 48.7 48.5 48.3 49.3 50.7 50.9 50.5 50.6 50.9 50.9 50.8 50.7 50.8 52.4 52.6 52.9 52.3 51.8 52.9 53.1 52.9 52.8
42.8 42.7 42.3 40.3 40.3 40.6 39.1 39 41 41.2 42.8 43.6 43.9 44 43.9 45.8 44 44 44.2 46.2 45.3 44.1 44 44.8 44.3 45.7 44.6 44.7 44.7 44.7 44.8 43.8 42.3 40.8 40.6 40.6 40.3 40.7 40.6 39.1 37.2 35.2 29.3 29.5 29.1 29.1 29.6 35.3 38.2 40.1 43.2 45.6 45.6 45.7 45.9 46 46 45.1 44 44 44.3 44.9 46.6 47.8 48.7 48.8 48.4 48.3 49.2 51 50.9 50.8 50.7 51 50.9 50.8 50.7 50.6 52.5 52.8 52.8 52.4 51.8 53.5 53.5 53.4 53.3
42.2 42.6 42.3 39.6 41 40 39 39 39.4 41.9 42.6 43 43.3 43.5 44.8 45.2 44.6 44 44.9 46 46 45.5 44.3 44.4 44.6 44.7 44.5 44.7 44.7 44.6 44.6 44.5 43.1 41.7 41.3 41.4 40.5 40.6 40.8 39.6 37 29.6 29.1 29 29 29 32.9 36.5 39.1 41 41.4 42.1 42.4 42.2 42.9 43.8 43 40.7 45.5 45.6 45.3 46.1 47.4 48 48.8 48.8 48.5 48.4 48.8 50.6 50.7 51 50.7 51 50.9 50.8 50.7 50.6 52.2 52.4 52.3 52.3 52 53.5 53.6 53.6 53.5
41.6 42.9 39.3 39 39.3 39.4 39.2 39.1 39.1 41.1 41.8 42.4 42.8 43.4 43.8 44.2 44.6 44.6 45.1 46 46 46 45 44.8 44.4 43.8 43.9 44.2 44.3 44.2 44.2 44.3 43.9 42.5 42.2 41.7 40.6 40.8 40.9 40.8 36.8 29.4 28.8 28.9 29 30.4 33.8 34 35.3 36 35.8 35.7 38.8 39.9 39.1 39.5 39.4 42.7 45.4 46.4 46.3 47.4 48 48.5 49.1 49.1 48.5 48.5 48.6 50.3 50.6 50.9 50.8 51 50.9 50.8 50.7 50.7 51.6 51.6 51.6 51.5 51.7 52.9 53.5 53.6 53.6
41.2 39.2 39.4 39.6 39.5 39.2 39.2 39.6 39.4 39.9 40.7 41.3 42.5 42.5 42.9 43.3 43.7 44.1 44.9 46 44.4 44.6 44 43.8 43.4 43 43.3 43.6 43.8 43.8 43.9 43.9 44 43.3 43 41.9 40.8 40.8 40.9 40.5 32.4 28.8 28.4 28.9 31.5 34.6 36.7 36.9 36.4 37.3 38.5 40.9 41.2 41.7 41.4 44.5 46 44.7 45.4 46.6 47.4 48 48.5 49 49.4 49.6 49.3 49.3 50.1 50.5 50.6 50.8 50.9 51 50.9 50.8 50.8 50.7 50.9 51 51.2 51.4 51.6 52.7 53.5 53.6 53.6
40.9 39.2 39.6 39.3 39 38.4 38.4 38.8 39.4 39.5 40.3 41.7 43.1 41.7 42.2 42.6 43 43.4 44.6 45.9 45 44.1 43.5 42.9 42.4 42.3 42.6 43 43.3 43.4 43.5 43.6 43.7 43.7 43 41.9 41 41 41 38 28.8 28.2 28.7 30.2 33.7 37.1 40.1 40.6 40.3 41.7 42.2 44.2 43.6 46 44.8 44.9 45.2 45.6 45.4 46.7 47.3 47.9 48.5 49.1 49.6 49.8 49.6 49.6 49.8 50.3 50.6 50.8 50.9 51 50.9 50.8 50.7 50.6 50.8 51 51.2 51.4 51.6 52.4 53.2 53.4 53.6
39.8 39.8 39.2 38.9 38.4 37.9 37.5 37.9 38.5 38.9 39.8 41.1 42.3 40.9 41.4 41.8 42.2 43 43.9 44.9 44.5 42.7 42.1 41.6 41.1 41.5 41.9 42.2 42.8 43.3 43.4 43.5 43.6 43.7 43.1 41.6 40.8 41 40.9 35.4 28.5 28.5 28.9 32.8 35.4 37.8 40.6 41.1 41.8 43.2 45 46 44.8 45.7 46 45.1 45.5 45.8 46.2 46.6 46.9 47.5 48.2 48.8 49.4 49.6 49.3 49.1 50.5 50.5 50.7 50.9 50.8 50.8 50.7 50.6 50.5 50.4 50.6 50.9 51.2 51.5 51.7 52 53.2 53.4 53.6
39.2 39.5 38.8 38.4 37.8 37.3 36.8 37 37.5 37.9 38.6 40.3 40.8 40.6 40.5 41 41.5 42.1 43 43.5 43.2 42.1 40.6 40.2 39.8 40.7 41.3 41.9 42.4 43 43.4 43.5 43.6 43.7 43.2 41.8 40.5 39.5 35.5 29.9 28 28.5 30.2 34.8 37.8 40 40.9 42 43.1 44 46 46 45.6 45.6 45.9 45.5 45.7 46.1 46.7 47.2 47.3 48.1 47.8 48.5 48.8 49.3 49.3 50.2 51 50.8 51 50.4 50.5 50.6 50.5 50.3 50.2 50.2 50.4 50.8 51.1 51.4 51.7 52.1 53.3 53.5 53.4
