data/SJ66.asc
ncols 200
nrows 200
xllcorner 360000
yllcorner 360000
cellsize 50
[rows 78 to 116 of 200, columns 0 to 86 of 200]
69.4 69.6 69.7 70.3 69 68.2 67.2 66 66 64.8 62.7 59.6 54.8 55 55 52.6 50.5 51 49 49 49.2 48.3 45.9 44.9 44 45.5 46.2 45.9 45.5 45.6 45.5 45.1 45.3 45.9 47 47.9 48 48.1 48.7 49.5 49.4 49.9 50.3 51.2 51.8 51.8 51.1 50 49.2 49 49 49 49 49.5 50.8 50.9 51.7 52.2 52.6 53 53.3 53.8 54.4 54.3 55.2 54.3 54.6 56.2 57.8 59.6 60.7 62.9 64.9 60.8 60.9 61.3 61.2 60.7 60.2 60.4 61 60.3 57.9 55.5 53.7 53.3 50.2
69 69.9 69.1 68.7 66.6 64.9 65 65.1 65.1 63.8 62.1 59.9 56.7 54.7 52.6 50.7 49.7 50 49.8 49 49.3 49.7 47.8 46.6 45.8 44.5 44 45.4 45.6 46 44.3 44 44.9 46.1 46.9 47 47 47.1 47.6 48.5 49.5 49.7 50.9 50.7 51.3 51.7 51.3 50.3 49.2 49.7 49 49 49.7 50.1 50.8 50.4 51.1 51.6 52 52.4 52.6 53.2 53.8 54.4 54.5 54.2 54.1 55.3 56.8 58.7 60.6 60.6 59.9 59.5 60.4 61 60.7 60.3 59.5 59.1 60.1 60.6 60.4 54.7 55.8 55.7 53.6
69.2 67.9 67.7 67.1 65.3 65.2 63.6 63.6 63.8 63 61.3 59.4 56.7 54.5 53 49.8 50 50.1 49.4 49.1 51 50.5 49.6 48.1 46.6 45.1 45 45.3 44.7 44.1 44.1 44.1 44.4 45.7 46.4 46.1 45.8 45.8 46.5 47.7 49 49.7 49.8 50.2 50.3 50.8 51.3 50.2 50 51 51 51 50.7 50.5 50.4 50.3 50.6 50.9 51.3 51.7 52.1 52.7 53 52.3 52.7 52.9 53.7 54.4 55.7 57.9 59.8 60.4 59.1 59.2 59.4 60.6 60.7 60.8 59.5 59.9 60.3 58.8 57.6 55.9 55.9 56 55.2
63.7 66.1 66.7 66.2 64.5 64.1 63 62.1 62.2 62 60.8 59.5 57 54.6 54.2 51 50.7 50.1 49.7 50 50.9 51 50.1 48.8 47.4 46.3 45.9 45.7 45.7 44.9 44.9 44 44 45.5 45.8 45 44.7 45 46.1 47.4 48.6 49.9 50.3 51 49.3 50.4 50.7 51.1 50.7 50 51 51 50.8 50.2 50.1 50.1 50 50.4 50.7 51 51.5 51.5 51.1 51.1 51.2 52.1 53.3 54.4 56 56.1 57.1 58.8 58.5 59.3 59.2 60.9 61 59 59.6 59.8 59.8 59.4 56.2 54 55.8 55.1 53.2
60.2 62.6 63.6 63.7 63.4 62.5 62.3 61.5 60.9 60.8 59.9 58.5 57 55.8 53.9 51.3 50.7 49 49 51 51 50.8 49.8 48.8 48 46.9 46.4 46.3 46.2 45.4 44.3 44.3 44.3 45.3 44.4 45.8 45.6 45.6 46.9 48 48.9 49.8 50.2 49.6 50.1 51 50.1 51 51 49.6 51 51 50.6 50.2 50.4 50 49 50.6 50.9 50.8 50.5 50.2 50.3 50.3 50.4 51.9 53.4 54.8 56 56 54.9 56.6 58 59 59.4 60 59.8 60.3 59.4 59.7 60 60.4 60.3 58.1 55.1 54.4 51.9
61.2 60.1 59.6 59.4 60.7 60.9 61.3 59.7 59.7 58.6 56.6 56.6 55.5 52.9 51.7 50.6 51 49.6 49.9 50 51 50.5 49.7 48.8 48 47.1 46.6 46.3 45.9 45.5 44.9 45.1 44.9 44.8 44.3 45.9 45.2 46 47 48.1 48.9 49.4 49.8 49.8 49.3 49.1 50.5 50.7 50 49.5 50.3 49.4 50.8 50.9 51 51 50.9 51 49.7 50.2 50.1 50.5 50.6 50.5 50.6 51.5 52.3 53.5 54.1 54.1 54.6 56.1 57.2 58.9 59.8 59.6 60.1 60.7 59.7 59 60.6 63.9 62 58.9 56.9 54.1 53.7
60.8 60.2 56.8 58.6 60.5 59.7 61 61 57.8 57.6 54.3 54.9 53.3 49.9 49.3 49.3 49.5 49 50.7 50.2 50.7 50.1 49.2 48.4 47.6 46.7 46.4 46 45.5 45.1 44.7 44.7 44.6 44.4 44 45 45.2 46 47 48.2 49 49.5 49.4 49.5 49.6 49.7 50.7 50.5 50.6 49.7 49.1 49.6 50.9 50.9 51 51 50.4 50.2 49.2 49.2 50.4 50.1 49.5 50 50.8 51.4 51.9 52.6 53.5 54.3 54.1 55.2 56 59.2 60.5 61.2 63.6 63.4 61.6 60.4 59.9 61.5 62.5 60.8 59.3 57.6 56.1
57.9 55.2 54 54 55.6 58.7 59.3 57.7 55.7 55.7 53.6 50.5 49.4 49.5 50.1 50.5 49.9 50.9 51 50.7 50.1 49.5 48.6 47.7 46.9 46 46.3 45.8 45.3 44 44.1 44 44 44.1 44 44 45.2 46 47.1 48.3 49.1 49.7 49.2 49 49.2 49.8 50.9 50.5 50.6 50.8 49.8 49.3 49.5 51 50.7 49.6 49.5 49.9 49.7 49.6 49.5 49.5 49.5 49.8 49.8 50.7 50.4 51.7 52.7 53.5 54.4 54.8 56 59 62.3 64.9 66 65 63.3 62.1 61.6 61 61.3 61.4 60.7 60.1 58.5
54.2 53.9 53.6 53.9 54 54.2 54.5 54.7 54.7 53.2 50 49.6 50.2 50.9 50.2 50.6 50.8 50.5 50.8 49.9 49.6 48.9 47.9 47 46.2 45.2 45.8 45.6 44.9 44.3 44.3 44.3 44.2 44.3 44 45 45.4 46.1 47.3 48.4 49.2 49.8 49.3 48.6 48.8 49.3 49.3 50.6 50.1 50.8 50.7 49.7 49.1 49 49.6 49.6 49.7 49.4 49.5 49.6 49.6 49.5 49.5 49.6 49.5 49.2 49.8 50.8 51.8 52.7 53.5 55 55.4 57.4 60.2 64.4 66 65.2 64.4 63.3 62.8 62.4 61.9 61.7 61.5 61 60
54.7 54.1 53.7 53.8 54 54.1 55 54.7 54.5 53.4 50.9 50.5 51 51 50.9 51 50.7 50.3 50.6 50 49.1 48.3 47.4 46.4 45.5 44.7 45.3 45.7 44.5 43.9 43.8 44.1 44.4 44.6 44 46 46 46 47.3 48.6 49.5 49.9 49.4 48.4 48.4 48.5 49 49 49.6 50.4 50.3 50.3 49 49 49.5 49.7 49.3 48.9 49 49.1 49.2 49.3 49.4 49.5 49.5 49.9 49 49.9 50.8 51.8 52.9 54.2 54.1 56.5 58.6 61.8 65 65.7 65.1 64.5 64.2 64 63.5 63.1 62.7 61.8 60.7
58.5 55.1 54 54 53.9 54 56 56 56 55.3 52.2 50.8 51 51 50.9 50.5 50.8 50.3 50 49.4 48.6 47.8 47.1 46.1 45.1 44.6 45.7 45 43.8 43.2 42.8 43.1 43.2 43.6 44 45.7 46 45.5 46.9 48.2 49.5 50 49.7 48.6 48.1 48.6 49 50.4 51 50.6 50.4 50.1 49.9 49 49.1 49.5 48.9 48.4 48.5 48.6 48.7 48.7 48.9 49 49.1 49.4 49.7 49.2 50.1 51.6 52 53.1 54.2 55.5 57.9 59.5 62.9 65.5 65.9 65.9 65.7 65.5 64.7 64.2 63.8 62.6 61.8
60.4 59.6 54.4 54.1 54 54 54.6 54.4 55.4 53.9 51.9 51 50.5 50.9 51 50.2 49.6 49.6 49.3 48.8 47.9 47.1 46.3 45.5 45.9 45.3 45.3 44.5 43.7 42.6 41.8 41.9 42 42.4 43.5 45.2 45.9 44.9 46.2 47.5 49 49.9 50.1 49 48.7 48.4 49 49.6 49.4 50.2 49.1 49 50.5 49 48.9 49.2 48.6 48 48.1 48.2 48.2 48.2 48.5 48.6 48.7 49.2 49.8 49.3 51.1 51 51.1 52.3 53.3 54.1 56.1 59.6 60.7 62.2 63.8 65.3 65.3 65.9 66 64.6 65.3 64.3 63.1
60.2 61 58.2 54.2 54 54 54.4 51.8 50 50.4 49 49.7 49.3 49 49.6 49.5 48.9 48.2 48.4 48 47.3 46.5 45.6 44.6 44.4 44 44.2 43.5 42.7 42 41.3 40.5 40.7 41.7 43.1 43.9 44.6 44 45.1 46.7 48.3 49.9 50 49.5 48.8 48.3 48.4 49 49.6 49.9 49.3 50.6 49.9 49.4 48.7 48.9 48.2 47.6 47.6 47.6 47.4 47.7 48 48.1 48.4 49 49.6 49.7 50.6 50.4 50.3 51.4 52.4 53.3 55.6 58.4 59.2 59.7 60.8 63.7 64.9 65.8 66 65.3 65.9 65.8 64.7
60.3 61 60.9 56.5 54.5 54 53.7 52 50.4 50.3 49 49.2 49.5 49 49.2 48.1 47.6 46.9 46.8 46.5 45.9 45.3 45.6 46 44.9 44.5 44 43.4 42.8 42.1 41.3 40.5 40 40 40.8 42.1 43.2 44 44.6 46 47.3 48.9 48.9 48.5 48.2 47.9 47.9 48.3 48.9 49.3 49.6 49.1 51 50.5 49.4 48.3 47.9 47.2 47 46.9 46.9 47.3 47.5 47.7 48.3 48.8 49.4 49.7 50.3 49.9 49.7 51.1 51.6 52.6 54.3 55.5 56.4 57.9 59.4 61.7 64.8 65.8 66 66.1 66 65.9 65.7
60.3 60.4 61 59.1 56 56 53.9 52.4 50.6 50 49.1 49.2 49.3 49.4 48.4 47.3 46.6 45.9 45.7 45.4 45.6 45.8 44.6 45.4 44.5 44.1 43.7 43.1 42.5 42 41.4 40.7 40.1 40.1 40 41.1 42.2 43.3 44.2 44.9 46.6 47.6 48.4 48.1 47.7 47.4 47.4 47.7 48.2 48.7 49.4 50.1 50.9 49.6 49.1 48.5 47.9 47.2 46.6 46.4 46.5 46.8 47.1 47.5 48.1 48.6 49.2 49.7 50 49.6 49.2 50.2 50.2 51.6 52.9 54.1 54.4 56.8 58.2 59.9 62.1 65.5 65.9 65.7 66.1 65.9 65.8
60.1 58.6 59.1 58 56.2 55.1 53.3 51.8 50.3 49.1 49.4 49.5 49.6 48.7 47.3 46.3 45 45 45.7 45.8 45.9 46 44.3 44.6 44.2 43.8 43.3 42.8 42.2 41.7 41.1 40.5 40.2 40.1 39.1 39.9 40.9 42.1 43 44.6 45.7 46.3 47 47.6 47.3 46.9 47 47.2 47.4 48.1 49.4 49.5 50.9 49.5 49.2 48.6 47.9 47.4 46.8 46.2 46.2 46.4 46.8 47.3 47.9 48.5 49 49.6 49.7 49.4 49.7 49 49.8 51 52.2 52.8 53.7 55.5 57.1 58.8 60.3 64 64.8 65.5 66 66 65.8
59.8 57.4 56.5 56.4 54.8 52.8 52.2 51.1 49.8 49.6 49.2 49.3 49.1 48.6 47.4 46.1 44.3 44 45.5 44.8 45.1 44.2 44.3 44.5 43.8 43.4 43 42.5 41.9 41.3 40.8 40.3 40.1 40.3 40.2 39 39.7 40.4 41.4 44 45.9 45.6 45.9 46.2 46.8 46.5 46.5 46.7 46.8 47.9 49.4 50.2 49.3 48.4 48.6 48.6 48 47.6 46.9 45.6 45.9 46.1 46.9 47.4 47.9 48.5 49 49.5 49.6 49.5 49.5 50.2 50.3 51 51.9 52.7 53.5 54.3 56 57.8 59.4 62.1 65.1 65.3 65.8 66 65.9
58.8 57.3 55.9 54.6 52.6 50.2 50.6 51 50.3 49.4 48.6 48.8 48.5 48.1 47.5 46.2 45.2 44.4 46 44 44.3 44.3 44.3 44.3 43.7 43.1 42.6 42.1 41.6 41 40.6 40.4 40.1 40.2 40.7 39 39 39 39.8 42.1 44.4 44.7 45.4 45.5 45.7 46 46 45.8 45.7 45.9 46.9 48.1 48.1 47.5 47.2 47.6 47.8 47.6 45.4 45.2 45.6 46.2 47 47.8 48.3 48.8 49.3 49.4 49 50.6 49.6 50.5 50.8 51.4 52.1 52.8 53.6 55.2 55.8 57.4 58.8 60.3 64.8 65.2 65.6 65.9 65.9
59 57.6 56.1 55.6 54.7 49.8 51 50.4 50 49.2 48.4 48.2 48 47.6 46.9 45.9 45.6 44.5 44 44 44.1 44.4 44.3 44.1 43.5 42.9 42.3 41.8 41.3 40.8 40.6 40.4 40.2 40.1 40.9 41 39 39.1 39 39.5 42 46 45.2 45.3 45.5 45.7 45.8 45.7 45.6 45 44.9 46.3 47 46.5 45.9 46.3 46.7 45.9 44 45.1 45.6 46.4 47.1 47.9 48.6 49.2 49.6 49.3 49.1 49 50.5 50.3 51 51.6 52.3 52.9 53.6 55 55.4 56.9 58.7 60 62.5 64.5 65.3 66 66
58.9 57 55.9 55.9 55.9 52.2 49.4 49.7 49.3 49 48.2 47.7 47.5 47 46.3 45.7 45.6 45.8 45.5 45 44.6 44.2 44.3 43.9 43.3 42.7 42.1 41.5 41 40.8 40.6 40.4 40.2 40.1 41 41 39.8 39.3 39 39.2 40.2 44.1 45.2 45.4 45.7 45.8 45.8 45.9 45.9 45 44.5 45.5 45.7 45.2 44.9 45 44.6 44.2 44.5 44.3 45.7 46.5 47.3 48 48.8 49.5 49.5 49.4 49.2 49.1 49 50.1 50.7 51.4 52.1 52.8 53.5 54.2 54.2 56 57.5 59.5 60.9 63.7 65.9 66 66
57.2 55.4 55.9 56 56 52.4 49.8 49.3 48.8 48.3 48 47.2 47 46.3 45.9 45.3 44.9 45.9 46 44.9 44.7 44.5 44.3 43.7 43.2 42.6 42 41.4 41 40.7 40.5 40.3 40.2 40.6 40.7 41 40.9 40.7 41 39.2 39.3 41.6 46 45.8 45.8 45.8 45.9 46 45.8 45.4 44.5 45.5 45.2 44.9 44.5 45.3 45.1 46 46.2 46.1 46 46.9 47.7 48.6 49.4 49.5 49.5 49.4 49.3 49.1 49 50.6 50.6 51.3 52 52.6 53.3 53.7 54.1 54.7 56.6 58.6 59.9 62.6 65.4 66 66
55.4 54.8 55.8 55.7 53.4 50.9 49.6 49.1 48.6 48.1 47.4 46.9 46.4 46 45.5 45.2 44.5 45.7 44.9 44.8 44.5 44.3 44 43.8 43.2 42.6 42.1 41.5 41 40.6 40.4 40.5 40.5 40.7 39.3 39.6 40.9 40.6 40.7 39.4 39.2 40.2 44.4 45.8 45.8 45.9 46 45.8 45.6 45.3 44.1 44 44 44.6 45 47.3 47.5 47.8 48.7 48.1 47.6 47.5 48.7 49.7 50.3 49.1 49.1 49.2 49.2 49.1 49.3 50.6 50.3 51 51.6 52.3 52.6 52.6 53.2 54 55.6 57.6 58.4 60.8 63.5 65.7 66
54.3 53.2 52.6 50.9 50.2 49.5 49.1 48.8 48.4 47.9 47.4 46.7 46 45.1 44.4 44 44 45.6 44.7 44.5 44.2 44 43.8 43.5 43.3 42.7 42.1 41.6 41.1 40.7 40.6 40.1 39.8 39.9 40.5 40 40.1 40.1 40.1 40.1 39.6 39.2 41.7 43 43.5 43.7 44.9 46 43.6 44 44 44 44.4 45.6 47.5 48.5 49.3 49.5 50.5 49.3 48.9 48.9 49 49 50.3 49 49 49 49 49 50 50.7 50.4 50.6 51.1 51.4 51.6 51.4 52.2 53.5 55.4 55.1 57.2 59.8 61.3 64.5 64.8
52.3 51.1 49.7 49.4 49.1 48.7 48.3 47.9 47.6 47.3 47.1 46.6 46 45.3 45.5 44.8 44.5 45.1 44.6 44.2 43.9 43.7 43.5 43.2 43 42.8 42.2 41.6 41.2 40.9 40.8 40.7 40.3 39 40.9 41 39.2 39.4 40.2 39.9 39.8 39.3 39.8 40.1 39.7 39.8 39.7 40.6 40.1 43.8 44 45.3 46.1 47 47.9 48.5 49 50.4 50.6 50.4 49.7 49.1 49.5 51 51 49.5 49 49 49.1 49.1 49 49.4 49.6 49.9 50.2 50.4 50.5 50.2 51.5 52.3 54 55.5 56.3 58 60.1 61.9 62.8
50.6 49.5 49.2 49.1 49 48.5 48 47.4 47.1 47 46.8 46.5 46 45.5 45.6 44.4 44.7 44.6 44.3 43.9 43.7 43.4 43.2 43 42.7 42.5 42.3 41.7 41.2 41.1 41 40.9 40.8 39.9 40.4 40.5 40.8 39.6 40 39.8 39.9 39.5 39.5 39.4 40.1 40.9 40.7 41.1 42.5 46 45.6 45.5 46.4 47.3 48 48.5 49 49.6 49.6 50.1 50.3 50.8 49.7 50.3 50.6 50.1 49.3 49.4 49.3 49.1 49.2 49 48.9 49.2 49.5 49.8 49.6 49 49.6 51.7 52.9 54.2 55.1 56.7 58.6 59.6 60.9
49.4 49.4 49.2 49.1 49 48.8 48 47.2 46.8 46.6 46.2 45.9 45.7 45.6 44.4 44.5 44.3 44.2 44 43.6 43.4 43.2 42.9 42.7 42.5 42.2 42 41.8 41.4 41.3 41.2 41 40.9 40.3 40.1 40.2 40 40.5 39.4 39.4 39.7 39.4 39.6 42.2 43.8 44.5 45.5 45.6 46 46 45.6 45.7 46.6 47.5 48 48.6 49.1 49.6 49.8 49 50.7 50.3 50.1 50.4 50.2 50.3 51 49.5 49.3 49.3 49.2 49 48.8 48.7 49 49.3 49.3 48.8 49 50.2 51.9 53.6 54.5 55 56.9 57.6 58.7
49.4 49.3 49.2 49 49 48.8 48 47.2 46.5 45.9 45.6 45.2 45.7 45.8 44.8 44.2 43.7 43.8 43.6 43.4 43.1 42.9 42.7 42.4 42.1 41.8 41.5 41.5 41.5 41.4 41.2 41.1 41 40.5 40.4 41.4 40.6 40.3 40.4 39 39.4 39.2 40.3 43.7 45.3 45.6 45.7 46 46.3 45.9 45.9 46 46.8 47.6 48.1 48.6 49.1 49.6 49.9 49.6 51 50.8 50.8 50.7 50.4 50.6 51 51 51 49.3 49 48.9 48.8 48.6 48.5 48.8 48.9 48.6 48.8 49.5 51.1 52.6 53.9 55.3 55.2 55.8 57.1
49.3 49.2 49.1 49.1 49.1 48.9 48.1 47.2 46.5 45.9 45.3 45.2 46 45.5 44.5 43.7 43.3 42.8 42.9 42.8 42.5 42.2 42 41.7 41.4 41.5 41.5 41.4 41.4 41.3 41.3 41.2 41 40.6 41.1 42.5 42 41.5 41.1 41.2 39 39 40.7 43.3 44.9 45.8 46 46.2 46.4 46.1 46.2 46.4 47.1 47.6 48.1 48.6 49 49.5 49.7 50.5 50.2 51.3 51.2 50.8 50.5 50.8 51 50.9 50.2 49.1 49 48.9 48.7 48.6 48.4 48.3 48.6 48.4 48.7 48.9 50.2 51.5 52.7 54.4 55.4 55.9 56.9
49.2 49.2 49.1 49.1 49.1 48.9 48.1 47.2 46 46.2 45.9 44 45.2 45 44.3 43.3 42.9 42.4 42 42 41.8 41.6 41.3 41.4 41.5 41.4 41.4 41.3 41.3 41.2 41.2 41.1 41.1 40.9 41.7 43.4 43.3 42.8 42.4 42.8 39.8 39 39.4 41.8 44 46 46.1 46.1 46.3 46 46.4 46.7 47.1 47.6 48 48.5 49 49.3 49.7 50.4 50.9 50.6 51.2 50.9 50.7 51 50.7 50.9 50.8 49 49 48.8 48.7 48.5 48.4 48.2 48.1 48.3 48.6 48.9 50.1 51.5 52.2 53 54.7 55.9 56.9
49.1 49.2 49.1 49.1 49.5 49 48 46.7 45.6 44.6 44.1 44.4 44.5 44 43.5 43 42.4 41.8 41.4 41.3 41.1 41.3 41.5 41.5 41.4 41.3 41.3 41.2 41.2 41.1 41.1 41 41 40.7 41.6 43.4 43.8 43.8 43.7 41 39.8 39 39 39.7 42 44.9 45.8 46 46.1 46 46.3 46.6 47 47.5 48 48.5 48.9 49.4 49.5 49.6 49.7 49.8 50.6 50.2 51 50.5 50.8 50.1 50.5 49 48.9 48.8 48.6 48.4 48.3 48.1 47.8 48.4 48.7 49 49.7 50.9 51.1 52.3 54.1 55.5 56.3
48.1 48.6 49 49.4 50.2 49.4 47.7 46.4 45.1 44.3 44.2 44.3 43.9 43.3 42.8 42.3 41.7 41.2 40.8 40.7 40.5 41.4 41.3 41.3 41.3 41.2 41.2 41.1 41.1 41 41 41 41 40.9 41.3 43 43.8 43.8 42.7 40.4 40.2 39.3 39 39.1 40.6 43.2 44.9 45.9 46 46 45.5 45.4 46.6 47.1 47.7 48.2 48.6 48.8 49 49.1 49.3 49.5 50.2 49.9 50 50 49 49.6 50.2 49.4 48.8 48.6 48.4 48.2 48.1 47.8 47.5 47.9 48.6 49.1 49.3 49.5 51.1 52.6 54 55.3 55.7
47.1 47.6 48.2 49.2 49.9 48.8 47.4 46.3 45.4 44.1 44.1 43.8 43.5 42.9 42.2 41.6 41.1 40.9 40.6 39.9 39.9 40.9 40.9 40.9 40.9 40.9 40.9 40.9 40.8 41 41 41 41 40.8 41.1 42.5 43.3 43.1 41.7 40.2 40.4 40.7 39 39 39 41 42.7 44.6 43.9 44 44.5 44.2 46.2 46.7 47.3 47.7 48.2 48.5 48.7 48.9 49.1 49.4 49.4 49.2 49.2 49.3 49.6 49.5 49.6 49.2 48.7 48.4 48.2 48 47.8 47.5 47.3 47.6 48.1 48.6 49 49.4 51.1 52.2 53.3 54.3 55.5
46.3 46.8 47.5 48.4 48.6 47.9 46.9 45.9 45.5 46 43.9 43.2 42.9 42.5 41.8 41.2 40.6 40.5 40.4 39.2 39.5 40.5 40.5 40.5 40.5 40.5 40.5 40.4 41 41 41 41 41 40.9 40.3 41.6 42 41.9 40.9 40.5 40.8 40.8 41 39.4 39.1 40.2 41.1 41.3 41 41.7 43.4 44.3 45.8 46.3 46.8 47.2 47.8 48.2 48.4 48.6 48.8 49.3 48.7 48.6 48.6 48.8 49.1 49.2 49.4 49 48.6 48.2 48 47.8 47.4 47.1 47 47.3 47.7 48.7 49.4 50.2 50.7 51.7 52.8 53.9 54.6
45.6 46 46.7 47.1 47.6 46.7 45.8 45.2 45.9 44.9 44.1 43.5 42.8 42.1 41.5 40.9 40.3 39.7 40.8 40.9 40.6 39.7 40.1 40.1 40.1 40 40 41 41 41 39 39.8 40 39 39.2 40.1 40.8 40.3 40.7 40.8 40.8 40 41 40.7 39.8 39 40 39.7 40.3 40.6 41.9 43.2 45 45.8 46.2 46.7 47.3 47.8 48.2 48.4 48.5 48.6 48 47.9 48.1 48.3 48.4 48.6 49.1 48.9 48.5 48.1 47.8 47.4 47.1 46.7 46.7 47 47.7 48.7 49.8 50.3 50.3 51.4 52.4 53.4 53.9
45.1 45.5 45.7 46.2 46.3 45.5 45.7 44.3 45.7 44.5 44 43.4 42.8 42.3 41.5 41 40.4 40.1 40.5 40.8 40.9 41 39.3 39.9 40.7 40.7 39 39.2 39 39 39 39 39.1 39.6 39.8 39 39 39 39 39.3 39.1 39.2 39.5 41 39.5 39 39 39 39 39.9 40.2 41.7 43.3 45.1 45.7 46.3 46.8 47.4 47.8 48.1 48.4 47.8 47.3 47.3 47.6 47.6 47.5 48 48.5 48.7 48.3 47.9 47.2 46.6 46.2 46.1 46.4 47 47.8 48.3 49.5 49.9 50.5 51 52.1 52.7 53.3
45.6 45.1 45.6 45.3 45.2 45.7 45.9 44.1 45.4 44.7 44.3 43.8 43.4 43 42.1 41.2 40.7 40.2 40.1 40.4 40.5 40.6 40.8 39.9 39.3 39 39 40 39 39.6 39 39 39.4 40.2 40.6 40 39.8 39.6 39 39 40 40.2 39.2 40.6 39.2 39.3 39 39 39 39 39 40 41.9 44.8 45.9 45.9 46.4 47 47.4 47.8 47.7 47.1 46.6 46.7 46.7 46.7 46.9 47.4 47.9 48.3 48.1 47.7 46.9 46.1 45.3 45.7 46 46.1 46.5 47.5 48.8 49.7 50 50.8 51.5 52.1 52.7
45 46 44.1 44 44 44 44 44 44.5 44.8 44.8 44.5 44.1 43.5 42.6 41.6 40.9 40.5 40.3 40.2 40.1 40.2 40.3 40.7 39.7 40.1 40.5 39.2 40.5 41 39.9 41 40.9 41 41 41 41 41 41 39 41 41 41 39.7 40 40 39 39 39 39 39 38.7 40.6 42.8 45.1 45.6 46 46.3 46.7 47.1 46.9 46.2 45.9 45.9 45.9 45.9 46.3 46.8 47.2 48 48.1 47.7 47 46.1 45.5 45.3 45.5 44.7 45.7 46.8 48.1 49.4 50.1 50.7 50.9 51.6 52.2
44.1 44.2 44.3 45.1 44.7 44 44 44 44.2 44.6 44.7 44.8 44.4 43.9 42.9 41.9 41.3 41.1 41 40.8 40.6 40.5 40.3 39.6 39.9 40.2 40.5 40.2 40.3 40.9 40.4 40.5 40.7 40.9 41 41 41 41 41 39.7 41 41 40.6 40.5 40.6 40.8 40.6 40.1 40 39.5 38.8 38.5 39.3 40.7 42 43.8 44.3 46.2 46.2 46.2 46 46.1 45.7 45.2 45 45.2 45.7 46.5 47.3 48.1 48.2 47.9 47.3 46.4 45.7 45.3 45.4 44.5 45.2 46.2 47.4 48.7 49.9 50.6 50.7 51 51.6
45.2 45.6 45.6 45.6 45.6 45.5 46 45.1 45.9 45 44.5 44.7 44.6 44.3 43.2 42.2 41.8 41.7 41.5 41.4 41.2 41 40.9 40.4 40.2 40.5 40.8 40.5 40.2 40.1 40.1 40.1 40.5 40.7 40.9 41 41 41 41 39.9 40.5 41.1 41.4 41.2 41.2 41.3 41.1 40.6 40.4 40.2 39.8 39.5 36.9 39.2 40.8 42.4 43.2 45.2 46 46 46 46 45.9 44.6 44.2 45.5 46.4 47.3 48.2 48.9 48.6 48.4 47.6 46.6 45.8 45.5 45.7 44.6 45.8 45.8 47 48.3 49.9 50.3 50.3 50.5 51.1
