data/SJ70.asc
ncols 200
nrows 200
xllcorner 370000
yllcorner 300000
cellsize 50
[rows 37 to 73 of 200, columns 84 to 167 of 200]
98.4 97.4 95.9 94.1 92.7 92.1 91.6 91 90 89 88 86.9 87.8 89.9 90.1 89.9 89.7 89.5 89.3 89.2 89 89.3 89.9 90.1 90.3 90.5 90.5 90.5 90.6 90.8 91.3 91.9 93.7 96.5 98.3 99.3 101.5 104 106.9 107.7 105.5 103.3 101.8 102.2 105.2 109.1 109.2 108.6 106.8 104.2 101.8 99.4 97 94.6 92.5 91.6 91.2 90.8 91.5 92.2 93 93.3 92.4 91.5 90.5 88.2 87.9 86.4 86.6 85.4 86 86.2 85.2 84.2 83.6 83.5 82.4 81.1 82.7 81.5 79.7 74 69.5 83.1
96.7 96.2 94.9 93.2 92.2 91.8 91.3 90.7 89.7 88.8 88.3 87 89.4 90 89.9 89.6 89.3 89.1 89 88.8 88.6 88.7 89.3 89.6 89.8 90 90 90.1 90.2 90.2 90.2 90.7 91.6 94.3 96.5 97.4 99.1 101.4 104.2 104.8 102.9 100.4 99.6 104.5 109 109.6 106.9 106.3 104.6 102.1 99.9 98.2 96 93.6 91.8 91 90.6 91.1 91.6 92.1 92.9 93.7 93.1 91.9 90.8 89.3 87.4 86.3 85.4 82.5 83.1 85.3 84.5 83.6 82.6 82.2 81.8 80.9 77.9 78.5 72.6 69.5 80.4 84.1
95.9 95.3 94.2 92.7 91.6 91.1 90.8 90.5 89.8 89 87.8 87.2 88.9 89.8 89.9 89.5 89.2 88.8 88.6 88.4 88.3 88.3 88.6 88.9 89.3 89.5 89.5 89.6 89.6 89.6 89.5 89.6 90.4 91.9 94.4 95.4 96.8 98.9 101.3 101.2 99.5 97.3 99.7 109.4 111.6 109.2 106.6 103.9 102.6 100.3 98 96.3 94.6 92.5 91.1 90.4 90.9 91.4 91.9 92.3 92.8 93.6 93.5 92.2 90.8 89.3 87.6 86.8 85.4 82.2 79.7 83.7 84.1 83.2 82 81.8 80.5 79.4 72.1 70.9 71.2 83.1 83.7 84
95.2 94.4 93.5 92.3 91.2 90.4 90.1 89.8 88.8 87.8 86 86.6 88.2 89.6 89.8 89.5 89.1 88.8 88.4 88.2 88.1 88 88 88.2 88.4 88.7 88.9 89 89 89 88.9 88.8 89.3 90.2 92.4 93.4 94.5 96.3 97.7 96.5 94.8 94.5 103.9 111.6 110.9 108.3 105.7 103.2 100.5 98.3 96.2 94.6 93 91.3 90.3 90.4 90.9 91.3 91.8 92.3 92.8 93.2 93.4 92.2 90.8 89.3 87.7 85.8 85.8 85.2 76 77.7 83.1 82.4 81.6 83.3 73.9 70.5 70.9 72.4 74.2 77.2 81.4 82.7
94.5 93.5 92.8 91.7 90.5 90 89.5 89.1 88.6 88 85.1 86 87.9 89.1 89.7 89.4 89.1 88.8 88.5 88.2 88.1 87.9 87.5 87.6 87.5 87.5 88.1 88.4 88.4 88.3 88.4 88.7 89 89.4 90.1 91.1 92.2 93 94.1 92.8 91.8 94.1 108.2 111 109.4 106.8 104 100.7 98.2 96 94.6 93.3 91.6 90.3 89.4 89.6 90 90.4 90.9 91.4 91.8 92.4 93.1 92.2 90.8 89.3 87.6 85.8 84.3 84.6 85.1 76.5 74.9 75.2 77.9 72.6 71.7 75.8 83.8 84 84 83.3 83 83.4
93.9 92.7 91.9 91.1 90.1 89.5 89.3 89.3 89.1 87.7 85.2 84.8 86.9 88.6 89.2 89.2 89 88.8 88.5 88.2 87.9 87.6 87.2 87.4 87.6 87.9 87.8 87.6 87.8 87.9 88.3 88.7 89.1 89.4 89.7 89.7 90.4 91.2 91.4 91.2 90.8 93 109.8 110.2 108 104.6 101.2 98.3 95.9 94.5 93.1 91.7 90.3 89.2 88.7 88.9 89.3 89.6 90 90.4 90.9 91.6 91.9 92.1 90.8 89.3 87.5 85.7 84.7 82.6 81.5 77.3 76 71.8 72.1 72.8 79.7 82.1 79.9 79.8 84.7 84.3 84 84.1
92.7 91.7 91 90.3 89.6 89.3 89 89 88.9 87.9 86.5 85.6 86.1 88.2 88.8 89 88.7 88.4 88.2 88.2 87.7 87.3 86.9 86.3 87.7 88.6 88.4 87.9 87.4 88.1 88.4 88.8 89.2 89.6 89.9 89.9 89.9 89.9 90 89.7 89.5 90.4 104.5 107 105.5 102.1 98.6 95.9 94.2 92.7 91.2 89.8 88.8 88.1 88 88.2 88.6 88.9 89.2 89.6 90 90.4 90.7 91.1 90.1 88.9 87.7 85.4 83.3 80.7 78.7 81.9 84.6 77.3 76.4 83.2 83.8 84.2 84.3 85 85.6 83.9 84.5 84.6
91.6 91.1 90.4 89.7 89.2 89.2 88.5 88.5 88.1 87.2 86.3 84.3 85.9 87.7 88.7 88.8 88.4 88.3 88.2 88.2 87.7 87.2 86.3 86.1 87.3 88.4 88 87.5 87.3 88 88.6 89 89.3 89.7 90 90 90.1 90.1 90 89.7 89.5 89.6 95.9 103.2 102.4 99.3 96.6 93.9 91.9 90.4 89.4 88.6 87.4 86.8 87.2 87.5 87.9 88.3 88.8 89.2 89.5 89.6 89.8 90.1 89.5 88.4 87.3 86.1 84.9 84.6 80.4 76.3 82.6 84.4 83.7 83.3 83 83.6 84.4 85.1 85.5 85.7 85.5 85.1
90.7 90.6 89.8 89.1 89.3 89.2 88 87.8 88 87.7 85.9 84.6 85.6 87.2 88.5 88.4 88.6 88.8 88.2 88.2 87.7 87.2 86.3 86.5 87 87.7 87.6 87 87.1 87.8 88.5 89.1 89.5 89.8 90.1 90.2 90.2 90.1 90.1 89.9 89.7 89.2 90.6 97.9 98.3 97.1 94.5 91.9 89.7 89.1 88.4 87.1 86 85.6 86.2 87.4 87.8 88.2 88.6 89.1 89.4 89.5 89.6 89.8 89.4 88.4 87.3 85.9 85.1 85.6 83.8 70.8 77.7 83.2 83.2 82.8 82.7 83.5 84.3 85.1 85.3 85.4 85.7 86.2
90.5 90.1 89.4 89.5 89.5 89.1 88 88 88 88.2 84.1 82.3 84.6 86.5 96.2 96 93.3 93.2 93.9 89.8 88 87.3 87.2 87.7 88.2 88.1 87.2 86.5 87 87.7 88.4 89.1 89.6 89.9 90.2 90.3 90.3 90.2 90.1 90 89.4 88.2 88.6 90.3 93.3 93.8 91.6 89.2 88.3 88.1 86.9 85.7 84.6 84.4 85.9 87.2 87.6 88.1 88.5 89 89.3 89.5 89.7 89.9 89.7 88.3 87 85.6 84.6 84.9 83.8 70.1 69.9 78.1 82.8 82.5 82.4 83.2 84.1 84.7 85 85.1 85.4 85.9
92 92.3 92.4 92.3 90.8 87.7 88 88.2 88.4 88.3 83.3 83.2 83.6 85.8 87.4 87.6 91.1 92.8 95.6 95 95.2 95.5 88.4 88.3 88.8 88.4 87.3 86.8 87.4 88.1 88.7 89.3 89.8 90.1 90.4 90.6 90.6 90.6 90.5 90.3 89.5 88.2 87.4 88.4 89.7 89.2 88.3 87.6 87.4 87 85.2 83.9 83.7 85 86.5 87.2 87.5 87.8 88.2 88.6 88.8 88.9 89.1 89.3 89.2 88 86.6 85.2 84.2 83.3 82.4 72.4 71 72.6 79 82.1 82.1 83 83.7 84.3 84.7 84.9 85.2 85.7
87.5 87.2 87 87 86.8 87.2 87.3 87.6 87.9 87.7 84.3 82.7 82.9 85.6 87.5 87.7 87.8 87.5 87.1 87.3 86 91.2 94.5 91.3 89 89.7 89.4 89.5 88.4 88.4 89 89.5 90 90.3 90.8 90.9 91 91 90.8 90.8 90.3 88.7 88 87.7 87.1 86.8 86.6 86.1 86.1 85.4 83.8 83.3 85.2 86 87.2 87.3 87.4 87.7 87.9 88.3 88.3 88.2 88.4 88.6 88.3 87.6 86.2 84.6 83.1 81.7 79.1 69.9 73.2 78.9 75.9 76.6 81.2 82.2 82.9 83.9 84.3 84.6 84.9 85.4
87.1 86.2 86.2 86.2 86.1 86.3 87 87.7 87.8 87.2 85.3 82.9 82.1 85.4 87.5 87.6 87.6 87.2 86.6 86.5 85.5 84.9 85.5 86.7 87.2 94 90.8 90.6 89.7 89.7 89.8 90 90.2 90.7 91.1 91.2 91.2 91.3 91.3 91.3 91.3 90.2 89.4 89.1 87.6 86.6 85.7 84.6 84.2 83.3 82 84.3 86.5 87.1 87.4 87.4 87.3 87.6 87.8 88 87.9 87.8 87.7 87.7 87.4 86.5 85.3 83.8 82.3 80.1 76.9 67.9 73.2 80 80.9 80 77.6 81.1 81.5 83.5 83.9 84.3 84.7 85
86.6 86.1 85.4 85.4 85.3 85.9 86.4 87 87.1 86.1 84.3 82.3 81.9 84.7 87.2 87.4 87.2 86.6 86 85.1 84.3 84.4 85.5 86 86.7 87.7 89 91.9 91 91 91.5 91.1 90.6 91.1 91.4 91.4 91.5 91.9 92 92.3 92.4 91.8 91 90.2 88.4 87.1 86.1 85 83.3 81.8 81 84.4 86.3 86.4 86.9 87 87.1 87.3 87.4 87.6 87.4 87.3 87.2 87.1 86.7 85.9 84.8 83 81.4 78.5 74 68.3 70.8 77.6 81.2 82.1 82.4 81.1 82.8 80.9 83.8 84.1 84.1 84.2
86.9 86.5 85.3 84.6 84.8 85.8 86.1 86.4 86.7 86.1 84.7 82.2 83.1 84.9 86.8 87 86.6 86 85.2 84.3 84 84.4 85.7 87 87.7 88.9 90 91.5 92.2 92.3 92.1 91.1 90.9 91.4 91.5 91.5 92.1 92.6 92.6 92.9 93.2 92.9 91.9 90.3 88.9 87.4 86.4 85.3 83.7 82.4 79.9 81.9 84.7 84.8 85.8 86.5 86.6 86.8 87 87.1 87 86.9 86.7 86.6 85.9 85.1 84.2 81.7 79.1 75.5 69.3 70.3 72.5 75 80.9 82.2 82.8 82.5 82.9 83.2 80.5 84 83.8 83.8
86.9 86.5 86 84.5 84.2 85.7 86 86.2 85.8 85.5 84.4 81.8 82.5 84 85.7 86.1 86.1 84.9 82.5 83 84.6 85.7 87 88.2 89.2 90.1 91.5 92.2 92.8 92.7 92.3 91.8 91.3 92 91.9 92.4 93.2 93.3 93.3 93.6 93.5 93.1 91.8 90.4 88.9 87.8 86.8 85.6 84.2 83.2 81.4 79.4 81.1 83.3 84.8 85.7 86.2 86.4 86.6 86.6 86.5 86.4 86.3 86 85.2 84.3 83.5 81.2 77.6 73 69.1 74.2 78.8 81 81.1 81.9 82.9 83.8 84.5 84.3 83.9 80.3 83.5 83.5
86.5 86.3 85.9 83.9 82.5 85.7 85.6 85.6 84.8 84.3 83.6 81.2 81.9 83 83.7 84.2 84 81.5 81.3 84.8 85.9 86.6 87.9 89 90.1 91.1 91.8 92.6 93.3 93.1 93.3 94.2 92.1 92.3 92.3 93.8 94 94 93.9 93.8 93.6 92.9 91.5 90.1 88.7 87.6 86.3 85.5 84.7 83.8 82 79.4 78.2 81.8 84.2 84.8 85.4 86 86.2 86.2 86.1 85.9 85.8 85.5 84.9 84.2 83.6 81.7 76.6 70.2 69.1 77.5 81 81.6 81.7 81.9 82.7 83.9 85.5 85.2 84.8 84.1 79.7 80.4
85.9 85.8 85.9 84.4 81.3 83.6 84.9 84.5 83.8 83.2 82.4 80.5 80.4 81.5 80.6 80.3 80.3 83.4 85 86.2 87.1 87.6 88.8 89.9 90.9 91.9 92.5 93.1 93.7 93.7 93.5 93.3 94 94.2 92.4 93.8 94.4 94.7 94.3 94.1 93.6 92.3 91 89.5 88 87.1 86 85 84.2 83.6 82.3 80.5 78.3 79.7 82.8 83.9 84.5 85.1 85.7 85.7 85.6 85.5 85.3 85 84.6 84.1 83.6 81.7 76.8 69.6 70.4 76.8 81.5 81.7 81.7 82.8 83.3 84.4 85.6 86.2 85.3 84.1 83.2 82.7
85.4 85.4 85.7 84.4 81.3 83.1 84.3 83.4 82.2 80.4 80.9 81.4 83.1 83.1 83.2 84 83.6 85 85.9 87.1 88.4 88.9 89.7 90.7 91.7 92.6 93.3 93.9 94.5 94.7 94.8 94.8 95 95.1 95.3 89.7 94.2 95.4 94.8 94.4 93.1 91.8 90.3 88.8 87.3 86.2 85.4 84.5 83.9 83.5 82.7 81.6 78.9 77.5 80.4 83 83.5 84.2 84.9 85.4 85.3 85 84.7 84.4 84.2 83.7 82.8 81.3 77.7 69.3 70.5 78.2 81.4 81.7 82.4 83.7 84.6 85.5 86.2 86.5 85.2 84.4 83.5 82.8
84.4 85.3 85.4 84.1 81.2 81 81.3 78.9 79.8 80.8 81.6 83.3 84.8 84.4 85 85.5 85.8 86.5 87.2 87.8 88.7 89.7 90.7 91.4 92.4 93.3 94 94.6 95.1 95.4 95.5 95.6 95.9 96 96.2 96.2 89.5 96 95.2 93.8 92.5 91.1 89.6 88.1 86.6 85.3 84.5 83.9 83.5 83.1 82.9 82.2 79.9 77.3 76.8 80.4 82.3 83.4 84.2 84.7 84.9 84.6 84.2 83.6 83.7 83.2 82.6 80.9 77.3 68.7 70.4 79.8 81.1 81.6 82.8 84 84.5 85.2 85.8 86.2 85.5 84.6 83.7 83
83.4 84.6 85.1 83.4 81.2 78.9 77.2 78.4 79.2 81.1 83.6 84.3 85.4 85.6 86 86.1 86.2 86.4 88 89.2 90 90.9 91.9 92.5 93.1 94.1 94.8 95.3 95.8 96.1 96.2 96.5 97 97.1 97.3 97.4 96.9 96.3 91.1 93.1 91.9 90.2 88.7 87.3 86 84.5 83.8 83.3 82.9 82.6 82.8 82.5 81.1 79 75.8 78.3 81.3 82.4 83.4 83.9 84.3 84.1 83.3 82.6 82.5 82.9 82.5 80.5 74.2 69.4 72.2 80.6 81 81.5 83.2 83.9 84 84.6 85.4 86.5 85.9 84.8 84 83.5
82.3 84.4 84.8 81.9 79 76.3 78.8 80.4 80.5 80.9 83.6 85.4 85.9 86.4 86.7 86.8 86.7 87.3 88.8 90.1 91.2 92.2 93 93.6 94.2 94.8 95.4 96 96.5 96.8 97 97.7 98.1 98.2 98.3 98.1 97.2 95.1 93.9 87.9 91.1 89.4 87.8 86.4 85 84 83.1 82.5 82.2 82.2 82.9 83.1 82.1 80 76.3 74.5 79.4 81.4 82.7 83 83.3 83.2 82.9 82.2 80.7 82.6 82.3 80.2 74.4 67.6 75.8 81.8 81.1 81.5 83.1 83.7 83.7 84.5 85.7 86.9 86.3 85.2 84.2 83.9
80.5 84.1 84.1 80.6 76.3 79.6 81.4 82.7 82.5 81.3 83.7 85.3 85.6 86.1 86.9 87.2 87 88.2 89.6 91.1 92.1 93.1 93.9 94.5 95.1 95.6 96.3 96.9 97.4 98.6 98.5 99.1 98.9 98.7 98.5 98.4 96.8 95.2 93.6 92 90.1 88.8 87 85.8 84.7 83.9 83 82 81 80.8 81.8 81.8 81.3 79.7 76.2 74.4 75 79.2 81.9 82.2 82 81.9 81.8 81.4 78.8 81.8 82.1 80.5 72.8 66 78.2 81.8 80.9 81.3 82.8 83.5 83.9 85.3 86.4 87.4 86.7 85.6 84.4 84
77.8 81.5 81.2 76.2 78.4 81.7 83.8 84.2 84.9 82.1 84.7 85.2 85.9 86.4 87.1 87.4 87.7 89.2 90.6 92 93 93.7 94.4 95.2 95.8 96.3 97.2 97.7 98.3 99.5 100.3 100 99.7 99.5 99.3 97.9 96.1 94.4 93.1 91.5 89.6 88.9 86.5 85.5 84.4 83.9 83 82.1 81 79.7 78.9 79.1 78.4 77.5 75.9 74.1 74.5 75 78.3 80.5 79.9 79.9 79.7 79 77.8 82.5 83.8 82.4 68.8 67.6 79.4 82.8 80.6 81.2 82.4 83.4 84.3 85.8 87.2 87.3 86.9 85.7 84.5 83.9
78.7 80.3 77.5 77.8 79.1 84.6 85.5 85.1 84.7 83.1 85 85.8 86.4 86.9 87.3 87.6 88.7 90 91.5 92.9 93.6 94.3 95 95.7 96.4 97 98.1 96.7 98.8 100.1 100.8 100.8 100.4 100.2 98.9 97.3 95.6 93.8 92 90.5 88.9 88.9 88.9 85.8 84.3 83.8 82.9 82 81 80.8 80.7 80.3 79.9 79.8 78.5 76.3 74.6 74.1 74.1 75.8 77 76.9 76.5 75 75.3 82.3 83 80.2 71.6 66 76.6 78.4 81.2 81 82.4 83.8 84.9 85.7 86.6 87.4 87 85.9 84.6 83.7
78.9 81.8 76.4 78.3 83.1 86.3 86.3 86 85.5 84.7 84.9 85.8 86.8 87.5 87.8 88.6 89.7 91 92.5 93.3 93.9 94.7 95.4 96.2 96.9 97.1 96.7 96.7 96.7 100.3 101.2 101.1 101.2 100 98.5 96.8 95 93.3 91.5 89.6 88.9 88.9 88.9 88.9 85.7 83.7 82.9 82.2 81.8 81.8 81.8 81.2 80.7 80.4 79.9 78.9 77.5 76.1 74.6 72.8 74.4 72.9 70.8 68.9 68.4 66.8 67.5 70.4 68.3 66.3 68.8 79.1 80.1 80.6 81.7 83.2 85.1 86.1 86.6 87.2 86.9 86.3 84.6 82.9
80.1 81.4 76 81.7 85.9 87.1 87.3 86.9 86.2 85.9 85.9 86.5 87.5 88.2 88.7 89.7 90.8 92.1 93.1 93.7 94.3 95 95.6 96 97.7 96.7 96.7 96.7 98.6 100 102.8 103 101.8 99.8 98 96.3 94.4 92.5 90.6 89.2 88.8 88.7 88.9 86.8 85.7 84.8 84.4 83 82.5 82.1 81.9 81.9 81.6 81.2 80.7 79.6 78.5 77.7 76.9 74.8 74.3 74.6 75.6 76.3 75.2 73.6 73.5 69.9 67.1 66 68.4 79.4 80.2 80.7 81.1 83.2 85.4 86.5 86.8 87 86.9 85.3 85 82.4
79.4 80.1 76.9 84 85.9 87.5 88.1 87.7 87.5 87.2 87.3 87.5 88.2 88.9 89.7 90.6 91.7 92.9 93.6 94.1 94.7 95.4 95.5 96 97.1 96.7 96.7 96.7 101.6 102.6 104.1 102.4 100.5 98.6 96.7 95.1 93.5 91.6 89.7 89.2 88.5 88.1 88 86.3 85.6 84.9 84.1 84.9 82.5 82.1 82.1 81.8 81.6 81.3 80.6 79.6 78.8 78 77.5 77.7 78.6 79.3 80.6 80.6 79.5 78.8 78.5 76 67.5 66 69.5 76.3 78.9 79.7 81.3 83.1 85.4 86.9 87.1 87.4 86.4 84.2 82.8 82
76.4 75.9 78.8 84.9 86.4 87.9 88.7 88.8 88.7 88.6 88.6 88.9 89.2 89.8 90.7 91.7 92.3 93.1 93.9 94.5 95.1 95.5 95.3 95.9 96.8 98.3 96.7 100.9 105.4 105.4 102.5 100.6 98.6 96.7 94.9 93.3 91.7 90.2 89.4 88.9 88.2 87.5 86.8 86.3 85.6 84.8 84 83.1 83.1 82 81.8 81.4 81.2 81.3 80.9 80.5 80 78.7 77.6 78.4 80.5 80.9 80.3 80.6 78.2 78.8 78.8 78.3 68.8 66 67.7 73.3 79.2 80.6 81.8 83.4 85.3 87.3 87.6 86.5 84.8 81.6 79.6 80.1
75.5 80.1 83.2 85.7 87.3 88.1 89.3 89.4 89.4 89.4 90.5 91.1 91.1 91.1 91.9 92.3 92.8 93.3 94.2 94.8 95.4 95.3 95.3 95.7 96.7 97.8 97.1 103.1 107.4 103.2 100.8 98.7 96.8 94.9 93.1 91.5 89.9 88.8 88.4 87.7 87.2 86.8 86.6 86.1 85.5 84.7 83.9 83.1 83 82.8 83 81.1 81.5 81.6 81.1 80.7 79.9 78.9 78.3 79.5 81.3 81.4 80.2 79.1 79 79.5 81.8 81.1 72.6 66 66 68.6 76.8 80.5 82.2 83.9 85.5 87.3 87.1 86 84.1 80.7 75.8 72
76.3 81.8 84 86.6 88 88.3 89.2 90.3 90.3 90.4 91.8 92.8 92.7 91.9 92.3 92.8 93.3 93.8 94.4 95.1 95.5 95.5 96.1 96.4 97.1 98.2 98.9 104.4 104.2 101.1 98.5 96.9 94.9 93.1 91.3 89.6 88.3 87.8 87.4 86.7 86.1 85.6 85.6 85.6 85.5 84.7 83.9 83.1 82.9 82.5 82.1 83.5 82 81.8 81.3 80.7 79.9 79.3 78.9 80.6 81.6 82.1 80.9 80.3 78.1 81.8 82.1 80.9 77.9 68.8 66 67.2 76.2 79.1 81.1 82.9 84.8 87 86.6 85.9 84.1 81 80.1 75.3
81.4 83.2 84.8 87 88.2 88.5 88.7 89.3 90.5 91.8 93.4 94.7 93.6 92.5 92.9 93.3 93.8 94.2 94.8 95.4 95.7 96.2 96.8 97.1 97.9 99.7 103 104.2 101.5 98.7 96.3 94.7 93 91.3 89.5 87.9 87 86.8 86.4 85.8 85.3 84.9 84.9 84.9 84.9 84.4 83.8 83.1 82.6 82 81.5 82.1 82.6 82 81.4 80.9 80.3 79.6 79.6 81.1 81.9 82.3 81.7 81.3 79.9 80.4 82.8 81.2 78.3 74 65.9 66 72.1 79.7 81.5 82.8 84.3 86.1 87 86 82.9 79.7 75.4 68.9
82.7 83.9 85.5 87.4 88.5 89 89.5 89.9 91.7 95.4 96.6 95.6 94.2 93.3 93.5 93.9 94.3 94.7 95.2 96.1 96.5 97.1 97.5 97.9 98.8 102.2 103.7 102 98.5 96.4 94.5 92.7 91.1 89.3 87.9 86.5 85.8 85.6 85.7 85.3 84.8 84.5 84.3 84.3 84.3 83.7 83.2 82.6 82.2 81.7 81.1 81.5 81.8 82.3 82 81.3 80.6 80 81.5 81.4 82 82.4 82.5 81.9 81.7 81.1 82.2 81.1 77.4 73.1 67.5 63.1 66.5 80.3 81.9 83.4 84.9 87 87.3 86.9 82.7 74.5 68.9 64.5
81.9 84.3 86.1 87.8 88.7 89.2 91.2 93.6 96.9 98.6 98 96.1 94.7 94.2 94.1 94.5 94.9 95.3 96.3 97.5 98 98.2 98 99.2 102.1 104.1 102.2 99.5 97 94.8 93 91.4 89.5 88 86.6 85.2 84.6 84.4 84.7 84.7 84.4 84 83.9 83.7 83.6 83.1 82.6 82.1 81.6 81.4 80.8 81.1 81.4 81.8 81.6 81.4 81 84.1 81.6 81.6 81.4 81.6 81.8 81.6 81.6 81.6 82.3 81.6 80.2 77.5 71.2 63.9 63.2 72.2 80.7 82.5 86.1 87.3 87.6 86.9 82.4 73.4 65.5 65.1
81.7 84.6 86.3 88.1 89 91.1 96 99.5 100.1 99.9 98.4 96.5 95.3 94.7 94.7 95.2 95.7 96.3 97.3 98.7 98.9 98.4 99 102.7 104.3 102.8 100.5 98 95.5 93.1 91.5 89.9 88.3 86.9 85.4 83.9 83.3 83.3 83.6 84 83.8 83.5 83.4 83.2 83 82.5 82 81.6 81.1 80.8 80.5 80.6 81 81.3 81.4 81.5 84.1 80.8 81 81 80.8 80.6 80.8 81.1 81.4 81.3 81.1 80.5 80 79.5 75.3 66.5 62.8 68.4 79.5 82.3 85 87.4 87.7 86 81.9 72.9 64.7 65.4
83.2 85.2 87 88.6 90.2 92.3 100 103.5 101.8 100.2 98.6 97.3 96.6 95.8 95.7 96.2 96.7 97.4 98.1 98.4 99.1 100.9 103.1 105.3 103.1 101.1 98.8 96.4 93.9 91.8 90.3 88.4 86.9 85.5 84.1 83 82.5 82.5 82.9 83.3 83.3 83.1 83 82.8 82.6 82.1 81.6 81 80.6 80.1 80 80.2 80.5 81.3 81.7 82.2 81.2 80.7 80.4 80.4 80.3 80.2 80.5 80.8 81.1 81.3 80.6 80.1 79.9 79.4 77.9 69.8 62.5 66.1 78.5 81.4 84.1 86.9 86.8 85.9 81 73 64.3 65.7
84 86 87.7 88.5 89.6 92.3 98.6 104.2 103.2 101 99.4 98.7 98.1 97.3 97 97.1 97.7 98.4 99.6 103.5 106.2 106.2 105.8 104.2 102.1 99.6 96.8 94.5 92.5 90.8 88.7 86.6 85.2 84.1 82.9 82.1 81.9 81.9 82.2 82.4 82.7 82.7 82.5 82.4 82.2 81.8 81.4 80.9 80.3 79.8 79.5 79.7 80.5 81.3 81.9 82 80.8 80 79.7 80 79.9 79.8 80.2 80.5 80.8 80.7 80.2 79.7 79.2 78.9 77.7 71 64.5 64.1 75.6 80.7 83.5 86 85.7 84.8 82.3 75.4 65.3 65.6
