data/SJ76.asc
ncols 200
nrows 200
xllcorner 370000
yllcorner 360000
cellsize 50
[rows 76 to 113 of 200, columns 0 to 85 of 200]
39.1 40.5 39.6 39.6 39.2 38.1 36.2 35.5 32.9 31 29.4 28 32.4 32.5 32.4 33 32.6 31.3 33 33.1 32.9 32.2 32.1 34.8 34.8 35.4 36.3 36.2 35.5 35 33.9 32 29.7 32.6 35 34.3 34.3 34.3 34.8 34.1 32.7 33.9 36.5 37.8 38.2 38 37.2 37.8 38.4 38.9 38.4 39.4 40.3 40.8 41.3 41.9 42.3 43.1 44.3 45.1 46 46.3 47.2 48.1 48.4 48.9 49.5 50 50.4 50.4 50.6 51.7 51.9 52 52 52.1 51.8 51.3 51.7 52 52.4 52.9 53.3 53.4 53.7 54.3
40.7 40.7 40.7 40.1 39.5 39.1 38.5 36.7 34.9 35.1 32.4 30.1 28 32.2 31.2 31.2 32.6 33 35.1 35.9 36.1 36.4 35.6 36.7 35.3 35.7 37.2 36.8 37.2 35.7 34.7 33.3 32.8 31.2 34.3 34.9 33.7 33 33.4 32.4 34.1 35.3 35.7 37 37.9 38.7 38.9 39.5 39.7 39.8 39.7 40 40.6 41.1 41.6 42 42.7 43 44.3 45.1 46.7 46.8 47.4 48 48.4 48.9 49.5 50 50.6 50.5 50.5 51.3 51.4 51.4 51.8 52 52.1 51.2 52.2 52.3 52.4 52.7 53 53.1 53.4 52.9
41.2 40.9 41.4 41.3 40.8 40.5 39.5 38.4 36.4 35.1 33.6 35.3 35.3 33.2 32 31.2 33.7 34 32.2 36.8 37.4 37.3 37.2 37.2 37.3 37.8 37.6 37.5 36 35.2 33.7 33.7 35.1 32.3 32.8 33.1 32.2 32.1 31.6 32.7 34.6 35.6 36.4 37.1 37.5 38.7 38.8 38.9 39.7 39.8 40.1 40.4 40.6 41.1 41.7 42.3 43.1 43.8 44.5 45.3 45.9 47.2 47.5 47.9 48.4 48.9 49.5 49.6 49.6 50.2 50.5 50.9 50.5 51.1 51.7 51.9 51.9 51.4 52 52.2 52.6 52.6 52.8 52.9 53.2 52.6
42.3 41.4 42 41.7 41.5 40.7 40.2 39.4 38.2 35.8 32.8 37.1 37.4 37.1 35 34 33.9 34.5 31.8 29.5 34.8 36.6 36.8 37.1 37.5 38.7 37.9 36.9 35.5 33.6 33.2 33 32.7 31.8 31.8 31.7 33.3 33 33 33.7 35 35.7 36.6 37.1 37.6 38.2 38.6 38.9 39.8 40.1 40.4 40.7 41 41.2 41.6 42.1 42 44 44.7 45.4 46.2 47.5 47.4 47.8 48.4 48.4 48.9 49.2 49.5 50 50.4 50.9 51 51.1 51.9 51.7 51.9 52 52.2 52 52 52.4 52.2 52.2 52.1 52.6
43 42.3 42.2 42.3 42 41.8 40.2 40 38.9 38.3 34.2 37 38.5 38 36.3 37.2 35.8 35.5 35.3 31.8 29.4 29.7 35.5 37.3 37.6 39 37.9 34.1 33.1 32.8 32.5 32.4 32.6 32.2 31.4 33.8 34.4 34.1 33.9 34.6 35.8 36.5 37.1 37.6 37.7 38.4 38.8 39.5 39.9 40.1 40.4 40.8 41.1 41.5 41.8 42.1 41 43.9 44.8 45.9 46.9 48 48.2 48.3 48.7 48.9 49.2 49.5 49.7 50.2 50.6 51.1 51 51.1 51.7 51.8 52.2 52.3 51.8 51.5 51.6 51.5 51.4 51.4 51.3 51.4
43.5 43.5 42.6 42.2 42.5 42.5 40.6 41 37.6 36.5 34.7 35.4 38 38.4 38.2 37.3 36.2 36.5 36.8 34.8 33.7 29.9 29.1 32.2 36.8 37.5 39.5 37.9 32.6 32 32 32.1 32.2 31.4 32.8 34.6 34.9 35.1 34.9 35.6 36.6 37 37.5 37.9 38.4 39 39.1 39.7 40 40.2 40.5 40.8 41.2 41.5 41.8 42.2 43 44.1 45.2 46.2 47.3 48.2 48.3 48.5 48.9 49.2 49.5 49.8 50 50.4 50.8 51 50.9 51 51.1 51.4 51.7 51.7 51.7 51 50.8 50.8 50.8 50.7 50.6 50.5
43.7 43.2 43 42.5 42.3 42.7 41.3 39.6 39 38.8 36 34.6 36.5 37.9 38.3 37.6 37.3 37.6 37.7 37.8 34.9 34.6 33 30 35.2 35 36.8 37.2 37.6 32.5 32.5 32.5 32.1 32.5 32.3 34.3 35.2 35.7 35.8 36.5 36.9 37.3 37.6 37.9 38.3 38.6 39.3 39.8 40.1 40.3 40.5 40.8 41.2 41.5 41.9 42.4 43.3 44 45.2 46.3 47.2 48.1 48.4 48.7 48.8 49.5 49.8 50 50.2 50.6 50.8 50.6 50.2 50.6 50.3 50.8 50.9 50.9 50.9 50.8 50.3 50.4 50.3 50.2 50.1 50.4
44 43.2 43.2 42 42.7 42.1 41.1 40.1 39.5 39.7 37.3 36.3 36.8 38.5 38.4 38.4 38.4 38 37.6 38.1 35.5 36.3 35.2 33.6 33.7 30.6 36.3 37.1 37.2 33.5 33 32.3 32.3 33 33.2 31.5 34.5 35.3 35.6 36.2 36.9 37.2 37.5 37.9 38.2 38.7 39.4 40 40.2 40.4 40.6 40.9 41.2 41.6 41.9 42.8 43.7 44.4 45.2 46.1 47 47.7 48.6 49.1 49.2 49.5 49.6 49.7 49.9 50.4 50.4 50.4 50.5 50.2 48.8 50.1 50 50.2 50.2 49.7 49.4 49.5 49.5 49.6 50 50.7
43.7 43.1 43.5 42 42.2 41.9 41.3 40.6 40.6 40.1 39.6 38.4 36.8 38.5 38.8 39 39.4 38.9 38 38.6 38.4 37.3 36.4 34.3 34.4 30.9 35.2 36.5 36.6 36.6 32.9 32.1 32.7 33.3 40.1 33.5 33.5 35 35.4 36.3 36.7 36.9 37.2 37.6 37.9 38.6 39.3 39.9 40.3 40.5 40.7 40.9 41.3 41.6 42.3 43.2 44.1 44.8 45 45.7 46.5 47 47.5 48.3 48.4 48.6 48.8 49.2 49.2 49.7 49.8 49.4 49.7 49.3 49.3 49.4 49.9 50 49.4 48.9 48.5 48.8 49.2 49.6 49.9 50.6
41.6 42.6 42.5 43.4 43.2 42.3 41.8 42.2 41.2 41.1 40 39.7 37.1 39 39.1 39.4 39.5 39.6 38.9 38.8 38.4 37.9 34.7 34.8 34.9 31.4 30.4 33.9 36.3 36.5 37 32.6 33.6 39.6 37.1 33.2 33.6 34.5 35.2 35.9 36.3 36.7 37 37.3 37.8 38.4 39 39.6 40.1 40.5 40.8 41.1 41.3 41.8 42.7 43.5 44.1 44.7 44.9 45.3 45.8 46.3 46.6 47.4 47.7 48.1 48.4 48.7 48.9 48.7 48.9 48.1 48.3 48.3 48.2 48.2 48.4 49.2 49.2 48.9 48.6 49 49.4 49.8 50.1 50.6
41.5 42.4 40.9 43.9 42.9 43.2 42.5 42.4 41.2 40.5 40.1 40.4 39.7 37 39.5 39.7 39.7 40.2 39.4 38.4 37.9 37.5 35 36.2 36.2 36.1 31.4 33.5 36.8 34.6 35.8 37.1 39.7 35.5 35.4 34.3 33.7 33.1 34.6 35.4 35.8 36.2 36.6 37 37.6 38.2 38.8 39.3 39.8 40.2 40.7 41.2 41.3 42 42.6 43.2 43.8 44.4 44.8 44 45.2 45.6 45.9 46.5 47.3 47.6 47.9 48 47.8 47.8 47.3 46.5 46.3 47.2 46.9 47.6 48.2 48.6 49.6 49.2 48.9 49.4 49.8 50 50.1 50.3
42.5 42.7 43 43.9 43.9 43.5 43 42.3 41.6 40.6 40 39.8 38.4 39.4 39.7 39.6 39.9 40.2 40.1 38.3 37.8 38.3 37.1 37.4 37 36.6 35.5 34.2 36.1 36.2 36 36.3 36.9 35.9 36.1 35.6 35.4 35.2 34 34.8 35.2 35.6 36.2 36.8 37.3 37.9 38.5 39 39.5 40 40.4 40.9 40.8 41.8 42.4 42.9 43.5 44 44.6 44.8 44.7 44.6 45.1 45.5 46.6 47.1 46.3 45.5 46.3 47.1 46.7 46.7 47.1 47 48 48.9 49.5 49.1 49.9 49.7 49.4 49.9 49.6 49.8 49.9 50.2
42 42.9 42.7 43.7 44.1 43.7 43.2 42.4 41.7 41 40.1 40 39 40 39.9 40.3 40.4 40.2 40.2 39.4 39.6 46.9 46.2 36.9 37.3 36.8 36.4 30.1 30.4 35.6 37.2 37 37.1 37.2 37.5 36.4 36.1 35.3 34.4 34.3 34.9 35.5 36.1 36.5 37.2 37.6 38.2 38.7 39.2 39.7 40.2 40.9 41 41.4 42 42.5 43.1 43.7 44.4 44.6 44.7 44.4 44.4 44.5 45.1 46 44.4 46 47.1 47.7 48.1 47.6 48.1 48.2 49.1 49.8 50.6 49.9 50.4 50.1 49.6 49.6 49.7 49.9 49.9 50.1
42 42.7 43.9 44 44.3 43.9 43.4 42.5 42.2 41.3 40.3 40.7 39.3 39.5 40 40.9 40.9 40.7 40.2 40.9 45.4 47.6 47.5 42.8 37.5 37.5 37.2 35.5 32.5 31.2 37.1 37.4 37.5 36.9 37 37.9 36.4 35.6 33.7 34.8 35 35.4 36 36.3 37.3 37.4 37.9 38.5 38.9 39.6 40.3 41 41 40.9 41.6 42.1 42.7 43.3 44.2 44.4 44.5 44.5 44.4 44.3 44.2 44.3 45.2 46.8 47.5 48.1 48.2 48.1 48.6 49 49 49.7 49.6 49.7 49.7 49.6 49.5 49.8 49.8 50 50 50
43.3 43.8 44.8 44.5 44.3 44 43.8 43.1 42.6 41.7 40.9 40.1 40 39.6 40 41.8 40.8 40.4 40 49.8 49 46.3 47.5 47.2 38.4 38.1 37.8 37.1 33.6 30.7 32.9 37.1 37.2 37 36.4 37.3 36 36 36.2 34.8 34.9 35.4 35.9 35.4 37.1 37.4 37.7 38.2 39 39.7 40.5 40.9 41 41 41.2 41.7 42.3 43.3 44 44.2 44.2 43.8 43.4 43.3 43.7 44.1 45.2 46.8 47.6 48.8 48.7 48.6 48.8 49.1 49.3 49.5 49.7 49.7 49.6 49.5 49.4 49.8 49.9 50 50.1 50.1
44.3 44.2 45.1 45.1 44.9 44.5 44.1 43.7 43 42.4 41.6 40.7 40.1 39.7 40 42 41 40.1 48.3 50.9 48.1 50.7 45.6 47.1 46.9 38.4 38 37.3 33.7 31 31 37 37 36.7 36.3 36.9 36.9 37 36.5 35.7 35 35 35.7 35.8 36.4 37.2 37.5 38.1 39.2 39.9 40.7 40.9 41 41.1 40.8 41.3 41.9 43.3 43.8 44 43.5 43.1 42.7 42.7 43.5 44.3 45.4 46.8 47.6 45.3 48.7 49.1 49.4 49.2 49.4 49.4 49 50.2 49.5 49.4 49.3 49.5 50 50.1 50.1 50.2
44.1 44.4 45.3 45.3 45.4 44.4 44 43.7 43.1 42.9 42.2 41 40.3 39.7 40.3 41.5 41.8 45.5 50.8 50.7 50.6 48.7 51.2 45.8 46 40.1 38.5 37.1 34.1 30.6 32.5 35.6 37.1 36.8 36.4 36.3 37.5 36.8 36.6 36.4 35.3 35.4 35.7 36 36.4 36.9 37.6 38.2 39.1 40 40.3 40.9 41 41.1 40.7 40.9 41.9 43.4 43.6 43.3 42.9 42.7 42.8 42.9 43.7 44.5 45.5 46.7 47.4 47.9 48.6 48.5 48.6 49.3 49.5 49.5 49.4 49.6 49.4 49.3 49.2 49.1 49.9 49.7 48.6 47.7
44.7 44.8 44.7 45.3 45 44.5 44.1 43.7 43.7 43.6 41.8 41.2 40.6 40 39.7 40.4 51.2 51.5 51 50.9 50.7 50.8 51.3 49.7 45.1 45.1 38.6 36.9 35.6 31.6 31.1 34.9 36.7 37.3 37 36.7 37.8 36.9 36.7 36.6 36.3 36.1 35.7 36.2 36.6 37.1 37.3 37.8 38.7 39.2 39.6 40.2 40.8 41.1 40.9 40.6 41.9 43.3 43.1 43 43.1 43.2 43.2 43.4 43.8 44.7 45.5 46.3 46.9 47.9 48.6 48.7 49.1 49.2 49.6 49.6 49.5 49.1 49.3 49.4 48.9 47.3 46.9 44.6 45.1 45.4
44.9 44.7 44.8 45 44.8 44.4 44.1 43.8 43.6 43.5 42.8 41.5 41 40.5 40.3 40.3 48 51.5 51.8 50.9 50.8 51.9 51.1 50.9 43.7 44.2 42.2 38.8 36.9 31.9 32.9 40.2 40.3 37.5 37.3 36.8 38.1 36.9 36.9 36.7 36.2 35.7 35.2 35.4 36.9 37.3 37.3 37.6 37.9 38.4 38.9 39.5 39.8 40.5 40.5 41.5 42.6 43.1 43.4 43.4 43.5 43.6 43.7 43.8 44 44.8 45.6 46.1 46.7 47.8 48.2 48.2 48.3 49 49.3 49.4 49.3 48.8 49 48.3 47 45.2 45.3 45.6 46.5 46.7
44.7 44.9 45.1 45.1 45 44.4 43.9 43.6 43.4 43.3 42.7 41.7 41.3 40.8 40.2 39.7 40.3 51.3 51.7 50.5 52 51.6 50.8 50 48.9 43.3 43.8 39.9 37.4 31.5 32.7 38 38.5 39.2 36.6 36.3 38.6 36.8 36.8 36.8 35.9 34.8 36 36.5 38 39.8 37.4 38 38.6 38.6 39.5 39.5 40 40.3 41.1 42.1 43.1 42.6 43.6 43.7 43.8 43.9 44.2 44 44.1 45 45.8 46.3 46.6 47.4 48.2 48.1 47.9 48.1 49.2 49.2 48.9 48.4 47.9 46.3 44.4 44.9 46.1 46.9 47.4 47.9
44.3 44.5 45.3 45.4 45.1 44.7 43.8 43.6 43.3 43.1 42.6 42.7 41.9 41.3 40.5 40 40 46.2 51.3 51.6 51.6 51.3 50.9 50.1 50.7 44.5 39.9 39.7 37.5 31.6 33.8 37.5 38.4 42.3 37 36.8 39.6 38.8 36.8 36.8 37 35.8 35.4 36.7 37.4 38.2 38 38.3 38.7 39.5 40.3 40.9 40.8 41.2 41.7 42 42.4 43.4 43.9 43.9 44.5 44.7 44.7 45.1 44.8 44.8 45.3 45.5 46.4 47.3 47.9 48.3 48.5 48.6 49.1 49 48.7 47.7 47.2 44.8 44.4 45.2 46.5 47.5 48 48.8
44.7 44.4 45.2 45.5 45 44.3 43.7 43.8 43.5 43.2 42.9 42.7 42.2 41.5 40.9 40.2 40.1 40.3 50.8 51.3 52.3 51.5 50.9 50.6 50.8 47 39.7 39.4 39.5 33.2 32.8 35.5 37.9 39.1 39.6 38.8 39.6 38.9 38.7 38 36.7 35.8 35.3 35.9 36.9 37.1 38.4 38.5 38.5 38.8 40.4 41.1 41.8 42 42.3 42.6 42.7 43.6 44.2 44.5 44.6 44.7 44.8 44.9 44.9 44.8 45.1 45.6 46.2 47.1 47.2 47.6 48.6 48.4 48.4 48.4 48.1 46.8 45.2 44.1 45 46.5 47.2 48 48.7 49
44.5 44.3 45.2 45.3 45.2 44.2 44.2 43.8 43.4 43.2 43.1 42.9 42.7 42.1 41.2 40.5 40.3 40.1 40.3 51.6 51.8 51.4 51.4 46.6 46.5 46.4 40.1 40 37.4 38.3 33 33 36.9 38.6 39.5 39.5 39.5 39.1 37.8 37.6 36.8 36.3 35.8 36 36.8 37.5 38.1 38.4 39.3 39.1 40.1 41.1 41.8 42.5 42.8 43 43.2 43.9 44.6 44.7 44.8 44.5 44.6 44.8 44.8 44.9 45.2 45.8 46.4 46.7 46.6 46.7 47.6 48 47.9 47.2 45.9 44.6 43.7 44.3 45.3 46.9 47.8 48.7 48.1 49.5
44.5 43.9 45.2 45.3 45.2 44.9 44.6 44 43.4 43.3 43.4 43.5 43 42.5 41.8 40.8 40.4 40.2 40.2 42.2 51.2 50.3 45.6 46 46.3 46.4 47.2 40.1 40.2 40 36 33.4 34.7 36.8 38.1 38.7 38.3 38 36.9 37 37.2 36.7 36.3 36 36.7 37.2 37.8 38 38.8 39.4 40.4 41.4 42.2 42.7 43.1 43.5 43.7 44.3 44.7 44.9 45 44.4 44.3 44.8 44.8 44.1 45.3 45.4 45.3 44.7 45.5 45 45.6 45.1 44 44.6 44.1 43.9 45.1 45.7 46.1 47.4 48.5 49.1 48.8 49.4
43.9 44.8 45.5 45.2 45.5 45.1 44.7 44.2 43.6 43.3 43.6 43.5 43.1 42.3 42 41.2 40.4 40.6 40.8 41.3 42.6 44.6 45.5 45.5 46.3 40.5 40.8 40.8 41 41.4 40.3 36.7 33.6 33.9 33.8 35.4 34.7 35.4 34.8 36.2 36.2 36.1 35.8 35.8 36.4 36.9 37.6 37.7 38.5 39.7 40.7 41.6 42.4 42.8 43.2 43.6 43.9 44.2 44.7 45.1 44.8 44.2 44 44.8 44.6 44.4 44.3 44 43.5 43 42.6 41.6 42.1 42.5 42.8 42.9 43.6 46.2 47.2 47.7 46.7 47.2 48.1 48.8 48.6 48.8
44.7 45.7 45.5 46.2 45.2 45.2 44.6 44 43.8 43.7 43.7 43.5 43.4 42.5 42.2 41.5 41.4 41.2 40.7 40.5 40.3 42.3 45.8 41.1 40.6 40.8 40.7 41 41.7 41.6 41.1 37.6 37.1 37.3 35.2 34.1 34 34.6 33.9 34.9 35.5 35 35.6 35 35.8 34.9 36.6 37.1 38.6 39.8 40.7 41.4 42.1 42.6 42.9 43.2 43.5 43.9 44.2 44.5 44.3 43.9 43.6 43.4 42.8 43.4 43.4 42.9 40.5 41.6 42.1 42.7 43.2 44.1 44.1 42.7 45 46.5 47.6 48.5 47 48.5 48.4 48.9 49.3 49.3
45.5 46 45.5 46.2 46.2 45.4 44.9 44.4 43.6 43.7 43.7 44 43.5 42.6 42.9 41.9 40.9 41.1 41.2 41.7 41.9 40.5 41.2 40.4 42.1 41.4 40.9 40.7 42.8 42.1 43.7 40.6 36.5 37.1 37.2 35.3 34.7 35.4 35.7 36.1 35.6 35.4 36.3 35.9 35.5 36 36.6 37.2 37.4 38.8 40 40.9 41 42 42.4 42.4 42.4 42.5 42.5 42.8 43 42.3 41.2 40.5 40.6 40.4 40.7 40 42.9 42.6 43.7 44.2 44.7 45.5 46 44.8 44.4 45.9 47.3 48.5 48.7 49.2 49.1 49.6 50.8 51
45.5 46.2 46.7 46.7 46.1 45.8 45.5 45 44.3 44 44 45 43.7 43.2 43.3 42.5 42.6 41.7 41.8 42.2 42 42.7 40.3 40.2 41 41.2 40.8 40.5 41.3 42.5 44.2 41.5 39.6 36 35.6 34.5 33.9 34.9 36.3 38.5 37.7 36.6 37 36.6 36.3 35.4 36.3 35.4 35.5 37.1 39.3 39.2 39.8 40.4 40.8 40.3 40.2 40.1 40 39.8 38.4 39.4 39.7 39.6 40.7 42.1 43 43.6 42.1 42.9 45 45.6 46.2 46.4 46.8 45.9 44.8 44.1 45.3 46.9 48.1 49.1 49.3 50.7 50.8 51.1
44.7 45.6 46.2 46.3 46.1 45.9 45.7 45.3 45.1 44.5 43.9 43.4 43 42.8 42.6 42.4 42.1 41.4 41.7 42 42.5 42 41.4 40.4 40.6 40.8 40.7 41 41 41.3 41.5 43.9 39.9 39.7 36.6 35.2 34.2 35.2 37.1 39.2 38.8 37.9 37.6 37.1 36.7 36.2 36.3 36.5 36.2 35.9 37.6 37.3 38 38.2 38.4 38.9 38.1 38.5 38.6 39.1 40.4 41.5 42.2 42.7 42.4 43.3 44.1 44.2 42.1 42.1 44.1 46.4 46.4 46.3 45.9 46.8 46.8 45.4 44.3 45.6 46.6 47.8 48.9 50.4 51 51.2
44 45.2 46.1 46.3 46.1 46 45.7 45.6 45.5 44.8 43.7 43.4 43.2 42.6 42.4 42.5 42.1 41.5 42 42.5 42.2 41.6 41.3 40.9 40.4 40.9 41.2 41 40.6 41 41.4 41.6 41.1 39.9 38.9 36 35.2 36.2 38.3 39.9 39.6 38.8 38 37.6 37.2 37.2 37.4 37.2 37.6 36.9 37.3 38.1 38.3 37.5 38.7 38.5 40 40.9 40.8 40.2 41.2 42.8 43.6 44.4 43.8 44 44.7 44.8 43.9 42.1 43.6 46.3 47.2 47.3 47.4 47 46.9 46.4 45.3 45.8 47.2 47.4 48.2 49.9 51.2 51.1
44.1 44.6 46 46.2 46.1 45.8 45.7 46.1 46.2 45.5 44 43.3 43.2 42.4 42.4 42.5 41.9 41.3 40.9 42.2 41.8 41.3 41.2 41.3 40.9 40.8 41.2 42.1 40.6 40.7 40.4 41.6 42.4 41 39.6 37.2 35.6 36.7 38.7 39.7 39.6 38.8 38.4 38.1 37.7 37.3 37 37.6 37.5 37 38.5 39.3 40.1 39.5 40.5 40.8 41 42.1 42.6 42.2 41.2 42.4 43.3 44 44.7 44.8 45.3 45.3 45.4 44.5 44.4 46.3 47.6 48.2 48.5 47.1 46.6 46 45.6 45.7 47.3 48.4 48.2 48.2 49.3 49.9
45.2 45.3 45.7 46.2 46 45.7 45.6 46 46 45.8 45.1 43.6 43.5 42.5 42.6 42.4 42.2 40.8 41.1 42.4 41.7 41.6 41.9 41.5 41.1 41 40.8 42.6 43.3 42.5 41.1 41.6 41.7 41.3 41 39.7 36.3 37.8 39 38.4 38.7 39.1 38.9 38.5 38 38 37.9 38.2 37.6 38.4 39.3 40.1 40.8 41.5 41.4 41.4 41.4 41.7 42.8 42.8 42.4 41.3 42.4 43.6 45.2 45.8 46 46.3 46.5 46.7 46.6 46.2 46.3 46.2 45.9 45.8 45.6 45.1 45.1 45.2 45.4 46.5 48 47.6 49 49.4
45.6 45.7 46.2 46.1 45.7 45.7 45.3 45.8 45.9 45.7 45.5 44.1 43.7 42.8 42.6 42.3 42.1 42.4 40.8 42.1 42.2 42.3 42.3 41.7 41.1 40.9 40.1 41.2 43.1 43.5 41.4 41.6 41.5 41.4 41.6 42.6 40.2 38.8 40.5 40 39.4 39.3 39.3 39 38.9 38.8 38.7 37.9 38 38.4 39.1 40.3 41.2 42.5 42.5 42.2 42.7 42.6 43 43 43.4 42.7 42.4 43.1 44.2 45.7 46 46.6 47 47.2 47.5 47.8 47.6 46.5 44.9 45 45.9 44.7 44.3 45.7 46.4 45.1 46.9 46.5 48.6 49.3
45.8 46 46.4 46.1 46.2 45.6 45.1 45.5 45.8 45.6 45.4 45.3 43.7 43 42.9 42.8 42.6 42.4 42.2 40.3 42.2 42.5 42.5 42.1 41.9 41.7 39.9 39.7 41 42.9 42.6 41.7 41.4 41.4 41.3 42.6 42.6 39.8 40.9 41.6 40.5 39.6 39.4 39.6 39.4 39.1 38.5 37.9 38.3 38.8 39.2 40.4 41.5 42.6 43.1 43.2 43.1 43.1 43.3 43.4 44 44.5 43.9 43.5 43 44.4 45.9 46.8 47.4 47.7 47.8 47.7 48.1 48.6 47.8 48.4 49 48.1 47 46.7 46.9 47.5 47.7 47.4 47.4 49.6
45.8 46.1 46.3 46.7 46.4 46 45.5 45.2 45.5 45.5 45.2 45.2 44.1 43.3 43.1 43.1 42.9 42.9 42.8 41.8 41 42.5 42.5 42.4 42 41.1 39.8 39.6 41 42.5 41.5 41.4 41.4 41.4 41.3 41.2 42.6 44 41.1 41.6 40.9 40 39.2 40.1 39.6 39.1 38.6 38.2 38.5 38.9 39.8 40.9 41.8 42.8 43.4 43.5 43.6 43.5 43.5 44 44.4 44.9 44.7 44.7 44.3 42.5 44.4 45.7 46.7 47.4 47.3 47.5 47.8 48.5 49 49.4 49.5 49.4 48.2 47.7 47.6 47.4 47.8 47.7 48.9 49.5
45.1 46.1 46.1 46.2 45.5 45.1 44.6 42.8 43.4 44.4 45.6 45.2 44 43.6 43.4 44 44 43.8 43.6 43.3 41.9 41.7 42.4 42.1 41.4 40.8 40.4 40.4 41.5 43.4 42.7 41.5 41.4 41.3 41.2 41.2 41.3 42.6 42.1 42 41.2 40.3 39.7 40.2 40.1 39.8 39.5 38.8 38.1 39.5 40.4 41.4 41.8 42.6 43.4 43.4 43.6 44 44.2 44.2 44.7 45.2 45 45.1 45.1 43.9 43.9 44.5 45.5 46.3 46.7 47.1 47.6 48.3 49.1 49.4 49.8 49.7 48.7 48.6 48.5 48.3 48.2 48.5 49.8 49.3
46 46.2 46.1 46.3 46.1 44.7 42.2 40.1 41.7 45.4 45.8 45.1 44.4 44.5 45 44.9 44.7 44.4 44.4 43.8 43.4 41.3 42 41.7 41 41.4 41.7 41.4 41.8 42.7 43.4 41.4 41.4 41.3 41.2 41.3 41.6 41.5 43.8 41.4 41.3 40.5 40.2 40.1 40 40.3 38.8 39.6 38.4 39.1 40.2 40.6 40.9 42.7 43.4 43.4 44 44.6 45 44.7 45 45.4 45.3 45.4 45.5 44.7 44.8 45 44.3 45.3 46.1 46.7 47.5 48.4 48.4 48.6 49 49.6 49.4 49.1 49 48.7 48.7 49.3 49.5 50.3
44.6 45.1 46.3 46.5 46.2 45.9 42.6 38.2 41.3 45.4 45.4 45.4 44.6 44.3 45.4 45.2 44.9 44.6 44.4 43.9 43.6 41.9 41 41.6 41 42 42.7 42.3 41.9 42.6 43.2 43.4 41.4 41.3 41.2 42.5 41.9 41.7 41.7 41.7 41.7 40.7 40.7 40.4 40.1 41 39.6 38.8 38.7 39.8 40.5 41.3 41.7 42.5 43.1 43 43.5 44.3 45.1 45.4 45.2 45.6 45.7 45.7 45.9 45 45.7 46.1 45.5 45.4 46.2 47.1 47.3 47.1 46.9 47.3 47.7 48.3 49.2 49.5 49.1 49 49.8 50.5 50.2 50
