data/SJ90.asc
ncols 200
nrows 200
xllcorner 390000
yllcorner 300000
cellsize 50
[rows 35 to 69 of 200, columns 0 to 77 of 200]
97.2 97.9 97.4 96.9 96.3 96 95.9 95.8 95.8 96 96.2 96.5 96.7 96.9 97.2 97.4 97.7 98 98.2 98.5 98.8 99 99.3 99.5 99.2 98.8 97.9 97.6 96.3 99.6 101.8 102.7 102.5 100.1 98.4 99 98.3 98.2 98.1 98 98 97.8 97.8 97.7 98.1 98.1 97.3 96.9 96.6 97.5 97.7 98.1 98.5 98.4 98.6 98.6 97.2 98.9 99.6 100 100.9 101.7 102.3 102.7 103 103.4 104 103.7 104 104.4 104.7 104.9 105.2 105.2 105.3 105.1 104.7 104.5
97.4 98.2 97.9 97.5 96.9 96.4 96.3 96.1 96 95.9 96.1 96.3 96.6 96.7 96.9 97.2 97.4 97.7 98 98.2 98.5 98.8 99 99.2 99.1 98.7 98 99 98.9 98.3 100.4 102.2 102.6 100.6 97.8 98.2 98.1 97.8 97.5 97.3 97.2 97.7 97.9 97.8 96.6 97.1 97.2 97.3 96.9 97.2 97.5 97.9 98.1 98.2 97.2 98.7 98.6 99.2 100 100.4 100.8 102.3 103.2 103.7 104.2 104.4 104.7 105.2 105.6 106 106.1 106.2 106.5 105.8 105.4 105.6 105.2 105
96.9 98.4 98.6 98.4 97.6 96.8 96.7 96.5 96.3 96.2 96 96.2 96.4 96.6 96.6 96.9 97.2 97.4 97.7 98 98.2 98.5 98.7 99 99 99.4 98.8 99.5 98.5 97.4 97 100.1 101.7 99.9 101.8 97.4 97.1 97.2 97 96.8 96.7 96.8 97.1 96.3 96.8 97.7 98 98 98.4 98.7 98.6 99.2 99.6 100.3 100.9 100.1 99.9 99.5 100.2 100.8 101.4 102.7 103.9 104.6 105 105.3 105.7 106.2 106.6 107 107.4 107.6 107.9 107 106.1 105.6 105.2 105.3
95.8 97.4 97.7 98.4 97.9 96.8 96.3 96.4 96.4 96.5 96.4 96.2 96.3 96.4 96.4 96.6 96.9 97.1 97.4 97.7 97.9 98.2 98.4 98.8 98.8 99 98.7 98.6 97.7 96.9 97 99.2 99.7 100.2 103.6 96.7 96.4 96.5 96.5 96.4 96.5 96.6 96.3 96.9 97.5 98.2 98.8 99.1 99.6 100 101.2 101.9 102.5 103.6 103.2 103.3 102.3 100.7 99.6 100.2 102.4 104.5 104.5 105.3 105.9 106.3 106.7 107.1 107.5 108.2 108.8 108.9 109.1 108.4 107.6 107.2 106.5 106.2
94.3 95.3 96.2 97.1 98.1 96.9 95.7 95.7 95.8 95.9 96 96.1 96.2 96.3 96.3 96.3 96.6 96.9 97.1 97.4 97.7 97.9 98.2 98.2 98.2 98.6 99.5 98.8 97.8 96.9 97 97.7 100.1 100.8 103.1 97 96.7 96.6 96.2 96.1 96.3 95.9 96.6 97.5 98.3 99.1 99.3 100.1 101.1 101.5 102.3 103.4 104.3 105 105.2 104.8 104.3 101.9 100.4 100 101.5 104.5 104.8 105.7 106.6 107.3 107.7 108.1 108.6 109.3 110 109.9 110 110 108.8 108.3 107.6 107.2
93.4 95.1 96.2 97.3 98.1 97.1 95.4 95.1 95.2 95.3 95.4 95.5 95.7 95.8 96 96.2 96.3 96.6 96.8 96.9 97.1 97.2 97.4 97.2 97.2 97.5 98.6 97.2 96.8 97.1 97.3 97.5 99.3 98 97.6 97.2 96.3 95.7 96 96 96.5 97.1 98 98.8 99.4 99.6 99.8 100.3 101.4 102.5 103.5 104.3 105.2 106 106.4 106.6 106.5 104.5 101.6 100.8 101.5 104.3 105.1 106 106.7 107.5 108.1 109.1 109.7 110.3 110.2 110.3 110.4 110.6 110 108.9 108.5 108.1
92.6 94.5 96.5 97.5 98 96.1 95.4 94.5 94.6 94.7 94.9 95 95.1 95.3 95.5 95.2 94.9 95.1 95.5 95.9 96 96.2 96.5 96 96 96.6 96.8 94.5 97 97.2 97.4 97.4 97.3 96.4 96.7 95.7 95.5 96 96.8 97.4 97.8 98.5 99.4 99.7 99.9 100.1 100.4 100.6 101.6 102.7 103.9 105.1 106.2 107 108.3 108.8 108.1 106.6 103.9 101.3 101 101.5 103.6 105.6 106.2 107.3 107.7 108.3 109.5 109.8 110.2 110.5 110.7 110.8 110.2 109.7 109.3 108.8
91.7 93.6 95.4 97 97 95 94.4 93.8 93.7 93.9 94.2 94.4 94.6 94.4 93.9 93.5 93.2 93.1 93.4 94 94.7 95.2 95.3 95.2 95.4 96.2 96.5 96.3 96.2 96.1 96.4 96.2 96 95.8 95.8 99.7 95.9 96.8 97.6 98.5 99.1 99.7 99.9 100.2 100.4 100.7 100.9 101.1 101.9 103 104.1 105.4 107.2 108.3 109.7 110.1 109.5 107.8 105.5 102.7 101 101.5 103.5 105.2 105.9 107 107.6 108 109 109.4 109.8 110.2 110.6 110.7 110.5 110.2 109.7 109.3
90.6 91.5 93.1 94.1 94.1 93.8 93.8 93 92.9 92.7 92.8 93 93 92.4 92.3 91.8 91.5 91.5 92.7 92.6 92.8 93.3 93.5 95 94.5 95.2 95.2 95.5 95.5 95.4 95.5 95.2 95.1 94.9 95.2 104.4 96.8 97.6 98.4 99.1 99.7 99.9 100.3 100.7 100.9 101.2 101.4 101.7 102.1 103.2 104.4 105.7 107.4 109.1 110.4 111.7 110.3 109 106.9 104.1 101.7 101.6 101.9 104.2 105.6 106.8 107.5 108.2 108.7 109.1 109.4 109.9 110.3 110.4 110.5 110.5 110.2 109.7
90.2 90.1 90.6 91.5 91.4 92.5 92.4 91.5 91.6 92 91.8 91.7 90.8 91.8 90.9 92.3 92.7 93.1 93.1 93.1 93.1 93.1 93.6 92.2 93.5 93.4 93.8 94 94.6 94.8 94 94.2 94.2 93.6 95.4 104.8 97.2 98 98.7 99.3 99.7 99.5 100 100.3 100.7 101.1 101.4 101.8 102.2 103.4 104.6 105.9 107.3 109 110.5 111.6 111.2 109.8 108.3 105.6 103.2 102.1 102 102.8 105.1 106.4 107.4 107.9 108.3 108.7 109.1 109.7 110 110.1 110.2 110.7 110.5 110.1
90.5 90.5 90.5 90.7 90.9 91.2 91.5 91.4 91.1 91.3 91.4 91.3 91.7 91.8 92.4 92.7 93.3 93.8 93.7 94.2 93.6 93.9 93.8 94.8 93.4 93.6 93.9 93.4 93.5 94 94 93.6 95 95 95.7 101 97.6 98.2 98.8 99.4 99.7 99.6 99.6 100 100.4 100.7 101.1 101.5 102.3 103.4 104.6 105.8 107.1 108.1 109.8 110.4 110.8 110.4 107.2 106.8 104.5 102.4 102.3 102.7 104.1 105.7 106.8 107.5 108 108.4 108.9 109.4 109.7 109.8 110.2 110.6 110.4 110
89.5 90 90.8 90.9 91 91 91.1 91.1 91.2 91.3 91.5 91.7 92.8 93 93.3 93.5 93.8 94.4 94.8 95.4 95 94.7 94.9 94.7 95.1 94.6 93.2 92.5 93.1 94.6 95.1 95.6 95.4 95.9 96.3 96.5 98.3 98.6 98.9 99.4 99.7 99.6 99.3 99.7 100 100.4 100.8 101.1 102 102.6 103.8 105 106.2 107 108.1 109.3 109.8 110.1 108.6 107.7 105.2 103.7 102.5 102.9 103.2 104.9 106 107 107.6 108.1 108.7 109.2 109.4 109.7 110.1 110.4 110.7 110.4
90.2 90.5 90.8 90.6 90.9 91 91 91 91 91.2 91.9 92.1 93.5 93.6 94 94.4 94.6 95.6 97 96.6 97 98 97.6 97.3 97.3 97.1 95.6 95.6 96 96 96.6 97.1 97.1 96.6 96.6 96.7 96.3 97.5 98.6 99.4 99.6 99.7 99.4 99.2 99.7 100.1 100.3 101.3 101.5 101.9 102.9 104.2 105.4 106.1 106.7 108 108.5 108.7 108.5 107.6 106.1 104.3 102.8 103.2 103.2 104.3 105.2 106.3 107.4 107.9 108.5 109 109.3 109.6 110 110.5 110.5 110.6
92.4 92.5 92.7 92.2 90.5 90.9 91 91.6 92.2 92.7 92.8 93.1 93.9 93.9 94.5 95.3 96.1 96.9 97.3 97.4 97.8 98.3 98.7 99 99.8 100.1 99.9 98.9 98.4 97.9 98 98.6 98.6 98.4 97.4 97.3 102.6 98 97.9 97.9 98.7 99.4 99.4 99.1 99.2 99.8 100.2 100.5 100.9 101.4 102.2 103.3 104.5 105.1 105.7 106.4 107.2 107.5 107.9 107.1 106.2 104.7 103.1 103.2 103.4 103.7 104.7 105.8 106.8 107.6 108.2 108.5 109 109.7 110 110 110.4 110.6
92.8 93.1 94.4 95.1 93.5 91.5 90.8 91.3 92 92.8 93.5 94.5 95.1 95.9 96.3 96.9 97.4 97.7 97.8 98.2 98.8 99.4 100 100.5 101.4 101.5 101.4 101.1 101.2 100.2 100 99.5 100.2 99.8 99.1 98.2 105.4 97.6 97.6 97.6 98.1 97.8 98.8 98.8 99 99.3 99.8 100.6 100.4 100.9 101.6 102.5 103.6 104.2 104.8 105.4 106 106.6 107.1 106.9 106 104.7 103.8 103.7 103.9 104 104.3 105.2 106.2 106.9 107.1 107.3 107.8 108.2 108.5 108.8 109.1 110.2
93.3 94 95.1 95.8 94.7 93.1 91.3 89.6 91.8 92.6 93.5 94.8 95.8 96.5 97.1 97.3 97.7 98.2 98.4 98.6 99.2 100.1 100.8 101.6 102.4 102.5 102.4 102.2 102.3 101.8 101.4 101.3 101 100.8 100.5 99.8 105.1 98.5 98.4 98.5 98.5 98.3 98.5 99.4 100 100.3 101 101.4 101.3 101.2 101.4 102.3 102.7 103.2 103.9 104.8 105.6 105.9 106.1 106.2 106.4 105.4 104.5 104.2 104.2 104.3 104.3 104.3 105.2 105.6 105.9 106.2 106.5 106.9 106.7 106.3 107.4 107.9
93.8 94.1 95.7 96.6 95.6 94.9 94.3 92.4 91.6 92.4 93.3 94.7 96.2 97.1 97.4 97.6 97.9 98.2 98.6 98.9 99.4 100 100.6 101.3 102.1 102.6 103.1 102.9 103 102.9 102.9 102.6 102.3 102.1 101.5 100.8 101.2 99.7 99.6 99.6 99.5 99.6 100 100.5 100.9 101.3 101.8 102.2 102.3 102.1 102.2 103.1 103 102.8 103.4 104.4 105.2 105.4 105.7 105.9 106.1 106.2 105.3 104.7 104.4 104.5 104.5 104.6 104.7 105.1 105.5 106.1 106.4 106.9 107 107.5 107.4 107.3
94.3 94.5 96.1 96.9 96.1 95.3 95 93.1 91.1 92.2 93.1 94.6 96.2 97.3 97.6 97.8 98.1 98.4 98.3 98.8 99.2 99.7 100.3 100.7 101.8 102.4 102.9 103.5 103.5 103.5 103.5 103.9 103.6 103 102.5 101.9 100.9 101 100.7 100.6 100.5 100.6 101 101.5 102 102.3 102.7 103.1 103.2 103.2 103.2 103.7 103.7 103.4 103.2 104 104.8 105.2 105.4 105.6 105.8 106 105.8 105.4 104.4 105 105.2 105.6 105.5 105.5 106 106.9 107.5 108.2 108.2 108.4 108.4 108.1
94.8 95.4 96 96.7 96.5 95.7 94.3 92.4 89.9 92 92.7 94.4 95.7 96.7 97.4 97.7 97.9 98.1 98 98.4 98.8 99.2 99.8 100.3 101 101.6 102.8 103.6 104 104 104.2 104.4 104.5 103.9 103.4 102.9 101.7 103.1 101.7 101.6 101.5 101.5 102 102.5 102.9 103.2 103.5 104 104.2 103.8 103.9 103.9 104.4 104 103.7 104.3 104 104.2 104.6 103.9 106.3 106.7 106.7 103.9 104.5 105.8 106.2 106.3 106.3 106.2 106.4 107.3 108.1 109.3 109.4 110.1 110.5 109.4
95.1 95.7 96.2 96.6 97 95.8 92.3 92 92.3 92.1 92.6 94.3 95 96 97 97.5 97.7 97.7 97.8 98.2 98.4 98.9 99.3 100 100.3 100.9 102.1 103.4 104.6 104.6 104.7 104.8 105 104.3 103.9 103.5 102.9 106.2 102.7 102.6 102.5 102.4 102.9 103.5 103.9 103.7 104.1 104.6 104.8 104.9 105.1 105.1 104.7 103.9 104.4 104.2 104.3 104.5 104.8 105.3 105.7 105.7 106.4 106.8 106.9 106.8 107.1 107.1 106.9 106.8 107.2 107.7 108.1 108.6 109.6 110.1 110.6 110.8
95.4 95.7 96 96.3 96.1 94.6 91.5 92.6 93.5 92.8 93.1 93.7 94.4 95.3 96.3 96.8 96.9 97 97.3 97.8 98 98.5 98.7 99.2 99.6 100.3 101.2 102.5 103.7 105.1 105.2 105.2 105.4 104.9 104.6 104.2 103.9 106.6 103.5 103.5 103.5 103.3 103.9 103.8 104.1 104.5 104.9 105.4 105.6 105.7 105.8 105.8 105.5 105.2 104.4 104.5 104.8 105 105.2 105.5 105.8 106.1 106.9 107.4 107.7 107.7 107.8 107.6 107.5 108.1 108.2 108.4 108.5 108.7 109.6 110.1 110.7 111.5
95.1 95.5 95.6 96 94.9 92.4 91.8 92.7 93.6 93 93.4 93.7 94.5 95.5 95.9 96.2 96.3 96.4 96.3 97 97.7 97.7 98.1 98.7 99.2 99.7 100.4 101.4 102.7 104.2 105.3 105.6 106.1 105.6 105.2 104.8 104.5 105.9 104.3 104.1 104.3 104 104.8 104.7 104.9 105.3 105.7 106.2 106.3 106.5 106.5 105 105.5 106 105.7 105.4 105.4 105.6 105.8 105.7 106 106.6 107 107.4 107.6 108.3 108.4 108.3 108.3 109 108.7 108.8 109.1 109.3 109.7 110.4 111.2 111.9
94.5 94.9 95.2 95.4 94.3 92.8 91.7 92.1 93.5 93.4 93.4 93.6 94.2 95.2 95.5 95.7 95.8 96 95.1 95.5 95.9 95.9 96.7 98 98.2 98.5 99.2 100.3 101.7 103.2 104.7 106.2 106.2 105.8 105.7 105.4 105.1 105 104.7 104.6 104.6 104.8 105.3 105.8 105.7 106.1 106.5 107 107.1 107.2 107.4 107.3 107.1 106.9 106.6 106.3 106 106.1 106.5 106.3 106.3 106.6 106.9 107.2 107.9 108.5 108.6 108.8 109 109.1 109.3 109.4 109.6 109.9 110.2 110.8 111.5 112.4
94.3 94.3 94.5 94.7 93.9 93.1 91.6 91.6 92.1 92.5 93.2 93.4 93.4 94.2 94.5 95.6 94.5 94.6 95 95.3 95.8 96.1 95.9 96.9 97.3 97.9 98.4 98.7 100.7 102.3 103.8 105.4 105.9 106 105.8 105.7 105.5 104.9 104.6 105 105 105.3 105.7 106.1 106.6 107 107.3 107.7 108.1 108.3 108.2 108 107.8 107.6 107.3 107.1 106.8 106.4 106.6 107.1 106.6 106.3 106.9 107.5 108.1 108.6 109.1 109.4 109.6 109.7 109.8 110 110.2 110.6 110.9 111.2 111.9 112.8
94.9 94.5 93.6 93.9 93.7 93.8 92 91.9 92 92 92.6 93.4 93.5 93.3 94.1 94.2 94.5 94.7 94.6 95.6 96.3 96.9 96.8 96.6 97.5 97.6 97.8 98.3 99.8 101.4 103.4 104.4 105.5 105.4 105.4 105.4 104.8 104.9 106.2 104.5 105 105.3 106 106.5 106.9 107.3 107.8 108.4 109.2 109 108.8 108.5 108.3 108.2 108 107.9 107.5 107 107.3 107.9 107.4 107 107.1 107.7 108.2 108.8 109.3 109.6 110.1 110.3 110.4 110.6 110.9 111.2 111.6 111.9 112.6 113.4
95.3 95 94.8 94.5 94.4 94 92.6 92.5 92.5 92 92.6 93.3 93.9 93.9 93.6 94.1 94.6 94.7 95.8 97.1 98 98.6 98.6 98.4 98.3 97.6 97.1 97.8 99.3 100.7 101.7 102.7 103.7 104.5 104.8 104.2 103.9 103.7 107.3 103.8 104.5 105 105.7 106.7 106.5 107.8 108.4 109.1 109.4 109.4 109.3 109.1 108.8 108.7 108.6 108.5 108.5 106.9 106.9 108.1 108.3 108 107.5 107.7 108.3 108.8 109.4 109.9 110.4 111 111 111.3 111.6 111.9 112.3 112.6 113.2 114.2
96 96 95.7 95.6 95.2 94.7 94.3 92.7 93.1 92.6 92.6 93.5 93.6 94.3 93.6 94.5 95.2 96.2 97.2 98.3 99.8 99.7 99.6 99.6 99.6 99.3 98.3 97.6 98.7 99.7 100.5 101.4 102.1 102.9 103.2 102.8 102.4 102.5 104.6 103.3 104 104.7 105.5 105.4 106.5 108.3 109 109.4 109.5 109.5 109.7 109.6 109.4 109.3 109.2 109.1 109.1 109.3 107.1 109.4 109.3 108.8 108.4 108.2 108.2 108.8 109.3 110 110.6 111 111.6 112 112.3 112.7 113 113.3 113.8 114.8
96.5 96.9 96.8 96.6 96.1 95.5 94.9 94.2 93.8 92.8 92.6 92.7 93.9 94 94.9 96.2 96.8 97.8 96.7 99.6 99.6 100.5 100.5 100.7 100.8 100.6 99.7 98.6 98.2 98.7 99.5 100.2 100.7 101.3 101.6 100.8 101.4 101.6 102.3 102.7 103.5 104.4 104.8 105.5 106.8 108.3 109.1 109.6 109.7 109.7 109.8 109.9 110.1 109.9 109.9 109.8 109.8 110.1 110.2 110.2 110 109.6 109.2 109.1 109 108.9 109.2 110.1 110.6 111.4 112.3 112.7 113 113.4 113.7 114.1 114.5 115.4
98 98.5 98 97.5 97 96.3 95.3 94.3 93.8 93.1 92.6 93.4 94.4 95 95.5 96.1 97.6 98.6 99.3 99.1 101.1 101.8 102 102.1 102.4 101.8 101.3 99.6 99.3 98.7 98.7 98.6 99.5 99.6 100.3 100.9 101.4 101.7 102.2 103 103.2 103.9 104.3 105.6 106.9 108.2 109 109.5 110 109.9 110 110.3 110.7 110.6 110.6 110.4 110.5 110.8 111 111.1 110.8 110.3 110.1 110 109.9 109.8 109.5 110.2 110.8 111.8 112.8 113.3 113.7 114.1 114.4 114.8 115.1 116
99.5 100 99.8 97.8 97.8 96.9 95.9 94.9 93.9 93 92.7 94.2 94.7 95.4 96.1 96.8 97.4 98.4 99.5 100.3 102 102.9 103.5 104.1 104 103.6 103.6 101.4 100.3 99.8 99.4 99.3 99.7 100.3 101.3 102 102.6 102.8 103 106.6 103.1 103.4 103.8 105.1 106.3 107.5 108.4 109.3 109.9 110.2 110.3 110.7 111.1 111.3 111.2 111.2 111.2 111.5 111.7 111.9 111.5 111.1 110.9 110.8 110.6 110.3 109.9 110.3 111.2 112.2 113.2 113.9 114.3 114.7 115.1 115.4 115.8 116.8
101.2 102.1 101.2 99.8 98.3 97.4 96.4 95.4 94.2 93 93.2 94.8 95.5 95.8 95.3 96.4 97.8 98.6 99.3 101.5 102.3 103.8 104.6 106.1 105.5 105 104.7 103.6 101.8 101.3 100.9 100.3 99.9 100.8 101.9 103 103.8 103.8 103.7 104.7 102.8 104.3 103.6 104.5 105.7 106.7 107.6 108.5 109.4 110.3 110.7 111.1 111.5 111.9 111.8 112 112.3 112.7 112.9 113 112.3 111.9 111.8 111.4 111.1 110.6 110.1 110.7 111.6 112.6 113.7 114.6 114.9 115.2 115.5 115.7 116.2 117.9
102.1 102.9 102.3 101.4 99.7 98 96.7 95.4 94 93.2 93 94.6 95.2 95.4 96.2 96.8 97.6 98.4 99.1 101.5 103.3 104.1 104.7 105.7 105.9 106.4 105.2 104.8 103.6 102.8 102.3 101.4 100.5 101.3 102.4 103.6 104.4 104.5 105.1 104.2 104.4 104 103.9 103.9 105 105.9 106.8 107.8 108.8 109.8 110.9 111.5 111.9 112.3 112.6 112.6 113 113.4 113.8 114.1 113.4 112.6 112 111.5 110.9 110.4 110.2 110.9 112 112.8 113.8 114.4 114.8 115.2 115.5 116 117.1 119
102.7 103.5 103.3 102.3 100.6 98.9 96.9 95.6 94.2 93 93.6 93.2 94.1 94.6 95.6 96.4 97 97.6 98.4 100.1 101.1 103.5 104.2 106 106.1 106 106.1 105.7 105 104.1 102.7 101.9 101.1 101.8 102.8 104.4 105 105.6 106.6 105.8 106.8 104.3 104.3 104.1 104.5 105.5 106.5 107.5 108.6 109.9 110.9 111.8 112.2 112.5 113 113.4 113.8 114.2 114.6 114.7 114.5 113.4 112.1 111.8 111.6 111.4 111.2 111.1 111.9 112.7 113.4 113.9 114.2 114.6 115.6 116.5 118 120
103.4 103.6 103.5 103.3 101.6 99.4 97.3 95.9 94.5 93.9 91.7 92.6 93.9 94.1 95.6 95.8 95.9 96.9 98.3 100 100.3 101.1 103.6 105.7 105.7 106.1 106.5 105.7 104.9 104 103.2 102.5 101.7 102.2 103.3 104.5 105.3 106.3 107.4 107 108.7 105.2 104.6 104.4 104.5 105.3 106.3 107.3 108.6 109.9 110.8 111.4 112.1 112.7 113 113.3 113.9 114.5 115.1 115.1 115.2 113.7 112.5 112.1 111.9 111.7 111.5 111.6 111.9 112.4 112.9 113.3 113.7 114.6 115.9 117.1 118.4 120.3
103.9 104.2 104 103.8 102.6 99.9 97.7 96.2 94.7 93.6 91.8 92.9 93.1 93.8 94.4 94.9 94.9 95.4 97.3 98.7 99.8 100.6 101.6 103.6 104.6 105.8 106.2 105.8 105.2 104.4 103.7 103.1 102.3 102.7 104.2 104.8 105.5 107 107.6 107.6 107.6 106.3 105.6 104.8 104.7 105.2 106 107.3 108.3 109.5 110.3 111 111.6 112.3 112.4 112.9 113.5 114.1 114.9 115.4 114.9 113.6 113 112.5 112.1 111.9 111.7 112.1 112.4 112.6 112.5 112.8 113.6 114.6 116.1 117.3 118.9 120.8
