data/SJ91.asc
ncols 200
nrows 200
xllcorner 390000
yllcorner 310000
cellsize 50
[rows 0 to 35 of 200, columns 0 to 80 of 200]
130.5 129.8 128.5 127 125.5 123.8 122.1 121 120.4 120.3 119.5 118.7 117.7 117.1 118.4 118.9 118.9 120.8 123.1 125.6 127.8 128.2 128.6 127.8 126.6 125.1 123.7 122.9 122.3 122.3 121.4 117.6 112.8 106.6 101.6 98.5 96.4 95 94.7 94.1 94.1 94.8 90.1 96.7 94 93.1 91.8 90.7 90.6 83.9 84.4 81.6 79.6 77.5 76.8 76.5 77.2 78.1 78.2 78.1 76.5 74.5 74.2 73.6 73.4 73.3 73.4 73.5 73.5 73.1 72.8 72.7 72.7 73.1 73.2 73.1 73 72.8 74.4 72.5 73.1
130 129.2 128 126.4 124.8 123.5 121.2 122.5 122.2 121.6 120.9 120.4 119.5 119.9 121.3 121.5 121.8 122.7 124.4 126.3 128.2 129.2 129.2 128.4 127.1 124.7 122.6 120.6 119.2 119.1 117.9 115.3 111 105 101.3 98 95 93.7 93.8 92.9 93 94.4 91 91.8 92.5 91.8 89.8 89.3 86.6 83 82.6 80.2 78.6 77.6 77.9 76.8 76.5 78 78.1 78.2 74.6 74.2 74 73.8 73.6 73.4 73.4 73.6 73.5 73.2 72.9 72.8 73.3 73.6 74.7 74.3 74.4 72.8 72.6 72.5 72.7
129.2 128.2 126.8 125.4 124.3 123.7 123 122.8 122.6 121.6 121.4 121.6 121.9 122.6 123.4 124.5 124.4 125.4 126.5 128.1 129.1 129.5 129.2 129.3 126.5 124.2 122.7 120.3 115.8 114.4 113.1 111.5 108.3 105.2 101.3 97.7 94.4 92.3 92.1 91.4 91.3 92.4 92.9 87.6 91.8 89.4 88.1 87.8 83.9 82.5 80.6 79.3 78.8 77.5 78.4 77.1 76.3 77.9 78.1 77.9 74.3 74.3 74.1 74 73.9 73.7 73.5 73.4 73.5 73.2 73 73.1 73.3 74.8 77.1 76.8 72.9 72.9 72.6 72.5 72.7
128.1 127.3 126.2 125 124.4 123.1 122.4 122.2 122.1 121.7 121.9 122 122.5 123.3 124.4 125.3 125.7 126.4 127.3 127.9 128.2 128.5 127.8 126.7 124.9 121.6 118.3 116.9 113.9 110.6 108.3 107.7 105 105.4 102.1 97.9 94.6 92 90.3 89.5 89.4 90.1 91.1 86.1 91.6 89.1 86.9 85.9 84.5 82 79.7 78.8 78.8 77.8 78.2 76.7 77.9 78.4 78 77.3 74.3 74.4 74.3 74.2 74.1 74 73.8 73.6 73.7 74.6 73.8 73.7 74.7 78.7 80.1 79.4 76.4 73.1 72.9 72.7 72.8
127.7 127.1 126 124.4 123.7 122.7 121.9 121.5 121.5 121.7 122 122.2 122.7 123.4 124.4 125.2 125.9 126.8 127.8 128.7 128.2 128.1 128.4 127.8 126.6 124.1 120 115.5 109.7 107.5 105.5 104.8 104.9 103.2 100.9 97.8 95.3 92.4 90 88.1 87.9 88.1 88.9 89.4 84.8 88.5 86.2 84.3 83.1 81.3 79.3 80.6 78.7 78.5 77.7 78 78.6 78.9 79.1 78.4 74.6 74.3 74.1 73.9 73.8 73.7 73.8 73.9 75.8 76.2 76.1 76.5 78 79.7 80.2 80.1 78.4 73.7 73.1 73 73.2
128.6 127.3 125.8 123.5 122.7 121.8 121 120.4 120 119.9 120.7 121.2 122.1 123 123.9 124.8 125.6 126.6 127.6 128.7 128.5 129.2 129.7 129.4 127.6 124 118.8 113.4 107.7 105 103.7 102.8 102 101.5 100.6 97.7 96.1 93.3 91 89.3 87.6 86.3 86.4 87.1 83 87.5 85.7 83.4 81.1 80.1 79 79.1 78.7 78.7 77.3 77.2 77.8 78.7 79.2 78.5 74.6 74.4 74.8 74.5 74.1 73.6 73.7 73.8 74.7 76.1 76.4 77.3 78.8 80 80.3 80.4 81 76.7 73.3 73.4 73.3
128.8 127.1 124.7 122.8 121.5 120.5 119.4 119.2 118.6 118.4 119.4 120.2 121 122.1 123.1 124 125 126.4 127.5 128.6 129.5 130.3 130.9 130.7 127.9 124.3 119.4 113.5 107.2 105 102.9 100.9 100.3 99.9 99.2 98.2 96.5 94.5 92 90.3 88.6 86.6 84.8 84.9 81.7 86.9 84.8 83.2 81.3 79.3 79.1 79.5 80.2 78.4 77.2 77 77.9 78.9 79 78.3 74.7 74.3 75 75 74.6 74.1 73.7 73.9 73.7 75.3 76.5 77.7 78.9 80 80.6 82.1 83.7 79.7 74.5 73.2 73.1
128.8 126.4 123.7 122.6 121.4 120.3 118 117.6 117.2 117.7 118.7 119.3 120 121 122.2 123.2 124.5 125.9 127.3 128.6 130 131.3 130.9 130.6 127.9 124.4 120 114.3 107.4 104.7 102.1 99.9 98.9 98.5 98 98 96.4 94.8 93.1 91.2 89.5 87.9 85.8 83.5 83.4 81.2 83.5 82 80.8 78.8 79.1 79.6 79.9 79.8 77.1 77 78.1 79.2 78.8 77.9 75.3 74.4 75 75 74.6 74.3 74 73.9 73.8 75.3 76.3 78.7 79.5 80.2 81.4 84.2 86.2 85.3 77.7 73.4 73.1
130.8 129.4 127 126 123.2 121.4 118.8 116.6 115.2 115.8 116.1 117 119.6 120.2 120.5 122.7 123.5 125.8 127.3 128.7 130.3 131.3 130.7 130.1 127.2 124.6 119.1 112.6 107.8 105.8 102.4 99.6 98.3 97.5 97.1 96.9 96.4 94.9 93.4 92 90.7 89.2 87.2 84.9 82.9 79.5 81.5 80.6 79.5 79 79 79.5 79.9 79.9 78.3 77.7 78.6 79.2 78 76.7 74.7 74.6 74.9 75 74.6 74.2 73.9 73.9 73.8 76.3 77.7 79.7 80.4 80.7 82.6 85.2 86.6 85.8 80.2 75.7 74
132.5 131.3 130.2 129.1 126.5 123.1 120.3 118.7 116.2 113.5 114.4 118 119.8 120.7 121.8 123.9 123.2 125.9 127.3 128.8 130.6 131 130.4 130.4 127.9 124.4 120.2 116 112 108.4 104 100.4 98.2 96.7 95.6 95.2 94.8 94.5 93.4 92.1 91.1 90.1 88.3 85.9 83.6 79.4 81.3 80.4 79.7 79.3 78.9 79 79.6 79.6 78.3 78.1 78.6 79.3 77.2 75.5 75.2 75.1 75.1 74.9 74.5 74.1 73.9 73.9 73.7 76.6 77.7 80.3 80.4 82 83.9 85.4 85.8 85 81.5 76.3 74.3
133.9 132.2 131.3 130.5 128.6 125.6 122.4 119.7 118 114.2 113.3 117.6 120.8 122.1 124.4 125.8 126.8 127.6 128 128.9 130.3 130.9 130.3 130.2 128.4 124.9 121.5 117.5 112.9 108.1 104.4 101.3 99 96.9 95.1 93.6 93.3 93.1 92.5 91.4 90.5 89.7 88.2 86.2 84.7 83.7 79.4 80.4 79.9 79.5 79.1 78.7 79.1 79.2 78.5 78.6 78.9 79.2 76.9 75.3 75.6 75.8 75.6 75.2 74.7 74 74 74.6 76 77.2 78.3 80.5 81 82.9 84.6 85.2 85 83.3 81.4 78.2 74.9
137.2 133.1 132.3 131.5 130.2 126.9 122.3 119.2 117.9 113.6 111.8 115.6 119.4 120.9 122 126.6 127.1 128.1 127.8 128.7 129.8 130.9 130.3 129.8 126.5 123.5 118.4 115.3 112.1 108.6 104.6 101.7 99.5 97.2 95.1 93.5 91.8 91.1 91.1 90.7 89.9 89.2 88.3 86.8 85.2 83.9 79 80.7 79.8 79.3 78.8 78.1 78.8 79.1 78.8 78.6 78.9 78.8 75.5 75.7 75.9 76.1 76.1 75.7 75 74.3 74.4 75 76.2 77.6 79.1 80.4 81.6 83.8 85.2 85.4 85.5 85.5 84.1 82.1 79.2
141.8 136.4 133.6 132.3 130.4 127.5 122.8 119.2 115.6 112 110.6 113.3 116.9 120.2 123 127 126.9 126.8 127.6 129.6 129.8 129.9 129.7 127.4 123.7 120.5 116.8 113.5 111.1 108 104.8 101.9 99.6 96.9 95 93.3 91.6 90.4 89.7 89.7 89 88.4 88.1 86.8 85.3 83 78.9 81 79.8 79.2 78.9 78.5 79.1 79.2 78.9 78.3 78 77 75.8 76 76.2 76.4 75.9 75.5 75.3 74.6 74.5 75.9 76.2 77.5 78.7 80.3 82.4 84.6 85.7 85.9 86 86 86.1 84.9 82.4
142.1 138.3 135 132.9 131.1 128 123.8 120.7 116.8 112.9 110.7 111 113.2 116 119.3 122.8 126.1 124.4 128.6 130 130.6 129.4 127.2 123 120 116.5 113.4 111.3 109 105.6 103.5 101.5 98.6 96.7 94.9 93.1 91.6 90.4 89.7 88.9 88.3 87.9 87.5 86.5 84.9 83 81.8 79.4 79.8 79.1 78.6 79 78.6 79.1 78.9 78.5 76.2 76 76.1 76.2 76.4 76.2 74.9 74.5 74.5 74.5 75.6 75.9 76.2 77.7 79.2 80.8 83.2 85.3 86.7 86.2 86.2 86.3 86.4 86.5 85.1
139.3 136.8 136.1 133.2 130.8 127.9 124.1 120.8 117 113 110.6 109 110.5 112.3 114.7 118.4 122.4 126 128.6 129.8 128 126.5 122.8 120 116.7 113 110.2 108 105.4 103.8 102 100 98.1 96.2 94.3 92.5 91.2 90 89.1 88.3 87.6 86.7 86.1 85.5 84.2 82.6 81.3 80.1 79.8 79 77.6 79.4 78.7 79.2 79.2 79 78.4 76.2 76.3 76.4 76.6 76.2 74.4 74.4 74.6 74.7 76.2 76.5 76.7 77.9 78.9 81.3 84.3 86.5 87.4 86.9 86.4 86.4 86.5 86.6 86.6
137 136.6 135.6 133.1 130.9 127.4 124.3 120.9 116.9 112.9 110.6 108.4 108.9 110.7 113.2 115.8 118.4 121.5 123.6 124.4 124.4 121.9 117.1 114.3 112.7 109.4 106.9 105.2 103 101.5 100.4 98.9 97.4 95.4 93.5 92 90.9 89.7 88.4 87.3 86.6 85.6 84.7 82.9 82.9 82.8 82.2 81 80 78.8 77.5 79.6 78.9 79.2 79.1 79.2 78.9 76.2 76 75.8 75.6 74.8 74.5 74.4 74.7 75.6 76.9 77.1 77.2 78.1 78.9 81.4 85.4 87.1 87.9 87.5 87.1 86.7 86.6 86.7 87
132.9 132.8 129.6 131 128.8 126.5 123.7 120.6 116.8 112.8 110.6 107.9 108.9 110 111.6 113.1 115.1 118.3 120.2 120.8 120.1 117.6 114.6 112 109.5 106.2 104.2 102.9 100.7 99.2 98.4 97.1 95.9 94.5 92.7 91.6 90.6 89.3 88 86.7 85.6 84.6 84 83.1 82.9 83.1 82.2 81.1 82 79.1 78.1 79.5 79.1 79.3 79.3 80 78.8 77.2 75.7 75.4 75 74.6 74.5 74.4 75.2 76.7 77.1 77.3 77.5 78.1 78.9 81.3 85.2 87.4 88.2 87.8 87.3 86.9 86.5 87 87.4
128.4 129.2 129.4 128.4 126.6 124.6 122.2 119.3 116.4 112.8 110.2 108.2 108.9 108.1 110 111.8 113.8 115.5 116.7 117.2 115.7 113.9 110.8 110.2 107.2 104.4 101.9 100.4 98.7 97.1 96.4 95.3 94.2 92.9 92.2 91.3 90.2 88.9 87.6 86.1 84.7 84 83.5 82.9 82.6 82.9 82.3 80.9 83.2 79.1 78 78.9 79.2 79.6 80 80.3 78.6 77.5 76.1 75.5 74.8 74.3 74.4 74.6 76.3 77 77.1 77.3 77.5 78 79 80.9 85.1 87.5 88.1 87.6 87.2 86.7 86.5 86.3 86.9
125.9 126 126.3 124.2 124.2 121.9 119.6 117.5 114.8 112.4 109.5 107.3 106.3 106.4 108.4 110.3 111.1 112.4 111.6 113.2 111.6 109.8 107.2 105.1 104.4 102.7 100 98.1 96.8 95.7 94.8 94 92.9 91.7 91.4 90.8 89.7 88.3 86.8 85.4 84.2 83.6 83.1 82.6 81.6 80.2 80.2 79.3 83.9 79.4 77.6 79.9 79.9 79.9 80.2 80.4 79.1 77.8 76.5 75.8 75.1 74.2 74.5 75.9 77.1 77 77.1 77.2 77.4 78.1 78.7 80.4 84.8 87.6 87.8 87.5 87 86.6 86.4 86 85.8
124.4 123.7 123 122.2 120.6 118.4 117.2 116.2 113.8 111.6 108.8 107 105.4 104.3 106.4 107.9 108.7 109.5 109.3 109.1 108.1 107.2 104.7 104.3 103 100.3 98.4 96.5 95.6 94.6 93.5 92.8 91.7 90.7 90.2 89.6 89 87.9 86.5 85.3 84.1 83.4 82.9 82.2 81 80.1 79.1 77.5 78.8 84.6 79.9 80.2 80 80 80.2 80.6 79 77.3 76.4 76.2 74.3 75 74.4 76.1 77.2 77.1 77.1 77.2 77.5 78.1 78.7 80.6 84.1 87.5 87.4 87.3 86.8 86.6 86 85.3 85.2
123.1 121.8 120.9 119.9 118.6 117.3 116 114.8 112.8 110.7 108.4 106.8 104.8 102.7 104 105.6 106.3 107 106.6 106.3 105.3 104.3 102.9 100.8 98.9 97.9 97 95.7 94.5 93.5 92.4 91.5 90.6 89.8 89.2 88.7 88.1 87.4 86.6 85.3 84 83.3 82.6 81.6 80.5 79.5 78.6 78.6 79.9 86 81.7 80.3 80.1 80.2 80.3 80.6 79 78.1 77.1 76 74.4 74.4 75.8 74.9 77 77.1 77.2 77.2 77.6 78.4 79.3 80.2 83.5 87.1 87 87 86.6 86 85.3 84.6 84.3
121.6 120.6 119.6 118.3 117.9 116.8 115.9 114.3 113.2 111.3 109.2 107.6 105.7 103.5 102.1 103.4 104.2 104.6 104.2 103.7 103.1 101.7 99.9 98.7 97.6 96.7 95.6 94.5 93.9 92.9 91.7 90.8 89.9 89.4 88.8 88.2 87.6 87.1 86.5 85.7 84.4 83.6 82.6 81.6 80.6 79.2 78.1 79.7 80.8 82.8 84.9 80.4 80.2 80.3 80.3 80.3 79.3 78.5 77.2 74.9 74.1 74 74.3 75.2 76.6 76.8 77 77.2 77.7 78.3 79.4 80.5 83 86.8 86.9 86.7 86.3 85.9 85.5 84.5 82.3
120.7 119.2 118 116.8 116.5 116.7 116 114.8 113.7 112.5 110.5 108.9 107.5 103.3 101.8 101.4 102 102.3 101.8 101.3 100.8 100.1 99 97.8 96.7 95.5 94.4 93.8 93.2 92.4 91.3 90.2 89.5 88.9 88.4 87.8 87.2 86.7 86.1 85.5 84.8 83.8 82.8 81.8 80.8 79.8 78.6 80.3 81.4 82.5 82.8 81.7 80.6 80.4 80.3 80 80.3 80.5 74.9 74.3 74.2 74.3 74.8 76.8 77 77.1 77.2 77.4 78.3 78.4 78.7 79.8 82.3 86 86.9 86.2 85.7 85.4 85.1 84.4 81
119.8 117.9 116.2 114.7 115.1 115.3 114.9 113.9 112.7 111.8 106.3 102.8 103.3 103.8 101.6 101.3 100.8 100.7 100.2 99.9 99.6 98.7 97.5 96.4 95.3 94.5 93.8 93.2 92.6 91.9 90.8 89.7 89.1 88.6 88 87.5 86.9 86.4 85.8 85.3 84.7 84 83.1 82.1 81.1 80.1 78.7 79.9 81.6 82.7 80.9 87.2 81.4 80.7 80.4 80.7 79.1 77.2 76.1 74.5 74.4 74.4 75.4 77.1 77.4 77.7 77.7 77.7 78.2 78.9 79 79.5 82 85.5 87.1 86.4 85.4 85 84.9 83 80.1
118.8 117 115.3 114.4 113.8 113.1 112.7 112.1 110.2 108.4 107.9 106.2 104.9 106.3 103.5 101.5 100.3 99.9 99.3 98.6 98.3 97.2 96.3 95.5 94.7 94 93.2 92.5 92 91.4 90.3 89.6 88.9 88.4 87.8 87.3 86.7 86.2 85.6 85.1 84.5 83.8 83.1 82.3 81.3 80.3 79 79.9 81.7 82.9 81 88 85.4 81.9 81.3 81.6 77.7 75.4 78.5 74.5 74.4 74.7 76.3 77.2 77.5 78 78.1 78 78.5 78.6 79.2 79.4 81.9 85.3 87.1 86.8 85.1 84.6 84.1 82.8 80.5
118.2 116.5 115 113.3 112.9 111.9 111.5 110.8 110.4 109.9 109.4 109.2 108.6 107 104.7 102.6 100.8 99.3 98.6 97.9 97.3 96.5 95.7 95 94.2 93.4 92.7 91.9 91.3 90.8 90.2 89.5 88.8 88.2 87.6 87.1 86.5 86 85.4 84.9 84.3 83.6 82.9 82.2 81.5 80.6 79.3 80 81.8 83.3 81.2 82.5 87.9 82.8 82.4 80.4 77.8 76 79.2 74.5 74.4 75.9 77.2 77.6 77.9 78.3 78.3 78.4 78.4 78.3 78.8 79.4 81.6 84.8 86.3 85.9 84.7 84.5 84.1 82.9 81.2
118.3 116.6 114.7 113.8 113.4 113 112.6 112.3 111.9 111.4 110.8 110.1 109.7 107.8 105.8 103.6 101.3 99.4 98 97.5 97.1 96.3 95.5 94.7 93.9 93.1 92.2 91.4 90.7 90.4 90.1 89.3 88.6 88 87.5 86.9 86.4 85.8 85.3 84.7 84.1 83.4 82.7 82 81.3 80.6 80.1 80.6 82 83.5 83.3 84.1 87.9 87.6 82.7 78.6 77.7 76.7 78.8 74.5 74.4 75.5 77.2 77.6 77.9 78.2 78.2 78.2 78.2 78.2 78.4 79.7 81.2 84.1 85.2 85.1 84.4 84.3 84.1 83 82.8
118.2 116.4 114.9 114.6 114.4 114.3 113.9 113.7 113.3 112.9 112.3 111.6 110.6 108.5 106.4 104.2 101.9 100.1 98.5 97.3 96.9 96.2 95.3 94.5 93.7 92.9 92.1 91.2 90.5 90 89.7 89.2 88.5 87.8 87.3 86.7 86.2 85.6 85.1 84.5 83.8 83.2 82.5 81.8 81.1 80.4 80.6 81.5 82.3 83.3 84.3 84.4 84.6 88.4 85.8 78.4 77.3 77.4 74.7 74.7 74.5 75.1 77.2 77.5 77.7 77.9 77.9 77.9 77.8 77.9 78.3 79.8 81.3 84.2 86.4 85.6 84.5 84 84 84.3 84
118 116.5 115.2 114.5 114.4 114.6 114.9 115.1 114.8 114.4 113.8 112.7 110.7 108.9 106.9 104.8 102.5 100.7 99 97.1 96.7 96 95.2 94.3 93.5 92.7 91.9 91.1 90.4 89.8 89.3 89 88.4 87.7 87.1 86.5 86 85.4 84.9 84.3 83.6 83 82.3 81.6 80.9 80.2 80.9 81.8 82.7 83.5 84.3 84.6 84.9 85.2 88.5 83.2 76.8 80.5 74.9 74.6 74.5 74.6 77.1 77.3 77.4 77.6 77.6 77.5 77.5 77.8 78.1 79.2 81.3 84.9 86.2 85.3 84.4 83.7 83.8 84.2 84.2
117.4 116.2 115.2 114.4 114.3 114.6 114.7 115.4 115.8 115.7 114.8 112.7 110.7 109 107.3 105.2 103 101.3 99.5 97.6 96.5 95.8 95 94.2 93.3 92.5 91.7 91.1 90.4 89.7 89.1 88.6 88.3 87.6 86.9 86.4 85.8 85.3 84.7 84.1 83.4 82.7 82.1 81.4 80.7 80.3 81.2 82 82.9 83.8 84.3 84.9 85.4 84.9 83.7 87.7 81.3 80.8 74.9 74.4 74.4 74.4 76.8 77.4 77.5 77.6 77.5 77.4 77.6 77.8 78 79 81.4 86.3 85.8 84.9 84 83.8 83.9 84.2 84.5
116.6 115.8 115.1 114.3 114.2 114.4 114.5 115.2 115.9 116 115.3 112.7 110.7 109 107.3 105.6 103.6 101.8 100 98.1 96.3 95.6 94.8 94 93.2 92.4 91.6 91.1 90.3 89.6 89 88.3 87.8 87.5 86.8 86.2 85.6 85.1 84.5 83.9 83.2 82.5 81.9 81.2 80.5 80.6 81.4 82.3 83.2 84.1 84.5 85 85.5 85.1 83.7 82.3 88.5 80.4 75.2 74.3 74.5 74.7 76.1 77.6 77.7 77.6 77.5 77.5 77.7 78.2 78.4 79.6 82 86.4 86.1 84.4 83.7 83.7 84.1 84.3 84.7
116.1 115.1 114.4 113.7 113.7 114 114.3 114.9 115.7 116.2 115.3 113 110.7 109 107.4 105.6 103.8 102 100.2 98.5 96.7 95.5 94.6 93.8 93 92.2 91.7 91 90.2 89.5 88.8 88.2 87.6 87.1 86.7 86 85.4 84.9 84.3 83.6 83 82.3 81.6 81 80.3 81 81.8 82.7 83.6 84.5 84.6 85.1 85.6 84.9 83.7 82.3 86.1 84 76.6 74.7 74.8 74.7 75.9 77.4 77.7 77.6 77.6 77.6 77.7 78.6 78.1 79 81.1 83.9 85.1 83.9 83.8 83.9 84.2 84.5 84.7
115.5 114.7 113.9 113.2 113.2 113.1 113.4 114.2 115.1 115.6 114.5 112.8 110.5 108.7 106.9 105.1 103.3 101.5 99.8 98.1 96.7 95.5 94.5 93.7 92.8 92 91.7 90.9 90.1 89.4 88.7 88.1 87.5 86.9 86.4 85.8 85.3 84.7 84.1 83.4 82.8 82.1 81.4 80.8 80.8 81.6 82.4 83.2 84 83.8 85.3 85.7 85.8 85.1 84.1 82.2 81.8 87.9 83.6 75.2 74.9 74.6 74.9 76.5 77.1 77.5 77.6 77.6 77.6 78 78.2 78.7 81.2 83.6 84.9 84.4 84.3 84.1 84.4 84.9 85.4
115.2 114.3 113.5 112.7 112.1 111.8 112.6 113.5 114.1 114.3 113.6 112.1 110.1 108.2 106.4 104.6 102.8 101.1 99.7 98.3 97 95.8 94.5 93.6 92.7 92.2 91.6 90.8 90 89.3 88.6 88 87.4 86.8 86.2 85.7 85.1 84.5 83.9 83.2 82.5 81.9 81.4 80.9 81.2 81.9 82.7 83.6 84.5 82.1 86.1 86.7 86.7 86.1 83.1 83 81.9 82.4 86.6 83.1 74.7 74.5 74.5 75.6 76.1 76.6 76.7 76.9 77.6 78.1 78.6 79.2 81.6 84.6 85.2 86.6 86.2 86.1 85.9 86.1 86.9
114.7 113.9 113.1 112.2 111.6 111 111.8 112.7 112.9 113.2 112.8 111.6 109.7 107.7 105.9 104.2 102.7 101.3 100 98.6 97.3 96.1 94.8 93.6 92.7 91.8 91.5 90.7 90 89.2 88.5 87.9 87.3 86.7 86.1 85.5 84.9 84.3 83.7 83 82.5 81.9 81.4 81 81.7 82.3 83 83.9 84.7 82.1 87.4 88.1 87.9 87.4 83 83.5 83 80.9 83.4 85 77.2 74.4 74.9 75.2 75.5 75.7 76.3 76.9 77.6 78.1 78.7 81.7 84.1 87.7 87.7 88.7 88.1 87.9 87.7 87.4 88.2
114.3 113.4 112.6 111.9 111.2 110.5 110.9 111.5 111.9 112.1 112.2 111 109.2 107.3 105.7 104.3 102.9 101.6 100.2 98.8 97.6 96.3 95.1 93.9 92.7 91.6 91.3 90.6 89.9 89.1 88.4 87.8 87.2 86.6 86 85.3 84.7 84.1 83.6 83 82.4 81.8 81.3 81.3 81.9 82.7 83.3 84.2 85.4 83.7 88 89.5 89.5 89 83.6 83.8 82.8 80.5 78.8 83.2 83.3 74.4 74.7 74.9 75.6 75.5 75.3 76.1 77.2 78.2 78.9 82.1 88.8 88.4 90.9 91.1 90.1 89.6 89.3 89.4 90.6
