data/SJ97.asc
ncols 200
nrows 200
xllcorner 390000
yllcorner 370000
cellsize 50
[rows 35 to 69 of 200, columns 78 to 155 of 200]
216.5 206.5 188.1 189.4 182.9 178.2 177.5 184.5 182.4 163.5 165.3 173.2 182.3 185.1 187.1 191.1 197.7 203.4 209.3 213.3 212.1 212 212.7 210.9 211.3 211.8 212.9 212.5 213.2 214 214.8 213.2 214.1 214.8 210.9 211 216.5 218.6 221.2 216.2 213.8 219.5 226.6 229.6 233.6 237.4 241 243.8 246.7 250.1 252.8 256.3 259.5 259.6 257 250.2 250.6 252.5 252.4 252.7 262.9 271.9 274.3 276 277.4 282.2 287.8 296.4 305 315.8 327.8 340.1 351.3 362.8 375.3 377.3 375.9 368.2
203.8 187.6 181.1 183.4 178.3 176.1 177.5 180.3 178.4 162.5 165.3 172.2 182 185.4 191.5 198.9 208.9 218.6 224.9 230.5 227.8 228.4 225.2 219.1 222.3 222.1 220.7 218.8 219.9 219.2 219.8 218.8 218.7 218.5 215.2 212.1 217.7 221.2 222.5 223.2 221.1 217.4 222 229.1 233 236.6 240.3 244.4 247.8 251.3 255.3 260.9 265.1 266.8 266.9 267.3 263.7 261.4 260.4 255.9 254.4 264.9 267.5 270.7 276.5 282.7 289.4 296.7 305.9 316.3 328.2 340 351.3 362.7 372.3 375.2 375.8 369.6
184.9 179.4 175.3 175.6 175.1 175.5 176.2 172.2 160.9 162.1 167.6 175.3 182.4 188.6 198.2 210.1 219.9 229.8 235.9 240.7 241.9 244.7 236.3 231.3 233 235.5 236.1 234.3 230.1 226.2 224 224.4 223.2 222 219.4 213.7 219.7 222.6 223.5 224.8 225.5 226.9 225 227.5 231.7 235.6 239.3 242.4 246.1 250.2 256 261.7 266.3 271.7 273.4 275.3 275.6 269.8 267.7 263.5 259.5 257.4 265.5 270.5 276.2 281.5 288.2 296 304.6 315.5 326.9 338.1 349.4 360.1 369.3 374.4 376.2 370.5
177.7 171.3 168.7 171.3 171.9 170.7 170.9 161.4 159.9 162.8 169.2 176 185.3 189.8 198.7 211.9 222.6 233.1 240.3 245.8 248.6 250.6 250.1 248.6 251.1 255.5 257 254 246.5 237.8 230.5 230.2 229.7 227.5 223.8 220.6 221.6 223.4 225.8 226.4 227 227.6 228.1 227.9 226.6 232 235.3 239.1 243.8 249.7 255 260.3 266.2 273.6 278.1 281.1 281.5 278.8 274.9 271.1 263.6 258.8 266.5 270 274.7 280 286.3 292.8 301.3 312.5 324.7 336 348.2 362.5 371.2 376.1 377.9 372.9
161.4 159.5 154.6 154.8 157.1 157.9 158.7 159 160.6 165.2 171.6 182.1 186.4 192.3 201 213.8 224.3 233.6 242 248.3 252 254.1 258.3 259.1 262.6 270.5 277.6 280.4 266.1 253.1 244.5 237.3 235.2 231.5 230.2 227.4 227.5 226 227.9 229.7 230.6 231 229.9 228.7 229.9 231.2 233.4 236 244.2 248.9 253.9 261.4 265.7 273.6 279 284.7 288.1 283.6 278.7 275.6 270.7 263.5 266.2 269.9 273.4 278.5 285.7 292.8 302.1 314 325.7 336.4 348.3 361.7 372.8 379.3 379.7 374.6
152.2 155.2 156.6 157.4 158.2 159.1 160.7 162.1 164.8 173.2 185.1 191 194.5 200.2 207.7 216.9 227.2 234.9 242.3 248.4 253.1 255.9 261 265.1 268.4 275.1 282.9 290.2 291.4 274 261.5 252.5 244.5 241.2 238.3 236.3 235.2 233.8 231.3 233.3 235.5 234.5 233.3 232.5 230.3 231.6 235.5 239.3 243.3 247.8 253.1 260.2 266.8 272.5 279.3 285.2 291.5 288.7 282.8 278.2 274.5 270.7 265 271 273.9 278.9 286.4 293.9 303.1 314.8 326.2 337.3 349.5 362.2 373.2 380.6 380.3 375.9
156.1 157.1 161.5 159.9 159.7 161.4 165.3 166.9 173.9 181.2 189.7 198.1 202.2 207.2 211.2 220.5 227.4 235.9 242.9 248.3 252.3 255.9 262.4 266.5 269.6 275.8 285.6 295 303.2 298.8 282 267.8 258.3 252.9 248.7 246.8 245.1 242.7 239.8 236.9 239.3 239.1 236.2 236.6 234.8 232.8 234.6 241.9 247.5 253 256.2 260 266.7 273.7 278.7 286 292.7 292.9 288 280.5 276.9 272.1 263.9 272.3 276.5 281.4 289 297.6 306.9 316.9 327.2 338.6 350.3 361.2 370.3 376.4 378.2 375.9
158.4 160.6 164.5 167.5 172.6 175.6 165.4 168.6 175.4 184.4 191.3 195.5 204.8 210.6 217.1 223.2 230.1 237.6 244.6 246.6 247.1 257.6 263.6 264.1 266.2 272 284.8 295.5 306.5 312.3 310.6 294.3 277.3 267.4 263.7 260.5 255.9 252.3 249.3 241.1 244 243.4 241.4 241.5 239.4 238 236.6 242.3 249.5 255.1 260.1 263.7 268.3 273.8 280.7 288.6 295.9 297.7 292.5 285.2 280.4 275.4 268.6 272.3 277.1 283.3 290.7 299.9 309.5 319.8 328.7 340 351.5 362.2 369.7 374.7 376 375.6
159.7 161.8 166.2 172.5 178.6 181.7 167.5 169.8 175 183.8 189.4 192.9 201.1 210.9 218.4 224.6 231 238.4 239.9 238.8 243.1 255 261.4 257.4 260.1 265.1 278 293.1 306.3 312.5 323 319.4 302.6 287.4 279.8 273.9 269.8 265.5 257.4 246.2 249.9 249 247 246.5 247 245.9 241.5 242.5 250.8 256.8 261.9 265.9 270.2 275.7 283.4 291.1 298.8 300.7 296.4 289.6 283.3 279.3 273.7 275.6 277.1 283.2 291.1 300.5 310.4 320.7 330.5 341.6 351.9 361.4 368.2 371.3 371.3 373.8
160 162.2 165.8 170.8 174.8 171.6 172 170.5 175 184.2 185.9 190.6 194.2 201.9 216.1 224 230.1 230.8 224.1 227.7 235.6 243.2 249 246 251.1 261.2 271.4 282.3 299.6 303.8 312.5 312.1 321.8 315.5 307.1 294 286 279.1 268.6 257.5 256 254.3 252.6 252.6 255.2 255.8 249 244 252.6 259 264.1 268.4 273.4 279.2 286 293.5 300.5 303.2 301.5 295.5 286.8 281.9 279 276.6 273.7 282.7 291.4 300.7 309.1 318.5 328.7 339.5 348.5 356.1 361.5 363.6 365.9 371.2
156 160.5 163.9 166.5 169.7 171.4 177.6 179.7 183.7 179.7 185.6 189 193.1 195.6 202.4 208.2 212.9 212.9 215.9 220.9 228.4 232.6 233.7 233.2 241.9 254.6 267.1 275.1 292.1 297.3 302.3 316.8 320.9 320.4 323.9 319.5 307.1 291.9 276.7 262.4 259.7 256.5 256.4 258.9 262.7 263.1 256.9 248.6 253.9 260 266.4 271.4 277 282.7 288.9 295.8 302.3 308.2 305.7 301.1 292.5 286.5 283.4 280.4 274.4 280.9 289.9 299 307.1 315.9 325 334.9 342.8 347.7 351.3 353.9 360.7 368.7
152 154.6 164.9 167.6 168.1 177.9 180.5 181.4 185.7 189.5 184.5 187 192.1 195.6 199.3 202.7 208.2 210.1 212.9 215.7 218 219 222.2 225.4 230.2 242 257.9 267 274.1 281.3 287.9 301.6 310.7 308.6 308.5 314.8 315.5 302.5 282.2 265.8 263.3 260.6 265.4 265.7 270.3 270.8 265.8 256.4 255.6 260.5 269.3 275.4 281.2 286.7 292.4 298.9 305.4 311.8 311.8 307.2 299.3 292.7 287.6 284.2 279.3 285.2 291.9 295.1 302.4 309.4 315.9 327.3 335.1 338.4 343.6 349.8 357.5 365.2
150 153.5 155 157.3 170.5 180.3 182 183.7 186 191.3 191.5 184.5 187.9 196.1 198.8 201.9 204.9 207.3 210.4 212.6 212.8 214.7 218.1 222.2 224.2 231.7 242.5 255.4 262.2 266.5 272.8 282.2 289.7 297.7 296.2 300.5 298.7 293.4 281.8 270.4 267.7 270.1 273 272.9 275.2 275.2 271.1 261.5 262.6 265.9 272.8 279.8 286.3 292.6 297.4 303 309.4 315.8 317.8 311.7 303.8 297.7 292.6 283.6 283.1 289 296.4 302.4 309.7 317.5 325.1 329.2 333.2 334.8 342 348.5 355.6 363.8
151.3 151.1 152.6 156.4 166.2 180.7 183.6 184.2 188 193.7 192.3 191.6 191.6 192 191.4 193 199.6 197.7 201.2 200.5 205.4 212.5 217 218.6 219.7 224.2 231.8 241.2 248.7 252.2 258 266.7 278.6 282.2 284.7 286.4 285.4 283.5 279.5 279.7 274.6 278.7 278.8 278.9 278.7 279.4 276 268.7 272.8 275.4 277.6 284.5 291.9 297.8 303.4 308.5 314 320.8 323.6 317.3 308.3 302.7 296.8 283.3 287.7 292.3 300.1 307.2 313.3 321.2 329.2 336.3 342.1 344.6 343.6 350.2 356.9 356
160.8 161.5 161.4 156 158.1 175.1 183 185.2 187 195.6 194 194 194.7 196.1 199.1 201 205.2 209.6 208.5 215 208.5 203.7 212.7 214.3 217.7 221 224.9 231.4 236.7 242.4 250.4 257 264 271 273.8 275.3 276.7 277.9 280 281 282 284.5 284.6 284.3 284 283.9 280.3 281.3 282.1 284.3 287.2 292 296.1 303 309.2 313.4 319.8 326.9 329.2 322.5 312.2 306.3 298.3 285.1 292.8 298 304.6 311.3 317.8 325.5 333.5 340.5 345.7 349.7 348.1 353.5 359.6 362.1
177.1 181.5 177.6 170.8 160.7 160.3 170.7 184.9 187.3 194 195.4 196.3 196.8 198.6 201.1 205.5 208.1 211.7 218.1 222.6 218.5 215 210.2 212.2 216.5 219.9 223.7 226.2 231 236.3 241.4 245.6 253 261.1 264.1 267.7 272.7 277.9 280.7 284.1 284.6 289 291 291.3 291.1 290 285.9 288.4 290.5 292.6 295.8 300.2 303 307.9 314.8 319.5 326.1 333 333.9 327.3 319.5 313 298 287.9 296.7 303.5 309.5 316.7 322.7 329.9 337.6 344.5 350 355.2 353.6 356.3 361.9 360.5
192.9 193 190.1 189 186.1 172.1 164.4 183.3 186.7 191.5 194.9 197 199.3 201.1 202.8 209.7 215.1 217.1 221.3 226.1 221.1 217.1 209.4 216.1 217.6 220.8 224.9 229.8 234.7 241.2 248.7 254.9 258.3 261.5 265.3 269.8 275.2 278.9 283 286 288.3 293 297.3 297.5 297.8 296.6 292.1 295.7 297.9 300.6 304.1 308.2 311.7 312.2 320 326.8 332.6 339.5 338.7 332.4 324.9 315.5 300.1 290 300.8 307.2 313.7 321.2 327.8 335.5 343 349.8 355.4 360 358.4 360 363.2 356.1
197.7 200.3 196.8 196.6 193.7 188.7 164 174.2 186 190 193.3 197.9 202.6 204.7 206.2 212.1 218.6 221.8 223.9 225.2 221.5 218.2 216.7 217.3 219.5 222.3 226.2 231.3 239 248.5 259.5 268.1 270.1 272.3 271.5 274.8 276.8 282.1 287.8 290.9 292.4 296.9 301.6 303.8 305.5 303.8 299.2 302.8 306.3 310.2 313.4 316.3 319.7 320.8 326.2 333.9 340.3 346 343.1 336.9 327 315.6 302.9 293 303.2 310.3 317.8 325 332.4 340 347.9 354.7 360.6 364.1 363.6 363.8 364.5 352.1
205.9 207.9 205.3 202.3 199.8 194 173.1 164 178.5 188.2 191.8 197.8 202.5 204 207.8 213.5 219.9 224.1 226.5 226.3 222.7 219.2 214.8 220.1 221.5 224.1 227.8 232.9 241.8 253.2 266.3 279.4 286.5 287.6 281.4 280.2 282.7 285.6 291.3 296.3 297.1 300.5 305.4 310 313.7 312.1 309.5 313.6 315.5 319.9 323.1 326.1 328.7 329.4 333.5 340.7 347.9 353.9 348.2 340 330.3 318.7 304.2 299.1 307.9 315.9 322 329.5 337.1 344.7 352.4 359.1 364.5 367.2 366.6 366.9 364.8 347.3
220 218.1 214.9 211.8 205.3 197.5 176.1 164.5 174.6 186.5 188.9 195.8 201.6 206.2 209.6 214 220.7 224.3 226.8 227.7 223.8 221.3 215.5 220.4 223.5 226.1 229.6 236.2 244 255.9 268.5 283 288.5 291.8 289.2 287.8 289.6 289.9 294.9 300.3 303.3 305.3 309.8 314.5 319.2 320.7 319.5 321.4 325.2 329.8 333.4 335.7 337.5 338.2 341.8 348.1 354.7 358.5 352.8 343 332.7 320.1 305.5 303.5 314.2 321.4 327.8 333.4 341.1 348.9 356.2 362.7 367.5 370 369.6 368.3 363.1 344.2
240.8 234.7 227.1 220.5 211.8 201.5 180.6 165.9 165.8 169.4 190.2 198.3 204.1 208.6 211.8 216.3 222.6 225.7 227.9 228.8 226 222.7 221.3 220.9 222.4 226 235.2 242.9 248.8 257 265.3 281.1 291 296.2 298.5 295 296.7 297.9 298.6 302.5 308.4 310.8 313.7 317.6 323.6 326.8 325.8 326.9 332.3 337.5 342.1 345.4 346.8 347.3 350.2 354.6 360.8 363.3 355.4 344.4 333.8 321.2 309.4 309.6 318.9 326.4 332.7 338.6 344.6 351.9 358.6 364.3 369 372 371.2 370.4 364.7 340.5
260.7 253.6 239.3 229.2 217.9 204.8 190 173.8 164.2 169.1 190.2 198.2 205.3 210 213.3 218.5 225.3 229.7 230.9 230.6 229.8 224.2 223.4 222.9 223 226.7 233.9 244 251.5 257 266.3 277.8 287.4 302.1 308.4 307.4 308.1 308.7 308.2 309.5 312.6 315.6 318.6 321.8 326.6 330.3 333.4 333.5 336.8 342.4 348.1 353.5 354.9 353.7 358.1 362 367.3 366.5 356.8 345.1 334.7 322.1 314.4 315 322.2 330.3 336.5 342.5 348.2 354.3 361 365.7 370.1 372.9 371.9 370.5 364.5 341.6
278.8 266.6 251.5 235.5 223.6 211.2 195.1 177.2 163.3 173.4 186.8 197.7 205.4 210.7 215.2 221.7 228.7 232.5 233.1 232.8 232.3 227.1 224.8 224.4 226.2 229.4 235.7 244.6 253.4 261.6 269.4 281.4 293.3 300.7 310.2 322.3 323.4 320.3 318.1 318 319 320.8 323.3 326.9 330.1 334.1 337.1 339.1 341.3 346.2 352 358.3 362.5 362.7 365.2 368.4 373.6 369.8 357.9 347 337.1 323.6 320.3 315.7 325.3 333 339.8 345.9 351.6 357.6 363.5 367.8 371.8 375 373.2 371.8 364 339
278.6 274.7 258.7 240.9 229.6 214.1 200.7 182.8 170.7 166.5 179.2 195.6 204.3 211.4 216.2 222.9 231.1 234.4 238 236.3 235.1 231.8 228 227.9 230.3 233.5 240.6 249.7 258.8 267.1 277.7 287.5 295.5 305.1 316.6 331.8 339.1 333.4 325.1 321.6 323 325.1 328 332 335.1 338.3 341 343.4 345.2 350.3 356.2 362.2 367.6 368 370.1 373.6 378.8 373 360 348.6 338.5 324.4 322.6 323.5 322.5 333.8 341.1 347.2 353.5 359.9 365.9 370.7 375.1 376.8 374.8 372.4 363.3 337.3
277.4 280.2 263.7 245.3 233.9 218.3 204.2 179.6 173.5 167.9 174.8 193.4 203.3 210.9 217.3 224 233.3 237.6 241.6 241.3 239.6 237.1 232.8 233.8 239.7 238 244.3 253.3 261.2 270.3 285.7 294.7 304.5 309.4 324.1 330.9 338.1 346 328.4 324.1 325 327.6 331 335.6 337.7 341 343.9 348.3 352.3 354.2 359.3 364.3 368.3 369.7 373.8 377.7 382.8 376.5 362.6 349.4 339.4 326.5 327.5 330.1 332.2 333 342 348.3 355 361.5 367.2 373 377.8 378.6 376.3 371.6 361.6 335.7
270.1 282.1 267.3 250.3 236.2 221.5 208.1 178.6 180.8 177.6 186.4 192.6 201.5 210.4 217.3 224 233.7 240.1 245 245 243.4 241.2 239.6 239.6 243.3 244.2 244.6 255.6 262.1 269.9 285.5 300.7 300.6 307.2 319.7 328.5 332.6 331.2 325 324.5 325.9 328.9 332 335.6 338.8 342.6 346.1 351.2 354 353.6 357.8 361.7 366.4 371 375.3 381 387.2 381.3 366.1 351.6 340.3 330.2 332.8 335.6 336.7 339.4 343.2 349.8 356.5 363.1 368.9 375.1 380.6 380 376.4 372.2 359.9 334.2
255.6 277.5 269.4 255.1 239.5 227 211.9 182 179.6 187.5 189.7 191.1 198.1 208.7 216.5 223 235.6 241.8 248.5 249.1 246.9 245.6 245.1 244.9 246.8 248.7 248.9 255.6 261.2 266.7 275.4 283.2 289.4 297.6 304.6 310.2 316.4 318.3 319.9 322.6 324.3 326.6 327.1 329.4 336.3 343 347.5 347.8 348.2 351.1 355.1 360.2 365.4 370.1 375.9 383.5 390 383 369.7 354.1 342.6 334.5 338.7 340.7 342.2 341.9 346.2 352.6 358.7 364.9 371.1 377.2 381.6 380.2 375.8 371.8 357.9 333.4
251.5 262.8 275.7 261.7 244.2 230.6 216.8 189.8 179.8 187.1 191.5 192.7 195.9 205.3 214.4 221.8 234.5 243.9 251.6 254 252.7 251.6 251 249 249.4 249.4 251.7 256.1 261.1 266.1 271.5 277.5 283.5 290 296.2 301.4 306.7 312.5 317.7 320.6 319.8 319.5 322.2 325.3 331.7 334.6 338.9 342 344.3 347.5 352.8 357.8 364 371 378.2 385.5 391 384.8 371.8 358.8 348.1 340.3 343.8 345.6 347.5 346 350.8 355.8 360.7 367 373 378.2 381 377.8 373.8 368.7 354.7 332.9
249.2 261.1 281.5 266.6 250.3 235.5 221.5 207.5 181.8 184.8 192.6 195.4 196.9 201.3 211.5 219.7 232.6 245.6 254.1 258.4 258 258.4 255 251.3 249.6 250.6 252.6 258.2 263.1 267.7 270.3 272.9 277.8 282.9 289.2 296.9 302.8 308.3 311.9 311.5 312.3 315.3 318.2 321.9 325.6 329.4 332.8 332.3 340.4 345.9 352.1 358.9 365.6 373 381.1 387.7 391 384.6 373.3 363 352.6 346.6 348.4 351.1 350.5 351.2 355.7 361 365.7 370.4 374.8 378.9 378.5 372.4 369.1 363.6 350.4 329.7
250.2 260.5 284.7 272.4 257.3 239.8 225.4 210 185 181.3 191.5 192.2 194.9 199.6 208.5 217.4 226.3 244.1 255 260.4 262.7 262 256.1 250.1 248.9 249.6 253.1 257.7 261.3 265 267 268.9 271.4 274.4 280.7 287.6 293.6 297.8 301.1 305.7 309.6 312.8 315.4 318.6 318.5 323.9 330.6 336.8 342.4 348.5 354.9 361.4 368 375.1 382.6 388.5 390 383.6 375.4 366.3 356.8 350.2 352.8 355.4 354 356.3 361.1 366.1 370.6 375 378.5 378.8 374.8 368 356.9 351.6 337 322.3
245.4 251.4 272.8 279.3 263.9 245.8 228.5 210.8 182.6 182.3 190.6 185.4 193.1 198.1 206.5 217.1 223.5 233.9 250 254.5 258.3 258.1 252.3 248.8 247.2 250 253.4 257.4 260.2 262.2 263.1 263.3 263.8 267 273.4 279.1 285 291.1 298.9 304.8 307 309.8 309.6 315.3 321.3 326.7 332.8 339.5 345.4 351.5 357.8 364.3 370.9 377.5 384.1 388.5 388.3 384.7 378.9 369.1 361 355.8 358.4 360 360.1 360.9 366 371.1 375.5 379 381.6 379.5 371.2 366.5 366.1 350.6 334.3 321.9
251.6 247.2 266.3 284 268.9 250.1 230.5 211.4 186.9 180.5 180.7 187.1 192.1 198.8 206 215.6 222 230 239.6 248.8 254.1 252.2 247.5 245.4 245 248.1 252.2 255.3 256.5 256.1 255.4 256.1 256.9 262.3 269.4 277.6 284.6 291.9 299.1 304.2 305.6 304.3 310.9 317.3 323.6 329.6 336 342.6 348.1 354 360.5 366.9 373.1 379.3 385.1 387.2 385.8 385.3 380.3 371.9 366 360.7 363.6 364.5 364.4 366.7 371 376 380.2 383 385.5 380.1 371.5 372.5 372.6 364 345.5 326.6
253.1 236.7 262.3 283.5 272.8 253.3 232.2 213 194.5 181.3 181.6 187.4 198.1 202 206 214.4 219 226.8 234.7 242.6 247.7 244.8 241.7 240.6 242.1 245.6 248.4 251.1 249.9 247.5 249 249.6 255.2 262.4 270.7 278.3 286 292.7 299.2 301.9 300.5 306.4 312.5 319.5 325.9 332.2 338.5 344.7 350.6 356.6 362.1 365.5 374.5 380.2 383.2 383.6 385 385.4 379.8 373.6 369.3 366.4 367.5 368.3 367.7 371.4 375.6 379.9 384.2 387.1 388.2 379.7 374.4 376.6 375.2 366.5 346.8 327.4
247.7 235.8 263.8 283.1 277.8 257.6 234.8 213.9 197.8 182 182.2 192.1 197.5 203.2 208.8 212.8 217.3 224 231.7 238.1 239.2 236.8 231.9 236.7 240.8 242.5 243.4 240.4 240.2 240.7 246 246.3 252.6 262.2 270.2 277.7 284.1 292.2 297.1 295.9 298.8 307.3 313.5 320.7 327.7 334.4 340.6 346.7 352.7 358.9 361.3 362.7 367.3 378.9 379 378.4 383.1 383.4 379.1 375.9 373.7 371.9 371.7 372.6 371.6 375.5 380 384.6 388 391 391.7 384.4 378.5 380.4 378 368.1 348.3 328.8
247.3 245.8 265.2 285.4 281.2 261.1 237.8 216.6 200.5 186 182.3 189.7 195.3 200.4 205.7 210.6 215.1 220.7 226.7 232.2 232.6 229.3 226.8 234.2 233.1 234.1 227.9 234 238.1 241.7 246.2 249.1 249.7 256.6 268.1 276.1 283 289.2 292.9 290.8 300.1 307.5 314.2 321.9 329.1 336.4 341.8 348.1 354.1 360 350.4 360 372.4 372.8 371.7 375.6 381.3 379.1 377.2 376.7 376.5 375.6 376.2 376.5 375.9 378.9 384 387.2 391.8 394.5 394.2 387.3 381.7 384.5 381.7 370.6 349.4 330.6
