data/SK04.asc
ncols 200
nrows 200
xllcorner 400000
yllcorner 340000
cellsize 50
[rows 70 to 104 of 200, columns 78 to 155 of 200]
180.8 180.3 185.4 188.3 188.2 186.9 190.3 196.6 199.7 195.7 197.6 195.4 193.2 193.2 194.3 194.4 195.2 198.6 210.8 217.5 223 240.2 243.2 250.5 254.6 249.5 242.3 244 246.7 250 252.7 255.2 257.4 261.1 265.1 269.8 274.3 269.3 253.2 240.8 234.5 227.6 220.1 204 195.1 202.5 213.1 218.1 222 223.5 223.9 236 240.1 244.4 248 251.5 255.2 260.8 263.6 267.2 270 272.8 277.5 283.6 292.4 301.5 309.9 315.2 320.1 325.6 325.4 323.1 320.8 319.7 318 315.2 312.2 310.2
176.8 180.9 183.1 182.6 181 186.8 191.6 194.4 194.1 193.7 200.1 193.2 193.2 193.2 193.2 193.2 193.9 196.3 205.1 210.1 212.1 230.8 240.5 247.3 252.5 247.2 239 240.2 242.2 245.1 248.4 251.7 254.3 258.5 262.1 265.5 272.3 273.8 257.2 242.8 235.8 228.2 220.5 212.6 195.4 197.2 208.8 212.7 216.1 216.2 225.5 234.9 240.1 243.6 246.1 249.4 253.5 261.2 262.1 266.2 270.1 272.8 277.4 283.9 290.4 300.1 308.4 313.5 317.3 321.5 326.3 323.6 322.2 320.7 319.4 317.7 314.8 311.6
173.5 168.4 162.2 175.5 182 187 189.7 187.9 191.1 197.3 193.2 193.2 193.2 193.2 193.2 193.2 193.2 197.8 205.3 205.2 208.5 217.4 234.2 241 241 242.7 236.2 235.7 237.3 239.7 243.5 246.4 250.9 255.3 258.9 262.1 267.4 272.1 259.7 242.1 232 226 220.2 214.3 199.7 192.4 202.6 207.8 205.7 218.2 227 233.8 237.9 240.9 242.2 245.1 249.8 253 262 266 269.2 273.5 277.6 282.8 288.6 297.7 305.9 311.5 315.4 319 325.3 323.1 321.9 321.3 320.2 318.7 316.6 313.8
169.7 158.8 151 156.1 176.1 185.5 186.3 185.3 192 196.7 193.2 193.2 193.2 193.2 193.2 193.2 193.6 202.4 203.9 205.8 209 213.7 227.3 238 243.4 242.4 234.3 231.3 234.1 235.9 239.5 243.4 246.7 250.5 255.5 258.6 262.5 266.1 260.8 238.7 229.5 222.9 217.9 212.1 203.6 189.6 199 201 203.5 215.9 225.6 231 234.1 237.7 241.8 250.7 255.6 260.2 263.8 271.9 274.7 276.7 279.1 283.4 288.6 296.5 303.4 309 314.1 317.1 320.1 321.6 321.6 320.2 319.4 319.2 317.8 314.8
168.8 170.3 158.6 151 151 156.8 161.5 180.4 189.3 196.3 193.2 193.2 193.2 193.2 193.2 193.2 195.6 206 205.6 205.3 207.4 210.2 220.4 237.9 245.8 239.3 229.5 227.3 228.6 231 235.6 239.2 241.4 244.6 250 255.3 258.6 261.5 258.9 236.3 228.1 219.6 214.6 209.9 205.1 188.4 187.9 201.9 212.9 220.8 226 231.7 236 240.4 248.2 255.7 259.1 261.1 276.4 284.6 281.8 281.6 282.1 284.8 289.3 294 301 306.9 312.3 316.4 318.2 320 319.6 319.2 317.6 318.5 317.4 315.7
162.8 164.9 158.4 151 151 151 152.7 161.7 180.9 191.3 193.3 193.2 193.2 193.2 193.2 193.2 194.1 206.4 207 206.1 206.6 208.6 216.3 234.7 240.6 237.5 227.5 221.8 225.1 227.5 232.1 235 236.9 238.4 244.9 250.8 254.8 257.1 256.3 236.1 226.7 217.7 210.7 207.2 203 186.7 190.1 206.4 215.7 222.4 227.2 231.4 240.1 247.8 253.9 262.3 276.4 285.4 287.3 282 279.1 281.7 284.6 285.5 288.5 292.1 298.7 304.4 311.1 315.1 317.5 318.6 318.3 317.7 315.7 315.8 316.1 315.7
155.7 158.9 155.7 151 151 151 151.3 151.3 159.4 171 186.2 191.6 193.3 193.2 193.2 205.7 192 206.1 208 207 206.1 207.2 212.4 225.1 236.6 234.6 226.3 217.1 220.8 223.7 226.9 230.9 232.8 236.1 241.5 246.8 250.6 254.4 257.6 241.7 229.1 220 210.8 203 196.1 183 191.8 205.1 213.7 222.1 228.5 236.3 243.6 251 261.8 279.5 283.4 285.9 282 277.4 277.2 281 284.1 285.8 288.2 290.6 295.8 302.2 308.5 312.9 316.2 317.4 317 315.9 314.7 313.4 314.4 313.7
156.1 156.4 161.2 167.9 168.8 159 153.1 151.9 153.9 159.5 187.2 180.9 182.3 196 200 201.2 191 204.7 207.1 207.1 207 207.2 213.1 222.8 233 233.2 230.4 217.2 215.4 219.7 223.7 226.1 228.2 233.4 238.3 242.9 246.2 251.3 254.6 250.6 231.5 221.3 213.1 197.2 185 181.3 194 203.6 214.2 221.4 229.5 237.7 245.1 258.3 274.6 282.3 282.6 282.3 278.7 275.5 277.3 279.9 283.2 284.9 286.5 289.3 293.8 300.1 306.2 311 314.3 315.1 314.6 314 312.8 311.9 312.1 312.5
169.1 164.2 174.2 179.3 176.8 172.5 168.5 161.2 153.5 165.6 184.4 175.7 176.3 176.7 182 196.5 195.5 198.7 205.4 207 206.8 206.6 211.3 221.3 230.3 231.8 229.6 218.8 210.7 215.5 218.7 221.6 225.6 230.7 235.2 238.2 242.8 246.4 249.2 249.7 237.4 225.4 215.2 201.3 175.4 183.2 194.2 204.1 214.8 220.5 229.5 235.8 247.9 268.6 277 279.6 278.8 277.2 275.2 276.8 278.4 279.5 281.5 283.3 285.1 287.8 292 297.5 303 309.1 311.9 312.9 312.2 311.5 310.4 309.7 309.1 310.1
174.4 174 175.6 179.6 183 182.7 177 171.3 163.4 176.5 179.5 175.4 174.8 174.7 177.2 181.6 177.5 180.2 188.1 204.1 206.7 207 210.5 218.9 225 227.7 228.2 222.7 212.2 210.4 214.1 217.7 220.6 226.6 230.2 233.7 238 241.3 242.6 244.2 242.8 229.5 217.1 199.7 175.1 181.3 191.5 203.1 216.2 222 230.2 243.1 262.8 270.9 274.2 276.2 274.1 273.9 275.8 277 277.8 278.9 280.1 281.8 283.6 285.6 290.3 294.9 299.8 307.1 309.9 310.6 309.9 308.7 307.2 306.6 306.3 306.4
181.1 182.5 183.2 183.2 183.2 183 180.5 176.2 171 175.1 174.6 174.1 172.9 172.3 174.3 177.6 175.7 175.6 175.9 199.5 201.5 205.1 209.1 213.3 219.2 223.1 224.2 224.8 217.1 206.8 209.1 213.5 216.7 221.9 226.7 230.3 234.1 235.8 237 239.3 242.7 231.9 218.4 201.4 176.8 179.8 191.4 199.5 215.3 221.2 237.7 254.5 263.1 268 271.1 271.7 271.7 273.3 274.8 275.7 276.7 278 279.2 279.1 281.2 282.8 286.8 292.7 298.7 304.7 307.9 308.6 307 305.1 303.9 303.1 302.3 303.3
180.9 183.7 186.8 187.6 188.1 184.2 179.8 174.3 169.8 171.4 173.2 172.5 171.7 171.7 174.3 175.9 175 175.1 175.6 192.5 195.4 198.4 203.1 207 214.3 217.9 218.7 220 221.4 209.8 203 209 212.9 216.7 222.3 227.5 230 230.9 232.1 233.7 237.6 228.9 215 199.2 170.9 180.1 189.7 196.8 209.7 222.7 241.8 251.7 258.3 264.4 267.5 268 269.3 271.6 272.9 273.8 275.7 277 278.3 278 278.6 281.1 285.3 290.6 293.8 300.3 305.6 306.9 305 301.7 300.7 299.5 298.6 299.8
184 185.8 187.3 187.7 188.3 185.3 179.4 174.8 166.2 169.7 170 172.2 171.7 172.6 173.4 174.5 174.7 174.9 175.8 184.8 188.2 192.5 196.9 201.5 208.1 213.3 214.3 215.7 217 215.7 202.5 205.2 209.6 213.2 219.4 223.2 225.3 226.6 227 228.6 233 223.5 205 188.5 165.1 182 188.1 194.1 204.8 221.3 243.1 248.3 255.6 261.2 264 265.6 267.4 268.8 270.2 273 274.7 275.6 275.5 273.9 277.2 279.3 284.2 289.2 290.4 295.8 301.7 304 302.6 298.7 297.6 296.1 294.5 295.3
189.2 187.1 185.9 186.7 185.1 184.7 179.5 174.1 166.4 167.1 166.3 167.4 172.4 172.3 168.6 173.7 175 175.3 176.7 178.8 181.5 186.5 192.2 197.8 204.5 209 209.2 210.2 212.2 212.8 205.9 200.6 206.8 210.7 215.2 218.7 221 220.9 221.7 224.5 228.8 215.4 198.2 178.5 167.2 182 187.7 191.3 202.3 215.1 241.2 246.9 251.6 257.6 259.9 261.5 263.9 265.5 266.2 268.9 272.4 272.4 272.1 270.9 274.7 276.9 282.1 287.6 288.3 293.1 298 300.7 301.1 296.4 293.8 291.4 290.7 291.7
187.7 185.1 182.1 182.1 182.2 182 180.7 177.4 170.3 162 164.6 165 166.4 167.8 167.4 167.8 167.2 170.1 172.6 174 176.5 182.4 187.7 193.4 199.5 204 205.3 205.7 210.8 210.6 206.5 196.5 202.2 206.7 210.6 213.8 216.3 216.8 219.6 223 225.8 211.9 196.9 180.4 168.1 181.3 187.6 191.2 199.6 212 237.9 243.4 246.8 253.3 255.9 257.5 259.4 261.2 262.6 265.6 272.3 271.6 269 269.3 271.2 274.1 279.7 283 285.5 289.3 294.1 297.2 296.5 293.7 290.9 288.5 287 287
181.1 181.6 177.7 178.2 180 180.6 179.7 178.3 172.3 166.5 162.5 162.5 163.3 163.5 163 168.3 165.8 165.8 170 170.4 172.8 179.2 184.1 188.9 193.8 198.8 199.4 203.1 210.7 208.2 203.1 194.3 199.1 203.1 206.4 209.1 211.1 214.3 217.4 221.1 221.1 207.7 193.3 182.9 168 180.5 188.5 193.7 200.8 209.6 234.9 240.2 243.2 248.3 251.7 253.8 256.2 257.6 261.4 265 271.6 272.1 266.5 267.5 268.5 271.1 278.1 280.6 281.1 285.6 290.7 294 294.2 290.5 288 285.7 283.7 283.2
174.9 175.3 173.1 174 176.7 178 179.5 179.9 177.3 173.2 162.7 159.7 161.5 161 160.9 160.6 162.7 163.5 165.3 163.3 168 175.6 180.6 184.9 189.6 192.9 197.3 202.8 209.5 210 200.4 195.2 194.9 198.1 201.2 203.7 206.3 209.8 213.6 212.6 207.3 198.4 186 177.4 168 175.4 186.9 191.4 200.2 213.4 231.1 237.5 240.5 243.7 249.1 251.2 252.8 254.3 258.1 261 268.1 269.2 264.1 264.3 266.9 268.9 275.2 276.5 278.6 282.5 287.7 288.7 288.6 286.7 283.8 281.9 280.1 279.1
168.5 169.6 169 169.6 173 174.2 176.3 177.8 176.8 174 167.3 158.3 159.9 159.5 159.3 158 159.6 160.7 159.7 159.4 166.2 172.2 175.9 180.4 185.6 191.6 196.3 201.5 207.5 210.1 197.2 193 190.4 193.6 195.8 198.2 201 203.1 194.7 189.6 181.8 183.9 176 163.5 163.8 173.9 183.8 187 199.9 216.2 228.4 234.3 239.2 242.3 245.2 248.4 249.6 251.8 255 258.4 266 266 260.6 261.6 263.7 266.6 271.3 273.4 276.6 279.7 283.2 283.6 283 282.6 280.1 277.4 275.2 275.2
160.2 160.7 160.5 164.3 165.6 169 172.2 174.2 176.2 172 164.3 157.9 158.8 157.9 157.4 158.1 158.2 159.6 156.3 158.9 164.1 167.8 171 176.9 183.6 189.6 194.2 199.3 205.1 204.8 194 189.8 183.2 188.1 189.6 190.7 191.6 176.6 170.7 171.1 174.9 169.2 159.1 155.9 166.5 176.1 181 183.5 200.5 222.8 231.6 234.5 237.9 241.3 244.1 245.8 246.4 249.2 252.5 258.4 265.3 258.6 256.7 259.9 261 263.8 266.7 268.8 273.1 276.4 280.4 279.7 279.6 279.4 277.5 274.9 272.4 272.8
147.6 151.4 154 157.2 159.8 161.7 166.2 170.1 173.1 172.7 164.8 156.7 157.9 158.1 155.3 157.3 158.5 158.3 154.8 157.1 161.4 164.2 169.6 175.2 181.7 187.5 190.3 196.4 200.4 199 189.4 185.3 182 180.4 182.7 180.7 161.1 154.3 153.1 157.9 157.9 155.7 156.9 163.8 173 178.4 183.4 201 221.2 234.4 233.1 235.6 237.8 240.4 242.5 243.5 243.8 246.4 249.6 256.9 259.1 254.1 254.9 255.7 258.5 262.5 265 267.3 269 271.6 274.3 274.8 275.1 274.7 272.9 270.2 268.2 269.6
141.3 142.8 146.6 150.2 152.3 157.6 158.1 163.9 168.5 170.3 165.9 156.3 155.7 156.5 156.2 156.6 156.7 156.9 153.5 152.6 156.5 161.5 166.1 173.2 179.5 183.5 187.3 192 196.1 193.2 184.3 181.2 178 173.4 175.4 158.1 145.4 153.3 158.7 163.1 164.1 165.1 169.8 172.6 177.3 189.1 209.1 229.4 240.3 244.1 240.1 237.3 238.6 239.9 240 240.9 242.3 247.6 251.2 256.8 253.2 248.4 251.3 252.7 255.1 261.2 263.1 264.9 266 266.9 269.4 270.1 270.6 271 270.6 265.8 265 265.9
133.2 138.5 139.8 144.3 149.4 150.1 151.8 156.6 161.7 164.1 162.5 156.6 155.7 156 150 155.4 155.1 154.1 150.1 148.3 154.9 159.1 163.8 171.4 176.1 178.6 184.7 187.3 191.7 180.8 177.7 175.5 171.3 168.6 161.3 141.9 152.5 174.3 180.7 187.3 185.5 180.3 178.2 182.4 191.4 208 223.4 229.2 235 239.2 240.8 239.9 239.1 239.3 238.3 238.8 241.2 248.2 253.3 259.7 249.5 244.5 245.7 250.1 253.4 259.5 260.7 262.1 263.6 265.1 266 266.1 266.3 266.6 264.2 261.8 261.2 263.2
123.2 129.9 132.3 134.7 140.4 144.4 149.5 152.4 158.7 161.2 158.9 156.3 148.3 147.6 144.5 153.7 150.7 146.5 146.2 148.6 153.6 157.6 160.6 167.7 173.1 176.9 180.5 181.9 181.3 174.6 172.4 168.7 165 163.7 146.2 140.6 164.3 181.1 189.9 195.1 199.1 203.2 205.2 205.6 210.7 217.3 221.2 225.8 230.1 234.6 237.2 239.3 240.2 239.7 238.1 236.7 239.1 247.3 253.5 256.4 245.4 240.7 244.9 247.7 252.9 256.5 256.7 257.5 259.1 260.8 261 261 261.4 260.9 258.7 255.4 256.7 259.8
110.9 120.6 125.1 128.1 133.3 139.3 145.4 150.3 153 157.2 154.1 152.1 132.6 132 141.5 148.8 142.1 137.4 142.8 147.8 152.6 155.5 158.6 165.5 171.4 168.6 171.3 169.9 166.6 168.5 168.7 163 158.4 159 142.5 143.5 166.7 178.6 184.9 190.9 196.6 202.1 208.3 212.4 215.4 217.2 220.2 223.5 227 231.9 235 238.2 241.2 241.3 237.6 236.8 240.4 244.8 251 252.6 241.5 237.6 241.7 244.5 250.9 252.4 252 252.2 253.7 256.6 256.2 256.2 256.6 254.7 251.4 249.2 252.9 255.7
110.4 111.5 119.8 123.5 125.9 134 141.7 143.9 147.1 150.4 148.3 148 126.9 126.2 135.7 137.5 132.8 137.6 142.1 146.7 150.9 154.7 158.7 163.5 157.8 151.4 156 159.2 159.4 163 164.5 158.6 151.3 152.3 142.3 139 161.1 173 180 186 192.1 199.5 207.9 213.7 216.8 218.6 221.1 224.4 226.9 230.7 232.8 235.3 238.2 240.4 237.6 233.6 238.6 243.1 246.8 246.7 237.7 234.7 238.3 241.6 246.5 248 246.6 248.2 249.9 254.5 252.2 251.6 252.8 250.5 246 242.2 248.5 253.5
112 110.3 114.1 120.1 123.6 129.6 136.5 136.7 135.5 139.3 140.2 142.2 126.5 123.2 127.7 128.1 130.7 136.5 142 146.5 150.3 153.2 157.4 148.5 143.3 143.6 145.9 150.9 153.7 156.4 157.7 152.9 146.4 143.2 131.8 133.2 155 167.7 176.1 184 191.6 201.3 209 215.3 218.5 220.1 221.9 224.2 226.7 229.2 231.4 234.1 236.9 238.4 237.8 232.2 236.9 242.3 244.3 238 236.3 228.5 234 239 242.3 244 243.8 244.7 242.8 248.7 247.6 247.4 247.3 244.1 241.9 237.7 244.6 251.6
109.4 110.7 111.1 113.6 119.2 123.3 126.2 123.4 124.1 128.8 131.2 136.3 118.6 117 120.6 124.8 130.3 135.4 140.5 146.5 150 148.3 138 136.1 135.4 135.6 136.5 137.7 139.9 142 144.2 145.4 137.7 129.6 120.5 136 155.3 168.2 175.4 184.6 193.5 201.5 208.5 214.7 219.6 220 220.9 223 225 226.8 229.3 230.8 234 236.3 236.3 231 234.5 240.9 243.2 234.2 230.9 222.6 232.4 235 238.3 239.8 239.3 240.7 241.6 242.2 244.6 244.9 239.4 240.4 237.3 233.1 241 246.3
111.9 108.7 110.8 111.9 112.3 114.5 115.2 114.7 115.8 116.9 116.8 114.7 112.5 112.5 118 124.9 130.5 135.2 136.3 136.3 133 125 120.6 126.7 127.3 127.9 129.2 129.8 130.4 129.4 131.3 133.2 127.2 116.2 125.1 140.7 152.8 160.2 172.4 182 190.8 198.5 205.7 212.1 216.8 218.6 220.9 223.1 225.3 227.4 229.3 230.9 232.2 234.7 234.2 229 233.3 239.2 238.5 228.6 223.5 226.2 229 233.1 234.7 236.1 235.6 236.4 235.5 235.2 238.8 234.8 235.5 236.1 233.2 228.8 235.8 239.8
118.6 111.8 110.3 109.9 110.4 110.5 110.4 111.2 111.3 111.7 111.2 110.7 111 111 111.4 112.1 114.3 117.1 116.9 115.6 113.7 112.4 113.4 114.8 116.3 121.6 122.8 123.6 123.6 120.2 121.9 125.7 119.2 121 130.7 139.7 149.2 155.8 168.4 179.1 187.7 195.1 201.6 208.3 213.5 218.9 222.1 225 228.5 231.7 235.8 237.1 236.2 236.4 232.8 227.1 231.2 236.1 231.1 220.8 216 223.3 225.5 227.9 231.1 231.9 231.6 232 231.7 230.8 229.9 230.7 231.2 231.6 228.3 224.2 228 230.1
130.6 126.7 111.6 110.1 110.1 109.9 109.8 109.9 109.9 109.7 108 109.8 108.2 106.7 108.6 109.3 108.3 110.8 111.6 109.7 111.7 110 109.7 109.1 109.9 113.8 115.9 116 118.9 116.5 113.8 115.1 112.8 123.6 130.7 137.2 144.7 151.5 164 174 182.3 190.7 200.1 208.3 214.4 218.8 221.9 225.5 230 236.4 240.8 242.7 242.1 238.8 233.2 226 227.5 229.9 225.5 212.3 217.3 219.5 220.3 222.2 225.5 227.2 226.8 226.6 226.9 225.8 225.8 225.9 226.3 227.3 221.3 215.5 217.5 219.3
140.4 136.9 119.4 112.9 108.1 109.4 109.4 109.6 108.1 109.1 116.8 119.1 119.4 119.3 115.8 116.5 115.9 114.9 119.5 120.9 121.7 122.5 122.7 120.8 116.3 109.3 109.8 112.3 111.2 110.2 109.1 109.9 114.1 121 126.4 132.5 140.3 148.1 162.2 174.4 182 190.8 198.7 206.9 213.3 217.8 220.8 224.6 229.4 235.9 246.7 248.9 247.7 238.6 232.9 224.3 223.6 225.6 222.3 206.2 214.5 215.4 215.9 216.4 218.9 222.4 223.4 223.9 223.1 221.8 221.6 221.7 222.6 222.5 214 211.9 205.9 213.1
148.7 138.7 131.5 123.5 115.6 116.6 110.5 110.9 109.8 116.1 123.6 137.7 139.9 133.6 131.7 128.7 134.1 135.2 137.9 140.3 142.9 141.9 138.8 133.7 128.4 119.5 113.8 108 107.9 108 107.4 109.7 117.7 123.7 129.8 136.2 148 153.6 165.5 174.4 182.4 191.1 198.9 204.7 211.2 216.8 220.4 223.7 228.6 235.6 251.4 257.9 250 237.2 232.1 222.8 221.4 223.1 218.9 201.1 209.9 211 211.7 212.4 213.9 216.1 217.9 218 218 217.4 217 216.7 217.5 218 215.2 202.9 199.9 204.3
153.6 146.8 144.9 137.6 127 121.5 126.3 132.7 128.4 123.4 125.2 137.9 149.4 158.5 147.1 142.2 137.6 145 153.3 159.4 163.6 163.6 159.5 151 145.5 133.2 118.4 113.3 107.9 106.9 109.6 114.5 117.4 123.2 131.8 144.3 155.1 163.6 169.3 176 183.6 192.6 200 205.3 212.4 217 220.4 223.5 228.4 233.5 243.5 243.8 238.4 234.7 231.1 221.8 213.9 216 213.1 198.8 205.2 207 208 209 210.1 212.4 213.3 213.9 213.5 212.7 211.8 211.9 212.1 212 208 196.5 194.2 196
156.2 152.6 150.6 146.4 137.1 129.9 129.3 136.1 132.9 129.1 132.3 143.8 152.5 161.7 168.1 158.2 150.2 149 155.3 160.4 165.3 172 172.9 164.2 145.1 134.4 126.1 117 108.9 106.5 107.5 111.9 122.1 124.6 132.7 144.8 157.4 166.2 173.5 181.5 190.6 198.7 205 210.1 214.4 218.1 221.6 224.1 226.3 230.7 234.3 235.9 234.4 230.7 228.1 222.8 215.8 209 204.1 193.6 199.7 203.1 204.3 205.3 206.4 207.6 208.5 208.7 208.5 208.1 207.1 206 205.6 208.4 201.4 188.9 186.2 193.1
160.6 157.3 157.7 156.7 150.6 137.9 134.8 137.5 138.6 136.5 140.9 148.2 158.3 163.2 168 173.5 166.4 158.6 157.3 161.8 166.9 173.5 174.8 164.8 147.9 136.4 125 114.8 109.2 106.6 107.6 115.1 123.3 130.1 135.8 145.5 156.9 166.8 178.6 189.1 198 206 210.2 214.5 217.9 221.7 223.3 224.7 225 227.4 229.6 230.5 230.1 229.8 228.4 221.9 213.3 212.6 207.7 192.1 196.9 198.8 199.4 200.6 201.3 202.7 203.9 202.7 204.2 203.6 200.9 199.3 198.8 201.3 187.8 179.4 181 190.3
