data/SK05.asc
ncols 200
nrows 200
xllcorner 400000
yllcorner 350000
cellsize 50
[rows 35 to 69 of 200, columns 78 to 155 of 200]
406.4 402.8 398.9 396.6 393.5 390.2 386.8 384.1 382.1 379.1 373.3 367.7 358.6 356.9 352.2 354.9 365.2 374.1 382.3 390 397.7 405.5 411.8 412.3 408.3 401.7 394.1 386.1 374.4 359.9 348.9 335.9 317 309.7 327.3 317.6 327.5 316.9 306 294.7 290.1 286.7 292.5 290.5 281.4 271.5 259 256.8 258.8 257.6 261.1 263.1 264.1 265.9 267.1 269 271 274 275 275.6 275.9 276.8 277.6 278.4 278.8 278.7 277.8 274.9 269.3 260.2 260.6 260.9 257.7 267 271.7 271.7 270 264.5
409.8 406.2 402.7 399.2 395 391.4 388.3 386.1 383.4 379.2 374.9 371 365.6 361.2 350.7 357 367.3 375.6 382.3 390.2 398.1 406 410.9 410.6 406.6 400.5 393.6 385.1 374.1 363.5 354.1 340.9 321.9 327 339.4 331.8 335.1 324.1 312.2 300.8 298.3 296.7 298.3 294.8 287.5 278.9 264.6 254.9 255.1 256.2 259.2 260.8 262 263.9 264.5 266 267.6 269.4 271.4 271.9 272.6 274 275.1 275.8 276.5 275.5 274.2 271.1 267.7 263.5 255.9 254 261.8 266.9 268.7 270.7 267.3 263.3
411.9 407.4 403.5 399.9 395.2 391.6 388.6 385.2 382.2 379.3 375.3 371.3 366.3 360.4 346.2 359.3 369.9 376.6 382.1 390.3 398.5 406.3 409.2 409.1 404.2 398.3 391.4 381.5 371.4 363.1 352.3 342.6 323.8 339.8 347.3 343.5 338.8 328.5 315.9 305.1 304.8 303.8 303.2 299.1 292 283.6 271.3 264.2 254.2 254.9 257.4 258.3 259.6 261.1 261.9 262.8 264.6 266.3 267.6 268.5 269.3 270.8 272.4 273.5 273.8 272.4 269.7 266.3 264.4 262.4 260.4 252.4 258.4 265.4 268.3 269.5 265.9 261.7
411.3 406.1 401.8 398.2 394.1 390.6 387.1 384.2 381.2 377.9 373.7 369.2 363.7 356.8 343.2 360.5 369.4 375.4 381.8 390 398.3 405.4 407.3 405.3 401.6 395.7 387.6 375.9 367.3 359.1 348.8 339 335.2 350.4 351.7 347.8 340.7 329.9 317.7 309.2 310.5 309.5 306.9 302.6 295.8 286.9 276.7 269.5 263.9 252.7 252.4 253.1 257 258.7 259.8 260.6 261.7 262.7 263.6 264.8 266.6 268.4 269.7 270.8 271.4 268.9 265.2 263.8 261.8 259.8 257.8 252 250.3 261.5 266.4 266.9 264.2 260.6
408.1 400.8 396.2 392.7 389.4 386.9 383.8 380.8 377.7 374.6 370.6 365.6 359.5 351.7 344.2 359.1 367.5 373.9 381.1 389.5 398 402.7 404 402.5 398 391.6 381.5 373 365.1 356.7 351.2 346.3 351.1 355.3 353.7 349.9 342.6 330.8 322 316.1 315.1 313.8 310.6 306.2 297.6 287.8 278.9 270.8 264.2 266.1 253.6 250.5 253.6 255.7 257.5 258.4 259 259.6 260.1 260.6 262.1 264.4 266.5 267.8 268.4 267.4 264.5 261.1 258.7 257 255 251.2 247.6 261.4 262.9 262.9 261 257.9
404 397 391.2 387.3 384.1 381.2 377.1 374.6 372.8 370.1 366.7 360.3 355.4 348.2 344.5 358.2 365.3 371.7 379.5 387.7 395.9 398.3 399.9 398.3 392.3 385.3 375.4 369.1 362.3 356.9 354 351.9 355.6 356.6 356.3 352.5 344.9 338.3 330.3 321.8 320 317.2 314.8 308.3 298 287.9 277.7 270.4 275.7 272.6 259 251.9 248.9 250.1 254.2 255.8 256.6 257 257.3 256.7 257.2 259.7 262.2 263.9 264.6 263.8 261.5 259 256.6 253.8 252.7 248.8 247.4 258 258.6 258.7 258.2 254.6
404.3 397.9 393.3 389.2 384.9 379.3 373.4 367.6 365.8 364 360.6 357.2 353.1 346.3 343.7 355.6 363.2 370.3 378 385.9 391.2 393.6 395.6 392.8 386.2 378.3 370.1 364.4 358.5 355.8 354.1 352.9 355.2 356.8 357.9 355.2 351.3 342.6 335.4 328.6 325.7 323 318.4 308.1 295.5 289.9 277.9 280 281 272.1 273.6 266.6 249.2 247.9 249.1 253.1 253.5 254.1 253.8 253.2 253.5 254.4 256.4 258.5 260.8 259.9 257.8 255.9 253.6 251.6 249.9 244.2 251.1 253.8 254.2 254 253.6 251.8
406.5 399.7 393.9 389.7 383.1 378.3 373.4 367.9 361.7 356.6 355 353.2 350.7 345.3 338.3 350.7 359.2 367.9 376.5 383 386.3 389.4 390.6 387.5 381.2 371.6 364.4 359.5 356 354 352.6 353 355.6 358 360.2 359.6 348.1 337.9 337.1 335.4 333.8 329.8 323.1 307 295.8 294.7 287.4 285.1 285 284.6 282 268.3 259.1 251.1 247.2 246.6 250.1 250.1 250.2 250 249.6 250.6 250.4 252.1 255.4 254.7 251.5 251.1 250.2 247.2 246.4 240.9 247.5 249.4 250.4 251 250.5 249.4
407.6 400.3 393.5 387.8 380.7 374.6 369.4 366.3 364.8 360.7 355.5 351.6 348.4 345.1 337.1 346.3 357.3 366.8 373.7 378.4 381.9 386.1 385.6 382.2 374.2 366.6 360.7 355.2 352.7 351.5 350.1 352.8 356 359.8 362.8 362.9 353.1 343.1 346.4 345.7 341.4 335 326.8 310.7 303.8 299.6 296 293.3 297.2 294.9 288.8 282.9 273.1 262.9 257 255.9 245 243.9 245.5 243 243.1 243.9 244.4 245.3 246.1 246.8 246.2 244.8 245 242.6 241.9 238.7 248.4 247.3 247.4 248.2 248.2 249.3
409 402.6 396.7 391 385 378.9 374.7 370.6 366.7 362.4 358.5 355.8 354.1 348 336.5 341.9 353.9 363.8 370.2 374.1 379.4 381.7 381.8 377.5 370.2 363.6 357.7 351.9 348.5 348.2 348.6 352.3 355.1 360.7 364.8 365.8 352.8 348.1 351.2 351.7 346.5 339.5 331.2 315.9 312.5 307 305.9 303.8 307.2 305.7 300.8 296.9 288.1 273.7 267 263.2 258 254.7 254.1 247.5 246.8 243.4 238.7 238.4 237.3 236.5 238.8 240 240 239.2 237.6 242.5 247 246.3 244.4 244 245.4 246.6
412.4 406.6 400.7 394.8 388.4 382.8 377.4 372.3 368.3 364.7 362.1 359 355 348.9 337.4 336.5 350.5 360.1 365 369.7 375.7 378.4 378.2 373.4 367.2 360.9 354.7 348.4 345 343.7 347.9 350.6 354.2 360.6 365.5 366.1 354.5 351.4 354.4 357.5 351 343.9 335.4 321.4 317.9 315.1 309.6 314.8 317.3 314.9 311.2 307 298.4 289.3 272.3 268.1 267.8 267.4 262.2 260.3 261.2 251.9 246 239.7 241.9 238 234.7 235 235.2 235.7 236.9 242 244.1 243.7 241.1 239.2 240.6 242.1
416 410.6 404.4 398.2 391.7 385.7 379.9 374 370.3 367 364.2 360.2 354.8 348.6 340.2 331.6 345.5 354.1 359.3 367.6 372.5 376.5 375.6 370.8 364.5 358.2 351.2 345.4 341.2 343.2 345.1 347.6 353.5 360.5 366 367.1 360.7 356.3 365 362.3 354.6 346.7 338.6 331.8 324.6 320.5 321.6 324.3 324.6 321.7 317.5 310.3 303.4 288.6 279.3 275.1 283 281.2 275.4 274 271.2 260 250.3 252.3 255.9 250.7 243.4 238.3 233.6 233.8 232.9 238.7 240.2 238.5 236.1 231 230.3 232.9
418.8 413.6 407.1 400.8 393.9 387.6 381.8 376 372.3 368.5 364.3 361 355.1 349.1 342.3 330.3 339.2 348 358.4 365.5 370.6 374.7 373.8 368.7 360.8 353.7 347.6 343 341.8 339.8 342.2 345.2 351.4 359.8 366.5 369.2 364.8 365.4 370 364.8 356.1 348.7 342.5 335.5 329.9 327.5 328.9 330.5 328.9 324.3 318.4 311.5 301.8 303.8 299.2 296.2 295.9 292.7 290 285.5 278.1 267.2 250.4 263.5 265.7 259.7 254.3 246.4 240.4 233.3 230.5 231.3 231.9 228.9 227.9 226.4 225.8 225.1
420 415.6 409.3 403.1 395.9 388.4 382.5 376.9 372.6 368.5 364.5 360 354.3 347.9 342 329 335 350.1 357.3 363.4 369 372.3 371.1 365.3 356.4 349.7 343.7 340.5 338.3 335.9 339.3 343.2 350 358.4 364.4 369.4 369.1 371.4 370.4 363 356.8 350.6 345.6 339.5 334.9 333.3 333.5 332.1 327.8 322.1 317.3 312.3 311 310.3 305.6 302.7 301 297.8 293.3 286.3 274.3 260.4 263 274 273.4 269 260.1 251 244.6 235.9 234.5 231.4 228.6 232.4 236.5 238.1 235.9 230.7
420.7 416.1 411.2 404.5 396.6 389.1 383 378 373.4 367.8 363.7 358.9 352.3 346 340.9 328.6 334.5 349.3 356.5 361.9 366.3 368.8 367.2 360.7 351.9 345.9 341.2 339.4 335.3 334.3 337.3 342 348.7 355.3 360.1 365 371.3 371.8 366.5 360.2 356.1 352.3 347.4 343.3 339.1 336.4 334 329.8 325.4 321 317.5 313.2 316.1 312.1 307 302.9 293.9 289.9 286 282.1 278.6 273.8 274.5 283.2 279.9 272.6 263.6 255.3 246.4 243.8 241 245.8 244.2 249.6 254.4 248.4 245.4 234.5
419 414.9 409.6 402.7 396.5 389.7 383.2 376.5 371.6 366.2 362.1 356.7 349.9 343.1 338.1 327.3 335.5 347.6 354.2 359.3 362.6 364 360.3 354.2 346.7 341.9 337.9 335 333 333.5 337.1 340.3 345.7 351.9 357.5 362.4 366.9 366.9 362.4 359.8 356.4 352.7 348.4 344.1 341.5 337.2 332.9 328.4 324.2 320.6 317.7 316 314.8 308.1 304 298.6 300.7 300.5 297.4 297.8 295.4 285.7 288.7 287.9 282.7 274.4 265.2 257.8 251.8 252.2 245.9 254.9 262.9 265.7 268.5 256.3 252.1 239.9
417 412.7 406.6 400.1 393.1 388.5 381.9 375.6 369.7 364.6 359.4 353 346.2 343.3 337.2 327.6 331.5 343.8 349.8 354.7 358.4 358.2 353.4 347.8 342.7 339.3 336.1 333.4 327.8 332.3 335.6 338.9 343.5 349.1 355.1 359 361.2 361.3 359.7 357.1 354.6 352.1 348.6 344.7 340.9 336.5 332.3 328.7 327.1 323.4 321.3 318.9 316.3 313.7 301.1 308.1 310.4 310.3 308.6 310.4 305.2 296.3 296.8 294.1 287.8 278.8 269.7 263.4 259.1 259.5 255.8 261.1 270.9 279.6 274.3 261.4 256.9 245.8
415.4 411.3 405.3 398.1 393.7 386.3 381.7 374.8 369.6 364.4 361.3 357.4 352.1 343.3 339.8 329.7 325.1 334 341 348.4 353.8 352.8 347.7 343.6 339.9 337.4 334.3 330.4 326 331.1 335.1 339 345.5 351.8 355.3 357.3 358.6 358.4 356.9 354 351.3 348.6 345.4 342.5 339.3 335.6 332.7 331.5 328.7 325.7 324.4 321.5 319.3 307.1 312.8 317.4 318.8 321.3 320.7 318.6 312.3 306.9 305 299.9 293.8 285.4 275.9 270.8 268.5 269.3 266.3 267.5 277.4 283.6 278.1 267.3 260.7 248.5
413.9 410.2 405.2 400.2 394.2 389.1 382 377.1 373 369.8 365 359.5 351.1 343.3 340.1 331.7 323.7 324.1 333 342.3 348.3 347.3 343.9 339.6 337.2 334.8 331.6 328.8 324.5 331 335.7 340.3 347.1 352.6 356.1 355.8 356.6 357 355.5 352.3 348.7 345.3 342.2 339.6 338 335.8 334.8 332.1 329.4 326.2 324 322 312.5 319.5 323.9 325.9 328 327.6 326.5 324.2 317.4 314.3 310.4 304.9 298.6 292.5 283.6 281 276.9 277.5 276.7 273.3 283.5 286.8 282 271.6 264.8 253.2
412.2 409.4 407 403.3 396.7 391 386.5 381.4 376.7 372 367.2 360.2 351 343.6 337 335 329.2 321.7 323.9 333.9 341.7 342.3 339.2 337.2 334.8 331.7 329.7 328.4 325.3 329.6 333.7 339 344.3 350.4 354.1 351.1 355.9 356.6 354.4 350.5 346.3 343.1 340.1 338 336 334.5 333.7 331.2 329.5 326.2 317.8 317.6 321.5 327.1 328.4 331.9 332.9 331.9 330.8 328.4 324.1 320.2 315.7 308.7 304.7 299 290.2 287.8 285 284.8 283.9 278.4 289.4 289.6 284.9 276 269.5 258.7
411.9 410.6 407.2 405.4 401.5 396 391.3 385.4 379.8 374.2 368.5 360.8 350.3 344.7 341.8 337.9 332.8 327.6 319.2 325.2 335.7 337.3 335.4 334.3 333 330.6 327.5 325.6 324.7 328.1 331.7 333.9 339.9 344.8 348.1 349.1 353.8 353.6 351.5 347.8 344.5 341.8 339.2 336.4 333.6 331.2 330 330.8 328.6 323.5 317.5 327.6 327.4 329.9 331.6 334.4 334.6 334.5 334 331.8 328.1 324.9 320 314.1 309.9 304.4 296.3 292.1 292.7 292.4 292.1 287.2 292.8 292.8 288.2 280.4 274.3 265
410.9 410.3 408.7 406.8 403.3 399 394 388.3 382.2 376.1 369.4 361.9 355.8 350 345.2 340.8 336.2 330.8 322 317.7 331.1 335 332.2 330.2 329.4 328.8 327.1 322.2 323.2 325.8 328.4 331.8 336.2 337.9 339.2 344.2 346.9 347.3 346.7 345.9 344.4 342.5 340.3 337.5 333.7 330.3 330.2 329.6 328.2 327.7 326.9 329.7 330.4 330.5 332.5 334.4 335.5 336.1 335.4 333.6 331.2 328.2 323.7 318.7 314.3 309 303.2 299.1 299.5 299.4 298.5 296.1 295.1 295.2 291.7 285.5 278.4 273.8
408.7 408.8 407.5 406.2 404.2 400.3 395.4 389.6 383 377 371.1 364.6 358.7 352.8 347.5 342 337.4 331.2 322.4 316.3 328.2 332.6 329.6 326.5 325.9 325.6 324.3 321.7 321.6 322.8 325.2 329.1 332.5 334.3 335.9 338.9 342.2 343.9 344.4 345 344.5 343.3 341.2 337 332.1 332.3 333.1 333.8 333.4 332.3 330.8 330 331.5 330.9 331.5 333.4 335 335.3 334.9 333.5 331.7 329.8 327.3 323.5 318.4 313.4 308 305.9 305.7 305 302.7 300 298 297.6 294.9 289.3 282.8 275.2
406.6 406.8 405.9 405 403.5 400.4 395.9 389.5 382.9 376.8 371.2 365.7 359.8 353.4 348.1 342.3 336.9 330.4 322.2 315.1 324.6 329.3 327 324.2 320.8 321.3 320 321.5 325.8 329.2 327.7 327.7 329.4 330.9 332.3 336.7 339.9 342 343.9 345.6 345.5 344.3 340.7 335.2 336.2 336.8 336.6 337.1 335.9 335 333.1 332.7 332 331.1 330.2 330.5 332.5 332.6 332 331.1 329.7 329.2 328.3 326.2 322.8 317.2 312.1 311.5 310.8 309.1 306.6 303.6 300.9 300.1 297.8 292.6 285.9 280.3
403.1 403 402.5 402.4 401.9 399.7 394.5 387.7 380.8 375 370.1 364.9 359.2 353.1 347 341.2 335.3 328.6 321.7 314.1 320.4 324.6 322.2 318.9 317.2 318.5 320.8 328.4 331.2 333.1 331 331.6 333.5 334.8 336.9 338.8 341.6 343.5 344.9 346.9 345 343 339.6 337.4 339.6 339.9 339.8 339.3 338.1 336.5 335.1 334.2 333.3 330.7 328.2 327.4 328.3 327.8 327.2 325.8 324.6 325.6 325.5 325.1 324.2 321.1 317.5 316.1 314.3 312.3 309.7 306.3 304.6 303 300.3 296.2 290.3 285.1
398.9 399.3 399.5 399.4 399.8 398.3 392.6 385 378.6 372.8 367.6 362.5 357 351.3 345.4 339.6 334 327.4 321.1 312 314 316.7 315.3 323 322.7 319.4 324.3 330.9 334.2 335.6 333.6 335.4 336.7 338.3 340.8 343.3 344.9 345.6 347.1 346.9 344 341.4 340.9 340.9 342.3 342.6 342 340.5 339.3 337.7 337 335.9 334.2 331.2 328.2 325.4 323.6 321.5 320.5 320.1 319.9 320.1 321.8 322.4 322 322.2 320.2 317.5 316 313.8 311.4 310 308.2 305.9 302.9 299 294 288.3
395.2 395.7 396 396.1 397.1 394.7 389.3 382.3 376.7 371.2 365.8 359 351.9 347.7 342.9 337.6 332.8 326.2 320.7 312.3 311.7 319.1 328 330.3 328 324 324.5 331.6 335 337.2 336.7 338 339.3 341.2 343.9 346.4 347.4 348 348.5 346.5 344.8 344.9 344 344.3 345 346.1 345.1 343.1 341.1 339.9 339.1 337.9 334.9 331.9 329.1 327 324.1 322.5 318.1 312.8 312.8 313.7 316.3 317.7 319 319.8 319.1 317.5 315.3 313.9 312.1 311.2 309.6 307 303.9 300.9 296.1 291.4
391.3 392 392.4 392.8 394 392.9 386.7 380.3 375.2 369.9 364.6 358.4 351.5 345.9 337.7 333.5 330.2 323.8 317.3 310.7 311.5 325.1 334.3 335.6 332.8 329 323.2 330.7 335 337.7 338.5 340.2 341.6 342.9 346.3 348.3 349.8 349.9 349.7 348.1 347.7 347 347.1 347.3 348.2 348.7 347.8 345.6 343.1 342.2 341.4 339.3 336.2 333.1 330.8 328.3 325.9 324.5 321 314.7 308.9 304.7 309 311.9 314.3 315.6 315.9 315.5 314.6 313 312.4 311.7 310.3 308 305.1 302.2 298.6 294.8
387.1 387.8 388.9 389.7 389.3 389.4 382.9 378.1 374 368.7 363.4 357.4 351.1 345 338.4 331 324.4 319.5 310.9 310.7 317.2 332.1 339.6 339.7 337.3 332.6 324.8 329.9 334.4 337.4 340.1 341.6 343.1 344.8 344.5 347.5 350 351.1 350.9 350.4 350.1 350.2 350.2 350.2 350.6 350.8 349.6 348.1 345.8 344.5 343.6 341.1 338.2 336.5 334.6 332.6 330.1 327 322.4 316.8 311.5 306.1 301.1 305.2 307.8 309.6 310.2 311.3 311.5 311.2 311.2 311.2 310.3 308.9 306.7 303.7 301.1 297
382.8 383.2 385.1 386.2 386 384.9 380.1 376.5 372.1 367.6 362.2 356.7 350.7 344.2 336.5 329.3 322.1 311.6 308.3 316.4 324.6 338.2 343.7 343.7 341.5 336.2 331.4 327.2 332.3 336.1 339.1 341.5 341.5 342 346.4 348.2 350.1 351.9 352.7 352.5 352.1 352.2 352.2 352.4 352.8 352.3 351 349.8 348.6 347 345.8 343.3 341.9 340 338 336 333.6 330.1 325.4 319.7 313.3 307.6 301.7 297 301.4 304.2 305.7 307.6 308.3 308.8 309.7 310.4 310.2 309.2 307.9 306 303.1 299.5
377.5 378.9 381 382.5 382.6 381.1 377.8 374.1 369.8 365.4 361 355.4 350.1 341.8 334.6 325.6 318.3 307.1 311.2 323.1 332.1 342.4 346.3 346.8 344.7 339.6 334.6 331.5 329 332.9 336.4 336.8 340.7 345 348.5 349.6 350.8 353.6 354.7 354.7 353.9 354 354.1 354.6 355.1 353.9 352.9 352 350.8 349.5 348.1 346.2 345.2 343.3 341.5 339.2 336.2 332.7 328 322.3 315.2 309.8 303.8 297.7 293.8 298.1 299.7 303.4 305.1 306.4 307 308.5 309.6 309.7 308.9 306.6 305.3 302.4
373.2 374.5 376.8 379.2 380.1 378.9 374.9 371.8 367.8 363.9 359.4 353.9 348.1 340 333.9 325.3 317 305.9 314.3 327 335.6 344.1 348.2 348.9 348.1 342.8 337.6 335.6 331.8 334.2 335.9 339.9 343 347.1 349.5 351 351.6 354.8 356.6 356.9 356 355.8 356.4 356.5 356.9 356.1 355.1 354.2 353.1 351.7 350.3 349.1 348.3 346.1 344 341.6 338.2 334.5 329.8 324 317.6 311.7 306.5 299.7 295.1 291.8 294.6 298.5 301.2 304.2 305.1 306.6 307.9 307.6 308.7 307.4 306.1 304.8
371.7 367.9 371.8 376.4 377.8 376.5 372.3 369.4 365.3 359.8 355.9 351.6 346 339.4 333.6 325.9 315.6 305.6 316 327.3 336.5 345.1 349.6 350.7 349.2 344.6 341 338.2 335.7 335.8 339.3 342.1 345 347.6 349.9 351.9 352.8 356.1 358.4 358.7 357.5 357.3 357 358 358.6 357.9 357.2 356.4 355.3 353.9 352.5 351.7 351.2 349.1 345.9 344.1 340.1 335.9 330.7 325.1 319.4 313.6 308.4 303 294.2 289 291.3 294.1 295.2 299 301.3 304.4 306.3 305.1 306.6 306.7 305.1 304.3
367.9 365.6 372 375.4 376.1 374.1 370.4 366.2 361.7 355.7 351.7 348.1 342.9 338 333.1 325.3 314.1 304.3 313.8 327.1 336.6 346 350.9 351.2 349.3 345.9 343 340.6 337.8 338.3 341.7 343.9 345.9 348 350.2 352.5 353.8 356.9 359.3 359.4 358.4 358.7 358.9 359.7 359.7 359.6 358.8 357.4 356.8 355.9 354.7 353.7 352.7 350.6 348.1 344.8 340.8 336.3 331.3 325.5 319.7 313.6 307.8 302.2 295.8 292.4 286.8 287.3 290 294.7 297.2 301 303.6 306 306.2 305.3 304 302.8
362.2 365.8 371.2 373.9 373.4 370.9 367.6 363.4 357.4 351 347.3 343.2 339.4 335.6 330.4 323 311.3 303.8 315 325.5 337.4 347.5 351.5 350.7 349.2 346.4 343.9 341.3 340.8 341.2 343.2 344.8 346.8 348.9 350.9 352.9 354.7 357.4 358.8 360.1 360.3 360.3 360.1 360.5 360.2 359.6 358.9 357.6 356.9 356.2 355.8 354.8 353.3 350.2 347.6 344 339.9 336.3 331.2 325.5 319.7 314.1 309.6 303.4 301.2 296.9 290.2 282.3 283 288.9 293.3 295.6 300.2 302.5 303.5 303 301.4 299.4
