data/SK19.asc
ncols 200
nrows 200
xllcorner 410000
yllcorner 390000
cellsize 50
[rows 140 to 174 of 200, columns 78 to 155 of 200]
473.1 467.2 460.9 455.2 450.6 444.4 438.3 432.2 426.9 421.8 415.9 409.4 404.2 396.3 387.6 374 361.2 351.5 339.2 325.4 310.6 296.4 284.7 275.6 273.7 278.6 283.1 294.1 302.1 319.2 333.1 338.6 336.7 332.3 325.6 314.6 301.7 291.8 282.8 272.6 262.4 262.4 269.2 282.5 291 294.6 293.8 292.4 290.5 289.1 287.4 282.3 275.2 268.4 262.4 262.4 262.4 262.4 262.4 262.4 262.4 262.4 262.4 262.4 262.4 262.4 262.4 262.4 279.3 307 334.4 355.7 372.2 382.6 390.3 395.1 395.7 395.6
473.1 466.2 459.7 454.1 448.6 442.8 437.1 431.1 425.4 420.5 414.9 409.3 405.3 399.6 390.9 382.7 373.3 366 357.3 344.8 330.4 314 299.2 289.5 280 273.6 272 274.5 280.5 295.4 309.1 317 316.1 314.9 310.3 298.2 288.1 280.9 272.2 262.4 262.4 266.3 286 306.1 318.2 318.6 316.6 315.5 312.2 310.4 305.8 300.1 290.6 281.6 274 264.6 262.4 262.4 262.4 262.4 262.4 262.4 262.4 262.4 262.4 262.4 262.4 264.6 288.1 314.9 344.5 367.3 378.9 386.1 392.6 391.9 392.4 393.1
471.3 464.5 457.6 451.9 446.2 439.7 433.6 427.5 422.5 417.2 411.1 406.9 404.6 399.9 392.5 383.5 377 370.8 363.8 355 344.5 330.6 313.1 290.5 282 284.4 279 275.1 270.3 269.5 279 288.5 292.2 292.9 288.9 281.2 275.1 263.4 262.4 262.4 273.8 289.3 309.7 327 335.4 337.6 337.5 340.1 339 334.4 326.7 319.9 307.9 297.9 289.3 280.3 269.9 262.4 262.4 262.4 262.4 262.4 262.4 262.4 262.4 262.4 262.4 268.1 292.6 318.8 351.5 372 381 387.9 391.7 391.7 391.4 391.5
468.9 460.8 456.2 450.3 443.7 436.4 429.5 422.7 417.5 412.6 406.5 401.4 398.5 394.9 388.6 381 373.9 367.7 360.4 349.7 335.6 319.8 298.8 290.5 301.5 296.6 289 280.2 272 270.3 268.1 267.2 270.2 270.2 266.6 264.2 262.4 262.4 268.9 277.6 295.5 312 329.1 344.5 351.6 357.6 363.7 367.3 364.6 358.8 351.5 344.1 335.3 326.9 315.5 298.2 286 275.1 265.6 262.4 262.4 262.4 262.4 262.4 262.4 262.4 262.4 274 294.8 323.3 355.4 373 381.8 388.7 391.1 390.1 389.4 388.5
466.9 461 454.7 449 442.1 432.8 425.2 416.8 409.8 404.2 399.4 392.8 388.3 381.3 374.2 367 363.1 355.8 346.8 333.8 319.5 303.4 295.5 311.1 319 307.5 290 277.5 275.2 275.4 273.5 268.7 266 265.8 265.3 264 268.2 279.8 288.8 301.5 314.8 331.3 345.2 360.2 372.4 380.2 378.1 375.1 371.7 366.3 359.7 354.4 349.6 342.9 336.2 324.6 312.3 297.1 284.8 271.9 262.4 262.4 262.4 262.4 262.4 262.4 262.4 277.6 298 328.4 357.5 373.6 381.5 387 388.7 387.9 387 386.2
465.6 460.5 454.1 446.9 441.1 432.8 424.8 411.2 395.2 384.2 386.5 379.4 364.5 357.4 351.7 346.3 341.9 337.2 325.8 316.9 303.5 305.9 318.7 330.5 318.7 296 278.6 283 287.1 288.1 286.7 281.3 277 275.8 278.2 283.2 290.8 299.1 307.7 320.8 334.8 348.1 362.6 379.4 386.6 385.3 381.8 378.5 374.6 369.5 365.1 360.3 356.1 350.7 345.2 337.1 328.7 309.6 286.9 275.3 262.4 262.4 262.4 262.4 262.4 262.4 262.4 283.5 306.8 334.9 361.4 375.1 381.7 384.9 386.1 385.1 383.3 383
464.4 459.2 452.9 446.1 438.6 430.9 422.5 412 395.2 380.2 365.7 361.4 348.4 339 333.1 326.6 324.3 318.3 311.3 309.2 314.6 325.1 336.2 331.7 307.9 289.6 285.5 298.4 304.4 303.4 301.1 296.5 293.7 293.8 297.4 302.6 309.1 317.5 329.2 341.1 353.4 366.2 382.4 392.9 392.5 389.6 385.4 382.1 377.6 372.8 368.6 364.5 360.6 355.4 348.8 340.7 327.7 300 281.1 268.2 262.4 262.4 262.4 262.4 262.4 262.4 265.8 290.2 316 341.9 368.4 375.9 382.4 383.3 383.3 382.3 379.7 378.3
462.1 456.2 450.1 443.5 435.6 425.1 417.4 406.6 391.6 375.9 364.7 342.5 333.9 338.5 335.8 332.4 329.2 325.3 324.9 327.4 332 340.9 345.9 329 303.5 285.1 301 314.4 320.9 320.4 317.2 314.2 312.5 311.8 313.9 320.5 327.5 337.5 348.6 360.6 372.8 388.1 396.7 397.3 396.1 393.5 389.4 385 380.1 375.4 370.9 366.5 361.8 355.8 348.2 338.6 324.9 293.6 274.6 262.4 262.4 262.4 262.4 262.4 262.4 262.4 273.5 297.6 324 350.8 369.2 375.5 379.8 381.6 380.7 378.3 374.6 372.6
459 451.6 445.3 438.2 429.3 417 407.4 398.7 386.7 370.2 350.9 348.1 357.7 361.7 360.8 357.3 350.8 348.5 347.5 350.9 354.1 357.5 349.3 330.9 303.3 295.7 313.4 325.6 335.4 335.8 334.4 331.5 330.8 329.9 331.9 339.9 347.5 358.4 368.7 382.3 395.9 400.8 401.6 400.5 398.8 395.8 391.5 386.3 381 375.5 371.1 366.7 362.6 354.8 345.3 335.5 320.9 288.9 268.1 262.4 262.4 262.4 262.4 262.4 262.4 262.4 281.3 305.8 332.5 360 370 376.2 378.3 378.2 376.5 373.1 369.8 367.1
447.7 439.1 434.7 425.6 412.8 401.8 392.2 383.1 375.3 358.7 360.1 365.8 375.2 383.4 387.8 386 381.2 378.1 377.2 374.7 373.1 365.8 353.2 333.5 306.3 298.2 319.4 337 348.6 352.5 353.2 351.6 352.2 352.2 354.7 360.7 369.5 380.4 391 401.7 405.4 406.2 405.1 402.8 400.3 397.1 392.7 387.3 381.3 375.6 370.1 365.1 358.9 351.2 340.8 329.3 311.7 282.2 263.5 262.4 262.4 262.4 262.4 262.4 262.4 264.4 290.5 316 341.6 361.2 369.1 373.3 374.6 373.6 370.4 367.3 365.2 361.3
447.7 430.8 416.5 408.1 395.2 389.8 386 370.3 371 371.2 375.4 384 394.1 400 400.9 400.6 397.8 395.6 391.1 385.5 378.8 365.3 347.8 328.5 306.2 297.7 322.1 341.3 359.5 371 374.2 375.9 377 379.4 380.9 387.5 394 402.7 406.8 408.1 408.9 407.2 405.6 403.9 400.9 397.4 393 388.2 381.7 375.6 370.2 363.6 355.5 346.3 334.8 322.6 302.6 276 261.1 246.3 252.8 262.4 262.4 262.4 262.4 273.8 300.5 327.3 353.7 361.6 364.8 367.4 367.8 367.8 363.9 362 360.6 352.8
458.3 447.9 433.3 424.2 416.3 408.8 401.9 389.5 389.9 389.9 393.6 401.9 407.7 410.9 412.9 412 407.8 403.3 398.5 390.1 374.9 354.8 333.6 315.2 312.9 301.9 320.9 340.2 360.6 378 385 389 392.4 396.7 400.7 403.5 406.7 409.4 410.7 411 410.1 408.6 405.9 403.4 401.1 397.2 392.7 387.9 382 375.3 367.9 360.5 351.6 342.4 331.1 313.6 286.2 269.1 255.3 247.1 238.4 237 241.3 263.8 262.4 285.9 313.1 340.3 355.5 358.1 359.5 358.9 357.8 356.7 357.4 355.7 352.2 349.1
465.1 458.8 450.3 442 433.6 423.3 405 404.6 407.3 410.5 413 417 418.9 419.4 419 415.2 411.1 403.6 392.7 374.8 355.1 338.1 320.2 326.4 331 312.4 317 338.5 357.7 377.9 391.2 397.8 402.6 405.4 407.7 409.5 412.3 413.1 411.4 410.8 409.5 408.1 405.6 402.9 400.7 396.6 392 387.1 381.2 374.3 365.6 356.8 347.6 338.3 327.3 315.6 291.9 270.8 252.7 243.9 237 237 237 251 270.7 296.9 326.9 349.7 352.5 353.5 353.4 352.5 351.3 350.5 349.3 346.9 333.2 346.7
470.2 465.5 457.5 450 440.3 430.3 410.7 420 425.1 426.7 428.1 427.2 426 424.7 420.4 416.6 409.4 398.5 379.7 356.8 335.5 340.9 345 349.1 349.6 324.5 311.8 336.9 357.4 378.2 396.6 403.1 407.9 411.4 413.2 414.5 414.2 413.1 410.9 409.6 408.4 406.8 404.6 401.9 399 395.4 390.9 385.7 379.7 373.6 365 355.5 344.3 334 323 312.2 294.3 268.3 252 242.2 237 237 237 255.3 281 308.4 333.6 342.7 347 346.7 345.3 344.8 343.5 340.9 336.5 327.9 317.4 339.2
473.6 469.5 460.8 456.5 446.1 430.6 433 434.3 436.9 437 435 432.9 430.6 427.5 422.3 415.4 404.5 383.1 358.9 356.2 362.8 367.3 368.3 368.4 361.7 333.2 320.6 335.6 356.5 376.9 399.2 407.8 411.6 414.4 415.9 416.1 415.1 413.2 410.6 408.9 406.8 404.5 402.4 400.2 397 393.1 389.1 384.2 378 371.4 363.3 353.8 342.4 330.6 319.6 305.9 284.1 262.8 250.2 242.5 237 241.6 237.6 255.9 286.4 307.4 311.3 317.9 323.6 326.3 326.7 323.6 322.3 319.8 312.2 303.1 310.4 323.3
476.1 471 466.5 462 451.5 446.3 444.9 445.4 444.4 442.3 438 435.2 433.2 429.2 422.8 410.9 392.6 368 377.7 385.8 391.5 395.3 393.9 383.7 367.3 342.2 331.9 327.9 353.1 375 398.9 406.4 412.7 415.1 415.8 415.9 414.7 412.9 410.4 407.6 405 402.2 400.1 396.9 393.4 390.4 386.8 382.4 376.2 368.8 359.2 349.9 338.2 327.5 316.6 297.3 276.8 261.5 251.3 241.1 237 241.6 238.2 255.9 278.1 281.3 288.4 294.4 297.1 302 304.1 301.9 298.5 296.1 294.3 286.5 294 302.2
479.3 475.2 471.8 466.5 461.4 457 454.3 451.6 450.5 447.8 443.8 439.3 435.1 423.9 407 390 385 397.2 405.8 410.6 411.6 407.2 401.5 389.4 366.3 363.9 353 335.1 348.2 371.8 396.6 404.8 409.9 414 415.3 415.8 414.4 412.3 409.3 406.4 403 399.9 396.2 392.1 389.2 386.8 384.1 379.8 373.2 365.5 354.9 344 334.5 323.8 312.6 290.3 270.9 261 251.6 237.3 237 241.6 237 247.6 261.4 268.9 272.9 273.9 276 278.1 279.7 279.3 276.9 275.7 276.7 269.5 272.3 276.2
480.7 478.1 474.6 471.5 467 463.4 459.7 457.6 455.1 450.9 447 441.7 424.5 417.2 420.3 416.4 405.6 413.7 420.7 421.5 418.5 414.2 406.6 382.4 392.4 378.8 369.3 353.5 343.2 367 384 399.3 405.8 410.9 413.8 414.6 413.4 411.5 408.4 405.4 401.2 398 392.6 388.6 386.1 384 380.8 377 370.4 359.8 349.8 339.6 330.6 319.3 304.9 285.4 268.8 259.9 247.4 237 237 237 237 237 237 248.3 243.8 244.9 250.5 253.5 255.7 254.9 257 254.7 254 255.6 254.7 257.2
483.3 480.8 477.6 474.4 471.7 468.5 463.8 461.6 458.6 454.7 449 438.5 431.5 436.4 434.7 429.3 412.3 425.5 428.4 427.3 423.2 419.1 411.6 398.6 403.4 399.8 384.6 370.9 349.9 359.1 373.8 390.7 401.3 407.6 412.7 413.8 412.5 411.1 408.1 404.6 400.5 395 389.1 383.3 382 380.1 376.7 373.1 364 353.1 342.8 333.8 324.7 312.6 299.1 281 265.3 255.5 241 237 237 237 237 237 237 238.8 240.3 240.1 239.2 240.6 248.3 249.3 252.6 252.7 265.8 271.1 276.1 276.9
485.6 483.1 480.5 477.6 474.9 472.7 468.4 465.4 461.4 456.8 450.4 435.6 443.5 445.3 441.7 435.5 431.9 434.7 433.9 431.2 426.9 421.5 414.6 412.1 411.9 408.2 403 383.4 380.2 373 366.2 384.8 397.9 405.4 411.7 413.1 412.4 411.2 407.8 404.6 400.9 394.6 388 382.1 373.9 367.4 364.8 360 352 342.5 332 324.3 315.5 304.7 291.7 276.3 262.8 252.4 237 237 237 237 237 238.7 237.9 239.3 245.9 250.1 251.9 258.5 266.8 272.8 277 282.2 287.5 291.9 290.8 281.9
487.7 486.2 484.1 481 478.5 475.8 471.7 467.3 462.3 457.7 447.2 450 451.3 449.6 446 438.9 440.1 440.8 437.9 434.3 429.6 424.2 421.4 418.9 416.9 414.3 408.2 405.2 400.1 393.4 386.6 382.7 397.7 404.6 410 412.8 412.4 411.4 408.5 405.6 403 398.5 393.8 388.6 383.6 376.3 363.2 345.9 329.9 314.4 302.8 298.8 298 293 281.8 268.6 258.3 244 237 237 237 237 237.4 241 245.7 255.6 261.5 268.9 279.4 285.7 291 294.7 298.3 302.6 311 315.9 309.7 283.2
488.8 487.5 485.7 483.1 480.8 477.8 473.6 468.7 463 457.6 456.2 456.6 456.5 453.4 449.7 445.2 446.4 444.1 440.8 437.1 433 429.4 426.3 423 419.7 419 416 411.6 406.7 404.1 397.3 387.3 397.5 404.8 409.7 412.3 412.2 411 409.3 407.4 405 402.2 398.5 393.2 388.7 383.8 376.3 369.8 351.9 337.8 317.9 298.8 282.2 269.4 264.5 258.6 251.6 240.5 237 237 237 237 239.3 244.9 259.5 276.2 287.2 292.2 300.4 307.8 312.7 317.5 322.9 328.2 330.3 332.2 326.5 301.9
490.9 489 486 482.8 480.8 479.1 474.9 470.2 466.1 462.5 461.7 461.1 459.9 456.5 452.6 451.3 449.6 447.3 443.7 441.2 437.3 434.8 432.2 428.8 425 423.6 421 417.1 413.1 409.2 404.2 398.9 400.3 405.8 411.2 411.9 413.4 413.2 412 409.6 407.2 404.3 401.1 395.9 391.5 386.1 380 371.7 360.1 342.8 325.9 304.5 289.3 276.2 264.8 250.2 247.7 242.1 237 237 237 237 240.4 249.8 269.2 289.1 307.7 317.3 324.7 330.3 336 337.9 337.8 340.5 340.9 342.9 342 321.1
490.3 490.3 487.3 483.7 481.8 480.2 477.1 472.7 470.5 467.9 466.5 465.5 462.5 460 458.2 456.2 453.9 450.7 446.8 444.7 442.3 440.4 437.9 434.9 431.3 429.5 427.2 423.7 419.1 413.7 408.7 403.5 402.4 407.8 411.7 414.1 415.5 415.9 414.3 411.9 409.3 406.2 402.7 397.8 392.4 386.7 380 371.3 358.6 339.8 321.5 303.6 287.4 275 261.5 251 245.7 239.8 237 237 237 237 242.7 256.8 276.9 301.5 325.8 335.4 339.5 342.1 344.3 346.3 348.2 350.2 351.5 353.6 355.3 342.1
486.1 490.9 488.3 486.4 483.7 481.9 479.7 476.3 474.7 472.8 471.1 468.7 465.7 463.8 462.6 460 457.6 453.9 451.3 449.5 447.5 445.5 443.8 441.4 438.2 437.6 434.3 430.9 425.6 419.8 413.6 409 409.1 409.7 413 416.8 418.7 418.2 416.5 414.9 411.7 408 403.2 397.7 391.9 386 379.1 369.6 354.4 334 315.4 296.7 282.7 270.8 259 250.6 244.1 238.5 237 237 237 237 246.8 266 286.9 312.8 338.6 344.8 348.6 351 353.4 356.8 359.7 361.6 364.2 369.4 368 361.6
459.6 484.8 486.9 486 485.2 483.3 481.5 479.7 478.3 476.8 474.3 470.2 468.9 467.9 466.4 463.9 460.6 458.5 457 455.4 453.4 450.8 448.5 446.1 444.6 443.4 441.5 437.8 432.1 425.8 419.3 415.4 416.5 415.5 415.3 419.2 420.8 420.4 419.1 417 413.4 408.6 403.2 397.3 390.4 384.3 376.8 365.4 349.3 327.3 308.9 291.2 278.8 267.3 255.7 248.9 243.1 238.2 237 237 237 237 251.7 271.8 293.8 323.3 343.1 350.9 355.9 359.7 362.6 366.1 373.4 379.6 383.6 381.6 377.5 371.6
422 452.6 482.3 486.9 485.8 484.9 483 481.6 480.8 479.4 477.6 473.2 472 471.9 470.2 467.9 465.1 463.4 461.7 459.8 457.7 455.1 452.3 450.9 449.3 447.7 445.6 442.1 436 430.2 425.2 422.1 423.7 422.3 419.3 420.5 421.2 421.5 421.2 418.6 414.1 408.1 402.8 396.5 389.6 382.7 373.4 360.6 341.5 320.9 303.7 288.1 274.8 262.6 253.6 247.1 241.1 237 237 237 237 237.3 257.1 281 308.2 332 346.6 358.1 364.7 371.6 377.7 387.7 392.7 392 389.2 386.1 382.8 378.6
411.4 416.8 444.6 486.1 486.9 486.4 485 483.9 482.5 481.8 479.6 477.3 476.8 475.8 474.2 471.4 469.6 467.6 465.5 463.2 459.8 457.4 455.4 453.5 452.3 451.1 448 444.1 440 435.2 430.4 426.9 426.8 424.5 422 422.3 422.5 422.1 421.4 420.1 413.5 407.5 403 395.3 387.7 380.1 369.9 354.6 334.8 314.7 297.4 283.1 270.8 258.6 252.3 245.9 239.8 237 237 237 237 240.6 263.7 290.1 319.2 338.7 349.6 364.5 371.9 384.8 392 395.9 396.8 395.3 392.1 389.5 387.5 384.5
392.9 393.6 410.2 450.5 486.2 486.7 486.1 485.4 484.6 483.5 481.8 481 480.5 479.7 477.3 474.4 471.9 468.1 466.7 464.7 461.7 459.5 456.5 454.2 452.9 451.8 449.1 445.1 441.3 437.2 433.5 430.2 427.5 424.4 422.8 422 421.7 423.9 421.5 417.9 412.4 407.1 402 394.3 386.1 377.3 365.3 350.9 330.5 309.2 291.9 279.2 266.4 257.4 251.1 244.7 238.3 237 237 237 237 244.6 268.5 297.4 327.1 342.6 356.4 367.1 378.5 391.8 396.1 396.6 396.4 396.1 394.2 392.3 390.4 388.3
374.2 385.1 402 419.1 431.7 463 485.4 485.8 485.7 484.8 483.4 482.5 481.9 481.2 479.6 476.4 472.7 469 466.8 464.9 461.8 459.1 456.9 454.9 453.4 451.4 449 445.3 441.6 438.1 434.3 430.4 425.6 422.1 421.3 420.6 421.5 422.2 419.4 415.7 411.2 406.5 401.1 393.5 384.5 375.9 364.1 347.2 328.4 306.6 289.8 275 263.3 254.6 247.7 241.1 237 237 237 237 237 246.9 270.6 299.7 332 343.3 353.9 365.4 376.5 389.9 395.5 396 395.7 395.2 395.8 394.4 392.8 391.6
373.8 386.5 412.2 434.1 424 424.4 463.5 484.6 485.7 485.7 483.1 483.8 482.7 481.8 480.5 477 473.5 469.8 467 464.2 461 458.4 456.3 454.5 452.3 450.3 448 444.7 440.3 436.6 432.7 428.6 423.9 420.2 418.6 417.6 418.8 419.8 417.1 413.9 409.5 405.2 400.8 392.7 383.5 374.4 362.7 344.9 322.2 302.9 286.6 273.5 263 253.4 246.5 240.5 237 237 237 237 237 248 273.7 303.2 332.3 340.9 346.9 356.6 365.8 378.6 391.4 392.9 393.7 394.5 394.8 396 395.9 396.3
375.5 378.5 394.8 423.2 438 421.8 438 479.8 485.9 486.5 486.1 485.1 484 482.1 479.8 476.9 473.5 469.7 465.7 462 458.6 456.1 454.1 452.1 450.5 448.5 446.1 443 439.2 434.6 430.4 426.3 422.8 419.2 416 413.7 416.1 417.6 414.1 410.8 407.9 404.8 400 392 383 374.1 363.7 348.1 327.3 310.5 293.1 277.2 267.1 257.6 249.3 241 237 237 237 237 237 247.3 273.6 302.6 327.2 333.9 340.1 347.6 356.7 365.6 377.7 386.8 390.9 392.6 394 396.8 399.5 401.4
374.8 372.8 380 400.6 425.5 416.3 437.9 451.7 469.7 486.4 486.6 484.9 483.7 481.7 478.8 475.4 471.7 467.6 463 459.6 456.3 453.9 451.7 449.4 446.8 444.4 443.3 440.3 436.2 431.5 427.6 423.4 419.8 416.4 411.8 409.8 412.6 414.3 410.7 408.3 406.6 404.1 398.5 390.1 381 371.9 364 352.4 336 318.1 300.6 285 273.1 262.7 252.7 244.3 237 237 237 237 237 243.6 265.1 290.3 313.7 325 332 339.2 346.4 353.1 362.6 374.6 385.8 390.2 393.8 396.6 403.4 405.9
381.2 374.4 375.5 387 411.3 432.1 429.4 474.3 477 465.8 467.5 480.5 482.7 480.9 477.4 473.6 470.2 465.5 460.5 457.3 454.1 450.9 448.5 446 443.3 440.4 438.6 437.3 433 428.4 424.5 420.6 417.2 414.6 410.3 400.4 407.9 407.7 405.9 406.7 404.7 401.5 394.8 387.5 378.8 370.2 363.5 354.6 341.2 323.8 306.4 291.4 277.5 267.8 257.4 246.9 237 237 237 237 237 237 253.6 274.5 294.4 310.6 322.1 329.4 335.5 341.5 350.6 361.3 375.6 385.5 389.7 395.8 404 408.4
376.3 385 383.1 385.8 396.7 413.4 423.3 461.9 475.8 475.2 473.3 466.2 480.4 479.3 475.9 472.5 468.7 463.2 458.5 455.5 451.5 447.3 444.7 441.6 438.4 435.3 433 432.1 429.6 425.3 421.1 417.8 415.3 412.2 408.6 402.6 396.3 400 400.8 402.6 400.8 396.6 390.1 383 375 368 361.8 352.3 338.8 323.5 308.7 294.1 281.7 271.7 262 251.3 240.3 237 237 237 237 237 242.2 255.9 275.2 295.8 308.3 316.5 324.7 331 339.4 350 362.9 380.7 387 393 400.7 409.5
