data/SK22.asc
ncols 200
nrows 200
xllcorner 420000
yllcorner 320000
cellsize 50
[rows 114 to 151 of 200, columns 85 to 169 of 200]
46.5 46.5 46.4 46.2 46.1 46.1 46.1 46.2 46.3 46.4 46.5 46.9 46.4 46.1 45.8 45.5 45.2 45.3 45.3 45.4 45.3 45.2 45.1 45.5 45.6 43.4 43.8 43.7 43.5 43.9 44 44.1 44.2 44.2 44.3 44.4 44.5 44.5 44.5 44.3 43.8 43.6 44.4 44.3 45.2 47.7 49.1 50.4 52.8 55.4 58.9 63.8 66.7 68.5 70.9 72.3 73 74.2 75.7 76.6 77.6 78 79.1 78.3 76.7 76.5 77 77.5 78 78.4 78.8 79.1 79.5 80 80.9 82.2 83.6 85.1 86.6 87.6 88.1 90.1 93 96.1 98.9
46.5 46.5 46.3 46.2 46 45.9 45.9 46 46.1 46.5 47.2 46.8 46.3 46 45.8 45 44.8 44.9 45 45 45.1 45.2 45.1 45.2 45.1 42.8 43.7 43.3 44 43.9 44 44.1 44.2 44.1 44.1 44 44 44 43.9 43 42.1 43.4 45.5 47.4 47.1 44.7 46.2 48.4 50.2 53.1 57.8 62.7 66.1 68.9 71 72.7 73.3 74.2 75.3 76.4 76.8 77.6 77.5 75.9 74.7 74.8 74.9 75.4 76.5 76.6 77.1 77.7 78.5 79.7 80.9 82.6 83.8 85.2 86.8 88.4 90.4 93 95.7 98.6 102.9
46.5 46.4 46.3 46.1 45.9 45.8 45.6 45.6 46.4 47.2 47.2 46.8 46.3 45.8 45.3 44.6 44.5 44.5 44.6 44.8 44.9 45.1 45.2 45.3 45.8 42.7 43.7 42.8 43.3 43.9 43.9 43.8 43.8 43.7 43.7 43.6 43.6 43.5 43.5 43.6 44.4 42.8 47.9 49.4 49.6 49.4 49.5 49.7 49.9 50.9 55.4 60.4 63.7 67.2 70 72 73.5 74.6 74.7 75.2 75.1 75 74.7 73.4 73.4 73.9 73.2 73.3 74 76.3 76.9 77.6 78.6 79.7 80.9 83.2 84.1 85.5 87.9 90.3 93 95.4 98.1 100.9 105.2
46.5 46.3 46.3 46.1 45.8 45.6 45.5 45.9 46.8 47.3 47 46.8 46.3 45.9 45.4 44.8 44.7 44.8 45 45 45.1 45.1 45 45.3 42.8 44 43.7 43.3 43.6 44 43.9 43.8 43.7 43.7 43.8 43.7 43.6 43.6 43.5 42.1 44 46.2 49.7 51 51.6 52.1 52 52 53.7 53.3 50.9 52.7 59.2 64.7 68.4 70.3 71.5 73.2 73.4 72.4 72.7 72.8 73 73.3 72.7 72.8 72.2 73.8 76.3 76.6 77.3 78.1 79.1 80.1 81.2 83.7 84.8 86.1 88.8 91.5 94.7 98.9 101.2 103.4 107.1
46.3 46.3 46.2 46.1 45.9 46 46.1 45.6 46.7 46.7 46.6 46.5 46.4 45.7 45.1 44.5 45 45 45 45 44.9 44.9 44.9 45.3 42.6 44 43.7 43.4 43.5 43.9 44 43.9 43.9 43.7 43.7 43.6 43.5 43.6 43.5 42.5 43.2 49.7 51.6 52.6 53.3 53.8 56 57.4 58.7 58.9 59.7 56.8 49.2 58.3 66.1 68 69.6 71 70.6 70.1 71.8 71.9 72 71.6 71.4 70.3 73.2 76.3 78.7 78.7 78.8 79.4 79.9 80.8 82.2 84 85.4 86.6 89.3 92.6 96.9 101.2 102.9 103.5 104.1
46.2 46.2 46.2 46.2 46.2 46.3 46.5 46.5 45.9 46.1 46.1 46 45.7 45.4 45.3 45.1 45 44.9 44.9 44.8 44.8 44.8 44.8 42.6 43.4 43.9 43.7 43.4 43.4 43.7 44 44 44 43.9 43.8 43.7 43.6 43.5 42.4 42.7 46.6 51 52.6 54.2 55.6 57.5 61.5 64.6 65.4 65.4 65 65 61.8 53.7 54.8 64.9 66.6 67.8 67.7 68.5 70.3 70.7 70.3 69.9 68.8 71.5 74.8 78.4 80 80.5 80.6 81.3 81.9 82.8 84 85 86.4 88 90.9 94.3 97.8 100.4 100.8 100.1 100.2
46.2 46.1 46.2 46.3 46.4 46.5 46.7 46.1 45.8 45.5 45.7 45.7 45.6 45.4 45.3 45.1 44.9 44.9 44.9 44.8 44.8 44.7 44.8 42.3 43.9 43.7 43.5 43.3 43.2 43.6 43.9 44.2 44.1 44 43.9 43.8 43.7 43.6 42.9 48 51.2 52.5 54.7 56.4 58.9 61.6 66.2 69.5 71 70.7 69.2 68.6 68 66.9 57.5 55.1 62.3 63.6 65.3 66.9 68.1 67.7 67.2 66.2 69.4 73.3 76 78.9 81.2 82.2 82.5 83.2 83.9 85.1 86.4 87.5 88.5 90 92.6 93.9 96.7 97.5 96.9 96.6 96.8
46.3 46.3 46.3 46.4 46.5 46.6 46.5 45.9 45.9 45.5 45.5 45.5 45.6 45.4 45.2 45.1 44.9 44.9 44.9 44.9 44.8 44.7 44.9 42.2 44.2 44 43.8 43.5 43.4 43.5 43.8 44.1 44.2 44.1 44 43.9 44.1 44 45.7 49.8 52.3 53.9 56 59.4 62.3 66 69.9 74.1 75.5 75.5 73.5 71.5 70.9 69.3 66.5 58.1 57 60.7 64.2 62.8 65.1 63.9 65.5 68.9 72 75 77.1 79.6 82.5 83.5 84.2 84.6 84.9 86.8 88.3 89.7 91.3 91 91.7 92.8 93.5 93.9 93.9 93.9 94
46.5 46.5 46.6 46.6 46.6 46.6 46.3 46 45.6 45.6 45.6 45.4 45.3 45.4 45.2 45 44.9 44.9 44.9 44.9 44.8 44.8 44.9 42.3 44.8 44.2 43.9 43.6 43.6 43.7 43.8 43.9 44.3 44.2 44.1 44.3 44.8 43.4 47 50.3 53.7 54 56.2 61 64.7 69 74.1 77 79 79.5 77.8 75.2 73.5 71.3 67.7 63.9 57.4 56.5 61 61.7 62.2 64.9 67.8 70.6 73.1 75.9 78 79.9 82.2 84.4 84.7 84.5 85 86.9 88.9 89.7 89.5 89 89.2 89.6 90.3 91.1 91.2 91.4 92.4
46.7 46.7 46.7 46.7 46.6 46.3 46.1 45.8 45.6 45.7 45.7 45.5 45.3 45.1 45.2 45 44.9 44.9 44.9 44.9 44.8 44.8 44.9 42.6 45.3 44.3 44 43.9 43.8 43.9 44 44.1 44.2 44.3 44.5 44.6 43.7 49.6 49.5 53.6 54.8 55.5 61.7 63 68.2 74.3 76.2 78.7 81 83.3 81.6 78.7 75.2 71.2 68.3 64.7 61 58.4 55.8 59.4 62.8 65.2 68.5 70.4 72.5 74.9 77.1 78.7 80.3 82.2 82.7 83.1 85 85.8 86.3 86.8 86.8 86.6 86.5 86.5 87.5 88.6 89.8 90.9 92.6
46.6 46.6 46.6 46.5 46.4 46.2 45.9 45.7 46 47.6 45.9 45.6 45.5 45.3 45.1 45 44.8 44.8 44.8 44.8 44.8 44.9 45.2 42.7 44.3 44.5 44.1 44.1 44.1 44.1 44.2 44.3 44.4 44.5 44.5 44.5 47.7 52.5 53.1 50.4 55.4 61.2 62 67.5 70.9 76.9 78.3 80.3 82.5 84.6 83.7 79.6 75.3 70.8 68.2 65.2 63 63.4 57.9 60.1 60.1 63.8 66.7 68.8 70.9 73.5 75.4 77.1 78.3 79.3 79.8 80.2 81.6 82.4 82.9 83.3 82.5 83.1 83.6 85 86.2 86.9 88.8 91.2 93.7
46.6 46.5 46.4 46.4 46.2 46 45.8 45.7 45.6 45.5 46 45.6 45.3 45.2 45.1 45 44.8 44.8 44.7 44.7 44.8 45.4 45.7 42.8 44 43.7 44 44.3 44.3 44.3 44.3 44.6 44.7 43.5 43.3 46.3 52.9 55.1 56.9 55.5 63.3 63.8 66.9 71.3 77.7 78.4 80.1 82.4 84.4 84.6 82.7 78.8 74.5 71 68.5 65.5 67.1 67.3 64.6 63.3 61.9 62.1 64.5 66.7 69.1 71.4 73.5 74.1 74.9 76 76.8 77.1 78 79.5 79.5 79.5 79.9 80.7 81.2 82.8 84.4 86.7 90.1 92.8 95.3
46.5 46.5 46.5 46.5 46.3 46.1 45.9 45.7 45.6 45.6 45.5 45.6 45.3 44.9 44.5 44.1 44.7 44.5 44.4 44.8 45.2 45.7 45.7 42.9 43.7 43.8 44.1 44.4 44.6 44.4 44.5 43.6 44.4 44.7 45.2 52.1 56.7 59.5 59.5 58.9 65 67.3 68.2 77.5 78.4 79.3 83.2 85 87.1 84.7 81.2 77.4 74.5 71.9 69.4 68.3 69 67.9 65.4 65.4 65.6 63.8 63.2 65.6 68 70.2 71.2 71.3 71.5 72.7 73.9 74.5 75.4 76.2 77.2 77.5 79.3 81.3 81.7 82.8 84.5 86.7 91.1 95.5 98.3
46.3 46.3 46.5 46.6 46.5 46.3 45.8 45.6 45.4 45.3 45.1 45.2 45.3 45.1 44.8 44.7 45 45 45 45.4 45.8 45.9 45.6 42.9 44.1 44.2 44.3 44.5 44.9 43.8 44.6 44.6 44.6 44.5 46.6 57.1 66.9 66.2 64.5 62 67 68 77.2 78.2 79.1 82.3 84.5 87.5 88.2 87.9 82.7 79.2 75.9 73.7 70.5 69.7 70.9 70.3 71.1 71.7 67.9 67.8 64.6 64.6 66.3 68.2 68.6 68.7 70 71.3 72.7 74 74.4 75.3 76.8 79.1 82.5 85.9 86.1 85.3 85.8 87.9 91 95.1 99.6
46.5 46.5 46.6 46.7 46.7 46.3 45.8 45.6 45.4 45.2 45.3 45.3 45.4 45.5 45.3 45.3 45.5 45.7 45.8 45.8 45.8 45.8 45.6 42.9 44.2 44.4 44.6 44.8 43.8 44.4 44.3 44.4 44.3 44.7 48.9 63.6 69.5 69.3 68.6 65.6 67.4 74.8 78.4 79.2 81.1 84.7 86.2 89 89.6 90.2 85 80.9 77.2 76.1 73.1 73 73.5 73.6 75.4 76 71.9 71 68.3 66.9 67.1 67.9 68.8 69.8 71.7 73.7 75.3 75.9 76.2 77.4 79.3 81.7 85.7 89.8 90.7 90.4 90.3 90.5 90 92.4 95.7
46.5 46.8 46.8 46.9 46.7 46.3 45.8 45.5 45.3 45.3 45.3 45.2 45.1 45.4 45.6 45.6 45.7 45.7 45.7 45.7 45.7 45.6 45.5 43.9 44.6 44.6 44.4 43.8 44.8 44.7 44.4 44.2 44.6 48.4 52.9 70.7 70.6 70.2 69.5 68.9 69.1 77.2 78.8 79.7 80.4 82.3 89.3 90.6 92.3 94.4 87.8 83 79.8 77.9 76.3 76.2 76.8 77.2 78.9 78.3 74 73 72 70 69.7 69.9 70.6 72 73.6 76.4 78.6 78.5 78 80.2 83.1 84.8 87.4 92.8 94.8 95 95 93.9 92.7 93.2 93.8
46.6 46.8 47 46.9 46.6 46.2 45.8 45.4 45.4 45.5 45.5 45.4 45.2 45.4 45.4 45.6 45.6 45.8 45.7 45.6 45.6 45.4 45.2 45 44.8 44.9 44.9 43.7 44.8 44.7 44.6 44.4 47.6 50.4 62.5 72.4 73.8 75 70.5 69.8 70.8 74.9 78 79.1 78 81.8 86.9 91.7 95.6 95 91.9 84.7 81.5 79.6 79 80.2 80.6 80.9 80.6 78.9 75.8 74.1 73.4 73.9 73.1 71.8 73.5 74.7 76.7 80.1 83.4 82.2 79.7 83 88.6 93.8 95.4 94.7 98.1 98.3 100 98.4 96.5 93.7 93.5
46.7 46.9 47 46.8 46.4 46.1 45.7 45.3 45.2 45.2 45.2 45.1 45 45.1 45.2 45.5 45.5 45.8 45.6 45.5 45.4 45.3 45.2 45.2 44.5 44.6 44.8 43.8 44.8 44.8 44.7 45 48.5 55.7 68.9 73.7 74.2 75.7 74.9 72.2 71 73.3 75.5 75.7 76.5 80.4 83 85.9 90.7 90.9 87.4 84.7 82.9 82 82.5 82.7 83.7 83.5 84.5 81.7 76.7 74.6 73.6 76.6 75.9 75.9 77.7 79.1 81.6 85.5 87.6 85.3 81.8 84.8 94.4 99.2 99.9 97.9 100.4 102.6 105 104.3 101.5 97.5 95.1
47.2 47.1 46.7 46.5 46.3 45.9 45.5 45.2 45.1 45 44.9 45 45 45 45.2 45.4 45.6 45.7 45.6 46 45.8 45.6 45.4 45.4 45.4 45.7 43.8 43.7 45 45.2 45.5 46.3 47.9 61 69.7 73.5 75.7 77 76.9 74.1 72 72.8 72.2 73.4 75.7 78.1 80.4 83.6 85.6 84.6 85 85.7 85.1 84.2 84.5 87 87.6 87.8 84 81.1 79.1 75.9 74.4 79.4 79.9 80.5 81.6 83.4 84.9 90 90.8 87.4 85.1 89.1 97.1 101.6 103.3 102.8 102.3 106.6 109.2 108.5 106 102.1 97.6
47.7 46.8 46.3 46.1 46 45.8 45.4 45.1 44.9 44.8 44.9 44.9 45 45 45.2 45.2 45.3 45.5 45.7 46.6 46.2 46.1 47 45.4 43.4 43.6 44.8 44.4 43.7 44.8 45.7 46.8 49.3 62.7 70.4 74.1 76.5 77.9 78.2 76.2 73.5 73.5 73.4 74 75 76.1 76.6 79 79.4 80.7 83.7 85.9 87.2 88.1 88.4 90.7 91.6 90.3 86.7 83.6 81 78.1 77.6 80.1 82.8 83.5 86.5 88.4 92.3 93.9 93 88.7 85.5 94.4 99.7 104.6 107.4 107.3 106.2 109.9 112.5 112 108.6 103.1 100.9
46.8 46.4 46 45.7 45.6 45.4 45.3 45 44.8 44.8 44.8 44.9 44.9 44.9 45 45.1 45.1 45.2 45.4 45.9 46 45.9 45.8 45.2 43.4 43.7 44.3 44.3 44.4 43.9 46.3 47.6 49.4 59.1 64.3 68.7 71.9 74.8 80 75.9 74.9 74.9 74.7 75.1 75 74.8 75.9 76.4 78.5 80.5 82 84.9 88.3 91.3 96 98.6 97.4 93.7 88.8 85.2 83.2 81.3 80.4 84.2 87 90.7 92.2 93.8 96.3 96.9 94.9 88.1 91.8 94.2 100.2 105.9 111.1 112 112.2 114.6 114.7 113.4 109 103.6 103.2
46.4 45.8 45.5 45.3 45.2 45.2 45.1 44.8 44.9 44.9 44.9 44.8 44.9 45 45.1 45.2 45.3 45.4 45.4 45.3 45.8 45.8 45.7 45.1 44.3 43.8 44.3 44.4 44.6 43.9 49.5 47.8 58.2 66.9 71.4 75.2 79.1 81.1 79.8 77.7 77 76.5 75.9 76.4 75.2 74.6 75.9 76.8 78.6 80.7 81.6 84.2 88.4 92.5 99.1 102.3 100.9 95.6 89.7 87.5 86.3 84 83.1 87.2 91.9 94.8 97.7 98.9 99.8 97.9 92.3 90 97.5 99 100.3 105.9 112.2 115.7 117.9 118.7 118 115.6 110.7 105.3 108.4
46 45.3 45.3 45.3 45.3 45.2 45 44.9 45 45 45.1 45 45.1 45.1 45.3 45.4 45.5 45.6 45.8 45.6 45.8 45.9 45.8 44.9 43.7 44.3 44.4 44.5 44.7 43.9 49.5 55.1 62.3 67.2 71.7 75 77.7 78.9 79.5 79 79.3 79 78.7 78.7 77.5 76.8 77.5 78 79.2 80.9 82 84.4 88.1 94 96.1 102.5 101.7 97.3 92.6 90.7 91.4 87.5 85.3 90.4 96.6 100.6 103 103.8 103.3 99.5 94.9 96.9 99.5 100.9 101.5 107.5 113.1 118.4 121.8 123.5 120.9 116.2 111.1 110.9 114
45.4 45.4 45.4 45.4 45.3 45.2 45.1 45.1 45.1 45.1 45.2 45.2 45.1 45.3 45.5 45.6 45.7 45.8 46 45.9 46.1 46.1 46.1 45.9 43.6 44.5 44.4 44.5 44 45.8 49.8 55.4 59.2 66.1 70.7 71.9 74.3 75.2 77.9 79.8 79.9 80.3 80.7 80.8 80.7 80.4 80.2 79.6 79.7 81.6 83.1 85.4 88.8 91.6 98.5 99.2 101.7 99.6 97.8 95.4 95.7 92.6 87 92.5 98 104.9 108.1 107.8 105.7 102.4 98 99.7 98.9 100.7 106.7 109.4 113.6 118.7 123.9 127.3 122 117 114.7 116.9 119.6
45.6 45.5 45.5 45.5 45.4 45.3 45.2 45.2 45.2 45.2 45.2 45.3 45.3 45.4 45.5 45.7 45.9 46 46.1 46.3 46.3 46.3 46.3 45.8 43.8 44.6 44.5 44.4 43.9 46.5 48 57.6 58.3 61.9 65 67.6 70.3 73.2 76.1 78.4 80.3 81.8 83.1 83.3 82.8 83.2 84.8 86.2 82.9 85.1 86.5 88.1 89.8 92.1 98.1 99.3 104.8 105.6 104 106.2 104 97.1 91.3 94 100.5 106.4 111.7 111.3 109.4 106 103.4 104.1 105.6 109.3 109.3 112.2 114.4 119.6 123.4 126.4 123.3 119.6 119.8 122 125.7
45.7 45.6 45.6 45.5 45.4 45.4 45.3 45.3 45.2 45.2 45.2 45.3 45.4 45.4 45.6 45.8 46 46.1 46.3 46.3 46.3 46.3 46.3 45.8 43.8 44.9 44.7 43.9 46.9 53.1 50.7 49.6 58.6 60.3 62.7 65.3 67.5 71.5 74.3 76.6 79.3 82.7 85.2 86.5 87.3 88.3 89.8 91.1 90 86.8 90 92.1 93.6 95.3 98.9 101.9 108 113.6 111 111.5 108.7 102.8 97.4 94.7 101.2 107.1 112.6 114.5 112.6 109.9 106.8 110 110.8 114 114.8 115.6 118.4 122.7 126.9 128.9 125.5 123.4 125.4 128.1 132.2
45.9 45.7 45.7 45.6 45.5 45.5 45.4 45.3 45.3 45.2 45.2 45.4 45.4 45.5 45.6 45.7 45.8 45.9 46.1 46.2 46.3 44.8 45.3 45.4 44.8 43.8 44.7 44.2 52.6 55.5 55.4 56 55.1 58.2 60.8 63.1 65.7 68.8 71.3 73.2 77.3 82.1 85.8 89.6 94.7 93.7 94.8 95 93.7 96.6 98.3 96.1 99.5 100.4 101.5 106.7 112.7 117.2 118.6 118 113.7 106.5 101.2 100.3 103.9 109.4 114.3 118.3 117.4 114.3 111.9 114.4 117 119.9 121 120.5 121.7 125.3 130.7 130 127.1 128.4 130.5 133.3 135.7
46 45.8 45.7 45.6 45.6 45.6 45.5 45.4 45.3 45.2 45.3 45.4 45.5 45.5 45.7 45.8 45.9 46.1 46.3 46.4 46.4 45.1 44.5 45 43.8 44.2 43.9 49.5 56.4 59.7 61.4 59.3 58.5 60 61.6 62.6 63.7 66 68.9 71.7 75.1 80.3 87.7 95.3 99 99.2 99.5 101.5 99.3 98.9 101.6 105.1 105.9 105.4 107.2 111.2 115.3 118.6 119.4 119.6 116.6 112.4 109.6 107.4 107.5 111.3 116.9 121.6 122.3 119.8 118 119.2 123 125.6 127.6 127.1 126.9 127.9 131.2 129 129.1 129.5 132.6 134.8 134.8
46.1 45.9 45.8 45.7 45.7 45.7 45.6 45.4 45.3 45.2 45.4 45.5 45.7 45.6 45.8 46 45.8 46.2 46.5 46.7 45.9 45.3 44.8 44.7 44.6 44.7 43.9 53.4 57.2 60.3 61.5 61.8 62.1 63.8 64.9 66.2 67.4 67.9 69.2 72.5 75.5 80.6 89 100.2 103 104.7 113.1 110.3 103.6 106.2 109.1 112 112.1 112.1 113.3 114.9 112 114.7 118.2 119.3 118.1 115.7 114.7 112.6 114.1 115.4 119.3 125.2 127.5 126.4 124.8 125 128.6 130.6 132.7 133.1 131.5 131.2 130.2 129.3 128.5 128.5 130.5 131.2 130.9
46.1 46 45.9 45.8 45.8 45.8 45.6 45.4 45.2 45.3 45.5 45.7 45.8 45.9 46.1 46.1 45.8 46 46.7 46.2 43.9 44.5 44.6 44.7 44.4 44.3 43.9 54.2 57.7 60.5 62.5 63.3 64.8 66.9 68.5 69.8 70.1 70.3 72.1 76.7 80.8 85 91.3 100.9 110 117.5 119.4 117.9 107.8 115.9 117.4 117.5 116.9 116.8 116.8 114.9 113.1 112.5 114 116.5 117.8 118.4 117.7 116.8 118.7 120.5 123.4 126.3 131.4 132 131.5 132.1 133.7 134.2 133 131 129.6 129.4 128.3 127.5 126.8 126.6 127 127.5 126.5
46.2 46.1 46 45.9 45.9 45.8 45.5 45.3 45.2 45.5 45.6 45.9 46 46.2 46.4 46.4 46.3 46.2 46.1 43.9 44.6 44.7 44.8 44.9 44.8 44.9 43.9 55.7 58.8 61.1 62.7 64.6 67.7 70.3 72.3 72.2 73.2 75 76.6 79.7 87.3 94.4 98.9 106.5 114.8 121.1 123 121.2 119.6 120.3 119.7 119.1 117.4 116.2 114.6 110.7 107 104.9 106.6 114.1 117.3 119.2 120.4 121 123.5 125.9 128.1 131.2 132.9 134.2 134.5 134.8 134.5 133.2 130.5 128 125.3 126.9 126.4 125.7 124.6 124 123.8 123.8 123
46.3 46.2 46.1 46 45.9 45.8 45.6 45.3 45.4 45.6 45.8 46.1 46.3 46.5 46.7 46.8 46.7 46.7 43.9 44.6 44.2 44.7 44.9 45.1 43.9 43.9 46.9 58.5 61.8 63.9 65.8 68.5 71 74.1 75 74.6 77.1 79.8 81.5 87.4 95.6 102.8 108 110.2 118.3 122.6 124.1 123.2 121.9 120.2 117.9 115.8 113.7 111.7 107.1 104 101.3 100.3 100.6 111.6 113.3 116.9 119.1 121.7 123.6 125.5 129.1 132.7 134.1 134.2 133.7 133.2 132.3 129.5 125.8 123.7 121.8 122.1 123 122.9 121.8 121.3 121.2 121.1 120.2
46.4 46.3 46.2 46.1 45.9 45.7 45.6 45.7 45.8 45.9 46.1 46.2 46.5 46.7 47.4 46.9 46.8 45.1 44.8 44.3 44.7 44.5 44.8 43.9 45 45.2 51.5 60.4 67.3 72.8 75.9 77 76.4 78.5 80.6 79.2 80.8 83.8 86.4 94.3 101.9 107.4 112.2 115 117.9 121.4 123.3 122.7 120.8 118.4 115.4 111.1 107.3 105.3 103.5 99.2 98.9 95.4 99.2 108.2 110.6 112.2 114.2 116.5 118.5 122.5 126.3 132.3 131.6 130.8 129 128.3 127.3 126.2 123 120.1 118.1 119.5 120.7 120.1 119.1 118.4 118.6 118.4 118.1
46.2 46.2 46.2 46.1 45.9 45.7 45.5 46.1 46.1 46.2 46.2 46.2 46.4 46.9 46.7 46.6 46.6 44.9 44.6 44.4 44.5 44.9 43.9 44.6 44.5 45.2 53 62.3 73.4 83.2 89.1 90.8 88.8 87.2 86.5 85.4 84.6 88.6 93.9 100.8 107.6 108.6 110.2 112.7 115 117.9 121.2 121.5 119.5 116.7 110.5 106.7 101.6 99.9 98.3 95 94.3 96 101.7 105.1 107 108.6 109.1 110.7 114.6 121.2 127.1 127.8 122.8 126 123.5 122.8 122.6 121.4 120.2 117.1 116.3 117.9 118.5 119 118 117 115.7 116.9 116
46.3 46.5 46.3 46 45.8 45.6 45.6 46.9 46.5 46.4 46.3 46.2 46.3 46.5 46.2 46 46 43.7 44.9 44.9 44.8 43.9 44.7 44.5 44.4 45.1 54.2 63.1 75.6 90.4 99.2 102 100.8 98.6 95.6 87 87 92.8 100.9 105.9 106.2 104.7 103.9 105.1 107.8 113.4 117.1 118.4 117.5 115.1 109.3 104.1 98.2 95.1 95.1 94.2 93.4 97 100.1 101.2 102.2 103.2 106.8 110.3 114.8 121.4 125.7 127.2 121 119.6 118 117.9 117.7 117.1 116.6 113.7 114.3 116.5 118.1 118.1 116.9 114.2 113.4 114.2 113.5
46.6 46.3 46.4 46.1 45.7 45.6 47.8 46.8 46.7 46.5 46.2 46.1 46.3 46.3 46 46 45.8 44.8 44.8 44.8 44.8 44 44.6 44.4 44.2 45.2 53.5 60.5 74.6 89.6 97.6 99.3 99 95.6 88 85.3 88.8 92.6 99.9 101.1 98.8 92.5 91.9 90.8 98.2 106.4 113.5 115.4 115.5 111.6 107.9 102.2 97.8 93.9 90.2 89.7 92.8 96.8 97.1 96.1 97.4 104.7 110.7 114.3 117.2 119.7 122.1 117.7 116.7 116.7 114.7 114 113.5 114 112.6 110.2 111.2 114.3 115.7 116.7 115.4 112.7 111.2 111.6 112.7
46.5 46.3 46.4 47.1 46.9 48.2 48.2 46.7 46.6 46.6 46.3 46.2 46.4 46.2 46 45.6 43.3 44.8 44.8 44.9 44.8 43.9 44.4 44.3 44.1 45.4 52.5 58.1 69.1 81.1 87.9 89.3 88.5 85.4 80.7 82.6 85.1 88.7 89.1 86.3 84.9 87.1 85.7 84.9 88.4 102.1 111.6 112.9 110.5 106.2 102.5 99.8 96.2 92.5 87.8 87.2 92 94 93 95.8 103.2 107.1 112.3 116.3 117.4 118.6 118.2 116.6 114.4 113.2 111.9 111.8 110.9 110.5 109 108.3 108.6 111.7 112.4 113.4 112.8 110.7 107.9 111 113
46.5 46.2 46 46.2 46.3 46.4 47.2 46.6 46.4 46.4 46.4 46.3 46.3 46.1 45.9 44.5 44.6 44.8 44.8 44.8 44.8 44.8 44.8 44.6 44.5 49.1 53 57.8 65.4 72.2 76.6 76.8 76.9 76.3 77.4 79.2 78.2 76.8 77 78.9 78.4 78.3 77.3 80.7 87.8 101.4 107.3 108.1 108.8 104.3 97.8 95.5 92.6 90.1 85.1 85 88.7 90.3 89.7 96.2 104.1 109 112.2 115.5 116.7 117.5 116.4 114.2 111.2 109.6 108.1 107.6 107.3 106.3 105.2 104.8 106.4 108.5 110.7 109.9 108.7 106.5 108.2 111.2 114.6
