data/SK28.asc
ncols 200
nrows 200
xllcorner 420000
yllcorner 380000
cellsize 50
[rows 140 to 174 of 200, columns 0 to 77 of 200]
155.4 156.2 157.2 155.9 154.5 151.9 150.3 148.6 147.1 145.6 144.6 144.2 150.5 152.3 154.4 155.5 156.2 157.5 159.3 163.8 168.9 176.6 183.5 188.5 192 194.9 200.3 202.5 205.2 205.7 205.4 202.3 185.9 195.6 206.6 217.6 226.9 231.1 233.1 232.7 232.8 232 228.5 229.2 229.9 218 229.1 243.6 260 275.1 286.5 296.5 302 299.3 277.9 264.1 251.8 239 227.5 217 207.8 194.5 186.1 188.2 190.4 193.3 199.4 207.2 219.6 231.8 245.1 259.5 270.2 283.1 297.9 312.2 323.5 333.2
153.6 154.1 154.2 153.8 152.3 150.9 150.5 149.1 147.6 145.9 145.1 145.3 150.1 152.4 153.6 154.2 154.5 157.3 161.2 164.4 169.2 173.4 179.9 185.3 188.8 192.6 196.6 198.5 200.2 201.4 202 197.8 182.7 199 207.3 217.3 225.4 228.1 228.7 229 228.3 227.6 224.4 223.5 222.6 212.4 226.1 239.5 256.8 272.3 285.5 295.2 298.8 283.4 264.5 248.6 236.2 225.2 214.6 205.6 199.3 189.8 185.1 184.6 189.8 194.5 200.2 207.8 221.2 235.4 249.5 262.5 274.4 287.6 306.2 317.1 326.4 334.9
153.1 153.4 153.2 152.3 151.9 150.7 149.7 148.4 147 145.5 144.7 145.5 149.9 152.4 153.1 153.4 154.2 157.1 161.4 166.8 170.5 174.7 177 181.7 186.4 190.3 193.3 195 195.7 196.6 195.2 185.7 187.4 200.5 210.2 218.4 224.7 226.1 225.8 225.1 223.8 221.9 221.1 217.2 217.9 209.7 222.5 235.3 252.4 268.6 282.6 292.3 291.4 269.8 252.5 238.4 225.7 213.7 206.6 200.2 194.1 189.3 184.5 184.5 188.9 194 200.4 208.3 217.8 231.2 247.6 263.2 277 289.6 304.2 314.7 325.7 335.8
153.3 153.3 153.5 153.1 151.7 150.1 148.8 147.5 146.3 145.2 145.2 145.3 149.2 151.9 152.3 152.4 153.4 156.1 159.8 165.5 170.9 176.2 180.1 182 185.3 188.9 190.3 191.1 191.6 190.6 185.2 177.7 193.9 203.2 211.3 218.6 221.9 223.2 222.3 221.6 220 218 214.3 212.7 212.5 206.5 218.9 231.1 248.3 267.3 279.9 288.5 281.8 258.9 242.1 229.4 216.5 207.6 201.3 195.8 190.5 186.2 182.2 182.7 187.8 194.5 204.3 213.5 225.9 241.6 256.4 264.8 271.5 288.8 299.8 311.9 323.4 334.1
152.8 152.8 152.4 152 151 149.5 147.9 146.7 145.5 145.4 145.8 144.9 148.8 151.3 151.6 151.7 152.8 155.1 159 165.1 170.8 176.4 181.1 184.8 185.7 186.9 187.3 187.5 186.3 181.3 173.2 187.1 197.4 204.4 211.9 217.2 218.9 220.1 219.2 218 215.9 213.8 210.3 207.2 205.4 204.7 216.1 229 245.5 263.3 276.6 284.7 273.7 249.9 234 220.2 209.9 201.7 196.4 191 187.6 183.3 180.7 179.5 186.6 194.4 204 216 228.7 245.4 263.2 273.3 283 289.8 298.3 309.2 321.4 332.1
150 151.7 151.6 151.2 150.3 148.6 146.7 145.9 145.3 145.7 145.4 144.7 147.7 150.5 150.8 151.5 153.1 154.7 158.6 164.8 171.4 177.2 181.2 184.6 185.4 184.7 185.6 181.2 179.9 171.4 178.3 192.1 199 205 211.2 213.8 215.5 215.8 215 213.9 211.3 208.6 205.7 200.9 196.8 204.6 215 228.6 245.1 261.3 273.6 279.2 266.8 242.9 225.9 213.2 203.2 196.6 191.4 187.7 184.6 181.1 178.2 177.4 185.7 196.8 205.5 216.9 230.6 247 266.8 278 287.6 295 302.8 313 321 329.8
146 148.2 150.6 149.8 147.8 147.3 145.8 145.5 145.8 145.8 145.2 144.4 146.6 150.8 150.5 151.4 152.8 154.7 158.4 165.8 172.2 177.4 180.8 182.4 183.1 183.3 181.3 176 170 170.3 182.7 194 199.5 203.2 207.3 210.1 211.5 211.4 210.9 209.6 207.1 203.7 200.7 195 194 205.2 214.1 227 244.5 259.2 271.1 274.4 263.3 238 221.1 207.3 198.7 192 187.5 184.2 181 176.5 174.8 178.7 191.4 201.5 211 221.3 236.2 253.3 269 282.5 290 297.7 306.6 318.7 324.2 329
147.6 143.4 145.5 145.9 144.9 145.5 145 145.7 145.7 145.3 145.8 145 146.5 149.1 150.4 150.8 151.1 153 159.3 166.5 174.1 178 179.7 180.3 180.7 178.8 174.6 168.8 165.2 183.6 189.7 194.9 199 201.8 203.8 206 206.6 206.9 206.7 205.1 203 199.3 195.8 190 194.4 203.4 212.6 226.3 243.1 257.5 267.4 270.3 264.7 236.9 216 203 194.4 188.7 184.3 181.4 177.4 174.2 174.6 184.4 196.4 205.3 214.6 225.8 240.1 258 272.7 283.3 290.7 298.4 307.1 317.1 322 326.3
165.6 160 155.8 151.2 150.9 145.2 146.1 145.2 144.4 146.4 146 144.8 145.4 147.1 148.2 149.3 150.5 149.9 156.8 165 172.5 176.6 177.2 177.7 176.8 173.7 167.3 163.1 177.8 185.8 190.1 193.8 196.3 197.7 199.7 201.5 201.9 202.2 201.9 200.1 197.9 194.2 188.9 184.8 194.3 203 212.7 227.2 241.6 254.5 262.3 263.9 259.5 241.1 214.4 199.2 190.5 185.2 181.8 178.9 173.6 172.8 178.2 187 197.1 205.2 216 227.8 241.5 260.3 274 283.3 289.7 297.4 301.6 309.2 315.2 317.3
167.3 164.8 162.1 159.6 156.1 150.7 150.8 146.6 146 144.6 144.6 144.3 145.3 146 147.1 148.9 150.2 149.6 153 161.2 168.8 173.1 174 173.8 172.2 166.4 159.6 171 181 184.6 188.3 190.7 192.6 193.7 195.2 195.6 196 196.6 196.4 194.9 193.2 190.7 184.1 186.1 196.8 205.1 214 227.6 239.8 250.3 257.3 257.9 250.6 238.8 213.7 196 187.2 182.4 179 175.6 170 172.2 178.8 187.8 195.4 203.8 213.3 225.1 240.5 259.7 273.2 281.3 289.4 293.1 294.4 299.7 305.2 308.7
165.3 161.6 159.8 158 154 150 151.9 150.9 144.2 146 146 145.8 145.2 145.8 146.6 147.6 149 149.6 148.9 152.9 161.6 168.1 169.8 169.9 167.2 158.7 165.8 175.1 179.8 183.7 186.4 187.9 188.4 189.4 189.6 189.6 189.5 189.4 188.9 188.6 187.1 183.6 179.4 192.6 202.5 209.8 218.8 227.9 237.7 247.1 252.3 251.5 245.8 234.6 216.1 194.8 184.6 180.7 177.2 171.9 169.6 172.2 178.8 187.8 193.7 200.2 208.9 222.6 238.5 257.6 269.7 276.9 283 285.8 284.8 291.7 294.4 298.5
161.1 157.3 156.1 154.6 152.2 153.1 156.5 156.9 149.1 144.6 146 146 145.1 146.5 147.4 148 148.4 148.4 147.7 149.9 153.9 161.8 166 165.2 156.5 159.5 172 175.9 179.3 182.3 183.9 184.1 184.1 184.8 185 185.1 183.9 184 183 181.4 179.5 175.4 185.8 197.1 206.7 214.5 219.5 226.8 234.1 240.4 245.4 246.5 241 229.7 214.1 194.3 183.5 178.5 175.1 170.1 168.8 171.8 179.9 186.7 191.3 196.6 206.7 221 235.5 251.5 265.6 272.4 274.4 277.3 275 279.4 285.4 288.2
158.2 154.7 154.2 156.6 158.7 160.8 161.1 161.8 161.1 149.3 144.7 145.7 145.1 145.6 147.9 148.6 148.9 147.8 145.9 147.8 149.7 154.7 160.9 159.3 153.8 165.3 171.7 174 177.5 179.7 180.3 180 180.5 180.8 180.6 180.4 179.1 178.8 177.5 174.7 173.1 181.3 191.5 200.2 207.6 211.1 214.9 222 229.3 235.6 238 239.8 234.7 225.9 210.8 193.4 183.1 176.8 172.8 167.4 165.9 172 179.3 182.9 186.7 194.1 204.4 218.9 236.2 251.6 262.7 264.3 266.9 267.9 265.4 267.1 274 279.3
162.6 162.3 163.2 163.7 165.4 166.9 167.1 165.5 164.4 161.9 146.7 144.6 145.1 145.1 146.7 148.1 148.4 146.6 145.5 146.4 147.6 150 153.4 149.2 158 167.4 171.2 172.9 174.2 175.3 175.6 175 177.2 176.6 176.1 176.4 175.2 173.9 170.9 168.9 174.7 184.2 194 200.3 203.7 206.2 211.1 217.1 225.1 230.2 232.9 233.3 230.5 224.4 215.8 202.9 187.2 176.1 172.1 165.9 165.5 171.6 175.9 179.6 186.1 192.9 203.8 218.8 237.1 246.8 253.6 254.3 255.8 257.5 255.1 257.7 264.8 269.9
169.8 169 170 171 171.2 172.6 171.6 169.5 166.4 163.5 160.2 147.8 144.4 144.5 145.1 146.6 146.9 145.7 145.4 146.2 146.9 147.5 149.2 153.1 160.2 165.5 169.2 170.5 170.2 170.4 169.8 170.7 173.3 172.3 171.1 171.4 170.3 167.2 165.2 169.7 179 187.7 194.2 197.7 199.1 201.8 207.4 214 220.9 226 230.5 230.8 227.7 222.8 215.4 202.9 184.3 174.8 169.4 164.9 164.8 169.9 173.8 178.3 184.3 192.9 203.3 218.2 232.7 240.4 242 242.7 243.8 245.1 243.5 250.5 255.6 259.5
177.7 178.1 178.5 178.3 178.5 176.4 174.6 170.8 167.6 164.7 160.8 156.2 150.3 144.9 144.5 144.4 145 144 145.8 146.4 145.6 146.2 148.4 152.2 158.2 161.7 164 164.2 163.9 164.3 164.8 167.3 168.6 167.4 165.9 165.2 164.8 161.9 167 175.1 182 188.6 191.2 193.7 194.5 200.3 208.2 216.6 225.2 230.5 233.5 232.8 228.3 221.8 214.7 201.1 183.2 174.6 167.8 163.8 165.3 169.8 175.8 181.1 187.8 194 204 215.6 224.3 228.4 230.7 230.1 228.8 228.1 235.7 245 245.3 250.9
187.2 187.2 186.3 185.7 183.4 180.5 176.9 173 168.5 163.8 163.7 162.5 159.9 156.8 147.9 145.3 141.3 139.1 140.6 145.9 145.7 145.3 147.2 148.4 152 156.1 158 159 156.3 159.6 161.6 162.9 163.4 162 160.3 158.9 159.2 162.4 172.7 178.8 183 185.7 187.1 186.6 191.9 200.6 210.7 222.4 232.6 236 237 234.5 229.7 222.9 214 200.2 182.8 173.1 167.7 161.7 163 169.7 176.2 183.3 190.4 196.3 202.9 209.4 213.3 216.2 218.7 218.8 215.1 222.8 232.7 236.5 235.3 244.3
197.5 196.7 194.8 192.4 187.6 182.2 177.7 171.4 170.3 169.8 169.7 167.7 164.3 161.9 155.2 148.2 146.3 145.5 143.4 138.9 139.3 139.9 142.3 145.1 147.2 148.4 150.1 152.6 155 156.7 157.7 158.3 158.4 157.8 156 154.4 161.9 170.1 174.4 177.6 179.7 181.8 181.7 185 193.3 203 214.9 228.1 237.3 241 240.3 235.5 230.2 222.4 212.9 198.7 181.9 171.3 166.7 160.6 161.7 168.4 175.7 182.4 188.5 193.6 198.2 201 201.7 204.9 206.7 207 203.9 215.7 221.5 224.3 232.1 243.5
209.6 206.4 202.6 196.9 190.5 183 178.5 179.4 178.6 177.2 176.3 174.1 169.7 165.5 162.2 154.6 147.9 146 144.5 145.5 145 141.9 140.4 139.5 139.6 145.7 147.4 148 149.7 151.5 152.7 153.3 154 154.3 154.2 159.4 166 170.5 172.5 173.9 175.7 176.6 175.9 185.5 193.9 206.8 220.1 232.4 239.7 242.7 241.4 235.5 228.3 221 211.7 198.1 181.9 169.8 165.3 159.8 160.3 166.3 173.6 179.2 184.3 188.7 191.9 192.6 192.9 194 195.6 196.5 197.2 201.7 209.4 219.8 233 243.4
220 215.4 208 200.9 191.3 184.2 186.1 187.1 185.1 183.1 183.9 180.4 176 171.3 166.7 162.5 155.1 147.9 143.6 143.4 143.3 142.8 142 141.1 140.2 139.1 144.6 146.4 147.7 148.2 148.8 149.7 150.6 153.5 156.4 161 164.9 166.8 168.5 171.2 173.4 170.6 179.1 186.4 198.5 211 222.8 231.8 239.5 240.9 238.8 234.1 226.9 219.6 210.8 197.6 182 170.1 163.7 161 159 163.7 170.1 175.4 180.4 183.2 183.4 183.2 183 184.5 185.7 192.9 201.1 211.2 219.6 227.5 237 245.9
228.4 221.9 213.3 203.4 192.4 190.4 198.8 197.9 193.3 192.1 193.1 188.5 183.1 178.4 174.1 169.1 163 150.2 143.3 142.9 142.4 142.4 142.4 142.4 141.4 140.3 139.1 145.6 145.4 145.6 147.1 148.8 149.9 153.9 156.8 159.5 160.1 162.9 165.4 168.1 166.4 171.4 180.6 190.8 202.7 212.9 220.8 228.8 234.6 236.1 235 232 225.4 218 209.7 197.4 182.2 170.9 163.6 160.1 158.2 162.3 167.7 172 175.3 175.9 175.4 175.6 182.1 187.5 198.2 205.6 212.1 216.7 222.7 230 235.8 242.4
233.5 226.4 217.1 206 194.1 204.6 212.6 211 207 207.4 207.5 203.5 197.7 190.4 181.9 175.4 169.9 162.4 145.5 142.8 142.3 142.2 142.2 142.2 142.1 141.8 140.3 138.3 145.4 145.9 146.5 147.4 148.3 151.5 154.2 155.8 155 160 162.1 162.9 164.1 173.7 183 193.5 202.9 210.2 215.7 221.3 227.1 229.7 229.4 227.8 223 216.7 208.5 198.1 184.7 171.5 163.1 159.2 155.3 160.5 164.9 167.5 168 169.8 176.5 183 191.8 196.4 199.7 203.6 205.6 208 212.6 219.2 225.8 233
238.4 230.4 221.3 207.4 207.5 217.3 225.9 225.3 223.8 224.6 224.6 221.3 216.2 208 196 184.6 177.2 170.7 162.7 152.2 142.9 142.1 142 142 142 142 141.4 140.1 141 145.7 145.7 145.3 145.5 145.5 148.1 150.3 152.7 157.5 157.9 154.4 165.7 174.8 184.1 191.6 198.7 204.6 208.7 213.8 218.5 222 221.9 221 218.3 212.6 206.8 197.9 187.9 175.1 163 157.8 154.2 158.8 159.5 164.9 172.6 180 185.5 190.8 194.7 196.5 195 195.9 195.7 197.8 201.2 207.2 214.5 222.8
242.1 235.1 226.1 207.1 219.7 231.8 238 238.7 238.5 239.9 240.6 238.5 232.8 226.1 216.2 203.6 190.5 180.5 172.3 165 156.6 146.7 142.3 142 142 142 141.5 140.4 139.2 142.4 145.2 144.4 143.7 143.8 144.4 144.9 144.9 151.3 153.6 156.5 164.4 172.9 180.1 185.9 190.7 194.9 199.4 203.4 208.8 212.2 212.3 212.8 211.3 207.8 203.2 196.6 189.2 179.5 164.5 156.7 154.3 158.1 162 168.5 175.6 182 187.3 190.9 190.6 188.4 185.6 180.1 181.1 183.6 188 194.4 201.1 208.1
246.8 240.8 228.1 222.7 228.6 241.4 247.2 249.2 250.9 251.9 251.4 250.4 248.6 242.3 234.6 224.7 211.9 197.8 184.4 175.8 168 160.9 149.5 142.2 142 142 141.6 140.5 139.3 142.1 144.1 143.6 142.9 143.5 144 143.6 143.2 146 147.3 152.8 160 167.1 170.4 177.9 180.5 184.1 188 192.7 197.9 201.1 202.4 204.4 205.4 202.7 198 193.5 188.3 180.8 164.7 156.4 155.3 158 161.1 166.3 172.9 179.9 184.4 185.6 182.7 177 175.8 177 179.6 180.4 185.2 188.8 190.3 193
253.4 248 233.5 238.2 232.3 249.1 256.1 260.5 264.3 265.5 266.4 266.3 265.2 261.2 254.3 243.8 230.3 217 205.1 193.4 181.7 172.8 164.3 149.5 142.1 142 141.7 140.4 139 141.6 143.2 142.2 141.9 142.7 143.6 143.8 143.8 144.8 144.3 144.7 151.8 160 163.5 166.4 168.6 171.6 175.3 180.8 187.2 190.5 193.5 195.3 196.8 195.2 193.1 190.7 186.5 180 164.7 155.5 153.8 156.7 159.7 163.5 169.4 174 176 174 169.3 169.7 176 180.4 182.2 185.9 184.7 187.3 190.2 194
263.7 255.8 247.5 252 248.2 258.1 269.6 275.9 279 281.4 283.3 283 280.3 275 268.4 258.3 245.9 231.5 218.5 209.6 201.5 192.8 182.7 172.2 154.5 142.5 141.1 139.8 139.5 141.3 142 141.6 141.4 141.9 142.3 143.6 143.4 142.9 142.9 141.7 142.4 147.2 153.8 156.8 159 162.5 166.6 170.6 174.6 179.3 182.5 186.3 187.5 188.1 188.1 186.5 183.8 178.5 162.4 152.9 152.3 155.8 158.6 162.1 164.6 166.2 166 166.6 168.6 173.8 179.1 183.9 190.2 197.5 206.4 211.5 211.1 210.2
280.6 266.2 262.3 272.2 267.1 273.7 282.8 289.3 291.6 292.6 291.5 288.7 285.2 280.7 275.1 266.4 254.8 241.1 226.3 215.7 208.6 201.2 194 185.1 178.7 168.7 158.5 145.4 139 139.3 139.8 140 139.8 140.3 140.7 142.2 143.8 143.4 142.5 140.3 140.1 140.9 144.5 148.3 152.9 156 158.5 162.4 167.3 170.1 174.3 178.5 180.4 182.6 183.1 181.9 179.2 171.4 157 151.5 149.9 154.7 157.4 158.6 160 161.4 165 167.5 171.8 176.9 182.4 190.6 201.3 212.3 228.4 236 233.4 229
292.7 285.2 278.5 289.3 287.2 286.1 293.4 298.1 298.8 296.6 294.7 289.8 285 279.1 274.3 267.1 257.7 245.6 232.1 218.9 207.9 199.9 192.6 184.9 177.9 169 160 151.2 151.1 144.6 138.8 139.9 139.4 139 139.4 140.3 141.4 142.3 141.9 140.5 139.1 139.3 139.6 141.7 147.1 150.2 154.6 156.8 161.1 164.6 168.7 173.5 175.6 177.4 177.1 175.6 171 161.2 152.9 149.1 149.8 154.4 154.7 157.2 161.3 163.9 167.1 170.9 174.8 180.8 189.3 201 215.7 231.1 241.7 249.6 252.3 252
303.3 300.1 296.4 299.6 298.5 296.6 301.4 302.6 300.5 297.7 296 289.9 282.3 276.4 270.5 263.8 255.6 244.3 232.2 217.8 205.9 197.1 189.5 182 171.5 164.5 155.3 156.8 159.5 160.1 154.5 149.3 144.1 141.4 140.1 139.5 139.3 139.3 139.8 139.9 139.7 139.8 140.6 139.1 141.7 146.3 148.9 153.1 155.8 159.1 164.5 168 170.3 170.1 169.5 164.4 158.5 154.6 149.3 149.3 149.9 152.4 154.4 158.8 162.3 165.9 169.2 172.9 178.3 185.6 196.2 210.2 226.5 240.6 250.9 257.1 263.6 271.6
311 308.3 305.2 305.6 305.2 304.2 305.6 304.5 300.8 296.3 292.3 287.4 280.9 274.4 267 260.1 251.9 242.2 231 216.2 203.6 194.4 186.9 179.1 170.5 160.1 160.1 166.1 169.2 167.7 162.1 153.7 149 145.3 142.2 141.2 140 139.9 140.3 140.8 140.6 140.7 140.4 140.8 139.1 141.4 144.3 150.3 152.3 156.4 160.1 161.7 161.7 162.6 160.6 157.4 154.3 151 149.2 149.3 150.6 153.5 156.8 160.3 163.7 167 170.9 175.8 181.7 189.9 199.7 212 227.4 240.9 253.8 263 276.9 291.4
316.9 315.8 313.7 313.3 312.6 311.1 310.7 308.2 303.2 297.6 291.4 282.8 277.7 271.2 262.6 255.6 244.5 235.6 225.6 212.7 201.8 193.1 184.5 177.7 167.1 165.4 168.1 175.3 176.5 175 168.8 161.3 154.4 149.2 144.4 141.5 139.7 139.2 140.8 140.8 140.8 140.8 139.6 140.2 138.9 139.4 140.5 142.2 147.4 152.8 153.8 154.4 154.5 153.8 153.3 151.5 149.8 148.5 148.8 149 151.4 154.7 157.9 161.1 164.7 168 172 177.5 184.5 192.7 202.8 214.3 229.4 245.3 256.4 269 283.7 296.8
324 323.2 321.9 320.3 318.8 318.1 316.9 313.6 309.2 302.4 296.6 287.8 277.1 266.5 259.8 249.2 234.1 218.9 207.1 199.7 190.8 184.7 178.4 173.9 170.8 172.5 175.8 179.1 181.1 180.4 176.4 168.3 160.4 153.6 148.9 144.5 139.3 140.5 140.8 140.8 140.8 140.8 139 138.9 138.5 138.3 138.8 140.6 143.3 149.7 146.8 148.3 148.5 148.7 148.5 148.1 147.3 146.1 146.9 149 151.7 154.9 158.1 161.1 164.5 168.4 172.7 177.7 184.2 193.2 204.1 215.8 233 247.6 258.8 268.7 281.9 293.5
333.3 333.3 332.1 330.5 327.6 327.7 326.8 325.5 320.6 316.2 309.8 300.7 289.1 275.2 263 255 247.6 236.7 226.1 215.9 202 187.4 180.2 181 176.4 178.3 180.4 182.6 185 182.7 178.4 172.4 165.8 158 153.3 149.2 144.5 138.9 140 140.8 139.7 139 139 138.4 137.9 138 138.2 138.5 141.8 143.1 141.7 144.7 144.3 146 146.8 146.4 145.7 144.9 146.4 149.1 152 155.1 158.3 161.1 164.3 167.6 171.6 177.2 184.8 193.4 204 218 234.5 249.1 257.8 265.9 275.6 285.9
348 348.7 347.1 346.3 344.8 342.6 341.7 341.3 338.5 332 323.3 312.7 298.9 284.9 272.3 261.4 250.2 241.1 227.3 211.2 197.4 191.4 192.1 188.7 183.3 184.2 187.1 189.8 189.4 185.8 180.4 175.4 170 162.2 158.5 154.7 149.4 143.4 139.9 138.9 138.9 138.9 138.9 138.3 138 137.9 138 138.2 138 138.9 140.1 142.3 143.7 144.8 145.4 145 144.3 144.2 145.7 148.8 151.5 154.9 158 160.7 163 165.2 169.9 176.9 185.5 193.3 205 220.6 235.7 251.1 256.4 260.6 265.1 274.1
