data/SK38.asc
ncols 200
nrows 200
xllcorner 430000
yllcorner 380000
cellsize 50
[rows 140 to 174 of 200, columns 80 to 159 of 200]
117.8 112.2 110.2 118.2 126.8 134.5 138.2 138.2 137.6 138.1 137 135.2 131.8 126.9 121.5 123.2 133.6 135.9 139.3 143.3 148.2 153.7 164.2 177.8 189.2 194.1 197.5 198.8 199.6 200.7 200.6 201.1 201.2 200.7 197.7 194.2 193.3 193.3 193.5 194.2 195.3 196.7 198.2 200 203.1 204.7 207.7 212.3 213.5 212.4 206.3 201.9 204.7 207.6 209.2 208.8 207.7 207.3 205.9 201.7 196.5 189 190.4 196.1 199.4 201.4 205.2 207.7 208.8 208.8 208.9 210.2 209.7 208.3 207.1 205.8 204.2 204 204 203.1
121 115.4 112.9 115.4 124.8 132.5 137.3 139.7 140.6 141.2 140.4 138.5 136.2 131.7 125.6 124 131.9 136.2 140.2 144.8 150.1 159.7 164.8 175.8 191 194.6 200.4 201.2 202 202.4 202.2 201.5 201.9 201.3 200.7 196.6 195 196.4 196.9 197.6 198.5 200.1 201.7 204.3 207.3 211 215.3 216.7 216.8 213.7 208 207.4 209.5 211.2 211.3 210.5 209.3 208 206.4 201.2 194.9 193.9 198.2 201.1 204.1 205.1 207.3 208.2 208.6 208 207.9 207.7 207.6 206.8 205.6 205.7 205 205.1 204.5 201
124.9 118.8 114.4 113.9 122 129.5 135.9 140.2 143 144.3 143.1 140.9 138.3 134.5 129 124.7 131.6 135.9 140.1 145 151.4 160.4 166.4 176.9 191.9 199.6 202.4 203.6 204 203.7 203 202.3 202.2 201.6 199.7 199.2 199.8 200 200.1 201 201.9 203.4 205.7 209 213.7 218 220.2 219.6 217.6 214.4 211.2 211.8 212.5 212.9 212.6 211.7 210.6 209.1 205.3 200.6 200.6 204.4 205.3 204.1 206.2 207.4 208.3 209.3 208.9 208.1 207.1 206.5 206.2 205.7 205.6 205.7 205.9 205.9 204.4 202.8
126.7 121.7 116.3 114.3 122 130.1 137 140.5 145.3 146.1 144.3 141.7 137.8 134.6 130.3 130 132.6 135.2 139.9 144.8 151.6 160.8 168.1 178.2 192.1 201.4 203.2 204.8 205.1 203.5 202.8 202.7 202.7 203.2 201.2 202.1 202.8 203.6 203.8 205.6 206.5 209.2 211.5 215 219.7 220.9 221.1 220 217.3 215.9 214.4 213.7 214.2 214.2 213.3 212.3 211.3 210 204.5 206.1 207.4 207.8 208.3 208.6 208.7 208.7 210 210 209.3 208.2 207.2 206.2 205.3 204 204 204.3 204.8 204.6 203.9 202.2
128.2 122.1 118.1 116.9 124.6 132.6 139.9 143.7 144.7 142.9 143.4 141.4 138 134.4 131.9 131.3 134.4 136.6 141 145.1 152.5 161.6 169.2 186.2 195.3 202.6 204.4 204.4 204.6 203.3 203.6 203.5 204.3 204.4 204.4 205.6 206.3 207.1 209.3 211.5 213.4 216.5 219.3 220.4 220.8 221.1 220.1 218.6 217 216.5 215.6 215.8 215.7 214.8 213.5 212.2 211.4 210.2 206.5 209.2 210.1 211 210.9 210.9 210.4 210.2 210 210.4 209.2 208.3 207.3 206.3 205.3 204.1 204 204.1 202.1 200.8 200.2 200
129.7 123.3 118.3 120.9 128.8 137.9 142.4 144 142.5 141.4 141 140 137.4 134.1 133.3 133.5 135.4 138.5 143.1 147.1 153.8 161 174.3 194.6 200.7 203.3 203.7 203.7 203.6 203.9 204.6 205.2 206.7 207.2 207.9 209 209.9 211.3 214.3 216.5 218.8 220.5 220.5 220.1 220.3 219.3 219.2 218.5 217.6 216.6 215.7 215.5 215.3 214.1 212.9 211.6 210.9 210.1 210.3 212.2 213 212.9 212.7 212.1 210.7 210.5 210.4 210.1 209.1 208.2 207.2 206.3 205.4 204.9 204.1 202.4 200 198.9 200.1 199.6
129.9 124 119 124.1 133.3 141.1 143.7 143.7 142.2 140.5 140.1 139.6 136.7 133.8 132.8 133.6 136.6 140.9 145.6 149.5 155.6 162.2 173.8 194.3 201.6 202.5 203.8 203.9 203.9 204.6 206 208.2 209.5 210.2 211.6 212.8 213.2 216.1 220.7 221.7 221.7 221 220.7 220.3 220.7 219.9 219.8 219 218.3 217.3 216.5 214.9 213.6 212.8 211.9 211.2 210.3 209.5 212.6 216 215.6 214.1 213.4 212.1 211 210.8 210.6 210.2 209.3 208.3 207.3 206.3 205.6 206.1 204.2 202.7 201 201 201 201
128.3 123.3 121.4 126.7 134.6 140.9 141.7 142.2 141 140.5 139.4 138.6 135.9 134.6 132.8 135.6 139 145.3 151.6 156.4 163.6 167.8 174.2 185.2 195.1 201 203 204.6 205.1 206 207.9 211 212.3 213.4 216.1 220 221.1 220.8 221.7 222 221.5 220.5 219.9 220.2 221.1 219.4 219.2 220 219.5 218.8 218.2 216.3 214.4 213.7 213 211.9 211.2 212.5 215.1 215.8 215.2 214.1 212.8 211.4 210.7 210.6 210.3 209.4 208.6 207.9 207.2 206.3 206 206.1 204.9 203.3 201.6 201 201 201
127.2 124.7 125.6 128.5 135.7 140.5 141.1 141.2 141.4 141 140.5 138 137.2 136.1 134.3 138.9 144.8 150.5 158.1 169 180.9 187.6 192.6 198.1 201.5 201.7 203.7 205.6 205.7 207.3 209.1 209 214.7 219.9 221.7 221.8 221.5 221.1 221.3 221.1 221.2 220.2 219.3 219.1 218.9 219.2 220.2 220.6 221 221 220.4 219.7 216.7 214.7 213.8 213 213.4 214.7 214.8 214.6 213.9 212.8 211.8 210.7 210.2 209.9 209.2 208.6 207.7 207 206.3 205.8 206 206 205.6 203.4 201.1 200.2 201 201
127.9 126.5 129.2 131.8 134.9 138.9 140.7 141.1 141.6 142.9 142.4 141 140.6 138.2 135.2 142.3 151.7 161.5 174.6 187 195.8 202.7 205.2 202.4 201.6 201.5 205 205.9 206 207.5 211.1 218.5 221.1 221.1 220.5 219.7 219.2 218.8 218.7 218.7 217.4 217.4 219.3 219.7 219.7 219.4 220 222.1 223 223.3 222.5 220.7 218.5 215.9 214.3 214.3 214 214 213.3 212.8 212.2 211.3 210.2 209.2 208.6 208.2 207.8 207.7 207 206.1 205.4 206 206.1 206.1 204.9 202.6 200.5 199.4 200.3 198.8
128.2 127.8 130.7 135.5 138.5 141.5 143.1 143.7 144.8 145.9 146 146.2 146.1 144.2 138.1 151.2 165.1 179.2 189.8 194.9 201 204.2 204.4 200.9 198.9 200.7 204.8 206.1 205.6 208.6 216.7 220.1 219.1 217.5 216.6 215.9 215.1 214.6 214.6 213.9 214.7 216.9 219.4 220 220.1 220.2 222.1 224.4 225.6 224.2 222.3 221 218.8 216.5 215.2 215.2 213.4 212.8 211.6 210.9 210.3 209.7 208.7 207.5 206.9 206 205.8 206 206.2 205.3 204.6 205 206.1 206.1 203 200.6 199.4 197 195.5 192.8
128 129 135.6 138.9 144.6 147.2 149.6 152.5 155 156.5 156.4 153.7 150.6 147.9 143.1 161.9 175.8 190.3 195.3 196.5 199.3 199.5 198.6 197.6 197.7 200.8 204.2 205.2 204 211.2 216.5 215.3 214.7 213.3 211.9 211.9 210.9 209.5 212.4 216.2 218.4 219.7 221 221.7 221.5 221.5 223.1 223.9 222.7 221.9 220.5 220 218.4 216.4 215.9 215.3 213.5 211.9 210.2 209 208.4 208 207 205.9 204.9 203.7 203.7 204 204.3 203.4 202.5 201.3 200.6 200.4 199 198 196.8 194.5 191 187.8
129.1 131.8 138.4 146.2 152.1 155.3 160 168 171.5 172.4 168 162.3 156 150.2 148.7 169.1 184.6 192.2 193.1 194 194.9 194.4 193.9 193.5 194.6 199.3 200.9 200 202.9 211.5 212.7 211.5 211 209.7 208.1 205.5 204 210.1 215 218 220.2 221.9 222.8 222 221.3 221.3 221.2 221.5 219.9 220 219.4 218.9 217.6 215.8 216 216 214.7 212.5 210.2 208.1 206.1 205.6 205.1 203.5 202.5 201.4 201.6 201.7 201.4 201.1 200.5 199.3 197.6 197.8 197.7 197.2 196 194.6 192.1 187.7
131.9 136.7 144.2 149.9 157.6 170.8 182 182.7 181.9 180.7 174.3 167.3 160.1 154.3 151.2 171.4 185.2 188.2 188.8 189.2 188 188.5 189 189 190.8 196.8 197.2 196.3 202.4 209.7 208.9 207.8 207.4 206.1 204.9 204.2 208.8 212.9 216.5 219.3 220 220.4 220.9 221.1 221.3 220.9 220.4 220 219.3 219.4 218.4 217.7 215.8 214.6 215.7 215.9 215.7 213.5 210.8 207.2 204.2 203.8 202 200.4 199.6 198.9 199.2 198.8 198.5 198.3 198 197.3 195.8 196.3 196.4 195.9 195.3 193.6 191.2 189.6
133.1 138.1 146.4 154.2 176.4 188.1 190.3 187.5 182.5 178.7 174.8 171.6 164.5 159.3 150.6 169.5 180.6 183.9 185 185.5 183.5 182.3 182.8 183 185.7 189.5 191.2 193 201.8 205.1 206.2 204.4 203.6 203.1 204.2 209.3 211.4 213.7 216.9 218.2 219.7 219.2 218.8 219 219.2 219.5 219.4 218.8 218.4 218.5 217.5 216.3 215.5 214.3 214.1 215.1 215.1 212.8 211.1 208.6 205.6 202.6 198.9 198.3 197.4 196.3 196.1 196 196.1 196.2 195.9 195.1 194 194.8 194.9 194.5 193.9 192.9 191 188.1
134.2 139.2 147.9 170.9 186.9 188.7 187.7 185.8 182.7 178.9 169.1 169.7 167.8 164.4 154.5 164.8 175.7 179.2 180.4 180.7 178.9 177.9 177.4 177.5 180 182.4 184.6 187.8 201.1 202.7 202.5 202.5 202.5 205.8 208.1 211.6 213.3 214.4 216.2 216.8 217.6 217.5 216.9 217 217.4 217.9 217.9 217.3 216.7 217.1 217 215.7 216 215.1 212.8 210.9 211.1 211.4 210.8 208.3 205.9 203.1 199.7 197.5 195.3 194.1 193.8 192.4 194.6 194.6 194.6 194.1 194 194.1 193 192.8 192.4 191.4 190.7 188.5
134.1 138 151.2 175.8 185 185 183.5 181.8 180.5 177.7 171.2 169.2 169.2 167.8 163.7 156.2 165 173.5 176.3 175.9 174.2 173.5 173.9 181.8 187.5 194.1 199.9 200.1 202.1 202.3 202.5 204.2 208.1 210.3 212.2 215 215.9 215.6 215 215.1 215 215.1 215 214.6 215 216 217.3 216.3 215 214.8 214.4 214.6 214.6 213.7 212.4 210.9 208.7 208.1 207.8 207.1 206 203.8 200.6 197.8 195.4 195.2 196 193.6 188.9 190.5 192.8 194.1 194 194.4 192.9 193.3 193.1 190.3 190.6 188.9
134.1 136.4 148.4 167.3 178.9 180.3 179.3 178.9 178.1 176.3 176 169.1 169.1 171.7 169.1 159.5 159.2 159.5 164 166 169.1 174.6 180.2 189.1 196.2 200.7 202.5 201.1 202.7 203.4 205.8 209.1 210.8 211 212 213.5 213.5 214 213.7 213.4 213.2 213.3 213.3 212.9 213.1 214.4 216.5 215.7 213.6 213.6 212.9 212.6 212.8 212.5 211.2 209.5 206.8 204.5 203.1 201.1 202.3 200.2 199.2 197.9 195.7 196 196.1 196.1 190.4 189.2 192.8 195.4 196.8 198.5 198.2 196 194.4 191.7 189.5 189.1
136.4 135.8 141.7 154.1 170 175.2 175.6 175.3 174.9 175.9 175.9 171.3 169 175 172.2 170.9 171.8 170.3 168.6 169.2 171.8 181.2 185.3 194.2 195.9 197.8 199.4 199.9 201.8 205.8 208.8 211 211 210.7 210.2 210.4 210.7 211.7 212.3 211.7 211.4 211.1 211.3 211.6 211.7 213.1 214.4 214.8 213.8 212.3 211.2 210.7 211 211 209.7 207.7 205.7 205.7 202.9 199.4 199.2 195 196.1 195.7 196 196.1 195.1 193.5 188.7 191.4 195 196.9 199.3 200.7 200.4 199.1 196.2 194 190.4 189.5
140.9 142.5 139.8 144.9 158.8 168 171.7 171.4 172.1 175 175.9 175.5 175.4 176.6 175.8 176.8 177.2 176.5 175.6 177.3 178.8 182.6 187.9 191.7 193.3 194.1 195.2 198.5 201 203.7 207.5 208.6 208.2 208.4 207.9 208.4 209 209.6 211 210 209.3 208.8 209.3 209.7 210.4 211.5 211.9 211.4 210.4 210.2 209.1 207.8 208.1 208.6 208.2 205.8 204.4 203.7 201 200.2 199.2 196.3 192.4 192.2 193.3 193.6 192.2 188 189.6 192.6 195.3 194.2 194.7 194.9 196.3 197.2 196.4 196 194.3 190.1
146.1 147.3 146.6 144.7 146.1 157.7 164.8 167.7 168.4 171 175.4 176 176.9 181 180.7 180.4 180.8 181.4 181.9 184 186.3 186.6 188.7 190.7 192.6 194.4 194.4 198.3 200.7 203.5 204.5 204.7 205.1 206.2 205.7 206.2 206.7 206.8 207.2 206.9 206.6 207 207.6 208.5 209 210.4 209.2 208 206.8 206.5 206 204.8 203.8 204.4 203.8 203.4 202.9 201.7 199.6 197.2 196.2 196.7 193.6 189.8 187.6 189.2 189.3 184.5 190.2 190.4 191.1 189.5 194.3 194.4 194.1 194.8 194.7 194.6 195.5 192
159.8 159.5 155.4 153.6 149.2 149.2 155.4 161.9 163.9 167.1 170.4 171.3 173.9 177.8 179.2 180.5 183.8 185.2 184.6 187 189.2 190.8 191.8 193 194.2 195.3 195.3 197.9 199.9 201 201 201.3 201.6 203.1 203.4 203.8 204.2 204.1 204.1 204 203.9 204.9 206 207.2 208.2 208.6 207.3 205.9 204.4 203.1 202.6 201.9 200.8 201 199.4 198.6 198.8 198.1 197.3 195.9 193.9 193.8 191.5 190.7 184.3 184.2 184.4 181.9 185.2 185.5 189.6 194.5 197.1 196.2 195.8 193.3 191.6 191.4 192.3 192.8
170 162.8 159.2 156.1 153.9 150.1 149.2 155.4 159.8 165.5 166.9 167.7 170 173.6 178.8 182.1 186 185.9 186.9 188 189.8 192.1 193.8 195.1 195.9 196.1 196.1 196 197.4 198.4 198.4 198.4 198.7 199.6 199.8 201.5 201.6 201.3 201.2 201.1 202.6 203.8 204.8 206 207 206.1 205.2 204.7 203 200.5 200.1 200.8 199.6 197.7 196 194.5 194.4 194.5 194.3 193.7 192.4 190.8 189.1 187.9 186.1 184.3 176.5 176.5 178.9 185.8 191.8 195.8 198 197.4 195 193.5 191 188.1 188.9 190
168.6 164.5 161.3 157.7 154.7 154.5 151.5 153.1 157.3 163.2 163.2 164.9 168.2 173.5 179.5 181.5 183.8 184.2 185.6 186.6 189 192.8 195.9 195.8 194.9 195.2 194.6 194 194.8 195.9 195.8 196 196.9 198.1 199.6 200.7 200 200 199.2 199.8 201.6 202.9 202.3 202.5 205.3 204.7 202.3 199.8 198.7 197.8 196.6 197.5 196.7 194.8 193.3 192.5 192.3 192.3 191.8 191.2 189.9 187.1 186.1 185.1 183.9 182.4 174.1 170.1 180.3 189 192.3 194.6 196.1 195.2 194.7 192.7 190.7 188.2 184.5 185.7
168.4 165 161.9 158.3 157 158.6 157.3 155.7 155 160.1 160.5 164.4 168.4 173.9 177.8 180.7 179.9 181.7 184.9 185.9 189.2 193.1 196.1 195.2 193.8 193.6 192.8 193 193.5 194.1 193.9 194.4 195.3 195.7 196.5 197.6 197.9 197.9 198.6 199.9 201.1 200.9 199.1 198.7 200.3 200.5 198.1 196.1 195.1 194.3 193.4 194.3 193.9 192.1 190.9 190.2 189.5 188.9 187.7 188.4 186.5 184.4 183.3 182.5 180.8 178.7 172.9 170 182.9 186.9 189.3 194 195.5 194.1 193 191.4 191 188.8 185.4 180.6
168.5 165.2 160.9 158 163.9 165 161.8 160.1 160.8 159.7 163.8 165.6 169.3 173.2 176.4 177.4 177.7 179.5 182.4 186.1 188.2 190.9 193.5 193.6 192.4 192 191.8 192 192.3 192.4 192.5 193 193.6 193.9 194.2 194.6 195.6 195.5 196.5 198.1 199.8 199.8 197.6 195.4 195.5 195.8 195.2 193 192 191.1 189.7 190 190.3 189.4 188.1 187.1 186 184.1 183 182.9 182.2 181.5 179.7 179 177.6 174.7 168.2 171.3 181.1 184.5 187.8 191.7 193.3 192.7 190.7 188.6 187.4 187 186.5 180.1
166.2 163.2 160.5 163.4 166.6 165.4 164.8 163.5 164.3 163.6 165 166.2 166 171.1 174.3 174.1 175.8 179.5 181.1 184.7 187.2 189.6 191.1 191.8 190.7 190.4 190.4 190.8 191.1 191.2 190.8 191.5 192.3 192.7 193.1 193.3 193.9 193.1 193.8 195.1 196.1 195.8 195.1 192.5 191.2 191.5 191.4 190.2 188.3 186.8 185.9 185.9 185.9 185.4 184.8 183.5 182.3 179.6 178.8 178.6 179.1 179.6 177.3 175.2 174.3 170.3 164.5 171.7 179.2 182.7 186.1 187.9 190.1 189.7 187.4 185.8 183.4 184 185.1 182.4
165.8 164.3 164.2 164.4 167.5 170 169.3 168.1 168.2 169.3 170.7 170.5 169.7 170.8 172.7 174.1 175.8 177.9 179.7 183.1 186.1 189.2 190.7 190.7 188.9 188.9 188.9 190.4 190.1 189.9 188.9 190.7 191.2 191.7 192 192 192.2 191.3 190.8 191.8 192.9 192.5 192 190.5 188.9 187.7 188.8 188.3 186.6 184.8 182.5 181.3 182 180 180 179.4 178.4 176.6 175.8 176.3 177.5 177.2 174.7 172.3 169.3 166.2 162.6 170.5 173.8 178.1 181.5 183 185.7 185.8 182.8 181.3 179.8 179.8 180.6 180.8
168.2 166 164.3 164.4 168.2 171.1 171.6 171.5 172.9 174.5 175.2 175.2 174.2 174.6 175.4 175.8 177.1 178.7 180.4 182.9 185.6 187.7 189.8 189.8 189.6 189.4 189.2 189.2 189.7 189.1 189.9 190.6 190.8 190.7 190.3 190.1 190.9 190.7 185.7 188.3 189.6 189.9 189.6 189.1 187.4 185.4 185.6 185.8 185 183 180.3 179 177.2 175.5 175 175 174.3 172.5 171.1 172 175 174.3 171.9 170.1 165.3 161.6 159.5 166.7 168.6 171.9 175 176.4 178.1 179.1 177.2 175.4 175.7 175.9 177.1 176.6
169.3 167.6 167.6 167.1 169.3 172.8 174.7 175.5 176.9 176.9 177.5 176.9 176.5 176.4 177.1 177.6 178.6 180.8 183.4 184.7 186.6 187.4 188.5 189.1 189 188.7 188.5 188.3 188.9 189.7 190.7 190.2 189.2 189.4 189.2 188.6 189.4 189.3 184.7 185.5 189.5 191 188.2 186.5 184.8 183 182 182.2 181.5 181.3 180.8 179.4 175.9 174 170.2 170.1 168.4 166.6 165.6 167.3 169.7 169.7 168 164.9 164.1 159.7 155.8 162.4 164.5 166.9 168 169.8 171 171.9 172.8 171.6 170.8 173.1 172.8 172.2
167.9 169.4 172.3 172.2 173.2 177.6 179.7 180.3 178.5 179.1 179.4 179.4 179.1 178.8 178.6 179.1 180.9 183.7 184.9 184.9 186.2 186.9 187.8 188.4 188.4 188.1 187.8 187.6 188.1 188.6 189.3 188.3 188.1 188.3 188 187.8 188.8 189.2 184.7 185.5 187.9 188.6 185.7 183 181.8 180.3 178.2 178.1 178.2 178.1 177.7 176.2 175.8 176 172.6 167.8 163.9 163 159.7 161.6 163.3 163.5 163.4 161.6 160.2 157.9 151.6 157.2 160.7 162.1 161.1 163.6 164.4 165.5 168.7 168 169.3 171 169.8 167.9
173.4 176.5 177.2 176.3 177.1 180.9 182.2 181.4 181 181.8 181.8 181.8 181.7 181.4 181.1 181.8 182.4 184.8 185.7 185.7 185.7 186.2 187.1 187.7 187.8 187.7 187.3 186.9 186.9 185.9 187.1 186.6 187 187.3 187.1 186.3 185 185.4 184.5 183.5 185.7 185 182.5 179.4 177.8 176.3 172.4 173 173.2 172.4 171 170.6 171.4 172.2 171.5 171.1 171.4 168 163.9 158.4 155.1 155.7 157.6 156.7 155.5 152.3 149.6 152.6 155.4 157.2 156.5 158.2 159.1 159.3 161.1 163.5 166.9 166.7 167.3 165
180.7 183 181.7 179.4 180.1 181.6 184.4 183.8 184.2 184.3 184.2 184.2 184.1 184 183.4 184.3 184.4 185.4 186.6 186.6 186.7 186.7 186.7 186.7 187 187.1 186.9 186.4 185 185 185.2 185.5 185.9 186.2 186.1 184.7 184.4 183.7 181.7 179.9 180.2 180.8 178.4 175.9 173.6 171.5 168.1 166.2 166.5 166.1 166.2 166.2 166.6 167.5 167.9 168.2 168 166.8 166 162.1 156.6 150.5 148.2 150 151 148.4 145.1 146.8 150.8 152.5 151.8 151.7 152.9 154.1 155.9 157.6 159.9 162.1 162.8 161.9
186.3 187 185.2 181.6 180.6 182.9 186.3 188.2 189.2 189.3 188.3 186.6 186.6 186.1 186.1 186.2 186.4 186.5 187.1 187.1 186.9 186.7 186.5 186.6 186.6 186.6 186.5 185.4 184.2 185.2 185.8 185.1 185 185.1 184.7 184.2 183.5 182.3 180.6 179.2 175.7 176.2 174.9 172.8 170.5 168.1 164.7 161.6 160.7 161.1 161.3 160.4 160.6 162.6 163.7 164.3 163.5 163.5 163.1 161.4 159.8 154.2 150 144.8 145.1 146.5 144.2 143.2 144.9 146.6 146.6 144.9 145.8 146.8 151.1 153.9 156 158.6 160 158.7
189.7 187.4 185.3 184.6 183.7 187.5 190.7 192.1 192.3 191.9 190.5 189.4 188.5 187.9 187.2 187.2 187.3 187.4 187.1 186.8 186.6 186.4 186.2 186.4 186.5 186.4 185.9 185 184.6 184.5 184.8 184.4 184.2 184 184 183.5 182.7 181.5 179.9 177.8 174.8 171.5 169.7 169.8 167.4 165.4 163.1 158.8 155.9 156.5 157.3 156 155.2 156.8 157.3 158.7 158.7 159.6 159.4 158.4 157.1 154.7 151.3 146.6 142.6 142.1 141.6 141 140 139.7 141.2 141 140.5 141.8 146.8 150.6 150.6 153.7 155.4 155.9
