data/SK39.asc
ncols 200
nrows 200
xllcorner 430000
yllcorner 390000
cellsize 50
[rows 108 to 143 of 200, columns 81 to 161 of 200]
121.8 124.6 130.5 128.8 124.6 124.2 123 120.7 114.4 109.1 104.1 98.3 93.3 89.6 87 85.6 84.9 84.3 82.4 80.6 75.5 74.6 73.9 71.8 69.9 70.8 70.4 70.4 69.6 66.7 65.9 66.1 65.8 65.3 64.8 64.8 65 64 65.2 64.8 64.1 67.9 70.7 64.5 62.8 59.2 58.3 58.2 59.6 69.4 80.2 88.5 94 94.2 94.4 94.2 93.7 92.4 90.5 89.2 86.5 82.1 78.8 75.4 76.9 83.9 90.2 96.6 102.2 108 108.9 109.7 109.3 111 110.1 109 107.2 104.1 103.3 99.7 100.5
133.5 136.3 134 129.4 124.4 125.2 122.4 118.9 113.2 107.3 102.1 97.5 91.5 88.6 85.9 83.8 83 80.4 79 81.5 79.2 76.7 73.9 72.9 71 70 70 70 69.7 67 65 65.3 65.5 65.7 64.3 64.3 64.5 64.4 64.3 63.9 63.7 64 63.6 62.6 61.2 60.7 59 58.9 59.9 69.1 77.7 85.6 93.1 95.6 95.5 95.5 95 93.3 91.8 90.1 87.3 82.6 79.9 75.3 71.1 79.3 83.7 89.8 96.2 100.6 104.4 105.7 106.6 107.3 107.1 106 103.9 100.7 96.3 94 93.2
139.1 135.8 132.8 128.4 125.3 126 123.1 117 111.5 105.8 100.4 96.1 91.7 88.2 85.6 83.5 82.9 84.6 85.8 85.1 83.2 81.5 77.6 75.1 72.2 70.7 70 70 69.1 66 64.3 64.1 65.4 64.8 63.6 63.7 63.9 63.6 63.1 62.7 62.5 62.6 62.1 61.4 60.3 59.3 59 58.3 59.8 67.3 75.2 80.8 88.1 94.2 95.7 95.9 95.8 93 92 90.9 88.3 83.8 79.7 76 69.6 71.3 76.7 80.4 86.9 92.9 98.5 101.4 102.5 102.6 102.7 100.1 98 95.4 92.8 90.6 88.2
139.1 135.7 131.4 128.3 126.8 125.9 121 115.7 109.8 104.1 99.6 95.7 92.5 88.6 85.4 86.5 90.5 89.9 88.5 87.5 87.8 87.4 84.9 80.5 75.5 72.3 70 69.3 68.3 65.6 64.1 63.6 63.1 63.1 62.1 62.9 63.2 62.6 61.9 61.5 61.4 61.2 60.9 60.1 59 57.8 57.5 57.2 60.1 67.2 72.6 76.2 82.8 87.4 92.1 95.2 95 93.4 91.9 90.8 87 82.4 77.8 75.9 71.1 67.7 70.6 75.5 79.2 85.3 91.7 95.9 97.9 97.5 95.9 94 92.1 91.5 90.1 85.9 83.1
139.3 135.6 130.3 130.5 128.3 124.6 119.9 114.6 108.7 103.7 99.4 95.9 92.7 89.3 87.5 92.9 95.9 94.4 91.4 93.8 96.4 95.7 93.2 87 81.3 75 71.2 68.5 67.7 66.6 64.4 63.4 61.9 60.9 60.6 61.8 62.4 61.7 61 60.2 60.6 60.9 60.8 58.9 57.8 57.1 57.2 58.3 59.5 64.1 68.1 73.3 78.3 82.3 86.6 90.9 91.8 90.6 90.8 88.2 83.3 79.6 75.9 75 70.8 67.5 64.1 70.5 75.3 79.1 86 91 93.6 92.7 91.9 89.5 86.6 84.9 83.7 82.9 80.4
138.4 135.6 132.8 130.5 127.9 123.9 119.3 113.9 108.6 104.2 99.7 96.2 92.8 88.8 93.7 99.5 101.4 101 106 105.1 101.4 99.6 96.1 91.4 88.2 81.5 73.8 70.1 68.2 66.9 64.5 63.7 61.8 60.2 59.2 60.6 61.1 60.8 60.2 59.8 59.9 59.5 59.2 58.3 57.3 57.1 58.1 59.6 61 60.7 64.5 70 74.2 77.7 82 84.6 87.6 86.9 87.5 85.3 81.4 78.2 75.5 74.1 70.5 67.9 63.5 66.8 72.6 76.2 81.7 87 89.9 89.8 86.9 84 81.9 80.3 79.7 79.1 76.3
137.5 134.6 136.1 131.3 127.8 123.6 118.5 113.6 107.9 103.8 99.9 95.9 91.3 89.2 102.4 105.1 107.4 111.7 110.1 104.8 100.6 97.3 94.2 91.7 90.4 84.5 76.6 71.6 69.4 67.2 65.8 64.5 62.4 60.6 59 59 59.6 61 61 61 59.1 59.4 58.4 57.6 56.9 56.6 57.8 59.5 61 62.1 65 69.1 72.1 73.7 76.8 79.5 80.4 82.3 82.9 82.5 81.4 79.3 76.2 73.7 71.1 67.2 61.8 62.1 70.8 73.7 77.5 82.9 86.7 85.7 83.2 80 77.5 76.2 76.4 76.1 73.8
136.7 136 134.6 131.5 127.6 122.5 117.7 113.3 108.7 104.1 99.7 95.1 93.6 103.1 107.4 110.2 114.5 114.5 110 104.7 99.5 95.8 92.3 89.7 89 85.3 78.6 73.2 69.5 67.1 65.9 65.3 63 61.2 59.9 59.4 59.4 59.5 60.5 61 59.7 58.7 58 57.3 56.5 56 57.3 58.7 59.6 59.8 62.9 65.5 68.6 71.4 74 76.8 76.3 78.7 80.2 79.9 80 77.4 74.8 72.5 69.5 66.3 61.2 59.2 68.9 71.8 73.7 77.4 81.3 81.4 78.8 74.9 73.4 73.1 73 72.1 72.8
135.1 134.7 132.8 131.6 127 121.8 117.2 112.7 108 104.2 99.6 94.7 97 110.1 113.2 117.5 119.8 115.2 110.8 106.7 101 96.9 92.8 88.2 85.1 82.2 79 74.8 69.2 66.1 65.5 65.6 63.9 61.8 61 60.4 59.3 58.8 58.9 58.7 58.5 58.3 57.6 56.9 56.2 55.5 56.5 57 57.8 57.7 59.5 61.4 65.1 67.7 71.6 73.3 74.9 76.7 77.4 77.8 77.7 77 75.5 72.4 70.3 66.1 61.5 59 66.1 69.3 70.6 72.4 73.6 73.5 72.6 71.6 71.1 70.6 70.1 69.7 73
132.7 129.9 129.5 131.1 126.6 121.1 116.4 111.7 107 103.2 99.8 94.4 108.8 113.6 118.4 125.6 122.6 117.2 112.1 108 103.3 98 93.8 88.6 83.5 80.5 78.2 76.9 74.9 70.5 67.3 64.4 63.8 61.1 60.8 60.3 59.1 58.5 57.8 57.6 58 57.9 57.2 56.5 55.8 55.3 55.3 55.3 55.8 55.6 57.3 58.9 62 65.1 67.7 69.7 72 74.3 74.7 75 75.2 75.3 74.7 72.5 71 66.3 61.3 58.2 61.5 64.8 67.3 67.9 68.8 68.7 69.3 69 68.9 68.6 68.8 68.9 74.3
130.8 127.2 124.6 127.1 126 120.6 115.5 110.7 106 103 99.5 102.5 112.5 114.4 117.6 123.3 123.8 118.7 113.5 108 102.6 98.1 94.6 87.8 83.8 82.7 82.4 85.6 85.4 82.5 76 70.2 65.2 63.1 61.8 60.1 58.9 59 58.2 57.4 57.6 57.4 56.7 56.1 55.6 55.2 54.6 56.1 54.4 54 54.6 56.8 58.5 60.6 63 65.2 67.1 68.6 69.9 71 71.3 71.1 70.7 69.1 68.1 66 61.7 57.5 59.7 63.7 66.2 66.4 66.7 67 67.6 67 66.7 66.8 67.1 69.1 76.3
127.4 124.5 120.8 120.9 121 118.3 114.4 109.9 104.1 104.1 103.5 111 112.1 112 112.4 114.5 115.7 116.5 111.7 104.8 99.4 96.4 89.5 85 84.7 85.9 85.3 85.4 86.2 86.3 83.5 77.3 71.9 66.7 63.3 60.9 59 59.7 59.6 58.7 57.2 57 56.5 56 55.5 55 54 54 54.4 54 54.3 54.4 54.8 56.8 58.7 60.9 62.6 64.3 65.2 66 65.3 65.8 66.4 65.7 64.7 63.6 61.2 56.6 58.1 61.7 65.6 66.1 66.4 66.6 66.4 65.8 65.3 64.9 66.6 70.6 76.7
121.2 119 116.8 114.1 112.6 109.8 109.7 107.7 105.9 106.4 108.1 111 110.9 110.1 108.2 107.1 106.2 105.4 100.9 99.8 94.9 91.1 87 90.5 88.7 89.1 88.1 86.8 86.4 86.3 85.8 82.4 76.8 71 66.5 63.4 60.3 60.1 60.7 59.7 58.3 57.4 57.1 56.6 56.1 55.1 54 54 54.2 53.8 53.9 53.9 54.1 56.1 55.7 56.8 58.5 60.4 61.1 62.1 62.6 63.2 63.1 62.5 61.6 60.4 58.5 56 58.1 61 65.9 65.8 65.9 66.1 65.6 62.8 59.8 62.7 67.9 70.5 76.6
127.3 123.3 120 117.7 116.1 114.8 114.2 111.8 110.5 109 108.6 109.5 108.3 106.7 105.8 104.1 101.3 100.1 94.8 91.4 89.4 92.6 95.3 93.9 93.1 91.2 89.3 87.7 86 85.8 86.1 85.8 81.1 74.8 69.5 64.9 62.8 61.9 60.9 60.2 59.6 58.8 57.8 57.4 57.5 55.6 54.8 54.5 54.8 53.8 53.4 53.6 54 54.2 53.8 54.2 54.5 55.7 57.6 59.3 60 60.3 59.8 59.1 58.4 57 56 54.7 57.1 60.1 65.5 65.8 65.9 65.7 63.6 60.1 58.1 65.3 69.9 73.6 78.6
133.2 129.7 127.7 125.4 124.1 122.2 118.5 114.6 111.9 109 108.6 106.5 105.1 104.5 105.6 102.8 99.8 94.3 95.1 98 101 101.1 99.1 98.2 95 92.5 90 87.2 85.2 84.9 85.5 86 84.6 78.1 72.7 67.9 64.8 63.1 62.1 61.5 61 60.1 58.8 59.5 58.9 57.7 57 55.3 54.6 54 53.8 53.4 53.4 53.8 52.9 53.4 53.4 53.9 55.4 56 56.4 57 56.5 55.8 54.7 53.7 52.8 52.8 54.8 58.3 60.9 63.6 63.9 63.3 61.3 56.2 59.4 65.2 69.8 75.9 80.8
137.7 136.9 135.7 132.4 128.7 124.4 120.1 115.4 112.7 110.1 108.4 107.2 105.8 104.4 101.6 99.2 98.9 100 101.4 105.3 108.8 104.5 102.4 99.5 95.3 91.3 89.8 87.4 84 84.3 83.9 84 85.7 83.4 75.5 70 65.9 64.1 63.3 63 62.8 61.6 61.3 59.6 60.9 60.1 58.7 56.9 55.2 54.6 54.1 54.2 53.7 53.2 51.7 52.4 51.8 52.8 53.4 53 51.4 51.6 52.6 51.4 51 49.7 49.5 49.8 52 55.4 56.6 57.6 58.8 59.6 57.5 54.1 57.9 64.6 72.6 79.9 82.5
141.1 141 137.9 133.7 129.7 125.1 120.7 116.5 113.1 110.3 109.2 108.3 106.8 105.1 101.1 100.9 104.1 106.7 108.7 112.1 111.4 108.4 104.4 100.8 97.1 93.2 89.8 88.5 85.9 83.7 82.2 80.8 82 81.6 79 71.9 67.6 66.4 66.3 65.7 65.6 64.3 63.2 62.8 62.4 60.9 58.9 56.4 55.6 55.7 54.2 54.6 55.1 54.5 48.9 48.9 50.7 49.1 50.3 49.7 48.9 48.9 48.9 48.9 48.9 49.2 48.8 48.8 50.2 51.7 52.6 53.7 54.9 55.8 53.9 54.1 58.5 66.7 79.8 84.7 85.8
141.9 139.3 136.3 133.4 130.4 125.9 121.2 116.8 113.4 110.2 108.9 106.7 105.2 104.3 103.6 105.6 109.9 112.6 116.5 115.5 114.7 110.5 106 102.2 98.6 94.9 91.6 89.7 86.9 84.5 83.2 81 79.1 79.7 81.1 71.8 70.5 69.9 69.6 69.4 68 67.1 65.3 65.8 63.5 60.4 57.9 55.1 54 54.9 55.7 55.1 55.5 56 57.8 60.7 60.6 57.5 52.4 49 48.9 48.9 48.9 48.9 49.3 48.6 48.3 48.3 48.9 49.1 50.4 51.7 53.8 54.9 54.1 54.4 59.8 68 84.4 88.2 89
141.3 136.4 133.4 130.5 128.4 126 121.1 116.4 113.5 109.8 107.4 105.1 104.5 104.5 103.9 107.5 111.6 116.6 123.7 119.3 115.5 112.8 108.9 104.3 101.2 97.3 94.8 92.3 89.2 86.6 84.8 82.4 79.9 79.1 77.8 75.2 74.3 74.2 73.8 72.2 70.2 69.4 68.7 67.2 63.8 59.8 58.2 55.4 55.7 57 57.9 58.9 58.7 59.9 59.9 60.3 60.6 61.6 60.2 55.7 53.6 55.3 55.2 55.1 51 48.8 47.9 47.8 47.9 48.2 48 48.2 50.5 53.4 52.4 56.5 63 67.9 84.7 90.2 91.8
142.3 137.1 132.2 128.2 124.1 121.1 118.2 115.4 113.2 111.4 109.6 106.7 105.7 104 106.9 109.9 114.2 120.4 126 120.3 119 115.6 111.7 107.5 104 100.7 97.7 95.3 92.6 89.8 87 84.3 81.9 80 80.6 82.9 81.2 79.2 78 75.1 72.6 71.8 70.2 66.2 62.5 59.1 58.4 60.4 60.9 61.5 62.3 63.5 62.6 63.7 64.6 65 63.4 61.4 60.3 60.9 60.7 59.1 56.5 55.8 54 49.1 48.6 48 47.5 47.4 46.7 46.3 46.4 49.9 53.1 56.5 62.9 67.9 79.2 90.7 94.3
141.7 137.5 133.2 130 124.5 125.6 123.5 118.2 116.5 114.2 111.4 108.1 104.8 105.6 111.4 115 117.3 123.5 125.8 124.8 122.8 118.3 114 109.9 106.9 103.3 100.5 98.2 95.2 92.3 89.4 85.9 85.7 84.3 84.1 86.8 87.7 84.6 82.2 78.3 75.3 74.3 70.5 66.2 62.5 59 62.2 68.1 67.5 65.4 66.6 66.7 66.7 67.3 68.9 69.6 68.2 64.4 63.8 62.8 62 61.9 59.8 58.9 56.9 53.4 52.8 50.8 48.5 46.9 45.7 46.3 46.2 46.1 50.2 54.6 61 67.1 74 82.2 95.9
140.9 136.5 132.3 128.1 124 126 125.6 121.6 118.8 115.5 112.8 109.7 109.1 110.4 115.2 117.4 120 125.4 127.9 127.7 124.9 120.7 116.7 113.2 110 106.2 104.5 101.3 98.1 94.9 91.3 89.6 89.6 88 88.4 90.3 92.2 90.1 86.4 83 79.1 75.4 70.6 65.8 61.4 59.1 71 76.4 72.5 70.2 69.6 70.6 70.4 71.1 71.9 73.2 71.9 71.6 71 69.2 71.1 72.3 69.4 67.2 64.3 60.8 58.1 55.4 52.7 49 44.9 46.3 46 45.9 46.5 51.9 58.8 65.8 69.7 75.4 82.8
140.7 136.1 132.5 130.6 128.2 126.7 126.1 123.9 120.9 118.3 115.7 114 113 114.3 119.2 119.2 121.8 126.8 130.3 130.7 126.8 122.7 119.3 116.3 112.4 109.6 106.7 104.3 100.3 97.1 95.1 94.5 93.6 91.8 92.1 93.1 94.5 95.3 89 86.3 80.7 77 71.9 66.6 60.3 67 77.3 80.3 77.2 73.9 73.8 73.6 73.5 75.2 76.5 77.4 76.2 75.1 75.3 75.4 75.3 74.9 74 72.5 69.4 64.5 61.8 59.8 54.6 54.4 53.4 50.5 46.1 46 46.1 47.5 55 62.7 66.3 69.6 74.3
142 138.5 134.4 131.1 130.5 129.6 128.2 126.3 124.3 121.8 120.1 117.7 116.2 117.1 119.8 121 124.2 128 131.6 131.6 127.9 125.6 123.3 119.1 114.8 110.8 108.9 107.1 104.4 100.6 99.6 97.6 96.8 95.8 96.5 97.3 99.3 98.9 93.5 89.9 85.4 80.2 72.9 67.2 63.6 73.8 82.1 84.2 81.8 77.6 76.9 76.5 76.7 78.3 79.8 81.6 80.7 80.3 79.5 79.9 78.5 78.2 77.2 75.1 70.5 69.5 66.2 61.3 62.8 62.7 60.5 55.5 52.4 47.2 46.3 47.9 50.9 56.1 60.4 65.6 70
142.1 138.8 136.1 133.7 131.8 131.2 130.3 128.7 127.2 125.6 123.1 120.6 118.5 119.9 121.3 122.7 124.7 129.1 132.3 133.8 130.4 128.9 125.3 120.7 116.5 113.1 110.4 109.1 106.9 104.6 103.8 101.9 101.7 101.2 101.9 102.8 104.1 101.5 97.2 93 88.3 82.7 75.8 68 63.1 78 86.7 88.1 86 81.2 80 79.1 79.7 81.3 83 85.7 86.3 85.5 82.2 80.4 81.3 80.7 78.6 74.9 73.8 74.8 69.3 69 69 69.3 67.4 60.2 53 51.7 46.4 46.2 47.1 50.4 53.9 60.5 66
142.4 140.1 136.1 134.8 133.2 132.9 132.2 130 130.1 129.2 125.6 123.3 121.9 121.6 122.3 123.1 124.2 128.1 131.8 134.7 132.3 130.7 126 122.7 117.5 114.5 112.4 111.1 109 107.4 106.3 106.6 105.9 105.9 106.8 107.4 106.9 104.8 100.1 95.7 90.5 84.7 77.2 66.4 63.6 82.2 89.4 89.5 87.1 85.4 83.8 81.9 83 84.7 88.4 90.9 90.7 88.1 84.8 82.9 82.6 82.8 80.7 78.1 76.9 75 76.1 75.1 75.4 75.1 72.9 68.1 55.4 52.9 47.5 46.2 46.1 46.2 49 54.9 61.1
142.4 139.5 136.6 134.4 134.4 134.4 133.9 131.8 131.2 131.1 127.5 125.5 123.6 123 121.9 122.8 123.9 126.7 129.7 132.2 131.8 131 128.4 125.2 122.4 116.1 114 113 111.8 110.7 110 108.9 108.9 109.2 109.6 110.8 110.5 106.9 101.9 97.3 92.1 86.7 80 70.9 64.8 80.9 87.6 89.3 88.5 87.7 86.2 84.7 86.1 87.9 89.9 91.7 92.7 90.4 87.6 86.3 86.2 86.1 84.2 83 82.1 79.2 79.8 78.3 78.8 78.3 76.4 74.3 65.1 53.4 49.5 46.4 44.7 44 45.4 47.8 50.2
142.4 139.5 137.3 135.1 134 135.7 135.4 132.4 130.6 129.8 128.1 126.1 124.6 123 120.9 121.2 121.8 123.6 125.5 125.7 128 127.7 127.7 124.6 122.4 118.7 116 115.7 115.5 115.1 114.7 114.3 113.2 110.9 111 110.9 108.9 106.1 101.6 96.7 91.2 87.1 81.9 73.7 64.5 77.1 85.9 88.8 89.8 89.5 88.1 85.4 88.7 89.8 91.3 92.6 93.3 91.9 91.3 90.1 90 89.8 88.3 87.3 86.9 85.2 85.2 84.8 86.1 86.6 83.9 79.4 72.5 56.5 50.2 47.4 45.4 44.3 44.8 45.5 45.5
142 139.5 137.7 135.8 135.3 135.8 134.4 131.8 131 131.1 128.6 125.9 123.9 121.9 119.9 119.1 119.6 120.1 121.9 122.9 123.9 124.8 125.7 124.5 122.3 120.2 118.5 117.7 116.7 117.3 116.9 116.5 115.7 114.3 112.4 110.6 106.4 103.2 98.5 93.7 89.7 85.6 80.3 76 68 70.8 83.9 88.8 90.2 91 90.2 88.9 89.7 90.9 92.6 94.3 93.8 93.4 93.3 92.8 91.9 92.1 91.4 90.9 90.5 90.5 89 88.7 90.2 89.6 87.5 84.9 79.8 68.5 52.1 50.3 47.3 45.1 45.1 45.1 45.1
141.9 139.5 137.2 136 135.7 136 135 132 130.1 130.3 127.5 124.8 122.8 120.7 119.3 118.1 117.4 117.4 118.2 119.2 121.2 122.6 123.1 121.9 120.9 120.7 119.6 119.7 120.3 120.1 120.1 120 119.6 118.6 115.3 112.6 107.8 103.3 99.2 94.6 89.6 86.5 83.7 78.6 71.4 68.3 79.8 86.7 90.5 91.4 90.5 90.3 92.5 94.3 95 95.7 95.8 95.8 95.8 95.5 94.8 94.8 94.5 94 93.6 93 91.3 91.6 93.1 92.4 90.8 88.4 85.2 76.5 62.5 50.6 48.3 45.1 45 45.1 44.9
140.2 136.4 134.7 134.3 134.6 135.8 133.8 130.3 129 128.1 126.1 124 121.3 119.2 118.8 117.3 116.2 114.9 114 115.6 118.4 119.6 120.2 120 119.7 120.8 122.9 123.3 124.7 125.1 125.3 124.2 124.9 122.3 118.8 113.6 108.4 103.4 99.2 95.7 91.4 88.2 85.5 81.3 74.7 68.9 75.2 85.3 91.3 92.7 93.2 92.7 93.8 95.7 97.6 98.2 98.3 98.2 98.2 98.1 97.1 97.1 97 96.5 96 95.3 94.8 95.6 95.8 94.7 93.6 90.8 86.5 79.7 64.6 55.9 50.3 46.5 45.3 45.2 44.9
138.7 134.6 133.7 132.7 134 134.2 132.5 129.7 127.3 125.8 125.8 123.6 120.9 120.2 119.2 117.2 115.4 115.1 114 114 114.7 114.6 117 118.4 120.7 123.5 125.8 127.9 131 130 129.3 128.5 125.8 120.4 116.8 112.3 108.2 103.6 99 95.8 92 88.2 86.1 81.9 76.2 69 75.7 86.2 91.9 94.3 94.7 94.9 96.6 99 99.9 100.6 100.7 100.7 100.7 100.4 99.5 99.5 99.3 98.6 98 97.4 96.8 96.6 96.8 96.7 96.3 93.2 88.6 79.1 63.4 58.2 56.6 52 47.1 45.4 45.1
137 133.8 132.8 132.3 132.2 131.7 131.7 129.2 125.2 125 126 123.1 120.1 119.9 119.2 117.7 116.2 115.1 115 114.1 113 112.8 114.7 117.3 120.8 124.5 126.2 127.1 130.3 129.4 129 126.1 120.7 117.6 113.9 110.1 106.4 102.3 97.5 94.2 91.3 89.2 86.5 81.9 75.1 70 78.1 86.9 93.3 96.4 97.5 98.2 100 101 102 103.1 103.2 103.4 103.2 102.4 101.9 102 101.4 100.7 100 99.5 98.7 98 97.9 97.8 97.1 94.9 89.3 76.9 68.8 70.5 67 62 52.9 47.9 45.2
135.3 132.8 131.9 131.3 130.6 129.8 130.3 127.6 124.8 122.9 122.6 122.1 119.3 119.4 119.1 118.2 116.9 115.8 116.1 114.8 112.2 110.6 112.2 114.6 117.4 120.6 123.1 122.6 123 121.6 121.4 118.8 116.3 113.5 110.1 106.8 102.6 99 95.7 93.1 90.5 89 86 81.6 73.9 74.1 87.7 93 96 98.7 99.7 100.6 100.8 102.6 103.6 104.9 106.1 106 105.7 105.5 104.2 104.2 103.5 102.8 102.1 101.5 100.8 100.1 99.7 99.4 99.3 96.7 93.5 78.9 85.3 89.1 80.4 69.3 60.5 53.2 49.4
133.7 132.2 131.2 130.4 129.5 128 127.3 125.2 122.8 120.6 119.8 120.7 119.4 118.9 118.5 118.2 117.4 117 116.7 114.9 112.7 110.6 109.5 111.8 114.3 116.3 116.9 117 115.7 114.9 114.5 112.8 111.7 108.2 105.3 102.7 99.2 96.2 94.5 91.9 90.9 88.8 85.3 79.4 75.3 82.5 91.8 96.8 99.1 100.5 101.3 102.6 103.5 104.8 105.4 105.7 108.4 109.7 109.3 109 107.7 106.5 105.8 105.4 104.4 104.3 103.1 102.1 101.6 102.2 102.1 100.8 98.4 90.1 95.5 96.5 91.4 82.4 68.2 62.6 55.4
132.7 131.7 131.4 130.4 127.7 126.3 124.9 123.2 121.1 119.4 118.6 118.6 118.4 117.9 117.4 117 115.9 115.5 115.4 114.1 112.4 110.3 109.2 110 109.5 110.6 110.5 110.9 109.6 108.6 105.9 107.3 106.4 103.1 100.7 98.2 96.9 95.1 93.1 90.3 88.9 86.8 82.5 77.1 74.1 82.9 89.9 95.8 98.6 100.4 103.6 105.9 106.9 107.7 107.1 108.1 111.3 112.6 113.8 113.8 110.5 110 109.2 107.9 107 105.7 105.4 104.1 104.2 105.7 105.2 103.7 97.8 99.5 103.9 101.7 98.6 93.4 85.1 69.2 64.1
