data/SK48.asc
ncols 200
nrows 200
xllcorner 440000
yllcorner 380000
cellsize 50
[rows 37 to 73 of 200, columns 0 to 82 of 200]
79.7 81 82.1 84.6 88 90.9 89.8 89.4 89.5 86.9 86.5 85.3 81.9 82.9 82.6 81.1 77.9 75.9 74.3 73.6 68.8 67 64.8 62.2 59.8 57.4 55.4 53.6 51.8 49.7 47.6 45.4 43.4 42.2 41.3 41.6 40.7 38.9 36.1 34.2 32.2 29.9 29.7 29.3 29.1 28.5 27.5 26.8 24.9 24.1 25.1 25.7 25.7 26 27.4 28.6 31 33.5 35.9 40.3 43.8 43.3 42.8 41.9 40.3 38.9 38.2 38.3 38.6 39.1 44.7 50.8 57.9 66.5 74.4 79.4 86 92.8 95.8 96.2 94.9 95.1 93.6
83.8 83.3 83.2 84.4 85.9 89.2 91 91 89 85.3 84.1 82.2 80.8 79.3 77 74.9 74 73.7 74 74 69 67.2 64.9 62.3 59.6 57.2 55.2 53.4 51.6 50 47 44.6 42.3 40.1 39.8 41.5 40.7 39.2 40.4 35.7 33.1 30.1 29.9 29.5 29.4 28.8 28.1 27.4 26.2 24.1 24.3 25.7 25.7 25.8 26.9 28.5 30.8 33.1 36.7 42.5 46.1 46.4 45.7 45.3 44.4 42.4 41.5 41 39.6 39.2 42.6 48.8 56 63.3 71.9 77.4 82.2 88.3 94 97 95.8 96.4 95.2
86.2 86.3 84.3 85 85.3 88 90.1 90.9 90.2 87 84.5 80.9 79 76 74 73.4 73.3 73.3 73.3 75.1 69.3 67.5 65.2 62.5 59.8 57 55 53.3 51.8 50.2 48.6 44.2 41.9 38.3 37.4 39.6 40 39.3 39.4 36.3 33.9 31.5 30.6 30.3 29.7 29.3 28.7 27.8 26.9 25.6 25.5 25.7 25.7 25.7 26.9 28.2 29.7 32.7 38.4 43.8 47.7 49.9 49.4 48.2 47.2 44.9 44.5 42.9 41.3 40.3 40.3 45 52.8 62.5 70.1 75.6 79 82.4 86.6 91.5 92.8 95.3 96
87.3 89.7 89.2 87.3 86.4 86.8 88.2 89.3 89.8 88.2 86.5 83.6 80.3 75.7 73.7 73.3 73.2 73.2 73.2 74.6 69.6 67.7 65.5 62.7 59.9 57.3 55.3 53.7 52.2 50.7 49 44.9 42 36.8 35.9 37.3 36.9 36.7 36.3 35.9 34.5 32.1 30.3 30.8 30.3 29.8 29.2 28.6 28 27.5 26.5 25.7 25.7 25.7 27 28.4 29.6 33.3 38.2 43.8 48.9 52.1 52.1 51.7 50.5 45.6 47.3 45.1 43.7 42.3 41.4 45.1 52.9 61.9 69.4 74.3 75.7 77 77.4 80.2 83.9 87.9 93.6
88.3 90.8 90.9 90.9 88.6 87.8 87.6 87.4 87.6 87.3 85.6 82.4 79.1 75.6 73.8 73.2 73.1 73.1 73 74.7 70.5 68 65.7 63.1 60.5 58 56 54.3 52.7 51.1 49.5 47.9 40.8 40 35.6 35.1 34.2 35.1 34.1 35.5 34.6 31.5 30 30.9 30.4 29.5 29.1 29.4 28.9 28.4 27.7 26.8 26.5 26.6 27.5 28.7 30.8 34.7 38.1 43.3 47.6 52.1 55.2 55.7 49.9 51.1 50.4 48.1 47.3 46.2 44.9 47.2 53.3 60.8 67.9 72.3 73.6 70.1 72.8 75.7 78.2 81.5 86.9
88.5 90.6 91.5 92.2 91.3 89.8 89.1 88.3 87.3 86.1 84.7 80.1 77.4 74.6 72.8 73.1 73 73 73.4 74.4 72.7 68.5 66.1 63.6 61 58.6 56.7 55 53.3 51.7 50 48.4 46.6 40.1 37.8 35 34.4 34.2 34 32.6 31.8 30.6 30.3 29.7 29.4 29.1 29.1 29.4 29.3 28.8 28.4 28.2 28.2 28.1 28.6 29 31.8 36.1 38.9 42.7 45.6 52 56.5 55.6 54.9 55.1 53 51.5 50.6 49.8 48.9 49.2 54.2 59.6 65.3 69.8 71.2 66.3 69.1 72.4 76.1 78.9 82.6
87 90.7 92.4 93.5 94.9 94 90.5 89.4 88.2 86.7 85.8 82.3 80.8 73.9 71.9 73 73 73.2 73.6 74 72 69.1 66.5 64 61.6 59.8 58 55.8 54 52.4 50.7 49.1 47.4 44.1 40.5 38.8 35.9 34.3 33.2 30.9 29 29 29 29.2 29.5 29.3 29.3 29.5 29.5 29.1 28.6 28.4 28.7 29 29.6 30.4 32.6 35.3 39.1 41.7 44.1 49.4 55.4 58.3 58.9 58.2 56.5 54.9 53.9 52.4 51.3 51.7 54 57.6 62.3 66 68 65.8 68.4 69.7 73.9 77.1 80.4
83.6 89.9 92.9 94.1 94.2 95.9 94.8 91.8 89.8 87.9 84.6 83.5 81.1 75.4 71.5 70.2 73 73.4 73.8 73.9 72.5 69.5 67.1 64.6 62.7 60.9 59.1 57.1 55 53.1 51.4 49.8 48 46.1 44.7 43.1 40 36.1 33.8 31.8 29.5 29 29.1 29.2 29.4 29.5 29.5 29.5 29.5 29.3 28.9 28.6 28.9 29.1 29.4 30.8 33.1 34.2 37.9 40.9 43.9 48.3 54 59.9 62.3 61.4 60.1 58.5 56.5 54.9 53.8 53.8 54.1 56.9 59.6 62.9 66.3 67.6 68.8 68.9 73.8 76.8 78.4
79.7 87.4 92.1 94.4 94.4 94 95.1 94.5 92.2 89.3 85.5 84.4 82 78.3 71.4 70 73 73 73.2 73.3 73.6 70.1 67.7 65.7 63.9 62.1 60.3 58.4 56.2 54.1 52.1 50.5 48.6 47 47.3 46.7 44.4 41.5 38 34 31.4 29.4 29.2 29.3 29.5 29.6 29.6 29.6 29.5 29.5 29.2 28.9 29.1 29.1 29.3 31.7 33.2 34.3 36.9 39.4 42.5 46.4 51.8 60.1 64.4 64.9 63.7 61.8 59.4 57.5 55.8 54.5 54 55.9 58.8 61.1 64.7 68.4 71.6 74.5 77.2 78.7 78.9
78.7 84.4 89.7 93.9 95.1 94.3 94.3 92.8 91 89.7 87.2 85.7 83.9 79.9 74.6 70 70.1 73 73 73.1 73.3 70.7 68.6 66.8 65 63.3 61.5 59.7 57.5 55.4 53.2 51.2 50.2 49.5 49.8 49.2 45.9 43.1 41 38.4 34.6 32.2 30.2 30.2 30.2 30.2 30.1 30 30 29.9 29.9 29.2 29.2 29.4 29.5 31.3 33 34.4 35.6 38.4 42 45.8 49.4 56.2 62.3 65.9 65.8 64.4 62.2 59.3 58.3 57.2 54.6 54.1 55.8 58.9 65.9 70.3 75.7 76.6 80.1 80.6 79.1
78.2 81.8 87 92.3 95.3 95.9 94.7 92.3 89.6 88.9 87.7 86.2 83.5 80.8 78.3 70.1 70.3 73 73 73 73.5 71.6 69.8 68 66.2 64.4 62.6 60.8 58.8 56.7 54.5 53.5 52.3 49.9 49.3 50.3 46.6 44.4 42.3 40.6 39.3 34.8 32.1 31.1 31.1 31 30.9 30.8 30.7 30.7 30.7 30.7 30.7 30.5 29.4 31.4 33.3 35 35.9 38.6 41.3 44.4 47.7 52 57.7 63.7 64.8 64.7 64.6 62.3 60.6 59.6 57.6 55.6 55.1 56.3 60.1 65.5 74.2 78.2 80.9 82.3 81.4
79.3 82.4 86.9 92.2 95.1 95.2 94.8 93.2 91.3 89.3 88.9 86.8 83.3 79.6 77.2 74.3 70.2 71.3 72.5 73.3 73.6 72.7 70.9 69.2 67.4 65.6 63.8 62 60.1 57.9 56.6 55.1 52.7 50.3 48.3 47.8 46.7 45.7 43.4 42.2 40.1 36.6 33.4 32.3 31.8 31.7 31.7 31.6 31.5 31.4 31.4 31.2 30.8 30.2 29.7 31.4 33.1 35.1 36.4 39 41.5 43.9 46.8 50.1 54 57.5 61.3 63.3 64.9 64.7 63.1 61.7 59.7 58.2 58.7 60 58.8 61.3 69.3 74.3 77.3 79.4 80.7
82.4 85.3 88.4 92 94.2 96.1 96 94.4 92.7 90.9 90.5 88.9 85.4 79.7 75 70.8 69.3 70.6 73.8 73.8 73.9 73.7 72 70.2 68.5 66.7 64.9 63.2 61.4 59.7 57.7 55.4 52.9 50.1 47.2 46 45.8 45.1 42.4 40 38.6 36.4 34 32.9 32.5 32.4 32.4 32.3 32.2 31.9 31.5 31.3 31.1 30.5 30.3 31.6 33.3 33.9 35.1 37.6 40.1 42.9 46.1 48.5 50.9 52.7 56 61.7 65.1 66.6 65.6 64 61.6 59.8 59.7 61.2 63.2 66.5 68.2 70 72.8 76.5 79.5
85.2 87.2 89.3 91.9 95.3 97.4 96.6 95 93.3 91.6 91 89.4 84.8 81.2 79 74.4 69.3 76.3 76.4 74.8 74.1 74.2 73 71.3 69.5 67.8 66 64.2 62.2 59.8 57.5 55.1 52.3 49.4 47.1 44.8 42.9 41.7 39.9 38.6 37.2 35.7 34.9 33.7 33.3 33.1 33.1 33 32.6 31.9 31.5 31.3 31.1 30.9 30.2 31.7 32.5 33.1 34.2 36.4 39 42 45.3 47.3 50 52 54.2 59.3 65.4 67.2 67.6 65.9 64.1 62.2 61.9 63.9 65.9 68.5 70.8 72.9 74.7 75.5 77.4
84.2 86.6 90.1 92.5 96.1 98.3 96.3 95.1 93.5 93 92.8 91.4 88.8 85.6 83.2 80.4 75.6 75.7 80.7 80.3 77.8 76.1 74 72.3 70.6 68.7 66.8 64.5 62.1 59.5 57.2 54.5 51.6 49.3 46.8 44.3 41.8 39.4 38.6 37.7 36.2 34.9 34 34.3 34.1 33.9 33.8 33.3 32.6 31.9 31.5 31.3 31.1 31 30.4 31.2 31.8 32.3 33.7 35.6 38.3 40.9 43.8 46.3 49.2 51.4 53.9 58.2 66.4 68.4 69.3 67.2 65.9 64.9 64.1 65.3 66 68.2 70.5 72.4 75.1 76.1 77.2
84 85.7 89.7 93.7 97.1 99.5 97.9 94 94.2 94.1 94 93.1 91.3 89.4 87.2 84.3 81.2 75.2 80.7 80.3 81.3 79.5 77.3 74.5 71.4 69.1 66.8 64.5 62 59.3 56.7 54 51.4 49 46.6 44.2 41.8 40.1 38.3 37 35.7 34.5 34.1 34.6 35 34.6 34 33.1 32.3 31.9 31.4 31.2 31.1 30.9 30.4 30 31 31.7 33.1 35 37.5 40.1 42.5 45.2 48.4 51.4 53.5 59.6 68.3 70.8 70.5 68 68.6 66 64.6 63.6 64.4 64.4 65.4 66.5 68.7 72.6 74.8
85.8 86.8 90 93.7 98 100.8 100.7 97.2 95.5 94.7 94.8 93.7 92.4 91.4 89.3 87.8 85 80.4 80.4 80.9 81.2 80.8 80.1 76.1 73 69.6 66.3 64.5 62 59.7 57.2 54.3 51.7 49.1 46.7 45.4 41.7 39.5 38.8 37.6 36.9 36.3 35.5 35.4 35.7 34.1 33.5 33 32.5 32.1 31.5 31.1 31 30.7 29.7 29.7 30.8 31.4 32.9 34.4 36.7 39 41.6 44.8 47.9 51 54.4 62.1 71 71.7 72.2 70.5 70 67 64.2 61.8 59.6 60.2 59.3 59.7 61.4 65.2 68.4
88.8 90.1 91 94.7 98.9 101 101.9 100.6 99 97.1 95.2 94 92.7 92.5 91.8 90.7 88 83.9 83 82 79 79 78.3 75.9 75.2 71.6 68.2 64.7 62.7 60.4 57.7 54.6 52.1 49.5 47.2 44.2 40.4 39.2 40 39.4 39.8 38.5 36.8 36.4 35.5 34 33.7 33.2 32.8 32.3 31.7 31.1 31 30.4 29.9 29.4 29.3 30.3 31.8 33.7 35.4 37.8 40.7 43.7 46.7 50.3 55.6 60.4 66.8 71.2 73.1 73.1 71.1 68.9 65.1 62.1 60 56.3 55.4 54.6 56 57.6 62.1
92.7 92.2 92.8 96 100.7 101.9 103.2 102.8 102.1 100.3 97.3 94.9 93.9 92.1 90.9 90.8 88.7 86.7 86.8 85.5 82.3 78.9 76.4 74.9 75.3 72.3 69.6 66.6 63.8 60.6 57.9 55 52.4 50.2 48 44.6 39.9 39.1 41.5 41.5 42 40.5 38.3 37.6 35.8 34 33.7 33.3 32.9 32.5 31.9 31.2 31.2 31.1 31.1 30.7 30.3 29.2 31.2 32.4 33.9 37.2 40.3 42.7 45.5 49.8 53.9 58.1 60.6 65.3 71.5 72.2 71.2 67 63.7 60.1 58.2 55.2 51.5 50.3 50.9 52.3 57
96.1 95.5 94.6 95.4 99.8 103 104.6 106 104 102.6 101.1 98.1 96 93.2 90.9 89.4 90.1 90.9 90.6 89.1 85.9 82.2 77.7 73.9 71.3 71.3 69.3 65.4 62.5 59.4 57.4 55.5 53.3 51.1 48.8 44.6 41.6 42.6 44.3 45.2 44.6 42.5 39.5 38.3 35.8 34.2 34.3 34 33.6 33.1 32.1 31.4 31.3 31.2 31.2 31.2 31 30.3 29.2 30.4 33 36.5 39.7 42.3 44.5 47.2 49.8 52.7 54.7 55.9 59.5 64 56.1 51.2 46.8 45.6 46.7 47.1 48.4 47.5 48.2 48.3 52.7
99.6 98.7 97.7 95.9 98.1 102.1 105.9 106.2 106.2 105.8 104.6 104.9 99.3 95.6 93.4 92.3 94.8 94.6 94.7 92.8 89.3 85.4 81.2 75.7 71.5 69.4 66.4 64 59.7 57.3 55.2 53.7 53.7 52.3 50.6 47.5 46.1 47 46.4 48 48.6 46.8 44.3 40.5 37.5 36.1 36.1 35.5 34.7 33.5 32.5 31.6 31.4 31.4 31.5 31.5 31.3 31.1 30.8 30.6 32 34.3 37 40.8 42.4 44.1 44.5 46.9 48.6 49.2 49.2 48.2 44.9 41 37.7 36.2 39.7 39.1 41.6 43.7 44.2 44.8 50.7
102.4 102.3 100.7 98.3 98.7 99.4 105 107.5 108.6 108.7 108.2 107.3 106 100.6 97.3 96.4 98 99.4 99.1 97.1 93.8 88.4 84 79.7 75.2 72.2 67.8 62 57.6 55.2 54.2 53.6 53.7 53.8 52.7 51.9 50.9 51.9 50.6 49.8 50.7 49.8 47.7 45.1 40.7 41.9 37.1 36 35.6 33.8 32.6 31.7 31.5 31.7 31.8 31.8 31.6 31.3 31.1 31.3 31.6 32.9 34.1 35.8 36.9 36.9 36.8 39 41.4 42.8 42.9 41.1 37.9 34.6 35.2 40 42.4 43.7 48.3 50.8 50.2 48.1 48.9
103.3 105.6 104 101.8 100.1 99.8 102.9 107.8 110.3 110.6 110.7 110.6 109.3 108.8 102.7 99.6 99.5 102 101.6 100.3 97.2 91.8 86.7 83 78.6 73.2 68.2 62.7 59 56.6 55 53.7 53.8 53.6 53.3 55.5 55.5 55.6 53.8 52.7 53.8 53.8 51.9 47.9 45 44.7 39.8 34.6 34.3 33.7 32.5 31.9 31.5 31.7 31.9 32.1 31.8 31.5 31.3 31.6 31.9 32.2 33 33 33.4 33.2 33 33.7 34.6 36.4 37.8 35.4 33.5 35.2 39.7 47.1 54.5 62 60.3 58.6 55.4 52.3 49.4
102.8 105.8 106.1 105 103.6 102.1 102.2 105.9 110.9 111 113.1 113.5 114.1 115.5 114.2 105.3 102.3 103.1 102.5 101.4 99.2 93.9 87.9 81.6 76.1 73.5 70.9 68.5 62.9 60.3 57.1 55 53.1 53 55.2 59.5 60.6 59 57.7 55.6 55.3 56.1 54.2 49.3 48 45.7 42.6 40.4 34.5 33.3 32.5 32 31.4 31.6 31.8 31.8 32 31.7 31.6 31.9 32.2 32.3 32.3 32.3 32.2 32.1 32.1 32.1 32.2 32.5 33.6 34 33.3 34.7 43.7 54.4 70.9 73.5 68.7 64.1 60.6 56.7 52.4
100.3 104.6 107.2 106.9 106.3 104.2 102.7 103.3 108.8 111.2 114.1 116 117.2 118.1 117.3 115.3 106.4 105 103.6 101.5 96.1 90.6 85 82 82.6 81 77.7 74.6 68.5 63.6 59.6 56.1 54.1 54.9 58.8 62.8 63.7 63.2 61.7 60.3 58 56.4 55.3 50.5 49.6 46.1 43.4 41.1 36.7 34.1 33 32.2 31.4 31.5 31.5 31.6 31.7 31.8 31.9 32 32.1 32.2 32.2 32.3 32.1 32.1 32.1 32.1 32.1 32.1 32.2 32.5 33.7 33.9 44.5 59.1 74.4 76.3 73.6 69.4 65.1 61 56.5
98 103.3 106.7 108.2 109.4 106.4 104.8 103.9 105.9 110.2 113.9 115.8 116.4 116.4 116.2 116 111 109.8 101.3 97.6 94.2 91.2 88.9 89.1 88.8 86.7 83.9 78.3 73.8 68.5 63.3 59.4 57.6 58.2 61.6 67 66.9 66.3 65 62.3 59.8 57.2 54.3 50.5 47.9 44.3 41.6 39.8 37.4 35.3 33.6 32.4 31.7 31.3 31.3 31.3 31.4 31.6 31.8 31.9 32 32.1 32.1 32.1 32 32.1 32.1 32.1 32.1 32.1 32.1 32.1 32 34.1 40.6 49.1 56.9 64.5 72.9 74.3 69.3 65.4 61.8
95.5 101.5 105.9 106.7 107.8 108.3 108 108.1 104 107.5 112.3 115.4 116.1 116 115.9 113.6 109.1 106.7 101.1 99.5 97 95.5 93.7 95.5 94.6 89.3 85.3 81.5 77.5 71.9 66.6 64.4 62.6 62.7 65.3 70.4 69.9 67.8 66.2 63.8 61.3 58.7 53.8 49.8 47.3 43.6 41.2 39.2 38 36.1 34.5 33.1 32.2 31.5 31.2 31.1 31.2 31.4 31.6 31.8 31.9 32 32.1 32 32 32.1 32.1 32.1 32.1 32.1 32.1 32.1 32 32.2 36.1 41.5 48.6 55.4 60.4 74.1 73.5 68.9 66
95.5 101.9 106 106.9 107.8 109.4 109.2 112.4 111.1 108.9 110.2 113.4 115 115.1 114.7 111.9 109.5 109.1 106.2 103.8 101.1 99.7 98.2 98.1 97.3 92.3 88.1 85.1 80.7 75.2 70.4 70.3 67 66.5 69.7 70.8 71.7 70 67.9 65.5 61.6 59.5 54.9 51.4 48.4 45 43.7 39.8 38.1 36.4 35 33.8 32.9 32.1 31.6 31.3 31.2 31.4 31.6 31.9 31.8 31.9 32 31.9 32 32 32.1 32.1 32.1 32.1 32.1 32.1 32 32.2 32.3 36 39.9 46.7 53.2 58.8 67.6 70.6 68.8
98.5 102 105.5 107.1 108.1 109.3 113.8 115.2 114.9 112.1 109.1 111.3 112.9 114.3 115.6 113.9 112.1 111.7 108.3 106.6 105.5 104 102 100.4 100.4 96.4 91.9 88.4 83.3 77.6 77.2 76 73.7 71.7 72.1 71.8 71.3 71.5 70.1 67.4 63.7 59.1 56.8 54.5 52.5 49.5 45.5 40.6 38.7 37 35.6 34.5 33.6 32.7 32 31.4 31.2 31.5 31.8 32 31.8 31.8 31.9 31.9 31.9 32 32.1 32.1 32.1 32.1 32.1 32 32.1 32.2 32.3 32.4 34.9 40.1 45.6 51.4 54.9 64.6 70.6
99 101.3 105.5 107.4 108.8 110.8 115.1 115.2 115.6 114.8 112.5 112.9 112.9 115.5 115.7 115.7 114.2 112.9 110.3 108.6 107.8 107 105.4 102.9 101.2 98.1 95.3 91.2 85.3 84.6 82.1 80.2 77.9 75.8 73.8 72.7 71.8 71.3 69.2 68 66 62.6 60.3 57.5 55.1 52.4 49 43.4 42.3 40.6 38.3 37.1 35.3 33.2 32.2 31.6 31.4 31.7 32 32.1 31.9 31.8 31.8 31.8 31.9 32 32.1 32.1 32 32 32 32 32.1 32.2 32.3 32.2 33 36.6 39.5 44.9 52 55.4 62.1
100.3 100 105.7 107.4 109.3 110.8 112.8 114.9 115.2 116.2 115.3 114.7 114.2 114.8 115.4 116 116.1 114.9 112.5 111.1 110.4 109.8 108 105.3 102.5 98.9 96.2 92.9 90.2 89.5 87.1 84.3 81.7 78.6 76 73.8 71.8 69.5 66.6 65.1 64.9 62.9 60.5 58.6 56.9 55.2 51.7 48.6 47.1 45.1 42.6 40.1 36.7 34.1 32.7 32.2 31.8 31.9 32.2 32.1 31.9 31.8 31.8 31.8 31.9 32 32 32 32 32 32 32 32.1 32 32 32.1 32.2 33.4 37.2 41.7 47 49.5 56.8
103.4 100.6 104.3 106.7 109.5 110.7 113.2 114 114.8 116.2 116.8 115.9 115 114.3 115.3 117.3 118.5 117.2 115.1 113.8 112.2 111.3 109.6 107.2 104.6 101.4 97.9 95.6 95 95 92.4 88.4 85.2 82 78.7 76.2 72.3 69.1 65.3 64.4 63.7 61 60.2 60.3 57.6 55.7 54.9 52 50.3 48.3 45.2 41.4 37.3 35.2 33.1 32.7 32.3 32.1 32.4 32.2 32 31.9 31.8 31.8 31.9 32 32 32 32 32 32 32 32 32 32 32 32.5 33 34.7 39.1 42.6 47.2 54.3
106 104.7 104.4 106.1 109.9 111.6 114.6 115.7 116.2 116.6 116.9 116.6 115.8 116 117.3 118.9 120.4 119.7 117.8 115.5 113.8 112.8 111.5 108.9 106.4 103.6 100.9 98.6 97.4 96.7 95.6 90.7 88 85.6 81.8 79.2 74.8 70.4 66.9 63.6 62.1 60.3 59.1 58.8 56.4 56 56 54.6 52.2 49.8 46.1 41.7 38.4 36.1 33.8 33.2 32.8 32.5 32.4 32.3 32.3 32.2 32.2 32.1 32 32 32 32 32 32 32 32 32 32 32 32 32.9 33 33.8 38 41.6 46 53.5
109.9 108 106.2 107.4 109.7 110.9 114.5 115.9 116.1 116.4 116.7 116.9 117.8 118.1 119 119.3 120.8 120.5 120.7 118 116.3 114.7 113.4 110.9 107.9 104.9 101.9 99.4 98.1 97.5 96.1 95.1 92.4 88.7 84.8 81.3 77.6 74.1 70.4 65.8 62.9 61.1 60.9 56.2 56 55.9 55.8 54.7 52.8 50 46 41.7 39.2 36.9 34.7 33.6 33.3 33.1 32.8 32.6 32.6 32.5 32.5 32.4 32.3 32.2 32.1 32 32 32 32 32 32 32 32 32 33 33.2 33.8 37.3 41.3 44.6 51.5
114.6 112.1 110.1 108.8 109.5 110.6 112.7 114.3 115.7 116 116.2 115.7 118.6 119.7 119.2 119.3 119.7 120.4 120.8 120.1 118.8 117.2 115.4 113.3 108.7 105.7 102.5 99.6 98.7 96.8 95.5 95.8 95.6 91.2 87 83.1 80.1 76.6 72.5 68.2 63.6 61.3 59.6 54.5 56 55.6 55.9 54.8 54.5 49.5 45.3 42.5 40 37.7 35.9 34.3 33.9 34.2 33.6 33.3 33 32.8 32.8 32.7 32.5 32.4 32.3 32.3 32.2 32 32 32 32 32 32 32.4 33.1 33.3 33.7 37.6 41.3 45.9 51.7
114.6 115.1 112.2 110 109.6 110.2 111 112.6 113.2 115 115.6 114.5 115.9 121 120.1 119.3 120.1 121.3 121.8 121.4 121 119.3 117.5 113.9 109.2 105.8 103.5 100.3 98 94.6 94 95.8 95.9 92.8 89.1 85 81.5 77.4 73.2 68.9 64.7 61.1 58.9 54.5 54.8 54.8 55.7 55.7 55.5 53.5 45.5 43.2 40.9 38.6 37 35.6 35 35.1 34.5 34 33.8 33.5 33.1 32.9 32.8 32.6 32.5 32.5 32.5 32.5 32.2 32 32 32 32 33 33.1 33.2 33.9 37.8 42.3 47.8 53.5
114.5 115 113.3 112.2 111 109.7 109.6 110.3 109.9 111.5 112.6 112.6 113.6 117.9 120.9 120.6 120.2 121.4 122.9 122.7 123.5 121.7 118.6 114 110 107 104.5 100.8 98.2 94.5 92.3 91.7 90.7 90.6 89.5 85.1 81 77.4 73.8 69.6 66 62.7 60.6 55.8 54.3 54.4 55.2 55.9 56 54.1 49.8 46.2 43.1 38.8 38.2 37.5 36.4 36 35.4 34.8 34.5 34.2 33.8 33.5 33.1 32.8 32.8 32.7 32.7 32.7 32.7 32.6 32.2 32.1 32.1 33 33.1 33.2 34.1 38.2 42.4 47.4 53.7
