data/SK81.asc
ncols 200
nrows 200
xllcorner 480000
yllcorner 310000
cellsize 50
[rows 0 to 34 of 200, columns 0 to 78 of 200]
108.6 107.2 106.5 105.4 104 103.7 101.3 98.8 96.6 94.2 92.2 90.3 89.6 89.1 88.1 86.9 87 88.9 90.4 91.9 92.6 93.5 94.8 96.4 98.3 100.6 103.1 103.3 101.4 98.6 97 99.2 101.8 104.1 105.4 105.2 104.6 103.7 102.2 99.5 97.5 95.1 94.6 95.4 97.8 97 95.2 92.9 91 89.3 87.9 88.6 90.3 92.5 96.1 98.8 100.5 102.4 104.6 106.8 107.9 108.6 109.4 108.6 107.5 107 106 104.8 102.1 101.2 102.1 102.7 103 103.1 102.4 101.7 101.4 101.2 101.3
105.4 104.9 104.3 103.3 102.3 100.9 99.1 96.9 94.7 92.9 90.8 90 89.4 88.7 88.3 87.5 85.6 87.1 88.6 90.2 90.9 91.6 93 94.4 95.4 97 100.1 100.7 100.1 98.2 96.3 96.9 98.7 102.3 103.7 103.4 102.6 101.4 100 98.3 96.6 95.3 94.5 94.7 95.8 95.4 93 90.5 88.8 87.6 88.3 89.3 91.3 94.6 97.8 100.7 102.4 103.6 104.7 105.7 106.2 106.2 105.9 105.2 104.3 103.2 102.2 101.1 100.2 99.7 99.8 99.9 100.1 100 100 99.8 100.5 101.7 102.6
103.7 102.1 102 101.7 100.5 98.1 96.7 95 92.9 91.3 90.8 90 89.3 89 88.4 87.3 84.7 85.9 87.3 88.4 89.3 90.7 92.1 93.5 95.5 98 99.7 100.3 100.3 99.2 97.2 95.5 98.1 100.6 101.8 101.6 100.7 99.9 99 97.4 95.8 94.1 92.6 92.2 93.1 92.1 90.1 88 87.3 87.4 88 89.5 92.5 95.8 98.3 100.9 102 103 103.1 103 103.1 103.2 102.3 101.5 100.3 99.4 98.8 98.2 97.9 98 98.3 98.4 98.7 99 99.7 100.5 101.7 103.2 105
100.9 100 97.8 97.5 97.4 95.6 94.1 92.6 91.4 89.7 89.6 90 89.7 89.6 88.3 87.2 85.7 85 86.7 87.5 88.8 90.2 92.3 95.1 98.1 100.9 102.9 102.1 101.5 100 97.5 94.4 96.4 98.5 99 98.7 98.1 97.3 96.9 96.4 95 93.4 91.7 90.9 89 88.6 88 87.2 87 87.7 88.2 88.9 91.4 93.4 96.5 98.8 98.7 99.6 99.5 99.6 99.7 99.2 98.6 97.6 96.6 96.8 96.8 96.9 97.7 98.6 99.6 99.3 99 99.6 100.6 101.6 102.7 104.3 107.4
99 97.2 94.5 94.4 94.2 93.4 92.1 90.7 89.3 89.2 88.5 89 89.9 90.7 88.4 87.2 86.1 85 85.9 86.9 88.6 90.2 93.2 96.6 100.4 102.8 103 101.9 100.5 98.8 96.7 94.1 94.4 96.1 95.8 95.4 95.8 95.2 94.9 94.3 93.7 92.7 91.8 91.1 89.3 87.9 87.6 86.9 87.1 88.1 89 89.4 89.1 91.2 94.4 95.5 95.5 95.4 96 96.2 95.7 95.3 94.6 95.6 96.2 97.2 98.2 98.2 98.7 101 101.8 101.2 101 102.1 102.7 103.3 103.8 105.5 109.1
96.1 93.6 92 91.9 91.6 91.2 90.3 89.1 88.3 88.2 87.9 89.1 90.2 90.6 88.5 86.8 85.6 85.2 85.5 86.7 88.4 91.4 94.5 98.1 101.9 102.4 101.3 100.2 99.1 97.7 95.7 93.8 93.2 93.5 93.8 94.1 94.5 93.8 93.5 93.4 93.5 92.7 91.3 89.2 88.3 87.5 87.2 86.8 87.5 88.3 89 89.2 89.2 89.3 91.5 92 93.1 93.5 93.8 94.4 94.6 94.3 94.9 95.7 97.8 100.2 100.7 100.1 100.6 103.1 103.7 103.6 103.7 104.8 106.1 106.7 106.2 107 110.1
93.7 92.3 90.4 90 89.8 89.4 89 88 87.6 87.6 88.1 89.3 90.3 90.2 88.4 86.7 85 84.5 85.6 86.2 88 90.9 95.8 99.6 101.4 100.5 99.4 98.3 97.3 96.2 95.2 93.7 92.6 92.6 92.4 93.2 93.6 93.6 93.6 93.7 92.2 91 89.8 88.6 87.5 87.1 86.8 87.2 88.6 89.1 89.6 89.3 89.3 89.6 89.7 91.3 91.7 92.2 92.7 93.1 93.7 94 94.6 97.8 100.2 102.5 102.6 102.3 102.9 105.2 106.2 106.2 106.3 107.2 109.3 109.4 109.3 109.3 110.4
91.1 89.9 88.7 88.6 88.2 87.8 87.6 87 86.8 86.8 88.3 89.6 90.6 90 88.3 86.5 84.8 84.5 85.1 85.3 88 91 96 98.4 99.1 98.5 97.1 96.2 95.4 94.7 95 93.8 92.8 92.2 92.2 93 93.5 93.6 93.5 92 90.8 89.6 88.5 87.7 87.1 86.8 86.5 88 90.3 91.6 91.7 90.8 90.2 90.2 90.8 91.2 91.7 92.2 93.1 93.5 93.9 94.7 95.9 98.8 100.3 103 104.9 104.8 105.1 107.5 109.2 109.3 109.3 109.6 110.2 112.8 112.3 112.2 112.4
89.2 88.2 88.2 88.4 86.9 86.2 86.7 86.5 87.2 87.6 89 89.8 90.8 89.7 87.8 86.1 85.1 85.1 84.5 85 88.1 91.4 94 96.4 95.8 95.3 95.1 94.7 93.9 93.8 94.1 93.9 92.7 91.6 92 92.8 93.2 93.1 92.9 91.5 91 89.7 87.9 87.2 86.7 86.4 86.3 88.8 91.6 93.4 92.5 91.4 91 90.6 91.2 91.8 92.7 93.6 94.3 95.1 95.8 96.5 97.3 99.2 101.1 103.5 105.9 106.7 107.4 109.8 111.9 112.4 112.3 112.9 113.7 114.3 114.7 114.8 115.1
87.1 86.7 86.6 86.5 86.1 85.6 85.7 86.5 87.5 88.8 90.2 90.8 90.6 89.2 87.5 86 85.6 85.1 84.6 86.6 88.4 90.1 92.1 93.8 93 92.4 92.2 92.1 92.5 93 93.5 93.9 92.5 91.2 90.2 91.4 92.6 92.7 92.3 91.1 89.7 88.3 87.2 86.7 86.3 86.2 86.3 89.2 91.7 92.3 91.4 91.1 91 91.1 91.7 92.8 94 95.3 96.4 97.2 97.9 98.6 99.4 100.5 102.5 104.9 106.9 107.9 108.9 111.3 113.9 114.1 114.6 115.9 115.9 116.3 116.9 117.1 116.7
85.2 84.9 84.9 85 84.9 84.7 84.8 85.7 87.3 88.8 90.1 89.8 89.3 87.4 86.2 85.5 84.8 84.6 84.4 85.6 87.3 88.9 90.1 91.1 90.4 89.9 90.6 91 91.3 91.9 92.9 93.5 92.3 90.8 89.6 90.2 91.2 91.7 91.4 90.4 88.7 87.5 86.6 86.3 86.6 86.5 86.6 89.4 90 91 90.8 90.7 91.1 92.1 92.9 94.9 96.1 97.3 98.4 99.3 100 100.7 101.6 102.8 104.1 106.5 108.1 109 110.7 113.1 115.1 116.3 117.5 117.9 117.9 118.6 119.2 119.6 119.6
83.6 83.3 83.6 83.8 84.2 84.2 84.4 85.3 86.9 88.4 89.5 88.9 88.3 85.9 85.3 84.9 84.3 84 83.9 84.9 86.2 87.5 88.4 88.6 89 89.3 89.4 89.8 90.2 90.4 91.1 91.9 91.5 90.1 89.4 89.7 90.3 91 90.6 89.5 87.8 86.9 87.5 86.1 87 87.1 86.8 88.8 89.6 89.9 90.1 91 92.1 93.1 94.5 97 98.2 99.5 101.5 103.2 102.1 102.8 103.8 105 105.9 108.1 109.3 111 112.8 114.9 116.1 117.6 118.6 119.1 119 119.7 120.4 121.1 121.5
82.6 82.4 82.5 83.4 83.7 83.9 84.3 86 87.4 88.7 89 88.4 87.7 85.2 84.7 84.5 84 83.6 83.4 83.8 84.5 85.6 86.5 86.8 87.2 87.4 87.8 88 89.4 89 89.5 90.8 91.4 90.1 88.8 88.5 89.4 90.1 89.7 88.9 87.3 86.8 86.9 86.7 86.2 86.7 87.3 88.2 89.5 89.7 90.7 91.4 92.6 93.8 96.2 99.1 100.6 102.6 104.6 106.5 106.7 105.4 106 107.3 108.2 109.7 111.3 113.3 114.9 116.5 117.9 118.8 119.5 120.1 120.1 120.6 121.4 122 122.9
81.6 81.5 81.7 82.8 83.6 84.2 85.8 87.3 88.8 90.4 88.9 88.3 87.9 86.3 84.8 84.2 83.7 83.2 83.2 83.7 84.3 84.4 84.9 86.7 87.9 87.1 87.7 89 91.4 87.9 89.4 90.7 91.7 90.2 88.8 87.7 88.4 89.2 88.2 88.1 89.5 86.6 85.7 85.6 86.4 86.7 87 88.2 89.3 90.7 91.5 91.7 93 94.9 97.3 100.4 103.5 105.4 107.4 109.2 110.1 109 108.5 109.6 110.7 112.2 114.4 115.3 116.5 118 118.9 119.6 120.3 121 121.2 121.7 122.3 122.8 123.6
80.6 80.9 81.3 81.9 84.1 85.8 87.4 88.9 90 90.6 89.1 88.5 88.2 87 85.2 84.1 83.3 82.8 83.2 83.7 85.2 87.8 88.1 87.8 87.7 87.7 87.9 88.1 88.2 88.4 89.2 88.7 88.4 88 88.4 87.3 87.1 87.9 86.8 86 85.1 85.2 89.9 85.8 86.4 86.9 87.4 88.4 89.5 90.5 91.7 92.1 94.2 96 98.5 101.5 104.1 107.8 110 111.3 112.6 112.4 111.4 112.8 114.5 115.3 116 116.8 117.6 119 120 120.4 121.1 121.9 122 122.1 122.3 123 123.8
81 82.2 83.3 83.9 85.4 86.8 87.9 88.6 89.2 89.8 88.8 88.4 88.3 87.7 85.9 84.3 83.2 84.7 86.5 84.3 83.4 83.7 84 84.3 84.7 85.2 85.5 85.3 87.2 87.2 88.6 89.3 89.5 89.8 88.3 86.9 86.5 86.1 85.6 85.1 84.1 85 85.7 90.6 86.2 86.7 87.7 88.7 89.7 90.7 91.7 92.7 94.8 97.3 99.7 102.8 106.4 109.9 112 113.4 114.8 115 114.7 115.5 116.2 117 117.5 118.3 119 119.9 120.5 120.8 121.1 121.4 121.6 121.8 122.4 123.2 123.9
81 82.2 83.3 84.5 85.7 86.8 87.7 88.1 88.5 89.1 88.6 88.4 88.3 87.6 86.2 84.2 82.7 82.4 82.3 82.5 82.9 83.2 83.7 84.2 84.7 85 85.4 86.2 86.9 87.5 88.7 89.6 89.1 88.6 89 90.5 86.8 85.4 84.9 84.4 84.3 84.7 85.1 85.8 91.3 87.1 87.9 88.9 90 91 92 93.3 95.6 98.1 101.8 105.5 109.1 111.7 113.8 115.2 116.1 116.1 116.2 116.9 117.8 118.6 119.2 119.9 120.1 120 119.9 120.1 120.3 120.6 120.9 121.5 122.2 123 123.6
80.3 80.9 81.6 82.8 85.5 86.7 87.7 87.6 88 86.7 85.9 86.5 88 87.5 85.5 83.5 82.5 82.2 82.3 82.5 82.7 82.9 83.4 83.9 84.5 85.1 85.5 87.3 87.4 88.3 89 89.7 88.5 87.6 86.5 85.6 87.5 91.2 87.2 84.7 84.8 84.8 85.4 86.1 86.9 87.5 88.1 89.2 90.4 91.4 92 94.3 96.2 99.1 102.6 106.3 110.5 113.1 115.5 116.6 117.3 117.5 117.8 118.4 119.2 119.8 119.6 119.3 119 119 118.8 118.9 119.3 119.9 120.6 121.1 121.5 122.2 122.8
79.9 80.5 81.1 81.7 84.9 86.1 86.1 85.3 85.3 86.2 86.7 86.6 86.3 85.8 84.5 83 81.8 81.5 82 82.3 82.5 82.8 82.8 83.7 84.3 85.1 85.5 86.9 87.9 88.7 89.3 88.7 87.5 86.7 85.9 85 84.9 84.6 84.8 92.3 88 85.4 86.2 86.9 87.4 88.6 88.5 89.6 90.8 91.4 93 95.3 97.5 100.2 103.5 107.8 111.8 114.2 116.5 117.6 118.3 118.5 119 119.2 119 118.6 117.9 117.7 117.6 117.4 117.3 117.6 117.9 118.8 119.5 120.3 121 121.4 121.9
79.5 79.5 80.5 83.9 85.1 86.8 87.2 86.2 85.6 86.4 85.5 84.6 84.1 83.6 83.3 82.2 80.3 81.8 81.9 82.2 82.4 82.6 82.7 82.7 83.8 84.6 85.8 86.9 87.5 87.6 87.9 87.5 86.6 85.8 85.3 84.4 84.2 84 84.2 86 91.6 92.8 91 87.3 87.7 88.3 90.4 90.3 91.3 92 94.5 97 99.1 102.4 106.4 109.8 113 115.1 116.4 116.9 117.7 118.1 117.9 118 117.9 117.3 116.6 115.9 115.7 115.2 115.9 114.6 116.5 117.6 118.6 119.7 120.5 120.6 120.5
81.5 79.4 80.4 81.8 84.6 86 85.7 85.1 84.9 84 83.2 82.5 82.1 81.5 81.6 81.5 81.1 81.7 81.9 82.1 82.3 82.4 82.6 82.6 82.6 83.9 85.4 86.4 86.9 86.9 86.6 86.3 85.6 85 84.5 83.8 83.6 84.1 84.7 85.2 86 91.4 87.7 90.8 94.2 88.7 89.5 90.9 91.9 93.5 96.1 98.8 101.6 105.7 109.5 111.8 113.8 115.7 115.9 116.4 116.9 116.9 116.5 116.7 116.8 116.1 115.4 114.7 113.9 113.4 114.4 115 116.3 117 118.1 119.1 119.6 120 119.8
79.1 80 81.1 82.2 83.6 84.5 84.6 83.8 82.5 81.9 81.4 81 81 80.9 80.9 81.5 81.6 81.5 81.5 81.9 82.3 82.3 82.5 82.5 82.5 82.7 83.5 84.3 85.3 85.3 85.1 84.9 84.6 84.1 83.6 83.3 83.8 84.2 84.7 85.2 86 87 91.7 88.4 88.5 90.6 96.5 92.1 92.6 95 97.9 100.7 104.2 108 110.8 112.8 114.7 115.1 115 115.5 115.5 115.4 115.1 115.3 115 114.7 114 113.3 112.7 112.9 113.6 114.8 116.1 116.9 117.6 118.4 118.8 119.2 119.2
79.4 80.3 81.2 82.1 81.5 80.6 80.8 81.7 81 81.1 80.6 80.2 80.9 81 80.9 80.9 81.6 81.6 81.9 82.1 82.4 82.4 82.5 82.5 82.6 82.7 82.7 82.8 83.6 83.4 83.5 83.6 83.7 83.5 83 83.2 83.8 84.3 84.8 85.2 86.1 87.1 88.4 92.1 89.1 90.7 90.7 91.4 97.5 97.1 99.9 104.3 107.1 110.7 112.2 113.6 114.4 114.3 114.1 114.1 114 113.9 113.6 113.7 113 112.4 112.2 111.9 111.3 111.8 113.2 114.6 115.9 116.6 117.1 117.4 117.8 118.3 118.5
79.4 79.9 80.7 81.6 81 80.4 80.5 80.7 80.7 80.6 80.6 80.4 80.8 81.1 81 81.1 81.6 81.2 81.4 82 82.6 82.9 82.8 82.8 83 82.7 82.8 82.8 82.9 82.7 82.7 82.8 82.9 83 82.5 83.1 83.6 84.2 84.8 85.3 86.1 87.4 88.5 89.6 92.7 91.1 91.3 92.5 94.9 98.1 101 104.2 110 112.1 112.9 113.6 113.2 112.4 111.9 112.1 112.2 112.2 112.2 111.7 111 110.3 109.9 109.7 110.3 111.5 113.1 114.4 115.7 116.2 116.1 116.3 116.7 117.5 117.1
79.5 79.7 80.5 81.2 80.6 80.5 80.6 80.7 80.7 80.6 80.6 80.6 80.7 81 81.1 81.3 81.5 81 81.3 81.9 82.5 83.2 83.4 82.9 82.8 82.7 82.6 82.7 82.9 82.8 82.6 82.5 82.3 82.2 82.4 82.9 83.5 84.1 84.7 85.3 86.3 87.5 88.7 89.8 90.6 92 92.1 93.3 96.6 100.8 106.3 109.1 108.8 102.8 103.6 109 112.3 110.7 109.5 110.2 110.2 110.3 110.9 110.6 109.9 108.9 108.6 108.7 109.7 111.6 112.9 113.3 113.6 113.8 115.2 116.3 117.1 117.1 117.8
78.9 79.4 80.1 80.8 80.3 80.4 80.6 80.7 80.7 80.5 80.5 80.6 80.8 81 81 81.1 81.4 81 81.6 82.3 82.5 83.1 83.7 83.1 83.2 83.3 82.5 82.7 82.9 82.8 82.7 82.5 82.4 82.3 82.4 82.8 83.4 83.9 84.5 85.2 86.2 87.3 88.6 89.9 90.9 92.4 92.5 93.6 97.4 103.3 107.4 109.9 111 111.5 112 111.5 108.8 106.1 105.5 106.1 107.2 108.1 108.9 109.4 108.3 107.7 107.6 108.1 109 110.1 110.6 111.8 113.7 115.4 116.3 117.3 117.9 118 118.4
78.9 79.2 78.4 77.7 80.3 80.5 80.7 80.8 80.6 80.5 80.4 80.6 80.8 81 80.5 81 81.4 81.2 81.9 82.6 83.7 84.5 84.8 84.8 84.6 84.1 83.4 82.7 82.9 82.8 82.7 82.5 82.5 82.6 82.5 82.9 83.3 83.8 84.4 85.3 86.2 87.3 88.3 89.5 90.6 92 93.4 95.4 99.9 104.6 107.9 109.2 109.8 110.1 110.1 109.3 108.5 107.7 106.7 107 108 108.2 108.3 108.2 107.3 105.9 105.6 106.9 107.8 109.2 111.1 112.9 114.8 116.8 117.6 118.5 119 119.2 119.5
79 79.2 78.5 78.5 80.6 80.8 80.9 80.8 80.6 80.5 80.5 80.7 80.9 81.2 80.9 80.9 81.4 81.5 82.2 82.9 83.7 84.7 85.7 86.2 86 85.4 84.8 83.8 83.1 83 82.6 82.8 82.9 82.7 82.6 83 83.4 83.8 84.4 85.4 86.3 87.2 88.3 89.5 90.6 92.6 94.6 96.6 101 104.3 106.8 107.6 108.1 108.4 107.9 107 106.2 105.5 105.3 106 106.7 106.6 106.2 106 105 104 104.6 105.8 108 110 112 114 116 117.9 118.9 119.4 119.6 119.8 120.3
78.9 79.4 79.8 80.1 80.4 81 80.9 80.7 80.6 80.6 80.6 80.8 81.1 81.4 81.3 81.3 81.4 81.9 82.6 83.2 83.9 84.7 86.6 87 87 86.9 86.3 85.1 83.5 82.6 83 83.1 83.2 82.9 82.7 83.1 83.5 83.8 84.5 85.4 86.3 87.3 88.3 89.5 91.2 93.4 96.3 95.2 99.2 104 105.4 105.9 106 105 105.3 104.7 103.9 103.2 103.4 103.8 105.3 105 104.3 103.9 103.2 103.3 104.4 106.5 109.1 111.3 113.4 115.5 117.3 118.6 119.4 119.8 120 120.3 120.8
79.4 79.7 79.8 79.9 80.3 81 80.8 80.7 80.7 80.7 80.8 80.9 81.3 81.6 81.8 81.8 82 82 82.6 83.2 83.9 84.8 87 87.6 88 88.2 87.8 87.4 86.1 84.2 82.8 83.4 83.2 82.9 82.8 83.1 83.5 83.8 84.5 85.4 86.3 87.2 88.8 90.5 93.2 95.9 98.3 101 95.3 103.1 103.6 103.8 102.8 101.5 101.3 102.3 101.6 101.4 101.6 101.6 103.7 103.3 102.6 101.9 101.9 103.2 104.7 107.4 110.2 112.5 114.6 117.1 118.1 118.9 119.7 120.2 120.6 121 121.3
79.3 79.2 79.3 79.4 79.8 80.5 80.7 80.8 80.9 80.9 81 80.9 81.5 81.7 81.8 81.9 82.1 82.2 82.7 83.2 83.7 85 86.5 87.9 88.5 88.6 88.5 88.4 87.8 85.7 83.6 82.7 82.3 82.4 82.9 83.3 83.6 83.9 84.2 85.1 86 86.9 89.2 91.8 95.2 97.4 98.9 100.1 94.3 101.2 101.8 100.8 99.8 98.6 98.4 99.1 98.8 99.2 99.9 100.9 101.9 101.5 100.7 100.6 101.9 103.5 105.5 108.3 111 113.6 115.6 117.1 118.7 119.4 120.1 120.6 121.1 121.7 121.5
79.4 79 78.8 78.9 79.4 80.2 80.5 80.8 81.2 81.2 81.5 81.6 81.4 81 81.5 82.2 82.2 82.4 82.9 83.3 83.8 84.9 86.7 88.5 89 89 89 88.9 88.7 87.3 84.9 82.9 82.6 83.1 83.4 83.4 83.7 84 84.2 84.8 85.7 87 88.6 90.5 93.5 95.2 96.2 97.5 98.7 98.5 98.5 97.7 96.7 95.7 95.6 96.3 97.7 97.9 97.5 99 100.1 99.7 99.6 100.5 102.2 103.8 106 109.1 112.3 114 115.6 117.4 119.1 119.7 120.3 120.8 121 121.1 120.7
79.4 79.1 78.7 78.4 79 80.3 80.4 80.5 80.9 81.5 81.7 81.7 81.5 81.3 81.7 82.2 82.5 82.6 82.9 83.3 84.1 84.9 86.2 88.5 88.7 89.5 89.5 89.3 88.9 87.8 85.4 83.3 83.6 83.7 83.7 83.6 83.9 84.1 84.3 84.6 85.4 86.4 87.9 89.4 90.6 92.1 93.3 94.1 95 95.6 95.2 94.6 93.6 93.1 94 95.3 96.6 97 95.3 96.3 98.1 98.2 99.4 101.2 102.8 104.6 106.6 109.9 112.8 114.5 116.1 117.7 119.4 119.9 120.2 120.7 120.7 120.3 119.7
79.5 79.1 78.8 78.6 79.5 80.2 80.6 80.9 81.3 81.6 81.9 81.9 81.4 81.6 82 82.3 82.7 82.9 83.3 83.7 85 86.7 87.7 88.7 89.8 90.1 89.9 89.7 89.3 88.1 86 83.7 83.7 83.7 83.7 83.7 83.9 84.1 84.3 84.6 85.1 85.8 86.9 88.2 88.9 89.6 90.8 91.3 92 94.8 92.5 91.4 91.9 92.7 93.4 94.4 95.6 96.1 95.8 96.8 97.9 99.6 101.1 102.7 104.2 105.8 107.4 110.2 113.2 115 116.6 118 119.4 119.9 120.1 120.4 119.7 118 116.2
79.5 79.2 79.2 79.2 80.7 80.7 80.9 81 81.3 81.6 81.8 81.8 81.6 81.8 82.2 82.4 82.4 82.8 83.3 84.1 86 87.5 89.1 90.1 90.6 90.4 90.2 90 89.7 88.7 86.3 83.8 83.7 83.7 83.7 83.4 83.7 84 84.3 84.5 84.9 85.1 85.8 86.9 87.3 88.5 90 90.4 90.7 93 91.1 91.5 92.1 92.7 93.8 95.1 96.2 97.2 97.9 98.6 99.6 101.1 102.5 104.1 105.6 107.2 109.3 111.1 113.5 115.7 117.1 117.9 118.7 118.6 118.7 118.4 115.7 112.6 110.4
