data/SM90.asc
ncols 200
nrows 200
xllcorner 190000
yllcorner 200000
cellsize 50
[rows 152 to 189 of 200, columns 86 to 171 of 200]
-2.1 -2.1 -2.1 -2.1 -2.1 -2.1 -2.1 -2.1 -2.1 -2.1 -2.1 -2.1 -2.1 -2.1 -2.1 -2.1 -2.1 -2.1 -0.8 -0.6 -0.1 0.1 0.6 1 0.3 -1.1 4.6 11.9 13.8 18.2 22 22.6 24 25.4 26.1 27.9 30.6 33.4 34.7 36.2 37 37.4 35.8 33.2 21.3 11.7 24.9 31.4 32.8 32.6 31.5 30.5 27.6 23.2 21.2 27.2 27.4 25.8 23.2 22.2 19.6 22.7 24.3 24.4 20.2 18 27.9 28.6 30.4 32.2 33.6 34.4 34.6 35.6 40.8 41.5 43.3 44.1 45.7 46.4 47.1 48.4 50.2 52.6 55 56.5
-2.1 -2.1 -2.1 -2.1 -2.1 -2.1 -2.1 -2.1 -2.1 -2.1 -2.1 -2.1 -2.1 -2.1 -2.1 -2.1 -2.1 -2.1 -2.1 -2.1 -2.1 -1.2 -0.7 -0.3 -1.7 -0.1 1.7 2.3 8.8 11.7 15.1 17.4 19.5 20.6 21.1 22.8 26.2 24.2 26.9 29.6 30.4 30.4 30.1 26.7 12.7 11.3 25.1 28.7 29.1 28.5 27.2 25.6 24.5 21.4 14.7 20 22.6 21.1 17.9 15.7 14.9 18 18.3 17.2 12.8 13.4 20.3 23.3 25.2 26.3 28.5 29.7 30.7 32.9 36 37.7 39.8 41.7 43 44.3 45.1 41.2 47 50.4 51.5 53.1
-2.1 -2.1 -2.1 -2.1 -2.1 -2.1 -2.1 -2.1 -2.1 -2.1 -2.1 -2.1 -2.1 -2.1 -2.1 -2.1 -2.1 -2.1 -2.1 -2.1 -2.1 -2.1 -2.1 -2.1 -2.1 -0.2 0.5 1.1 1.8 2.4 9.9 12.9 15 15.9 16.2 17.8 17.9 20 21.3 23.9 24.2 24.8 23.3 20.2 -2.1 11.8 22.3 24.7 24.1 24.1 23.1 22.1 21.6 18.7 11.5 14.9 17.1 16.7 13.6 10.7 10.9 13.7 11.6 7.3 6.4 12.7 17.9 20 20.7 22.3 23.5 25.3 26.3 27.7 30.3 33.5 36.7 38.8 40.6 41.2 41.4 34.5 46.1 46.6 46.7 46.1
-2.1 -2.1 -2.1 -2.1 -2.1 -2.1 -2.1 -2.1 -2.1 -2.1 -2.1 -1.9 -1.8 -1.7 -1.7 -1.7 -1.7 -1.8 -1.8 -2.1 -2.1 -2.1 -2.1 -2.1 -2.1 -2.1 -0.8 -0.1 0.5 1.2 2.1 8.3 10.5 11.1 11.4 12.2 14.4 16.3 17.2 18 19 19.7 17.4 13.8 -2.1 -2.1 14.7 18.8 19.1 19 18.1 17.1 15.8 13.6 8.1 7.1 11.5 11.7 10.7 8.8 6.7 7.4 6.4 4.7 3 5.9 9 18 19.3 20.3 20 20.1 20.2 22.3 25.1 26.4 32.1 34 35 35.9 36.2 36.5 39.9 40.6 42.3 45.9
-1.3 -1.9 -2.1 -2.1 -2.1 -2.1 -2.1 -2.1 -2.1 -2 -1.8 -1.6 -1.4 -1.4 -1.3 -1.3 -1.3 -1.4 -1.4 -1.6 -1.9 -2.1 -2.1 -2.1 -2.1 -2.1 -2.1 -2.1 -0.6 0.1 1 2 2.3 3.1 6.6 8.3 9.7 10 12.4 12.4 13.7 13.2 12.6 9.9 2.5 -2.1 10.1 13.5 14.3 14.4 13.2 12.2 11.5 10.7 6 2.4 7.3 8.5 8.3 7.1 5.1 4.7 4.6 3.2 2.3 2.4 3.2 8.6 16.1 19.1 17.7 16 14.6 16.6 21.2 25.1 28.1 29.1 29.7 30.3 29.7 29.8 31.7 32.8 37.4 41.2
-0.9 -1.9 -2.1 -2.1 -2.1 -2.1 -2.1 -2.1 -2 -1.7 -1.5 -1.3 -1 -1 -0.9 -0.9 -0.9 -1 -1 -1.2 -1.5 -1.8 -2.1 -2.1 -2.1 -2.1 -2.1 -2.1 -2.1 -1 -0.1 0.7 1.1 1.5 1.7 2.1 3.1 4.9 7.7 8.4 9.5 9.6 9.7 9.5 3.9 -2.1 2.4 10 10.2 10.8 10.1 9.1 8.4 7.7 4.5 2.1 2.6 4.2 4.4 3 2.4 1.7 -2.1 -2.1 -2.1 2.4 2.6 3.4 5.6 8.7 9.8 10 10.1 15.7 20.9 25.1 25.9 26.2 25.5 25.2 26.1 27.2 27 26 30.2 34.7
-1 -2 -2.1 -2.1 -2.1 -2.1 -2.1 -1.9 -1.7 -1.4 -1.2 -1 -0.8 -0.6 -0.6 -0.5 -0.5 -0.6 -0.6 -0.9 -1.1 -1.4 -1.7 -2.1 -2.1 -2.1 -2.1 -2.1 -2.1 -2.1 -1.1 -0.3 0.1 0.6 0.8 1.3 1.8 2.2 2.2 2.3 4 4.8 5.5 5.6 2.2 -2.1 2.4 4.5 6.3 7.1 6.3 6.8 6 3.9 -2.1 -2.1 -2.1 -2.1 0.7 1 0.5 -2.1 -2.1 -0.1 -2.1 -2.1 0 1.6 1.7 2.6 2.6 4.4 5.3 14.6 20.5 22.4 24 23.9 23.2 21.6 23.3 23.8 24.2 24.1 26.2 28.9
-1 -2 -2.1 -2.1 -2.1 -2.1 -2 -1.6 -1.4 -1.1 -0.9 -0.7 -0.5 -0.2 -0.2 -0.2 -0.1 -0.2 -0.3 -0.5 -0.8 -1.1 -1.4 -1.5 -1.6 -1.8 -2.1 -2 -2.1 -2.1 -2.1 -2.1 -0.9 -0.3 0 0.5 1 1.3 1.3 1.5 1.4 1.7 2.4 1.2 -2.1 -2.1 -2.1 1.4 2 2.3 3.4 4.1 3.6 -2.1 -2.1 -0.9 -0.8 -2.1 -2.1 -0.6 -1.1 -2.1 0.5 2.7 6.3 2.6 -2.1 -2.1 -2.1 -2.1 -2.1 -2.1 2.4 14.2 16.9 18.8 20.7 20.8 20.3 18.9 21 20.2 20.5 22.3 23.7 21.3
-1.1 -2.1 -2.1 -2.1 -2.1 -2.1 -1.8 -1.5 -1.1 -0.9 -0.6 -0.4 -0.2 0.1 0.2 0.2 0.2 0.2 0.1 -0.1 -0.4 -0.7 -0.9 -1 -1.1 -1.3 -1.3 -1.4 -1.6 -2.1 -2.1 -2.1 -2.1 -1.2 -0.8 -0.3 0.1 0.3 0.4 0.6 0.2 0 -0.4 -2.1 -2.1 -2.1 -2.1 -1 0.6 1 1.3 1.4 0.6 -2.1 -2.1 0.5 1.2 0.4 -2.1 -2.1 -2.1 -2.1 3.8 7.6 7.7 6.8 5.3 10.7 8 3.1 1.7 -2.1 2.2 9.2 12 14.6 17.1 17.5 16.9 17.4 16.6 17.8 17.7 20.2 22 22.2
-1.2 -2.1 -2.1 -2.1 -2.1 -2.1 -1.7 -1.3 -1 -0.6 -0.3 -0.1 0.1 0.4 0.6 0.6 0.6 0.6 0.5 0.3 0 -0.3 -0.3 -0.5 -0.6 -0.8 -0.8 -0.9 -1 -1.3 -2.1 -2.1 -2.1 -2.1 -2.1 -1.2 -0.9 -0.6 -0.5 -0.4 -0.9 -2.1 -2.1 -2.1 -2.1 -2.1 -2.1 -2.1 -0.8 -0.3 -0.1 -0.6 -2.1 -2.1 -0.4 1.3 2.4 2.7 5.8 8.7 2.4 6.6 12.5 9.8 7.6 8.3 7.1 9.8 16.4 6.9 3.1 -2.1 -2.1 -2.1 2.9 9 14.4 14.5 12.8 15.4 14.5 15 16.4 18 20.5 21.1
-1.2 -2.1 -2.1 -2.1 -2.1 -2.1 -1.6 -1.2 -0.8 -0.5 -0.1 0.2 0.4 0.7 0.9 1 1 0.9 0.9 0.6 0.4 0.3 0.2 0.1 -0.2 -0.3 -0.3 -0.3 -0.4 -0.7 -1.1 -1.6 -2.1 -2.1 -2.1 -2.1 -2.1 -1.5 -1.4 -1.4 -2.1 -2.1 -2.1 -1.1 -1.3 -1.5 -1.7 -2.1 -2.1 -2.1 -2.1 -2.1 -2.1 -1.5 0 1.4 2.4 2.8 3.4 5 10 7.7 9.1 7.5 19.7 20.8 20.2 19 18.4 12.8 8.3 6.3 -2.1 -2.1 -2.1 -2.1 13 15.1 10.6 13.4 13.2 14 15.3 17.2 17.6 18.4
-2.1 -2.1 -2.1 -2.1 -2.1 -1.6 -1.3 -1.1 -0.7 -0.3 0.1 0.4 0.7 0.9 1.2 1.4 1.4 1.3 1.3 1 0.9 0.9 0.7 0.5 0.3 0.2 0.2 0.3 0.2 -0.2 -0.5 -0.9 -1.2 -2.1 -2.1 -2.1 -2.1 -2.1 -2.1 -2.1 -2.1 -1.4 -0.6 -0.2 -0.3 -0.5 -0.7 -1.3 -2.1 -2.1 -2.1 -2.1 -2.1 -1.3 0.1 1.7 2.4 2.4 4.6 9.6 12.6 12 11.8 18.1 19.6 20.3 20.3 19.5 18.8 19.5 19.9 19.4 10.6 5.6 4.3 -2.1 2.7 5.8 6.4 9.6 11.2 14.5 15.9 16.4 17.1 18.4
-2.1 -2.1 -2.1 -2.1 -2.1 -1.3 -0.8 -0.6 -0.4 -0.2 0.2 0.6 0.9 1.2 1.5 1.7 1.8 1.7 1.7 1.4 1.5 1.4 1.2 0.9 0.7 0.7 0.7 0.9 0.7 0.5 0.2 -0.2 -0.5 -0.9 -0.9 -2.1 -2.1 -2.1 -2.1 -2.1 -1 -0.2 0.4 0.6 0.7 0.5 0.2 -0.3 0.6 0.5 0.1 -0.8 -2.1 -0.3 1.3 2.4 2.4 2.4 6 10.6 13.4 16.1 17.3 17.7 19.2 20 20.4 20.2 19.1 18.9 18.9 18.7 18.4 19.5 18.3 2.3 2.3 2.3 6.2 11.8 15.7 14.2 15.1 15.4 16.7 17.4
-2.1 -2.1 -2.1 -2.1 -1.9 -1 -0.4 -0.1 0.1 0.2 0.5 0.8 1.1 1.5 1.8 2 2.2 2.1 2.1 2 2 1.8 1.6 1.4 1.2 1.2 1.3 1.4 1.3 1.2 0.9 0.6 0.3 0.1 0.2 0.3 0.3 0.1 0 -0.2 0.4 1.2 1.6 1.6 1.7 1.4 1.1 1.2 2 2.7 1.6 0.1 -2.1 0.8 2.4 2.4 3.4 3.7 6 9 12.2 14.8 16.2 17.1 18 19.3 19.9 19.5 18.4 17.9 17.8 17.7 17.9 18.2 8.9 2.3 2.3 2.3 2.3 10.3 12.7 12.6 13.5 14 15 15.2
-2.1 -2.1 -2.1 -2.1 -1.8 -0.9 0 0.5 0.6 0.7 0.9 1.1 1.4 1.7 2 2.3 3.1 3 3.1 3.8 2.6 2.3 2.1 1.8 1.8 1.8 1.8 1.9 1.9 1.9 1.6 1.4 1 1.1 1.2 1.6 2.3 2.4 2 1.4 1.8 3.6 4.5 3.4 4.1 3 2.1 2.4 3 4.2 2.4 1.4 -2.1 -2.1 2.4 2.4 6 7.2 8.4 9.8 12.7 14.7 16.1 17.2 17.8 19.1 18.7 18.2 17.5 16.6 16.5 16.2 15.2 16.5 2.3 2.3 15.3 6.6 2.3 2.3 4.9 4.4 7.2 9.6 11.2 12.6
-1.3 -1.5 -1.6 -2.1 -1.3 -0.7 0.1 0.9 1.2 1.3 1.4 1.6 1.7 2 2.3 5 5.6 5.8 5.9 5.2 3.8 2.4 2.4 2.3 2.3 2.3 2.3 2.5 3.2 3.2 2.4 2.1 2.1 2.2 2.3 5 5.5 5.2 3.9 5.2 4.9 6.6 7.1 6.6 6.1 6.2 5.7 6.1 5 3.5 2.4 1.3 -2.1 -2.1 2.4 3.9 2.4 6 10.3 11.7 13.2 14.6 16 17.2 17.8 18.8 17.8 17.2 16.4 16.4 14.3 12.2 7.9 4.1 2.3 2.3 18.7 20.5 18.4 2.3 2.3 2.5 2.5 2.5 3.3 9.5
0 -0.1 -0.5 -2.1 -1 0.4 0.7 1 1.8 1.8 1.9 2.1 2.2 2.4 4.7 6.2 6.9 7.2 7.3 6.7 4.7 2.9 2.6 3.9 2.4 2.4 6.8 10.2 13.1 8.2 9.3 7.2 2.4 2.4 6.4 7.3 7.9 8.3 6.6 8 9.2 10.3 10.7 9.9 8.8 9.2 9.4 8.6 6.6 3.3 2.1 0.2 -2.1 -2.1 3 2.4 4.6 4.3 9.7 10.1 12.3 14.6 15.9 17.1 17.8 18 18.3 18.2 17.9 17.6 14.4 12.5 14.4 15.3 3.1 2.3 12.2 19.8 20.5 12.9 7.8 10.6 4.1 2.5 2.5 2.5
1.4 1.2 -0.6 -2.1 -1 1 2 2.1 2.3 2.5 2.8 3.5 6.8 6.1 5.7 6.6 7.7 8.7 8.8 8.5 6 4 6.6 7.1 5.7 6.3 9.3 12.1 13.9 11 11 7.7 5.4 6.5 8.5 9 9.9 9.9 10.3 11.5 12.6 12.6 13.2 12.6 11.6 11.7 11.9 11.1 8.7 5.6 1.9 0 -2.1 0.4 3.2 6.2 5.1 6.4 7.5 9.1 11.2 12.8 15.4 16.7 17.9 19.4 20.5 21.2 21.1 21.1 17.7 16.8 18.3 19.2 14.8 2.3 5.1 11.1 15.3 14.2 12.7 13.5 15.4 12.2 5.3 2.5
7.1 2.1 -2.1 -2.1 0.7 2 5.9 6.7 6.9 7.1 6.5 7.8 8.7 8.9 8.6 8.8 10.7 11.8 11.8 10.9 8.8 6.3 9.5 10.6 10.1 8.5 11.6 14 15.5 13.3 10.5 8.8 7.4 8.4 10.5 11.9 12.2 13.5 13.5 14.3 15.2 15.4 15.8 15.5 14.7 14.8 14.3 11.8 9.6 9.1 4.1 0 -2.1 -0.1 2.2 6 7.2 7.3 8.4 9.1 10.4 11.1 13.4 15.3 16.8 18.7 20.5 22.1 22.5 22.8 22.4 20.7 20.3 20.1 19.4 5.2 3.2 3.7 14.1 14.9 13.5 15.5 15.4 15.5 12.7 11.8
15.9 11.2 -2.1 -0.7 2.4 8.2 10.7 11 10.2 9.5 8.2 8.8 10.7 11.5 10.5 10.3 12.8 14 14.5 13.9 11.7 9.2 12.3 14.8 15 11.9 13.7 17.8 18.7 18.1 15.7 15.8 13.4 11 13.4 15.1 17.3 19.1 18.9 18.2 19.1 19.9 20.7 20.5 19.4 18.5 17.3 14.4 12.1 11.2 8 -2.1 -2.1 -0.5 1.4 4.2 7.3 8.1 9.7 10.5 11.2 12.3 13.6 15.4 16.2 17.8 19.7 21.9 22.6 22.4 22.1 21.5 20.5 20.6 17.9 11.4 3.5 2.7 2.3 5.6 10.9 12.9 15.3 14.6 15.1 15.5
19.5 14.9 -2.1 -2.1 6.7 11.3 14.9 16.8 17.4 16.3 14.9 11.7 12.6 13.1 12.2 11.6 13.4 15.5 16.2 17.4 15.1 12.8 14.6 18.6 18.8 17 15.7 21.2 23.7 24.4 23.2 21.6 21.2 16.5 18.4 22.2 23.6 24.7 24.4 23.8 26.4 26.3 25 24.6 23.8 21.8 20.9 18.8 15.8 12.6 7.1 2.8 -2.1 -2.1 0.7 3.4 5.3 9.4 11 11.8 12.7 14 15.4 16.7 17.4 18.7 19.8 20.9 21.4 21.4 20.9 20.5 19.2 17.6 17.9 13 6.7 3.3 3 3 2.7 2.6 6 4 8.2 11.5
22 18.8 -2.1 -2.1 10.4 15.1 18.1 19.7 20.7 20.9 20.1 18.2 15.5 14.4 14.1 13.8 14.5 17.3 19.2 20.4 20.6 18.9 16.5 19.6 20.8 19.8 18.2 21.5 28.3 28.8 28.3 27.5 26.3 23.4 21.2 27.4 29.7 31 32 31.8 33.6 33.7 31.8 29.6 26.8 24.7 22.7 20.1 17.6 15.1 9.9 2.4 -0.3 -2.1 0 3.2 6.3 10.8 12.4 13.5 14.6 15.9 17.2 18.3 18.6 20.1 20.8 21.3 22 21.9 22.2 21.8 20.2 18.9 15.8 11.5 9.7 3.8 3.5 4.1 3.4 3.4 2.9 2.9 3.3 3.9
22.7 13.3 -2.1 10.3 17.6 19.9 20.9 21.9 22.9 23.8 23.4 21.5 18.9 19.5 17.5 16.5 19.1 22.6 24.6 27 27.7 26.8 20.6 26 27.9 29.9 30.3 21.9 33.3 35.8 34.6 32.1 30.5 29.1 27.6 31 34.7 37.9 38.8 36.1 39.5 39 36.5 31.6 29.1 27.8 25.1 23.7 20.7 17.9 13.6 10.7 -2.1 -2.1 0.6 3.9 9 13 14.1 15.4 16.3 18.3 19.2 19.9 19.7 21.4 22.1 23.6 24 23.7 23.7 22.3 20.7 19.1 15.6 12.5 10.5 3.6 6.3 7.7 9.5 8.1 5.4 4.4 3.8 3.3
24.6 19.5 -2.1 12.1 19.1 22.6 24.4 24.6 25 25.4 24.6 22.2 18.9 22.1 18.6 18.1 24.9 29.8 31.6 33.8 36.3 34.4 28.8 33.2 35 37.3 37.8 27.5 35.5 42.2 42.7 39.9 37.5 34.8 35.8 37.4 40.2 44.7 45.1 44.7 49.7 47.6 47.1 43.3 36.9 33.9 30.3 26.9 23.3 20.4 18.2 13.7 -2.1 -2.1 2.4 7.9 13.7 16.4 17.3 17.7 19.6 22 21.8 22.9 23.5 23.3 24.1 25.8 25.8 25.6 24.8 23.5 21.8 20 16.9 13.2 10.2 5.6 7.5 12.3 12.8 11.6 9.7 9.8 11.5 11.5
26.7 21.4 -2.1 14.8 20.4 24.7 27 27 27.1 26.2 25.3 23.1 22.2 22.6 21.5 23.3 28.9 34.2 37.2 39.3 39.4 38 37.2 33.1 40.9 42.9 43.9 39.2 34.7 43.6 48.4 48 46.4 44.8 45.4 46.8 49.6 51.7 52.3 51.5 52.1 53.9 53.8 52.4 50.4 49.9 45.3 40.4 28.7 23.9 20.9 13.9 4 -2.1 3.3 10.7 16.5 19.6 21.9 22 25.7 27.4 28.2 28.1 27 26.8 25.8 26.6 27.1 26.9 25.9 24.6 22.9 21 19 12.1 10.2 6.9 7.6 11.4 13.5 13.5 12.3 11.7 12.8 13.8
27.4 19.3 5.2 15.6 21.3 26.1 28.5 28.9 29 28.3 27.4 26.4 25.3 26.5 26.6 25.4 32.1 36.7 40.1 42.7 43.5 43 42 38.7 45.9 47.3 48.7 47.7 36.4 47.3 52.3 53.4 52.8 51.9 53 54.9 56.4 57.6 57.7 57 57 58.4 58.9 57.9 56.2 56.4 54.6 51.8 46.7 40.3 31.4 18.6 11.3 -2.1 1.8 12.1 17.4 22.4 25.7 27.4 29 31.3 31.5 31.5 30.9 30.2 29.4 29.2 29.1 28.1 26.8 25.4 23 21.3 18.2 13.2 12.5 10.4 10.3 10.4 14.4 14.5 14.3 14.4 14.2 13.4
27.5 22.5 6.7 17 22.7 26.4 29 30.4 30.9 30.5 30.5 31 30.3 29.7 30.8 31.4 35.1 39.3 42.3 44.9 46.1 46.7 45.8 44.7 49.7 51 52.4 52.4 46.1 49.1 54.3 56.3 57.1 57.3 58.4 60 61.8 62.5 62.1 61.5 61.4 62.2 62.1 62.1 61.6 61.2 59.9 56.6 53.1 48.3 41.3 30.9 17.2 10.8 5.6 9.3 16.2 26.1 30 32.4 32.3 34.8 34.8 34.7 34.2 33.4 32.6 33.7 32.7 30.5 27.8 25.5 23.4 19.7 15.6 14.2 12.9 10.9 13.1 14.4 15.7 16.2 15.8 15 15.1 14
19.7 14.5 7.5 10.4 19.2 23.7 27.9 30.6 31.8 32.9 33.7 34.3 34.3 34 34.6 36.1 36.2 42 43.9 46.5 48.2 49.7 50.3 48.6 51.4 54.2 55.7 56.3 55.2 51.5 54.2 58.2 59.5 60.4 62.1 63.7 64.9 65.6 65.7 64.1 64.6 65.7 65.5 64.6 64.7 64.5 62.9 60.5 57 52 45.2 36.9 33.1 29.9 22.8 9.6 13.6 29.7 38.3 39 36.9 37.7 37.8 38.3 37.6 36.7 36.4 36.6 36.6 34.7 31.4 29.6 26.6 21.9 18.3 16.1 14.1 13.4 15.8 17.2 17 17.9 17.3 16.9 16 14.5
27.5 23 12.7 11.7 13.5 14.9 24.2 29.2 32.3 34.8 36 36.6 37.1 37 37.4 39.3 38.6 43 45.4 47.4 49.9 51.9 53 53 50.3 55 57.2 58.3 58.8 58.4 55.9 55.9 60.2 61.8 63.9 65.6 66.7 67.6 67.7 65.7 67.6 67.5 67.3 66.9 66.6 65.9 64.5 62.3 59.4 55.5 51.8 46.4 44.9 43 32.3 10.4 13 31.9 40.7 43.8 45 44.6 44.1 42.5 41.6 40.8 40.6 40.8 39.8 36.3 33.9 31.3 28 24 23.4 21 16.3 16.7 18.1 19.1 19.7 20.1 19.7 18.8 17.5 14.8
28.5 23.2 12.5 16.4 22.3 21.3 16.2 25 29.7 33.1 35.2 36.5 37.4 38 39.2 41.2 42.5 42.3 44 46.9 50 52.5 54.1 54.8 53.5 53.6 57.2 58.7 59.8 60.5 59.8 56.6 58.5 62.3 64.1 65.7 67.5 68.3 68.8 68.9 68.9 68.8 68.6 67.9 67 66.2 65.4 63.6 61.5 59.2 56 53.7 52 48.6 39.8 15.6 12 30.8 43.3 47.3 49.7 51 51.4 51.3 50.3 49.5 47.3 45 42.8 39.9 36.3 33.2 30.3 26.8 28 24.6 19.6 19.4 20.3 22.1 22.5 22.7 22.1 20.8 20.2 18.1
31.8 27.2 12.8 17.6 24.5 26.2 24.6 20.1 23.7 29.5 33.1 33.7 35 38.2 40.2 42.4 44.5 45.7 47.2 47.4 49.4 52.2 54.2 55.1 54.4 55 55.9 59.1 60.5 61.5 61.5 59.5 59.6 61.1 63.1 65.4 67.2 67.7 68.5 69.1 69.1 68.8 68.5 68.3 67.4 66.7 66.1 64.5 63.2 60.9 59.2 58 56.2 52.6 44.1 19.6 15.2 34 43.1 47.6 51.2 53 55.2 56.6 56.6 55.9 53.7 50.6 46.9 42.1 37.9 35.9 33.9 32.3 31.4 27.2 23.6 24 24.3 27 27.4 26.4 25.5 25.7 22.7 21.6
34.6 27.8 12.7 17.9 25.5 28.3 29.7 28.2 23.5 22 23.7 25.9 29.5 37.2 41.9 44.7 46.9 48.4 49.9 51.3 51.6 53.2 54.5 55.7 56.8 57.9 58 58.9 60.7 61.9 62 61 60.1 61.3 62.9 64.9 66.2 67.1 67.6 67.7 68 67.6 66.8 67.1 65.9 66.2 66.2 65.3 64.1 62.6 60.6 58.9 57.2 55.3 47.1 24 14.3 29.4 40.8 47.8 51.5 53.9 56.1 58.1 59.8 59.1 57.9 55.4 51.5 47.3 42.9 40.9 36.1 35.7 33.6 30.8 29.4 29 29.8 32.6 32.4 31.2 30.5 29.3 26.8 25.8
34.3 27.1 13.3 20.8 27.3 33 34.3 33.7 30.1 28.2 28 31.9 33.9 32.9 37.5 44.3 46.8 50 52.3 53.9 54.4 55.3 56.5 58.1 59.3 60.5 60.8 61.8 63.7 63.5 63.2 62.7 61.8 61.4 63.7 65.9 66.6 66.5 65.8 65.3 65.7 65.1 64.3 63.4 63.4 63.8 64.4 64.1 63.4 61.9 60.1 57.8 56.1 50.9 33.6 19.6 15 18.8 38.6 47.3 51.4 54.4 56.9 59 60.6 61.2 60.8 58.8 56.3 51.6 51.3 50.5 51.8 50 43.7 37.1 34.2 36.1 37 37.6 37.1 35.7 35 33.7 33.1 31.3
30.8 17.6 16.8 27.3 33.8 36.5 37.9 37.8 36.1 36.3 34.7 37.8 40.5 41.5 39.5 38.1 45.5 49.9 52.6 54.8 56 57.2 58.3 60.7 62 63.4 64.3 64.9 66.2 66.1 65.5 64.6 64.5 63.8 65.1 66.5 66.6 66.5 65.6 64.1 63 62.1 60.8 59.2 57.8 59.2 60.3 60.9 60.6 60.4 58.2 55.4 49.8 33.7 22.3 18.7 20.5 16.9 30.1 44.1 49.8 53.5 56.7 59.7 61.6 62.4 62.5 61.7 60.8 57.1 58.4 58.7 58.8 56.5 53.5 50.2 45.7 45 46.3 45.7 41 40.2 39.1 37.3 36.7 36.3
32 18.2 20.2 29.9 35.5 38 39.1 40.3 40.1 40.8 41.2 39.8 42.9 45.1 46.3 44.2 40.9 43.4 50.4 54 56.2 57.9 60 61.7 63.5 65.4 66.5 67.8 69 69.3 69.3 68.4 67 66.1 66.5 66.5 66.6 66.6 65.4 64 62.1 59 57 56.1 54.2 51 54.9 55.4 57.5 57.7 56.4 51.9 39.8 26.7 24.6 33.9 38.4 24.2 23.7 41.1 46.9 51 55.5 58.4 61.4 63.2 63.9 63.3 63 62.2 62 63.3 63.3 62.2 59.7 58.2 54.7 53 55.3 54.6 51.3 47.9 44.2 41 39.8 39.3
33.3 20.4 20.8 29.4 35.2 37.7 40 41.5 42.6 43.6 44.7 45 44.9 47 49.1 49.1 48.5 48.6 47.5 49.1 53.1 56.8 59.4 61.6 63.9 65.7 67.8 69.4 70.8 71.6 72.2 71.1 69.1 68.4 67.5 67.2 67.2 65.5 64.9 63 61 60.2 60.8 59.4 57.7 53.5 49.8 47.4 50 54.5 54.5 43.7 32.4 28.2 43.8 43.8 38.2 29.6 23.2 35.6 42.2 48.2 51.7 55.9 59.6 61.8 63.7 65.1 65.6 65.5 64.5 66.6 66.6 66.6 65.3 64 63.5 62.6 62.5 60.1 57.3 54.8 52.7 50.1 46.3 43.5
32 19.5 20 26.4 32.6 36.4 38.9 41.5 43 44.5 46.1 47.4 48.5 49.8 51.3 51.9 52.7 53.2 53.3 50.4 49.6 53.1 57 60.5 63.1 65.6 67.7 69.8 71.9 73 73.6 73.1 72 70.2 69.9 69 68.5 66.5 63.4 62.2 63 63.5 62.7 61 58 55.5 54.7 52.4 45.2 43.4 42.9 36.3 32.4 44.4 49.5 46.3 40.7 40.3 34 25.2 28.1 39.4 46.8 52.2 57 60.5 63.1 64.7 65.4 65.9 67.1 68 68.5 68.7 68.3 67.4 67 66 66.6 64.8 61.2 58.9 56.4 54.9 51.3 48.5
26.1 24.4 18.9 23.6 28.6 32.8 36.5 38.9 40.5 42.9 45.3 48.5 50.6 52.4 53.2 54.6 55.9 56.8 57 56.2 53.7 51.4 53.3 57.8 61.7 64.4 66.7 68.9 71.3 73.3 73.9 74.4 73.9 73 72.6 71 69.7 67.9 66 65.2 65.9 65.7 63.7 61 59.7 58.4 56.3 52 52.7 49 41.3 41.7 47.8 51.2 52.4 49.9 50.2 50.5 47.2 39.7 29.5 28.1 40.3 47.3 53 57.8 61.1 63.9 64.8 66.1 67.5 68.6 69.2 69.6 69.7 69.3 68.8 68.2 67.4 66.2 64.4 60.7 61.3 58.9 56 52.7
