data/SN11.asc
ncols 200
nrows 200
xllcorner 210000
yllcorner 210000
cellsize 50
[rows 152 to 189 of 200, columns 85 to 169 of 200]
151.4 152.7 153.1 153.3 153.6 154.6 155.2 155.8 155.9 154.7 154.3 153.1 152.1 151.1 148.1 142.9 132.1 136.8 146.8 139.2 131.9 141.3 152.6 162.2 164.6 167.3 168.3 171 172.3 171.6 173 174.7 175.9 176.7 176.6 177.2 177.8 178.2 178.4 178.9 179.5 181.4 181.5 184.1 185.8 187 188.4 188.8 188.5 187.8 187.3 187.6 187 186.4 186.4 186.5 186.6 186.6 185.8 185.1 184.7 184.6 184.3 184.7 186.5 188.1 189.2 189.9 190.4 190.1 189.7 189.2 188.1 186.6 184.4 181.3 178 173.9 170.6 167.7 169.8 171.3 172 171.6 170.3
153.7 155.7 155.8 155.3 154.6 155 155.9 156.7 156.7 155.5 154.1 152.5 149.3 148.8 140.8 132.5 135.1 143.7 153.5 152.2 150.1 140.7 136.1 146.1 154 156.7 166.4 168.7 169.7 169.6 170.1 172.6 174.2 175.6 175.7 176.6 177 177.3 177.4 177.8 178.2 179.2 180.5 182.8 184 185.9 187.9 188.4 189 188.7 189.3 189.9 189.7 189.5 189.8 189.8 189.9 189.8 189.2 188.3 187.8 187.7 187.6 187.2 188.9 189.7 189.9 190.4 191.3 191.5 190.5 189.5 188.6 187.6 185.2 182 178.7 174.9 170.6 165.8 166.8 169.1 169.4 168.9 167
156.8 158.5 158.1 157.5 156.7 157.5 157.7 158 158.4 157.2 155 151.6 148.3 140 137.5 143.5 149.5 149 154 156.5 157.2 155.2 150.6 145 140.4 143.2 150.3 158.5 162.5 163.6 168.5 170.4 171.9 173 173.9 174.5 175.2 175 175 175.7 176.1 177.9 179.8 182.5 184.4 185.6 186.9 187.9 188.6 189.7 191 191.8 192.3 192.6 193.2 193.3 193.4 193.6 191.8 191.5 190.6 190.1 190 189.9 190.1 190.2 190.3 190.8 191.1 191 190.8 189.7 188.8 187.6 185.8 182.3 178.6 175 171.4 166.9 162.6 166.3 167.3 166 164.1
160.4 160.9 160.7 159.9 159.2 159.2 159.4 159.6 159.8 158.4 156 151.3 144.5 141.6 143.1 148.3 153.2 154.3 155.6 159 159.9 159.2 159.2 159.1 158.1 154.1 144.5 146.2 150.5 159.7 164.8 166.7 166.8 170.3 171.7 172.5 172.8 172.6 172.2 173.5 174.5 176.5 179.2 181.6 183.5 184.5 185.4 186.4 188.6 190.1 191.4 193.1 194.1 195.5 196.3 197.3 197.4 197.2 196.7 195.2 193.9 192.2 191.7 191.3 190.3 190.4 190.3 190.3 190.7 190.5 190.2 189.7 188.4 187 185.5 182.2 178.5 174.9 171.2 167.4 161.9 160 164.7 163.7 161.8
163.5 163.4 163.4 162.8 162.4 162 161.5 161.7 161.9 160.1 156.7 150.5 150.4 148.4 146.3 149.5 154.6 156.9 158.4 161.3 162.8 163.5 163.5 163.9 163.6 162.5 160.8 154.7 148.4 150.1 157.9 162.3 164.9 168 169.2 168.9 169.3 169.6 169.9 171.4 173.3 175.5 177.5 179.4 181.3 182.6 183.6 185 187.6 189.8 191.6 193.2 195.1 196.8 198.4 199.6 199.9 200.2 200 199.1 198.6 195.7 193.6 192.2 190.7 189.9 189.6 188.8 188.9 189.3 189.2 188.6 187.6 186 184.5 181.8 178.1 174.4 171.6 168.4 164.8 159.8 156.3 161.7 160
166.3 166.3 166.1 165.9 165.6 165.4 164.7 164.1 164 161.3 159.1 156.2 154 150.1 147.4 151.8 155.7 157.9 161.6 163.4 165.5 167.3 167.8 168.6 168.5 166.6 165.5 163.6 160.3 151 152.5 157.5 162.4 162.6 162.7 164.5 164.4 164.9 165.7 167.8 170.6 173.5 174.8 176.9 179.1 180.5 181.8 183.9 186.6 188.8 191.1 193.4 195.2 197.1 198.8 200.7 201.6 202.2 202.4 202 201.2 199 196.9 194 190.8 190.2 188.4 187.3 187 187.2 187.7 187.2 186.2 184.7 183.1 180.8 177.8 174.7 171.6 169 165.6 161.2 155.5 152.8 155.5
169.3 169.4 169.4 169 168.8 168.7 168.1 167.6 167.5 165.4 163.1 160.7 158.2 153 149.8 153.5 157.2 161.5 165 167 169.1 170.4 171.7 172.1 172.2 172.2 170.5 168.8 166.3 160.2 152.2 155.4 158.6 159.2 160.3 161.8 164.1 166.2 167.5 167.6 167.1 170.7 173.3 174.4 176.2 177.6 180.1 182.8 185.5 188.3 190.1 192.3 194.9 197.3 199.1 201 202.2 203.1 203.3 203.3 202.6 201.1 198.8 195.7 192.7 189.9 187.6 185.7 184.3 185.1 185.7 185.5 184.5 182.6 180.7 178.3 176.3 173.7 171.1 168.8 165.6 163.1 158.3 152.2 145.3
173.7 174 174.2 173.6 173.2 172.7 172.6 172.9 172.4 170.1 167.4 165.2 161.5 157.1 156.2 158.3 161.6 165.2 168 170.7 171.7 172.9 174 174.3 174.3 174.5 173.3 171.2 168.7 165.6 158.1 155.8 158 161.7 163.6 166 168 169.2 169.8 169.6 169.2 169.1 171 172 173.5 176.1 179.2 181.8 184.4 187 189.1 191.2 193.8 196.4 199 200.8 202.4 203.5 203.9 204.9 203.4 201.6 199.2 196.7 193.5 190.5 188 184.2 181.5 182.8 183.5 183 181.8 179.7 177.7 176 174.1 172.8 170.5 168.6 166.4 163.8 160.7 156 149.1
178.2 179.1 179 179.5 178.9 178.6 178.3 177.8 177.2 175.7 174 170.3 168.2 165 162.8 164.5 166.3 168.9 171.8 173.8 174.9 175.5 176.1 175.9 175.6 175.4 174.3 172.9 170.7 167.9 162.7 157.8 162.2 164.8 166.4 168.5 170.1 171.3 171.7 171.3 170.8 170.1 170 171.5 173.3 175.4 178.3 180.9 183.5 185.7 188.1 190.2 192.7 195.3 197.9 199.9 201.8 203 203.4 203.4 202.9 200.9 198.4 195.9 193.3 189.9 186.1 182.4 180 180.1 180.5 180.3 178.9 176.5 174.2 171.9 171 171.6 170.2 168.7 166.8 164.5 161.6 158.1 152.9
183.4 184.3 185 185.2 184.9 186.1 186.1 186.4 184.7 183.3 181 178 175 172.8 170.4 171.3 173.1 174.5 176.7 177.7 178.1 178.7 178.2 176.7 175.5 175.3 173.8 171.6 169.5 167.3 161.9 159.4 164.6 167.2 168.9 170.4 171.9 172.8 173 172.3 171.7 170.5 169.6 171.6 173.5 175.4 177.2 179.6 182 184.6 186.7 188.9 191.5 194.1 196.7 198.8 200.7 202 202.4 201.8 200.9 199.2 196.7 194.1 191.5 188.3 184.5 181.3 178.4 176.4 177.8 177.3 175.7 173 170.3 166.9 169 170.5 169.7 168.5 167.4 164.7 161.9 159 154.7
189.1 190.7 191.3 191.9 192.5 193.3 193.7 191.5 192.9 190.8 189.2 186.6 183.6 181.1 178.9 179.1 179 179.1 180.3 181.6 181.2 180.8 179.8 178.2 176.5 174.7 173 171 168.2 164.5 161.6 162.5 166.7 169 171 172.3 173.5 174.1 173.7 173.4 172 171.2 171.6 171.6 173.4 174.8 175.6 177.3 179.8 183 185.1 187.7 190.5 193 195.6 197.8 199.6 200.4 200.8 199.6 198.7 196.3 193.7 191.1 188.5 186.4 183.5 180.3 178.3 175.9 173.1 170.8 169.6 167.2 163.5 165.9 168.6 168.8 168.8 167.6 166 164.3 161.7 158.9 155.1
194.1 195 196.1 196.7 197.3 198.1 198.7 199 198.3 197.4 195.5 193.5 191.4 189.2 187 185.1 184.4 183.5 183.8 184 183.6 182 181.4 179.8 177.9 175.7 173.4 171 168.7 165.8 162.4 164.1 168 170.7 172.7 173.9 174.8 174.7 174.5 174.5 173.4 172.6 172.1 172.7 173 173.6 174.3 176.8 178.6 181.3 183.8 186.6 189.4 192.1 194.5 195.9 197.8 198.8 198.8 197.6 196 193.4 190.7 188.1 185.5 183.4 181.1 179 177.7 176.3 175.1 171.7 167.2 163.5 160.1 163.6 166.2 166.9 166.8 165.8 164.6 162.9 161.2 158.3 154.4
195.9 197 197.5 198.5 199.2 200.1 200.9 201.8 202.7 201.1 199.6 198.1 196.1 194.1 191.1 189.4 188.7 188.2 187 186.3 184.6 182.7 181.9 181.2 179.1 176.9 174.7 172.3 170.4 168.6 163.2 166.6 169.5 171.8 173.9 174.7 175.5 175.5 175.5 175.5 174.7 173.1 173.5 173.2 173.1 174.3 175.2 176.9 178.5 180 182.5 185.4 188.2 190.2 193.4 194.8 196.3 197.4 196.5 195.5 193.5 190.8 188 185.2 182.6 180.3 177.8 177.2 176.7 176.3 175.3 173 170.3 167 162.7 156.9 161.6 163.7 163.7 162.9 161.9 161.4 159.8 157.8 155
194.8 195.9 197 197.8 198.5 199.1 200.2 201.3 201.8 201.5 200.5 199.8 198.3 196.6 194.5 192.6 191 189.6 188.4 187.2 185.3 183.4 182.4 180.9 179.3 177.4 175.5 172.3 170.8 168.8 164.7 166.8 169.6 172.3 174.1 175.2 176.2 176.5 176.5 176.6 176 175.2 174.8 174.7 173.9 175.2 176.2 177.6 179.2 181.1 181.4 184.2 186.5 190 191.8 193.3 194.8 195.4 194.6 193.6 191 188.4 185.5 182.5 179.3 175.3 175.1 174.9 175.5 175.6 174.2 172 169.8 167 163.9 160.5 154.8 158.1 158.6 158.4 158.9 159 158.3 157 155.3
191.9 192.8 193.8 194.2 194.9 196.5 197.7 198.4 199.2 199.1 198.9 198.7 197.3 195.5 194.2 192.8 191.1 189.5 187.9 186.5 185.3 184 182.4 180.8 179.3 177.8 175.5 173.9 172 168.6 166.5 167.3 168.7 172.1 174.3 175.4 176.8 177.1 177.2 177.3 177.9 177.8 177.7 176.2 176 176.8 177.3 178.4 180.3 182.5 184.6 184.9 186.3 188 190.8 191.5 193.1 193.3 192.8 191.1 188.7 186.3 182.7 178.7 176.2 172.8 171.4 173.2 173.8 173.3 172 170.6 168 165.5 163.3 160.8 156.3 150.5 155.4 156 156.6 157 156.5 155.3 153.8
187.7 188.8 190 190.3 191.1 192.2 193.5 194.5 195.1 195.8 196.1 195.7 194.5 193.2 192 190.1 188.5 187.2 186.1 184.8 183.5 182.4 181.6 180.7 179.2 177.6 176.1 174.7 172.8 170.2 168.3 168.3 168.3 171.4 172.9 174.9 176.4 177.1 177.9 178.8 179.6 180.5 180.9 180.6 179.6 178.9 178.8 179.4 181.2 183 184 185.1 186.2 187.7 189.9 190.5 191.3 191.1 190.7 188.9 186.6 184.2 180.5 176.1 171.8 167.3 168.4 171.2 170.6 169.4 169.3 168 166.1 163.6 160.5 157 153.8 148.2 151.7 153.6 154.2 154.8 154.4 154 152
183.4 184.8 186.2 186.9 188.2 188 189 189.9 190.5 191.1 191.7 191.9 191.5 190.1 188.7 187.4 186.1 185 183.9 182.8 181.7 180.7 179.9 179.5 178.5 177.2 175.9 174.5 173.2 170.4 169.5 170.6 171.8 172.5 173.3 174.1 176 177.6 178.6 179.5 180.4 181.2 182.2 183.4 182.2 181.1 180.1 179.9 181.4 182.7 184 185.3 186.1 187.5 189 189.6 189.6 189 188.5 186.7 184.5 182.1 178.1 174.1 168.7 164.6 162.5 164.9 165.6 165.8 165.5 164.5 163.4 161.4 158.5 155 153.1 151.4 146.7 150 151.6 152.7 152.8 152.3 150.1
179.6 181 182.3 182.7 183.7 183.6 184.7 185.5 185.8 186.1 186.5 186.6 186.5 186.3 185.3 183.9 182.7 181.6 181 180.9 180 179 178.3 178 177.3 176.5 175.7 174.3 173.1 171 171.4 172.3 173.4 174.4 175.2 174.7 175.7 177.2 178.8 180.2 181.1 181.9 183.1 184.5 185.2 184.4 183 181.3 182.8 183.3 184.2 185.5 186.4 187 187.5 187.5 188 186.9 186 184.3 182.3 180 176.2 172.5 168 162.7 156.3 158.7 159.7 160.1 160.6 161 159.9 160.1 158.1 156.1 154.6 152 147.1 144.4 148.3 150.7 151.4 150.6 148.7
176 177.1 178.2 178.5 178.9 179.3 180.4 181 181.4 180.7 181.4 181.3 181.2 181.1 181.2 180.3 179.1 178 178.1 178 177.8 177.3 176.9 176.6 176.1 175.9 175.5 174.2 173 172.4 173.3 174.1 175 176.1 177.1 176.1 176.3 176.6 178.7 179.7 181.2 183 184.8 185.8 187 186.4 184.2 184.5 185.5 186.5 186.5 186.6 186.8 187.3 186.9 186.4 184.4 182.9 180.6 180.5 179.6 176.8 174.2 171 166.2 162.9 159.4 155.2 151.3 155.8 156.6 158.2 159.5 159.4 158.2 156.5 154.5 151.9 148.5 141.7 146.9 149.8 150.3 149.5 148
172.4 173.4 174 174.2 174.4 174.9 176.1 176.4 176.6 176.6 176.7 176.6 176.6 176.8 177.1 176 174.9 174.6 174.8 174.7 174.3 174.2 173.9 174 173.7 173.8 174.2 174.5 174.3 173.5 173.2 174.3 175.8 176.8 177.4 177.1 177.9 178.4 179.8 181.5 182.6 184.5 186.6 187.8 188.7 188.4 187.5 187.9 189.2 189.3 188.6 188.9 189.1 188.8 188.6 187.6 186.4 183.9 181.5 176.4 172.4 171.3 170.7 169 166 162.6 159.9 155.7 150.9 151.4 153.7 156.3 157.6 157.5 156 154.3 152.6 150.5 147.9 140.8 145.7 148 148 147.6 145.8
168.8 169.4 169.5 169.6 169.8 170.2 171.5 172.4 172.5 172.7 172.7 172.8 172.5 172.7 172.9 172.1 171.6 171.1 170.9 171.7 171.4 171 171 171.2 171.7 172.1 172.5 172.9 172 173.1 173.9 174.5 176.1 176.5 178.1 179 179.4 179.9 181.3 183 184.2 186.1 188.1 189.8 190.4 190.8 190.5 190.7 191.5 191.8 190.2 191 191.4 191.4 190.8 189.8 188.6 186 182.5 177.5 174.1 169.7 163.8 162.7 163.5 160.4 158.5 155.4 151.2 145.2 151.9 154.2 154.9 154.6 153.1 151.5 149.9 148.4 146 141.2 139 143.5 142.9 140.8 138.2
164.6 165.3 165.7 165.1 165.3 166.2 167.2 168.3 168.9 169.5 169.7 169.2 168.5 168.7 168.8 168.7 168.6 168.3 168.5 169.2 169.1 168.8 168.8 169.6 170.2 170.3 170.7 171.2 173.1 173.4 174.3 174.6 175.7 176.6 178.2 179.5 180.4 181.3 182.9 184.5 186.2 188.1 190.1 191.2 191.8 192.4 192.4 192.4 192.5 192.6 192.3 192.2 193 193.5 193 192.1 190.8 187.7 183.4 181.8 178.5 174.6 168.7 161.2 156.2 153.1 154.7 153.9 150.9 143 148.7 151 151.2 150.4 148.6 147.4 145.7 143.4 142.1 138.6 129.5 133 126.5 122.8 119.7
159.9 161.2 161.6 161.6 161.2 162.2 163.2 164.5 165.8 166.4 167 166.3 164.8 165.1 165.7 166.2 166.1 165.7 166.2 166.7 166.8 166.7 166.6 167.4 168.5 169.4 169.8 170.9 172.6 173.8 174.3 174.6 175.4 177 178.6 179.9 180.8 182 183.7 185 186.4 188 190 191.5 191.5 192.4 192.9 193.2 193.2 193.1 192.8 193.2 193.6 194.3 194.5 193.5 191.1 189.3 188.2 185.4 181.6 176.6 170.6 163.5 156.3 150.6 147.9 150.8 149.7 144.7 141.7 147.2 147.7 145 142.9 142.5 140.6 138.3 134.5 129.4 124.3 124.3 127.5 131.1 130.1
156.1 157.3 158.1 158.1 158.2 158.9 160.4 161.6 163 164.3 164.7 164.4 163.6 163.1 163.3 163.6 164 163 163.9 164.5 164.9 164.8 164.5 165 167.4 168.8 170.2 171.6 173.1 173.3 174.1 174.5 174.6 176 177.4 178.6 179.8 180.9 182.5 184 185.6 187.1 188.5 189.6 190.1 191.2 192.4 193.1 192.6 192.2 192.4 192.9 193.5 193.9 193.6 192.7 192 191.4 189.7 187 182.8 176.8 170.5 163.3 157.5 150.1 145.1 145.6 145.8 144.3 140.5 138.7 140.4 139.2 136.7 136.5 136.5 130.8 127.2 126.4 137.5 145.1 147.4 147.1 145.7
152.4 154 154.8 154.6 156 156.4 157.2 159.5 160 162.2 162.7 163.1 162.3 161.3 161.5 161.7 162.1 161 161.6 162.4 163 161.4 164.5 165.6 167.9 169.2 171 172.1 172.4 172.1 172.3 172.6 172.4 174.1 175.8 176.9 177.9 179 180.4 182 183.5 184.8 186.3 187.7 188.8 189.8 190.8 191.1 190.9 190.4 190.3 190.9 191.3 191.9 193 192.4 192.6 192.1 190.3 188.4 183.8 180.1 175.3 169.2 161.8 154.2 148 143.6 139.6 139.1 137.1 134.9 133.6 132.3 132.1 130.9 129.9 130.9 136.9 143.9 149.4 151.1 150.8 149.4 147.3
151.3 151.9 152.1 152.4 153.9 154.7 156.4 157.6 158.5 160.4 161 161.3 161.1 160 159.6 159.9 159.8 159.5 159.4 160.2 160.7 163.5 163.3 166.3 168.2 169.3 170 170.7 170.9 170.8 170.8 170.5 170.6 171.1 172.6 174.5 176.1 177.2 178.3 179.7 180.9 182.2 183.5 184.4 185.3 186.4 187.5 188 188.1 187.7 187.4 187.4 188.2 189.3 190.6 192 192.4 191.6 190.8 189.2 187.1 183.1 177.6 171.6 166.5 160.7 154.1 147.2 142.1 142.8 141.2 139 137.2 136 135.4 137.7 139 138.3 145.2 150.1 152.1 152.9 152.7 150.6 147.9
150.2 152.8 152.5 151.1 151.9 153.2 154.5 155.7 156.9 158.4 159.1 159.4 159.8 158.8 157.7 157.6 158 157.2 157.7 157.6 157.4 161.8 163.5 165.8 167 167.9 168.5 169.1 169.5 169.5 169.5 170.1 166.2 168.1 169.3 171.6 173.7 174.8 175.5 176.8 178 179.1 180.1 180.6 181.4 182.4 183.5 183.7 183.7 183.3 183.4 183.4 184.5 186.2 187.9 189.4 190.3 190.2 189.5 187.9 186.3 183.3 179.9 175.3 171.4 165.4 158.7 150.8 149.1 149.8 147.5 144.5 141.8 139.7 139.4 140.7 145.6 145.9 148.9 153.4 155.2 155.7 154.3 152 149
148.7 149.3 149.6 150.4 151.6 152.5 153.2 154 154.9 156.9 157 157.2 157.5 156.7 155.3 155.9 156.2 156 156 156.6 158.1 159.6 162.6 164.2 165.2 166.2 167 167.5 167.1 167.4 169.6 167.6 164 164.5 166.2 168.7 170.5 171.6 172.6 173.7 174.5 175.4 175.3 176 176.9 177.8 178.4 178.5 178.6 178.2 177.6 178.2 179.3 181.9 184.5 186.1 187.5 188.1 187.8 186.8 186.9 184 182.2 179.2 174.8 169.1 162.2 157.5 156.5 157.9 154.3 151.5 149 144.8 145.5 148.2 150.6 152.7 155.2 157.8 158.3 157.9 156.1 152.8 148.8
147.3 148.3 148.9 149.4 150 151.1 152 152.9 153.9 153.4 154.1 154.4 154.8 154.6 153.7 154 154.6 153.1 151.5 153 157.1 159.4 160.7 162 163 164 164.6 164.8 166.5 164.2 165.5 164.8 162 161.7 163.5 165.6 166.9 166.7 168 169.4 170.2 171.1 170.4 170.7 171.8 172.8 172.8 172.8 172.8 172.6 172.3 172.4 175 177.9 180.7 182.4 184.2 185.4 186.2 186 186.2 185.3 183.6 180.6 177.3 172.3 167.1 163 162.7 164.7 163.4 160 155.5 151.2 152.7 151.9 153.9 157.8 159.2 160.6 160.5 159.6 157.3 154.6 150.5
145.3 146.7 148.3 148.8 149.3 149 149.1 149.8 150.8 150.7 151.5 152 152.5 149.9 149.6 150 149.7 147.6 147.3 150.6 154.7 157.3 158.6 159.7 160.6 161.1 164.4 165.3 166.4 166 161.6 162 160.1 159 160.5 161.8 163 162.5 163.1 164.7 165.8 166.9 166.2 166.2 166.5 167.3 167.6 167.9 167.7 167.5 166.4 165 171.3 173.9 176.4 178.5 179.9 181.9 182.8 183.6 184.3 184 183.5 180.6 179.3 176.6 172.9 169.9 169.3 170.5 169 166.6 161.5 158.9 159.5 158.8 158.9 160.3 162 162.7 162.2 161.1 159.2 156.7 152.7
143.8 145.4 147.2 148 148.4 147.7 147.8 147.9 148 148.4 149 148.5 147.2 145.5 144.4 144 143.6 142.6 145.9 149.9 151.3 153.9 156.3 157.2 158 158.7 162.8 164.5 165.6 166.3 158.7 159.3 158.2 155.4 157.1 158 158.9 158.8 159.4 160.4 161.5 162.6 162.9 163 162.2 162.5 162.7 162.1 161.6 161.4 161.3 162.7 166.7 169.3 171.5 173.7 175.5 177.9 179.3 179.7 180.9 181.2 181.5 181.4 180.2 178.5 176.2 174.1 174.4 174.1 172.6 170.4 168.1 166.4 164.8 163.2 161.2 162.2 163.4 163.7 163.6 162.5 160.3 157.8 154.5
142.7 144.7 146.1 146.8 147.1 146.5 145.8 145.5 145.1 144.7 144.4 143.6 144.5 142.2 139.1 139.2 139.1 139.1 141.5 147.6 148.5 149.8 153.8 153.5 154.2 154.7 157.2 163.6 164.8 164.9 160.6 156.4 156.2 155.2 154.4 155.8 155.6 155.2 155.5 157.1 157.6 156.4 157.3 159.8 159.1 158.3 158.1 157.3 156.7 156.9 156.2 160 162.7 164.9 167.4 169.8 172 174.2 176.1 176.7 178.2 178.9 179.7 180.7 179.7 179.4 178.4 177.1 177.3 175.8 173.9 172.4 171 168.9 167.7 165.5 163.4 163.5 163.7 163.6 163.4 161.8 159.9 157.2 153.2
140.2 142.7 144.2 145.5 145.2 144.9 143.8 142.6 142.3 140.7 138.8 139.6 140 137.5 136.1 135.7 135.2 137.2 140.1 143.4 145.6 146.2 150.3 153.7 152 152.6 151.8 158.2 160.1 159.1 156.1 154.4 159.2 153 150 153.4 153.1 153.3 153.3 153.8 154.8 155.8 156.7 156.6 156.5 156.1 155.6 155.2 154.4 151.8 154.1 156.6 160.2 162.8 164.7 166.9 169.1 171.2 173.6 174.7 176.3 177.5 177.9 179.1 179.1 179 179.1 178.8 178.2 177.2 175.3 173.5 170.4 168.8 166.6 164.5 163.1 161.8 161.7 161.6 160.5 159.7 158.5 156 151.9
139.3 141.7 142.5 143.6 143.1 142.8 142.1 140.6 139.7 139.1 137.8 137.8 137.1 136.4 134.2 133.3 132.9 135.3 136.2 133.1 138.8 144 152.9 152 151 150.1 145.2 151.4 149.1 149.6 146.9 143.8 137.9 151.2 149.8 151.5 151.5 152 152.3 152.8 153.2 154.1 155.1 155.1 154.8 154.7 154.3 153.6 153.1 150.8 152.9 155.7 158.3 160.9 163 165.1 167.4 169.7 172.1 173.6 174.8 175.5 175.9 177.2 178 177.8 177.7 177.9 177.6 176 174 172 169.3 166.6 164.1 161.9 160.1 158.6 158.1 157.9 156.8 156.4 155.9 154 150.6
138.6 140.6 141.2 141.7 141.2 140.8 141.1 140.1 138.5 136.8 135.8 135.9 135.3 133.7 131.6 130.7 131.4 132.9 135.5 134.3 135.4 142.6 127.2 125.4 133.2 128.9 139 134.8 141 129.7 126.3 118.8 126 145.9 151 150.4 150.1 150.6 151.4 151.8 152.3 152.7 153.3 153.6 153.2 153.1 152.9 152.1 151.4 150.1 152.9 155.2 157.9 160 161.8 163.8 166.2 168.6 170.7 171.7 171.8 172.6 173.8 175.1 175.8 175.5 175.7 175.7 175.4 173.6 171.5 169.1 166.4 163.4 160.4 157.3 155.8 154.7 154.8 154.1 153.2 153.1 153.3 150.7 148.3
137.8 139.6 140.2 140.4 140.6 140.4 139.8 138.6 137.6 134.8 133.9 133.9 133.6 132.1 129.7 128.7 130.3 131.3 133.9 135.9 147.7 135 109.4 116.9 127.4 126.8 131.2 127.4 127.3 119.3 111.3 111.1 115.4 131.2 148.9 149 149.4 149.6 150.7 151 151.4 151.8 152.2 152.3 151.5 151.6 151.4 150.8 150 149.7 151.8 153.7 155.5 157.4 159.8 162.5 164.9 166.7 167.9 168.2 167.8 168.7 170.3 172 172.4 172.3 172.4 172.6 171.9 170.1 167.5 164.9 162 159.5 156.1 150.3 150.9 150.1 150.7 149.8 149.3 148.9 148.6 147.3 144.5
137.1 138.7 138.9 138.8 139.3 139.7 139 138.1 136.9 134.6 132.6 130.5 131.9 131.1 128.2 125.7 128.7 130.2 132 133.7 136.6 108.9 121.9 137.2 125.6 127.3 127.6 127.3 119.2 111.7 119.6 126.2 143.2 148.5 148 148.4 147.9 149 150.1 150.4 150.5 150.7 150.9 151 151 150.5 150.4 149.7 148.3 147.3 145.6 150.3 151.5 153.5 155.7 158.1 160.7 162.5 164.3 163.9 162.7 165 166.6 168.1 168.3 167.9 167.7 167.9 167.3 166 163.3 160.7 157.6 154.5 151.5 147.7 144.6 145.7 146.6 145.9 144.3 143.5 142.9 142.4 140.3
136.2 137.7 137.6 137.4 137.5 138.5 139.2 138.3 136.9 134.7 132.1 130 129.7 128.9 126 124.1 127.3 130 132.1 141.2 116.3 108.8 114.5 118.3 127.1 126.7 132.7 126 126.7 133.3 144 144.7 148 147.7 147 146.5 147.2 148.3 149.4 149.9 150.2 150.6 150.6 150.3 140.4 144.8 146.6 147.6 146.6 145.2 145.7 146.9 149 150.1 152.1 154.2 155.8 157.9 159.2 158.6 159.4 162.1 163.1 163.7 163.2 163.2 163.2 162.8 162.2 160.5 158 155.4 152.6 149.5 146.3 142.6 138 140.1 141.9 141.6 139.9 137.6 136.8 136.5 135.6
