data/SN21.asc
ncols 200
nrows 200
xllcorner 220000
yllcorner 210000
cellsize 50
[rows 0 to 37 of 200, columns 0 to 84 of 200]
103.9 91 90 85.9 78.5 70.7 66.3 63.2 59.9 63.3 53 60.2 67 69.2 71.1 69.8 66.8 59.5 54.7 61.2 64.8 70.3 76.1 85.9 93 94.5 87 90.6 94.5 100.4 105.8 110.1 112.6 113.4 114.1 114.7 114.5 112.5 108 99.8 79.2 52.7 48.4 52 59.2 71.7 80.2 91.5 98 106.2 113.1 115 113.9 107.2 97.1 85.8 85.1 85.7 83 78.2 72.5 66.4 61.3 56.4 50 37.1 34.7 36.2 48 56.8 61.9 65.2 78 84.8 90.2 92.3 89 93.8 103.7 110.8 116.4 120.9 124.5 127 129.6
117.3 105.6 95 88.2 85.3 82 78.8 73.6 67.5 60.1 53.9 51.8 60 63.5 64.7 64.1 60.9 53.2 54.3 59.4 66.3 72.4 81.2 90.2 95.2 94.3 83.5 83 91.6 97.8 101.9 105 106.8 107.1 108.3 109.9 110.5 110.1 106.6 99.8 79 51 47.4 54.1 64.3 82.1 92.4 99.6 107.9 114.9 117.6 118 115.2 107.6 89.4 78.1 68.7 70.5 71.7 72.3 68.6 64.6 59.5 53.9 46.2 34.6 34.4 38.2 55.7 65 72.7 76.6 83.1 88.9 93.7 98.3 100.5 101 105.1 111.6 116.1 119.9 123.5 125.1 126.2
127.1 122 113.7 106.8 103.1 98.9 92.7 86.7 79.1 70.8 63.7 54.9 49.8 54.8 58.3 59.2 54.8 49.4 55.7 60.8 68.9 77.4 85.8 92.4 96 93.8 81.8 80.6 88.6 92.3 95.9 98.9 98.8 98.8 101.9 103.7 105.4 105.1 101.7 94.8 75.1 48.6 47.6 55.8 70.5 88.1 99.1 106.5 115.5 122.7 124.9 123.3 114.6 101.8 92.5 77.4 62.7 54.7 52.4 53.7 54.8 57.5 56.1 52.6 40.5 33.8 34.6 47.3 62 70.9 78.3 83.7 88.3 91.6 97.3 101.3 105.1 107.5 109.7 112.9 116.1 117.8 120.4 119.9 119.5
129.1 128.3 124.1 118.7 113.1 110.1 104.8 97.7 89.6 81.3 74.9 68 57.7 50.7 49.2 52.6 52 50 54.5 59.1 66 78.8 89.3 94.2 96.1 91.6 81 73.9 81 83.8 89.2 91.9 91.9 89.4 95.2 96.7 97.7 98.5 92.8 79.8 63.7 45.8 47.7 59.6 75.7 97 105.5 112 119.7 127.5 131.5 129.5 123.1 117.1 108 93.6 73.8 62.6 56 49.3 43 43.1 44.6 45.2 34.9 33.7 39.6 55.5 65 73.6 80.8 86.2 90.6 93.7 96.3 99.5 104.4 108 111.1 113.7 115.2 116.4 117.3 114.9 110.8
124.4 124.4 122.4 119.3 116.2 111.6 105.3 97.8 96.1 95.5 91.1 84.3 72.3 62.3 54.4 47.7 46.9 49.8 57.6 63.7 69.6 78.4 89.1 92.6 91.7 85.9 77.8 67.8 68.6 68.5 72.5 76.2 73.2 83.9 86 85.8 88.2 87.7 75.8 63.1 48.2 45.7 49.8 62.2 80.6 101.4 110.4 115 120.8 126.8 133 135.6 132.4 126.8 116.9 105.1 90.8 85.5 76.8 67 59.4 50.6 43.4 36.1 34 33.5 43 57.5 65.9 73.2 79 84.6 88.7 92.1 94.8 96.6 99.9 104.6 109.1 112.2 114.1 114.7 114.1 111.2 102.3
118.4 118.5 117.7 115.2 111.2 106.9 100.5 86.8 79.4 93.8 98 94.2 82.4 70.8 61.6 50.2 48 54.2 63.2 72.7 80.9 83.8 88.5 90.9 86.3 78.8 73.4 72.4 67.6 62.2 59.5 60.4 61.8 70.1 73.6 78.5 80.2 72.6 57.9 47.1 46.2 46.8 56.5 72.6 86.2 102.4 113.8 117.9 120.2 123.4 127.2 131 132.2 130.6 121.2 113 106.9 98.1 89.1 78.5 67.9 57.9 43.9 34.7 32.4 38.1 53.4 59.5 65.9 71.9 76.6 80.9 85.4 88.5 90.8 92.5 85.3 97.7 105.1 108.7 110.9 111.8 110.7 108.5 102.8
110.5 110.5 108.5 105.3 99.9 92.6 84 76.7 64.6 78.7 86.3 87.3 82.6 75.5 63.5 47.9 49 56.7 66.7 79.6 87.7 94.3 92.2 91.2 86.5 83.5 80.8 80.2 74.4 70.3 69.2 64.2 59.8 54.1 61.1 68.5 68.7 53.5 45.5 44.8 47 54.6 69.2 88.4 105.6 112.5 117.4 119.4 120.7 120.1 119.7 121.3 123.1 126.6 119.3 113 107.5 100.5 90 78.7 66.6 55.1 38.6 33.3 32.2 44 56.3 61.9 66.2 70.1 73 76.5 79.5 82.4 84.3 82.7 70.2 90.5 100.1 104.2 106.5 107.4 106.7 104.3 101.4
99.2 96 92.7 86.1 80.2 71.8 65.4 60.4 57.3 56.2 66.5 73 72.9 68.2 57.1 47.8 50 60.7 72.9 85.1 93.6 101.8 102.2 97.1 93.6 90.5 89.1 86.6 82.2 81.3 82.9 80.5 75.5 66.7 51.2 54.1 49 44.6 45.4 46.8 54.1 67.4 85.9 105.1 112.5 116.2 118.6 120.7 121.2 119.6 115.2 112.3 113.2 113.2 111.5 108 103.3 97.8 87.6 75.7 61.1 47 36.6 32.8 31.5 45.1 56.4 61.3 65.2 68.9 69.9 70.2 72 70.9 70.3 65 69.6 85.6 93.5 98.7 101.3 101.2 100.3 98.3 95.6
87.1 81.9 75.6 71.3 68 65.9 65.1 63.4 60.3 55.4 51 55.1 59.6 58.4 48.3 45.8 51.9 66.3 78.8 91.8 103.7 109.9 109.4 104.4 100 97.7 95.3 93.3 91.5 90 89.5 86.7 81.8 74.3 61.9 46.5 44.5 45.4 48.6 53.9 68.7 86.9 102.8 109.2 113.5 116.2 118.2 119.3 120.9 118.3 113.3 101.8 98.5 96.3 93.5 93.8 93.5 91 83.9 73.6 58.8 42.6 35.5 32.3 30.9 39.9 55.6 60 63.5 65.1 66 61.8 55.9 54.7 54.6 60.7 72.4 81.9 87 90.9 92.6 92.5 91.8 89.1 86.3
91.4 85.9 81.3 77.3 76.7 76.4 78.1 78.5 72.5 63.2 56.1 48.8 47.2 50.3 44.7 47.8 54.9 66.8 82.7 99.8 109.6 113.6 112.5 109.3 104.6 101.8 98.8 96.4 94.3 93.4 91.3 87.5 80.7 64.5 50.6 44.9 44.1 49.4 53.5 61.3 83.4 95 102.7 108 112 114.5 115.9 116.3 117.4 115.7 111.3 103.3 94.5 82.9 73.7 70.2 70.4 77.1 78.9 71.6 60.3 43.7 34.1 31.5 31.1 39.9 50.9 54.8 57.8 56.8 52.1 48.4 47.5 49.4 55 59.5 69.3 78 81 83.1 83.7 81 78.8 73.1 70.6
97.5 92 87.8 86.7 86 89.2 92.5 91.1 85.5 79 68.8 56.4 47.8 43.9 43.4 48.2 56.1 70.8 89.1 104.8 112.5 115.5 114.5 111.6 106.7 102.4 98.5 94.9 91.5 89.1 86.5 80.4 63.5 45.5 43.7 44.1 47.6 53.5 60.6 64.7 74.8 92.8 99.5 105.2 109.9 112.6 112.6 111.1 108.8 108 106.8 107.7 105.5 98.7 87.4 77.5 65.5 58.3 70 67.7 58.3 43.5 33.7 31.1 31.3 36.6 43 44.8 44.5 42.3 41.4 46.6 55.8 63.8 72.3 74.5 72.4 74.6 78.6 78.2 76.6 71.6 65.7 59.7 54.2
110.4 106.6 105 102.7 103.6 107.3 111.6 110.3 103.5 94.8 82.8 65.2 52.2 44.5 42.4 51.2 62.3 82.1 99.4 108.1 113.6 115.1 113.5 109.3 102.9 96.9 92.6 86.4 83.9 81.1 75.7 61.9 45 43.1 43.1 47.3 54.2 67.7 75.1 72.5 74.2 81.3 94.3 102 108.5 111.9 111.8 104.4 100.7 99.9 102.7 105.7 112.1 109.1 99.6 89.1 76.2 60.3 55.3 64.1 56.2 43 33.3 31.1 30.7 32.3 33.5 36.4 38.5 43.2 50.6 60.2 68.2 74.1 80.2 85.5 86 83.4 81.3 78.5 73.8 68.3 64.9 61.8 56.5
128.2 126.8 126.8 126.1 126.6 128.7 126.9 120.5 112.8 103.3 89.1 69.3 53.5 42.9 42.6 55.6 73.6 93.2 103 110.6 114.5 114.6 111.9 104 95.2 86 77.6 71.1 67.5 65.2 58 43.4 42.3 42.3 48.5 53.7 65 78.7 84.1 86 82.8 86 93.3 102.4 109.1 113.4 114.2 113 102.1 88.6 94.3 100 105.1 108.9 102.7 93.9 82 67.9 51.9 59.9 53 42.3 33 30.5 29.7 35 44.1 45.5 50.9 56.6 63.8 68 70.7 75.4 78.3 82.7 86.1 87.3 88.1 87.1 82.8 78.8 74.9 70.6 62.1
139.7 140 139.9 139.2 139.1 136.2 128.7 121.3 110.8 97.4 79.4 64.1 51.1 41.2 45.3 59.7 80.2 95.7 105.1 112.2 115.6 114.6 110.4 100.5 83.2 72.9 66.5 60.4 56 51.8 45.3 42.6 42.4 47.1 53.8 67.4 81.4 88.4 93 95.4 96 98.6 103.1 107.8 112.6 115.5 117.2 115.9 108.2 85.3 82.5 89.7 94.3 99 99.3 94.1 83.8 69.3 47.3 54.8 51.1 41.1 32.1 30 29.2 35.3 48.3 51.5 55.2 60.2 65.6 69.5 72.4 73.5 75.7 78.2 80.8 82.7 84.3 86 87.3 88 84.2 78.4 70
143 143.2 143.2 142.2 140.5 135.5 128.6 118.8 108.3 91 75.2 61.8 49.1 40.7 43.9 55 80.4 96.8 105.8 112.9 116.2 116.4 112.5 102.2 85.3 79.9 74.1 65.3 57.7 48.2 42.2 42.8 44.6 56.2 69.4 84.1 91 96.2 101 103.7 106 108.9 110.5 113.4 115.9 116.8 117.5 115.2 108.6 84.4 74.1 75.6 80.1 83.1 84.1 81.9 74.3 57.3 42.6 55.2 49.1 40.3 31.4 29.2 28.3 37.2 47.9 52.5 56.3 59.8 64.5 68.6 70.9 72.6 73.3 74.6 75 76.1 77.3 78.6 80.7 81.9 81.8 78 70.3
141.1 141.2 141 140 138.1 133.3 126.5 118.5 106.9 89.6 74.2 59.9 46.6 40.6 47.7 67.7 85.2 94.3 103.4 109.5 113.9 115.5 114.8 112.2 107.1 101 94.3 84.8 58.6 41.7 43.2 43.6 53.2 70 80.4 89.8 97.6 103.3 108.6 111.7 115.4 115.9 117 118.9 119.3 118.9 117.2 113.4 105.9 88 72.1 67.2 63.5 62 64.5 64.6 61.5 51.2 41.5 47.7 45.7 39 32.4 29.9 28.8 36.7 47.6 53 55.8 58.1 61.9 65.5 67.7 71.2 72.8 70.3 67.7 66.7 67.9 69.3 70.9 72.2 72.3 70.1 61.9
132.6 133.3 134.4 133.4 132.2 129 123.5 114.9 104.7 89.9 73.2 58.9 43.1 40.4 52.7 71.4 81.6 90.3 97.9 104.3 109.3 112.4 112.6 113.1 109.9 105.3 99.2 80.6 46.2 42 46.6 50 63.1 74.8 82.5 92.6 101.7 109.2 115 117.9 119 120.9 123.5 124.4 123.7 122.2 119.5 110.8 96 83.1 71.9 67.1 63.1 59 54.7 51.3 49.7 47.9 43.3 38.4 35.9 33.8 31.4 29.3 27.9 37.3 46.5 52.2 54.7 54.4 57.1 60.9 66.9 71.9 74.2 73.3 69 61.6 54.6 56.2 58.6 60.2 61.2 59.7 51.5
120.4 119.7 119.3 122 121.2 122.1 118.7 112.1 102.1 89.3 73 57.4 40.2 42.6 59.1 69 77.1 84.1 91 96.8 102.2 106.8 109.9 111.2 108.1 101.8 92.9 71.3 41.3 44.1 48.7 54.4 61.3 72.8 83.4 93.8 104.4 112.9 118.7 122.1 123.8 126.1 127.4 128.1 128.6 126.4 123.5 117.6 102.3 84.8 72.7 68.6 63.5 60 55.6 50.8 48.4 45.4 42.7 42.9 43.5 38.8 33.1 29 27.9 33 44.1 49.4 51.6 48.2 57.8 63.8 68.7 72.9 75.6 76.2 73 67.7 59.9 51.3 45.6 45.7 48.3 48.6 41.7
102.8 104.4 106.8 108 108 108.2 108.3 103.5 95.4 86 73.1 56.1 39.5 42.8 56.6 65.1 72.1 78 83.3 87.8 93.5 99.3 103.9 105.2 102.6 96.7 85.2 64.7 40.5 43.1 47.6 58.2 68 72.3 82.5 94.5 104.4 113.4 119.4 122.9 124.9 127.3 129.7 131.4 131.8 130.7 127.6 122.6 111.5 85 77.7 73.2 69.6 64.9 59.8 52.5 48.8 45.7 42.7 39.4 41.9 38.6 34.4 29.4 28 27.9 39.6 45.6 48.2 46.5 55.6 61.2 66.7 71.6 75.3 76.1 75.3 71.4 66.9 60.9 54.4 48 42.3 38 35.6
97.5 89.3 93.5 96.3 93.1 88.6 91.8 92.9 90.8 85.1 74.9 58.3 39.3 40.6 50.4 59.4 66.7 72.2 76.2 79.2 85.6 91.2 95.8 98.2 97.2 91.5 81.6 61.7 39.9 41.8 46.9 57.6 75.8 81 85.5 92.6 102.9 111.3 116.9 121.4 124.8 127.4 129.7 131.8 132.9 131.9 129 123.6 110.3 90.7 87 83.3 75.2 69.5 62.1 55.7 50.3 46.5 42.9 39.5 35 34 32.2 30.1 28.2 26.6 34.8 40.9 43 44.6 51.8 57 62.4 68.2 73.3 75.3 74.9 73.5 70.2 66.7 61.4 55.4 49.7 43.2 33.9
100.4 83.6 82.3 82.9 80.1 73.2 76.9 80.2 83.8 81.5 75.5 60.3 42.1 38.8 49.6 58.9 65.1 66.8 65.9 67.1 70.4 78.7 86.4 91 91.9 88.2 80 62.3 39.5 41.3 47.2 55.9 75.9 84.5 93 97.1 101.7 107.8 113.9 119.1 122.6 125.6 129.5 132.2 133.1 132.3 126.7 117.3 105.8 98.2 98 94.4 88.1 80.8 69.8 60.6 55.6 50.7 45.8 43.4 42.4 39.4 34.5 29.7 26.8 27 29.5 36 35.5 41.3 45.4 47.6 54.4 61.8 69.2 73.4 74.3 72.6 69.2 65.6 62.1 57.1 51.5 44.7 33.9
100.4 80.9 72.6 70.3 67 63.7 63.9 68 72.6 73.4 72 63.6 47 37.3 45 53.7 53.9 51.9 57.6 63.2 72.8 80.6 86.3 90.5 93.1 89.7 85.4 64.5 39.2 41.3 47.8 57.2 76.4 87.1 95.2 100.8 105.7 110 113.8 117.6 121.9 127 132.2 134.9 136.4 135 130.4 124 116.7 111.3 107 102.4 96.9 88.5 78.1 69.3 62.1 57 52.6 50.2 46.8 42.5 35.7 29.3 27.1 25.2 27.1 30.4 31.5 34.7 42.1 50.8 61 64.9 67.9 72.8 72.7 72.3 69.5 62.8 57.1 51.1 48.1 42.7 32.4
84.7 75.4 68.2 64.7 61.2 57.4 55.4 54 58.2 61.3 61.7 57.2 49.2 38.1 39.8 42.8 47.7 59.4 69.8 78.2 84.3 89 93.3 95.2 95.8 93.9 89.3 66.3 38.9 42.8 49.9 61.5 77.9 86.9 94.1 99.7 105.9 112.3 117.1 123.4 127.2 132.6 137 139.5 139.7 139 136.1 130.7 124.6 119.1 113.6 107.9 102.2 95.6 87.3 76.9 67.7 61.9 56.3 51.1 45.9 40.3 35.2 29.9 27.6 25.3 26.9 29.4 33.9 39 46.8 57.3 66.1 73.1 75.4 75.8 74.4 68.8 66.4 59.1 47.2 49.6 41.2 35.5 31.4
71.1 66.4 62.3 60.3 58.1 55.1 50.4 48.1 46.2 45.3 48 46.2 45.5 38.2 37.1 40.6 51.2 63 73.4 82.1 88.9 94.8 98.1 98.6 97.6 92.5 86.2 67.6 39.2 44.4 53 62.5 74.5 84.3 91.7 100.5 107.6 114.4 120.5 127.9 132.9 137.2 140.8 142.8 143.7 141.8 139.1 134.8 129.7 123.7 117.3 110.9 104.5 99.1 91.6 82.3 72 64.5 56.9 50 44.6 39.4 33.8 30.5 28.1 25.5 25.9 29.7 38.7 45 51.5 57.7 68.5 76.5 81.9 81.9 78.4 72.2 64 60.3 56.3 51.6 41.4 32.5 32.1
64.6 61.1 59.8 56.9 55.5 61.7 68.3 66.3 61.5 54.3 47.4 41.8 38.4 38.5 36.5 38.5 48.2 63.3 74.6 83.5 90.2 94.8 95.7 94.2 85.4 71.9 61.6 54.9 42.3 42.9 52.5 62.8 75.7 86.8 95.5 103.3 110.3 117.3 125.2 132.1 137 141.3 144.2 145.8 145.2 143 139.7 136 131.1 125.2 118.6 112.3 106.4 100.3 93.2 83.8 73.9 65 57.8 49.6 43.6 38.8 33.4 30.4 28.6 26.1 25.8 31.9 39 46.6 53 58.4 66.6 75.4 82.5 87.4 85.3 80.1 74.6 68.7 59.3 45.3 34.4 30.5 40.9
69.5 69.3 70.9 74.7 76.4 75.1 72.5 68.7 64.4 58 51.7 46 43 39.8 35.9 36 45.9 61.6 74.1 81.8 87.2 89.8 87.8 83.1 69.1 47.9 38.5 38.8 39.4 45.6 54 66.4 80.6 90 98.4 107.5 114.6 122.3 130.1 136.9 142 145.1 146.6 146.5 145.3 143.4 140.1 135.5 130.4 124.5 118.3 112.6 106.3 99.8 92.7 83.2 73.5 64.3 54.2 48.5 42.4 38.2 33.5 30.9 28.7 26.2 23.4 31.2 37.6 45.6 51.9 57.5 64.1 71.3 78.1 85.2 89 87.2 82.1 74 61.2 41.4 31.1 31.3 46.3
92 89.6 85.1 79.2 76.3 74.2 71.7 67.8 64 59.4 54.8 51.1 47.8 44.1 35.5 34.4 44.5 58.9 70.1 78.7 83.2 83 76.8 67.3 55.6 37.8 44.2 46.9 47.3 50.9 61 76 87 95.7 104.7 112.4 120.1 128.5 134.6 140.5 144.9 147.1 147.6 146.9 145.4 143 139.7 134.6 129.4 123.5 117.5 110.6 103.9 97 88.5 78.5 69 60.7 49.4 45.3 40.8 36.9 34.2 31.6 29 26.4 22.9 27.4 36 43.8 50.2 55.3 60.9 66.9 71.2 76.2 81.6 86.3 88.2 81 64.7 39.7 28.9 32.5 47.2
105.6 95.8 86.3 79.1 75.1 74 72.4 70.4 67.1 63.4 58.9 56.9 53.9 48.8 36.2 34.9 42.6 55.7 66.9 76.1 78.5 68.6 53.2 45.6 37.9 40.1 46.5 58.3 65.2 67.7 75.9 85.9 96.7 105.2 113.3 121.1 127.9 134 139.3 143.6 146.5 147.8 147.6 146.9 144.8 142.5 139 134.1 128.6 122.4 114.8 108 100.3 91.4 80.6 68.9 57.3 51 46.4 43.6 40.3 37.1 34.2 31.4 28.7 26.4 23.4 25.4 34.3 42.3 48.2 53.3 57.5 61.6 65 68.3 71.4 75.9 79 79.7 66.2 39.3 28.1 32.2 50
107 94.9 84 77.4 73 72.3 72.6 72.3 69.9 66.5 63.6 61.3 57.3 50.3 39.2 34.2 40.8 51.3 61.5 68.1 66.6 46.1 37.4 36.3 37.4 42.9 49.5 68.4 77.8 82 88.8 98.1 105.9 113.7 120.2 127.4 133.4 138.5 141.9 145.3 146.8 147.7 147.3 145.4 143.7 140.7 137.6 133.2 127.1 119.6 111.1 103.3 94.3 81.3 71.1 61.2 55.9 51.8 47.9 44.5 40.9 38.6 35 31.9 28.2 25.8 23.5 24.7 34.7 41.9 46.4 50.3 53.3 56.3 59.2 61.2 62.7 63.4 64.2 63 55.2 35.7 27.8 33.3 50.2
96.3 86.3 78.8 73.1 70.2 68.1 72.1 73.6 71.6 67.3 63.2 58.7 53.9 47.9 39.2 33.5 38.6 47.2 53 55.8 41.6 35.7 35.9 36.1 40.6 52.7 66.5 80 88.7 94.4 99.9 105.8 112 118.6 124.9 130.9 136.2 140.4 143.8 145.8 147.5 146.8 146 143.7 141 138 133.9 128.9 122.5 114.7 106.1 96.5 84.4 74 67.7 61.4 57.2 53.5 49.5 46.7 42.8 39.3 36.6 32.7 28.8 25.5 23.3 23.1 35.6 40.8 43.8 46.7 49.3 51.7 53.1 53.7 53.9 54.1 53.2 51 44.6 28.6 26.9 39.9 48.6
79.6 73.6 69.8 66.4 63.8 62.4 67.4 69.1 66.8 63 58.8 54.8 50.1 44.8 36.7 32.7 38.4 44.6 47.7 44.5 34.8 35.4 35 39.4 48.5 65 77.1 89.3 97 102.2 107.1 112 116.9 123.1 128.7 133.3 138 142.2 145 146.7 147 146 144.5 141.3 137.8 133.8 129.3 124.1 117.7 109.7 100.8 89.2 78.6 71.4 70.8 68 62.6 57.1 52.7 49.9 45.7 41.5 38.6 34.3 28 25.5 23.4 23.6 35 38.6 40.8 43 45.1 46.4 47.4 47.5 47.4 46.9 45 42 33.1 25.4 31.6 40.6 45.2
65.5 62.3 58.5 55 52.3 53.3 56.6 61 59.5 57.1 53.8 50.6 46.3 41.7 34 32.6 37.7 41.9 43 35.9 34.1 35.2 38.3 43.6 59.1 74.9 85.6 94.3 101.2 106.9 111.7 116.2 121.3 126.1 130.8 135.1 139.4 143.9 146 147.9 146.7 145.3 142.5 138.7 132.4 125.8 122.1 116.6 106.4 98.4 91.4 86.7 83.3 79 77.7 77.7 73.6 68.1 62.6 55.5 53.6 50 43 37.9 28.6 25.2 23.6 22.7 34.2 36.2 38.3 40.5 42.5 42.7 42.1 41.4 41.3 40.1 38.6 35.3 27.7 26.1 34.2 38.3 41.9
77.1 69.9 66.6 63.4 60.4 55.3 47.7 47.8 53 51.5 49.2 46.2 43.7 39.2 32.8 33.1 36.5 39.1 39.1 33.8 34.5 36.1 40.7 48.6 61.5 73.5 84.1 94.7 102.6 109.4 114.8 119.6 124.6 128.9 133.1 137.5 141.9 145.6 147.4 148.2 146.8 144.4 141.1 135.7 128.5 123.1 118.1 112.4 105.3 99.6 95.2 91 88.2 87.7 87.2 87.1 85 81.2 73.3 67.6 65 59.7 50.6 42.1 32.9 25.2 24.4 22.3 30.8 33.9 35.9 38.1 40 39.7 38.1 37 35.6 34.3 32.7 29.5 24.7 26.6 32 35.2 38.1
91.5 82.9 81.3 80 78.7 72.1 62.5 50.8 42.8 47.3 46.2 44.2 41.9 37.3 32.5 32.3 35.1 37.9 40.8 33.3 34.4 35.3 40.7 50.8 63.1 73.9 83.8 93.7 103.5 109.8 116.1 121.7 127.1 131.7 135.8 140.2 144.6 147.3 148.9 148.7 147.9 146 141.8 135.5 131.2 126 122.2 116.8 109.1 103.6 99.2 96.6 97.4 99.4 98.4 98.2 95.8 90.7 81.1 76.3 71.2 64.8 54.1 44.1 35.9 27 23.3 21.4 24.5 32.7 34.3 36.1 37.4 37.5 36.1 34.1 32 30.8 29.9 27 23.7 25 28.9 31.6 34.3
98.3 94.3 92.2 91.3 88.8 84 75.9 64.6 51.1 38.8 43.4 42.9 41.5 38.7 32.4 32.4 33.9 38.1 43 35.7 33.3 34.2 39.3 50.1 63.4 73.9 83.6 93.4 102.4 109.3 116.7 122.8 128.8 133.7 138.1 142.3 146.1 148.7 149.8 149.9 148.9 147.2 144.9 141.6 137.2 132.6 129.4 124.7 119.1 111.5 108.9 109.5 109.9 107.7 106.3 105.5 102.9 98.7 90.2 82.1 73.9 65.2 54.7 43.8 36.1 29.1 24.4 21.9 22.3 30.8 32.4 33.7 35 35.3 34.9 33.1 30.2 28 27.3 24.8 22.8 24.6 26.3 27.6 29.5
97.6 99.1 98.5 97 92.8 87.8 81.7 72 59.8 44.5 38.2 41.1 40.9 38.9 31.1 31.4 33.7 38.2 44.8 51.4 38.2 31.9 35.7 45.8 60.6 73.8 86 96.1 104.8 112.4 116.7 123.4 129.7 134.7 139 142.6 145.9 148.1 149.2 149.3 148.9 147.9 146.3 144.1 141.4 137.7 133.9 130.2 126.3 122.1 119.8 118.9 117.3 115.9 114.9 113.2 109.6 104.6 97.5 85.6 73.9 62.1 52.4 44.6 37.1 31.5 26.4 23.7 21 25.7 28.7 31.4 32.5 33.1 32.3 31.3 29.5 28.1 26 24.2 22.7 23.1 24.2 24.8 25.2
96 99.9 98.7 96.2 92.5 87.6 81.6 73.3 63.1 51.1 39.5 35.4 38.7 37.6 30 30.8 31.7 34.1 43.8 53.8 51.2 38.1 31.8 38.7 53.3 73.1 90.3 101.7 110.5 117.9 122.3 126.1 130.6 135.1 139.1 142.4 145.3 147.3 148.1 148.1 148 147.5 146.6 144.9 143.2 140.6 137.5 134.9 133.2 130.9 128.6 127.6 125.8 122.9 119.9 117 113.6 108.4 100.1 89.2 75.4 61.6 51.9 45.1 39.1 32.7 28 24.5 21.9 20.4 24.9 28.1 30.7 31.5 30.8 28.7 27.5 26.5 25.7 23.8 22.1 22.7 23.3 23.4 23.8
92.7 95.9 93.7 90.8 88.9 85 79.6 72.3 63.9 53.2 45.9 38.7 31.8 33.7 30.5 29.5 29.8 31.9 35.3 44.8 46.2 36.5 32.4 36.9 55.5 74.9 91.8 104.8 114.2 121.6 126.6 129.5 132.4 135.3 139 141.3 143.6 145.1 145 144.6 145 145.7 144.7 143.6 142.2 140.3 139.2 139.2 138.8 136.7 134.9 131.9 130.2 127.3 123.4 119.3 115.1 109.2 102.5 91.9 77.2 64.7 54.9 47.5 42.5 35.3 29.6 25.5 22.8 19.9 21.2 24.4 27.8 30.3 30.7 28.6 26.2 23.7 23.2 22 21.6 22.3 23.6 24.2 25.5
