data/SN31.asc
ncols 200
nrows 200
xllcorner 230000
yllcorner 210000
cellsize 50
[rows 114 to 151 of 200, columns 86 to 171 of 200]
68.9 67.9 64.5 60.9 55.8 51.3 49.2 48.4 48.4 50.4 54.7 58.7 67.4 71.2 70.5 71.4 72.6 76.1 79.9 81.2 82.8 84.7 84.2 85.4 85.8 85.9 87.4 88.4 89.1 89.7 89 87.1 85.1 83.6 81.2 77.9 74.9 69.1 64 59.4 55.2 50.8 47.3 45.2 42.1 39.7 34.6 41.4 44.6 45.1 49.1 47.6 47 45 41.2 39.9 38.5 35.9 30.7 25.8 22.3 18.4 13.8 14.9 17.9 19.7 21.6 23.7 27.9 32.9 36.9 40.2 43 45.6 48.2 50.9 54.3 57.6 60.6 64.7 69.6 67.6 61.6 53 38.5 26.6
59 56.9 51.6 49.1 44.3 45.7 47 48.5 53.6 57.9 59.2 70.7 82.8 85.3 82.1 81.8 83.2 84.3 86.8 88 90.2 93.7 91 91.4 90.8 88.7 90.8 91.2 91.5 92.1 91.1 90.2 87.6 86.3 83.6 79.2 75.1 70.5 65.5 60.1 55 49 45.1 41.2 39.6 40.1 36.1 38.8 33.2 29.7 38 41.2 41.6 38 35.2 33.5 31.9 31 27 22.9 20.1 16.6 13.7 14.7 15.8 18.3 20.9 25.3 30 33.3 37 41.1 44.4 47.7 50.3 53.6 62.2 63.1 65.7 69.6 75.5 73 68 57.4 39.5 26.1
47.8 44.4 44.7 45.1 45.9 46.6 50.4 55.6 62.7 69.3 75.1 84.6 93.2 94.2 92.8 92.4 94.4 95.9 98 99.1 100.1 99.7 97.9 97 95.9 93.2 93.2 94 94.6 95.2 93.6 92.3 90.3 88.6 84.9 80.9 76.5 72.2 65.6 60 53.9 48.9 48.5 47.6 45.7 43.5 40.9 42.1 40.3 36.1 28.6 29 34.6 31.8 29 27 25.6 25.2 22.5 20.5 17.6 15.2 13.9 14.8 16.9 19.8 21.7 25.5 30.4 34.1 37.8 42 46.4 50.2 57.8 67.3 70.9 70.4 71.6 74 78 76.3 72 62 41.8 27.2
44.7 44.3 45.7 47.2 48.2 52 58.6 66.2 73.1 82.9 91.9 95.5 99.9 101.8 102.1 103.1 105.9 105.7 105.7 105.9 106 104.6 102.2 101.1 100.3 96.6 96 97.3 97.7 98.2 96.5 94.4 91.9 89.3 85.6 81.7 77.8 73.5 66.5 60.7 54.8 53.2 53.4 52.6 52 51.6 49.7 51.6 50.1 45.6 40.1 29.8 24 21.9 20.1 20.5 19.4 20.1 18.7 17.7 15.2 12.9 11 13.9 17.5 20 22.8 25.9 31.3 36.7 39.6 43.9 50.5 56.5 67.2 74.6 77.4 75.9 77.6 79.7 81.6 77.9 73.5 62.7 43.8 28.7
44.6 48.1 49.5 51.6 53.5 62.6 68.9 76.5 85.2 93.5 96.3 102 104.4 106.2 108 108.4 108.3 108.6 109.9 110.9 111 109.5 106.8 104.6 102.1 99.9 99 99.8 100.4 99.7 98 94.6 91.2 88.8 85.9 82 77.5 72.5 66.5 60.1 56 59.1 58 60.1 62.2 63.7 63.9 60.3 54.2 45.6 39.9 35 25.7 18.1 15.1 16.1 15.6 14 14.2 14.2 13.7 11.7 10 13.2 18.7 22.6 26.4 31.4 37.3 43.5 49.7 53.6 59 63.9 72 80.7 81.6 80.6 83.2 86.1 83.4 78.7 73.8 65.5 48.8 28.2
55.4 56.9 57.4 59.5 60.2 64.7 73 79.9 89.8 94.7 98.9 102.8 105.2 107.6 108.8 109.9 110.8 111 110.7 111 111 111 108.4 106.4 103.8 102.3 101.9 102.1 102.4 101.3 98.8 95.1 91.9 88.9 86.2 81.5 76.9 72 66.5 62.1 60 62 64.7 67.4 70.1 73.9 69 63.2 57.3 46.8 41.3 35.5 29.1 22.6 17.6 14.8 13.6 11.9 12.2 11.7 11.5 11.1 9.7 14.1 19.8 24.6 30.4 38.8 46.2 52.4 57.3 61 66.4 70.8 78.2 83.2 83.7 84.4 85.8 86 80.7 75.8 71.7 63.5 47.9 28.9
72.4 73.4 69.1 65.7 67.3 70.4 77.6 78.4 84.4 93.2 97.8 102 104.5 106.1 107.4 108.6 109.9 111 110.4 110.5 111 110.4 109.2 108.1 105.7 105.5 105.6 104.8 104.3 102.5 98.9 96.4 93.3 89.9 86.1 81.3 76.6 72 67.8 64.5 64.6 66.4 69.5 73.9 76.1 75.4 70.2 64.7 59.2 51.1 43.4 36.5 30.5 24.3 19.9 14.7 11.7 10.7 10.1 9.7 9.2 9.1 10.1 15.5 20.3 26.2 36.3 45.7 53.9 59.9 64.4 68.6 73.5 76.1 76.9 83.9 81.4 82.8 83.1 80.5 75.6 72.4 65.3 56.4 46.3 30.6
87.2 84.2 78.9 73.5 70.9 75.3 80.4 85 87.6 90.6 94.1 98.8 101.4 104.1 105.9 107.1 108 109.8 110 109.4 109.6 109.2 110.9 109.6 108.5 107.1 105.1 104.4 103.9 102.5 100.4 98.7 96 92 87.8 83.3 78.8 73.7 70 68.6 68.2 69 72.7 76.2 76.4 75.4 70.6 65.3 59.9 53.3 45.2 38.2 31.8 24.2 18.5 13.2 9.9 8.6 9.6 9.4 9 10.1 14.7 17.7 23.2 30.6 41.4 53.7 62.1 66.9 70.6 74.2 74.8 74.6 73.6 76 75 75.2 74.1 68.9 66.1 59.8 51.3 46.7 39.7 28.3
94 91.4 86.7 81.8 77 77.8 81.7 87.1 90.3 90.3 92 95.5 98.3 100.6 102.9 104.2 105.6 108.1 109.3 110.3 111.3 111.7 111.6 110.6 108 106 104.2 104.2 103.8 103.3 102 100.4 98.2 93.8 89.7 85.5 80.9 76.7 74.2 72.9 72.2 70.9 75.4 76.4 75.5 73.7 68.6 63.9 58.9 53 44.3 37.4 30.1 23.3 16.9 12 8.9 7.7 8.4 9.1 9.5 14 18.9 21.7 29.5 38.3 47.4 56.3 65.7 69.3 72.6 72 72.2 69.7 68.2 68.6 68.7 65.4 62 59.2 53.9 46.5 40.7 36.6 30 19.5
98.1 94.7 91.3 87.1 83.9 82.8 83.8 86.8 90.4 91.8 92.9 94.1 94.3 97.3 99.1 101.7 104.1 107.4 110.6 112 113 113.6 112.4 111.4 109.1 105.6 104.3 103.6 102.7 102.8 102.6 103.5 100.7 95.6 91.3 86.8 82.5 80.1 78.1 76.9 75.9 75 77.2 77.4 74.9 71.4 66.5 61.7 57.2 49.7 42.6 35 27.6 20.4 15.6 11.6 7.5 6.6 8.1 8.7 13.4 17.8 22.5 27.9 34.9 42.6 49.8 58.5 62.4 67 69.9 70.5 67.5 63.5 62.2 59.8 57.1 55.4 53.5 49.5 42.5 35.1 29.1 25 17.8 11.1
99.4 97 93.6 90.3 87.5 84.8 84.4 87.2 90 92.6 93.8 94.6 94.9 96 98.1 100.7 104 108.3 111.7 113.4 114.7 115.1 113.7 110.5 109 106.5 104.4 102.7 101.5 101.6 101.8 105.1 101.7 97.3 92.7 87.7 84.9 83.6 82.3 81.1 80.1 79.1 78.5 78.1 74.5 69.9 64.7 58.6 52.6 45.6 38.6 31.9 24.7 17.7 11.1 5.8 4.9 4.4 6.7 11.4 17.2 21.9 27.3 33.9 40.4 45.6 51 54.7 58.3 60.3 63.1 62.2 59.3 56.8 57 55.1 50.2 48.9 44.7 39.2 32.3 24.8 15.2 7.5 -2.1 -2.1
101.2 98.5 95.1 91.8 89.1 87.6 86.8 88.1 89.3 92 94.7 95.7 96.7 98.6 100.5 102.4 104.5 108.6 110.9 112.4 113.1 114.4 112.1 110.1 108 105.6 103.2 101.7 100.4 101.2 101.8 101.6 101.8 96.8 92.2 90.5 89.2 87.8 86.5 85.4 84.3 82.4 80.6 79.2 75.8 70.7 62.9 55.2 48.6 41.8 35 27.9 21.1 13.7 6.7 4.9 3.5 4.3 9.7 16.6 21.4 26.5 32 37.4 42.5 47 48.7 51.1 52.7 53.2 53.6 53.3 51.1 51.4 51.4 46 41.2 38.2 33.9 28.3 20.4 10 -2.1 -2.1 -2.1 -2.1
103.3 100 96.7 93.6 90.9 88.6 88.5 88.7 89.5 91.6 94.2 96.9 99.3 101.1 103.1 104.8 104.8 107.8 110.1 111 111.5 112.4 110.2 108.7 107.1 104.7 102.4 100.3 100.2 101.7 101.7 101.4 100.8 96.4 94.7 94.2 93.2 91.9 90.7 89.1 87.5 85.3 83.1 81.4 76.2 67.7 60.7 51.5 45.3 39.8 33.2 26.1 18.2 10.8 5.1 3.5 9.6 10.9 14 23.4 28.4 31.4 36.2 40.6 43.7 45.3 46.2 45.9 45.8 45.6 44.7 41.9 39.2 39 38.2 33.9 31.2 27.7 22.3 15.2 5.5 -2.1 -2.1 -2.1 -2.1 -1.6
104.9 101.6 98.3 95.4 92.7 89.5 88.3 88.1 89.3 90.7 93.9 96.9 101 103.7 105.6 106.2 106 107 109.2 109.6 110.1 110.5 108.8 107.3 104.6 101.6 99.5 97 99 100.2 100.8 101.3 101.1 98.8 99.1 98.1 97 95 93 91.5 89.3 86.9 84.9 82.6 73.9 64.2 57.3 47.4 42.8 37.6 31.4 26 20.3 10.5 5.7 3.2 11.9 17.7 21.6 25.5 29.7 32.7 37.1 40.4 41.4 40.8 40.4 38.2 37.4 36 33.8 28.8 27.3 25.8 23.2 21.8 19.5 12.8 4.8 -2.1 -2.1 -2.1 -2.1 -0.8 -0.3 0.1
104 102.8 99.9 96.9 93.3 89.6 87.9 87.1 88.7 90.3 92.8 96.7 100.5 104.2 105.9 106.3 106.7 107.3 107.9 108.5 109 108.1 107 105.3 101.4 97.6 95.1 93.5 95.4 98.6 99.4 100.4 101.2 102 103.2 103.5 100.6 98.1 94.7 92.4 90.3 87.8 84.6 81.4 72.4 62.2 54.9 47.5 43.5 37.5 31.1 26.5 22 11.3 4.6 3.7 12.6 18.7 23.3 25.3 27.5 29.5 32.3 35.2 35.5 34.5 32.9 30.8 28.5 25.1 22.3 20.6 18.6 17 14.3 9.5 3.6 -2.1 -2.1 -2.1 -2.1 -2.1 -0.1 0.9 1.5 1.8
102.2 101.6 100 97.5 94 89.4 87.3 84.9 86.2 88.2 90.3 95.2 99.2 103.1 106 106.4 106.9 107.2 107.4 107 106 104.9 103.8 101.2 97.7 94.1 90.8 89.8 93.1 95.2 98.2 99.8 100.8 103.2 105.5 104.9 102.2 98.9 95.4 93.2 91.3 89 86.5 79.7 71 62.8 57.8 49.9 46.6 42.7 39.6 32.7 23.9 15.1 3.7 3.6 -2.1 18.8 22.4 23.2 23.1 23.5 25.4 27.9 27.8 26.9 24.8 22.7 20.7 18.3 15.8 12.2 9.1 5.8 2.8 1.8 0.5 -2.1 -2.1 -2.1 -2.1 0.2 1.4 2.5 3.3 3.4
100.3 99.8 98.8 96.5 93.3 88.6 86.1 83.9 83.3 85.3 88.4 93.3 97.8 101.5 104.6 105.7 105.9 106.4 106.5 104.5 103 101.7 100.6 97.3 92.8 89 86.4 87.3 88.8 91.5 94.5 97.3 99.5 101.8 103.1 103.7 102.3 99.7 96.1 93.1 90.7 88.3 85.7 79.8 71.1 67 62.9 59.5 57 55 50.4 46.2 33.6 19.9 9 3.2 -2.1 14.2 17.6 18.7 17.9 17.3 19 21.1 21.4 19.9 18.4 17.1 14.9 12.4 9.1 5.2 2.9 2.2 1.5 0.4 -2.1 -2.1 -2.1 -2.1 0.2 1.8 3 4.2 5.2 3.7
98.2 96.6 94.8 93 90.9 88 84.5 81.7 80.6 82.6 86.5 91.1 95.6 99.3 102 104.5 104.9 105 104.1 102.1 100.3 98.9 97.6 94.5 89.7 84.4 81.4 82.2 84 87.1 89.9 92.6 96.4 98.1 98.9 99.6 100.5 98.1 94.3 90.7 88.8 86.9 84.5 81 75.4 73.8 70.6 69 64.1 59.6 56.4 51.9 43 26.2 13.9 5.3 -2.1 -2.1 13.5 13 12.2 11.6 12.3 14.5 15.2 13.4 11.3 10.1 8.2 5.4 3 2.5 1.8 1.1 0.4 -0.5 -2.1 -2.1 -2.1 0.1 2.1 3.4 4.7 5.8 4.5 3.5
95.8 93.4 91.3 89.6 88 84.8 81.6 78.2 77.6 81 84.9 88.9 93.2 97.2 99.7 101.9 102 101.5 100.4 98.2 96.6 95.5 93.1 90.4 86.5 83 79.8 79.4 78.8 81.9 84.7 88.1 91.2 93.7 94.6 95.3 96.5 93.5 89.8 87.3 85.4 84.6 83.5 82 80.4 81 76.7 71 64.4 58.4 53.9 49.9 45.1 32.8 19.4 6.4 3.2 -2.1 -2.1 3.9 4.2 4.1 4.3 5 5.9 5.3 4.3 3.7 3 2.5 2 1.5 0.8 0.1 -0.6 -2.1 -2.1 -2.1 -2.1 2.4 3.6 4.5 5.3 4 5 5.1
91.5 90 87.9 86 83.7 80.6 77.4 74.3 76.3 80.2 84.1 87.6 91 94.5 96.7 98.9 99.1 98.2 96.3 94.2 91.6 89.3 87.3 84.7 82.5 79.7 76.6 73.5 75.1 77.8 79.9 82.3 85.4 88.1 89.8 90.8 90.7 87.6 85.1 84.5 83.7 82.9 81.9 81.4 80.8 77.2 72.6 68.1 62.2 55.1 49.9 44.7 38 29.9 16.9 7.6 3.3 3.2 -2.1 -2.1 3.3 0.9 1.2 1.7 2.4 2.5 2.5 2.3 2 1.6 1.1 0.5 -0.1 -0.9 -2.1 -2.1 -2.1 -2.1 2.8 3.8 5.7 5.9 5.8 4.7 4.4 6.8
88.6 85.8 83.9 81.1 79.5 76.3 73.2 73 76 79.3 82.6 85.9 89.4 92.7 94.7 97.1 97.6 96.5 93.6 90.4 86.8 83.8 81.9 79.5 77.8 76.6 74.3 71.8 73.2 74.7 75.1 77.4 79.8 82.3 84.8 85.5 84.6 83.3 82 81.2 81 80.8 79.8 78 75.5 71.3 66.6 62 56.5 48.5 42.5 36.4 29.5 21.7 12.4 8.1 4.9 3.2 1.7 -2.1 -2.1 -2.1 -0.6 0.3 1.4 1.4 1.2 1.1 0.9 0.6 0.2 -0.4 -1 -2.1 -2.1 -2.1 -2.1 3.7 3.3 4.8 4.1 4.5 5.2 6.7 6.4 7.7
86.4 84 80.1 77.4 74.5 72.7 70.2 72.2 75 77.6 80.9 84.3 87.8 91.2 94.2 95.6 96.2 94.5 91.8 87.2 83.2 79.1 78.4 76.9 75.6 74 71.9 70.1 70.3 70.7 70.3 72.6 75 77.3 79.6 80.5 80.9 79.7 78.8 77.1 76.4 75.9 75.3 73.4 70.2 65.7 60.8 55.8 47.8 39.9 33.2 27.1 20.9 13.6 8.8 4.3 2.9 2.1 0.9 -1.2 -2.1 -2.1 -1.8 -0.7 0.2 0.2 0 -0.1 -0.3 -0.5 -0.7 -1.3 -2.1 -2.1 -2.1 -2.1 3.6 4 6.5 6.5 4.8 5.2 5.8 6.8 7.6 10.2
85.4 82.3 78.8 75.1 72.4 70.1 67.2 71.9 74.3 77 79.4 82.8 86.4 89.6 92.8 94.3 93.8 92.2 89.6 84.8 80 76.7 75.8 74.5 73.2 71.6 70.2 68.3 67.5 67.1 66.9 68.7 70.1 72 74.3 75.5 76.7 77.2 75.7 72.9 71.9 71.1 70.9 70.1 66 60.2 54.2 46.9 38.7 31.3 24.2 18.3 12.9 9.4 4 2.5 1.6 0.9 0.2 -1.9 -2.1 -2.1 -2.1 -1.6 -0.9 -1 -1.2 -1.4 -1.5 -1.7 -1.9 -2.1 -2.1 -2.1 -2.1 3.7 3.9 6.5 9.1 8 5.5 6.3 7.5 8.9 11.3 13.4
85 81.6 78 73.5 69.3 68.8 68.9 70.2 72.3 74.3 76.7 79.6 83.9 87.4 90.4 91.3 91.9 90.1 86.8 82 77.3 73 71.7 70.6 69 68.8 67.5 66.9 66.5 65.2 63.2 64.4 65.7 67.5 69.3 71.5 73.7 75.3 72.1 68.8 66 65.9 66.3 64 60.9 54.2 46.7 38.1 29.8 23.4 17.6 12.2 9 3.3 2.2 1.2 0.2 -0.5 -1.1 -2.1 -2.1 -2.1 -2.1 -2.1 -2.1 -2.1 -2.1 -2.1 -2.1 -2.1 -2.1 -2.1 -2.1 -2.1 -2.1 4 2.4 5.4 5.6 8 6.6 8.1 10.1 12.1 14.6 17.2
84.4 80.6 77.1 72 66.5 66.3 66.5 68.5 70.4 72.2 73.6 77.2 80.8 82.8 85.6 87.5 89.3 87.1 83.8 79.4 74.9 70.4 68.4 66.6 65.3 64 63.5 64.6 64.3 61.6 59 59.4 60.5 62.3 64.3 67 69.5 71.1 68.2 65 60.6 60.3 59.9 57.4 53.5 46.6 37.8 29.9 23.3 17.2 11.6 8.5 2.8 1.7 0.7 -0.3 -2.1 -2.1 -2.1 -2.1 -2.1 -2.1 -2.1 -2.1 -2.1 -2.1 -2.1 -2.1 -2.1 -2.1 -2.1 -2.1 -2.1 -2.1 4 4.3 4.9 8 7.8 8 11.1 12 14.2 17.5 21.1 25.3
83.2 80 76 70.1 63.9 63.5 64.1 65.9 67.8 69.8 70.1 71.8 76.6 78.6 82.7 86 86.6 84.8 81.9 77.4 73.6 68.7 66.1 64.7 62.2 60.4 60.2 61 60.7 58.2 55.5 54.2 55.4 57.1 59.7 62.4 64.7 65.4 65.1 62.5 56.5 53.8 54 50.5 46.9 37.9 30.1 23.3 16.6 11 3.8 2.5 1.3 0 -1 -2.1 -2.1 -2.1 -2.1 -2.1 -2.1 -2.1 -2.1 -2.1 -2.1 -2.1 -2.1 -2.1 -2.1 -2.1 -2.1 -2.1 -2.1 4.1 4.8 6.8 7.3 9.9 11.9 12.2 16.5 18.7 22.8 28.9 33.1 34
83.3 79.6 76.4 70.5 63.9 61.2 61.9 63.4 65.4 66.5 66.6 68 72.5 78.4 82.6 84 83.6 82 78.8 74.9 75.4 71.1 66.8 63.3 59.6 56.9 55.8 57.1 56.7 54.8 52.6 49.9 48.5 48.8 50.8 56.7 58.3 59.4 59 58.8 52.6 47.9 45.4 42.9 38.6 30.3 23.8 16.9 10.3 3.4 2.2 1.3 -0.3 -1.7 -2.1 -2.1 -2.1 -2.1 -2.1 -2.1 -2.1 -2.1 -2.1 -2.1 -2.1 -2.1 -2.1 -2.1 -2.1 -2.1 -2.1 4.2 5.3 8.4 6.6 8.4 10.8 13.2 15.6 16.3 19.5 25.6 30.3 35.5 37.7 38.4
85 81.2 76.9 71.3 64.8 59.8 59.5 61.2 63 62.9 62.7 66.4 70.8 75.1 77.2 78.7 80 83.9 84 83.5 83.3 78.6 74.2 68.1 62.3 58.4 57.1 56.7 53.1 50.7 49.3 46 40.8 39.9 39.4 46 52 53.4 54.4 52.3 48.4 43.6 37.3 34.6 30.4 21.8 16.7 11.5 3.1 2.1 1 -0.1 -1.2 -2.1 -2.1 -2.1 -2.1 -2.1 -2.1 -2.1 -2.1 -2.1 -2.1 -2.1 -2.1 -2.1 -2.1 -2.1 -2.1 -2.1 5.4 7.5 8.3 8.7 9.6 11 14 17.1 21.4 23.3 23.8 26.6 34 37.4 41.6 44.1
90.1 83.8 77.9 72.2 65.4 58.3 57.4 58.2 58.9 59 61.7 64.5 67.8 70.8 74.9 79.3 83.5 87.1 90.5 91.2 88.9 85.5 80.2 73.1 65.8 64.6 63.4 58.1 54.3 49.5 44.8 39.1 37.7 36.7 37.6 42.2 45.3 45.4 47.1 45.6 42.1 37.9 30.5 26.4 21.4 14.7 9.4 3.2 1.9 0.8 -0.3 -2.1 -2.1 -2.1 -2.1 -2.1 -2.1 -2.1 -2.1 -2.1 -2.1 -2.1 -2.1 -2.1 -2.1 -2.1 -2.1 -2.1 3.9 6.1 7.3 10 11 12.2 14.1 17.4 25.7 32.2 33.9 32.6 31.2 31.6 36 40.8 46.3 51
92.2 86 79.3 71.2 64.1 58 55.5 55.7 56.6 57.3 59.6 63.1 69.4 75.3 79.6 83.4 87 90.2 93 93.6 92.1 89.4 85.6 79.5 74.9 74.3 71.4 64.9 57.7 52.8 47.3 44.2 44.5 45.1 43.1 38.6 37.4 37.9 38.8 38.1 35 30.5 23.1 18.5 13.1 5.3 2.8 1.9 0.7 -0.5 -2.1 -2.1 -2.1 -2.1 -2.1 -2.1 -2.1 -2.1 -2.1 -2.1 -2.1 -2.1 -2.1 -2.1 -2.1 -2.1 -2.1 4.3 6.1 7.3 10.4 13.8 15.3 18.7 26.6 39 47.8 49 46.5 41.8 38 38.4 39.9 44.2 48.5 51.4
92.5 87.1 78.4 70 62.8 57.5 53.8 54.2 55.4 58 63.4 67.6 72.6 76.9 80.5 84.1 87.1 90.5 92.9 93.7 93.8 92.5 88.1 85.4 82 81.2 76.7 70.6 58.8 55.6 55 52.8 51.2 48.6 42.4 37.3 32.2 29.7 30.3 29.9 27.7 23.7 18.2 13.4 8.4 3.2 1.9 0.4 -0.6 -2.1 -2.1 -2.1 -2.1 -2.1 -2.1 -2.1 -2.1 -2.1 -2.1 -2.1 -2.1 -2.1 -2.1 -2.1 -2.1 3.6 3.2 4.9 7.2 10.6 13.7 17.1 24.7 32.1 42.4 50.6 57.3 58.7 57.4 53.1 47.3 43 42.4 46.4 49.9 52.7
89.8 86 79.4 68.4 61.4 55.9 51.3 53 54.4 60 67.1 71.4 75.5 76.5 79.4 82.5 85.4 89.2 92.5 93.5 94 94.6 93.3 90.4 87.4 85.5 80.5 68.9 60.7 59.2 61.4 64.8 61.6 55.9 47.4 36.8 31.9 23.4 20.2 21 20.1 16.6 11.8 7.9 3.8 3.3 1.3 -0.5 -2.1 -2.1 -2.1 -2.1 -2.1 -2.1 -2.1 -2.1 -2.1 -2.1 -2.1 -2.1 -2.1 -2.1 -2.1 4.1 5 3.2 4.1 6.5 13.1 15.7 22.6 31 40.5 44.6 48.7 55.8 63.2 65.7 65.5 62.4 56.3 50 47.5 49.3 53.3 57.5
85.2 81.5 76.7 66.9 59.6 54.1 50.7 52.7 57.6 63.6 69.7 71.8 73.6 72.2 75.2 79.2 84.1 88.5 92.8 95.6 98 98.6 97 94.7 91.1 88.3 80.7 69.8 62.2 63.5 67.4 74.2 72.6 66 55.3 40.6 31.5 24.9 18.1 13.5 12.5 9.9 8.2 7.4 4.6 2.6 0 -2.1 -2.1 -2.1 -2.1 -2.1 -2.1 -2.1 -2.1 -2.1 -2.1 -2.1 -2.1 -2.1 3.9 3.2 3.2 3.2 3.6 3.9 5.4 12.1 21.2 25.8 28.8 35.3 40.3 44.7 52.5 60.4 66.8 70.4 71.2 68.4 62.9 57.1 53.7 53.8 57 61.2
76.1 72.9 69.5 63.9 58.4 53.4 51.2 52.8 59.1 61 65.7 67.2 65.1 68.1 72.6 79.3 86.1 90.6 94.8 98 100.7 100.6 100.1 97.9 94.2 89.9 84.1 71.8 65 68.4 78.8 84.2 82.3 76.4 65 49 32.9 26.8 21.1 13.3 11.7 12.3 10.3 10.5 6.1 1 -2.1 -2.1 -2.1 -2.1 -2.1 -2.1 -2.1 -2.1 -2.1 3.4 5 5.3 5.8 3.6 4.7 4.8 3.9 3.2 4.2 5.6 5.2 11.5 16.7 23 26.5 32 39.7 45.9 54.7 63 68.4 73.8 75.6 72.9 68.1 63.8 59.5 57.8 61.3 64.8
65.5 62.9 62.7 60.3 57 52.1 50 52.5 55.7 56.7 58.9 60.9 62.4 68.4 75 81.2 87.8 92.5 96.7 100.2 101.6 103 101.8 99.1 95.7 92.2 85.8 76 70.3 79.4 87.4 91.7 89.9 84.8 77.4 63.4 46.4 29.6 23.7 15.2 13.3 14.6 14.1 11 3.3 0.1 -2.1 -2.1 -2.1 -2.1 -2.1 -2.1 0 2.2 4.8 4.9 5.1 5.4 5.9 5.4 2.8 3.2 3.7 3.5 6.1 4.9 5.9 7.7 10.7 15.6 20.6 27 36.9 47.6 53.7 60.9 68.8 75.3 77.9 76.6 73.4 70.4 65.2 63 62.8 65.7
56.2 57.1 57.7 56.7 54.5 51.5 49.1 49.7 52.2 53.6 55.7 59.6 64.7 70.9 77.3 84.3 89.4 94.3 98.4 101.4 103.4 104.4 102.3 100 96.9 93.3 87.3 78.9 77.6 85.8 92.4 93.7 93.2 89.7 84.2 75.3 58.8 42.5 27.4 23.7 20.2 16.4 14 7.5 2.2 -2.1 -2.1 -2.1 -2.1 -0.9 0.2 1 2.9 4.5 4.6 5.2 4.5 5 5.2 4.8 3.5 3.2 4.3 5 4.4 4.3 6.4 8.2 9.9 13.8 16.6 22.6 33.3 43.9 52.5 60.3 68.3 74.9 78.4 80.4 78.4 74.9 70.8 69 67.1 67.2
52 51.8 52.6 52.8 51.2 48.6 46.7 48 49.7 52.5 55.7 59.7 64.2 70.5 79 86.3 91.5 96 99.3 101.9 104.6 104 102.4 100.3 98.1 94.2 90.3 83.3 83.1 89 94.8 96.2 94.6 91.9 87.2 80.3 69.9 54 38.8 36.7 31.7 22 11.3 3.6 1.1 -2.1 -2.1 -2.1 -1.2 0.1 1.2 2.5 3.9 3.4 4.5 5.2 4.8 4.7 4.2 3.5 3.9 3.3 4.3 4.6 5.4 5.8 8.2 10 11.8 14.9 15.4 23.5 30.9 40.7 50.7 61 69.4 74.9 78.6 80.5 81.3 77.9 75.4 73.5 71.4 71.1
51 50.8 49.1 49.2 47.4 46 46.3 49.5 52 54.7 57.4 60 63.8 71.1 78 85.5 92.4 96.4 98.9 101.6 103.7 103.1 101.6 99.4 97.3 94.9 90.9 87.9 87.7 90.9 95.2 98 96.4 93.4 89.7 82.8 74.5 61.7 49.3 43.2 35.4 19.3 6.6 2.1 0 -2.1 -2.1 -2.1 -0.6 0.5 1.8 3 4.2 4.4 4.5 4.7 4.9 4.4 3.8 3.3 3.2 3.7 6.1 5.2 6.3 10.9 12.1 13.3 13.9 15.5 14 25.3 32.3 38.5 48.5 58.2 67.9 74.2 78.3 80.8 82.4 81.6 79.8 77.9 75 74.5
