data/SN45.asc
ncols 200
nrows 200
xllcorner 240000
yllcorner 250000
cellsize 50
[rows 105 to 139 of 200, columns 0 to 77 of 200]
222.4 222 220.4 218.8 216.8 214.7 212.7 211.6 211.4 210.6 209.7 207.8 200.5 208.5 216.1 220.6 224.4 227.6 230.1 232.1 233.8 235.1 235.8 236.2 235.5 234 231.4 229 226.7 223.9 221 218.7 216.8 215.1 213.7 212.5 210.8 209.7 208 206.1 205.4 206.9 209.1 211.7 213.6 216 218.5 222.5 227.4 231.2 235.1 237.4 239.6 241.1 242 242.9 243.4 243.9 244.4 244.5 244.5 244.4 244 250.9 252.2 254.5 258.6 262.2 266.2 268.7 270.1 270.6 269.5 266.3 261.6 254.9 248.7 243.9
223.4 222.8 221.7 220.5 218.8 217.1 215.8 215.1 214.9 214.6 213.7 209.7 204.9 204.2 210.6 216.7 221.7 224.6 227.5 230.7 232.6 233.9 234.7 235.4 235 234 232.1 229.8 227.5 224.9 221.9 219.6 217.8 216.3 214.9 213.6 212.2 209.8 208.1 207.5 207.1 208.1 211 213.7 216.2 218.3 220.8 224.5 229 233.2 236.5 240.4 243.1 245.4 246.9 247.1 246.9 247.4 247.9 248.4 248.3 248.3 249.7 257.8 258.4 255.4 258.1 261.6 264.5 265.9 267.3 266.9 265.3 262.6 256.4 250.7 246.2 242.6
224.5 224 223 222.6 220.9 219.8 219.5 219.8 219.2 218 216.3 214.5 210.9 208.1 205.8 210.5 217.3 221.2 224.7 229.3 232.3 232.5 233.2 233.4 233.2 233.3 232.7 231 229.2 226.9 223.5 221 219.2 217.8 216.4 215.3 213.4 211 208.6 208.9 208.7 209.5 212.4 214.3 216.8 220 223.2 226.4 230.2 235.4 241 245.5 249.3 252.2 252.9 253.1 252.4 251.2 251.7 252.1 252.3 252.1 259.7 264.9 264.5 259.7 258 260.3 262.5 263.2 264.1 263.4 261.1 256.7 251.9 248 245.4 242.5
225.7 225.2 224.4 223.8 222.9 222.7 222.3 222.6 222.4 220.7 219.5 217.6 215.6 212.6 209.6 208.8 213.6 217.8 223.2 227.4 230.2 231 231.6 231.7 232.5 233.3 233.5 232.3 230.4 228.2 224.9 222.4 220.7 219.4 218 216.6 214.6 212.4 210.2 210 209.9 210.6 213.3 214.9 217.4 221.2 224.7 228.3 231.9 237.9 245.2 250.7 255 257.6 258.8 259 257.6 256.4 256.3 256.9 258.8 262 267.6 270.3 269.1 265 259.1 261.2 262.1 261.8 262.3 260.2 257.1 253.2 249.5 246.4 243.3 240.3
226.8 226.5 225.6 224.7 224.5 224.2 224.6 224.9 224 223.1 221.5 219.5 217.4 215.3 212.6 210.8 211.1 215.1 220.3 224.2 226.7 228.4 230 231.7 232.7 233.6 234 233.6 231.5 229 226.2 223.8 222.3 220.9 219 217 214.4 212.9 211.4 211 212.2 212.9 213.4 214.6 216.9 221.2 225.7 229.3 233 241.5 249.8 257 260.9 263.9 265 265 263.4 262.6 262.2 262.8 263.3 265 270 270.8 270.9 269.3 261.7 262.7 263.6 262 260.2 257.1 253.6 250.6 248.1 245.6 244.5 243.5
226.4 226.4 225.8 225.2 225.4 225.1 225.4 225.8 225.6 224.6 223.2 221.2 219.2 217.5 215.8 214.1 212.1 213.2 217.4 221 224.6 226.4 228.2 229.8 231.4 233.1 234 234.1 232.8 230 227.1 224.9 222.9 220.8 218.8 217.6 216 214.1 213.4 213 213.6 214.1 214.9 214.9 216.6 220.8 225 228.8 234.1 243 251.9 258.4 265.2 268.4 269.7 270.2 270 269.6 269.7 268.4 266 264.1 264.6 268.6 270.3 267.1 268.9 268.1 268 266.1 263.3 259.2 253.6 251.5 251.4 250.9 249.4 246.9
224.5 224.4 225.2 225.1 224.6 225.4 225.9 226.5 226.5 225.7 224.6 222.9 221 220 218.9 217.3 215.3 213.4 217 220.4 222.3 224.5 226.9 228.8 230.4 232 233.3 234.3 233.3 230.8 228 225.4 223 221.1 219.1 218.3 217.1 216.2 215.6 215.2 216.2 215.9 215.8 215.5 216.5 219.7 224.2 229 235 243.8 253.6 262.5 269 273 274.3 275.2 275.8 275.7 274.9 273.3 271 268.3 266.8 267.1 270.7 269.9 270.8 272.4 271.9 271.1 268.5 266.7 262.8 261.7 260.7 257.2 253.1 250
220.8 221.4 222.2 223 224.4 225.6 226.6 227 227.6 227.2 226.6 225 223.4 222.2 221.4 220.2 218.8 216.1 219.1 221.3 223 224.4 226 227.7 229.3 230.8 232.2 233.8 233.6 231.7 228.9 226.1 223.7 222 219.9 218.4 217.3 217.4 217.6 218.3 218.8 218.6 217.2 216.7 217.4 218.6 222.8 228.7 235.7 245.3 255.3 264.6 273.1 277.5 280 281 281.1 280.7 279.4 278 275.3 272.6 271.3 272 272.9 274.4 275 274.7 274.4 274 272.9 271.1 269.4 267.2 264.4 261.5 256.9 253.3
216 217.4 218.8 220.9 223 224.7 227 228 229.1 229.3 229 228.2 226.8 225.2 224.3 223.5 221.8 220.2 219.3 221.9 223.6 225.2 226.8 227.9 228.8 230.2 232 233.1 233 231.8 229.6 227.7 224.5 222.7 221 219.1 218 218.6 220.1 221.6 222.8 222.4 221 220.3 219.7 219.5 222.5 228.3 237.2 247.1 257.7 267.6 276.3 281.7 284.3 285.4 285.4 284.3 282.9 280.7 278.3 276.4 276.1 276.6 277.3 277.7 277.7 277.3 276.8 276 275.1 274.1 272.7 270.7 268 264.9 260.9 256.6
212 214.4 216.6 218.7 221.5 224.9 226.6 228.9 230.3 231.8 231.5 231.4 230.3 229.5 227.8 227 225.3 223 221.5 223 225.4 226.7 227.6 228.6 229.7 230.7 231.9 233.2 234 234 232.1 229.7 226.6 224.5 222.6 221 219.5 219.5 221.4 224.8 227.1 228.2 227.4 225.3 222.8 220.6 222.4 228.5 237.4 248.1 259.5 269.2 279 284.6 287.7 288.7 288 286.6 284.7 282.6 280.7 278.6 278.7 279.1 279.6 279.7 279.4 278.9 278.2 277.8 277.2 276.4 274.7 272.7 270.5 268 264.1 260.7
209.9 212.6 214.7 217.1 221.2 224.6 227.9 230.3 231.7 233.3 234 234.8 234.7 233.6 231.9 230.5 227.9 225.8 226.2 225.3 227.6 228.5 229.4 230.3 231.4 232.3 233.1 234 235.1 236.1 235 233.8 231.9 228.3 224.5 222.7 221.2 220.8 223.5 227.3 231.5 234 234.7 232.6 228 223.9 222.9 228.6 237.3 247.5 258.2 268.4 279.8 286 289 289.3 288.7 287.4 285.5 283.7 281.8 280.9 279.9 280 280.2 280.7 280.5 280 279.5 279.1 278.6 277.4 275.9 274.4 272.5 270.4 268 265.2
208.7 211.4 213.6 217.3 221 224.9 228.8 232.1 234.2 235.9 237.2 238 238.1 237.5 235.8 233.5 230.1 229.3 229.1 227.8 229.9 230.7 232.4 233 233.6 234.2 234.9 235.7 236.9 238.2 238.9 238 237.2 234.3 229.2 223.5 223.5 223.7 226.1 231.2 236.3 239.8 240.8 239 235.4 229.2 226.3 228 236.5 246.3 256.7 266.9 278.2 284.4 287.2 287.7 287.5 286.5 284.8 283.2 281.7 280.5 280.6 280 280.2 280.8 281 280.6 280.2 279.7 279.1 277.9 276.4 275 273.8 272.4 270.5 268.7
208.1 211.3 213.7 216.7 221.9 225.8 229.6 233.8 236.6 238.8 240.1 241.1 240.9 240.4 238.1 235.4 232.8 231.8 231.3 231.2 231.9 232.8 235.1 236.5 237 238.2 238.3 238.5 239.6 240.8 242.6 243.3 241.8 239.7 232.7 225.2 225.8 228 228.6 234 241.3 245.2 246.2 245 241 234.6 229 228.3 235.5 244.8 254.8 264.8 273.2 279.5 283 284.3 284.8 285 283.9 282.4 280.9 279.4 278.7 278 278.8 279.8 280.3 280.8 280.5 280.2 279.6 278.3 277 275.8 274.6 273.6 272.7 271.2
209.2 211.3 213.3 217.8 222.5 226.8 230.9 235.1 238.4 241.1 243 244.1 244.1 242.3 240.3 237.8 235.4 234.1 233.5 233.5 234 235 237 239.5 240.8 242.3 243.3 242.5 242.5 244.6 247 248.3 248.1 245.6 238 228.4 233 235.9 231.5 237 246 249.6 251.2 249.7 246 240.5 233.5 230.4 233.9 241.6 251.7 260.9 268.5 273.8 278.8 280.9 282.4 283.4 282.6 281.2 279.7 278.1 276.7 276 277.1 278.1 279.2 279.7 280.3 280.4 280.1 278.9 277.8 276.6 275.4 274.5 273.6 272.8
208.2 211.4 214.7 219.1 223.6 227.9 232.2 236.4 239.7 242.8 245.2 246.6 246.1 244.2 242.5 240.2 237.8 236.5 235.7 235.7 235.9 237 239.5 242.3 244.9 246.5 247.8 246.9 246.8 248.7 251.3 254 254.7 252.9 245.1 234.7 240 244.8 239.1 239.7 249.5 253.4 255.4 253.5 249 243.7 235.3 232.9 234.5 239 248.1 256.9 264.6 270.5 275.5 278.9 280.6 281.6 281.1 279.9 278.4 276.8 275.2 274.2 274.7 275.8 276.9 278 278.9 279.8 280.2 279.3 278.1 277 276.1 275.5 274.6 273.8
212 213 216.4 220.2 224.5 228.8 233.1 237.1 240.9 244.2 246.7 248 247.6 246.4 244.6 242.4 240.1 239.6 239.4 239.3 238.6 239.3 242.8 245.6 248.2 250.4 251.8 251.5 250.8 253.5 256.6 259.4 260.8 259.1 252.7 243.7 248.6 252.3 246 243.4 253.3 257.4 258.6 256.9 251.5 244 239.1 236.6 239.2 239.3 244.3 253.6 261.2 269 273.4 276.9 278.8 279.7 279.2 278.7 277.1 275.6 274.2 272.6 272.2 273.1 274.4 275.5 276.3 277.9 279 279 278.3 277.2 276.8 276.5 275.6 274.8
211.5 214 218.5 222.2 225.8 229.7 233.7 237.4 241.3 245 246.8 247.6 248 247.3 246.6 245 243.3 243.3 243.5 243.3 242.2 242.1 245.6 249 251.5 254.1 255.6 256.1 254.5 258.3 261.6 264 265.7 266 261.9 257.5 260.7 259.6 250.6 248.9 256.9 260.6 261.7 259.7 255.8 250.5 246.6 239.2 249.6 246.5 246.3 251.2 259.8 267.4 272.1 275.1 276.4 277.9 277.8 277.4 276.4 274.8 273.2 271.4 270.2 270.4 271.3 272.4 273.7 275.4 277.1 278.1 278.1 277.8 277.4 277.3 276.6 276
211.7 215.1 219.6 223.4 226.7 230 233.7 236.9 240.6 243.3 245.3 246.7 247 247.1 247.5 247.4 246.5 246.7 246.9 247.3 246.6 246 249 252.8 255.7 258.3 259.4 260.3 261 263 266.2 269.2 271.4 272.4 271.8 269.2 268.7 266.2 255.6 252 260.4 263 264.4 263 260.7 257.2 249.9 244.9 252.7 255.7 254 255.9 259.4 265.9 271.5 273.3 275.4 276.8 277.3 276.8 276.1 274.7 273.3 271 268.7 268 268.5 269.7 270.9 272.9 274.6 276 277 277.1 276.8 277.8 277.6 276.8
212.1 215.9 219.2 222.4 226 228.9 232 234.9 237.5 240 242.7 245 245.9 246.4 248.3 249 249.7 250 250.2 250.7 251.4 250.9 252.5 256.5 259.3 262 264 264.9 266.4 268.5 271.4 274 276.5 278 277.5 276.5 274.4 271.3 257.2 260 263.8 266.8 268.4 267 264.7 260.4 254 251 255 259.8 261.6 262.3 264.6 268.5 270.7 272.9 274.5 275.7 276.8 276.3 276.3 275.2 273.6 271.2 268.9 266.4 265.8 266.5 268 270.2 272.1 273.7 274.8 274.1 276 277.5 278.4 279.3
210.4 214 217.4 221 224.3 225.6 228.3 230.9 233.7 236.1 238.8 241.4 243.9 245.8 248.9 250.3 251.3 252.1 252.9 254 254.9 256.2 258 260 262.6 265.2 267.5 269.5 271.2 273.5 275.7 278.1 280.6 281.6 281.6 280.1 278.4 273.6 262.4 270.1 268.3 271.5 271.9 270.4 267.9 262.5 253.9 256.1 258.9 262.6 264.5 265 267.2 269.1 270.4 272.2 273.4 274.5 275.7 275.9 276.4 275.8 274.5 271.9 269.7 267.3 263.7 263.4 265.1 267.4 269.4 271.2 271.4 271.8 275.1 277.6 280.5 281.8
208.5 212.3 215.4 219 221.6 222.4 224.4 226.1 228.3 231.7 234.5 237.2 241.5 245.3 248.7 251.2 252.3 253.4 254.7 256 257.3 259.2 261.2 263.4 266 268.3 270.6 272.8 275.6 277.8 280 282.3 284 284.8 284.4 283.6 281.5 276.1 270 275.5 274.8 275.7 275.2 273.5 270.7 265.8 263.4 262 262.9 264.5 265.8 267.1 267.6 268.8 269.8 271.4 272.6 273.8 274.9 276 276.5 276 275.1 272.8 269.6 267.4 264.3 261.1 262.1 264.5 266.6 268.4 266.6 271.2 275.1 279.8 282.3 284.1
206.8 209.9 213.1 216.4 217.7 218.2 219.8 221.4 223.4 226.6 230.6 234.7 239 243.6 247.2 249.8 251.3 252.8 255.2 256.6 259.2 261.4 263.8 265.8 268.3 270.7 273.2 275.7 278.6 281.4 283.3 285.1 286.3 286.7 286.7 286.2 285.1 279.9 275.4 279.7 279.6 279 277.9 275.6 272.8 269.4 267.9 266.3 265.1 265.3 266.3 266.2 266.6 267 267.9 269.5 271.5 273.4 274.9 276.2 276.7 276.5 275.6 273.8 270.4 267.2 264.6 260.9 259.4 262.1 264 265.2 266.7 271 274.8 278.6 283.3 286.3
204.1 206.7 208.8 212 213 214.9 216.5 218.1 220.4 222.9 227.4 231.9 236.5 241.3 244.4 247.4 250.1 251.9 254.4 257.6 260.1 262.4 265.1 267.7 270 272.4 275 278.1 281.1 283.7 285.5 286.6 287.9 288.7 288.7 288.5 287.5 284.4 281.7 283.5 282.4 281.5 280 277.4 274.7 272.3 270.4 268.7 267 265.6 265.2 264.9 264.9 265.1 266.1 267.6 269.5 271.8 274.3 275.9 276.7 276.9 276.3 274.6 271.2 267.6 264.2 260.7 257.3 259.7 261.2 263.6 267 270 274 278.6 282.3 285.7
201 203.7 203.8 206 208.7 211.9 214.5 215.2 218.5 220.5 225 229.1 233.1 237.5 240.6 243.6 246.8 250 253.4 256.7 259.9 262.4 264.9 267.9 271 273.6 276.4 279.6 282.6 285 286.6 287.9 289.1 289.5 289.9 289.8 288.9 287.4 287.1 286.5 285 283.7 282.1 279.3 276.5 273.7 271.8 269.9 267.5 265.2 264.2 263.3 263 263 264.2 266 268.6 271.1 273.7 275.7 276.7 277.1 276.5 274.9 271.7 268 264.3 260.7 255.6 257.2 259.8 263.2 266.6 270.1 273.2 277.6 281 283.6
202.1 202.2 202.8 203.6 205.5 208.3 211 214.1 216.7 218.2 222.2 225.8 229.3 233.6 236.6 240.1 243.5 246.9 251.1 254.7 257.7 260.7 263.5 266.5 269.8 273.4 276.6 280 282.6 284.8 286.7 288.3 289.2 289.6 289.9 290.1 289.8 289.2 288.4 287.9 287 285.6 283.7 281 277.6 274.6 272.4 270.1 267.3 264.9 263.4 262 261 260.7 262 263.3 266.7 270 273 274.5 275.8 276.1 275.7 274.1 271.7 268.4 264.7 260.8 255.8 255.7 259.4 262.7 266.1 269.6 272.9 276.1 278.9 280.2
205.4 204.3 204.1 204.8 205.5 206.4 208.3 211.5 213.1 215.9 219.5 222.8 226.1 229.5 232.3 235.7 239.8 243.5 248.1 251.5 254.7 257.5 261 265.4 269 272.7 276.2 279 281.6 283.7 285.9 287.7 289.1 289.6 289.9 290.2 290.2 290.1 289.5 288.8 287.8 286.8 284.9 281.8 278.2 275.1 272.5 269.8 267 264.6 263.4 262.1 261 258.9 259.3 260.4 262.3 266.3 270 271.9 273.8 274.4 274.3 273.8 271.4 268.7 265.4 260.6 254.2 254.4 258.1 262.2 265.7 269.3 271.8 274.1 275.7 277.1
207.8 206.8 206 205.7 206.3 207.8 209 209.9 210.5 214.7 216.7 219.1 221.8 224.8 227.8 231.3 235.8 240.1 243.1 247.4 249.9 254.4 260.9 264.6 268.2 271.3 273.5 276.3 279.5 282.3 284.6 286.5 288.3 289 289.6 290.1 290.4 290.3 289.9 289.4 288.4 287 285.4 282.3 278.4 274.6 271.5 269 266.8 265.9 265 264.4 263 261 258.8 257.8 258.6 262.6 266.6 268.9 270.7 272.2 273 272.8 271.1 267.9 264.7 260 253.5 251.6 256.6 261.4 265.4 267.8 269.8 271.9 272.7 274
210.1 208.6 207.4 207.5 208.3 210.2 211.8 211.8 212.1 214 213.8 215.9 219.1 221.6 224.1 227.3 229.9 233.3 236.2 240.2 246.2 252.5 258.2 262.5 265 268.3 270.6 273.9 277.1 281 283.8 285.7 287.6 288.4 289.1 289.6 290 289.7 289.3 288.8 288 287.1 285 282.6 278.8 275 271.6 269.9 268.4 268.3 267.8 267.4 265.3 263.4 261 258.6 254.3 256.7 260.9 262.1 266.7 269.1 271 271.4 269.8 267 263.8 258.5 252.4 251.1 256.6 261.3 264.3 266.6 267.7 269.7 270.7 270.7
211.6 209.9 209.3 209.5 210 211.6 213.6 213.9 215.2 216 216.2 217.2 218.8 219.9 222.5 224.8 228 232 236.6 242.1 245.7 248.6 253.4 257.9 263.4 267.5 270.8 273.1 277.4 280.3 283 284.8 286.8 287.6 288.4 289.1 289 288.7 288.3 287.9 287.4 286.7 285.5 283.2 279.8 276.3 273 271.3 270.8 270.9 271.2 270.5 268.5 265.9 262.3 259 255.2 250.6 254.1 256.5 261.8 265.3 267.9 269.1 268.2 265.5 261.2 253 245.8 250.3 257 260.9 263.9 266 267.1 268.2 268.1 267.3
212.5 211.2 212.2 212.2 212.2 213.1 215.7 217.4 219 219.4 219.4 219.1 220.7 221.9 223.1 225 227.7 233.1 240.1 245.5 248.6 250 254.7 259.6 264.6 269.1 272.5 275.5 278.4 281.2 283.2 285.1 286 286.6 287.2 287.7 287.8 287.6 287.3 286.9 286.9 286.3 285.7 283.8 281.2 278.1 274.9 273.8 273.5 274.5 274.5 273.8 272.3 269.3 265.5 261.5 256.7 252.4 247 251.5 256.9 261.6 264 265.9 264.3 261.3 257.2 250.9 241.5 250.1 256.7 260.5 263.5 264.8 265.2 266 265.7 264.4
213.8 214.4 214.9 214.7 214.3 214.9 218.8 220.8 222.4 223.1 223 223.1 224.4 225 226.2 227.6 229.9 231.7 236.4 242.8 246.9 252.3 256.2 260.9 265.8 269.5 272.6 275.7 278.9 281.6 283.8 285.4 285.2 285.3 285.9 286.4 286.2 285.8 285.7 285.4 286.1 286 285.5 284.7 282.7 280.4 277.9 276.7 277.4 278 277.9 277.3 275.3 272.6 268.8 264.8 260.1 255.1 249.3 244.9 250.1 255.9 259.7 261.2 260 257.6 253.2 246.5 240.7 249.9 256.5 259.9 262.6 263.5 263.7 264 263.4 261.4
216 216.2 216.8 217 216.2 216.7 220.8 223.9 225.6 226.8 227.4 228.2 229.5 230.4 230.1 231.8 234.3 237.8 240 241.6 248.8 254.7 258.1 262.6 266.7 269.9 273.2 276.5 279.3 281.8 283.6 284.4 285.2 284.9 284.6 284.5 283.9 283.7 283.6 283.6 284.5 285.4 285.3 285 283.9 282.4 280.6 280.8 280.8 280.8 280.6 279.7 277.5 274.8 271.6 267.7 263.3 258.1 251.4 245.6 242.2 248.3 254.7 256.9 255.9 253.6 249.6 240.7 241.3 251.1 256.1 259.2 262 263.5 263.5 263.5 260.8 258.2
217.2 217.6 218.8 219.2 218.1 218.5 222.6 226.2 228.1 230.1 231.7 233.7 236 237.2 238.5 239.1 241.7 245.6 248.5 251.8 255.4 258 260.7 264.8 267.9 271 274.2 276.9 279.4 281.9 283 283.7 284.1 283.3 282.8 280.5 279.5 280.1 280.2 281.1 283 284.4 285.4 285.3 285.5 284.4 283.9 283.9 283.7 283.5 282.8 281.5 279.4 276.5 273.6 270.5 266.1 261 254.4 247.1 241.7 242.4 248.2 251.4 251.6 249.8 245.7 239.2 244.9 251.5 255.8 259.6 261.7 263.8 263.6 262.7 259.4 254.1
218.2 219.8 221.2 221.3 220.1 219.9 224.4 228.3 230.7 233.2 235.8 238 239.9 242.5 245 247.4 248.8 251.3 253.7 255.9 257.3 260.1 262.9 266 269 272.1 274.6 277 279.4 281.6 282.4 283 282.5 281.6 280 277.3 275.5 275.9 276.3 279.2 281.6 283.4 285.2 285.9 286.4 286.1 286 286 285.9 285.3 284.4 282.8 280.9 278.2 275.3 271.6 267.9 263.2 257.1 249.8 243.1 237.9 240.5 245.2 247.3 246.1 241.6 238 245.9 250.9 255.2 259.8 261.4 263.8 263.9 262.3 257.9 251.9
219.3 220.9 222 222.8 221.9 220.8 224.5 229.3 232.7 236 238.5 241 243.4 246.5 249.6 251.8 253.7 255.4 257 258.2 259.7 262 264.4 267.2 269.8 272.6 275.1 277.6 280 281.5 281.8 282 280.6 278.7 276.6 274.3 271.4 272.1 273.8 278.1 280.9 283.1 285.2 286.3 286.8 287.4 287.2 287 286.7 286 285.4 283.9 282.1 279.5 276.4 272.3 268.3 264.2 258.3 251.2 244 241.3 238.1 233.2 241.4 241.4 236 238 242.7 247.7 253.2 257.1 261.2 263.3 263.6 260.6 255.7 248.6
