data/SN46.asc
ncols 200
nrows 200
xllcorner 240000
yllcorner 260000
cellsize 50
[rows 148 to 184 of 200, columns 84 to 167 of 200]
-1.2 -1.2 -1.2 -1.2 -1.2 -1.2 -1.2 -1.2 -1.2 -1.2 -1.2 -1.2 -1.2 -1.2 -1.2 -1.2 0.8 0.8 1.3 15.3 18.7 21.7 20.9 23 24.4 29.3 35 39 40.1 35.1 23.5 6.3 6.5 7.4 8.4 12.8 18.8 24 30.1 34.5 40.4 47.6 61.1 74.9 86.4 91.5 96.8 100.1 104.2 109 112.4 113.4 115.8 118.8 120.4 122.2 124 125.9 127.6 129.3 131 132.6 134.2 135.6 136.3 137.1 136.2 135.3 134.2 132.4 130.6 128.9 125.7 122.4 119.2 115.3 116.1 114.9 114.1 112.2 109.7 103.4 103.1 96
-1.2 -1.2 -1.2 -1.2 -1.2 -1.2 -1.2 -1.2 -1.2 -1.2 -1.2 -1.2 -1.2 12.1 16.6 24.1 24.9 20.9 24.3 23.8 26.5 29.9 31.7 35.3 39.1 52.6 58.6 56.3 47.6 31.1 17.5 7.6 7 7.4 8.2 13.1 19.8 25.2 32.9 38.4 44.7 53 58.3 67.2 81 89.4 95.8 100.4 105.3 109.5 112.2 114.4 116.8 119.2 121.2 123.2 125 126.8 128.5 130.2 131.9 133.6 135.1 136 136.8 138.4 139.3 138.3 137.2 135.4 133.6 131.5 128.3 125.1 121.5 117.9 116.6 120.3 120 117.6 114.3 110.5 108 100.9
-1.2 -1.2 -1.2 -1.2 -1.2 -1.2 -1.2 -1.2 -1.2 -1.2 -1.2 -1.2 4.4 33.7 36.7 40.1 48.2 44.5 42.2 43.7 42.3 41.8 45.6 52.7 61 64.9 62.8 56.8 46.7 28.7 12.6 8 7.5 8 8.6 13.3 21.8 28 36.4 42.8 51 56.6 61.8 70.8 86.3 95.3 98.6 102.1 105.9 110 113.2 115.7 117.3 119.4 121.5 123.7 126 127.7 129.5 131.2 133 134.5 135.7 137.3 139 140.7 141.9 141.4 140.2 138.4 136.7 134.1 130.9 127.6 125 121.9 122.3 124.6 124.9 121.9 118.7 115.1 110.2 107.3
-1.2 -1.2 -1.2 -1.2 -1.2 -1.2 -1.2 -1.2 -1.2 -1.2 0.7 13 47.6 50.8 44.2 47 60.2 65.4 64 59.9 56.3 55.4 57.3 60.1 63 64.8 62 56 48.3 27.8 16.8 9.1 8.5 7.5 9.6 17 24.9 34.5 41.4 47.6 52.7 58.6 65.8 77.3 90.7 95.9 100.5 103.9 107.6 111.2 114.7 116.5 118.1 120.4 123.1 125.4 127.4 128.9 130.6 132.3 134.1 135.5 137.5 139.6 141.3 143 144.1 144.4 143.1 141.4 139.6 136.6 133.4 130.3 127.8 124.9 125.2 127.1 127 124.9 122.5 118.3 114.9 110.7
-1.2 -1.2 -1.2 -1.2 -1.2 -1.2 -1.2 -1.2 0.2 1.4 23 51.6 62.2 63.8 50.7 58.3 69.8 75.7 75.9 73.7 71.8 68.7 65.8 65 64.5 62.4 59 55.6 48.1 33.4 16.8 11 9.3 8.8 10.5 9.9 26.4 34.6 39.3 43.1 50.4 57.7 64.3 72.4 86.6 94.6 99.5 105 109.3 112.2 114.8 117.1 119 122 124.9 127.2 128.6 130 131.7 133.4 135.1 136.9 139 141 143.1 145.2 146 146 146 144.5 142.4 139.2 135.9 133 130.5 128.5 127.7 127.8 128.1 126.6 125.2 121 118.3 114
-1.2 -1.2 -1.2 -1.2 -1.2 -1.2 -0.2 0.6 1.6 33.1 50.2 67.1 74 70 57.1 67.4 75.9 80.2 79.5 79.8 79.6 79.5 78 72.5 68 62.9 56.9 51.1 43.4 28.9 20.5 14.5 10.8 9.5 10.6 10.1 9.7 25.4 30.6 35.8 45.8 55.8 61.8 69.7 81.2 91.2 97.8 103.8 108.9 111.7 114.5 117.9 121 124.3 126.9 128.8 130.3 131.4 132.9 135 137 138.5 140.4 142.4 144.1 145.8 146.3 146.4 146.4 146.1 145.4 141.9 138.3 135.3 133.1 131.2 129.6 129.5 129 127.4 126.2 124.1 121.3 118.4
-1.2 -1.2 -1.2 -1.2 -1.2 0 0.9 1.7 28.7 45.3 68.1 77.2 80.4 72.7 67.3 73.3 77.7 81.4 83.4 84 84.3 84.1 80.7 75.6 70.3 62.5 54.5 44.8 36.7 29.5 23.4 18 12.9 11.2 9.9 9.8 10 14.9 28.2 40 48.8 57.3 61.3 68.1 77.1 85.2 95 100.3 105.9 110.8 115.8 119.2 122.6 125.8 127.9 129.8 131.6 132.4 134 136.7 138.9 140.6 142 143.9 145.1 146.2 146.6 146.9 146.8 146.4 146 143.4 139 136.4 134 132.2 130 130.4 129.8 128.7 127.6 126.5 124.6 124.2
-1.2 -1.2 -1.2 -1.2 0 0.9 3.5 24.3 38.2 55.8 76.9 84.3 80 75.1 74.9 78.1 81.9 85.3 87.3 88.3 88.5 84.9 80.8 77.3 72.1 65.9 61.7 52.8 44.1 36.2 28.7 21.3 17.7 14.8 10.5 10.2 10.7 11.6 12.7 34.6 46.6 59.8 65.7 72.5 81.3 88.3 94.8 98.9 105.9 111.9 116.7 120.6 124.1 126.5 128.7 130.6 132.3 133.4 135.3 138 140.7 142.9 144.2 144.9 145.9 146.8 147.4 147.6 147.2 146.8 146.3 143.6 139.6 137 134.5 132.8 131.3 130.9 130.4 129.7 128.8 128 127.2 127
-1.2 -1.2 -1.2 0.1 0.9 3.6 24.3 36.5 40.7 58 79.6 82.1 78 78.2 79.4 82.6 85.9 89.1 90.5 91.7 91 87.6 84.3 81 77.5 73.5 69.9 64 56.3 46.8 35.5 27.3 21.8 18.4 14.4 10.9 10.6 11.6 11.6 13.8 37.9 58.1 67.4 75.9 86.7 94.7 101.5 103.4 109.8 114.5 118.9 122.3 124.9 127.2 129.4 131.3 133.1 134.4 136.7 139.4 142 144.7 145.7 145.1 146 147.1 148.3 147.8 147.3 146.8 146.2 143.4 139.8 137.2 135.1 133.7 132.5 132 131.7 131.2 130.4 129.9 129.7 129.6
-1.2 -1.2 -0.1 0.7 1.7 19.4 34 51.1 53.3 53 72.5 74.4 74.2 80.1 83.7 86.8 89.9 91.3 92.1 92.5 91.6 89.6 87.1 85.2 83.2 80.1 76.6 73.3 68 59.2 45.2 35.3 26.8 22 18.7 12.4 11.1 11 12.5 12.2 20.9 48.6 69.8 82.1 92.4 100.7 106.7 109.9 113.7 117.4 121.4 122.7 124.2 126.9 130.1 132 133.8 135.4 138 140.8 143.3 146 146 145.5 146.1 147.3 147.9 147.8 147.1 146.4 144.4 142.7 140 137.7 136.2 134.8 133.6 133.3 133.1 132.9 132.7 132.5 132.3 132.3
-1.2 -0.2 0.5 1.4 19 36.6 51.3 65.5 74.1 61.4 63.2 75 81.6 84.7 86.5 89.1 90.7 92.5 93.3 94.1 93.6 92.3 90.5 89.9 88.9 86.7 83.1 79.5 73.8 63.1 50.6 43.7 30.9 24.8 22 14.8 11.9 11.5 11.9 12.7 13.4 36.2 60.3 80.5 94.3 102.9 109.3 111.7 115.6 120.1 121.3 122.1 123.4 126.1 128.9 130.9 133.2 136.3 139.7 141.7 143.8 146 146 145.9 146.2 147.1 146.8 147 146.4 146 144.2 142.2 139.8 138.8 137.5 136.1 135.3 134.9 134.4 134.5 134.9 135.1 134.9 134.9
-0.2 0.6 1.2 13.3 34.9 52.1 66.4 73.5 78.7 76 77 85.6 87.1 87.9 89.6 92.2 92.2 94 95.8 97.3 97.6 97 95.7 95.4 94.7 92.2 88.8 84.3 76.7 66.1 57.3 48.7 41 29.5 24.2 20.4 13.6 12.2 11.8 11.9 12 24.7 49.4 71.5 89.7 101.4 108.7 113.5 117.2 120.1 120.3 121.6 122.6 125.4 127.9 130 134.2 138 141.1 141.3 143.4 144.7 145.9 146 145.9 145.1 145.6 145.7 145.9 145.5 143.7 141.9 140.7 139.6 138.8 137.8 137.3 136.9 136.5 136.3 136.4 136.7 137 138.3
0.6 1.3 20.4 39 55.3 68.5 78.7 82.3 84.5 86.5 87.8 90.3 91.1 91.9 93 94.7 95.5 98.1 99.8 100.4 101.7 100.6 100.4 100.2 100.1 97.7 93.3 87.2 79.5 70.5 62 53.8 46.7 34 27.4 23.7 20.6 12.9 10.9 10.4 10.2 13.1 36.8 59.8 81.1 95.7 105.8 111 114.1 116.3 117.8 120.1 122 124.3 126.2 129.8 133.4 137.6 141 141.2 141.3 142.5 143.9 143.3 143.9 144.4 144.5 144.4 144.7 144.4 143.9 143.3 142.1 141.1 140.1 139.7 139.6 139.2 138.7 138.4 138.2 138.2 140.6 141.1
1.5 25.2 43.5 58.6 72.5 83.2 89.3 90.5 91.9 91.7 93 94 95 95.8 96.7 96.1 97.8 101 103.4 103.3 103.7 104.2 104 103.8 104 100.3 95.6 89.5 82.2 75.6 67.4 60 47.6 36.5 30.2 26 23.9 18.5 12.1 12.8 13.4 14.1 22.7 46.4 69.8 88.7 97.7 101 104.2 108.7 112.3 117.1 120.2 122.7 126 129.7 133 136.6 138.5 139.4 139.7 140.4 142.2 143.2 143.9 144 144.2 144.9 145.7 145.7 144.7 144.8 144.8 144.3 143.2 142.3 142 141.5 140.9 140.7 140.4 141.1 143 143.5
32 50 65.6 80.6 91.7 95.2 97.2 96.8 96.5 96.3 96.5 97.4 98 99 100.1 100.4 99.6 104.4 106 105.8 106.6 107 107.5 107.3 105.8 101.9 98.9 92.8 85.9 80 73.1 61.2 48 38.7 32.3 28.3 25.6 23.3 12.4 13.4 13.5 14.1 18.4 34.9 56.5 76.4 82.9 84.8 85.8 95.2 104.4 112.7 117.3 121.7 125.5 129.5 132.4 133.5 133.9 136.2 138.2 141 142.6 143.6 144.5 145.3 145.6 146.3 147.1 147 147.3 147.7 148.1 147.6 146.1 144.8 144.5 143.7 143.2 142.9 142.9 144.6 145.3 145.7
59.3 73.9 85.5 94.8 98.6 100.2 101.1 100.3 99.6 98.6 98.2 98.9 99.9 101.3 102.6 103.7 103.2 103.9 107.2 108.1 109.3 109.9 110.3 110.8 108.2 105.3 102.1 96.3 90.1 84.5 76.3 64.5 55.3 46.4 36.2 32.2 28.4 24.5 12.8 13.6 13.8 14.8 17.7 24.7 42.9 58.4 62 63.3 77.7 92.3 102.8 111 114.1 120.2 124.7 128 125.8 125 128.8 134.9 138 141.1 143.4 144.5 145.6 146.7 147.2 147.9 149 150.2 150.7 151.2 151.7 151.1 149.6 147.9 146.7 146 145.4 145.2 145.7 147.2 147.6 147.3
79.7 86.7 95.2 99.3 102.3 102.8 102.1 101.3 100.5 99.6 99 101.6 102.5 103.1 103.8 105.3 105.6 105.3 106.7 110.2 111.1 111.1 111.1 111.1 109.2 107.2 104.2 99.2 94.4 88.6 81 73.3 63.3 53.1 42.9 36.3 31.2 26.2 14 13.7 13.8 14.6 17.2 23.2 34.3 43.9 50.4 60.7 82.2 92 99.9 108.7 114 120.6 123.1 118.5 112.1 124 131.7 135.8 138.9 141.7 144.3 145.9 147 147.9 149.4 150.7 152 153.3 154.1 154.9 155.3 154.8 153.4 151.5 149.7 148.3 147.7 148.1 148.6 149.5 150.2 149.7
89.7 93.1 97.5 100.8 102.4 103.1 102.7 101.9 101.1 99.9 100.1 101.8 103.5 104.2 105.6 106 106.1 106.1 107.1 110.5 111.1 111.1 111.1 111.1 108.9 107.6 105.9 102.7 100.2 96.5 89.7 82.3 71.8 60.1 49.6 42.3 33.4 27.3 19.1 14 14.3 14.7 15.5 23 32 40.5 48.9 72 83.4 91.3 99.2 110.8 119.2 121.2 116.7 105.2 111.3 128.8 132.7 136.7 139.6 142.2 144.8 147.2 148.3 150.4 152.6 153.7 155 156.3 157.2 158 158.9 158.7 157 155.1 153.2 152 150.2 150.8 149 151 151 151
93.1 95.9 98.6 100.8 101.6 103 102.9 102.3 101.5 101.2 103 105.1 105.5 106.6 107.4 107.9 108.1 108.3 108.5 109 111.1 111.1 110.3 110.2 109.6 108.6 107.9 106 103.8 101.9 98.1 91.3 79.3 64.5 64.9 54.4 35.4 33 24.3 13.9 15.4 15 15.7 19.6 28.9 35 53 74.9 81.8 90.3 99.1 112.7 120.9 121.1 108.6 95.6 115.1 128.4 133.4 137.5 140.2 142.7 145.3 148.1 150 153 155.9 157 158 159.3 160.3 161.2 161.5 162 159.6 158 154.9 153.4 151.5 150.5 150.3 150.9 151 151
90.8 94.7 96.6 99.8 101.3 102.8 103 101.5 100.2 101 104.3 105.7 107.1 107.9 108.7 109.5 110.2 110.4 110.5 111 110.8 110.5 111.1 112.3 111.4 110.9 110.8 109.6 107.4 106 103.5 97.7 80.6 77.2 76.4 67.7 57.2 47.5 30.6 14.6 15.1 15.6 16 14.6 22.2 30.7 47.6 66.4 80.4 87.9 96.1 109.2 112.6 112.2 102.3 88.9 107.1 124.5 133.5 138.6 141.6 143.9 146.1 149.3 152.7 155.5 158.5 160.5 161.5 162.4 163.4 163.7 163.7 163.6 161.8 158.5 154.9 153.3 151.8 150.3 149.2 149.3 149.9 150.8
72.5 84.5 90.6 95.5 100.1 100 99.4 98.3 97.9 102.1 105.1 106.9 108.7 109.8 110.5 111.2 111.9 113.4 115 115.8 115.9 115.4 114.8 114.5 113.8 114.4 113.7 113.3 111.3 110 106.5 93.2 86.7 96.5 90.1 77.1 70.6 60.7 38.2 29.4 20.5 16.3 17 16.5 14 22.2 34.6 55.5 68.4 81.7 90.1 94 96.3 97.2 84.1 76.5 94.6 119.1 134.4 139.4 144 146.2 148.5 152.1 156 158.5 161 164 164.9 165.9 166.1 165.3 165.6 164.5 161.4 158.4 155 153.1 151.6 149.5 148.1 147.6 147.7 150.2
50.6 66.4 83.1 91.4 91.2 90.2 89.1 88.5 90.3 99.4 105.2 109.2 111.1 111.7 112.5 113.2 114.5 116.2 118.1 118.9 118.7 119.6 119.4 118.9 117.9 117.8 117.3 116.6 115.1 112.8 102.6 93.2 104.1 103.9 95.4 86.4 79.5 69.6 47.4 31 25.1 18.6 17.3 17 16 17.7 25 35.1 53.1 64 72.4 73.3 74.2 68.3 62.4 76.7 100.1 123.2 134.9 140.7 145.4 148.6 151.3 155.1 158.9 161.8 164.3 166.6 168.4 169.9 169 168.1 166 164.3 161.4 158.2 155 153.8 151.5 149.1 146.5 145.1 145.2 146.5
51.3 48.5 67.8 82.7 76.7 75.7 79.5 82.4 88.7 101.3 102.9 107.2 111.3 113.4 114.5 115.7 117.2 118.8 120.8 119.5 119.8 121.6 122.3 121.2 121.3 121.5 120.8 119.4 117.9 113.2 103.1 99 111.1 108.3 101.9 97.4 90.7 81.4 61 38.9 27.3 22.1 21.6 19.9 18 18.1 19.3 21.7 31 42.4 49.8 52.4 48.1 53.7 63.3 79.4 107.3 129.1 137.3 142.6 146.8 150.9 154.2 158 161.8 165.1 167.7 170.5 170.9 171.8 171.3 169.7 166.6 163.9 161.8 158.5 157 155.8 153.3 151.1 146.4 143.5 143.6 143.4
67.4 64.8 58.2 64.8 69.5 83.9 91.9 91.2 98.4 104.8 107.7 108.6 110 113.9 114.9 116.7 118.8 120.8 120.3 119.8 122 123.4 126.1 124 123.6 124.4 122.3 121 119.6 117.5 113.6 104 111.3 112 109 105.2 98.3 91 77.4 54.7 37.7 28.7 30.5 24 21 19.7 20 19 19.2 21.8 31.4 34.7 45.2 56.7 72.7 100.5 118.7 130.4 137.6 143.8 148.2 152.5 156.7 160.5 164.4 167.9 170.5 171.7 172.5 172.3 171.1 169.5 166.9 164.4 161.8 160.1 157.3 155.7 152.4 149 145.7 141.7 141.7 140.6
79.5 76.3 72.7 69.1 84.2 93.1 97.8 102.7 104.7 107.3 109.9 112.3 114.3 114.6 114.4 115.2 118.4 119.4 120.3 122.7 124.2 124.2 125.6 125.5 124.3 126.1 123.7 122.3 121.1 121.3 117 110 116.3 116.1 114 109.9 103.8 94.6 83.5 68.2 45.6 35.3 33.2 28.8 24.6 21.4 18.3 18.3 19.5 21.2 25.6 30.5 36.1 50.9 68.4 89.8 110.4 125.8 136.6 144.1 149.6 153.9 158.3 162.2 165.6 168.6 171.2 171.7 172.4 172.8 171.6 169.3 166.8 164.1 161.4 159.2 156.6 153.9 150.3 146.9 143.6 140 139.2 139.3
84.7 83.8 79.2 70.9 82.3 94.6 101 104.7 107 109.5 112 114.2 116.3 117.7 119.4 119.8 120 121.4 123.1 125 125.8 126.4 126.6 126.7 127.1 127.7 124.9 124.2 124 123.3 120.4 119.3 119.6 118.8 116.8 113.5 107.9 97.8 87.9 71.5 51.6 42.6 36.5 31.7 29.1 27.8 26.4 19 20.5 20.6 22 23.7 29 38.6 49.8 63.1 83.8 104.3 128.6 143.7 151 155.5 158.8 162.9 166.4 168.2 170.2 171.7 172.7 173 170.8 167.6 165.1 162.9 160.7 157.9 155.3 152.5 148.9 145.3 141.7 139.1 138.8 138.1
91.6 89.7 87.3 78.6 74 90.9 101.4 105.6 109.2 111.7 114.3 116.3 118.5 119.4 120.7 121.5 122.6 123.9 125.2 125.9 126.9 127.7 128 128.2 128.6 129 129.1 129.3 128 126.7 125.5 125.7 123.4 121.7 119.3 116.5 110.6 99.9 86.5 69.6 54.5 47.5 42.4 40.2 35.6 34.5 33.5 30.9 23 19.2 20.7 22.1 26.7 32 40.7 46.2 58.3 78.5 99.4 126.2 142.4 149.8 156.5 160.1 165.6 165.2 167.2 169.2 170 169.5 167.6 165.6 163.6 162 158.9 155.6 153.5 151 147.3 143.5 139.8 138.4 137.5 136.4
96.2 96.3 93.9 88.4 83.9 83.3 97.4 105.1 110.3 113.9 116.3 119.3 120.7 121.1 122.2 123.2 124.4 125.4 126.5 126.9 127.6 128.2 129.3 129.6 130.2 130.8 131.3 131.7 133.1 133.1 129 131 126.3 123.1 120.4 115.8 108.3 97 83.8 69.1 64.8 59.9 57.4 53.3 46.8 42.3 38.8 34.8 32 18.9 18.9 21.1 23.6 29.1 35 40.1 46.7 57.5 75.5 95.9 117.5 133 145.5 154.4 158.4 162.1 164 165.8 166.5 165.8 164.3 163.1 163 160 155.5 152.5 150 147.6 144.9 142.1 139.4 137.3 135.3 134.1
100.3 100.5 98.5 94.5 89.8 85.9 86.2 101.3 108.2 112.5 114.2 117.7 121.1 121.7 122.8 123.9 125.2 125.8 126.6 127.3 128.2 128.8 129.8 131.3 132 132.7 133.1 134.4 135.9 135.4 132.2 129 125.9 123 121.4 114.4 105.5 96.7 84.8 81.7 79.6 76.1 70.9 68.8 59.1 49.5 45.4 40.3 36.7 33.3 26.8 23.3 20.9 24.5 31 35.3 39.9 44.7 56.1 73.9 91.8 110.8 129.9 143.9 151.2 155 159.3 161.3 163 163.5 162.1 162.1 162.8 156 152.8 148.8 147.1 145.9 143.6 141.2 140.6 137 134.5 132
103.6 103.5 102.6 100.2 95.2 92.2 91.5 89 94.9 104.8 109 113.6 117 120.5 122.1 123.1 124.3 125.6 126.7 127.5 129.4 129.8 130.9 132.5 133.1 133.8 134.5 135.6 136.9 136.4 135.4 132 128.6 124.4 119.3 113.7 104 93.9 88.3 94.2 96.1 93.2 86 76.6 65 59.5 57 47.6 42.4 40.8 35.4 27.4 23.1 21.9 23.9 32.6 36.2 40.3 44.7 56.6 72.2 89.6 108.2 124.4 143.1 148.3 152.8 156.5 158.8 159.8 160.4 160.9 160.8 156.3 151.5 145.8 144.5 144.1 141.8 141 139.7 138.4 134.9 130.7
106.3 105.9 105.8 104.8 101.5 98.2 97.4 96.6 90.8 97.1 105.1 111.5 114.2 116.6 119.5 118.4 121.7 125.6 127.6 128.7 130.1 130.1 130.4 131.5 132 134 136.7 137.7 138.5 138.5 137.5 134.9 131.6 127.7 122.4 115.1 103.9 95.7 102.6 112 114.1 108.2 99.9 84.7 75.3 75 73.2 65 48 42.8 42.2 32.2 23.2 22.3 23.6 26.2 35.7 38.1 41.2 47.6 58 71.5 89.1 104 122.5 140.5 146.5 151.4 155.5 157.8 158.8 157.6 157 155 147.1 143.1 142 142.7 142 141.4 141.2 140 135.3 130.2
107.8 107.9 109 108.3 107.6 104.8 102.6 102.1 101.1 95.7 101.5 108 110.5 111.9 116.3 117.2 120.4 122.7 127 129.4 129.6 129.7 132.5 134 136.6 138.7 139.7 140.4 142.3 141.6 139.8 137.4 134.5 132.2 128.7 120.2 108.1 110.5 120.9 122.1 119.4 114.9 107.1 95 94.2 92.3 84.1 74.7 57.4 47.5 49.1 49.9 33.7 22.9 24.1 24.1 34.3 36.6 39 43.8 51 60.1 74 92.2 107.8 123.6 141.4 148 153 156.3 154.1 152 150.1 147.2 141.8 140.9 139.8 141.2 141.8 142.1 142.1 140.5 135.1 129.2
109.2 110.4 111.7 112 111 109 106.1 105.8 105.5 103.4 99.7 104.9 110.6 112.1 116.3 120 122.2 122.2 125.3 127.5 130.3 132 136 136.6 138.3 140.3 141.6 142.9 143.8 143.3 142.1 140.4 137.6 135.1 132.9 125.8 114.9 121.4 126.1 124.4 123.2 119.8 113.3 112.7 109.7 103.7 92 80.4 62.3 60.9 75.8 69.7 51.3 25 22 24.7 31.1 36.3 38.6 42 47.3 55 64.1 80.2 97.9 113.9 133.1 145.2 149.4 148.7 144.6 143.9 143.6 141.1 138.8 137.9 138.4 139.8 141.1 141.7 142 138.9 132.6 126.2
111 112.2 113.5 114.4 113.6 112.7 111.6 109.9 108.5 106.8 103.4 105.8 110.4 115 117.4 122.5 125.5 127.2 129.1 130.4 132.2 134.3 136.4 137.8 139.8 141.7 143.3 144.5 145.3 145.1 144.5 143.1 140.7 137.9 134.7 129.1 121.7 126.7 129.5 128.5 126.8 124.8 122.7 122.2 116 105.7 92.4 81.6 69.3 77.7 100 92.1 67.9 42.4 23.5 25.6 25.5 35.7 38 40.8 44.9 51.6 59.2 69.9 86.8 104.6 125.5 137.7 138.2 135.2 132.6 137 140.4 138.3 136.2 135.2 135.9 137.5 139.8 141.5 141.1 136.4 130.7 123.6
112.3 114.1 115.2 116.1 116.6 116.7 114.5 112.6 111.1 109.6 106.5 104.5 109.6 115 119.4 124.4 127.7 129.9 131.5 132.8 134 136.1 137.5 138.8 140.3 142.1 143.8 145.2 145.7 145.7 145.7 144.5 142.5 139.6 136 132.1 127.9 130.9 133.3 132.5 130.5 128.6 127.7 124.7 115.5 103.7 95.9 91.6 85.1 88.6 103.7 106.9 83.1 49.6 32.2 25.9 24.8 33.2 36 39.5 44.3 50.1 54.4 63.7 75.9 94.4 107.8 119.3 122.7 120 122 130 136.8 135.9 134.5 132.4 131.6 131.1 134.6 137.3 135.9 131.4 124.7 116
112.8 115.6 116.9 118.3 118.9 118.3 116.4 115 113.6 112.1 111.2 107.5 112.2 116.4 121.1 125.5 128.9 131.2 133 134.6 135.9 136.9 138.1 139.2 140.7 142.4 144.1 145.5 146.1 146.4 146.4 145.5 143.9 141.3 138.3 135.4 134.5 135.6 136.5 136.1 134.3 132.6 131.3 127.1 119.7 115.2 113.1 111 104.8 100.9 102.1 111.3 94.9 61.6 40.6 26 26 27.3 35.4 41.8 46.1 49.4 53 58.8 67.4 81.8 91.9 98.4 103.2 106.6 115.8 127.3 135.2 135.4 132.5 129.7 126.7 124.4 126.2 129.3 129 124.9 116.6 109.9
113.6 117 118.5 119.7 120.2 120.2 118.8 117.4 116 114.5 114.1 114.3 112.7 116.4 119.9 125.1 130.3 130.8 133.5 135.3 135.7 137.2 138.4 139.6 141.2 142.8 144.5 145.6 146.2 146.9 147 146.3 145.6 143.3 140.8 138.3 138 138.5 138.7 139 137.4 135.6 132.5 130.1 127.5 127.9 128 126.5 123.2 113.5 108.5 113.3 110.9 74.9 51.1 25.8 26.8 25.7 37.3 43.1 47.1 49.6 51.8 56.9 63.3 69.6 76.2 82.7 91.2 102.6 118 129.5 134.1 132.8 130.1 127.2 124.9 122.3 119.1 122.9 124.4 120 111.4 103.6
