data/SN55.asc
ncols 200
nrows 200
xllcorner 250000
yllcorner 250000
cellsize 50
[rows 70 to 104 of 200, columns 0 to 77 of 200]
259.6 261 260.3 258.8 257.2 256.4 255.8 253.6 252.3 249.6 245.3 239.8 238 243.1 245 243.1 242 239.6 236.4 239.8 239.4 233.8 227 223.8 218.8 215.5 213.9 213.9 215.1 221.4 224.9 218.1 207.1 199.7 198.7 196.8 192.7 185.8 176.1 165.7 152.1 133.6 115.6 103.1 96.4 88.8 80.3 76.5 75 75.2 71.6 67.4 67.5 66.9 65.7 64.9 64.5 64.1 63.7 63.9 64.8 64.7 64.3 63.7 63.7 63.7 63.6 63.6 64.2 64.5 64.6 64.7 64.8 64.9 64.9 64.9 64.9 64.9
263.7 267.8 269.3 269.4 269.4 269.6 267.4 260.5 256.9 253.2 248.4 243.3 242.8 245.8 244.5 242 240.7 233.8 232.7 233.9 234.2 231.7 230.4 227.5 220.4 217.7 219.4 222.4 223 219.7 212.7 202.2 189.7 182.3 182.1 181.4 178.7 175.3 168.4 159.8 148.8 133.7 113.6 105.2 99 89.4 81.5 76.8 77.5 77.8 75 71.6 69.6 67.6 66.2 65 64.7 64.6 64.3 64.5 65 65.1 65.1 64 63.6 63.6 63.6 63.7 64.4 64.6 64.8 64.9 65 65 65.1 65.1 65.1 65.1
269.8 274.6 277.5 278.4 277.8 278.2 276.3 267.6 261.3 256.6 255.1 253.6 246.7 245.2 242.8 235.8 231.2 229.1 230.1 232.2 234.3 232.9 227.3 222.5 219.2 218.6 216.4 212.2 207.8 201.2 192.1 182.3 171.6 165.9 165.3 165.5 165.3 162.8 158.6 152.6 143.2 129.3 114.8 105.2 95.8 87.2 80.4 79 79.3 78.5 75.7 73.1 71.2 69.1 67.5 65.8 65.3 65.2 65.1 65 65.1 65.4 65.5 64.2 64.3 64.4 64.4 64.4 64.8 64.4 64.8 65 65.1 65.2 65.2 65.2 65.3 65.3
272.8 281.5 285.7 285.1 285.7 284.7 282.2 272.8 265.1 261.8 263 258.6 250.7 243.3 239.4 232.9 229.9 229.3 229.8 230 228.2 221.8 219.2 216.6 215.7 211.2 203.1 195.4 187 178.9 170.9 161.6 152.9 152.3 151.8 151.4 151.1 149.6 147.7 144.1 136.3 126.2 115.2 101.9 89.8 84.1 81.8 82 80.5 78.8 76.2 74 71.9 70.8 69.6 68.1 66.7 66.2 66.1 66 66 66.1 65.6 64.9 65 65.1 65.2 65.3 64.8 64.5 64.4 65 65.3 65.4 65.4 65.4 65.4 65.2
278.2 285.3 288 290.7 290.4 288.6 284.8 273.2 267 267.1 266.1 256.2 247.2 238.4 236.5 233.5 232.1 232.3 230 222.9 216.6 212.4 210.4 208.4 203.7 195.4 185.2 175.7 166.5 157.4 148.7 139.7 133.1 133.4 135.9 136.1 136.1 136 132.5 128 124.8 117.2 106.2 89.4 86.3 84.3 83.8 82.4 80.8 78.3 75.8 74.7 74 73.9 73.4 72.3 71.6 70.2 67.5 67 66.9 66.5 65.8 65.6 65.7 65.8 65.9 65.8 65.2 64.6 64.2 64.6 65.1 65.5 65.6 65.6 65.5 65.2
285.4 288.9 290.6 290.6 289.7 286.9 280.5 271.8 273.2 273 263.7 252.8 244.8 235.7 234.7 232.7 229.1 224.8 219.7 211.7 204.8 202.2 200.5 192 182.9 174 164 154.9 146.1 136.4 126.8 120 118.8 115.5 111.1 109 107.9 107.5 100.7 98.4 96.3 94.4 89.6 88.4 86.7 84.8 83.1 82 80.3 77.6 74.7 75.9 76.5 76.6 75.7 75.1 73.6 72.5 69.6 68.1 67 66.9 66.7 66.5 66.4 66.5 66.6 66.3 65.7 65 64.3 64.2 64.8 65.3 65.8 65.8 65.5 65.2
286.7 292.6 293.3 292 288.6 284.1 279 278.6 277 271.8 258.7 250.2 240 233 232 224.9 220.7 217.5 210.8 198.8 190 186.5 180.3 171.3 162.2 152.5 143.2 134.5 126.5 123.3 122.8 122.6 121.2 117.7 115.4 111.8 109.4 107.6 106 103.5 100.8 97.5 96.9 95.8 91.6 84.8 82.2 79.4 77.7 75.7 76.4 78.6 77.6 77.2 76.6 75.9 75.2 74 71.6 69.4 68.3 68 67.9 67.4 67.2 67.2 67.2 66.8 66.2 65.5 64.8 64.1 64.5 65.1 65.7 65.7 65.4 65.3
286.5 290.6 290.5 289.2 285.7 280.9 279.9 280.4 274.1 261.5 253.1 242.4 233.2 230.7 224.6 216.9 213 206 194.8 183.6 171.4 166 157.1 148.8 144.1 136.5 130 131.5 130 127.9 127 126.4 126 123.5 120.6 118.6 114.2 113.2 112.7 109.7 106.4 103.1 101.4 97.6 92.7 89.2 86 82.8 80.2 79.4 79.2 79.7 78.8 78 77.4 76.8 76 74.9 73 71.1 69.9 69.2 69.2 68.7 68.3 68 67.7 67.2 66.7 65.9 65.1 64.3 64.7 65.2 65.7 65.7 65.7 65.5
280.5 286.5 284.7 280.5 278.2 277.1 277.6 273.6 264.3 254.1 246.8 237.6 232.9 226.7 216.7 208.7 198.7 186.5 178.2 168 156.1 149.5 145.9 142.4 140.5 137.7 134.8 133 132.6 133.7 138 140.3 138.5 135.6 131.4 123.9 119.6 117 114.7 111.8 110 108.3 103.9 100.1 96.1 92.7 90.1 85.6 81.8 80.8 80.6 80.4 79.6 78.8 78 77.4 76.7 75.6 74.1 73 72 70.7 70.4 70 69.3 68.7 68.3 67.6 66.6 65.8 65.1 64.6 64.9 65.3 65.8 65.9 66.4 65.8
273.7 278.3 278.7 273.8 272.1 272.7 271.5 266.1 258.4 253.9 246.5 237.1 228.9 220.2 209.9 200 184.9 172.5 164.6 156.8 155.4 154.1 150 144.7 142 139.9 138.1 138.4 142 145.5 146.3 145.8 143.9 140.8 137.5 133.1 125.5 122 118.6 115.4 113.4 111.7 107 102.6 98.7 95.4 91.7 88 83 81.6 81.5 81.1 80.3 79.6 78.8 78.1 77.3 76.2 75.2 74.5 73.7 72.5 70.9 70.6 70 69.5 69 67.5 66.3 65.6 65 65.1 65.5 65.8 66 66.5 67 66
267.3 269.5 269.6 269.7 271.5 267.4 261.1 257.4 254.5 250.2 242.5 233.2 223.6 212.4 202.3 189.6 176.7 169.5 164.4 158.9 160.6 157.1 151.3 147.6 146.1 146.1 148.7 149.8 151.2 152 152.2 150 147.7 143.7 140.6 136.4 129.1 126 124.4 119.1 116.4 113.8 109.1 106 101.3 96.8 93.3 89.8 85.2 82.4 82.4 81.7 81 80.2 79.5 78.8 77.9 76.8 75.8 75 74 72.9 71.4 71.1 70.5 69.9 69.2 67.5 66.1 65.5 65.4 65.6 66 66.3 66.6 67.2 67.7 66.3
259.5 261.5 263.2 268.9 264.8 255.4 249.9 246.3 241.7 236.4 230.6 221.8 212.5 203.1 191.5 179.4 173 169.2 166.8 161.6 161.8 158.5 158.3 154.6 155.7 155.1 158 158.8 159 158.5 156.4 154.2 151.3 147 142.8 135.7 130 127.7 125.8 122.1 118.4 114.8 110.4 107.8 104.1 99.6 94.4 91.4 85.6 83.5 83.2 82.4 81.6 80.8 80 78.9 78 77.2 76 75.2 74.1 73 71.8 71 71.1 71 69.9 68.1 66.6 65.9 65.8 66.1 66.5 66.8 67.2 67.8 68 66.5
251.8 252.5 256.4 261.3 254 245.4 238.3 232.5 226.6 221.6 215.3 208.8 200.4 190.6 182.2 176.8 173.2 170.2 167.7 165.6 164 165.3 163 162.2 161.9 162.7 163.9 165 164.8 163.2 160.7 157.5 153.8 148.6 142 135.3 131.8 129.3 127 123.2 120.1 116.4 115 112.2 108.6 102.2 97.1 92.2 86.2 85.1 84.1 82.8 82 81.2 80.1 78.7 77.8 77.3 75.2 74.3 74.1 73 72.1 72.2 72.6 72.7 72.3 70.3 67.8 66.7 66.2 66.6 67 67.5 67.8 68.6 68.2 67.3
246.2 247.5 250 249.2 242.1 234.1 226.4 218 212.1 207.7 202.9 196 188.8 183.5 180.2 176.6 173.5 171.5 170.9 170.4 170 170 168 166 166.2 166.6 167.2 168.1 168.7 166.7 162.9 157.9 153.7 147.7 141 135.6 132.8 129.3 125.6 122.9 120.8 119 117.7 114.6 109.1 103.1 98.8 92 86.1 85.8 84 83.2 82.5 81.4 80 78.5 77.3 76.6 74.9 73.5 74.1 74 73.2 73.3 73.6 73.8 74 72.8 70.6 68.8 67.1 67.3 67.7 68.1 68.4 68.7 68.1 67.8
243 243.5 244.2 239.8 229.4 217 207.5 203.1 200.7 197 191.4 186.5 184.1 181.2 179.3 177.3 175.2 176 176.1 175.6 175.4 175 170.5 168 166.1 166.3 167 167.7 167.8 165.6 160.8 157 151.8 146.3 140.5 135.3 131.9 128.7 124.9 123.4 121.9 119.5 116.7 113.4 109.1 100.5 90.8 85.3 84.6 83.5 82.5 81.7 80.8 79.9 78.6 78 77.1 76.1 75.5 75.4 75.4 75.8 74.2 74.4 74.6 74.9 75.1 74.1 73 72.4 69.8 69 68.6 68.9 69.2 68.8 68.1 67.4
232 234.2 233.1 225.1 217.7 211.5 199.9 195.5 191.9 188.9 186.5 185.3 183.8 182.3 180.7 179.3 179.7 180.7 180.7 179.7 179.2 175.9 169.4 165.8 159 156.5 160.5 162 162 160.6 156.6 151.5 146.2 140.8 138 132.8 130.3 127.6 124.4 121.8 119.6 117.1 112.6 101.3 89 87 85.8 85.5 85 83.7 82 81.2 80.7 80.2 79.3 78.6 77.7 77 78.9 77.6 76.4 76.7 75.2 75.5 75.7 76 76.3 75 75.4 74.7 72.2 70.7 70 70.1 69.9 69.4 68.6 67.4
230.5 214.3 214.8 212.6 212.1 208.6 200.4 194.1 191.9 190.1 188.2 186.4 184.7 183.7 183.5 184.1 184.9 185.5 184.7 183 178.3 173.1 168.3 158.9 150.6 143.5 141.3 148.5 151.1 149.6 146.4 140.8 134.9 132.6 131.1 128.5 126.1 122.2 117.4 112.2 102.4 94.2 91.4 90.2 89.6 90.3 89.7 91.3 91.2 90.6 89.4 86.8 84.5 83.4 80.1 82.6 84.1 85.1 84.5 82.8 80.6 79 77.1 76.9 77.2 77.4 77.3 77 76.5 75.2 73.9 72.9 71.9 71 70.4 69.9 69.3 68.4
212.6 206.8 205.2 207.5 208 206.4 200.9 196 194 192.2 190 188.7 186.6 189 191.3 191.1 190.9 189.5 184.7 178.5 170.4 162.6 154.1 147.1 140.2 137.3 131.4 129.8 137.5 137.7 133.5 128.6 122.2 120.8 116.7 111.6 103.2 98.6 95.7 94.5 95.7 94.9 92.5 92 96.2 95.9 95.8 96 96 95.6 94.5 91.6 88.6 85.9 82.9 85.7 87.8 88.3 87.3 86.3 84.9 83.1 80.6 78.5 78.3 78.4 78.1 77.7 76.9 76 75.4 74.5 72.8 71.4 70.9 70.4 69.8 69.3
198.7 197.6 200.6 205.1 207.1 206.7 205.7 201.7 198.5 197 196.6 196.1 197.1 198 197.8 196.3 194.7 188.8 175.1 162.1 151.2 142.7 137.3 134.1 131.4 126.5 122.5 114.7 118.3 117.3 114 110.6 104 100.9 99.6 99.2 100.4 102.1 102.5 102 101.8 100.4 96.4 93.3 102.1 102.4 101.2 99.8 98.8 98.1 97.3 93.9 90.5 88.6 85.6 87.7 89.9 91.1 90.3 89.3 87.9 86.4 83.2 81.9 80.3 79.2 78.6 78.1 77.5 77 76 75.3 74 72.3 71.7 71.2 70.5 69.6
193.8 192.2 196 199.1 206.6 210.2 210.2 207.9 207.5 207.5 206.8 207.2 206.4 204.4 202.8 198.8 189.9 174.7 158 145 136.1 131.1 126.8 123.8 119.2 114.1 111.9 111.7 109.8 107 105.1 105.3 104.5 104.1 103.8 104.1 105.9 107.9 108.4 108.2 107.2 105.4 100.4 96.2 104.8 106.2 105 103.4 101.5 100.8 100 96.2 93.1 92.2 90 89.1 92 92.5 92.2 91.1 89.5 87.8 86.1 84.2 81.6 79.9 79.1 78.5 77.9 76.5 75.5 75.1 74.1 73.1 72.5 71.7 70.8 69.9
192.7 189.1 191.6 191.1 193.6 204.1 209 212.5 212.3 212.9 214.2 215.7 213 210.1 203.6 192.3 175.6 159.6 144 135 130 124.7 119.5 118.3 117.6 117.5 116.1 114.9 114.2 108.4 110.4 110.9 110.1 109.3 108.6 109.4 109.6 110.2 111 110.5 110 107.5 102.5 98.9 103 107.2 108 106.9 104.6 103.5 102.4 101.1 98.3 95.5 94.1 91.4 91.6 91.9 91.3 90.2 89.6 88.6 86.8 84.2 81.6 80.3 79.6 78.8 77.2 75.9 75 74.4 73.8 73.4 72.9 72 71.1 70.2
189.8 184.2 184.3 183.7 182.8 186.6 196.4 202.5 207.4 209.2 210.7 211.6 209 206.5 196.8 182.1 165.9 149.4 135.5 128.4 124.3 124.1 122.8 123.3 122.8 121.5 120.3 117.8 115.4 110 115.3 116.9 117.3 117.2 116 114.3 113.1 114.1 114.1 113.2 111.6 108.1 102.5 104.2 105.8 107 110.7 110.3 108.3 106.1 104.9 103.8 101.7 99.3 96.8 94.3 93.5 94.3 92 90.3 89.8 88.4 86.4 83.8 81.6 80.2 79.7 77.9 76.4 75.9 75.4 75.2 74.3 73.2 72.8 72.3 71.5 70.7
183 179.3 177.8 177.1 177.3 178 182.2 189.6 196.5 198.8 199.6 197.2 195.3 191.9 184.8 173.3 157.7 142.8 128.9 128.7 129.2 130.2 129.9 128.5 127.2 126 125.1 121.1 116 111.6 116.7 122.3 124 122.7 120.6 118 116.7 117.2 115.8 114.6 111.5 105.5 106.5 107.5 108.3 109.7 111.7 112 112.1 110.4 108.1 106.7 104.4 102.1 99.2 96.5 96.7 96.7 95 92.1 90 88 85.9 83.9 81.8 79.7 79.4 81.7 83.1 80.5 78.6 78.2 76.3 76.1 72.9 72.2 71.9 71.5
181 176.8 173.4 174 171.1 171.7 169.4 167.9 177.3 181.7 181.9 181.1 178.9 174.5 160.2 145 135.8 135.3 135.4 136.5 136.4 136.1 135 133 132 131.2 128.6 125 116.8 113.8 120.8 125.9 129 128.7 125.8 121.8 120.3 119.6 117.4 116 108 110.3 111.9 111.8 112.2 113.7 114.7 115.4 115.5 114.1 112.7 109.7 106.9 104.7 102.9 101.7 99.3 98.5 97.5 94.8 92.7 89.5 86.3 83.6 82.2 80.5 83.3 86.1 87.6 87.6 86.8 84 81.6 78.6 74.4 73.7 73.7 72.6
180.8 176.3 172.7 166.5 168.7 164.4 160.6 157.7 156.5 155.8 159 163.1 155.8 144.1 141.5 142.5 144 142.6 141.5 142.1 143 140.9 139.7 138.7 136.3 133.8 130.8 126 117.5 119.2 127.1 131.3 133.5 133.5 131.6 128.1 124.7 122.1 120 114.9 112.1 114.8 114.7 113.7 115.2 117.2 117.8 117.8 117.7 117.3 115.7 113.5 110.1 107.2 105.5 104.1 102 100.4 99.2 97.3 94.5 90.9 85.9 83.1 84.4 86.1 86.8 87.8 89.3 90.8 91 89.6 87.3 84.7 80.2 76 75.4 73.9
184.1 179 175.6 171.5 168.9 165.6 162.2 159.5 157.5 155.6 151.6 148.1 145 149 147.8 147.6 148.1 146.8 147.5 147.7 147.6 146.3 145 142.9 139.5 134.7 131.7 127 121.3 119.5 129.7 134.2 136.3 137.4 135.9 133.1 130.2 126.7 121.6 115.6 119 119.4 118.2 117.4 118.3 120.3 120.4 120.4 120.4 120.1 118.6 116.1 112.5 109.6 107.6 106.3 104.9 102.8 101.3 98.5 94.9 89.8 86.7 84.9 87.3 89.4 89.4 89.5 91.3 93.4 93.5 92.5 90.4 88.6 84.8 79.2 77.4 76.5
194.3 189.9 184.1 175.2 169.9 166.5 163.9 160.8 159.7 158.7 155.4 154.6 150.7 152.9 151.9 151.9 151 151.7 152.4 151.8 151 149.9 148.1 145.2 140.8 135.7 133.2 128.7 122.9 121.9 130.6 135.8 138.1 138.7 137.7 135.5 132.9 129.8 122.7 116.6 122.2 123.6 122.8 121.6 122.4 123.5 123.6 123.2 121.6 122.3 121.2 118.4 114.9 111.4 110.2 108.6 106.4 105.4 102.6 98.3 91.5 87.5 86.6 90 92.7 93.6 91.7 91.8 92.4 93.6 94.2 94.1 91.6 89.6 86.6 81.4 81.4 80.6
207 202.3 198.5 187.5 178.5 167.9 164.5 163.4 163.4 161.7 160.1 158.8 153.8 152.2 155 154 152.9 153.9 154.6 153.5 152.7 151.6 148.7 146 141.3 137.7 134.3 128.9 121.4 126.8 132.4 136.9 138.5 139 138.7 136.8 134.5 131.5 125 119.9 125.4 126.4 126.8 126.4 127.2 127.1 126.5 126.5 125.3 124.6 123.1 120.5 116.9 114 112.8 111.9 110.1 109 105.1 94.9 88.7 88.6 86.8 92 96.9 97.6 96.5 94.5 94 93.1 93.9 94 93.3 92.3 87.1 86.2 87.5 88
214.7 210.6 206 196.6 188.6 175.4 169.3 167.6 166.3 164.4 161.3 160.2 155.1 157.2 157 155.5 154.7 155.7 156.4 155.4 154.3 152.9 149.8 146.7 143 139.2 135.5 127.1 125.4 130.5 133.8 137.7 139.2 140.4 139.4 137.8 136.2 133.2 127.2 125.9 129.8 130.1 130 130.1 130.5 130.4 129.3 129.9 129.3 128.8 127 123.2 119.2 117.1 116 115.7 114.9 112.4 93.8 91 100.1 95.4 89.1 95.6 99.8 100.2 99 98.9 98.6 97.3 96.2 97.1 96.2 94 90.8 93.6 95.1 94.7
221.3 217.1 209.4 201.7 190.9 178 172.2 169.4 167.7 165.9 162.3 161.5 161.8 161 159.8 158.6 158.1 159 162.2 161.2 158.2 154.5 152.1 149.8 146.6 142 135.6 125.2 130.5 135.2 137.2 139.5 141.2 142.6 142.6 140.5 138 134.4 127.1 129.7 132.4 133 132.8 133.1 133.3 133.6 133.5 134.8 134.7 132.8 128.8 123.9 121 119.4 117.7 114.9 107.4 96 96.3 103 103.4 92.8 91.3 97.3 101.6 104.4 104.2 103.4 103 102 100.3 100 98.7 95.7 94.5 98 100.3 102.1
227.3 221.7 210.8 198.7 183.6 175.9 172.7 170.2 167.7 166.3 164.1 167.2 169.5 169.9 169.5 169.1 164 165.1 165.4 164 161.7 159.4 156.5 153.7 150.8 144.8 132.1 131.6 135.5 138.5 140 141.9 143.6 145.3 145.2 143.1 140.4 136.2 129.6 132.2 135.1 135.9 136.7 136.3 136.3 136.5 137.7 138 137.7 133 127.6 125.3 121.8 118 115.9 106.6 100.4 101.6 105.7 107.8 105.9 93.2 92.6 101.9 103 105.6 107.1 106.6 105.6 104.7 104.1 101.6 99.9 98.8 98.5 103.4 105.6 106.4
231 224.6 211.3 194.4 180.9 176.1 173.9 173.2 173.8 171.2 167.7 173.6 177.8 179.3 180.3 177.5 171.5 168.2 167.4 166.1 163.9 161.5 158.6 154.9 146.5 133.9 133 138.3 140.5 142.1 143.5 144.9 146.5 147.7 147.4 145.6 143.5 139.3 131.8 135.3 138.4 138.8 139.3 138.9 139.4 140.1 141 140.6 138.7 133 128.5 124.2 114.2 106.2 104.5 102.6 111.6 111.8 111.1 108.5 105.7 94.5 93.1 104.1 105.3 106.4 107.8 108.6 107.6 106.8 106.2 104.2 103.8 103.4 104.5 107.1 108.7 111.3
232.7 227.4 216 199.2 183.7 179.6 178.3 179.9 180.8 174.9 171 180.1 186 187.5 186.1 181.4 176.4 171.7 169.1 168 164.9 161.1 156.5 150 140.8 135 138.3 141.9 144.3 145.9 147.3 148.7 149.9 149.7 149.6 147.8 145.2 139.3 136.7 140.3 141.3 141.1 140.8 141.1 141.9 143 143.3 141.2 138 132 126.4 115.9 106.1 109 108.8 114.8 117 110.9 106.8 103.3 103.5 102.5 96.1 101.3 106.4 108.3 109.3 109.5 109.7 108.9 108.9 109.1 108.3 105.6 108 111 113.1 115.3
233.7 229 215.8 197.5 189 186.7 185.6 184.5 185.2 177.3 175.8 185.8 192.1 192.2 187.3 182.5 178.7 174.6 171.4 169.5 164.4 158.6 153.2 146.7 139.8 139.8 143 145.7 148.1 149.7 151.1 152.5 152.8 151.7 151.8 149.5 146.6 136.9 141.7 143.2 144.3 143.7 142.7 143.5 144 144.2 143.8 141.9 137.5 131.7 119.6 111.5 112.6 116.6 118.5 121.6 117.4 116 115.3 113.8 111.8 109.7 104 99.2 108.8 110.9 112.1 112.8 112.9 113.4 114.9 115.5 112.7 110.7 111.1 115.1 118.5 120.3
230.8 226.3 214.1 201.1 196.1 193.5 193 191.4 188.6 185.8 183.3 192.4 193.4 192.1 187.7 183.8 180.3 177.5 173.3 170.3 162.7 155.2 148.8 143.7 143.4 144.3 146.6 149.4 152 153.5 155 155.7 155.3 153.9 153 150.9 147.8 140.5 145.4 145.9 146.4 145.6 145.5 146.6 146.3 145.6 144.9 142.9 136.9 127.9 112.7 117.9 121.5 123.5 123.6 123.2 118.4 120.4 119.1 118 116 114.5 111.1 99 109.7 113 114.2 115.2 115.9 119.1 121.3 121.9 117.4 116.1 117.4 121.4 123.7 125.4
