data/SN68.asc
ncols 200
nrows 200
xllcorner 260000
yllcorner 280000
cellsize 50
[rows 108 to 143 of 200, columns 81 to 161 of 200]
74.3 72.2 68.1 63.8 61.2 59 58.5 58.6 58.8 59.3 60.2 61.2 61.8 62.2 62.6 62.3 63.5 65 66.2 67.9 70 72 73.7 73.5 71.9 70 68.2 67.6 66 65.7 66.3 65.9 71.6 73.3 73.6 73.9 74.1 74.7 74.8 76.5 78.2 80.7 83.1 85.6 88 90.5 94.7 95.2 96.6 97 97.5 97.5 97.5 97.2 97.5 95.9 99.8 102.4 105.1 108.3 109.9 111.1 118.4 127.6 135.3 144.9 155.8 166.8 176.6 181.7 187.7 192.8 197.3 201.7 205.8 210 213.7 218.2 223 224.5 225.9
66.6 63.8 61.5 59.2 57.2 56.4 56.2 56.3 56.4 56.8 57.3 58.1 58.3 58.3 58.7 59.2 60.1 61.5 62.8 63.9 64.9 66.2 67.9 67.2 66.3 64.1 62.2 64.7 67.1 67.3 69.1 70.4 73.4 75.5 75.8 76 76.9 77.8 79.3 81.6 84.1 86.5 89 91.4 93.8 96.2 101.1 104.3 106.2 106.7 105.8 108.1 106.9 105.6 104.9 108.8 112.9 115.8 118.6 123.2 124.8 130.2 133.5 139.8 147.9 156.2 166.1 177.1 183.6 190.3 195.7 200.1 204.4 208.8 213.2 217 221 225.7 231.2 233.9 235.2
60.3 57.8 55.5 54.8 54.6 54.5 54.3 54.2 54.3 54.7 55.1 55.5 56 56.4 56.9 57.2 57.5 58.3 59.3 60.5 61.6 62.5 61.5 60.9 62 66.9 69 69.8 70.7 71.8 72.1 74.2 75.8 77.3 78 78.1 80.4 84.1 87.8 89.4 91.1 92.7 94.8 97.3 99.7 103.8 108.3 111.6 114.9 117.7 117.9 118.5 117.4 116.4 117.2 121.7 125.9 129.1 133.5 137.8 141.5 144.7 147.9 151.5 161.3 169.1 176.9 185.8 194.6 199.5 203.2 207.2 211.5 215.9 220.5 224.7 228.5 233.9 239.4 242.7 244.3
55.8 53 52.5 52.1 52 52.9 52.6 52.4 52.2 52.6 53 53.4 53.9 54.5 55 55.4 55.8 56.5 57.7 57.4 58.1 59.4 62.5 68.3 69.1 70.3 71.4 72.2 73 74.1 75.8 78.5 80.8 83.1 86.8 86.8 88.5 92.6 96 97.6 99.3 100.9 102.6 104.6 108.1 112.3 116.3 119.8 123.1 126.1 128 129.1 129.1 129.3 130.7 133.7 138.2 142.6 148 148.6 151.8 158.5 162.3 165.5 173.1 182.8 190.1 195.3 201.4 206.8 210.6 214.3 218.6 223 227.6 232.1 236.9 242.4 247.7 251.5 254.4
50.9 50.3 49.8 49.5 49.1 50 50.9 50.9 50.6 50.5 50.9 51.2 51.9 52.7 54.1 54.3 54.6 55.4 56.6 58.5 60.7 63.1 65.7 68.1 70.3 71.4 72.5 75 77.3 79 81 84.1 87.2 89.6 95.8 96.3 97.8 101.2 104.2 105.8 107.4 109.1 111.1 113.8 116.4 120.5 124.3 127.9 131.1 134 137.7 139.5 140.8 143 144.2 145.6 147.1 149.6 155.7 160.6 161.6 166.7 173.4 180 184.5 193.3 198.3 202.3 208.2 214.1 217.6 221 225.5 229.5 233.6 238.1 245.2 250.8 255.6 260.2 263.2
48.7 47.6 47.1 46.8 46.4 47 48 49 48.5 49.8 50.5 52.3 53.6 54.5 55.7 55.9 56.5 58.6 59.6 61.6 63.7 66 68.6 70.5 73.5 76.1 78.7 81.3 83.3 84.1 86.1 89.5 93.6 96 102.7 105.8 107.5 109.6 112.4 114 115.6 117.7 120.3 122.9 125.6 128.6 132.3 136 138.9 141.8 145 148.1 150.3 152.5 153.9 154.7 154.8 155.7 160.9 167.4 173.2 174.9 181.6 188.3 194.2 199 204.1 209.6 214.9 219.8 222.9 225.9 230.3 234.7 239 244.9 250.9 257.2 262.4 267.1 271.5
46.5 45.3 44.8 45.6 46.4 47.2 48.1 48.7 50.2 50.3 50.4 52.1 53.4 54.3 55.7 56.4 57.7 60.8 62.7 64.6 66.7 68.9 71.7 74.9 79.2 82.4 85 87.6 89.2 89.9 91.3 94.9 99.1 102.6 109.6 115.5 117.2 119 120.6 122.1 123.5 125.8 128.1 131.8 134.4 137 140.8 143.9 146.6 149.4 152.2 155.4 157.6 159.9 161.7 162.3 162.7 163.2 166.6 172.9 179.2 185.6 189.8 195.8 199.9 204.7 209.6 215.7 220.9 224 226.1 228.6 232.9 237.3 242 249.5 256.3 262.4 269 274.7 279.1
44.5 44.9 45.2 46.4 47.6 48.8 49.1 48.8 49.8 49.8 49.8 51.5 53.2 54.1 55.3 57 58.9 61.9 65.2 67.6 69.9 72.4 75.2 80.2 84.4 88.7 91.3 93.6 95.2 96.4 96.4 100.3 104.5 109.3 116.3 122.8 124.3 126 128 129.6 130.5 132.2 136.3 139.9 143.1 145.7 149.2 151.6 154.2 157.1 159.6 162.6 165 167.2 169.5 170.1 170.6 171.1 172.3 178.6 184.9 191 196.7 201.5 205.6 210.3 215.2 218.7 223.1 226.3 227.8 230.8 235 239.6 244.7 251.7 259.1 266.6 274 281.2 285.5
44.4 45.1 45.8 46.5 47.8 48.2 48.8 49 49.4 49.4 49.3 49.8 52.9 53.8 54.9 57.6 60 63 67.4 71.3 73.5 76.8 79.7 82.5 88.7 94 97.6 99.5 101.1 102.7 102.1 106.3 110.7 115.5 122.8 129.5 131 133.4 135.5 136.9 137.6 138.6 144.8 148 151.1 154.3 156.9 159.4 161.9 164.8 167.5 169.8 172.3 174.6 176.7 178 178.5 178.9 178.6 182.8 188.8 194.8 199.1 205.6 211.3 215.8 219.2 221.9 224.7 227.1 229.3 231.6 236.1 241.8 247.3 253.5 260.9 269.9 278.6 285.6 291.1
44.3 44.7 45.8 46.7 47.3 46.7 47 48.5 49.1 49.1 48.9 49.3 52.3 52 54.1 56.6 61.4 64.5 68.7 73.5 77.6 81.2 84.3 87 89.8 96.2 102.3 104.3 105.1 106.8 108.2 111.5 116.8 121.8 129.1 136.2 138.3 140.7 143 144 145.3 149.4 152.3 155.8 158.9 160.6 163.9 167 169.6 172.5 175.3 177.1 179.4 181.1 183.9 186.1 185.3 183.9 185.1 188.3 193 197.8 201.6 207.7 213.7 219.6 221.4 224.6 227.1 229.2 229.2 232.4 236.2 241.6 246.1 252.9 262.7 272.7 282.1 289.8 295.2
44 44.3 45.3 46 45.7 45.2 45.5 46.4 48.7 50 50.9 51.9 53.6 53.6 52.6 55.6 60.2 64.6 67.8 71.6 76 81.1 86.2 89.8 92.7 95.8 100 104.2 108.4 110.9 113.5 116.4 121.6 127.7 135.6 142.2 146.1 148.1 148.8 150.2 152.5 155.5 157.3 160.2 161.7 164.1 168.1 171.1 173.9 178.4 180.3 181.9 181.2 185.3 189.7 190 190.2 188.8 191.7 192.4 196.2 197.5 200.5 206.3 213 218.4 222.1 223.9 225.3 226.4 227.6 229.1 231.9 239.3 241.5 251.3 262.4 273.7 284 289.8 296.2
43.4 43.8 44 44.5 44.2 43.6 44.3 47.2 50.1 51.9 52.9 54.8 57.2 56.9 55.6 54.7 55.5 61.3 65.9 69.9 74.4 78.8 84 89.1 92.7 95.3 99.3 103.5 106.1 112 117 120.4 125.8 131.5 140.7 147 149.3 150.1 150.9 151.6 155.5 157.9 159 159.7 160.5 162.5 165.7 169.5 172.3 176 179 180.6 181.2 183.9 187.8 188.9 187.7 187.5 184.2 182.9 187.8 187.7 188.6 193.7 202.9 208.3 210.8 213.9 216.4 219.8 221.3 222.1 227.1 232.5 234.6 245.6 259.7 267.9 278.1 285.9 292.2
42.5 42.8 43 43.2 43.3 45.2 47.9 49.4 51.5 53.8 55.9 58.3 60.7 60.2 60.4 59.4 59.2 57.2 63.4 68.8 73.6 76.7 81.9 86.9 92 95.2 98.6 101.5 104 108.7 115.3 121.4 125.6 131.4 134.7 137.4 140.1 144.3 149.1 149.8 149.2 147.6 150.1 152 153.1 155.3 158.7 159.8 162.1 164.1 166.2 168 169.7 171.3 173.9 173.8 171.1 169.7 167.7 166.2 168 171.1 173.8 179.2 186.5 190 192.8 195.6 198.5 204.4 206.7 208.2 211.7 216.2 222 231.2 250.2 259.7 265.2 269.8 276.3
42.1 41.6 41.9 42.9 45 47.9 50.7 53.6 55.3 57.4 59.7 62.1 63.9 64.8 65.5 65.7 65.6 59.9 58 70.7 72.7 74.6 79.7 84.8 89.7 93.8 96.6 99.3 101.8 105.4 111.9 116.7 119.2 121.3 123.5 126.4 129.6 133 135.6 134.4 134.4 134.8 136 138.3 139.9 140.7 143.2 145.3 146.4 148.5 150.1 151.1 153.1 150.4 156.3 154.5 151.1 147.9 145.9 147.1 149.1 152.8 156.9 160.7 165.1 168.5 170.2 172.9 175.8 181.3 185.8 189.5 194.4 200.1 205.2 211.5 227 243.6 245.4 252.9 262.3
43 42.7 43.2 44.9 46.9 50 53 56 59.5 61.9 64.2 66.8 68.5 69.3 69.6 68.3 68.4 66.9 57.2 58.7 64.8 72.6 77.4 82 86 89.1 91.1 93.4 96.2 98.7 103.8 106.2 108.2 110.2 112.3 115.4 118.4 120.6 120.8 121.7 122.4 122.5 123.6 125.7 126.5 126.9 126.8 127.7 129.5 131.4 133.4 134.7 134.6 132.1 135.5 132.9 129.3 127.9 125.3 127 131.4 134 137.9 140.8 143.2 146.9 148.4 149.9 152.5 159.6 167.3 174.7 178.2 182.3 184.9 190.7 198.6 205.4 213.3 222.6 232.2
44.2 44.7 45.6 47.7 50.5 51.8 54.8 59.1 63.3 66.9 69.2 72.4 76.4 77.2 78.3 76.1 74 71.6 71.2 66.3 59 61.1 73.8 77.9 81.4 83.3 85 87.1 89.7 91.1 94.7 96.5 98.3 100.1 101.8 103.8 106.7 108.2 107.9 108.1 108.3 109 110.5 112.1 113.2 113.8 114.1 113.4 114.6 115.5 116.5 117.4 115.5 113.5 112 110.1 109.2 109.2 107.1 109.7 114.9 118.2 118.9 121.1 123.7 126.9 127.6 129.5 133.9 142 150.5 157.1 159.9 162.3 164.8 166.9 174.6 181 185.6 194.2 202.5
47.4 48.3 49.2 50 53 54 58.6 63.2 66.8 71.9 73.8 77.9 82.6 85.2 85.6 82.5 79.7 78.2 75.1 74.7 74.6 65.9 61.4 70.4 75.8 77.4 78.7 80.7 81.9 83.5 85.9 87.6 89.4 91.2 92.6 93.7 95 95.6 95.8 97.6 97.9 100.3 101.7 104.4 103.8 100.8 101.3 101.5 102.8 103.8 104.9 104.9 102.9 100.4 97.6 97.4 97.7 97.8 97.6 99.1 101.9 103.3 103.8 102.5 108 113.3 115.1 116.5 117 125 132.5 139.6 141 143.5 148.1 150.2 154.7 160.7 166.9 173.9 180.9
51.2 52.1 53.7 55.8 55.4 57.5 61.2 66.5 70.6 75.9 78.7 82.1 85.8 88.8 89.2 88.1 86.9 84.4 81.7 80.7 81.3 77.9 73 65 65.4 68.5 70.2 72.1 73.6 75.3 77 78.8 80.5 82 83.4 84.5 85.4 85.1 87.9 90.6 91.9 94.4 95.5 96.8 95.8 92.8 89.9 90 90.9 92.1 93.6 92.9 94.3 96.9 99 101 100.8 100.7 100.5 100.6 101.8 102.2 101.7 102.5 104 105 104.2 105.2 106.2 107.9 116.2 121.1 122.1 126.3 131.3 134.2 140.9 143.4 149.5 156.6 163.2
58.4 57.3 58.8 62.4 62.3 61 65 69.9 75.4 80.8 84.6 87.8 90.6 93.3 95.2 95.3 93.7 91.1 89.4 87.9 88 84.7 79.9 78.6 77 76.1 76.4 76.2 75.9 74.9 73.2 71.6 71.4 73.2 75.2 76 76.7 77.9 81.4 83.7 85.8 88.5 89.3 89.3 87.8 87 89 89.9 94.7 95.9 98.8 100.2 101.5 104.2 106.2 107.4 107.8 107.6 107.9 107.5 106.6 109.7 110.9 113 112.8 112.5 114.1 112.3 109.7 110.6 110.1 109.3 110.9 113 115.2 119.5 124.2 126.7 132.3 139.4 144.9
69.6 68.8 65.6 68 67.1 66.8 69.7 75 80.7 86.3 91.6 94.7 96.9 99.1 101 101.8 100.6 98.6 97.1 95.6 94.7 91 90.8 89.2 87.6 86.8 86.7 86.6 86.9 87.4 86.7 84.9 82.5 82.3 84 84.9 84.3 81.1 80.7 81.2 82.5 84.6 85.6 87.7 90.7 95.3 100.5 103.1 104.2 105.6 107.4 107.8 109.4 112.2 113.6 114.1 114.7 115.4 117.7 119.6 118.7 121.1 122.5 123.8 123.5 123.7 123.9 124.6 121 120.9 119.9 116.1 114.9 112.7 113.9 116 116.7 118.6 120.7 122.6 126.6
80.5 81.1 77.5 76.5 74.8 73 74.7 80.3 86 91.6 97.3 101.7 102.7 104.7 106.7 107.8 107.9 106.4 104.9 103.4 101.9 102 101.6 99.7 98.2 97.5 96.8 96.6 97.1 97.9 97.5 95.6 93.9 92.8 93.9 95.1 93.6 93.3 92.9 93.1 93 92.3 94.9 97.5 100.3 104.9 109.1 110.5 111.4 112.7 115.5 116.4 118.1 120.1 120.9 121.8 123.9 125.7 128 129.8 129.8 131.9 134 134.4 134.4 135.4 135.1 136.8 134.7 133.6 133.5 129.9 127.8 124.2 118.3 115.8 116.4 118.9 121.3 124 127.9
91.5 92.7 90.9 87.4 85.6 83.1 82 86.8 92.2 97.9 103.6 106.4 108.5 110.4 112.4 113.3 114.8 114.5 113 111.6 111.4 111.9 111.9 110.3 108.8 108 106.9 106.5 107.3 108.2 108.3 107 105.9 105.2 104.4 105.3 105.1 105.6 105.3 105.9 106 105.1 105.3 107.9 110.3 114.4 118.3 118.2 118.8 120.4 123.7 125.1 127 130 131.7 134.2 135 136.9 138.8 140.5 140 143 145.5 144.7 146.4 146.6 146.8 148.4 147.1 147.4 147.5 149.5 148.3 144.3 137.2 129.2 123.7 119.8 122.7 126 132.2
102.3 103.2 101.7 98.3 95.4 90.6 88 95.6 100 104.4 108.8 111 113.4 115.9 118 119.4 120.9 121.8 121.2 120.2 120.6 120.3 119.8 119.2 118.8 118.1 117 116.6 117.5 118.4 118.9 118.5 117.7 117.6 115.7 116.4 116.9 117.4 118.4 118.6 119.1 118.1 117 118.4 120.7 123.7 128.3 127.6 128.3 131.9 133.9 135.9 139 143.1 145.5 152.6 151.6 151.4 151.7 152.7 153.7 155.4 156.2 154.3 155.8 156.6 158.4 160.3 160.9 161.3 165.5 169.1 168.7 164.5 156.4 147.4 138.2 121.6 124.6 130.3 136.5
110.9 109.7 108.3 107.3 103.6 99.1 93.9 102.8 106.5 110 113.5 115.9 118.3 120.4 122.8 124.6 126.2 128.4 129.2 128.9 128.6 128.2 127.8 127.4 127.1 127.1 126.5 126.1 126.9 127.6 128.5 129.4 129.1 128.8 128.8 128.8 129.4 131.3 133.1 132.7 132.3 130.2 131.4 131.1 131.5 133.3 138.5 139.7 139.4 146.2 149.5 152 154.7 157.5 160.1 166.5 167 165.2 164.7 165 165.6 167 166.6 165 166.6 167.8 169.2 170.3 172 176 183.5 188.7 188.1 184.8 178.3 167.4 151 133.3 128.2 134.4 140.5
117.9 115.8 114.4 112.3 109.4 105.9 101 106.2 110.3 114 117.1 120 122.2 124.6 127.1 129.3 131.4 133.8 135.6 136.3 136.3 136 135.3 135.6 135.3 135.1 135 134.4 136.2 136.8 137.4 137.9 138.2 138 138.2 138.5 139.3 139.6 140.4 142.4 144.6 144.6 144.6 144.5 144.6 145.1 148.7 151.2 155.9 160.2 163.5 166.5 168.8 170.9 174.6 180 181.5 178.1 177.3 177.4 177.2 176.7 176.3 176.4 178.7 180.2 180.4 179.6 180 186.6 197.2 212.5 218.3 207.2 199.6 190.2 172.7 154.5 132.7 131.7 139.5
122.7 120.7 118.1 116.1 113.9 110.5 108.3 109.6 113.4 116.7 119.5 122.4 126 128.8 131.1 133.1 136.4 138.9 139.9 141.7 142.7 142.7 142.1 142.4 142 141.3 141.6 141.8 143.1 143.4 144.2 145.6 147 147.3 147.9 148.8 149.6 150.6 150.4 154.3 155.3 156.8 158.1 158.5 159.5 160.6 161.8 166.1 171.3 173.9 176.6 179.2 181.8 185.2 188.7 192.3 193.9 190.8 189.4 188.4 187.8 186.6 185.7 186.8 188.2 190.2 191.2 191.1 192.6 196.7 208.3 226.5 237.1 233.4 221.6 213.4 194.8 174 152.2 130.4 135
125.1 123.1 120.7 119 116.5 112.9 110 110.1 113.8 118.3 121.8 124.8 127.7 130.8 132.8 136.3 139.7 141.6 142.9 144.7 146.6 148.6 149 149 147.8 147.5 147.2 147.5 148.7 149.6 150.1 151.2 152.9 154.8 155.2 155.8 158.7 160.9 162.4 163.5 166.3 167.9 169.8 171 173.1 175.5 177.1 181.1 184 187 189.4 191.3 194.1 196.8 199.5 202.1 203.4 203 199.8 199 198.4 197.9 197.6 199.4 200.8 200.4 200.6 201.6 203.2 207.4 219.4 239.1 246.1 248.4 239.6 231.8 215 192.3 171.1 152.8 140
126.7 125.2 122.4 119.7 116.5 113.1 110.3 111.1 112.5 116.4 120.4 123.4 126.4 129.5 133.1 136.4 137.3 141 145.9 147.3 149.9 151.6 152.1 152.6 153.3 152.3 152.1 153 153.5 154.2 155.3 156.3 157.7 159.4 161.6 162.4 165.7 168.6 170.6 172.4 175.1 178 180.4 182 185 187.6 189.7 193.4 195.6 199 198.9 198.8 201.6 204.3 207 208.4 210.5 209.1 206.1 204.9 204.3 205.5 207.3 207.7 208.9 210.5 210.1 211.1 213.9 216.8 227.5 244.2 251.1 255.5 253.2 250.5 241.3 211.8 192 175.6 162.8
126.4 124.4 120.8 117.2 114.8 112.4 110 110.5 111.4 114.2 118.2 122 124.5 127.9 130.8 133.1 133.9 137.5 142.4 147.3 149.6 150.6 151.9 153.4 154.9 156.4 157.2 157.6 158.1 158.8 159.9 160.9 161.7 163.4 165.6 168 170.5 173.7 176.5 178.7 181.5 185.1 186.3 189.6 193.8 196.4 199.1 201.9 204.8 207.3 208.4 206.9 209.1 211.8 213.6 214.4 215.1 213.8 211.6 210.6 209.9 211.1 213.5 215.7 216.8 218.7 219.3 221.2 223.1 225.5 236.9 254.6 258.3 261.8 265.4 264.7 260.6 233.7 214.5 197.7 184.4
125.7 120.6 116.4 112.2 109.2 108.6 108 109.2 110.3 111.8 114.6 118.6 121.9 124.4 126.9 129 130.4 133.9 138.8 142.5 145.1 146.5 147.8 149.3 152.3 157.4 159.6 161.3 162.7 163.3 164.4 165.4 165.6 167.4 169.9 172.5 175.5 178.7 181.5 184.1 186.3 189 190.8 193.8 197.9 202.2 206.3 208.8 211.5 214.2 215.4 216.2 216.6 218.7 219.3 220.2 219.4 218.5 217.1 216.2 215.4 216.7 218.3 218.5 220.8 222 222.1 226 228.8 233.8 241.1 260.6 264 267.4 270.9 273.1 272.3 257.3 237.1 220.3 205.9
116.2 111 105.7 103.9 102.1 101.6 101.7 102 102.2 107.2 110 114 117.7 120.5 122.9 124.8 126.8 130.3 134 137.6 140.3 142.1 143.6 148.7 153.7 158.7 160.9 162.7 164.5 166.2 167.7 169.3 169.9 171.7 174.5 177.4 180.5 182.1 184.5 187.9 189.5 191.9 195 197.9 201.9 205.4 208.7 212.6 216.9 220.9 222.4 222.8 221.2 219.6 218 217.6 219.2 220.7 222.5 221.7 220.9 221.3 220.8 221.2 222.9 224.4 225.6 227.9 229.4 234.4 245 257.4 264.5 269.7 277.1 280.3 282.3 277.5 261.2 245 226.9
100.1 97.4 95.2 93.4 91.6 91.7 92.8 93.5 94.1 100.8 105.4 109.2 112.9 116.5 118.7 120.7 122.5 125.5 129.2 132.8 136.9 139.3 142 147.2 152.5 157.5 160.4 162.6 164.8 167.4 170.2 171.1 171.5 174 177.3 179.8 182.3 184.5 186.6 189.5 190.5 192.7 195.6 198.9 201.5 205.2 209.8 213.4 215.8 215.8 213.8 212.1 210.7 209.2 207.6 208 209.2 210.7 213 214.5 215.2 216.2 217 220 222.7 225.4 227.8 229.3 230.9 234.8 245.4 251 258.7 267.4 277.7 280.9 290.4 285.7 272.9 257 240.6
88.8 86.6 83.3 81.3 81.2 82 83.5 85 87.6 94.3 100.4 103.8 107.2 110.6 114.3 116.1 117.9 121 124.6 129.1 133.7 137.5 139.9 144.8 150 154.7 159.2 161.8 163.3 165.9 168.4 171 171.3 174 177.5 180.9 183.6 185.7 186.8 187.7 188.5 191 192.8 194.5 198.2 202 205.6 208.2 207.5 205.1 203 201.4 200.2 198.8 197.4 198.4 199.2 200.8 202.5 204 205.5 207.5 209.7 213.6 217 219.7 222.4 225.1 227.6 233.1 238.6 244.3 252.9 262.2 269.7 277.3 288.2 281.3 267.5 252.8 244.3
78.6 75.6 72.5 69.2 70.8 72.7 76.7 80.6 81.3 88.2 93 96.7 100.1 103.4 106.8 110.8 113.3 116.4 121 125.5 130.1 134.6 138.2 142.3 147.3 151.7 155.6 159.4 161.2 163 164.8 167.6 170.4 172.8 175.7 178.9 181.9 183.5 184 182.1 181.5 183 185.1 187.5 190.3 193.2 196.9 198.6 196.8 194.5 192.3 190.7 189.6 188.4 187.8 188.9 189.2 190.7 192 193.5 196.9 199.3 203.2 207.2 211.1 214.1 216.6 219 221.4 225.8 232.1 237.7 245.6 253.6 260.3 266.9 276.1 272.3 259.8 251.3 247.4
68.3 65.1 63.9 63.3 63.5 65.6 69 72.7 77.1 81.3 85.4 89.5 93 96.1 99.3 103.4 107.4 112.4 117.2 122 126.5 131.1 135.6 139.9 144 148 151.9 153.8 155.5 157.3 159.7 163.3 165.6 167.6 171.4 173.7 176.2 178.1 176.8 174.6 173 174.7 176.5 178.6 181.1 183.8 185.3 187 185.6 183.9 181.6 180.2 179.1 178 178.2 179.3 179.7 180.5 181.5 184.7 188.3 193.1 197.1 201.1 205 208.1 210.5 212.9 215.3 219.2 225.9 227.4 235.5 244.3 249.6 255.3 264.2 257.4 255.7 249.8 248.6
61.1 59.8 59.4 59.1 59.3 59.5 61 65 68.3 72.4 77 81.7 85.7 88.8 91.9 95.9 101.9 106.5 111.2 116 120.8 125.7 130.5 135.1 139.2 143.1 145.9 147.4 149.7 151.8 154.8 157.6 159.5 161 164.2 166.5 167.6 168.8 166.8 164.1 163.5 164 165.8 168.1 170.3 172.9 173.9 175.1 174.9 172.8 171 169.7 168.6 166.8 168.6 169.7 171 172.5 172.2 177 182.6 187.5 191.4 195.2 199 202.1 204.5 206.7 209.4 213.2 219.5 223.5 229 235.8 239.5 244.3 250 248.6 251.2 247.1 247
