data/SN69.asc
ncols 200
nrows 200
xllcorner 260000
yllcorner 290000
cellsize 50
[rows 117 to 155 of 200, columns 0 to 87 of 200]
-1.1 -1.1 -1.1 -1.1 -0.4 0.1 0.6 1.1 1.6 6.7 13 9.9 6.2 5.2 4.3 4.8 5.3 4 3.9 4.7 3.7 2.8 3.1 2.5 2.1 1.8 1.8 1.5 1.1 0.8 0.5 0.1 -1.1 -1.1 0.1 0.6 1.2 1.5 1.6 1.7 1.8 1.8 1.8 1.8 1.8 1.7 1.7 1.6 1.6 1.5 1.5 1.5 1.4 1.4 1.3 1.3 1.3 1.3 1.2 1.2 1.2 1.2 1.3 1.3 1.3 1.2 1.3 1.3 1.3 1.4 1.5 1.6 1.7 1.2 1 1 1.1 1.1 1 1 1 1 1 1.6 1.3 1 0.8 0.8
-1.1 -1.1 -1.1 -1.1 -0.4 0.1 0.6 1.1 1.6 10 11.8 8.9 8 7.8 7 6.5 6.9 5.6 5.8 5.8 4.9 4.9 5 2.8 2.3 1.8 1.8 1.8 1.7 1.4 1.1 0.9 -1.1 -1.1 -1.1 1.3 1.7 1.6 2.4 2.5 1.5 2.5 2 1.8 1.8 1.8 1.8 1.7 1.7 1.7 1.6 1.6 1.6 1.5 1.5 1.5 1.4 1.4 1.4 1.4 1.4 1.4 1.4 1.4 1.4 1.4 1.4 1.5 1.5 1.6 1.7 1.8 1.8 1.1 1.1 1.2 1.3 1.2 1.2 1.2 1.2 1.2 1.6 1.3 1.1 0.9 1.2 2.4
-1.1 -1.1 -1.1 -1.1 -0.4 0.1 0.6 1.1 1.6 10 11.1 9 10.5 8.2 7.6 9.4 8.4 7 6.9 5.9 5.2 4.2 5 3.3 2.6 2.2 2.1 2 1.9 1.8 1.9 1.8 -1.1 -1.1 -1.1 1.7 2.1 2.6 3.1 3 3 2.5 2 1.8 1.8 1.8 1.8 1.8 1.8 1.8 1.8 1.7 1.7 1.7 1.6 1.6 1.6 1.6 1.5 1.5 1.5 1.6 1.6 1.6 1.6 1.6 1.6 1.7 1.7 1.8 1.2 1.1 1.6 1.3 1.3 1.3 1.4 1.5 1.3 1.3 1.3 1.3 2 2 1.6 2.3 3.9 2.1
-1.1 -1.1 -1.1 -0.8 -0.3 0.2 0.7 1.1 1.6 9.2 11.1 12.3 11.8 7.2 5.8 6 7.6 7.6 7.2 4.5 4.3 4.3 4.4 6.2 3 2.5 2.3 2.3 2 1.7 1.8 2 -1.1 -1.1 -1.1 1.7 2.2 2.1 2.6 3.2 3 2.5 2 1.8 1.8 1.8 1.8 1.7 1.6 1.7 1.7 1.7 1.8 1.8 1.8 1.8 1.7 1.7 1.7 1.7 1.7 1.7 1.8 1.8 1.8 1.8 1.6 1.5 1.8 1.8 1.4 1.1 1.5 1.7 1.4 1.5 1.6 1.7 1.7 1.5 1.4 1.5 2.3 2.7 2.6 3.4 2.6 2.1
-1.1 -1.1 -1.1 -0.8 -0.3 0.2 0.7 1.2 1.7 8.8 11.1 14.2 11.9 10.7 10.3 7.9 8.1 8 6.9 3.9 4.1 4.6 4.9 6.3 6 2.6 2.7 2.5 2.2 1.9 1.6 2.1 -1.1 -1.1 1.8 1.8 1.5 1.6 2 2.4 2.9 2.5 2 1.8 1.8 1.9 1.8 1.7 1.7 1.7 1.7 1.8 1.8 1.9 1.2 1.7 1.9 1.9 1.9 1.9 1.9 1.9 1.6 1.1 1.1 1.1 1.1 1.1 1.1 1.7 1.6 1.2 1.4 1.9 1.6 1.6 1.7 1.8 1.9 1.8 1.6 1.8 2.6 3.1 2.6 2.6 2.6 2.2
-1.1 -1.1 -1.1 -0.8 -0.3 0.2 0.7 1.2 1.7 12.3 16.7 15.9 16.7 9.8 9.3 6.9 4.7 10.5 8.9 4 4.8 5.1 5.1 4.6 4.7 4.5 2.9 2.6 2.3 2 1.7 1.2 -1.1 -1.1 1.8 1.1 1.8 1.5 2 2.1 2.1 2.5 2 1.8 1.9 1.9 1.8 1.8 1.8 1.8 1.9 2 2 2 1.7 2 2.1 2.1 2.1 2.1 2 1.9 2.1 1.4 1.2 1.3 1.3 1.3 1.3 1.7 1.6 1.2 1.4 1.8 1.7 1.8 1.9 2 2.1 2.2 1.9 2.2 3.3 2.7 2.7 2.6 2.7 2.4
-1.1 -1.1 -1.1 -0.8 -0.3 0.2 0.7 1.2 1.7 10.1 12.4 5.1 13.2 11.4 5.3 3.7 3.8 4.7 4.5 4.5 5.1 4.8 4.2 3.7 3.8 5.6 3.1 2.8 2.5 2.1 1.8 1.4 -1.1 -1.1 1.8 1.8 1.8 1.8 1.8 2 2 1.9 2 1.8 1.9 1.9 1.6 1.7 1.9 1.9 2 2.2 2.3 2.1 2.1 2.2 2.3 2.3 2.3 2.2 2.1 2 2.4 1.8 1.4 1.4 1.4 1.4 1.4 1.7 1.6 1.3 1.5 1.7 1.9 1.9 2 2.1 2.2 2.4 2.8 4.5 2.6 2.7 2.7 2.7 2.7 2.5
-1.1 -1.1 -1.1 -1.1 -0.3 0.2 0.7 1.2 1.8 9.3 5.1 17.8 18.5 11.8 4.3 3.9 4.8 4 4.3 4.2 3.8 3.6 3.3 4.2 3.6 4.7 4.8 2.9 2.6 2.3 2 1.7 -1.1 -1.1 1.1 1.7 1.8 1.8 1.8 1.9 1.9 1.8 2 1.9 1.6 1.3 1.5 1.8 2.1 2.1 2.2 2.3 2.4 2.4 2.4 2.5 2.5 2.5 2.4 2.3 2.2 2.1 2.7 2.2 1.6 1.6 1.6 1.6 1.6 1.6 1.5 1.5 1.5 1.8 2 2.1 2.2 2.3 2.5 2.8 2.3 2.5 2.6 2.6 2.6 2.7 2.8 2.7
-1.1 -1.1 -1.1 -1.1 -0.4 0.2 0.7 1.2 1.7 12.9 15.3 12 6.3 10.2 5.1 5.8 7.7 4.5 4.1 3.6 3.2 3 3.1 3.6 3.4 3.8 4.4 4.6 2.7 2.4 2.2 1.9 -1.1 -1.1 1.7 1.4 1.4 2.1 1.9 1.8 1.8 1.8 1.8 2 1.5 1.6 1.9 2 2.3 2.3 2.3 2.5 2.6 2.7 2.7 2.8 2.8 2.6 2.5 2.4 2.3 2.2 2.7 2.6 2 1.7 1.7 1.7 1.8 1.8 1.7 1.6 1.7 1.9 2.2 2.3 2.4 2.6 2.9 2.3 2.6 2.6 2.7 2.7 2.7 2.8 2.8 2.8
-1.1 -1.1 -1.1 -1.1 -0.4 0.1 0.6 1.2 1.7 6.3 10.7 6.7 17.7 10.1 8 4.9 5.6 4.1 3.7 3.2 2.8 2.6 2.8 3 3.1 3 4 5.1 4.7 2.8 2.6 2.1 -1.1 -1.1 1.3 1.6 2.1 2.2 2.3 2 1.4 1.9 2 2.3 2 2.2 2.3 2.7 3.8 2.6 3 3.5 3.1 3 3 2.8 2.9 3.1 2.6 2.5 2.4 2.3 2.5 3 2.4 1.9 1.9 2 2.3 2.3 2.2 2.2 2.1 2.3 2.6 2.9 2.7 3.8 2.3 2.4 2.6 2.7 2.7 2.7 2.8 2.8 2.8 2.8
-1.1 -1.1 -1.1 -1.1 -0.6 -0.1 0.5 1.1 1.7 6 4.8 13.5 13.1 8.6 10.4 5.7 4.3 3.9 3.6 3.1 2.7 2.5 2.7 3 3.1 3.2 3.3 3.2 3.6 4.2 2.8 2.1 -1.1 -1.1 2 2.1 2.4 2.5 2.6 2.6 1.7 1.9 2.2 2.4 2.8 1.2 1.6 1.3 1.5 1.7 1.8 1.9 1.5 2.5 3.8 2.7 2.9 3.3 3.4 2.9 2.5 2.4 2.4 3.5 2.9 2.3 2.1 2.4 2.7 2.9 2.8 3 2.9 2.7 3 4.3 2.3 2.4 2.1 2.5 2.7 2.7 2.8 2.8 2.8 2.8 2.8 2.8
-1.1 -1.1 -1.1 -1.1 -0.7 -0.2 0.4 1 1.6 6.1 12.5 13.8 7.2 10.9 9.6 4.7 4.3 3.9 3.7 3.4 3.2 2.9 2.9 3.2 3.3 3.4 3.1 3.1 3 3.9 3.6 2 -1.1 -1.1 2.1 2.1 2.3 2.8 3.7 3.2 4 1.7 0.8 1.1 1.1 1.3 1.6 1.5 1.9 2.5 2.5 2.3 2.9 2.5 2.6 2.4 3.9 3.3 3.8 3.7 3.2 2.8 2.4 3.2 3.2 2.6 2.7 2.9 3.2 3.4 3.5 4.3 3 1.9 1.5 1.6 2.7 2.4 1.7 2.5 2.7 2.8 2.8 2.8 2.9 2.9 2.9 2.8
-1.1 -1.1 -1.1 -1.1 -0.6 -0.1 0.5 1 1.5 6.2 4.8 9.4 13.2 9.5 5.8 4.4 3.9 3.7 3.6 3.6 3.6 3.2 3.1 3.3 3.4 3.2 3.3 3.3 3.3 3.7 3.3 4.5 -1.1 -1.1 4 2.5 1 1.3 1.3 1.4 1.4 1.2 1 1.2 1.4 1.6 1.6 1.8 2.2 2.6 2.6 2.4 2.9 2.6 2.6 2.7 2.4 2.2 1.9 4.3 4.3 3.3 3 2.9 3.5 4.3 3 1.3 1.9 1.8 1.8 1.7 1.4 1.8 1.5 1.2 1.9 1.9 1.3 2.3 2.7 2.8 2.9 2.9 2.9 2.9 2.9 2.9
-1.1 -1.1 -1.1 -1.1 -0.6 -0.1 0.4 0.9 1.5 5.7 6.4 9.3 12.7 6.7 5.2 4 3.7 3.6 3.5 3.5 3.5 3.5 3.3 3.4 3.4 3.4 3.4 3.4 3.4 3.4 3.3 4.7 -1.1 -1.1 1.7 1.3 1.8 1.4 1.6 1.7 1.6 1.5 1.3 1.2 1.8 1.9 1.9 2 2.4 2.6 2.6 2.5 3 2.7 2.7 2.7 2.7 2.6 2.8 3.9 3 2.4 2 2.1 2.2 2.2 2 1.8 1.8 1.7 1.6 1.4 1.2 1.5 1.6 1.4 1.2 1.1 0.9 1.8 2.8 2.9 2.9 2.9 2.9 2.9 2.9 2.9
-1.1 -1.1 -1.1 -1.1 -0.7 -0.2 0.3 0.9 1.4 6.1 8.4 11.9 11.5 5.7 4.8 4 3.5 3.5 3.5 3.5 3.5 3.5 3.5 3.5 3.5 3.5 3.5 3.6 3.6 3.6 3.2 4.4 -1.1 -1.1 1.7 1.3 1.2 1.4 1.6 1.8 1.8 1.7 1.5 1.3 1.8 2.2 2.2 2.2 2.4 2.7 2.8 2.6 3.1 3.9 2.9 2.8 2.8 2.7 2.4 2.9 2.9 2.3 2.2 2.1 2.2 2.3 2.1 1.9 1.7 1.5 1.4 1.2 1 1.3 1.7 1.6 1.5 2.1 2.7 2.9 2.9 2.9 2.9 2.9 2.9 2.9 2.9 2.9
-1.1 -1.1 -1.1 -1.1 -1.1 -0.3 0.2 0.7 1.3 6.6 4.6 5.5 8.9 5.4 4.7 4.1 3.7 3.6 3.6 3.6 3.6 3.6 3.5 3.4 3.4 3.4 3.4 3.4 3.5 3.3 2.6 4.7 -1.1 -1.1 1.5 1.1 1.2 1.4 1.6 1.8 1.9 1.8 1.7 1.8 1.5 2.6 3 3.9 2.4 2.5 2.9 3 2.8 2.9 2.8 2.5 2.1 2 1.8 2.9 2.8 2.4 2.3 2.2 2.2 2.4 2.2 2 1.8 1.5 1.3 1.1 1 1 1.4 1.9 2 2.6 2.7 2.8 2.8 2.8 2.8 2.8 2.8 2.8 2.8 2.8
-1.1 -1.1 -1.1 -1.1 -1.1 -1.1 -0.1 0.6 1.3 4.8 13 15.9 6.7 5.5 4.9 4.4 4 3.7 3.7 3.7 3.7 3.6 3.6 3.5 3.2 3.3 3.3 3.3 3.3 2.5 2.3 4.6 -1.1 -1.1 1.2 1.1 1.2 1.4 1.6 1.8 1.9 2 2.3 2.4 2.4 2.3 2.6 2.4 2.6 2.4 2.7 2.8 2.8 2.8 2.6 2.3 1.9 1.5 1.3 2.8 2.6 2.5 2.4 2.4 2.3 2.3 2.3 2.1 1.9 1.6 1.2 1.1 1 1 1.1 1.8 2.2 2.4 2.5 2.6 2.6 2.6 2.6 2.6 2.6 2.6 2.7 2.7
-1.1 -1.1 -1.1 -1.1 -1.1 -1.1 -0.1 0.6 1.3 2.8 6.2 18.4 7 5.7 5.2 4.7 4.2 3.8 3.8 3.8 3.8 3.7 3.6 3.5 3 3.1 3.2 3.2 2.7 2.1 2.1 4.7 -1.1 -1.1 2.5 1.4 1.2 1.4 1.6 1.8 2.8 2.6 2.6 2.4 2 2.1 2.1 2.3 2.6 2.3 2.6 2.7 2.7 2.8 2.5 2.1 1.7 1.3 1 2.5 2.7 2.7 2.6 2.5 2.4 2.3 2.4 2.3 2 1.7 1.3 1 1 1 1 2.1 2.1 2.1 2.3 2.5 2.5 2.5 2.5 2.5 2.5 2.5 2.6 2.6
-1.1 -1.1 -1.1 -1.1 -1.1 -1.1 -0.2 0.5 1.2 1.8 5.1 5.6 8.9 5.8 5.4 5 4.5 4 3.9 3.9 3.8 3.7 3.7 3.6 3.5 2.9 3 3.1 1.9 1.9 2 3 2.3 -1.1 4.1 1.7 1.3 1.6 1.9 2.7 3.4 3.3 2.9 2.6 2 1.8 1.8 2.1 2.3 2.3 2.5 2.6 2.6 2.6 2.2 1.8 1.4 1 1.1 2 2.7 2.7 2.7 2.6 2.6 2.5 2.5 2.4 2.1 2 1.7 1.2 1 1 2 2.1 2.1 2.1 2.1 2.3 2.4 2.4 2.4 2.4 2.4 2.4 2.5 2.5
-1.1 -1.1 -1.1 -1.1 -1.1 -1.1 -0.2 0.5 1.1 1.8 9.9 12.9 6.1 5.8 5.4 5.1 4.7 4.3 3.9 3.9 3.8 3.8 3.7 3.6 3.5 3.1 2.8 2.6 2.1 2.1 2.2 2.2 3.7 -1.1 6.3 2.6 1.8 2.4 3.1 3.5 3.4 3.3 3.1 2.7 2.2 1.7 1.7 1.9 2.1 2.2 2.4 2.4 2.7 2.3 1.9 1.5 1.1 1.1 1.2 1.4 2.6 2.6 2.6 2.6 2.7 2.6 2.5 2.5 2.2 2.2 2 1.4 1 1 2.1 2.1 2.1 2.1 2.1 2.1 2.2 2.2 2.2 2.3 2.3 2.3 2.4 2.4
-1.1 -1.1 -1.1 -1.1 -1.1 -1.1 -0.3 0.4 1 1.8 7.3 10.4 6.4 5.9 5.6 5.2 4.8 4.4 4.1 3.8 3.7 3.6 3.4 3.3 3.5 3.5 3 2.6 2.4 2.2 2.7 3.9 2.6 -1.1 1.6 2.3 3.8 3.3 3.3 3.5 3.4 3.2 3 2.9 2.4 1.8 1.7 1.9 2 2.2 2.4 2.6 2.4 2 1.6 1.2 1 1.2 1.3 1.4 2.5 2.5 2.5 2.5 2.6 2.6 2.6 2.6 2.5 2.5 2.3 1.7 1.1 2.1 2.1 2.1 2.1 2.1 2.1 2.1 2.1 2.1 2.2 2.2 2.2 2.2 2.3 2.3
-1.1 -1.1 -1.1 -1.1 -1.1 -1.1 -0.5 0.2 0.9 1.7 4.7 8.5 6.6 6.1 5.7 5.6 5.9 5 4.4 3.8 3.4 3.2 3.1 3.4 3.7 3.4 2.9 2.4 2.1 2.1 3.6 5.7 3.8 -1.1 2.8 3 2.4 2.7 3.1 3.3 3.4 3.2 3.1 2.9 2.5 2 1.8 2 2.1 2.3 2.4 2.7 2.4 2 1.6 1.2 1 1 1 1.1 2.4 2.4 2.4 2.4 2.5 2.5 2.5 4.4 4.3 3.7 2.7 2 1.4 2.1 2.1 2.1 2 2 2 2 2 1.9 1.9 1.9 2 2 2.1 2.3
-1.1 -1.1 -1.1 -1.1 -1.1 -1.1 -1.1 0 0.8 1.6 2.4 7.1 7.6 6.2 6.9 7.4 5.9 4.7 4.6 4.5 3.3 2.9 2.9 2.9 2.9 3.1 2.9 2.2 2.1 2.2 3.7 8.1 8.4 -1.1 3.5 1.9 2.2 2.7 3 3.1 3.2 3.2 3.1 2.9 2.6 2.1 1.9 2.1 2.2 2.4 2.5 2.7 2.5 2.1 1.7 1.1 1 1 1 1 2.6 2.5 2.4 2.3 2.4 2.4 5 5.3 3.9 3.1 3 2.4 2.3 2 1.9 1.9 1.9 1.8 1.8 1.8 1.8 1.7 1.7 1.7 1.7 1.9 2.1 2.2
-1.1 -1.1 -1.1 -1.1 -1.1 -1.1 -1.1 -0.1 0.7 1.5 1.8 7.4 7.1 5.6 8 6.1 5.3 4.9 4.7 4.5 3.4 3.2 2.9 2.9 3.1 4.4 4.3 4.5 2.6 3 9.1 11 7.2 -1.1 1.4 1.8 2.4 2.7 2.8 2.9 3 3.1 3.1 2.9 2.8 2.2 2.1 2.2 2.4 2.5 2.6 2.7 2.6 2.2 1.7 1 1 1 1 1 2.3 2.6 2.6 2.5 2.5 4.2 6.5 2.6 2.3 2.5 2.7 2.7 2.4 2.1 1.8 1.7 1.7 1.7 1.6 1.6 1.6 1.6 1.5 1.6 1.7 1.9 2.1 2.2
-1.1 -1.1 -1.1 -1.1 -1.1 -1.1 -1.1 -0.2 0.6 1.4 1.8 7.3 6.1 7.4 10 6.2 5 4.7 4.4 4 3.8 3.5 3.2 2.9 5.2 8.7 5.7 6.1 3.3 5.4 7.3 6.5 -1.1 -1.1 1.5 2 2.3 2.4 2.6 2.7 2.8 2.9 3 3 2.8 2.4 2.2 2.3 2.4 2.6 2.7 2.8 2.7 2.2 1.5 1 1 1 1 1 2.3 3.1 3.1 2.9 3.7 5.4 4.7 2.1 2.3 2.5 2.6 2.7 2.5 2.1 1.9 1.7 1.6 1.5 1.5 1.4 1.4 1.4 1.3 1.5 1.7 1.9 2.1 2.2
-1.1 -1.1 -1.1 -1.1 -1.1 -1.1 -1.1 -0.4 0.4 1.3 1.8 5 6.9 8.2 6.8 5.5 4.8 4.6 4.3 4.1 3.9 3.7 3.7 3.5 7.9 9.7 8 6.2 3.5 6.2 5.9 3.1 3.4 -1.1 1.6 2 2.1 2.2 2.4 2.5 2.6 2.7 2.8 3 2.8 2.5 2.3 2.4 2.5 2.7 2.8 2.9 2.9 2.7 2.1 1 1 1 1 1 2.3 2.8 2.7 3.8 5.5 10.1 3.9 2.1 2.3 2.4 2.5 2.6 2.6 2.2 2 1.7 1.5 1.4 1.3 1.3 1.2 1.2 1.3 1.5 1.7 1.9 2.1 2.1
-1.1 -1.1 -1.1 -1.1 -1.1 -1.1 -1.1 -0.5 0.3 1.1 1.8 3.9 6.5 6.6 5.6 5 4.8 4.6 4.5 4.1 3.8 3.6 3.6 5.3 10.3 9.5 9.7 6.1 4.3 6.7 3 1.3 -1.1 -1.1 1.7 1.8 1.9 2 2.2 2.3 2.4 2.5 2.6 2.8 2.8 2.7 2.4 2.5 2.6 2.8 2.8 2.8 2.8 2.8 2.9 2.7 2.4 2 1 1.2 2.2 2.8 4.7 5.4 7.6 11.8 3.6 2 2.2 2.3 2.4 2.5 2.6 2.3 2 1.8 1.5 1.3 1.2 1.2 1.1 1.1 1.3 1.5 1.7 1.9 2.1 2.1
-1.1 -1.1 -1.1 -1.1 -1.1 -1.1 -1.1 -1.1 0.2 1 1.8 2.7 4.7 5.3 5.2 5.1 5 4.8 4.5 4.2 3.8 3.5 3.4 6.5 12 10.2 8.9 5.5 6.1 2.8 1.1 1.2 -1.1 -1.1 1.4 1.5 1.7 1.8 1.9 2.1 2.2 2.3 2.4 2.5 2.7 2.7 2.5 2.6 2.7 2.7 2.7 2.7 2.8 2.8 3 2.7 2.8 2.9 3.1 2.4 3 6.2 7.7 8.6 7.9 4.9 2.8 2 2.1 2.2 2.3 2.4 2.5 2.4 2.1 1.9 1.6 1.3 1.2 1.1 1 1.2 1.4 1.6 1.8 2 1.9 1.7
-1.1 -1.1 -1.1 -1.1 -1.1 -1.1 -1.1 -1.1 0.1 0.9 1.8 2.6 3.7 4.3 5.4 5.3 5.1 4.9 4.6 4.2 3.9 3.5 4.3 7.7 14.1 11.1 7.2 5.2 3.1 1.8 1.6 1.3 -1.1 -1.1 1.6 1.7 1.8 1.8 1.9 2 2.1 2.1 2.2 2.3 2.5 2.6 2.6 2.6 2.7 2.7 2.7 2.7 2.7 2.7 2.9 2.6 2.5 2.7 2.7 4 10.1 12.6 11.8 9.2 4.8 2 2 2 2 2.1 2.2 2.3 2.4 2.5 2.2 1.9 1.7 1.4 1.1 1 1.1 1.3 1.6 1.8 2 1.9 1.5 1.2
-1.1 -1.1 -1.1 -1.1 -1.1 -1.1 -1.1 -1.1 0 0.8 1.7 2.6 3.4 4 4.6 5.1 5.3 4.9 4.6 4.2 3.9 3.6 5.1 9.8 14.6 8.2 4.9 3.2 1.7 1.5 1.5 1.4 -1.1 -1.1 1.6 1.7 1.8 1.8 1.9 2 2.1 2.1 2.2 2.3 2.4 2.5 2.7 2.6 2.6 2.6 2.6 2.7 2.7 2.7 2.7 3 2.3 2.5 4.2 9.7 15.9 16.5 18.7 11.6 2 2 2 2 2 2 2.1 2.2 2.3 2.4 2.3 2 1.7 1.5 1.2 1.1 1.3 1.5 1.7 2 1.9 1.4 1 1
-1.1 -1.1 -1.1 -1.1 -1.1 -1.1 -1.1 -1.1 -0.1 0.8 1.7 2.2 3 3.7 4.3 4.8 4.8 4.8 4.5 4.1 3.8 4 5.7 9.8 7.8 4 2.9 1.7 1.4 1.3 1.3 1.3 -1.1 -1.1 1.6 1.6 1.6 1.7 1.8 1.9 1.9 2 2.1 2.2 2.3 2.5 2.9 2.8 2.7 2.6 2.6 2.6 2.6 2.6 2.7 3.3 3.4 5.7 13.6 16.1 17.5 19.5 19.8 6.9 2.2 2.2 2.1 2.1 2.1 2 2.1 2.1 2.2 2.3 2.4 2.1 1.9 1.6 1.4 1.3 1.4 1.6 1.5 1.3 1.1 1 1 1
-1.1 -1.1 -1.1 -1.1 -1.1 -1.1 -1.1 -1.1 -0.2 0.7 1.6 2.1 2.6 3.3 3.9 4.2 4.1 4.3 4.4 3.9 3.6 5.1 8.3 3.8 3.2 2.9 2.1 1.9 1.5 1.3 1.3 1.3 -1.1 -1.1 1.6 1.5 1.5 1.6 1.7 1.7 1.8 1.9 2 2.1 2.3 2.7 3 2.9 2.9 2.8 2.7 2.6 2.6 2.6 2.6 3.2 6 10 15.2 17.4 22.9 22.6 20.3 2.7 2.4 2.4 2.3 2.3 2.2 2.1 2.1 2.1 2.2 2.3 2.4 2.3 2.2 2.2 1.6 1.6 1.6 1.5 1.3 1.2 1.1 1 1 1
-1.1 -1.1 -1.1 -1.1 -1.1 -1.1 -1.1 -1.1 -0.3 0.6 1.5 2.1 2.6 3 3.6 3.5 3.4 3.3 3.7 3.9 3.7 3.9 4.4 2.8 2.9 2.1 2 1.9 1.7 1.4 1.3 1.3 -1.1 -1.1 1.5 1.5 1.5 1.5 1.5 1.6 1.7 1.8 1.9 2.1 2.4 2.9 3.2 3.1 3 2.9 2.8 2.8 2.7 2.6 2.6 4.6 8.2 15.5 15.3 19.4 23.3 23.5 9.8 2.6 2.7 2.7 2.7 2.7 2.7 2.6 2.6 2.6 2.6 2.4 2.4 2.3 2.2 2.2 2.1 1.9 1.9 1.8 1.6 1.4 1.2 1.1 1 1
-1.1 -1.1 -1.1 -1.1 -1.1 -1.1 -1.1 -1.1 -0.4 0.5 1.4 3.4 3 3.5 3.4 3.2 3 2.8 2.7 3.1 3.4 2.9 2.2 2.8 2 1.8 1.7 1.7 1.7 1.5 1.4 1.3 -1.1 -1.1 1.5 1.5 1.4 1.4 1.4 1.5 1.6 1.7 2 2.2 2.5 3.1 3.4 3.3 3.2 3.1 3 2.9 2.8 2.7 2.6 5.8 9.1 13.1 15.9 24 20.6 16.2 5.3 2.7 2.7 2.7 2.8 2.8 2.8 2.8 2.8 2.8 2.7 2.5 2.4 2.4 2.3 2.2 2.2 2.1 2.1 2.1 2 1.7 1.5 1.3 1.1 1
-1.1 -1.1 -1.1 -1.1 -1.1 -1.1 -1.1 -1.1 -0.5 0.4 1.3 4.3 4.3 4 3.7 3.4 3.2 3.1 2.9 2.4 2.9 2.8 2.9 1.8 1.7 1.6 1.6 1.5 1.5 1.5 1.4 1.5 -1.1 -1.1 1.5 1.6 1.5 1.4 1.3 1.4 1.6 1.9 2.1 2.4 2.9 3.4 3.4 3.3 3.1 3 2.9 2.8 2.6 2.5 3.3 6.4 7.2 10.2 15.3 20 15.5 6.4 2.7 2.8 2.8 2.8 2.8 2.8 2.8 2.8 2.8 2.7 2.6 2.5 2.5 2.5 2.5 2.4 2.3 2.3 2.3 2.3 2.3 2.1 1.9 1.6 1.4 1.4
-1.1 -1.1 -1.1 -1.1 -1.1 -1.1 -1.1 -1.1 -1.1 0.3 1.2 2.7 4.6 4.3 4 3.6 3.6 3.5 2.3 2 3.3 3.3 2 1.7 1.6 1.7 1.7 1.8 1.8 1.6 1.4 1.6 2 -1.1 1.5 1.6 1.6 1.5 1.4 1.5 1.8 2.1 2.4 2.9 3.2 3.4 3.5 3.3 3.2 3.1 2.9 2.8 2.6 2.4 5 3.7 5.3 8.7 11.9 13.5 5.7 2 2.5 2.8 2.8 2.8 2.8 2.8 2.8 2.9 2.8 2.7 2.6 2.6 2.5 2.5 2.6 2.6 2.5 2.5 2.5 2.5 2.5 2.5 2.2 2 1.8 2.1
-1.1 -1.1 -1.1 -1.1 -1.1 -1.1 -1.1 -1.1 -1.1 0.1 1.1 1.6 4.9 4.6 4.1 3.7 4.1 3.5 3 2.1 3.6 3 2.1 2 2 2 2.1 2.1 1.9 1.7 1.5 1.5 2 -1.1 1.5 1.6 1.6 1.5 1.6 1.8 2 2.3 2.8 3.1 3.3 3.4 3.5 3.3 3.2 3.1 3 2.8 2.7 2.6 2.4 2.5 3 6.6 8.3 2.5 2.4 2.3 2.3 2.7 2.8 2.8 2.9 2.9 2.9 2.8 2.7 2.6 2.6 2.6 2.6 2.6 2.5 2.8 2.7 2.6 2.7 2.7 2.7 2.7 2.6 2.4 2.1 2.8
-1.1 -1.1 -1.1 -1.1 -1.1 -1.1 -1.1 -1.1 -1.1 -0.1 0.9 1.8 5 4.6 4.2 3.9 4.1 3.2 2.2 3.5 3.6 2.8 2.2 2.3 2.4 2.4 2.5 2.2 2 1.8 1.6 1.4 2 -1.1 1.8 1.8 1.6 1.7 1.8 2 2.3 2.7 2.9 3.1 3.3 3.4 3.4 3.4 3.2 3.1 3 2.8 2.7 2.6 2.5 2.5 2.6 2.8 2.8 2.8 2.7 2.7 2.5 2.5 2.9 2.9 2.9 2.9 2.9 2.8 2.7 2.7 2.7 2.7 2.6 2.6 2.6 2.6 2.9 2.8 2.9 2.8 2.9 2.9 2.9 2.7 2.5 3.5
-1.1 -1.1 -1.1 -1.1 -1.1 -1.1 -1.1 -1.1 -1.1 -0.2 0.8 1.7 5.1 4.5 4.3 4 3.8 3.5 2.3 3.9 2.8 2.7 2.4 2.7 2.8 2.8 2.5 2.3 2.1 1.9 1.8 1.6 1.9 -1.1 2.5 2.5 2.1 1.9 2.1 2.2 2.6 2.7 2.9 3.1 3.3 3.4 3.4 3.4 3.2 3.1 3 2.9 2.8 2.8 2.6 2.6 2.7 2.9 3.1 3.1 3 3 2.9 2.7 2.8 2.9 2.9 2.9 2.8 2.8 2.8 2.8 2.7 2.7 2.7 2.7 2.7 2.6 2.8 3 2.9 3 3 3.1 3.1 3.1 3.2 4.5
