data/SN95.asc
ncols 200
nrows 200
xllcorner 290000
yllcorner 250000
cellsize 50
[rows 35 to 69 of 200, columns 78 to 155 of 200]
410.3 403.3 408.6 413.5 419.1 423.6 423.3 420.6 417.3 410.5 402.9 397.2 399.1 399.9 397.8 392.7 381.4 362.4 338.2 318.7 296.8 277.8 265.2 261.1 258.4 257.9 257.8 258.1 259.4 266.3 270.3 273.5 277 280.9 284.5 295.9 313.8 330.3 343.9 353.8 360.1 367.5 375.9 385.4 394.8 403.5 411.6 414.5 417.4 418.9 418.3 415.8 412.3 410.3 403.9 392 377.1 366.6 355.4 344.7 336.2 329.8 324.6 320 313.8 309.5 304.4 297.8 291.9 286.7 279.9 272.9 269.1 271.2 272.8 274 276.9 293.9
417.3 415.8 421.1 427 434.3 435.9 434.4 431.6 427.4 419.8 416.3 413.5 416.4 415.9 413.5 408.2 398.4 384.5 358.9 326.7 308.5 287.8 274 264.3 259.8 257.9 257.8 257.8 258.3 260.6 263.2 268.3 272.4 275.2 286.1 310.7 333.1 351.4 364.4 372.8 381 389.5 399.4 404.8 412.4 417.6 421.6 423.4 423 421.6 420.6 419.9 416.8 412.1 403.7 393 380.8 365.3 349.4 336.9 330.3 325.4 320.8 316.5 310.4 300.4 298.7 290.7 287.5 279.7 277 271.2 265.5 265.4 268.7 269 283.1 309.1
426.7 427 434.3 438.7 443.8 445 441.5 436.9 432.3 430.3 425.1 424.8 426.5 425.2 423.2 417.6 408.4 396.9 365.5 333.4 315.4 298.4 292.3 275.8 269.9 265.5 258.2 257.8 257.8 256.7 257.3 261.5 265.9 271.5 296 323.9 348.8 366.7 382.6 394.2 401.2 410.4 416.5 421.2 422.8 425.1 426.3 428.5 428.7 427 423.3 421.9 417.9 410.2 400.1 389.1 375.8 360.9 344.9 335.2 330.3 326 320.9 318.1 314.4 312.7 306.4 301.5 299.8 288.3 272.9 267 259.8 260.4 264.2 261.7 285.7 294.2
435 438.6 443.7 447.7 450.3 448.6 444 439.4 435.3 433.1 431.2 431.4 430.8 428.8 426.5 420.5 412.2 396.1 362.3 334.7 323.9 311.3 301.3 296.2 290.2 274.5 259.6 257.8 257.8 253 252.6 252.9 261.6 272.7 302.7 334.4 364.1 383.3 397.4 407.4 418.7 425.8 427.3 429.9 428.8 428.6 428.9 430.9 430.6 428.3 424.1 421.9 416.2 405.8 394.5 380.9 366.4 349.6 340.3 338.4 335.8 331.5 330.7 329.1 326.6 326.3 325.8 322.9 315.1 299.1 276.2 265 259 259.6 261 262.7 275.7 275.7
442.3 445.4 450 453 451.8 449.6 446.7 442.3 438 436.3 433.9 434.2 432.6 430.6 426.2 418.7 408.9 386.2 362.6 343.8 334.1 325.6 318.5 307.1 298.1 283.4 268 260.3 257.4 253.8 249.2 249 258.9 275.2 310.6 345.7 373 392 406.7 421.5 427.4 429.1 431 429.9 429.3 429.4 429.1 428.1 427.4 424.3 420.7 416.4 407.5 398.7 387.5 374.4 359.3 348.6 350 349.1 348.2 347.2 345.9 346.1 343.7 343 340.3 334.2 323.5 303.2 280 267.2 258.5 255.2 258.7 260.2 263.5 266.5
446.7 450.6 454.3 456.3 454 451.1 448.6 445 440.8 437.7 434.3 433.1 431.3 427.7 422.6 413 400.3 383.5 365.4 349 343.3 337.3 328 315.3 303.1 290.4 283.2 278.6 271.2 252.9 248 247.8 255 274.8 310 343.9 369.6 385.4 406.2 420.1 429.6 430.9 425.1 422.6 423.1 423.1 424 423.6 422.1 418.2 413.2 408 401.9 393.3 381 367.3 359.4 360.5 362.7 362.8 362.8 362.2 361.4 362.3 360.6 360.2 355.2 343.5 326.8 306.8 283 268 257.5 250 254 256.1 258.3 269.3
450.9 454.9 458.4 458.8 456.9 454 451.2 448.1 443.6 438.2 430.3 429.5 425.8 421.8 414.1 401.1 387.9 374.9 359.5 348.3 342.3 338.1 328.5 314.2 302 294.4 290.1 285.5 276.1 259.5 248.6 247.8 249 270.1 295.4 323.1 336.5 355.3 378.5 396.9 412.3 413.6 414.7 416 417.7 418.3 420 419.2 417.9 412.7 409.4 402.7 394.3 385 373 372.5 374.7 376.9 376.9 376.4 377.2 377.1 375.1 372.4 367.6 362.4 356.4 343 327.6 303.9 288.5 271.7 255.6 248.4 251.8 252.6 255.6 273.5
454.9 458.8 460.8 459.2 459.5 456.9 453.9 450.3 443.8 435.3 425.5 422 418.4 410.6 398.1 387.4 371.6 358.9 347.2 342.1 338 333.7 320.8 305.8 301.1 294.8 291.2 285.6 273.2 258.7 249.4 247.6 247.9 251.1 267.3 286.7 305.9 324.6 345.8 363 382.8 396.6 404.2 408.3 411.1 415.8 417.2 416.8 416.1 411.3 408.5 401.9 398.1 394.5 390.4 390.4 390.5 390 389.2 391.1 390.2 388.3 383.9 378.1 371.6 363.8 353.8 341 324.7 310.2 289.7 269.8 253 247.8 250.9 250.1 255.2 278.7
457.8 460.7 460.6 460.7 460.5 457.2 454.5 449 442.8 432.8 421.7 410.3 404.9 394.8 383.6 369.4 353.9 344.8 338.6 327.1 324.3 318.4 309.7 303.2 297.2 290.9 287.8 282.8 273.3 261.6 249.9 247.8 247.9 247.8 247.9 260 280.4 298.9 322.5 335.3 355.9 379.8 390.7 397.2 405.3 411.4 415.1 417.2 416.5 414.9 414.2 413 411.2 409.1 404.3 401.3 400.9 400.2 398.8 398.8 397.1 394.6 390.5 382.8 372.7 362.3 351 333.9 312.6 293.3 278.6 264.2 252.4 246.2 247.7 248.2 255.3 285.6
458.6 460.8 461 460.7 460.6 458 452.1 447.1 441 430.7 418.5 402.2 386.6 377.6 368.4 353.8 343.8 335.5 328.2 321.8 310.9 306 302.1 296.5 290.2 285.3 283.1 280 273.2 261.2 251.7 248 247.7 247.6 247.6 247.6 255.8 272.8 290 307.9 327.6 353.4 372.3 377.2 380.9 401 410.9 416.8 419.9 419.9 421.1 420.8 418.1 413.9 411.5 410.1 410.3 410.4 405.1 402.7 401.1 397.5 391.3 381.1 371.1 360.1 342.7 318.6 295.9 282.7 273.6 263.5 252.6 239.6 241.1 242.4 262 294.5
457.4 460.5 460.8 460.7 460.1 457.1 451.1 443.7 437.7 427.2 416.7 399.1 381.7 367 352.5 346.9 335.3 326.8 321.2 315.1 305.9 299.2 295.2 292.4 285.7 280.5 274.8 271.2 266.3 258.3 252 247.7 247.6 247.6 247.6 243 243.1 251.9 266.3 284.7 305.6 329.3 344.7 348.7 365.7 392.3 411.2 421.4 427.6 428.2 428.3 421.3 418.4 417.2 418.5 418.6 418.4 411.8 408.9 405.2 401.3 396.2 387.7 376.2 365.5 350.7 324.4 302.1 289.1 281.3 271.1 262.3 251.2 240.9 239.3 242.4 269 301.1
456.3 459.3 460.2 459.6 457.8 454.4 449 440.9 432 423.5 410.9 393.7 375.9 361.5 349.2 337.7 330.1 323.1 318.1 309.7 302.8 299.3 293.5 290 282.7 279.2 275.7 271.3 267.2 260.8 257.4 251.6 248.1 247.6 244.5 243.3 243.5 242.7 246.9 264.6 283.7 308 320.5 341.7 371.5 396.5 413.2 422.7 429.6 430.6 426.8 420.5 419.1 420 423.6 423.4 419.8 412 410.1 404.1 397.8 389.4 380.3 370.7 354.7 331.6 310.1 302.7 301.6 295.3 284.5 270.3 251.5 239.3 237.8 243.1 270.5 287.3
456.2 459.3 459.5 458.1 454.8 450.9 445.2 437.5 428.3 419 406.7 394 374.7 352.3 341.9 333.6 326.2 323.1 318.6 310.7 305.8 301.2 292.6 290.2 289.7 287.3 291.9 293.1 289.9 281.1 274.9 269.7 261.9 253.1 246.8 243.5 240.3 239 238.9 246.8 262.3 281 301.9 334.7 367.2 393.8 412.7 420.9 424.9 426.8 423.2 420.4 419 420.2 421.6 420 415.3 408.8 403.2 397.3 390.4 382.2 372.2 359.5 344.2 329.8 324.1 324.2 323 316.6 307 288.8 264.4 240.6 237.8 238 244.2 259.2
456.4 458.3 457.1 454.5 451.2 447.1 440.8 432.6 422.1 411.9 400.4 381.7 361.3 345.6 334.7 329.2 324.8 321.8 317.7 311.9 307.7 303.1 298.6 297 296.4 305.1 311 310.5 306.5 298 297.3 291.5 280.7 270.1 259.8 251.5 242.4 237.9 237.9 238.2 247.2 262.5 287.6 318.9 346.7 376.4 397.4 411.3 416.1 419.8 418.3 417.1 416.4 417.6 415.9 413.3 407.7 402.1 397.3 390.1 382.3 368.4 357.6 350.5 345.6 341 340.7 343.9 338.1 332.4 323.6 303.9 276.4 250 237.3 230.1 230.2 233.4
452.4 454.2 451.9 448.2 444.7 439.6 432.3 425 412.4 401.1 384.7 365.8 351.6 340.8 333.9 328.6 324.5 321.1 316.5 310.4 308.1 304.2 303.3 307.9 318 328.7 334.9 331.8 325.6 319.8 319.7 314.1 298.2 293.3 279.5 265.4 255.9 245.9 239.4 238.2 237.9 245.7 269.2 295.5 329.2 357.2 378.2 398.1 408 414.1 414.9 413.1 411.9 411.5 409.7 404 397.8 394.4 389.4 379.6 366 350.2 347.6 348.6 349.5 351.3 354.1 352.1 348.8 343.2 332.3 314.1 288.9 262.7 243.9 233.7 229.1 227.9
446.4 445.8 443.6 440 435.3 429.7 421.9 412.1 399.8 385.2 368.6 356.7 347 338.5 333.6 328.4 324.9 321.6 317.9 312.1 308.6 309.3 312.4 328 338.5 344.1 348.2 348.3 343.9 342.4 341.6 332.7 324.4 318 298.1 281.2 269.7 258.6 249.6 238.7 237.7 237.8 254.5 281.9 316.5 341.1 357.5 379.6 396.3 403.3 406.2 405.4 402.5 402.5 399.4 395 391.5 387.3 380.3 364.9 344.9 330 340.9 347.9 357.1 364.5 361.2 359.2 353.9 345.6 335.5 320.6 298.6 275.5 252.5 239.6 231.2 228.6
428.9 428.9 428.5 425.2 420.6 414.9 406.1 393.9 384.3 370 359.9 350.9 341.8 336.5 332.1 328.6 325.1 322.6 320.1 317.4 316.3 323.9 332.7 345.7 357.4 362.3 366.8 366.1 357.6 358.3 356.2 350.9 347.5 330.1 310.3 301.4 284.3 267.5 252.8 238.8 237.7 237.9 244.7 268.8 305.1 330.1 340 358.8 377.3 383.4 391.5 393.3 393.1 394.1 388.3 385.5 385.4 377.5 359.6 339 319.9 319.8 336.9 347.1 356.8 365 362 358.7 351.4 343.4 335.7 325.7 311.7 289.6 265.5 247.5 234.8 231.1
407.9 410.2 410.3 406.3 400.8 394.3 387.6 379.2 369 358.8 352.9 344.7 340 336.3 332.1 329 326.5 325.2 324.1 324 332.3 342.1 352.9 365.6 372.9 378.8 380.3 378.7 375.2 373.2 369 362.8 355.2 339.6 326.1 311.9 289.7 265.7 250.5 239.3 237.7 237.7 239.8 260.3 294.2 309.1 321.2 339.2 353.9 353 351.1 357.5 369.2 370.4 364.7 373 375.3 361.1 341.1 317.1 299.5 316.4 335.6 340.3 345.9 348.4 348.1 348.1 346.2 341.7 337.9 336 328.3 308.3 283.1 261.2 245.4 233.9
388.2 392.9 390.5 388.3 383.4 379.6 374.3 370.1 358.4 352.8 347.4 343.4 341.1 337.7 333.6 330.1 330.7 330.8 333.8 341.7 350 362.4 371.6 381 388.7 394.3 394.4 392 387.3 384 377.5 369.8 357.9 343.3 331.1 308 283.1 265 250.8 241 237.7 237.7 238.1 250 272.3 274.1 285.4 293.5 302.4 308.3 308.2 316.1 326.5 332.4 338.8 346.5 347.8 345.4 323 297.4 291.3 308.6 319.3 322.2 324.1 329.1 333.3 336.7 341.4 344.5 345.6 346.9 344.8 325.7 299.1 284.3 267.1 252.4
374.5 373 373.7 371.8 372 368.9 364.9 360.5 354.8 350 347 346.6 343.6 338.6 336.5 335.2 337 341.7 349.7 357.7 367 379.9 387.9 397.4 404.7 405.9 404.1 401.4 397.4 392.3 386.2 376.6 367.8 355.8 334.8 308 283.1 268.6 254.6 243.3 237.7 237.7 233.9 234.2 236.9 243.9 251.4 260.7 267.2 271.5 277.3 282.2 290.3 295.9 306.1 315.4 315.1 315.3 301.3 282.2 274.8 291.2 299.9 301.3 304.3 314.4 328.6 337 345.1 351.7 358 359.6 351.2 337.1 327.5 309.9 292.8 277.5
370.4 367.1 360.9 360.7 360.1 359.8 358.1 354.8 351.7 349 346.1 346.4 344 340 339 343.4 347.9 356.1 363.8 374.7 385.8 397.4 407.1 414.3 416.6 414.6 411.6 409.8 407.2 401.1 395 387.7 379.1 370.9 349.3 316.8 291.5 270.7 253.4 244.1 238.1 233 230.3 229.9 228.4 228.4 231.1 236.5 240.5 244.1 250 254.5 261.1 266.3 272.8 277.5 278.8 281.5 273.8 264.3 259 273.7 279.7 291.5 313.6 327.1 338 347.1 359 369.2 370.8 365.3 358 355.3 347.6 334.9 319.4 305
365.2 362.3 359.7 353.7 352.8 353 351.8 350.2 349.5 347.9 346.5 346.1 344.6 344.8 349.2 354.7 362 370.8 379.7 392.2 405.3 415.9 418.8 423.3 423.5 420.4 417.8 415.6 414.2 413.1 406.8 400.8 389.6 380.1 354.9 323.3 296.1 277.7 261.8 247.9 240.5 236.2 233.7 231.6 229.8 228.2 227.8 228 228.6 227.8 229.5 232.7 234.9 241.7 247.6 251.7 250.5 249.4 247.6 243.6 247.7 259.3 282.6 306.6 321.4 333.1 347.7 359.2 372.9 376.7 370.5 368.9 368.3 366.6 361 357.5 345.6 331.8
368.4 359 353.1 349.5 347.1 347.4 346.3 346.4 346.1 347.8 347.9 348.9 349.8 352.9 359.1 365.7 375.6 386.3 398.1 408.7 419.8 426.1 429.3 429.1 427.7 423.3 420.4 419.6 418.4 416.2 412.4 406.8 397.4 385.7 360.7 326.7 301.4 286.3 272 253.9 245.2 243.2 241.6 239 235.2 230.5 229.1 228.7 228.1 228.3 227.9 228.1 227.8 228.4 228.6 228.4 228.6 230.8 230.1 230.1 237.7 253.2 269.2 281.6 293.9 310.4 325.1 342 362.1 368.6 369.6 371 369.2 367.2 363.4 359.9 353.6 349
386.6 365.1 348.8 344.3 342.7 341.6 341.9 342.7 343.7 344.4 348.3 351.3 357 361.4 367.9 379.9 391 401.9 412.8 423.7 429.3 432.5 434.1 430.1 428.6 425 422 423.4 422.4 419 413.8 408.3 401.5 391.9 370.1 331.5 310.6 294.9 278.3 270.1 260.4 256.5 250.6 247.4 243.2 239.9 237.1 235 233 231.3 229.5 228.3 227.8 227.8 227.8 227.8 223.2 223.3 220.5 222.3 227.4 233.4 242.7 251.2 261.8 276.5 295.7 317.2 336.8 354 359.3 356.8 357.3 356.4 351.3 347.5 353.6 357.7
382.5 368.8 348.2 341.1 339.3 340 338.5 340.5 341.8 344.4 350.4 358.4 364.5 371.8 381.7 392.5 404.3 416.1 426.1 431.3 431.5 431.3 431.8 429.3 427.8 424.6 423.2 427.4 424.2 419.5 415.2 409.5 403.2 394.8 377.4 344.4 329.2 310.6 299 286.7 278.7 270.7 264.4 259.9 254.5 251.6 249 246.2 244 241.3 238.1 235.3 233.1 229.6 229.3 229.1 226.1 219.8 221.4 220.4 218.6 219.1 224.1 228.7 235.1 252.5 272.1 300.1 315.8 325.2 332.8 336.2 333.2 330.9 329.4 343.7 356.4 366
369.9 356.8 347.6 340 337.6 335.9 335 337 339.2 343.8 353.8 365.1 374.2 384.6 394.6 406.2 416.1 426.9 432.8 431.3 430.3 429.5 428.2 425.5 423.7 421.7 422.4 424 421.2 418.9 414.8 409.5 403.2 395.8 386.4 373.1 350.7 334.6 318.3 303.5 295.2 287.9 280.7 277.8 274.7 272.7 272.5 270.4 266.7 262.8 259.1 252.2 245.7 238.6 236.5 233.9 232.6 230.3 229.5 225.7 224.1 220.7 218.7 217.9 218.5 231.4 250.9 273 285.2 297.1 305.6 306.9 305.6 308.3 322.5 341.4 359.1 373
356.8 346.8 344 340.7 336.6 331.5 331.3 334 338 346 362.3 376.1 386.4 396 409.7 420.7 429.2 432 431.4 430.7 429.7 429 424 420.8 419.7 419.5 419.6 420.2 418.8 416 412.5 408 402.7 395.3 386.7 377.8 368.5 351.5 339.6 326.6 312.2 305.1 297.1 297 295.8 298 297.4 295.3 293.4 290 285.6 277.8 268.7 262.4 258.8 251.8 248.6 245.4 243.6 240.1 233.9 228.2 222.3 218.2 217.7 219.5 231.1 242.3 257.5 270.5 278.7 282.9 293 309.7 329.6 347.7 362.4 360.9
349.4 343.9 342.1 340 334.2 329.6 329.7 332 339 358.4 371.3 385.6 398.8 410.6 424 429.9 434.4 433.6 431.2 429.8 428 425.8 421.9 419.3 417.4 417 417 416.7 414.7 413.1 409.6 405.7 400.3 394.2 386.3 377.7 367.8 360.1 350.7 336.8 324.1 319.2 315.5 316.4 317.8 320 320.7 319 316.5 311.1 309.9 303.7 294.6 289.9 283.7 277 273.5 270.5 267.2 255.8 245.2 238.3 228.9 223.9 218.4 216.7 219.4 227.5 234.7 246.4 255.2 274.8 296.8 319.5 341.9 351 347.1 342.9
349.4 345.2 342.1 336.9 330 328.3 330.1 333 352 368.3 386.4 401.9 414.3 426.7 434.5 438 438.4 434.7 430.9 428.4 425.2 422.5 419.1 416.7 413.9 412 412.7 412.8 411 410.1 407.2 404.3 400.7 394.4 387.4 378.7 367.2 360.3 352.8 341.1 334.3 330.8 331.8 334.6 336 337.8 339.1 337.4 336.9 333.1 330.6 322.7 316.1 310.2 303.4 298.4 293.1 288.6 282.7 272.7 257.3 249 240.4 232.6 221.4 212.7 209.3 221.1 225.7 233.1 250.2 274.7 301.8 328.4 337.6 338.8 334.7 328.9
349.3 347.4 342.4 331.5 324.2 326.6 331.2 344.1 365.4 384.4 403.3 415.8 428.2 436.8 440.6 440.7 437.7 432.9 429.5 425.3 421.8 417.9 415.1 415 411.5 405.1 409.2 411.1 407.8 406.2 403.8 401.5 398.8 393 387.7 380.9 367.8 358 351.3 346.7 343.1 342.6 344.8 346.8 348.9 348.7 348.6 349.1 349 345.8 340.8 332.2 326.3 322.1 315.6 309.5 304.6 299.2 289.5 280 271 259.1 248.6 236.9 226 216.5 210 209.9 222.1 226.5 245.2 271.4 304.6 321.6 325.2 321.4 316.4 312.4
350.9 349.5 342.3 329.6 320.4 323.2 334.5 359.3 380.5 401 415.9 429.6 435.3 441 441.9 436.6 430.1 426.5 423 418.4 414.5 411.8 407.9 402.1 393.2 401.5 408.3 406.8 403.2 401.4 399 396.7 395.8 390.4 385.6 379.9 367.6 356.5 345.6 348.9 349.5 349.1 353 358.3 351.9 349.9 348.1 348.3 351 345.5 340.1 331.1 324.5 319.7 314.2 308.4 303.9 300 290.8 283.7 275.7 264 250.5 234.6 224.9 217.6 210.7 209.8 214.3 223 237.4 266.5 296.4 307.7 304.6 302.3 300.7 300.8
351.2 350.1 338.1 325 319.8 326.9 349.5 374.2 393.3 412.3 427.3 434.7 439.4 439.7 433.2 427 421.8 416.5 413.1 410.4 405.8 403.5 399.9 381.9 384.9 401.9 405.5 402.5 399.2 396.8 393.3 391.4 392.3 387.4 381.1 371.5 364 355.7 340.9 343 348.4 350.8 352.3 353.5 347.7 339.7 338.3 338.3 334.7 331.3 324.9 319.3 313.2 309.3 303.8 301 297 292.2 286.4 278.8 270.8 257.3 246.7 231.7 223.7 218.4 211.6 209 208.6 219.2 229 251.9 273.5 281.9 284.4 286 288.8 290.7
353.1 346.8 332.3 319.9 318.4 335.2 359.7 382.5 405.9 419.8 430.2 434.7 434.4 429.6 421.8 414.1 407.6 401.1 398.1 399.9 396 394.2 391.5 365.9 376.6 393.9 398.6 398.8 397.9 393.5 385.7 380.5 377.4 375.2 369.3 363.4 359.2 350.3 338.5 334.8 342.9 345.2 346.8 341.2 335.7 331.8 329 325.1 322 317.3 309.8 302.1 297.4 292.5 290.4 290.5 287.2 282.2 275.4 266.6 257.3 245.9 237.4 232.9 226.3 220.4 214.1 209.3 208.3 212.2 221 233.5 245.7 259.7 267.5 274.2 277.8 279.2
354.3 345 329.5 317.8 316.6 337.5 363.3 386.4 407.4 418.2 422.5 425.4 415.5 403.2 398.1 394.6 386.2 380.9 382.1 382.6 385.6 386.8 377 358.7 370.6 392.4 400.7 399.3 398.2 393.4 386.2 375.9 366.7 361.2 355.8 349.4 345 339.3 332.3 323.2 332.9 335.3 332 329.5 327.8 325.6 321.3 318 313.2 305.6 299.2 295.6 291.2 285.8 280.4 276.7 272.5 268.2 260.9 254.2 247 240.6 234.2 229.6 225.8 221.6 216.6 210 208.2 209 215.8 223.3 230.3 240.7 250.9 259.2 265.4 267.1
348.8 342.6 327.8 313.1 313.1 334.2 361.3 382.7 400.2 404 403 399.7 395.2 388.8 382.3 375.3 368.1 365.1 369 371.3 377.8 381.3 367.1 350.8 368.6 393.6 402.9 400.3 399.3 396.9 389 380 372.6 360.6 345.2 337.7 330.5 326 317.8 314 321.8 326.8 325.6 326 325.7 322.5 319.1 313.4 308.4 301.2 297.8 294.6 292.4 288.1 280 273.4 268.4 262.1 258.7 253 244.9 238.9 231.2 227.6 223.5 220.5 216.5 210.5 207.9 207.3 212.1 219.6 223.1 227.3 236.3 247.6 253.7 256.7
