data/SN97.asc
ncols 200
nrows 200
xllcorner 290000
yllcorner 270000
cellsize 50
[rows 105 to 139 of 200, columns 0 to 77 of 200]
465.7 453.9 446.7 438.6 421.9 405.4 391 372.7 351.8 331.3 310.8 294 289.6 289.1 285.1 281.2 278.3 270.7 270.2 267.6 266 264.5 263.6 263.6 264.2 263.4 260.4 259.2 258.7 258.3 256.9 255.5 255.1 254.2 253.6 253.7 252.2 251.1 248.3 244.5 258.5 267.6 275 284 296.7 321.7 353.9 380.1 409 428.7 447.3 450.6 451.3 455.9 463.6 473.5 476.8 478.1 477.6 477.1 475.1 472.7 470.2 466.4 462.4 457.9 452.5 449.8 447.8 446.2 445.5 444.9 444.2 442.7 441.1 440.4 437.8 427.3
469.8 461.4 454.3 444.7 424.5 405.4 391.3 370.4 350 329.5 312.3 300.9 300.1 302.3 301 294.9 283.1 278.8 275.1 272.1 270.1 267.5 265.1 262.9 262 260.6 259 258.6 256.5 256 255.2 254.2 253.6 251.9 251.4 251.2 251 250.7 248.8 248 249.2 261.9 270.1 276.3 288.7 316.9 344.3 370.9 390.7 415.7 431.3 430.7 434.2 446.7 457.9 466.9 471.1 472.3 473 473.8 472.8 470.5 467.5 463.6 460.1 455.4 450.8 447.9 445.5 445.6 446.2 446.6 444.2 442.8 441.4 440.1 435.6 427.9
472.2 462.5 454.7 443.2 424.5 407.4 389.3 367 343.1 329.1 315.9 321.8 323.9 324.1 314.5 303 288.7 284.5 280.8 277.5 274.2 272.1 268.9 267.5 264.8 261.6 259.6 258.6 257.4 256.1 255.1 253.6 252.3 251.8 251.1 249.9 249.7 249.8 248.5 247.9 244.3 257.9 265.9 271.7 285.3 299.4 329 355.1 375.9 399.1 411.8 404.1 412.6 428 447.4 458.5 464.9 465.9 468.3 470.9 469.9 466.3 462.3 461.5 457.9 452.4 446.8 445 442.4 443.7 445.8 445.5 443.9 442.5 441.5 439.9 434.9 430.8
475.9 463.6 454.1 443.2 425.7 402.9 376.8 354.3 338.6 336.4 340.1 343.4 345 342.8 320.1 305.3 295.9 292.8 289 282.3 279.1 276.1 272.5 270.8 268.6 265.3 261.9 260.5 260.8 259.6 258.2 260.4 256 252.9 250.7 250 249.6 249.3 248.2 246.6 244.1 251.1 263.8 269.9 280.2 297.8 324.6 351.6 371.2 385.6 382.5 382 397.4 419 437.9 448.2 455.8 459.8 463.7 466.2 464.9 460.7 457.1 456.1 451.8 447.7 443.6 440.6 438.7 441.7 444 445.1 443 442.1 441.7 439.8 436.3 434.3
480.5 463.8 450.7 434.5 417.8 401.3 375.3 360.2 354.6 363 361.2 357.6 361.4 349.2 328.5 312.4 303.8 300.4 297.6 286.6 283.7 281 275.7 274.5 272 268.8 266.3 263.6 260.6 260.1 261.2 263.7 261.1 256.8 251.7 250.1 249.5 248.8 247.8 246 244.1 244.8 260.8 266.7 277 298.6 331.4 355.9 370.3 366.7 359.3 367.8 393.7 413.1 429.4 439.9 447.9 454.3 459.6 459.8 457.9 455.1 452 447.4 443.6 436.5 431.5 425.4 428.9 439.4 443.3 443.3 442 441.3 440.7 439.5 437.9 436
480.4 460.5 448.5 427.9 405.4 387.5 379.1 377 373.7 382.3 380.8 373.9 369.6 352.3 335.6 324.4 312.8 306 303.3 294.1 286.5 282 280.8 279.1 276.7 274.1 269.9 266.7 263.9 261.2 262.9 264.2 261.1 257.7 253.8 251.5 250 249 247.9 246.4 244.9 243.4 254.7 263.1 273 297 328.3 348.1 355.3 340.6 346 366.6 389.5 408.2 424.9 434.2 440.6 446.8 452 452.2 448.6 445.8 442.7 434.1 423.4 416.4 407.5 403 419.1 437.5 441.8 441.4 440.5 440.2 440.1 438.9 438.6 436.8
481.3 461 440.8 420 404.6 395.3 399.7 396.7 390.5 393 396.5 386.4 377.6 364.1 357.6 347.1 327.8 318.4 312 299.1 291.1 287.2 286.9 285 283 279.8 276.1 271.3 267.2 264 263.6 261.9 260.2 259.4 256 252.1 250.8 250.2 248.5 247.3 246 243.5 249 258.6 270.2 288.6 316.8 332.9 325.6 321.9 339.6 364 383.7 402.6 418.7 423.4 431.3 436.9 439.8 437.9 436.3 433 423.9 413.2 400.8 392.4 387.1 400.1 420.5 436 439.5 438.4 438.7 439.1 439.3 438.9 438.3 437.4
486.6 475.8 455 433.7 422.9 416.6 419.1 411.6 404.5 413.8 405.5 398 387.5 377.2 375.2 360.2 343.9 332.7 318.8 304.1 294.8 295.9 293 291.7 289.6 286.7 283.6 278.2 272.1 268.6 265.7 263.1 260.7 259.2 255 252.5 251.3 250.4 249.6 248.4 246.5 244 245.4 252.6 262.5 281.9 303.7 316.8 305.9 314.1 331.8 353.6 373.7 388.8 398.7 412.6 419.2 423.4 423.5 421.9 418.5 413 401.6 389.2 377.7 370.5 387.4 405.8 422.9 432.8 435.8 436.1 437.4 437.9 437.9 437.8 437.4 437.2
491.5 485.8 466.7 451.1 437.4 438.3 435 426.9 421.8 423.4 414.2 407.8 403.6 398.2 395.7 375.3 359.7 343.4 324.1 308.2 307.4 308 300.8 300.6 299.7 296.9 291.2 284.5 281.9 276.8 270.4 265.5 261.9 258 254.5 252.3 252.2 252.5 252.9 249.4 245.9 244.2 244.8 247.8 254.1 267.7 285.6 293.2 295.1 306.3 323.4 341.5 353.7 372.1 385.7 395.3 400.9 403.5 405.5 403.4 397.2 389.2 377.7 364.8 355.5 368.4 390.2 408.3 423.5 431.2 432.3 434.5 436.5 436.9 437.4 437.2 436.9 436.5
499.8 492.7 483.6 467.8 462.2 457.8 451.3 443.2 436.4 434 427.1 423.2 421.8 419.8 406.9 386.4 371.5 344.1 325.1 324.2 325.7 317 315.2 314.9 313.1 309.6 297 292.3 288.6 281.7 276 269.4 263.9 258.2 256.1 254.1 254.4 254.7 253.8 251 244.5 244.5 243.7 245.2 249.1 258.7 269.3 277.9 285.1 296.5 309 315.7 336.6 352.2 366.1 376.1 382.4 385.9 386.4 381.7 375.1 363.2 351.3 343 350.6 369.3 389.3 408.2 418.9 425.5 430.8 432.6 434.8 436.4 437.1 436.7 436 435
503.4 500.2 491.9 482.7 475.7 473 469.4 458.8 455.2 450 441 438.5 438.4 437.5 418.2 394.5 372.8 344.9 329.9 349.6 343 331.4 331.8 330.3 328.9 319.1 309.7 301.6 296.5 287.2 280.4 273.4 266.2 262 259.9 257.2 256.3 255.6 254.2 250.8 243.8 244.3 243.1 243.9 244.6 247.2 257.7 269.5 276.6 285.3 298.7 306.3 318.3 332.8 346.6 356.9 363.4 367.5 366.1 360 348.6 337.6 332.7 336.9 350.9 370 387.1 402.4 411.9 420.8 427.4 432.2 434.6 436.2 436.9 436.5 435.3 433.7
507.1 504.2 500 495.9 492.6 488.8 481.2 474.6 470.7 464.3 455.8 451.5 451.9 447.7 424.5 395.6 373.8 348.9 360 364.8 360 352.8 349.2 346.3 336.3 328.1 317.5 312 300.6 291.3 282.5 276.1 268.9 265.8 264.2 260.8 259.5 257.9 255.7 249.2 244.1 244.1 243.5 243.5 244.1 244.6 258.9 262.6 269.5 276.2 286 295.1 303.3 314.6 326.6 338.4 347.6 350.7 346.4 336.4 324.1 321 327.6 339 355 367.8 381.2 397.2 412.2 421.4 427.6 431.2 434.8 436.4 436.9 436.5 434.7 432.2
507.7 506.5 502.1 498.9 496.5 492.1 492.3 488.1 483.5 473.3 468.9 466.8 464.3 453.1 427.1 399.8 375.9 361.7 381.9 388.8 379.8 373.6 367.2 358.1 348.5 341.1 329.8 318.9 304.1 292.1 284.1 278 270.4 268.8 265.6 261.6 260.1 259.6 255.8 248.9 243.8 244.2 243.8 243.1 243.8 243.7 249 256.1 263.8 272.6 280 285.1 293.9 303 312.9 322.8 331.5 333.1 326.8 316.7 313.8 318.5 332.7 348.6 366.1 381.3 393.9 408 413.3 423 430.3 433.1 435.2 437.2 437.6 437.5 436 433.7
506.6 506.4 502.5 501.1 499 498.6 498.7 495.5 488.6 482.8 477 474.6 470.6 459.7 433.5 403.2 377.3 378 404 412.7 405.1 394.2 381.9 373 360.9 350.9 339.4 323.6 306.7 294.8 286.5 279.1 273 269.9 267.6 264 262.5 260.2 254.3 248.4 244.6 243.8 243.6 242.3 243.7 243.1 245 248.9 255.3 263.9 271.8 278.4 284.2 292.5 301.9 310.3 315.2 314.8 308.9 306.5 309.9 325.1 338.6 356.3 372.3 385.4 400.3 410 418.6 425.9 430.6 433.9 435.8 437.7 438.6 438.7 438.7 437.2
503.7 502.5 499.9 499.8 500.5 501.1 500.7 496.8 489.4 485.2 483 480.7 478.4 464.5 438.2 407 387.9 398.6 426.1 433.3 426.3 413.5 395.8 386.4 373.6 360.3 346.8 325.3 309.1 297 288.9 282.4 276.6 272.5 269.6 267 265 261.1 255.3 249.9 246 243.6 243.6 243.2 243.5 243 242.6 245.3 249.3 255.2 263.8 270.1 276.8 282.6 288.5 294.5 300.4 297.8 297.1 305.2 316.3 331.6 345.4 361 376.5 391.2 403.7 413.4 421.1 427.5 432 435.5 437.4 438.1 439.4 441 441.7 441.2
499.5 499.2 497.8 497.3 500.1 500.9 501.3 499.9 493.6 489.4 490 486.2 481.8 464.3 446.3 421.8 397.3 421.4 447.9 450.2 443.8 432.8 417.7 403.1 383.4 365.5 348.4 325.9 311.5 299.8 289.8 285.9 280.7 275.5 272.3 269.3 266.4 261.1 257 250.9 248.2 243.7 243.4 243.2 243.3 242.9 242.4 244 246.4 250.5 257.8 263.5 268.2 274.6 279.8 284.4 288.1 291.7 297.3 307.6 321.8 337.2 350.8 366.4 382 395.3 406.2 415.3 421.8 426.7 430.7 434.5 437.1 438.9 440.9 442.6 444.2 443.2
496.7 496 493.1 493.6 499.7 499.7 499.7 498 494.8 490.9 490.6 486.4 478.1 462.6 451.2 435 415 442 461.7 465.9 460 450.3 433.5 408.6 384.6 363.3 346 327.3 313.2 302.9 295.4 288.7 282.1 278.3 274.6 271.2 267.4 261.6 256.7 252.8 250.1 243.3 243.2 242.6 243.2 242.6 242.5 242 243.9 246.6 252.1 258.4 262.7 267.2 273.1 277.5 280.9 286.9 299.5 312.3 326.3 339.8 354 372.3 386.3 398.1 407.7 416.3 421.8 425.9 431.2 434.1 437.3 440.3 443.4 445.1 446.6 447.3
491.8 491.5 490.7 494.7 498.7 498.6 499.5 496.9 494.2 491.2 491.5 483.7 472.3 461.2 451.2 444.3 435.2 460 472.9 475 469.5 456 439.2 405.8 384.1 360 344.2 327.6 315.1 305.9 297.8 291.5 285.4 280.7 276.5 272.4 268.3 262.1 258.3 255.4 253.1 245.2 243.3 242.6 242.8 242.5 242.1 241.8 241.5 241.2 246.4 253.1 257.7 262.3 268.3 271 276.2 284.1 299.3 312 328.1 343.5 359.1 373.3 386.1 396.3 406.9 415.1 420.4 425.6 430.4 435.3 439.1 442.2 445.2 447.8 449.1 450.5
486.4 485.5 486.1 489.8 493.9 496.5 496.6 494.9 492.1 490.8 486.6 479.2 468.8 459.1 458.2 454.1 456.2 474 479.3 479.8 473.1 460.2 431 401.2 378 355.9 339.7 327.2 316.3 308.2 300.3 294.2 289.6 283.9 278.7 273.4 267.7 262.3 260.6 256.4 251.3 243.4 241.5 242.2 242.8 242.6 242.4 242.1 241.3 241.1 241.2 247.4 253.3 257.5 262.8 262.6 273.7 284.4 297.9 311.4 327.4 343.2 357.9 370.8 383 392.9 401.9 410.4 416.5 422.3 428.8 434.2 440.5 443.3 446.9 449.6 451.8 454.8
475.5 478.1 480.1 484.5 488.6 488.6 488.5 490.8 488.9 485.4 482 472.7 464.6 460 460.7 465 475 483.1 484.8 483.9 474.7 459 431.3 404.4 383.5 360.7 341.7 327.7 319.3 311.8 304.7 297 292.2 287.6 282.2 277.7 270.2 265.6 261.4 253.5 254.4 240.7 242.4 242.5 242.5 242.5 242.3 241.6 241.3 241.3 240.5 241.1 248.2 252.5 253.7 262.6 272.1 280.6 295.6 310.2 324.4 339.3 353.7 367.6 377.8 387.3 396.9 405.8 411.4 416.6 423.5 431.7 437.9 442.7 447.2 451.8 454.3 456.9
464.1 465.8 472.1 479.7 484 485.7 488.4 487.2 483.9 478.1 471.4 466 462.2 461.8 466.9 473.9 481.5 485.7 485.6 484 474.9 455.9 431.1 406.6 384 363.9 345.9 331 321.2 317.1 312.2 304.2 299.7 294.2 287.1 279.6 273.5 265.9 260.2 259.8 257.9 248.6 240.7 241.3 241.8 242.3 242.1 241.7 241.3 241.2 241.2 240.7 243.1 247 253.9 259.1 266.7 274.1 288.8 303.6 317.9 333.1 348.7 361 372.1 381.7 390.9 397.9 403 408.8 417.6 426.4 433.7 440.9 445.7 449.9 453.8 458.6
445.6 453.9 461.7 470.1 477.8 480.8 484.8 482.5 479.3 471.4 465.6 461.9 460.9 464.8 471.8 480 482.6 487 487 482.3 473.7 454.2 428.7 409.1 385.2 367 349.9 334.5 329.2 326.4 321 315.6 305.8 298 289.7 281.4 271.9 264.7 261.8 262.2 260.6 256.9 251.7 241.4 240 241.4 242.1 241.6 241.3 240.9 240.7 240.9 241.5 242.7 248.2 253.2 259.9 268.9 277.9 293.3 307.8 323.8 339.3 352.3 359.8 367.4 375.4 382.5 388.3 396.8 408.4 417.3 428 435.4 442 447.3 454.8 462.6
442.1 439.8 447.1 459.2 465.7 474.6 478.8 481 473.9 466.1 460.1 459.4 460.5 465.3 471.3 477.7 481.8 486.1 486.4 482.2 471.7 453.2 429.5 409.6 386 369.4 353.1 341.1 340.7 338.7 330 319.9 309.5 300.5 290.7 281.5 271.6 268.7 265.9 266.2 263.2 259.7 256.3 252.8 245.3 241.1 241 241.5 241.3 240.9 240.6 240.7 241.1 240.4 239.2 248 254.1 260.6 270 280.3 294.8 310.4 324.3 333.5 340.8 347.4 354.5 363.7 371.3 381 391.3 403.3 416.1 425.2 434.3 441.8 452.8 463.6
449.2 435.5 438.5 446.4 456.8 468.1 475.1 476 466 459 456.2 456.1 459 464.3 472.6 477.3 481.7 486 486.4 483.5 472.5 454.5 431 409.2 386.4 372.6 358.3 350.8 355.7 347.3 333.8 320.6 308.7 299.1 290.4 279.5 279.3 276.8 273 271.4 267.9 264 261.2 257.2 252.9 240.6 241.8 241.2 241.2 241 240.7 240.8 240.6 240.3 239.7 243 248.1 253.5 260.1 270 281.4 295.3 306.1 314.5 321.3 328.7 335.1 343.6 353.1 364.2 374.1 383.7 396.5 408.5 421.2 436.1 451.2 464.7
451 434.3 429.8 437.6 447.9 460.7 468.8 468 459.9 451.7 451.1 452.8 455.7 462.9 471.5 477.7 481.6 485.2 486.7 482.5 472.6 452.1 432.1 410.4 392.1 377.3 366.6 372.3 364.5 350.4 335.6 319.8 307.8 296.6 289 291.7 295.3 290.9 285.5 280 274.9 270.2 266.7 262.9 257.2 250.1 240.9 241.4 240.4 241.2 241 240.6 240.4 240.1 239.6 239.5 244.3 246.7 250.8 258.8 268.7 277.8 288.3 296.9 301.3 309.8 315.7 324.3 333.7 341.5 349.8 360.8 373.8 390.3 407.8 424.4 442 460.3
453.7 436.5 425 429.2 440 452.5 460.6 458.9 452 448.6 443.5 448.2 453.4 462.1 471.8 477.8 481.8 484 484.1 481.1 471.5 456.2 440.2 420.9 405 387.8 387 381.6 368.9 351.6 334.7 316.9 303.1 298.1 300.4 311.3 320.8 311 296.9 291.2 285.6 277 272.9 267.2 261.6 253.2 244.2 240.8 241 239.6 240.4 240.3 240.1 239.9 239.5 239.5 239.6 242.3 244.6 251.2 256.1 263.8 270.6 278.9 284.9 286.7 296.2 302.8 310.4 318.6 326.4 336.3 350.4 371.2 385.9 401.7 425.5 449.9
455.7 441.5 428 421.9 432.3 444.2 452.4 451.1 441.1 435.8 438.3 443 453.6 464.1 472.5 479.7 482 483.9 484.3 479.6 477.2 474.4 457.7 433.7 413 404.8 399 388.9 369.5 350.1 331.3 312.8 300.7 306.1 317.3 330.7 336.6 329 316.2 305.8 296.1 287.7 280 275 265.6 256.9 250.1 241.1 240.4 240.2 239.1 239.4 239.9 239.7 239.3 239.2 238.6 239 241.6 244.2 249.6 255 259.4 265.9 267.9 271.3 276.3 282.1 288.7 296.8 303.3 313 326.7 341.5 358.4 380.5 405.8 429
462.3 446.9 432.2 416.1 425.5 437.4 443.3 440.4 431.5 427 433.1 439.9 456.6 465.4 473 480 483.2 484 485.2 487.5 488.4 485.8 465.6 444.8 433 422 409.8 394.4 371.5 349 328.6 310.3 308.3 320 336.4 348.8 350.8 342.9 333.5 321.3 310.9 300.7 291.5 285.1 276 265.2 257.4 253.1 244.8 242.7 240.5 239.4 239 239.6 239.3 238.9 238.6 238.3 239.2 241.4 242.6 246.9 252.2 255.3 254.8 255.7 260.1 264.3 268.6 275.8 283.8 292.6 304.1 318.6 334.3 354.9 376.7 397.7
466.6 452.4 435.5 412.9 421.1 428.3 433.4 422.7 418.9 422.8 430.2 441.1 456.8 465.7 473.6 481.6 485 485.9 487.1 489.2 492.6 487.4 477.4 462.9 450.2 437.9 417 392.7 369.4 346.8 326 313.3 314.3 335.1 351.8 369.3 368.4 363.1 351.9 336.1 326.1 314.9 308.3 297.7 287.5 277.4 268.1 261.6 255.6 252.3 241.9 240.9 240 239.3 238.9 239.1 240.1 239.1 238.2 238.3 238.7 240 241.5 245.7 246.6 248.1 249.1 250.8 252.8 261.9 267.2 276 286.9 298.4 312.7 331.1 349.7 370.1
466.7 456 443.2 415.7 412.2 416.7 415.5 410.1 412 420.2 430.7 446.6 460.2 467.9 476 481.8 486.6 489.3 491.6 500.8 498.8 489.7 483.3 481.4 467.3 445.2 418.5 392.5 369.7 345.7 327.5 318.7 329.7 348.9 370.5 384.1 388.3 382 369.6 352.2 342.9 333.7 322.4 311 299.2 288.3 277.3 267.6 262.7 257.6 250.9 247.8 246.1 244.3 239.6 241.3 243.1 242.1 241.1 239.6 235.7 237.4 236.5 235.4 237.1 240.9 243.2 245.4 246.4 253.7 258 263.2 271.2 281.8 294.1 308.8 328.1 348.2
464.1 456.7 446.3 429.3 402.1 408.2 403.9 406.2 411.7 418.6 434 449.5 460.7 469.1 477.1 484.2 488.4 494.1 500.9 502.1 501.4 495.1 491.3 487.5 473.9 441.2 415.6 389.8 368.3 345.9 328.9 323.7 342.7 366.3 386.7 396.9 403.8 397.7 382.7 372.3 360.5 349.7 337.2 322.8 309.6 295.9 283.1 271.6 265.7 261 254.8 251.7 250 252.7 251.2 250.7 249.4 248.4 246.7 245.1 244.2 244.9 244.8 242.3 238.4 235.1 236.1 238.1 240.8 245.7 250 253.6 258.9 267.5 277.2 290.9 308.7 328.9
457.4 450 442.7 429 411.3 397.1 398.7 403.1 412.1 424.1 437.9 453.2 464.3 472.6 479.4 487.2 491.4 497.4 501.2 503.2 500.9 501.3 496.7 487.4 462 436.1 410.8 388.5 365.9 344.8 329 336.5 353.4 380.4 397.3 408.9 419.5 412.7 399.4 390.3 378.3 361.9 346.4 330.6 314.9 300.3 286 276.4 269.2 262.9 259.1 256.9 259.2 260.9 260.3 260.2 258.6 258.2 260 257.1 255.8 255.4 256.9 254.3 250.1 245.8 238.9 234.3 234.6 237.6 242.2 245.3 247.4 256.3 263.4 275.8 291.3 310.2
446.1 440.9 429.8 415.1 403.6 395 394.4 403.6 412 428 444.4 456.2 469.3 477.9 484.7 490.2 497.5 502.6 506 506.9 503.5 500.9 493.2 477.5 452.1 428 406.6 384.3 362.9 344 339.3 346.2 365.6 391 407.9 421.4 431.9 432.3 419.4 403.3 389 369.7 350.5 334.6 316.6 298.4 285.5 277.7 270.9 264.3 260.9 265.4 270.2 271.2 273.4 271.7 274 273.7 275.5 273.1 271.3 269.7 271.5 269.8 265.5 262.2 254.2 244.5 240.7 235.4 235.2 238.6 240.7 245 254.5 264.3 278.4 295.1
431.9 424.1 411.7 397.9 389.6 382.6 394.3 404.5 416.3 434.6 453.4 461.1 473.2 482.7 488.3 494.2 501.3 505.7 508.6 509.1 506.7 501.8 489 466.7 443 420 398.4 378.8 361.7 346.3 346.7 358 384.3 401.3 418.9 435.7 446.3 446.4 432.7 410.9 390.7 373.2 354.2 336.1 314.3 297.6 286.4 279.1 270.7 270.2 275.5 281.6 285.5 288.2 289.5 287.8 291.3 293.6 294.1 293.6 288.5 283.2 285.1 284.9 281.8 279.5 274.9 258.2 249.6 244.9 238.8 233.2 235.7 237.3 243.3 255.1 267.1 282.1
419.2 406.1 392.7 385.8 377.9 386.9 397.8 409.9 426.4 444.5 458.6 465.6 476.2 484.3 491.5 497.7 501.4 503.9 506 504.8 502.4 500 487.5 454.5 433 412 394.1 374.6 357.1 356.2 361.5 375.9 395.8 415.1 435.8 450.6 456.8 455.5 438 414.2 393.4 372.8 355.2 334.3 312.2 298.8 288.8 280 275.1 282.5 292.4 298.4 305.5 309 310.4 310.9 314.9 317.8 319.3 314.7 306.7 304.2 301 303.2 302.3 305.4 304.4 271.7 260.6 251.2 245.4 240.8 234.7 233.8 235.8 243.5 257.4 269.9
