data/SN98.asc
ncols 200
nrows 200
xllcorner 290000
yllcorner 280000
cellsize 50
[rows 140 to 174 of 200, columns 78 to 155 of 200]
195.2 195 196.5 203.5 213.1 223.3 224 226.9 221.7 212.8 207.8 203.9 200.5 193.3 191.5 192.2 188.5 184.2 175.5 174.4 180.3 183.7 187.5 191.4 194.3 196.9 201.9 206.7 210.2 213 216.4 219.6 222.7 226.5 230.4 238.2 243.4 246.9 258.2 263.1 268.1 270.9 273.6 276.5 278.5 281.2 282.6 283.9 284.7 285.6 286.5 286.1 287.2 288.4 293 294.5 298.5 302.2 305.8 308.8 310.6 310.6 307.3 306.3 307.2 309.2 311.6 312.3 315.4 315.3 316.3 318.1 319.6 319.5 319.4 316.9 304.7 284.3
200.3 203.9 209.4 220.8 232.5 233.7 228.1 224.3 218.3 212 208.9 201.7 196.9 197.9 195.9 193.7 191 187.6 179 175.8 177.6 182.6 187.8 192.2 194.7 196.9 200.6 206 210.6 213.4 217 220.3 222.7 226.6 231.2 235.3 240.6 248.6 259 266.4 270 273.9 276.2 279.7 281.5 283.1 285 286.2 287.1 288 288.9 289.6 290.1 293 297 300.4 303.2 307.1 311.1 313.7 315.2 315.7 311.6 310.7 312.2 313.2 314 314.5 315.4 316.7 318.5 322.1 324.6 323.1 321.3 316.5 301.7 297
209.8 217.2 228.2 243.1 239.4 237.1 229.9 221.7 215.2 209.2 207.2 205.3 202.6 199.8 198.5 194.7 192.1 189.9 179 175.7 177.5 182.6 187.3 191.8 194.1 196.4 199.4 205 210.6 213.7 216.6 219.3 223.5 228.5 233 236.2 242 255.4 264 269.9 271.3 276.1 279.9 281.6 283.3 285 286.9 288.5 289.5 290.5 293.6 293.7 294.4 296.8 300 305.1 308.2 311.7 315.4 318 318.2 317 315.4 313.9 315.1 315.8 316.5 317.5 317.8 320 323.5 326.9 327 324.8 320.5 314.3 292 305
223.9 241.8 250.3 247.3 241.3 231.6 224.1 217.6 215 215.4 216.8 212.2 206 202.5 199.8 195.7 192.5 190 181.1 174.9 179.2 181.7 186.4 191.4 194.1 197.1 199.9 203.4 207.9 211.6 215.2 218.9 222.4 227.3 232.1 236.6 246.8 259.9 269.8 276.4 277.3 279.5 281.4 282.8 284.9 286.7 289.3 291.6 292.7 295.4 298.2 298.4 299.9 302.5 307.2 310 314.6 316.3 319.3 322.8 323.1 320.7 319.7 318.6 318.4 318.6 319.3 320.4 321.6 324.9 328.4 329.7 327.7 324.9 319.4 308.9 302.8 310.5
246 259.5 256.5 247.4 234.2 227.6 223.9 222.5 223 230.2 230.2 220.1 210.6 203.2 198.4 194.3 191.8 189 177.3 177.6 179.2 180.3 185.4 190.7 194.4 198.1 200.8 204.1 208.6 211.9 215.3 218.7 222.2 226 231 237.9 253.6 270.4 274.7 283.2 282.8 282.8 283.1 285.1 288.3 290.7 293.5 295.5 297.8 302 304.4 306 309.1 308.4 312.3 314.6 316.9 319.6 322.3 325.1 326.6 324.6 323.9 322.8 321 321.4 323.3 325.6 327.7 329.7 330.8 330.5 329 325.4 319 297.6 315.7 317.5
266.3 263.2 257 243.9 237.2 231.3 233.6 236 241.9 253.4 245 224.4 211.7 204.9 198.1 194.8 191.4 188.2 181 177.1 178.7 179.4 183.6 189.8 194.5 199.3 200.6 204 208.1 211.6 214.7 217.9 221.2 227.5 234.4 245.5 266.9 283.2 281 287 286.9 286.2 288.8 291.7 294.4 297.4 300.8 303.2 306.8 310.8 313.4 311.8 313.8 311.9 315.4 317.8 319.1 321.6 324.1 326.5 328.3 328.1 327.9 327.9 326.2 325.9 328.8 331.4 332.7 331.9 332.2 332.1 331.3 323.2 313.5 303.2 321 322
270.3 267 257.5 253.5 248.6 245.6 247.4 258 262.9 260.8 249.7 228.8 222.1 209.1 200.8 196.7 193.1 188.7 185 181.5 179.4 180 182.7 188.8 192.6 195.5 199.2 203.4 207.7 210.5 213.5 216.7 221.8 229.3 241.1 255.1 274.5 288.2 289.8 290.3 291.2 294.2 297 300.2 303.2 305.3 308.3 311.3 315.8 318.5 318.7 318.7 318.7 316.7 320.7 321.1 321.4 322.9 325.4 327.8 330.4 330.7 331.3 331.7 331.1 332.3 333.7 334.4 333.6 332.6 332.8 332.2 328.1 322.6 314.3 311.5 323.7 325.6
272.8 263.8 260.9 260.5 260 258.7 264.6 272.4 271.8 264.7 252.3 243.7 227.5 211.3 204.9 199.6 194.9 189.3 185.9 184.3 179.9 180.8 182.8 187.1 191.8 195.4 198.3 203.1 205.3 208.1 211.2 215.3 222.4 232.5 250.3 268.4 284.1 296.4 295.9 297.4 298.8 300.8 305.6 308.5 310.7 313.3 317.5 321.5 323.6 325.4 324.3 323.5 322.6 321.4 323.5 324 324.4 325.2 326.9 329.6 332.1 333.9 334.6 335.3 336.3 337.8 336.2 334.4 332.5 331.6 331.4 329.3 325.1 319.2 313 317.8 325.5 330
271.6 268.7 268.4 270.7 269.5 274.6 278.7 279.9 276.3 266.5 256.3 248.8 233.9 218.1 208.9 204.8 199.7 194 187.9 182.2 180.7 180.6 182.2 185.6 191.3 195.6 198.1 200.9 203.7 206.2 209.4 214.8 226.9 242.2 259.5 282.6 294.8 301.8 303 305 306.4 310.1 314.3 316.8 319.5 324.3 328.4 331.3 332 329.7 328.8 327.2 325.9 325.6 326.3 326.9 327.4 328.3 330.1 332.6 337.1 339.3 339.9 340.7 340.6 337.8 335 333.5 331.9 330 328.7 326.1 324.4 317.2 308 322.1 328 334
277.9 275.7 280.1 285.3 288.7 288.5 288.2 284.6 278.9 269 260.1 252.6 238.9 228.1 222.3 213.2 207.7 199.1 191.5 185.8 182.1 180.7 182.3 184.8 191.7 194.9 197 199.1 202.4 204.9 208.9 214.7 230.3 255.3 276.4 294.3 304.5 309.4 310.2 312.3 315.9 320.1 323.2 326.4 331.1 335.6 337.5 338.7 336.7 335 332.8 330.2 327.9 326.6 327 328.5 329.3 330.8 332.8 335.9 339.6 342.6 343.6 341.2 338.4 335.9 333.5 332.3 329.4 328.5 326 322 318.5 311 317.6 323.1 330 337.8
287.4 289.6 297.3 300.2 299.2 297.7 294.3 288.3 280.1 270.2 262.2 255.1 248.4 238.3 225.6 218.7 212 201.4 191 186.9 185.3 182.8 181.7 184.2 190.7 193.6 195.7 197.7 201.4 203.7 209.9 220.1 239.7 266.4 288.2 304.7 311.3 314.9 318.2 320.7 325.9 329.3 332.9 336.9 341.3 344.9 345.5 342.7 339.6 336.5 333.8 331.3 329.1 327.5 326.6 327.2 328.9 331.2 333.6 336.4 338.7 340 339.3 338.3 336.1 334 331.8 329.2 326.8 325.9 323.6 320.9 313.2 309.8 320 325.6 333 340.2
300.1 306.5 312.1 311.6 310.5 304.1 297.1 289.7 281.9 271.7 262.9 258.7 249.5 241 229.2 223.9 212.4 200.9 192.4 187.7 186.6 186.4 186 185 182.9 191 194.7 197.1 199.8 204.3 210.4 224.2 240.1 261.9 291.7 305.6 313.3 320.4 324.4 330.7 334.3 338 342.8 347.1 351 352.8 347.1 345.1 341 337.7 334.7 331.9 328.7 325.6 325.2 326.4 328.6 330.8 333.4 335.1 336.7 336.8 336.1 335.1 333.9 331.1 328.7 324.7 324.7 322.6 319.6 317.1 311.9 316.2 322.3 327.6 334.5 340.6
315.6 320.2 320.2 318.2 315.5 306 297.2 290.9 280.5 268.8 264.2 257.7 247.6 240.1 231.1 224.2 209.3 199.1 194.6 190.2 188 187.8 187.4 185.8 180.9 183.9 193.9 196.2 199.6 203.9 208.7 217.4 233.2 260 289 303.9 313.2 323.5 332.7 338.4 342 347 352.6 357.6 358.4 349.3 348.3 345.2 341.4 338.1 336.1 331.8 327.2 322.1 323.2 326 328.2 330.5 332.1 333.4 333.4 333.5 332.9 333 333 332 326.8 323.1 322 319.4 317 313.2 313.5 319 324.2 328.8 335.7 341.2
326.6 326.1 321.7 323.5 314.1 300.4 298.1 288.5 277.1 265.3 263.1 255.9 246 237.4 229.2 219.2 205.9 196.7 195.7 192.7 189.6 189.4 188.2 186.6 183.6 184.2 192.1 195.5 198.8 201.6 205.6 214.1 227.1 254.5 282.3 298 314.2 324.9 335.4 342.4 348.9 354.9 362 365.9 355.6 347.9 346.7 344 340.3 337.9 335.2 329.1 323.3 321.9 321.7 325 328.2 329.3 330.4 330 330.3 330.3 331.7 334.6 335.9 333.3 328 322.6 320 318.1 315.8 312.9 316.9 320.3 324.1 330.7 337.2 341.4
329.2 323 325.5 319 304.4 297.7 292.2 280.4 270.4 265.1 261.9 252.8 240.4 230.2 223.2 212.6 204.3 199.1 197.2 195.5 191.3 190.5 187.5 186.8 182.1 185.2 189.2 194.9 197.9 200.8 203.4 211.2 221.8 247.3 273.7 284.8 301.5 316.6 331.7 344.5 355.2 363 370.6 361 348.7 346.5 345.9 342.6 339.4 335.9 329.9 322.6 310.6 315.5 317.9 322.8 326.2 327.6 326.9 326.6 327 331.5 334.4 338.5 339.3 336.5 329.3 323.8 318.5 317 314.8 313.2 318 320.7 325.1 332.6 337.4 341.5
319.9 317.5 318.3 309.6 297.7 291.6 283.9 272.5 265.8 262.3 256.1 245.8 235.2 222.8 214.1 207.6 203.3 200.7 198.8 195.5 194 191.2 189.7 187.3 185.7 183.1 189.1 193.7 197.5 199.8 202.1 207.4 221.7 243.2 259.1 273.4 290.9 308.1 328 349.3 360.2 368 368.4 350.7 344.7 344 343 338.3 333.7 330.3 318.9 313.8 307.1 311.2 313.6 322.4 324.3 324.8 323.4 323.3 324.7 327.4 337.8 341.6 343.5 339.3 326 320.7 316.7 317 315.7 313.9 317.6 321.3 325.7 331.7 336.8 340.2
306.3 310.4 311.4 300.8 290.5 284.9 273.5 265.5 258.1 253.4 245.7 238.1 226.7 218.6 208.9 205.7 202.1 199.5 198.7 196.3 192.7 194.1 192.4 187.5 186.7 183.7 188.6 192.5 196.3 199 201.8 204.5 220.7 239.5 252.7 266.4 284.8 302.1 324.4 346.5 360.9 364.3 357.1 341.2 338.8 335.3 332.4 329.8 323.8 317.7 306.9 299.4 303.3 304.3 312.5 320.4 321.3 322 321 320.8 323.6 332.7 338.7 343.3 347 344.1 329.9 319.7 318 317.2 315.1 315.8 317.7 321.3 327.6 331.4 336.2 339.6
296.4 304.9 296.7 286.7 282.4 275.3 266.6 256.7 250.6 245 237.3 229.5 221 214.7 206.8 204.6 202.3 199.7 197.1 195.7 197.6 197.8 199.3 192.2 188.1 186.3 187.9 191.4 195 198 200.9 204.4 217.3 236.3 243.8 262.8 282.6 297.7 318.2 338.4 354.6 356.2 345.4 332.9 326.6 322 319.1 317.9 312.7 301.4 293.2 290.1 290 300.6 311.9 316.5 319.8 320.6 318.4 317.8 325.1 329.7 338.3 347.4 348.9 345.7 314.4 322.1 318.1 315.8 315.4 315.9 317.5 321.4 326.1 331.7 336.3 338.8
293.3 292.5 280.8 272.9 270.1 267 257.8 251.5 245.7 242.4 235.3 227.9 218.3 211 206.8 204.2 203.7 200.6 200.2 202.8 204.3 201.6 198.9 196.4 189.4 186.1 186.9 191.1 191.7 195 198.3 202.8 211.3 226.4 240.5 258.6 272.2 290.4 309.1 328.2 346.3 343.3 332 318.1 310.8 306.4 301.4 297.4 292.7 284.9 279.7 281.1 287.8 299 311 316.5 320.1 322.1 321.9 321 316.6 314.4 327.5 347.4 348.2 330.2 317.9 321.5 316.9 316 316.3 316.7 317.5 321.6 325.5 330.1 334.5 337.4
283.4 274.7 263.5 257.2 257.6 258.9 253.2 248.1 240.8 237.9 234.2 221.8 214.7 209.6 208.5 206.5 206.4 205 204.8 207.6 209 203.6 199.5 198 190.2 189.8 189.7 189.8 191 192.2 195.6 200.5 206.5 216.7 228.5 248.5 261.8 279.1 300.7 319.9 334.4 327.1 316.3 302.3 293.1 290.1 284 280.4 275.3 272.1 276.8 280.7 287.2 298.9 309.5 315.3 318.9 322.4 324.1 324.1 318.8 307.5 315.8 334.5 339.8 331.1 324.5 319.3 316.2 315.6 316 316.4 317.4 321.4 325 329.6 334.2 336.9
277.2 271.5 264.6 257.6 254.6 252.4 247.9 240.4 233.3 233.9 218.5 221.3 215 211.3 210.9 211.4 211.5 209.5 209.6 209.1 207.7 205 199.7 193.8 191.8 193.2 191.9 186 191.4 192.7 194.2 197.3 203.5 210.2 217.8 237.4 255 271.5 291.5 310.3 316 308 298.2 288.9 276.6 273.8 266.4 260.4 267.2 272.9 276.5 280.4 287.4 298.9 307.8 311.9 316 320.1 324.2 326.1 324.5 308.7 307.1 317 325 325.8 321.8 317.6 316.6 315.2 315.4 316 317.4 320.9 326.3 332.5 335.6 338.2
273.6 269.5 264.8 255.7 249.6 242.3 235.4 232.4 228.4 223 223.9 223.9 214.3 215.6 216 216.7 216 214.4 214.4 212.1 210.9 208.6 201 192.6 197.9 198.7 196.6 195.3 191.9 193.4 194.5 194.8 200.2 206.8 214.4 225.9 246.5 259.6 279.8 292.8 289.5 284 277.5 268.8 260.2 256.8 254.7 260.7 266.2 271.8 274.5 280.2 287.8 301.2 308 310.7 314.3 318.2 321.8 326.3 328.7 322.2 310.9 316.8 327.6 323.2 319.2 316.5 316.2 316 316.4 316.4 319.2 322.4 326.8 332.4 337.9 340.8
266.9 264.4 258 250.7 255.7 250 239.4 237.3 234.3 232.1 232.1 223.6 217 220.2 220.4 222.7 220.3 219 217.7 214.4 213.2 210.1 201.3 199.6 205 205.1 202.4 198.9 190.8 192.4 192.9 193.1 196.6 202.4 210.5 222 232.6 245.2 259.7 263.4 261.5 260.2 254.5 249.3 246.3 246.2 254.7 256.5 262.3 268.4 274.9 279.6 287.6 297.3 302.9 309.5 313.6 318.5 321.8 325.5 329 331 328.9 328.9 325.7 320.8 317.9 316.7 315.8 315.5 316.2 318 319.5 323.3 327.6 332.6 339.1 343
270.6 266.7 264.1 262 257.7 246 241.1 239.3 237.1 235.3 232.1 227.6 224.4 224.8 226.8 227.3 223.8 221.9 220.7 217.1 213 203.3 200.9 206.2 207.1 206.1 205.1 199.6 188 191.2 194.1 191.2 195.2 200.6 205.2 216.8 228.8 234.9 237.3 239.2 241.3 239.2 237.2 236.3 237.8 244 251.6 258.9 265.2 275.9 284.1 291.8 298.1 305.8 307.9 311 314.4 319.3 324.1 329.4 332.4 333.9 332.6 330.1 325.1 320.2 318.8 317.2 315.8 316.3 316.8 317.5 321.9 328 333.3 341.1 348.1 352.1
269.3 266.1 264.7 263.3 253.8 245.3 242.8 242.9 240 237.4 234.7 230.6 231.3 229.6 232 230.3 227.8 225 225.7 214.8 199.1 205.1 205.4 207.9 209.5 208.7 207.6 206.4 192.2 194.3 194.7 191.5 193.9 198.5 201.5 208.4 221.8 225.6 228.3 229.7 230.2 228.3 230.9 238.5 244.8 251.1 260 269.3 276.4 284.9 293 299.8 306.4 312.7 317.7 321.3 325.2 329.2 333 336.4 338.2 337.4 335.3 330.9 324.8 321.2 319.6 318.2 317.6 317.8 318.1 322.7 334.4 344.8 346.4 350 357.6 363.9
268.4 264.7 263.1 259.8 256.3 248.9 245.9 249.3 246.5 242.3 239 236.6 236.9 237.5 236.2 233.6 232.2 229.9 212.2 196.2 201.6 206.5 208 211.1 211.5 212 210.5 209.3 208 205.7 194 193.5 194 198.2 202.7 208.4 212.4 219.5 223.2 222 222.5 231.2 237.8 247 255.4 264.6 273.6 280.7 286.5 294.2 300 307.2 315.9 321.2 322.4 328.4 332 337.5 341.9 343.5 342.6 341.1 338.3 332.4 324.7 322.1 319.8 318.6 318.7 319.9 323.6 334.9 345.4 352.4 354.8 359.2 366.9 372.7
267.5 264.7 261.2 259.4 257.4 250.6 250.6 256.8 251.3 248.2 241.3 240.1 239.6 239.7 237.7 238.1 222.7 207 203.7 199.5 209.3 213.4 216.5 215.9 215 215.7 214.2 212.5 210.1 208.8 197.3 194.1 193.1 199.1 201.7 204.2 208.4 215.5 217.6 223.8 232.1 240.2 249.8 259.1 268.9 278.6 287 292.9 299.8 305.2 309.6 316.6 324.5 331.1 332.5 336.3 341.6 346 349.4 350.6 349.7 346.5 342.1 333.7 326 319.6 317 317.3 318.8 322.1 332.9 345.8 352.3 356.2 357.7 366.6 375.1 379.2
269.1 265.1 261.4 261.2 255.1 251.1 252.8 255.8 255.9 252 244 231.9 225.5 229.9 222.5 208.6 206.8 207.1 206.7 210.9 218.2 221.5 220.8 219 219.6 219.7 218.2 215.3 212.3 209.2 197.3 190.9 195 197.8 202.2 209.6 215 222.9 230.4 241.3 248.3 256.1 265.5 273.7 281.8 291.7 299.3 305.1 312.1 314.1 316.4 326 332.7 340 341.6 346.8 352.5 357.6 359.5 358.8 358 353.7 346.7 338.4 328.1 318.5 315.6 316.5 318.1 323.5 339.8 352 354.8 357.3 363.7 373.6 380.6 386.6
271.2 261.4 258.8 260.4 250.1 246.2 249.1 254.9 254.4 244.7 223.7 215.3 213.1 211.9 209.2 214.3 211.8 212.1 214.1 222.2 226.5 228.5 225.9 221.6 223.2 222.3 220.4 215.7 210.9 208.3 198.6 190.9 195.8 199.2 202.6 211.2 221.8 234 249.2 256.6 264 271.2 279.3 288.7 295.7 304 310.8 317.8 322.8 326.3 331.2 337.4 343.1 349 354.6 360.9 365.9 368.7 369.4 365.7 363.7 359.4 351.3 340.8 328.5 316.3 313.8 315.9 317.9 325.3 343.9 353.4 355.6 358.4 370 378.4 386 391.1
267.1 257.2 255 251.1 243.7 241.9 240.9 238.2 232.9 218.7 215.3 216.9 221.3 223.2 222.1 219.9 218.6 218.5 225 232.2 234.3 235.1 231.8 226.5 226.3 224.8 221.8 217 215.3 214 198.1 194.7 199.4 208.9 217.6 230.2 238.9 249.8 263.5 272.1 279.3 285.3 294.1 302.2 309.2 316.6 326.2 334.1 337.9 342.7 347.7 352.9 357.5 363.4 370.1 371.6 374.8 373.4 373.4 366.8 365.2 360.6 354.3 339.3 324.2 313.7 313.2 315.8 319.7 330.5 347.2 354.7 357.3 364.9 374.8 382.2 391 396.2
258.8 248.3 242.6 238.1 233.2 224.2 222 220.2 224.7 228.6 227.2 226.1 224.8 226.6 226.3 225.4 226.3 225.2 232.6 241.1 242.3 241.8 232.3 233 228.7 226.5 222.6 219.8 217.8 216.8 202.8 195 203.1 218.3 229.8 243.1 251.4 264 275.1 285.5 290.3 298.1 307.5 314.6 322.2 330.3 335.8 342.8 349.1 356.1 362.1 365.3 369.5 373.1 374.4 375 376.5 374.7 372.7 366.4 364.8 358.9 350.3 335.3 319.7 311.8 314.7 319.6 323.6 331.2 347.8 355.1 358.2 369.5 378.4 386.2 394.5 399.2
262.5 246.2 237.7 230.5 223 229.9 229.2 229.8 230.7 232.8 233.6 232.1 230 230.1 230.3 232.1 232.4 233.9 245.3 249.4 249.3 245.7 239.8 239.5 231.9 228.3 225.6 223.4 219.2 218 207.3 196.1 206.4 222.7 240.5 255.9 263 269.2 284.4 292.3 298.2 308.3 314.2 322.6 330 334.7 339.6 347.6 354.5 361.4 368.3 371.3 374 377 377 375.7 375.5 373.9 367.4 366.4 361.6 354.2 341.1 327.8 317.1 311.3 316.2 322.6 329.2 337.4 349.7 355.8 359.9 371.5 379.2 388.2 396.8 399.5
259.2 249.2 239.3 226.9 229.9 233.1 232.6 239.2 237.6 235.9 234.9 233.7 234 235.8 238.6 236.8 237.3 247.2 256.6 255.9 253.6 247.1 239.9 241.2 233.8 231.4 229.6 224.9 220.9 218.1 210.7 199 196 212.1 240.2 260.2 265.5 272.8 286.2 294.4 303.1 311.7 315.1 323.1 334.3 336.7 341.5 350.4 355.4 364.3 370.7 375.8 376.3 378.7 376.6 375.3 372.7 367.8 361.3 361.5 353.8 342.4 330.2 319.1 311.3 310.5 317.1 324.3 331.3 341.7 352.6 357.3 362.4 371.5 379.8 390.8 398.7 399.7
252.8 247.3 238.6 226.6 230.7 238.2 241.5 240.8 239.6 238.3 237.2 237.8 238.4 241.4 244.3 241.4 243 258.2 263.7 261 253.5 248.1 245.5 242.9 237.8 235.2 234 226.7 220.9 217.7 215.4 212.1 204.7 202.5 225.7 242.9 256.5 273.6 286.2 293.5 304.1 311.4 317.6 323.2 330.1 337.2 342.5 350.8 352.6 362.2 371.9 375.6 375.6 375.6 373.9 371.4 366.7 359.9 353.1 348.2 343 332.5 321.5 312.2 306.8 310.3 316.8 323.6 329.5 342.6 353.8 358.1 360.4 369.8 377.2 391 398.7 400.2
251.5 246.3 234.9 230.8 238.7 242.1 242.8 243.6 243.1 241.7 242.7 244.4 246.1 248.4 252.1 254.4 252.8 265.3 267.8 263.8 258.8 249 247.6 244.8 241 242.8 239.7 229.6 223.8 221.3 218.6 214.2 215.9 196 208.6 222.8 246.6 263.3 275.8 289 302.3 311.7 320.3 322 325.6 330.3 338.5 343.3 349 361.4 369.1 373.3 374.4 373.4 370.7 365.7 360 351.2 345.1 339.7 332.7 324.6 315.1 309.4 303.6 308.4 313.6 317.5 325.3 344.8 354.1 355.7 356.1 367.6 378.2 390.8 399.5 399.8
