data/SO13.asc
ncols 200
nrows 200
xllcorner 310000
yllcorner 230000
cellsize 50
[rows 35 to 69 of 200, columns 0 to 77 of 200]
316.9 312.1 308 303.7 299.4 295 290.5 285.4 279.5 274.8 275.7 275 272.1 264.4 259.9 272.2 273.2 274.4 276 277.9 279.4 281.4 283.3 285 284.9 285.2 286.5 287.4 288.8 292.1 295 296.3 297.6 299.2 300.7 302.7 305.2 309.9 312.6 312.8 308.3 304.1 300.4 294.3 288.3 281.3 269.3 259.6 236.6 217.5 191.3 174.5 159.9 143.8 127.8 118.7 112.3 107.9 106.5 104.3 97 96.7 87.5 89.5 90.9 90.3 87.9 86.7 95.4 95.9 95.7 95.5 95.2 94.8 94.3 93.9 93.8 93.7
311.2 307 303.2 299.1 294.8 290.3 285.5 281.5 277.9 271.7 266.9 269 268.1 263.3 254.8 268.3 269.5 271.5 272.6 273.4 274.8 276.6 278.1 278.6 278.6 277.5 279.5 281.7 283 285.7 288.6 291.5 294 295.8 297.7 300.2 301.9 304.4 307.9 309.7 307.9 305.7 301.7 297.1 290.7 285.5 277.8 269.9 255.7 231.7 208.2 185.2 169.3 153.5 138.6 125.7 114.5 108.9 106.2 105.6 101.9 96.7 96.7 87.1 89.3 89.7 88.3 86.5 95.3 95.9 95.9 95.4 95.1 95 94.9 94.7 94.2 94.1
306 302.1 298.6 294.8 291 287.3 283.3 279.9 276.7 272 266.4 261.4 264.5 261.3 247.8 261.7 266.7 268.5 269.4 270 270.9 273 274.1 273.7 274.5 272.2 274.7 275.6 277 279.5 281.7 285.8 289 291.6 294.1 295.4 297 299.2 301.4 304.2 306.7 306.1 303.5 300.6 296.4 292.8 286.2 277.7 267.6 252.2 229.1 204.2 182.2 165.9 149 136.1 123.1 112.1 107.4 105.8 104.9 103.8 96.7 96.5 87.1 86.9 86.5 93.8 95.7 95.9 95.7 95.2 95 94.9 94.8 94.6 94.5 94.4
302.5 298.7 294.8 291.9 288.1 284.5 280.9 278 275.1 271 268.4 263 260.6 261.3 248.3 249.3 264.2 266.2 266.4 266.4 267.6 269.2 269.4 269.7 270.4 271.9 272 272.9 273.9 276.2 279.8 283 286.4 288.2 290 291.9 294.5 295.8 296.3 298.7 302.8 304.8 303.9 302 299.5 296.3 291.4 283.8 273.8 262.1 244.6 222.7 204.5 184.8 165.6 151.9 136 123.7 112.3 107.5 105.1 104.5 103.9 97.1 96.5 95.7 95.9 95.7 95.7 95.5 95.3 95.1 95 94.8 94.7 94.6 94.5 94.4
298.8 294.7 291.2 288.3 284.7 280.9 277.1 274 271.3 269 265.5 260.7 255.7 255.3 248.7 245.1 262 263.5 263.3 263.2 263.5 265.1 265.2 265.3 267.2 269.3 270.1 271 273 275.7 279 281.5 285 288 288.8 289.8 290.8 292.5 293.7 294.5 297.3 299.3 300.3 299.9 299.4 298.1 293.9 287.4 277.3 266.1 251.1 235.1 216.5 198.9 185.5 170.1 152.4 137.1 122.8 109.6 106.1 104.9 104.6 101.9 97.4 97 96.8 96.4 95.9 95.7 95.6 95.3 95.1 94.9 94.8 94.7 94.6 94.5
294.6 291 287.4 284 280.9 276.9 273.3 269.8 267.2 264 260.8 257.3 247.5 248.9 238.5 248.8 259.3 260.6 260.2 260.6 261.2 261.8 262 262.3 264.2 266 267.3 269.1 271.7 275.4 278.6 281 284.1 285.9 286.4 287.8 287.7 288 289.3 290.6 290.7 292.7 293.6 293.4 295 294.6 293.1 287.7 277.8 266.8 253.7 242.3 225.2 211.7 196.4 184.7 169.6 153.6 137 124.1 112.9 106.4 105.3 104.6 103.3 98.1 97.7 97 96.4 96.1 95.8 95.5 95.3 95.1 95 94.8 94.7 94.5
291.6 288.4 284.6 281.1 278.5 274.3 269.8 266.8 261.3 257 254.5 248.5 238.9 232.9 235.4 256.4 257.1 257.4 256.8 258 258.4 258.9 258.7 259.7 261.9 264 265.1 266.3 271.3 274.7 278 281.4 283.8 284.2 284.9 284.6 284 284.2 285.2 286.2 285.9 285.7 287 286.9 286.2 285.5 284.2 281.7 275.1 265.2 253.5 243.9 231.7 216.8 202.7 192 180.1 165.4 148.5 134.9 121.8 109.6 106.4 105.5 102.5 99.4 98.6 98 97.1 96.4 96.1 95.8 95.5 95.3 95.2 95 94.8 94.7
289.3 287.5 284.3 281.2 277.5 275 271.6 268.9 266 263.2 259.7 257 249 236.4 230.1 254.2 253.7 253.1 253.4 254.4 254.1 255.3 255.5 255.8 258.6 259.8 262 265.3 271 274 277.2 281 282.5 282 281.5 281.4 280.7 280.6 281.2 281.5 281.5 280 280.2 279.8 278.7 277.2 275.7 273.7 269 259.6 250 242 230.5 215.1 200.4 191.3 180.7 168.8 153.7 141.6 129.4 118.3 108.5 105.6 105.4 103 99.1 98.8 97.6 96.8 96.5 96 95.7 95.5 95.3 95.2 95.1 95
283.7 285 283.7 280.1 273.5 274.7 272.2 268.3 264.9 261.4 258.7 255.7 246.4 234.4 224.7 248 250.1 249.6 249.1 250 250.7 250.4 250.2 251.7 257.5 261.9 265.1 267.2 270 274.4 277.4 281 281.2 280.9 279.6 278.4 277.9 277.6 278.3 278.9 278.7 277.6 275.2 272.8 271.6 270.7 267.6 263.5 257.9 250.7 245.7 236.1 226.6 212.6 197.8 186.9 177.5 167.4 154.1 143.6 134 124.4 114.4 107.7 106.4 104.7 101.7 99.4 98.5 97.4 97.5 97 95.9 95.7 95.5 95.4 95.4 95
276.9 276.6 276.3 276.4 267.1 266.8 265.4 261.2 257.7 255.2 252.7 250.3 242 229.8 226 245.8 246.4 246.1 245.5 246.3 246.2 244.9 251.6 254.9 258.9 262.6 266.2 269.5 271.8 274.9 279.2 281.5 281.3 279.1 277.5 276.2 275.7 275.3 276.2 276.3 275.1 275.4 273.8 270.3 263.9 260.3 257.7 254.9 248.8 243.2 235.3 226.4 216.9 205.4 194.3 183.1 171 162.5 153.4 144 135.3 127.1 117.2 111.9 108.6 104.6 102.3 100.5 99.9 98.8 97.7 97.2 96.6 96.1 95.6 95.5 96.1 97.3
268.2 267.6 267.7 265.6 259.6 255.5 256.4 252.3 248.2 245.6 242.8 243 239.4 227.3 219 239.9 240.9 241 241.4 243.2 237.3 246.1 251.2 255.3 259.5 263.5 267.4 270.1 272.8 276.1 278.4 280.6 280.2 278.2 276.2 274.7 273.6 272.8 272.8 273.5 275.5 274.4 273.5 271.3 266.7 259.4 254.1 251.4 248 242.2 234 225.1 214.2 202.7 191.7 179.4 169.5 160 151.6 142.5 132.9 125 119.9 113.3 108.9 106 104.8 102.7 101.4 100.1 99.3 98.6 100.7 100.7 99.8 98.4 98.9 99.7
258 256.7 257.6 254 251.8 247.8 245.5 245.2 242.1 240.3 237 235 233.6 226.1 218 224.6 236.3 235.9 234 231.6 239.9 246.5 251.3 255.7 259.7 263.2 267 270.9 273.8 275.8 278 280 279.3 277.3 275.3 273.3 272.8 272.8 272.8 272.8 274.6 273.6 273 270.5 267 261.7 255.7 250.3 245.7 239.8 233.1 224.8 214.4 203.7 193.4 181.9 170.2 158.3 151.2 143.5 135.9 131.5 124.2 114.7 109.2 107.6 106.1 104.5 103.7 102.6 101.1 100.3 101.1 101.6 101.3 101.2 100.9 100
249.7 247.7 248 245.4 245.3 241 239.4 237.4 235.3 232.5 229.8 227.8 226.7 225.2 223.2 213 216.5 232.8 223.5 234.1 240.5 246.1 250.5 255 258.5 261.7 265.5 271.6 274 275.2 277.4 279.3 278.5 275.7 273.9 272.8 272.8 272.8 272.8 273.7 274.7 274 272.8 270.8 267.1 263.6 258.7 253.3 247 242.1 235.8 227.1 213.3 201.6 192.6 183.1 173.2 159.8 151.5 143.7 137.1 130.4 124.1 115.1 110 108.3 106.9 106 105 103.7 103 102.9 101.2 101.5 101.4 101.5 100.9 100.2
240.8 239.8 238.5 237.5 235 233.7 231 229.2 226.9 224.9 223.4 222.8 221.8 220.8 219.1 214.1 208.3 227.5 220.9 230.8 239.3 244.3 248.5 252.6 256.3 260.6 266.5 272 273.2 274.7 276.4 277.8 277.9 274.9 274 272.8 272.8 272.8 273.8 275.3 276.2 275.7 274.3 272.6 269.3 266.1 262.4 258.4 250.6 243.2 234.8 225.4 213.2 201.8 191.1 181.4 172.8 161.8 151.4 144.9 138.4 133.1 123.4 114.9 111.2 109 107.8 106.9 105.4 104.1 104.4 104.1 102.6 101.8 101.7 101.2 100.4 100
231.8 230.8 229.2 224.1 224.5 225.7 224.4 223.2 222.4 220.5 219.5 219.7 218.5 217.2 215.5 207.3 204.5 221.2 214.2 227.9 237.1 242.3 245.5 249.3 255.3 259.8 264.8 269.2 272.3 274.4 275.8 276.5 276.1 274.6 274.4 273.8 273.3 274.6 275.8 277.3 278 277.7 276.1 274.3 271.8 268.8 265.1 259.7 252.5 243.6 235.6 226.9 212.7 202 190.5 181.4 172.5 163.6 153.9 145.1 137.1 130.9 123.1 115 111.6 109.6 108.6 107.5 106 105.5 105.5 104.2 103.3 102.5 102.1 101.6 100.5 100.4
223.6 218.6 214.8 212.4 211.7 212 213.1 211.3 217.1 216.4 215.9 216.3 216.6 214.7 212.8 206.1 198.2 205.4 216.3 226.8 233.4 238.8 243.2 247.2 253.1 259.1 263.3 266.9 270.3 273.2 274.5 274.9 273.6 272.1 273 273 274.2 276.2 277.7 279.2 279.9 279.6 277.8 275.5 272.8 269.5 265.1 259.7 252 242.5 234.9 225.9 211.8 201.1 191.3 180.4 172.8 163.5 154.2 145.1 136.6 129.4 123.8 115.4 111.7 109.9 109 107.6 107.2 106.2 105.5 104.7 103.8 103 102.6 102.1 101.5 101.4
220.6 217.5 219.1 215.8 214.4 211.6 208.4 203.7 203.2 203.5 211.3 207.9 211.3 211.3 208.9 205.2 197.2 206.8 217 223.9 229.7 235.5 240.7 245.4 250.8 256.1 261.3 263.9 267.2 269.2 271.6 272.3 270.9 270.2 271.2 271.3 273.3 275.2 277.3 279.2 279.6 279.6 277.9 275.1 272.2 268.9 264 257.5 248.7 239.2 231.9 221.2 209.7 200 189.1 179.1 171.3 163.2 154.4 146.4 137.9 130.5 124.7 117 112.3 109.6 109.8 108.8 108.7 107.6 106.2 105.3 104.6 103.5 103.3 102.7 102.1 101.5
230.9 230.7 229.6 227.4 223.8 222.9 220.8 213.1 206.2 199.9 198.3 196.8 198.9 206.2 205.4 203.3 198.1 209.7 215.6 221.6 227.5 233.9 240.1 245.2 249.5 253.2 256.2 258.1 260.4 262.5 264.1 265.7 265.1 266.1 268.5 270 272.2 274.4 276.2 278.5 279.1 279.1 277.5 274.5 270.9 267.1 261.6 255.2 244.6 235 228.1 217.9 206.3 196.4 185.7 177 169.1 161.1 153.4 146.5 137.8 131.5 125.2 115.7 113.1 114.4 118.8 121.4 119 116.9 116.5 114.3 108.7 107.7 105.3 104.2 103.6 102.7
243.3 241.1 238.6 234.5 231.6 228.9 224.6 219.5 215.1 211.5 205.8 201.6 196.1 195.5 199.1 199.2 195.3 202.8 213.6 220.6 227 234.3 240.3 244.8 248.7 250.8 251.9 252.8 252.9 254.1 256.2 257.9 259.3 261.2 264.3 267.5 270.4 272.7 274.4 276.3 277.5 277.7 276.3 273.7 269.6 265 259.2 252.4 241.7 231.9 223.4 212.7 201 192.9 183.6 174.8 166.9 160.3 153.1 144.1 136.7 130.5 121.7 117.4 125.3 128.5 130.3 129.6 128.5 125.8 125 121.4 120.4 117.3 111.6 108.2 105.8 104.8
243.3 240.9 237.8 234.7 231.8 228.4 225 222 218.9 216.1 212.3 205.9 201.4 195 193.4 193.5 193.6 206.2 213.4 220.3 226.2 233.2 238.8 243 247.2 248.4 249.9 250.1 250.1 250.7 250.5 251.7 254.6 257.2 261.6 265.9 268.8 270.9 272.5 274.2 275.3 275.1 273.6 269.9 267 262.7 257.3 247.8 237.7 228.9 219.7 207.3 196.6 189.1 181 172.1 165.7 157 149.7 142.7 135.7 129.2 117.3 127.2 131.8 135.2 135.2 135.4 134.7 133.2 133.8 134.3 133.2 132.4 131 124 117 110.7
242.7 239.9 236.9 233.7 231 227.2 224 221.4 218.9 216.2 213.6 209.1 206.4 201.8 195.9 191.4 192.2 203.9 208.7 213.8 219.3 226.1 230.4 240.1 245.8 247.7 248.9 249 248.3 248.4 249.5 250.3 252.8 255.2 259.5 263.4 267.3 269 270.7 271.3 271.7 271.8 270 266 263.5 259.3 253.2 242.1 233.9 224.7 213.5 201.4 192.1 185.1 176.6 167.8 160.7 153.8 147 139.6 134.2 122.9 126.3 133 136.8 139.9 141.8 141.1 140.9 144.5 145.9 147.9 150.4 151.6 149.4 145.4 143 134.5
241.4 238.6 235.9 232.5 229.9 226.2 222.6 216.9 213.2 208 204.7 198.9 196.8 196.3 195.6 190.8 190 198 202.2 214.3 223.6 232.5 240.3 242.6 244.5 246.8 247.8 248.1 247.4 248.6 248.8 249.6 251.4 253.7 257.7 261.9 264.4 266.3 267.9 268.4 268.4 267.7 265.6 263.1 259.5 254.6 248.2 238.9 229.8 221.7 209.3 196.1 188.6 180.8 173.1 164.8 158.4 152.4 145.2 136.9 128.1 121.6 135.3 139.6 143.4 145.4 145.9 147 153.5 158.5 162.4 164.3 166.1 167.3 168.1 166.7 165.2 162.2
239.5 237.3 234.7 230.3 226.6 222.8 214.5 208.3 207.8 211.1 211.5 207.4 202.4 197.1 193.3 190.7 188 190 201.3 213.5 223.1 233.1 241 245 246.5 246.2 246.7 247.3 247.4 246.5 248.1 248.9 250.9 254 256.8 259.6 261.4 263.2 264.4 265.2 265.7 264.9 263.7 259.6 254.5 248.3 242 233.6 224.9 215.8 202 192.4 184.1 176.6 169.8 163.2 157.2 151.7 144.5 139.3 132.6 123.4 140.5 145.8 148.6 149.5 149.1 157.4 165 170.2 174.8 177.8 179.8 181.3 180.7 180.5 178.4 175.9
236.8 235.7 229.4 224.5 216.9 213.9 218.5 222.5 222 220 215.1 210.8 206.5 202.3 198.7 194.3 189.8 187.3 189 210.3 220.3 230.9 240.8 246.3 246.7 246.8 247 246.4 246.5 246.6 247.1 248.1 249.5 251.8 254.7 257.4 259.4 260.7 260.8 261.6 262 261 259.1 255.2 249.5 242.1 234.1 225 217.2 206.2 195.1 187.9 180.8 173.5 167.6 163 157.3 148.5 143.8 137.4 129.8 124.1 145.3 149.2 151.1 152.5 157.2 165.8 172.5 178 182.7 187.4 189.5 191.3 192.4 192.2 190.1 188
227.8 226.2 225.2 221.9 226.9 230.2 228 227.1 225 222.2 218.2 213.3 209.5 206.5 201.5 197 192.2 184.8 185.6 202 216.7 227.3 238.9 244.4 246.5 246.4 245.6 245 245.1 245.3 245.8 246.8 247.8 249.8 252.6 255.1 257.3 258 257.9 258.2 258.1 257.4 254.3 250 244.5 236.6 227 218 206.4 197.4 190.9 184.4 177.7 171 166.2 162.2 157.4 150.2 144.2 138.3 127.9 139.3 148.4 151.1 152.3 156.1 161.9 169.8 175.7 181.7 186.7 191.7 194.7 197.4 197.1 196 193.8 194.1
238.6 235.8 234.4 235.2 235.7 235 233.3 230.8 227.8 224.5 220.2 217.1 214.4 211.2 206.1 200.8 194.3 186 183.7 191.7 208.9 221.5 232 240.5 245.5 244.9 244.2 243.8 242.9 243.3 244.1 244.8 245.7 247.9 250.5 253 255.4 257 255.7 254.4 253.6 251.8 249.1 246.1 240.1 230.2 222 211.7 199.7 192.3 186.1 180.7 175 168.8 164.8 160.8 155.3 150 144.6 138.7 127.3 145.7 149.6 151.3 154.4 159.4 164.2 169.8 176.5 182.3 186.9 191.6 195.1 197.5 197.7 197 195.8 193.7
244.4 240.6 241.3 242.5 241.2 240.3 238.5 236.4 233.6 230.5 226.7 223.6 219.4 214.4 207.8 201.6 195.2 189.4 182.7 184.9 201.9 214.7 225.1 233.6 241.5 243.6 243.4 242.9 242.5 241.8 240.2 242.6 244.7 247.1 249.4 251.6 253.1 254.2 254 251.7 249.5 246.9 244.8 241.9 236.1 229.6 220.3 210.6 198.6 188.6 181.9 177.1 171.7 167.1 163 159.1 154.4 148.9 144.1 138.9 126.1 135.6 149.3 150.5 155 160 164.2 168.1 174.8 181 185.8 189.5 193.4 195.9 196.5 197.1 196 192.6
249.4 247.8 249.2 249 248.4 245.8 244.1 242.1 239.3 236.3 233 228.3 223 216.2 208.7 201.3 194.8 189.9 184 181.9 192.2 207.2 216.8 225.4 233.3 238.3 240.5 241 241.1 239.4 236.7 240.3 242.7 244.7 247.9 250.5 251.3 252.6 250.4 248.2 245.3 242.3 240.3 238 233.7 228.6 220.2 210.1 199.9 188.2 179.8 173.9 169.1 165.7 161.3 157.4 152.7 148.4 143.7 138.1 134.3 145.6 142.8 148.9 153.9 160.1 162.7 166.3 172.1 178.4 186.4 190.4 193.6 194.6 195.3 196.2 195.1 192.4
254.4 255.5 256.3 254.9 252.8 250.1 248.7 246.8 243.8 240.7 237.1 232.8 225.2 217.2 209.5 201.8 194.9 189.7 187.4 181.7 180 201.5 208.8 216.4 224 230.2 232.5 234.1 236.6 234.4 233.2 236.9 239.1 241.2 244.7 248.2 250.5 250.6 247.8 244.8 240.7 237.2 235.4 232.9 229.7 226.7 219.4 208.9 197.9 187.2 179 172.1 166.6 163.1 161.1 156.2 151.7 147.9 145.1 140.6 138.7 148.1 148.7 145.5 151.6 155.1 160.8 163.8 172.6 178.5 186.3 190.3 192.7 193.4 194 194.5 194.5 192.9
260 260.3 259.1 256.7 255.5 251.9 250.2 248.8 246.3 243.9 240.4 235.6 229.2 222.7 214 204.9 197 190.3 188.6 184.3 179 182.6 201.9 209.3 215.8 222.4 224.9 227.6 229.6 228.5 230.6 232.3 234.9 238 241.5 244.7 246.6 246.1 242.9 239.7 235.8 231.6 229.3 227.3 224.5 221.9 217 207.6 196.3 184.5 177.2 170.5 164.1 160.4 158.8 153.8 149.1 146.3 144.2 132.5 145.3 148.9 149.8 151 153.8 157.9 163.6 168.4 174.9 181.4 187.7 190.3 193 194.5 195.6 197 197.5 198.6
263.9 261.8 259.2 256.1 252.9 250.9 249 248.3 247 244.8 241.7 238.2 231.9 224.5 214.7 205.1 198.8 192.4 189.6 186.8 182.9 177.3 190.9 199.6 207.8 214.4 215.7 220.6 223.8 222.7 225.3 228 231.3 234.7 238.2 242 243.6 239.9 237.3 233.7 230.1 227.3 224.3 221.6 218.4 214.2 209.8 202.8 190.5 180.6 173.6 166.9 161.8 159.7 157 152.1 148.6 145.6 136 140.1 148.5 149.9 150.8 152.1 155.2 160.7 166.4 172.7 177.3 183.5 189 191.8 194.3 197.3 199.6 202.3 203.6 203.9
266.9 263.6 260.2 257.6 254.1 251.1 246.6 242.7 242.5 240.9 239.1 235.2 229.9 222.6 214.7 205.1 197.6 194.8 192 186.9 183.9 178.6 177.2 193.4 200 205.6 210.4 214 217.1 217.2 221.9 224.3 227.5 231.7 237.3 239.8 239.2 235.1 232 229 225.6 222.2 218 215 211.2 207.5 201.9 190.9 182.1 174.6 168.7 163.6 159.3 157.8 155.6 151.8 148.5 145.5 136.3 146.6 149.3 151 152.3 153.1 156 162.3 169.5 176.3 180.5 186.1 191.2 195.2 197.9 202.7 206.1 207.5 207.6 206.5
271.9 266.4 263.6 259.7 255 251.3 245.7 241.1 238.2 233.6 232.4 229.6 224.5 217.3 210.1 202.6 196 192.6 190.5 186.6 183.2 179.7 176.6 187.3 194.8 200.2 205.3 207.7 209.1 215.4 218.5 220.7 223.9 228.7 232.9 234.9 234.4 230.5 227 223.1 219.7 216.2 212.8 208.9 204.3 199.8 192.6 183.6 176.9 169.3 163.8 159.6 157.8 155.4 153.8 151.5 148 142.6 142.7 147.7 149.9 151.3 152.3 154.4 158 164.5 172.8 179.8 185.4 191 195 198.6 203.1 206.6 209.3 210.3 209.1 207.8
276.6 269.9 265.9 262.4 256.9 251.6 246.4 242.6 236.4 228.5 223.9 221.3 217.1 210.2 204.3 199.5 194.4 191.6 189.5 187.3 184.2 180.2 175.6 181.1 190.4 195.7 195.4 203.5 208.9 212.2 215.1 217.4 220.7 225.2 228.3 229.8 228.2 226.1 222.3 218.1 214.2 211.2 206.6 204.1 199 193.5 187.6 178.1 170.6 164.7 160.2 157.1 155.1 152.8 151.5 147.5 144.9 137.6 145.5 147.8 149.3 150.9 152.8 155.8 160.4 167.4 175.7 182.9 188.9 194 198.3 202.1 205.8 208.4 210.8 211.2 210 207.9
279.6 272.8 268.1 264.7 259.6 253.3 247.3 240 232.6 228.3 220.9 216.5 210.1 204.7 200.8 197.1 194.1 191.5 188.9 187.4 186.3 181.7 175.3 175.6 182.3 187.2 198.3 204.1 205.4 209.3 211.5 213.9 217.4 220.9 223.5 224.9 222.8 219.3 215.7 211.8 208.6 205.6 201.3 198.1 194.6 189 183.3 175.2 167.9 161.5 157.9 153.7 151.8 149.9 143.1 138.6 139.1 144.8 147.8 150.9 151.9 152 153.6 157.7 163.6 172 179.5 186.4 191.4 197.2 200.4 203.4 208 210.4 212.2 211.9 209.8 207.5
