data/SO18.asc
ncols 200
nrows 200
xllcorner 310000
yllcorner 280000
cellsize 50
[rows 0 to 34 of 200, columns 78 to 155 of 200]
198.4 197.8 197.2 197.2 197.6 197.4 196.8 196.4 196.1 195.9 196.7 196.9 195 195 196.7 196.8 199.4 198.5 197.8 196.3 198.7 202.7 205 199 190.4 187.1 189.5 189.8 184.7 183.5 183.5 183.9 184.1 185.3 186.1 185.9 185.8 185.5 185.1 184.7 184.3 183.2 181 182.3 182 181.8 182.6 182.1 181.5 185.3 188.3 189.7 189.6 188.9 190.7 194.4 197.5 202.6 204.7 199.5 194.3 193.4 193.4 194 194.6 193.3 193.5 193.1 191.8 191.8 192.9 194.7 196.4 196.5 190.9 185.7 172.8 183.2
198.7 198 197.4 197.4 197.3 196.5 196.2 196 196.4 197 198.4 197.9 197 198.9 199.2 199.4 199.7 199.1 198.5 198.4 202.2 209.6 211 203.4 194.9 191.4 188.6 187.3 186.2 184.9 185.3 185.9 185.9 185.9 187 186.8 186.5 186.1 185.6 185.2 184.8 183 182.3 183 183.5 184.8 182.9 182.4 186 189.8 193.7 196.5 196.1 194.7 194.7 198 201.2 206.8 206.8 198.5 195.4 194.1 194.1 196 197.6 196.7 198 195.8 193.1 192.9 193.4 194.9 196.8 192.8 188.4 185.7 174.7 183.3
199 198.5 197.7 198.1 197.8 197.7 197 197.3 198.4 199.9 202 200.7 199.6 201 201.5 200.5 199.7 199.6 198.9 199.8 206.3 212.9 210.7 203.7 194.9 190.9 187.9 187.1 186.4 186.6 187.1 187.7 187 187.3 187.8 187.5 187.1 186.6 186.2 185.7 185.1 184.3 184.2 184.2 184.3 185.3 183.5 186.5 189.1 192.6 196.2 197 198.1 197.6 196.6 201.1 205.2 211.5 211.2 203.9 197.5 196.2 196.8 198.3 200.3 200.3 199.7 197.2 194.5 194.9 196.3 194.8 193.6 190.6 187.7 176.9 179.2 183
199.7 199 198.9 200 199.9 200.8 202.7 205.7 207 208.1 205.3 204 202 202.6 203.3 205.9 203.3 199.6 199.7 200.5 204.8 208.7 210.4 203.6 194.8 191.4 188.7 188.2 188.4 188.6 189 189.3 188.4 188.1 189 188.2 187.6 187.1 186.7 186.3 185.7 185.4 185.3 185.2 185.2 184 185.4 188.4 191.4 194.2 193.6 193.6 194.2 195.6 197 202.3 209.5 216.9 212.4 203.7 198.5 199.6 201.3 202.1 202.9 202.6 201.1 197.9 195 197.6 198.6 199.2 197.3 192.7 188.7 177 183.5 186.6
199.1 199.9 202 205.8 210 214.6 218.1 221 220.4 218.5 209.3 205.2 204.7 210.8 216 215.3 210.6 203.9 200.4 199.4 200.9 204.3 208.2 202.2 195.1 193.4 191.3 191 190.3 190.6 190.9 190.8 189.8 191 190.7 189.5 188.9 188.3 187.7 186.9 186.9 186.6 186.4 186.5 186.3 185.7 187.6 190.1 193.8 194.5 192.7 192.2 192.2 193.5 197.1 203.6 211 216.2 209.8 202.9 201.3 203.1 205.2 205.6 204.9 201.6 198.2 194.9 195.1 197.9 202 203.9 202.4 196.2 185.6 178.1 187.3 188.9
208.4 214.9 222 226.3 231.6 233.9 236.6 238.2 231.1 218.2 212.9 210.2 211.9 216.2 221.2 221.6 217.8 212 205.5 200.9 199.8 202.1 207 198.9 195.9 195.1 193.9 193 193.8 196.6 196.9 197.2 197.8 195.3 192.8 191 190.1 189.1 187.9 187.7 187.5 187.6 187.8 187.9 186.3 187.4 188.5 191.8 193.6 193 191.9 192.1 192.7 192.8 196.8 202.3 208.4 208.7 205.7 203.3 205.3 207.8 207.9 206.3 204.4 197.9 194.9 193.4 195.3 197.7 199.6 199.3 197.4 190.8 181.4 183 187 191.6
232.7 241.9 249.4 253.3 255.8 256.7 250.1 240.5 237.6 226.8 219 213.6 217.3 221.1 224.7 226.2 224.4 218.4 211.5 204.5 201.4 202.4 205 199 196.6 195.9 195.1 194.8 203 204.4 204.1 204.1 204.4 203.3 198 191.5 191.1 189.7 188.8 188.5 188.5 189.2 191.2 189.2 188 189.1 190.2 190.6 191.6 191.7 192.4 193 193.4 195.1 196.1 200.2 202.8 204.1 202.3 203.2 208.1 208.6 207.6 204 199.8 196.1 194.3 193.7 192.6 193 192.8 192.3 190.6 184.2 185.7 189.9 192.8 193
257.3 269.5 275.3 280.4 283.4 284.5 279.8 268.8 257.7 248.2 233.2 220.1 223 226.4 232.1 233.5 231.1 226.1 218.2 212.7 209.1 208.2 206.3 200.4 197.5 196.8 196.3 203.3 209.9 211 210.5 211.5 212.8 211 202.1 190.7 191.5 191.1 190.3 189.8 190.1 192 196 195 191.8 189.9 189.4 190.1 191.6 192.5 193.2 194.3 196.5 198.5 199.4 200.3 201.5 201.8 201.9 203.4 206.2 207 204.5 200.8 198.6 195.8 194.9 194 193 192.2 191.6 188.7 186.5 190.3 195.3 199.3 203.3 201.5
287.4 301.4 306 313 313.8 308.2 298.1 283.5 273 259.2 243.2 225.4 225.1 231.5 236.9 242.4 238 231.7 222 217.5 214.8 212.9 211.2 206.1 199.9 198.9 200.6 210.3 213.9 214.8 215.4 217.5 214.1 206.8 193.5 191.3 192.5 191.2 191.8 191.1 191.6 193.9 202.3 202.4 197.6 192.6 190.6 191.2 192.3 193.3 195.3 197.4 199.6 201.6 202.5 203.5 202.5 202 202.6 203.6 205.3 203.7 201.3 199 198.3 196.4 194.6 193.5 192.9 192.7 193.1 188.3 195.5 199.9 203.8 207.9 211.6 212.4
318.3 331.9 338.7 340.8 334.7 322.8 311.7 297.5 279.7 267.2 251 235.8 232.9 235 242.1 250.1 244.9 238.8 231.5 225.7 219.2 216 215.3 212.2 204.6 201.4 205.8 217.3 217.1 217.2 218.1 216.4 210.3 198.4 191.2 192.8 193.6 193.1 192.4 191.9 192.5 195.4 203.1 206 198.8 194.6 191.3 192.4 193.4 196.3 198.4 200.5 202.6 204.6 205.6 205.9 204.4 204.3 205.3 205.5 205 202.7 200.6 199.1 197.9 195.8 194.1 193.1 191.9 190.1 191 194.8 202.1 204.6 209.6 215.5 218.4 219.9
334.7 345.6 352.9 349.8 343.3 332.4 320.9 305.3 287.5 274.3 262.7 245.3 234.4 237.2 243.3 251 247.6 241.6 238 233.8 227.1 218.3 214.8 213.6 205.6 204.4 219.5 221.8 220.8 219.5 216.9 212.5 206.7 197.6 193.6 195.2 197.5 198.2 196.8 195.7 194.4 196.4 201.7 200.6 195.5 192.5 192.9 194.7 197.5 200 201.8 203.9 206 208.3 209.2 208.1 206.6 208.3 209.3 209.1 206.7 203.9 201.3 197.4 194 194.3 193.5 191.6 191.2 196.4 200.1 201.6 207.6 210.7 215.9 220.7 223.4 225.4
342.5 351.7 358.2 357 349.6 337.8 321.3 307.5 292 278.3 266.9 255.2 239 239.2 239.7 243.2 239.5 234 230.9 231.1 223.4 215 211.2 206.9 209.8 218.7 224.6 224.5 222.5 220.1 214.7 209.1 203.9 194.8 197.9 201.3 202.8 201.8 198.7 196.7 195.3 196.8 199.3 196.9 193.8 195.3 197.7 199.8 201.9 203.8 205.3 207.8 210.3 212.4 213.8 212.6 210.2 212.6 213.3 212.1 208.7 205.3 199.3 197 196.9 195.9 194.9 195.4 201.3 206 209.3 211 209.4 216.1 221.5 224.4 228.1 230.8
343 355.9 360 354.8 344.8 334.1 323.4 310.9 292.8 278.5 271.2 260.4 248.7 243.7 237.9 235.4 233.8 227.5 222.6 221.7 215.9 214.6 217.7 226.4 225.2 227 227.1 225.3 221.7 218.8 213.1 205.6 197.4 196.3 202.8 205.5 206.7 203.4 200.3 198.1 196.6 196.4 197 197.4 198.6 199.8 203 204.7 206.2 207.9 209.9 212 213.9 215.6 215.6 214.5 213.8 215.7 216.5 213 207.5 199.2 199.8 199.9 200 199.4 199.4 203.2 210.6 213.8 215.8 216.2 209.3 213.2 217.9 223 228.3 234.2
341.9 352.4 354.2 352.1 346 336.6 324.3 311.3 291.8 279.3 272.9 267.2 257.4 252.6 245.6 235.8 230 226.5 223.2 220 220.2 228.1 229.3 230 230.2 228.7 226.7 222.9 218.2 214.3 210.3 202.5 198.4 199.9 204.1 207.1 206.8 203.8 200.5 198.8 197.8 197.7 200.2 202 203.2 204.5 206.9 208.7 210 211.3 213.3 213.1 212.6 213.1 213 216.2 218.6 219.7 218.2 213.7 205 201.6 202.8 202.9 202.2 202.3 204 211.9 216.5 220.6 221.6 216.4 216.3 218.2 220 225.8 230.2 237
354.7 358.7 354.1 351.7 346.4 336.3 324.7 312.5 293.4 281 275 270 266.4 256.8 249.3 241 241.5 241.1 239.5 237.3 235.2 235.3 232.8 232.8 230 226.9 222.6 218.4 212 208.2 204.8 199.4 199.8 200.4 202.9 205.7 204.3 203.2 200.9 199.3 199.6 201.9 204.1 206.6 208.6 210.1 211.3 212.5 213.8 215.1 216.8 215.2 212.3 210.6 211.1 215 221.3 222.9 218.4 210.5 202.1 205.7 205.7 205 204.4 205.8 213 218.8 223.5 228.7 228.1 222.4 229.7 233.3 234.3 245.7 242.2 246.9
360.8 359.2 355.3 350.2 342.7 332 321.7 309.8 293.7 281.9 275.9 271.5 267.7 259.2 253.8 251 252.2 254.1 253.9 246.8 243.9 238.4 233.6 230.4 226.6 223.3 218.8 211.8 208.2 205.6 201.9 200 200.5 200.6 201.4 203.5 202.1 201.4 200.7 201.3 202.4 203.6 206 209.5 212.2 213.6 214.3 215.3 216.8 218.4 218.6 215.5 211.7 210.9 211 211.8 217.8 219.6 211.2 204.4 206.2 208.8 208.3 209.8 212.6 211.9 219.6 226.1 234.3 234.2 229.4 240.6 250.8 253 251.3 255.5 258.2 259.1
362.2 358.5 354.5 349 341 328.4 315.4 301.7 289.2 279.3 273.8 270.8 268.7 263.5 260.4 260.5 259.2 257.4 254.7 249.4 244.2 241.8 235.4 230.3 223.1 219.2 215.2 216.4 211.9 206.7 204.6 201.3 201.2 201.3 201.7 202.8 202.2 202.9 204.4 205.6 206 206.5 208.9 211.7 214 215.9 217.2 218.3 218.6 218.5 217.6 213.9 211.8 211.9 211.6 210.9 213.8 208.4 207.5 207 209.5 212 212 216.4 220.4 217.7 221.7 227.8 231.9 230 246.6 258.3 264.9 267.2 267.8 265.9 267.5 269.5
363.2 357.8 352.5 344.4 333.7 317.8 303.3 292.9 285.1 277.8 272.2 269 267.7 268.6 265.8 263.5 259.6 256.3 252.8 252.3 250.3 246.2 239.3 228.9 220.8 217.8 220.3 222.8 219.7 212.4 208.9 202.7 201.9 202.5 203.1 203.7 206 207.2 208.4 209.5 210 210.3 212.4 214.2 215.2 218 219 220.4 220.1 216.8 213.7 214.5 216.3 217.6 218.4 214.2 213.2 209.9 211 210.4 209.8 212.9 217.8 222.3 223.5 223.9 223.1 227.2 236.6 249.2 262.1 272.7 278.1 281.4 282.9 280.2 278.6 279.4
360 353.9 346.2 333.8 320.7 308.8 300.3 290.9 283.3 276 271 267.2 267.4 269.9 269.7 265.2 261.7 258.3 256.8 257.3 252.7 245.6 237.1 228.1 222.2 221.8 223.2 225.1 220.1 213.6 208.8 204.7 203.2 202.7 203.7 206.4 209.2 210.7 211.9 212.7 212.6 212.9 215.2 217.2 216.3 216.8 217.9 218.5 219.2 218.8 220 222 227.1 235.8 233.4 226.7 217.1 212.5 213.7 213 211.5 212.8 220.5 224.9 227 229.5 231.1 240.4 254.1 266 276.7 289.1 294.4 297.3 294.6 290.5 289.4 289.7
354.9 345.6 336.7 325.8 314.7 304.1 296.3 289.2 281.8 276.1 271.5 267.5 265.1 267.3 267.2 264.2 262.8 261.8 261.4 256.9 248.9 242.5 234.2 227.4 224.1 222.5 222.2 221.8 216.5 211.3 207.6 205.6 204.6 203.6 204.7 209.1 213.3 213.6 213.7 213.7 214.2 215.8 218.4 220.4 221.8 223.4 224.3 224.9 224 227.3 233.8 238.9 244 244 233.7 227.5 218.5 215.3 217.6 219 214.8 213.4 222.8 227.4 233.2 238.5 246.8 258.7 270 281 291.7 301.3 306.9 306.2 303.6 301.4 298.7 299
346.5 337 328.4 320.3 310.3 300.9 292.8 287.2 281.5 276.9 271.6 267.6 264.5 262.4 262 262.2 264.3 266.3 261.9 253.7 245.4 239 232.3 227.6 225.7 223.2 220.4 217.2 213.4 210.1 208.2 206.8 205.7 204.1 204.9 209.4 213.2 213.7 214 215.4 217.5 221 226.2 229.2 229 232.7 236 239.9 242.7 246.2 249.7 252.9 248.7 239.8 229.5 222.8 217.4 219.8 222.9 223.4 222.1 216.7 224.8 232.9 240.6 251.9 262.8 273 284.1 296.8 306.8 314.5 318.8 318.6 317 313.3 309.1 306.7
343.8 335.3 325.4 316.6 305.3 300.9 298.4 291.4 284.8 278.3 272.7 267.8 264.5 261.2 260.1 260.8 261.7 261.8 257.6 249.5 243.6 236.9 231.6 227.9 225.1 221.4 218.5 215.2 213 211 209.9 207.9 206.8 205.2 209.2 211.9 212.5 212.3 215.1 217.4 224.1 232.6 240.4 246.6 236.7 245.4 252.7 249.3 244.3 241.1 243.6 241 232.6 228.2 226.8 223.6 218.4 224.1 226 226 225.3 218.9 228.8 237.6 247.7 262.9 278.5 284.2 293.9 306.1 316.5 324 331.3 330.2 325.7 320.7 316.1 313.2
344.4 337.8 330.6 324.4 318.1 311.9 304.4 295.4 286.7 279.6 274 268.4 264.2 261.7 261.9 262 258.4 253.9 250.7 242.8 240.6 235.4 234.6 232.8 229.6 224.6 219.1 217 215.1 213.8 212.3 207.8 207.5 207.1 214.3 215.3 216.5 215.9 216.1 221.2 233.1 245.5 254.8 259.7 245.7 246.7 245.8 246.2 244.7 242.1 239.2 239.8 236.5 233.3 230.6 227.5 219.6 227.7 229.7 230.2 228.7 227.2 228 240.2 250.4 266.9 285.9 294.1 303.5 313.8 322.6 330.9 338.2 336.2 331.8 327.3 326 327.7
348.1 343.3 339 332.9 324.3 314.4 303.4 295.5 287.4 280.8 275.3 270.1 265.5 263 263.4 264.1 261.6 254.5 251.5 247.8 243 239.3 237.4 235.1 231.5 228.8 224.1 221.1 220.7 220.1 215.5 207.5 209.2 213.2 218.5 219.7 219.9 219.8 220.9 225.2 240.2 253.4 247.9 248.6 248.8 257.9 264.9 267.5 265.5 259.7 252.5 247.5 241.4 237.8 232.1 223.3 229.7 232.5 234.4 235 232.5 230.2 229.2 235.9 248 265.8 284.5 296 309.2 320.4 328.7 336.2 341.5 341 338.8 336.3 336.8 339.4
350.3 347.3 343.9 336.7 323.9 310.9 301.2 292.7 284.1 279.1 275.3 273.3 267.9 265.6 267 266.4 262.3 257 252.5 250.3 245.9 241.2 237.9 234.5 232.3 231.6 230.4 226.8 224.9 217.8 208.9 209.1 211.9 213.5 219.3 222.7 222.7 223.5 224.7 229 247.6 249.4 249.2 261.6 277.1 285.9 291.8 298.9 290.7 276.1 259.7 249 244.5 235.7 230.3 233.8 238.1 241.2 241.5 242.1 238.4 239.3 240.1 232.7 234.1 257.5 272.4 286.1 299.4 314.1 328.4 336.7 343.7 343 341.9 342.3 346.6 350
353.1 348.8 343.6 331.1 318.1 303.4 292.6 284.7 281.1 275.2 272.2 271.6 269.4 269.9 270.4 268.7 263.5 258.7 254.6 250.9 247 242.3 236.5 234 232.8 230.8 227 223.8 215 210.2 211.1 211.4 217.2 222.2 223 222.3 224.2 224.7 226.2 231.8 241.7 248.7 253.6 277.2 301.4 305.7 307.2 304.4 292.9 274.5 259.2 248.7 240.5 235.3 237.9 243.9 251.6 253.4 251.2 249.7 250.6 251.3 250.8 238.9 233.3 235 255.4 270.2 283.4 296.3 311.2 323.6 332.5 340.9 344.7 349.7 353.7 358.1
347.7 342.9 337.1 319.7 303.8 292.4 283.1 273.8 267.2 266.9 267.6 266.5 263.2 269.3 270.9 270.2 265.8 260.7 256.8 253.9 250 243.2 236.2 233.3 228.9 222.4 214.8 213.2 213.3 214.6 212.7 217.3 226.8 235.7 234.9 230 226.5 231.2 232.6 234.7 245.4 251.8 263.8 291.7 309.3 316 311 301.9 288.9 271.4 258.8 251.2 241.3 241 247.6 253.6 258.5 260.6 259.1 260.4 261.6 259.3 250 237.6 246 243.7 237.7 246.4 263.8 277.8 291.9 307 318.1 331.6 347.8 352.9 356.1 363.4
340 334.7 322.4 302.4 290.3 281.6 270.7 260.3 255.1 252.5 251.3 250.5 250.6 254.5 261.1 263 264.1 261.4 260.3 257.7 253.4 245.4 237.3 229.7 222.2 216.9 216.6 217.6 218.4 215.8 218.1 229.5 243.2 244.1 242.7 238.4 232 233 239.9 240.4 247.8 254.9 276.9 299.9 315.6 316.4 309 298.3 283.4 270 260.2 249.8 239.8 250.8 257 262.3 266 266.8 267.2 269.1 265.8 254.8 245.1 250.5 257.1 255.4 253.1 248.2 240.7 254 271.4 282.3 298.5 321 337.5 346.2 356.3 368.1
332 322.9 301.9 286.6 279.1 270 257.8 250.1 246.9 245 242.4 240.6 242.2 244.8 247.6 250 253.1 255.6 257.5 257.9 253.4 246.4 237.3 223.8 219.1 223 226 224.9 218.3 218.5 234.4 247.5 251 251.3 248.3 244.7 238.9 234.6 245.6 246 249.4 260 287.7 305 318.5 315.6 307.9 297.6 284.6 271.6 258.8 242.4 253.8 260 265.2 270.9 272.6 272.9 274 267.9 257.9 252.3 261.1 264.4 268.2 265.9 266 264.6 257 249.5 248.5 264.1 277.7 304.8 321.8 337 355.8 366.7
319.2 298.5 282 273.8 265.8 254.8 247.7 244 241.7 241 242.2 241.3 237 237.7 238.5 238.9 239.7 237.5 241.3 240.7 239.6 234.7 227.1 220 226.1 235.3 240.8 227.3 220 236.8 251 259.4 262.7 262.3 259.8 254.7 246.9 243.4 241.2 248.4 252.7 267.2 292.8 310.1 318.4 316.4 307.2 295.9 284.3 270.2 252.7 252.1 261.1 267.6 274 277.4 277.9 277.8 273.7 262.6 256.7 266.6 269.3 280.6 286.3 282.5 278.4 276.9 270.2 264.8 259.2 251.5 262.9 286 305.5 323 341.1 356.4
299.1 280.2 269.3 261.8 253.9 247.4 244.6 245.7 245.9 247.3 247.4 245.6 241.2 236.5 232.5 230.8 228.1 226.5 226.6 224.3 222.6 222.6 222.5 229.8 236.9 244.3 238.6 225.8 234.8 254.6 271.3 280.6 283.9 279.8 276.5 266.1 256.7 251.9 242.6 253.3 258.4 272.7 294.9 308.8 314.4 312.1 304.4 292.4 279.4 270 251.2 257.9 268.4 279 284.7 284.8 282.7 279 272.8 260.9 270 271.9 282.3 294 297.6 295.7 293 289.1 285.3 279.3 273.4 269.8 263.6 265.4 286.1 309 326.5 342.6
281.7 268.7 260.6 253.5 247.1 246.6 248.9 249.3 249.7 249.5 248.2 244.9 240.9 235.8 230.9 230.1 233.7 231.6 229.4 228.9 228.2 233 241.6 243.9 246.7 246.6 239.1 223.7 248.1 271.2 290.2 295.1 292 289.3 282 272.4 264.5 260 244.7 260.8 265.4 276.3 293.9 306.5 308.8 306.2 300.2 288.7 278.3 266.8 251.5 261.5 279.6 288.3 290.5 289.1 283.3 278.7 272.3 266.8 276.6 285.6 297.2 304.1 306.8 306.6 304.4 302.2 298.4 295 289.4 282.6 275.6 266.9 265.9 286.3 309.7 325.9
268.6 260.6 253.9 247.7 247.1 250.3 253.5 251.1 248.3 243.2 238.6 236.9 234.7 232.9 235.4 238.5 239.7 239.1 237.1 239.6 248.5 256.7 260.3 260.8 253.9 247.5 235.1 231.3 253.7 278.3 290.6 293.6 294.7 292.7 284.4 277.6 271.9 266.9 251 262.6 272.8 278.2 292 303.9 306.2 302.2 295.2 287.2 279 268.4 252.8 268.9 286.4 292.5 293.6 291.9 285.5 280.3 273.4 270.2 286.6 299.3 310.4 315.6 317.6 318.3 317.6 316.1 313 307 301.5 295.9 289.1 278.9 266.6 265.7 285.4 305.5
258.2 251.8 248.9 247.5 250 253.5 254.4 248 242.8 238.2 241.6 242 239.1 240.2 242.6 245.2 245.8 247.6 253.1 263.1 274.4 277.9 272.4 268.8 261.9 245.9 230.6 233.7 257.1 273.7 285.2 291.5 297.9 294.2 290.2 285.8 280.2 273.8 261.2 263.7 276.5 279.4 291.9 302 303.8 299.5 292.3 285.8 279.1 263.9 254.5 274.2 290.1 294.7 296.2 295.2 289.7 284 276.7 277.5 297.2 311.2 320.7 326.1 329.1 330.9 330.4 329.1 326.9 323.3 315.4 308.9 301 291.6 278.2 266.5 267.8 283
254.9 250.9 249.5 251.5 254.9 255.9 249.6 242.1 242.8 249.3 249.5 249 248.8 248.7 250.5 252.7 256 264.3 275.4 287.6 294.1 278.9 273.5 266.2 257.6 242.3 232.7 244.8 249.6 269 281.1 293.9 300.3 300.5 297.3 293.5 288.7 280.8 269.8 262.8 278.6 281.5 292.8 301.2 301.7 295.8 280.6 274.6 268 264.5 257.4 281 293.4 299.8 301.7 299.1 293.8 288.6 281.3 283.7 302.2 319.4 330.1 336.8 341.7 343.5 342.5 340.7 337.5 333.8 327 318.8 310.5 302.8 289.3 279.9 267.8 268.8
