data/SO28.asc
ncols 200
nrows 200
xllcorner 320000
yllcorner 280000
cellsize 50
[rows 35 to 69 of 200, columns 78 to 155 of 200]
412.9 407 400.1 392 367.7 371.8 367.5 364.4 351.6 341 338 356.6 373.5 388.6 400.9 404.4 405.8 406.3 406.5 405.8 405.1 404.8 403.9 402.9 403.1 404.1 405.9 408.3 411.8 414.7 417.3 418.9 418.4 416.3 414.1 411.4 408.2 405.3 402.6 399 396.8 397.9 399.8 402.1 404.5 405.1 405.3 406.1 406.6 406.3 405.2 403 400.8 397.8 392.6 386.8 375.4 367.9 363 353 346.2 335.2 330.4 329.7 332.1 335.9 336.2 328.2 314.4 294.4 290.6 302.4 321.3 330.2 334 336.6 336.8 332.3
410.9 405 399.2 393.7 385.6 364.7 352 348.8 343.1 339.8 353.5 373.4 390.9 403.2 408.3 411.1 412.1 412.1 410.9 410.6 409.9 409.5 407.9 407.3 407.4 408.3 410.1 412.3 415.5 418.1 420.7 423.6 422.8 420 416.3 413.3 410.1 406.9 404.8 402.6 401.7 403.9 405.8 408.1 409.9 410.7 411.4 411.4 410.9 409.9 407.7 405.5 403.4 400.2 395.1 390 383.6 374.3 366.4 355.7 347 336.7 327.3 313.4 315.4 319.7 321.6 313.9 302.3 287.2 293.1 306.3 322.2 328.8 333.4 337 334.9 327.9
408.7 403.6 397.7 392.5 385.7 370.5 350.2 345.8 340.7 351.4 371.5 388.1 404.7 411.5 415.7 417.4 417.8 416.6 415.3 415 414.7 413.6 411.9 411.9 412.3 412.4 414.5 416.6 418.6 420.8 422.2 424 422.7 419.9 417.7 415 412 408.8 406.6 404.5 405.4 408.1 409.9 412.7 414.9 415.7 415.8 415 414.3 412.8 410.1 407.9 405.8 403.2 398.6 393.9 388.2 381.7 375.9 370.1 362.8 354.4 344.8 328.6 307.6 302.6 303.8 300 290.3 283.5 293.1 307.7 320.7 329.9 336.1 338.7 331.6 323.6
406.2 401.9 396.3 390.1 371.2 354.4 345.3 343 350.2 370.1 387.9 402.9 413.5 418.9 421.4 422.4 421.8 421 419.8 419.4 418.7 417.4 416 416.1 415.3 415.1 417.5 416.3 416.8 416.7 418.1 419.7 420.3 419.5 416.9 414.3 411.1 407.5 405.2 405 408 410.1 412 415.2 415.8 417.2 418.2 418.7 417.5 414.7 412.1 410.1 408.2 405.1 400.3 395.6 390.1 385.1 379.4 373.1 365.4 356.6 348 336.5 322.9 302.8 291.4 288 281.1 281.4 287 303.2 317.3 329.2 337.7 333.7 325.2 317.7
403.7 399.3 393.2 384.9 358.7 347.7 344.7 346.3 363.8 383.8 402.6 414.3 420.5 424 426 426.9 425.7 424.5 424.2 423.2 420.3 418.5 415.3 414 414 412.1 414.9 412.5 411.4 411 411.9 412.7 412.9 412.2 411.2 409.6 407.3 404.3 400.8 401.8 404.8 407.4 409.5 414 416.7 418.3 419.3 419.2 417.9 415.2 413.3 411.3 408.4 404.3 399.9 395.5 390.7 386.4 379.6 372.4 364.7 356.7 347.9 339.1 329.8 316 297.6 287.7 279.2 277 279.8 291.9 309.2 325.2 328.2 322.1 317.9 311.2
400.6 395.8 389.3 372.3 352.3 346.5 348 358 371.5 393.7 413.1 420.8 425.1 428.7 430.2 429.3 428.4 427.4 425.9 423.2 419.3 416 412.5 409.8 409.8 405.6 408.7 405.9 403 400.7 401.5 402.4 403.1 402.7 401.1 399.7 397.6 396.2 394 395.4 399.2 402.2 406 410.9 416.1 418.4 418.6 418.8 416.2 412.5 410.2 408 405.7 403.1 398.8 394.1 388.6 382.7 377.1 370.8 362.4 353.2 344.6 336.7 329.1 320.2 310.7 296.9 281.9 275 275.1 278.5 299.6 315.8 316.2 312.1 308 303.4
398.5 392.4 382.8 364.6 348.9 348.8 356.8 379.9 395.5 397.6 417.4 425.8 430 431.5 430.7 429.3 426.5 424.2 422.4 418.7 414.7 411 408.6 406.2 403.9 395.6 394.4 395.4 389.6 387 387.8 388.2 388.6 388.3 387.5 386.4 385.9 385.9 383.2 385.5 391.3 395.1 401.1 406.3 413.6 414.7 415.6 414.9 412.8 409.1 406.2 404.1 401.3 398.3 394.1 388.7 383.6 378.7 372.1 365.6 358.3 349.4 341.2 333.4 326.2 319.1 311.9 305.6 297.1 279.4 271.3 272.9 286.2 303.5 305.5 302.1 297.9 290.2
397.7 392.7 384.5 359.2 349.9 355.4 376.1 395.7 410.4 414.5 421.1 429.2 431.5 430.8 429.2 426.8 422.9 419.7 416.8 412.5 409.2 403.6 401.2 397.7 394.7 387.5 375.3 385.4 379.4 377.6 374.8 372.1 372.8 371.7 370.4 369.7 369 369.5 368.5 372.1 379.3 387.6 394 401.2 407.8 409.6 410 410.5 408.7 405.3 401.7 398.5 395.6 392.1 387.4 383 376.5 370.2 364.5 357.9 350.7 342.4 335.9 327.9 320.9 314.1 309.3 304.6 298.2 286.1 270.3 268.5 275 293.6 295.1 291.1 284.1 273.4
396.2 390.7 374.1 353.7 354.8 372.6 396.5 414.4 419.6 422 426.6 431.1 431.8 429.9 427.8 424.3 419.3 414.5 408.2 402.1 397.9 393.5 390.4 386.4 382.4 379.2 368.2 369.6 371.1 366.4 360.2 350.4 353.6 352.3 350.8 348.5 346.1 346.5 347 355.2 362.2 370.3 385 393.3 401.3 403.6 404 404.9 403.1 399 395.1 391.7 388.8 383.8 379.3 373.2 366.6 358.9 352.9 346.5 340.1 333 326.9 321.1 314.7 307.9 303.3 298.9 294.3 288.3 272.4 265.5 266.5 281.3 280.3 276.3 267.6 261.6
392.2 376.6 357.5 354.2 372.1 395.1 415.3 423.2 425.1 427.1 429.4 432.5 431.7 428 424.2 418.5 410.5 400.8 391.5 384.4 374.3 373.2 372.2 368.6 365.5 361 351.6 350.6 349 345.3 338 330.7 331 328.9 326.7 323 316.6 318.8 322.2 336.8 349.7 356.6 369.3 384 392.6 393.6 394.7 396.6 396.1 392.4 388.6 385 381.1 375.8 370.4 361.1 351.7 342.3 335.4 328.3 320.7 312.4 306.4 302.3 299.6 298.5 295.9 293 288.4 284.3 275.4 266.4 263.7 265.1 265.1 262.9 259.4 259.4
376.1 359.5 356.3 376 393.8 414.2 425.2 428.2 430.2 431.9 432.2 433.1 431.7 427.4 423 419.2 414.9 410.3 405.2 398.6 391 380.7 368.3 352.7 340.2 339 330 328.6 323.4 324.2 322.2 321.5 320 319.4 318.7 317.8 312.9 305.1 301.2 316.6 330.5 340.5 353.8 365 380.5 381.8 381.3 384.4 388.2 385.5 382.1 378.8 375.5 370.2 361.5 348.7 336.9 330.6 322.9 316.6 309.6 303.4 298.5 292.4 287.1 285.7 285.5 284 282.7 278.5 270.5 264.3 260.9 260.9 259.9 257.4 260.9 275.6
360.7 363 377.2 395.5 414.1 427.6 430.8 433 434.2 435.3 434.3 434 432.1 428.5 425.1 421.8 416.8 411.9 406.7 400.7 393.8 386 375.8 363.2 344.1 330.6 336.6 340.9 342.6 343.8 345.5 345.1 343 342.9 345.1 343.8 342.2 327.9 306.9 299 307.2 318.1 333.4 346.2 355.9 363.6 361.8 367.3 376.7 377.7 375.5 372.7 370.1 366.9 362.2 356.2 351 345 336 328 322.3 320 315 307.8 292.6 281.7 276.2 274.4 274.3 272.6 267 263.1 260.5 257.2 256.5 262.2 281.4 297.2
383.5 391.6 404 418.5 428.2 432.6 435.1 437.3 438.1 437.3 435.6 435 432.4 429.3 425.9 421.6 417.6 412.8 407.7 401.1 393.7 382.5 365.3 346.3 337 350.3 360.4 365.5 366.4 367.9 369.1 369.9 369.7 369.9 369.8 368.6 363.5 350.3 329.6 311.9 296.9 296.7 308.4 322 335.4 340.7 340 349.9 362.8 367.2 368.4 367.2 365.8 363.6 360 358.2 355.4 351.2 345 339.5 331.9 325.4 319.3 311.8 304 294.4 283.1 272.6 269 266.7 263.7 261.1 258 255.3 262.3 288 304.4 319.2
406.8 414.9 422.9 429.4 432.5 436 439.4 441.7 440.5 438 435.3 433.9 431.9 428.3 425.1 421.1 415.9 411.2 405.8 398.7 389.2 370.3 350.2 342.6 359.2 373.3 383.4 387.5 386.7 388.7 389.8 390 389 388 385.7 381.8 376.1 366.3 351.4 329.6 313.5 298.7 292.6 297.8 307.4 317.4 319.4 329.9 342.9 353.5 358 356 355.1 354.2 352.7 352.2 353.1 349.9 343.9 337.6 331.2 324.7 318.4 311.8 305.1 298.5 289.9 282.7 273.6 267.2 263.4 260.6 256.6 254.3 283.4 307.4 326.1 340
422.2 428 430.8 433.7 436.3 437.9 441.4 443.1 441 437.7 435.2 432.8 429.3 425.5 422.1 417.8 412.7 407.9 402.1 395.6 378.3 356.6 346.2 364.8 382.4 394.3 396.5 396.9 395.5 397.8 399.7 399.4 398.4 396.8 394 390.1 384.2 379 369.9 353.1 338.7 318.6 301.4 289 290.3 296.1 299.6 309.7 322.3 332.8 340.2 341.7 340.4 338.6 339.5 340.7 346.2 343.5 337.3 331.3 325.9 319.9 314.5 307.9 301.3 295.6 288.9 282.9 277.4 271.6 261.8 259.3 255.3 257.9 295.2 323.7 341.2 348.6
431.8 434.3 436.7 438 440.1 441.5 441.6 441.3 439 435.7 433 429.6 426 422.4 418.4 414.3 409.6 404.7 398.2 386.1 362.4 349.1 365.9 384.8 400 402.2 402.8 404.7 404.3 406.8 409 408.7 407.6 403.5 399.7 396.1 392.1 385.5 378.8 369.9 358.4 342.8 321.2 302.7 287.3 286.8 287.2 290 300.1 311.1 319.1 323.3 322.5 322.3 322.1 328 332.9 331.2 326 321.3 317.7 312.3 305.3 297.3 292.8 288.6 284 280 277.2 273.7 261.6 257.5 254.2 256.7 299.7 329.7 346.3 351.8
438.3 439.7 440.5 440.9 442.2 442.3 440.7 438.8 436.6 433.7 430.3 425.9 422 416.4 411.6 406.9 403.2 398.4 387.5 369.5 353.4 368.8 386.4 401.8 407.3 408.3 409.1 410.8 412.6 413.8 414.9 414.7 411.8 407.9 404.4 401 396.4 390.1 383.5 376.4 369.9 356.9 340.5 321.5 305.2 291.3 285.3 281.4 284 289.5 298.3 304.3 303.7 302.4 302.5 309.2 313.6 313.6 308.9 304.2 300.7 295.9 290.2 281.8 277.5 273.5 271.5 269.3 270.8 260.3 258.9 256.9 253.9 257.6 297.9 330.7 345.8 345.9
444.1 444.2 443.8 443.4 443.8 441.3 439.4 435.7 433.7 431.2 427 420.5 415 408.1 400.2 394.4 390.3 382.7 368.8 362.7 375.6 391 406 411.3 411.9 411.6 410.9 412.5 414 414.1 414.9 415 413.3 408.1 403.6 399.6 395.7 390.1 383.5 375.6 368.8 361.5 352.3 339.7 322.6 308.4 297.9 286.5 281.5 277.3 280.2 286.9 286.3 285.2 285.8 288.3 291.4 292.6 289 283.8 280.3 274.3 269.1 264.6 263 261.2 258.9 257.6 257.6 257.4 256.2 254.8 253.3 255.4 293.1 325.8 339 339
448.4 448.2 447.9 446.8 444.5 441.5 438.6 433.3 427.2 423.2 418.8 406.3 398.2 388 378.8 375.2 372.6 370 380.2 390.2 400.9 411.2 413.1 413.6 413.1 411 408.9 409.9 409.5 408.5 408.1 406.4 405.3 400.5 396.4 392.4 389.4 385.1 378.8 371.9 365.1 357.8 349.1 340.6 328.7 317 305.6 291.5 281.2 278 277.7 275.9 275.2 274.4 274.6 272.7 272.1 269.7 267.6 268.1 266.2 265.1 264 263.4 263.1 261.6 262.6 261.6 258.9 258.7 257.1 255.1 253.4 254.2 288.6 318.8 331.5 332.4
452.4 452.2 450.3 448.5 445.4 442.3 438.8 431.3 413.7 410.4 398.4 390.3 389 392.9 393.8 394.3 397.4 399.8 407 412.7 413.9 415.1 413.7 412.5 410 407 402.8 403.3 401 398.3 396.7 382.5 390.3 387.9 384.1 379.9 376.4 372 366.3 360.1 353.1 345.1 337.4 328.9 317.6 305 291.4 283 281.3 283 281 279.7 278.1 274.6 274.3 272.4 270.2 269.1 268.7 269.3 270 269.7 268.5 270.9 272.1 272.2 271.7 273.4 277.6 273.6 262.4 257 252.8 252.1 284.4 312.3 324.5 324.7
456.2 454.7 452.7 450.1 446.9 443.1 438.4 425 426.3 422.2 415.9 413.9 412.8 414.4 417.2 417.5 419 418.5 417.9 416.4 416.5 414.8 411.5 409.7 406.2 401.6 397.1 393.6 389.5 385.7 382.3 365 371 368.7 364.2 361.1 357.9 353.9 349.2 343.5 336.2 329.1 322 311.2 298.2 288 283.7 293 298.2 302.1 303.3 305.3 305.4 301.6 300.3 300.4 298.9 297 295 292.1 288.1 286.1 286 287.9 289.2 291.2 291.5 294.4 295.5 285 265.9 256.5 250.8 251.1 281.1 303.3 316.5 316.3
459 457 454.7 451.8 449.6 446.3 432.7 436.4 435.2 433.4 431.9 431.9 429.3 428.5 427.2 425.8 424.7 423.1 421.2 418.3 414.5 412.2 408.3 404.5 399.8 394.1 387.8 382.2 376.3 369.7 364 351.5 348.7 343.5 339 336.7 334.3 330.7 326.8 321.4 315.9 309.9 303.2 292.5 288.5 293.3 307.4 314.8 322.5 327.3 331.8 332.2 330.9 329.2 327.1 325.1 322.9 320.8 318.3 315 311.8 310.5 309.5 310.6 311.2 311.3 311.4 311 306.3 293.3 267.2 257 250.8 250.6 269 290.2 307.9 307.4
461 459.1 456.5 453.6 451.3 444.8 443.4 442.8 440.7 438.8 436.3 436.1 435.3 433.8 432.2 430.2 428.7 425.4 422.4 418.2 413.5 409.8 403.7 395.8 390.8 384.7 376.5 368.6 358.1 347.3 339.3 334.8 323.8 315.6 311 308.9 308 304.2 301.6 298.2 299 297.2 303.8 306.1 312.3 322.1 332.4 339.8 344.2 347 349.8 350.3 349.9 348.6 346.6 343.7 341.8 339.3 336.5 333.2 327.1 325.4 324.1 324.9 324.3 323.7 323.6 319.7 314 298.5 267.6 257.3 251 250 254.9 274.8 293.3 295.8
462.3 460.3 458.7 456.6 454.4 449.7 448.9 446.2 444.4 443.2 441 440.4 438.6 436.7 436 434.5 430.9 427.3 422.8 417.5 411.9 404.6 394.3 384.4 375.9 369.2 362.9 350.9 334.4 323.5 316.7 319.7 316.2 317.7 320.1 320 321.7 322.1 323.4 325.3 327 327.7 331.5 335.1 341.9 348.9 355.2 359.9 362.3 363.7 363.8 362.5 360.4 358 355.7 353.5 351 348.5 346.5 343.5 338.1 334.5 334.6 333.5 333.4 333.4 331.8 326.4 320.4 305.4 276.5 258.4 250.9 249.4 250.3 256.7 275.6 281.2
463.2 461.6 460.1 458.5 456.3 454.8 452.6 449.7 448.1 446.8 445.6 443.9 441.6 439.6 438.2 434.7 431 426.3 420.9 414.6 409.7 391.7 379.7 366.4 349.7 342.4 343.4 331.5 319.1 315.6 320.3 330.8 340.7 343.4 345.2 345.3 346.4 345.9 347.9 349.1 351.7 351.8 357.8 360.7 365 368.3 372.2 373.8 374.4 374.2 372.9 370.3 367.1 364.5 362.7 361.7 358.5 354.9 352.5 349.2 346.4 343.6 341.3 339.3 338.9 341.8 338.8 333.5 327.1 314.2 288.4 264 251.8 249.2 249.3 249.9 256.1 267.7
464.5 463 461.4 459.9 458.3 456.4 454.7 453.2 451.3 449.2 447.2 445.4 443.6 440.8 437.4 434 429.5 424.5 419.3 413.4 407.3 401.5 392.5 382 367.9 351.9 329.9 320.8 319.9 333.5 345 356.7 362.7 366 367.1 367.6 369.8 367.9 370.1 372.4 371.7 374.2 377.9 380.6 380.9 382.3 382.7 382.9 382.4 379.9 377.7 373.8 371.4 369.1 367.9 365.1 361.6 358.7 355.2 350.2 346.2 342.6 341.5 341 343.5 347.1 347.1 341.1 334.5 324.5 304.3 279.1 261.4 248.2 248 248.4 249.4 255.8
463.7 462.2 460.6 459.3 459.4 457.5 456 454.4 452.2 450.1 448.2 445.8 443 439.4 435.8 431.6 426.5 421.7 417 412.1 405.5 399.1 390.9 385.1 366 344.4 326.7 329.2 342.7 357.3 368.6 370.1 379.9 382.8 384.6 387.2 387 384.9 385.8 385.1 386.4 387.6 388.2 388 389 390.3 390.4 389.3 385.9 382.9 379.9 376.3 373.9 371.1 367.7 364.3 360.6 357.6 352.6 348.2 342.6 338.6 338.2 336.7 338.6 340.5 342.4 342.3 336.8 330.8 319.9 300.8 280.9 260.5 247.1 248.5 248.6 250.8
462.1 461.2 460 459.7 460.3 458.8 457.3 455.5 453.3 451 447.8 444.6 441.2 437.6 434.1 428.4 423.5 418.7 413.9 407.5 402.5 396.1 385.3 367.4 347.5 329 334.6 350.8 365.4 376.9 385.1 391.3 394.7 395.7 396.2 396.3 395.5 394.5 394.3 393.9 394.1 394.5 394.7 393.7 395.1 397 393.8 390.5 386 382.7 378.4 374.7 371.7 367.7 364.3 360.3 356.1 351.8 347.6 342.5 337.5 332.7 328.8 327.3 326.3 329.8 331 330.1 328.9 328.2 323.6 316.5 300.8 280.8 262.3 247.3 247.4 249.5
460.4 458.5 458.6 460.1 460.8 460.1 458.6 456.6 454.2 450.8 446.9 442.1 438.3 434.7 429.2 424.5 418.7 412.6 408 401.5 392.1 378.6 363 346.6 336 349.1 358.3 373 385 393.2 399.7 403 403.5 403.6 402.8 401.6 400.3 399.2 398.4 398.5 399.7 400.9 400.5 399.4 400.7 399.2 393.7 388.9 383.9 379 374.3 369.5 366.1 360.1 355.8 351.9 348.1 342.6 336.9 331.5 326.6 322.6 315.5 310.5 308.3 306.5 307 310.1 311.8 314.7 317.2 317.4 312.8 297.7 277.8 260.8 247.4 247.7
456.7 452.2 455.5 460 461.1 460.6 459.8 457.2 453.7 449.9 444.3 439.4 434.7 429.1 421.9 414.6 406 399.4 392.2 381.9 370.5 357.9 343.3 352.1 361.6 373.9 382.2 393.8 401.8 406.4 408.3 410.3 409.8 408.5 407.9 406.8 404.9 402.8 401.9 401.2 402.6 403.2 402.7 403.9 404 397.5 391.5 385.6 378.6 371.9 366.2 360.2 356 350.9 345.8 340.6 336.1 331.5 325.7 320.2 313.9 307.6 299.3 293.4 288.8 286.3 285.3 288 292.1 295.9 300.9 305.7 310.8 308.4 292.5 276.9 257.2 245.9
448.7 442 452.4 459 461.3 460.7 459.7 456.7 453.2 449 441.6 433.5 424.4 415.9 405.4 393.5 386.6 378.8 370.8 359.9 350.2 359.2 369.8 377.2 385.1 394.6 402.6 409.2 411.3 412.7 414.4 415.4 414.6 412.1 410.1 408.1 407 404.2 401.6 399.3 397.6 397.6 400.7 401.2 400.6 394.2 387.1 380.3 373.3 366.1 356.4 346 342.1 337.8 332.4 326.8 320.5 314.7 308.8 303.9 298.7 292.5 286.6 280.9 276.3 272 267.3 266.7 269.4 273.5 278.6 288.2 297.3 307.3 305.8 285.3 272 249.3
433.1 436.1 449.1 456.6 460 460.2 458.7 455.7 452.8 446.9 441.3 434.6 422.6 400.7 381.2 372 364.5 366.1 369.2 368.8 372.4 380.6 391.4 398.2 406.5 411.4 414.6 416.4 417.8 418.3 418.6 419.2 417.2 414.3 411 407.8 404 401.9 397.3 393.7 389.2 388.6 390.7 393.3 393.3 386.7 381.4 374.9 367.6 360.4 353.5 345.3 337.2 326.3 317.8 311.5 303.7 298.2 292.8 288.9 285.2 281.5 279.1 275.2 270.4 267.5 272.2 268.5 265.7 262.6 261.8 270.9 282.2 294.4 300.8 287.3 280.7 262
420.7 427.3 440 453.8 458 459.3 457.6 455.3 452.9 448.3 443.4 438 431.4 420.7 401.3 381.2 388 388.4 387.1 387.5 391 399.8 410.6 415.8 417.9 420.2 421.3 420.9 421.2 421.6 422 421.7 419.1 416.5 413.2 409.8 405.5 402.6 397.5 390.9 385.9 372.6 376.1 379.3 380.8 377.7 373.3 367.3 361.7 355 348.2 342.3 335.8 328.3 321.4 312.7 305.4 298.7 292.5 286.5 283.4 281.3 276.4 271.2 275.9 285.2 287.4 283.6 275.1 268.9 262.9 259 266.6 276.7 288.4 280.5 271.4 266.4
412.9 418.2 434.5 448.8 456.2 458.1 458.1 455.7 453.4 449.6 445 439.5 431.8 411.3 401.5 406.3 410.4 404.4 401.3 404.1 409.7 415.9 420.9 424 424 425.6 425.6 424.8 424.5 424.9 424.3 423 421.2 418.6 415.3 411.4 407.9 404.5 399.4 392.7 383.6 377.8 369.5 365.6 366.6 364.2 361.8 359.1 353.4 348.4 343 337.7 333.4 328.5 323.6 318.2 312.1 305.6 298.2 294.8 290.3 283.9 274.2 277.8 292.5 300.2 298.4 294.7 289.7 279.3 270.7 260.7 256.3 261.5 271.4 266.1 264.2 262.7
407.5 424.2 442 450.9 455.4 457.6 458.5 456.4 454.5 449.9 445.5 440 431 428.9 418.4 424.5 422.9 417.5 415 420.6 424.2 425.9 428 428.7 429.6 430.1 429.2 428.9 427.9 426.5 424.9 423.8 421.3 417.9 415.2 411.1 407.2 403.3 398.9 393.5 387 376.2 370.5 362.5 351.4 350.4 349.6 346.9 345.3 341.1 337.2 332.8 329 327.4 322.1 316 310.3 304.5 300.1 294.7 289.7 280.7 272.4 293.8 308.2 308.4 305.4 300.1 292.9 287.2 279.6 269.9 259.1 254 256.1 258.6 257.4 257.5
