data/SO33.asc
ncols 200
nrows 200
xllcorner 330000
yllcorner 230000
cellsize 50
[rows 105 to 139 of 200, columns 0 to 78 of 200]
337.5 338.5 338.7 337.7 336 333.6 329.3 325.2 321.2 316.8 312.8 307.2 301.3 293.9 287.5 279.3 274.3 268.8 262.7 257 254 251.8 249.1 242.2 236.7 232.4 228.6 223.3 216.5 213.1 214.8 225.4 230.1 236.2 238.4 240.4 240.4 241.1 240.9 243.4 246.3 249.6 250.7 250.7 251.4 252.2 253.1 254.9 256.7 258.5 259.8 260.8 261.3 259.7 257.9 256.3 256 255.7 255.6 255.1 253.8 252.3 249.9 247.1 244.4 242.7 240.9 239 237.3 236.3 237.6 237.5 237.5 235.4 233.9 232.8 231.6 231.2 229.8
331.1 332.8 332.9 331.9 329.9 328.3 324.9 321 318.7 314.9 312 305.7 300.7 293.1 285.4 278.3 273.5 268.5 262.1 256.3 250.2 247.8 243.3 238.2 232.9 229.1 224.9 220.3 214.7 212.6 215 223.6 227 231.4 234.5 236.7 237.9 238.6 238.3 241.3 243.7 246.2 247.1 247.3 248.5 249.6 251.5 253.7 255.8 257.1 258.6 260.4 261 260.4 258.9 258.3 258 258.2 256.9 256.3 254.7 252.7 250.2 247.7 245.3 242.6 240.7 239.5 238.6 238.3 238.2 237.9 237.6 236.5 234.4 233 231.6 230.8 229.9
320.8 324 324.7 324.3 322.9 321.9 319.4 316.9 314.7 312.9 310.1 306.7 300.7 293.1 284.3 277.6 273.7 269.6 263.2 255.9 249.2 243.3 237.8 234 228.4 224.3 221.5 217.5 213.5 210.5 212.9 221.4 224.1 226.2 229.2 231.2 237.5 234.8 236.9 240.4 242 243 243.4 244.5 245.8 248.7 250.9 253 255.1 257.9 259.3 260.6 262.2 261.4 259.9 259.9 260.2 259.5 258 256.5 254.6 252.4 250 247.7 245.6 243.1 240.7 239.7 239.6 239.3 239.3 239.1 238.8 236.9 235.6 234.3 232.8 230.3 228.5
312.2 316.3 315.8 316.1 316.5 316.1 314.3 313 312.5 310.8 309.3 305.4 300.1 292.7 283.9 277.3 274.5 270.5 262.5 256 249.5 243.2 237.3 232 228.3 220.1 220.1 219.4 215.6 209.3 211.3 218 220.9 221.4 225.5 230 233.3 230.7 231.6 236.7 239.2 240 240.5 241.5 243.5 246.1 251 254.2 256.8 260.3 262.5 262.2 263.5 263.2 262.5 261.7 261 259.8 257.8 255.8 253.9 251.7 249.3 246.9 244.9 242.9 241.7 241.3 240.7 240.3 240.3 240.3 239.5 238.4 237 235.6 233.9 231.9 229.2
308.6 311.1 310.2 310.1 312 311.5 310.3 309.6 309 308.3 306.4 302.7 298.9 291.6 283.7 277.6 273.9 270.1 263.3 255.8 249.1 243.9 238.7 233.3 229.9 227.4 225.5 221.1 217.3 208.1 209.6 213.1 217.7 221.5 223.5 224.8 227.5 227.3 227.2 231.2 235.2 236.6 238 240 243.8 247.2 252.3 255.5 258.7 261.4 263.1 263.9 263.6 264.3 263.6 262.2 261.1 260 257.4 255.1 252.6 250.3 248.2 246 244.6 243.8 243.3 242.1 241.5 241.3 241.2 241.1 240.7 239.7 238.2 236.6 235.1 233.5 231.7
304.3 306.5 307.3 307.7 308.2 307.8 307.2 306.8 306.1 305.6 305 300.9 296.2 290.5 283.5 277.3 273.1 268.8 262.2 255 248.9 244.8 240.4 236.6 231.5 227.7 224.8 220.7 215.9 210.3 207.8 209.7 215 219.7 220.8 222.4 222.6 222.5 224.6 227.6 231.6 235.2 238 240.4 244.4 249.6 253.5 256.3 259 261.4 262.6 263.2 263.6 264.3 263.6 262.8 261.1 258.8 256.3 254.1 251.6 249.3 247 247 246.3 245.5 244.1 242.9 241.9 241.7 241.8 241.8 240.8 239.6 238.3 236.8 234.7 232.8 231.3
294.7 300.9 303.3 305.4 305.8 305.2 305.5 304.8 304 303.4 303 299.3 294.1 290.1 283.4 277.3 272.4 266.8 260.4 252.6 249.8 244 238.9 234.1 228.6 225.6 222.2 217.8 214.3 211.7 210.2 207.3 210.2 217.5 219.4 220.3 220 219.4 224.3 229.1 233 235.6 238.1 241 244.3 249.7 254 256.3 258.6 260.4 261.6 263.4 264.5 263.7 263 262.2 260 257.6 255.4 253.2 251.1 249.3 248.3 247.8 248 246.9 245 243.6 242.5 241.3 241.4 240.7 239.2 237.9 236.4 234.6 232.6 231.3 229.4
287.4 290 294.9 300.9 302.9 303.2 303.8 303 302.3 301.6 300 296.5 292.3 287.5 280.8 276.5 273.5 268.5 260.4 252.9 249.8 244.6 241.7 236.1 230.9 226.2 221.5 218.1 215.4 213.6 210.4 206.9 206.9 213.3 216.6 218.1 218.2 218.8 224.2 229.4 233.1 235.4 236.9 239.9 242.5 247.2 250.7 253.2 255.5 257.5 259.1 261.1 264.4 262.9 261.8 261.2 259.1 257.1 255.1 253.1 251.5 250.6 249.6 248.7 248.5 247.8 246 243.9 242.4 240.8 239.4 238.3 236.9 235.7 234.4 232.4 231 228.5 226.2
282 284.7 288.3 293.4 299.1 299.8 300.3 300.5 300 299.8 296.9 293.8 289.4 284.7 279.9 276.4 273.2 267.7 260.2 253.9 250 246.6 244 236.6 231.1 228.4 224.5 221.1 217.3 214.9 212.4 208.6 205.5 205.7 211.1 214.8 214.4 217.9 223.7 228.2 231.7 233.3 234.7 236.9 239.5 243.3 245.7 248.7 251.7 254.2 257.1 260.2 263.2 262 260.8 260.1 258.9 257 255.1 253.2 252.1 251.2 250.4 249.6 248.6 247.9 246.5 244.7 243 241.1 239.4 237.2 235.6 234.1 232.5 230.7 228 225.3 223.1
277.2 280 283.4 288 293.3 296.8 297.2 297.6 298.4 298.1 296.9 293.4 288.8 283.6 278.7 275.9 272.1 265.8 260.3 254.1 250.5 247.2 243.6 239.1 234.5 230.7 226.8 223.4 220.1 217.2 215.1 213.1 208.1 204.5 204.4 208.6 212.8 218.7 223.9 226.9 229.3 231.2 233.1 234.5 236.4 238.4 240.3 243.7 246.9 251.5 255.2 258.4 261 260.1 259.2 258.8 258.4 256.6 254.9 253.3 252.9 251.8 251 249.9 248.9 247.8 246.7 245 243.1 240.9 238.9 237.2 234.9 233.8 232.1 230.3 228.4 227 224.9
272.3 274.4 278.4 283.5 287 292.3 295.3 296 296.5 296.3 295.4 293.5 288.1 282.9 278.7 276.8 274.1 268 261.7 256.2 251.6 247.9 244.1 240.8 235.3 230 228.4 225.8 222.7 219.9 217.4 214.9 212.9 207.6 204.7 206.1 213.2 217.7 220.9 222.2 224.6 229.1 230.9 231.2 231.5 233 234.5 239.1 244.2 249.1 253.5 256.4 258.5 258.7 259.4 258.5 257.3 256.5 254.9 253.3 252.8 252.3 251.5 250.3 248.8 247 245.8 244.6 243.2 240.9 239.4 237.7 236.5 235 233.2 230.7 228.3 226.7 224.9
267.3 271 273.8 278.1 281.5 286.4 292.3 295.2 295.5 295.1 294.2 293.5 289.1 283.1 279.6 276.9 274.2 269 263.8 258.6 253.7 248.7 244.4 241.4 238.8 234.6 231.3 228.3 224.9 222.1 219.2 216.7 211.4 211.5 205.7 202.7 211.3 215.4 218.4 219.2 220.9 223.9 225.5 225.9 227 229.3 232.6 238.2 243 246.9 252.5 255.4 258.1 258.9 259.8 258.7 256.9 255.5 254.1 253.3 252.7 252.7 251.8 250.3 248.3 246.3 245 243.8 242.6 241 240.2 240.2 238.3 235.7 233.2 230.5 227.2 225.6 223.4
262.1 265.9 269.9 273.4 277.7 283.4 289.3 292.7 293.4 293.7 293.5 292.8 290.3 284.7 281.2 278.1 274.1 269.3 264.7 260 255 250.4 246.9 243.6 240.2 237.6 232.7 229.2 225.7 222.1 219.9 216.4 209 207 204.6 198.3 207.3 213.9 215.5 216.7 218.6 220.4 221.9 223.4 225.6 228.6 232.5 238.6 243.8 247.4 252.2 255.7 258.8 260.3 261.2 259.3 256.9 254.8 253.3 251.9 251.2 251.7 251 249.8 247.8 246 244.4 243.2 241.8 240.3 239.9 240.8 238.2 234.8 231.7 229.4 226.2 225.2 222.5
257.4 261.8 266.1 271.4 276.1 282.5 289 291 291.6 292.2 292.3 292.2 290.5 286.8 282 278 274 270.8 266.6 261.8 257.2 252.7 248.2 244.2 240.2 236.5 231.1 227 223.3 219.7 217.9 215.5 213.1 210.1 208.3 203.5 201.2 208.2 212.1 212.8 214.7 218.8 220.8 222.2 224 227.5 232.8 238.9 243.4 247.7 253 256.2 260.4 261.9 261.5 259.3 257 254.6 253 251.8 250.8 250.7 250.2 249.2 247.4 246.3 245 243.1 241.7 240.6 237.3 237.9 235.5 233.1 231.5 229.4 228 226.8 224.4
252.6 257.3 262.8 269.1 273.9 280.4 286.8 289.4 290 290.6 291.3 291.1 290.5 286.8 282.6 278.6 275.1 271.6 267.6 263.1 258.1 253.5 248.8 243.9 240.2 235.5 229.1 226.7 226.2 225.2 223.6 221.8 219.1 215 211.4 205.3 200.1 200 207 213.8 215.7 217.2 219.3 221.6 224.1 227.2 231.3 237.3 243.2 247.6 252.2 257.1 262.3 263.1 262 259.3 257.1 254.9 252.9 251.8 250.6 249.5 248.7 248.7 247.5 246.4 245.1 244.1 242.9 241.5 239.3 237.5 236.3 234 232.1 230.4 228.6 226.6 224.7
249.1 255.2 260 265.7 271.3 276.9 282.5 287.6 288.2 288.7 289.4 290.1 289.5 287 283.3 279.7 276 272.1 268.2 264.6 259.9 254.2 249.4 244.7 240.7 237.1 236 234.2 231.1 228.9 226.6 224.6 222.6 218.5 213.8 206.7 201.5 198.1 201.5 209.5 213.9 217.2 219.3 221.9 224.2 227.5 229.7 235.4 241.4 245.8 250.1 254.7 260.1 261.5 261.8 260.3 258.6 256.9 254.8 252.8 250.6 249 248.4 247.8 246.5 245.2 244.1 242.7 241.8 240.7 239.1 236.9 235.2 233.4 232 230.3 227.3 225.1 222.6
245.6 252.2 256.1 261.5 266.7 272.3 278.5 284.4 286.8 287.7 288.7 289.2 288.7 287.3 283.9 280.4 276.9 273.4 269.8 266.1 261.6 256.7 251.6 247.6 243.9 240.3 238.1 236.5 233.4 230.7 227.7 225.2 223.3 219.7 214.1 208 201.5 199 199.4 206.5 211.4 212.6 215 218.6 222.6 225.5 228.8 232.8 239.1 243.8 247.9 252.2 257.5 260.3 261.4 261.8 261.8 260 257.9 254.1 251.4 249 248.3 247.4 245.7 244.2 243 241.4 240.4 239.1 237.6 235.4 232.8 229.6 229 227.9 224.1 221.5 219.6
242.1 247.8 252.9 257.4 262.7 268.2 274.2 278.8 284 286.8 287.8 288.3 287.9 286.7 284.7 281.6 278.3 274.9 271.3 267.5 264.6 260.8 256.9 251.6 247.7 243.7 240.3 237.6 234.7 230.8 227.7 223.9 221.7 218.9 211.8 205.5 203.6 200.2 197.9 201.6 205.2 206.5 207.8 209.8 213.5 222.8 227.2 231.4 237.2 242.4 246.2 249.9 254.1 258.7 261.5 263.5 263.9 263.1 260.4 256.5 252.6 249.5 248.2 246.7 245.2 243.6 242.3 240.5 238.9 237.7 236.7 233.2 230.1 230.2 228.9 227.5 226.1 225.6 225.9
238.3 244.1 249.8 253.9 259.2 264.8 269.4 273.8 278.5 283.1 285.8 286.5 286.8 286.1 285.1 282.9 279.7 276.3 273 269.8 266.8 263.4 258.6 254.3 250.2 246.7 243.5 238.6 235.1 231.3 228.3 225 221.8 217.2 208.8 208.6 208.2 202.7 198.9 196.8 196.8 200.1 201.3 203.5 207.1 213.8 224.9 229.9 234.2 239.8 242.9 245.7 249.7 256.5 261 263.3 264.2 263.6 262 258.3 254.3 250.3 247.4 246 244.4 243 242 240.7 239.9 238.5 236.3 233.6 232.7 235.4 233.6 232 230.9 230.5 230.3
234.5 240.2 246.7 251.9 255.9 262.1 266.1 269.7 273.5 278.4 283.4 284.5 285.1 285.7 284.7 284.2 281 278 275.3 271.3 268 263.8 260.7 257.4 253.2 249.6 245.7 239.7 236.2 232.7 229.3 226 222.1 217 215.5 214.3 212.2 209.1 203.2 198.4 195.9 195 194.4 195.2 201 208.5 218.8 226.7 229.5 236 238.9 242.7 247.8 253.7 259.1 261.7 263 262.7 261.8 259.4 255.6 251.9 248.5 245 243.7 243.5 242.6 240.6 240.1 238 236.7 234.9 235.5 237.2 235.9 235.7 234.8 233.8 233.3
231.2 236.2 242.2 247.8 252 257 262.2 266 270.2 274.4 280.5 283 283.6 284.1 284.5 284.1 282.8 280.4 277.9 274.3 271.3 267 263.5 259.6 254.7 249.8 246 241.7 237.4 234.4 230 225.4 222.9 221.6 220.2 218.1 215.1 212.2 208.6 205.5 203.9 201.2 193.5 194.3 196.4 204 211.2 219.4 226.4 230.9 235.4 241.1 246.3 251.2 256.4 259.6 260.4 260.3 259.6 258.1 256.4 252.8 248.9 245.6 244.1 243.5 242 240.7 240.6 239.1 238 234.9 237.1 238.4 238.3 238.2 237.5 236.3 236
227.5 232.8 238.4 242.9 247.4 252.8 257.9 263 267.1 271.3 276.2 280.4 282.5 283.3 284.4 285.4 285.5 283.1 280.5 277.2 273.6 269.5 265.5 261.5 256.3 251.5 246.8 243.3 238.9 235.2 232.1 228.2 226.3 225.4 222.8 219.6 216.6 213.2 211.3 209.3 208.9 206.3 199.5 193.3 194.7 198.9 208.8 216.8 225.9 229.5 233.4 238.6 244.4 249.4 254 256.6 257.7 258 257.6 256.5 255.8 253.3 249.4 246.4 244.4 242.8 241.9 241.3 240.8 239.5 238.1 236.9 238.5 240.3 240.6 240.7 240.2 238.8 238.6
222.6 228 233.9 238 242.1 247 252.7 259 263.5 268 272.7 278.6 281.5 282.7 283.9 285.2 285.6 284.5 282.4 279.1 275.4 271.3 267.1 263.1 258.3 253.1 248.5 244.2 240.7 236.7 233.6 232.1 229.8 227.9 224.8 221.1 218 214.1 211.5 208 205.9 204 198.1 192.7 193.2 199.8 208.1 217.5 226.6 229.1 233.2 237.2 242.4 247.6 251.5 254 254.9 255.1 255.7 256.1 255.4 252.8 249.5 246 243.9 242.1 241.5 241 240.6 239.3 237.6 236.3 239 241.9 242.3 242.7 242.9 241.9 240.6
218.8 223.1 229.3 233.8 238.3 242.4 247.2 253.4 258.7 264.3 269.3 275 279.4 282.1 283.3 284.1 284.6 283.9 282.9 280 276.6 272.4 268.2 264.2 259.4 254.4 250.6 245.8 242.5 238.4 235.4 233.8 232.3 229.7 226.3 222.6 218.5 213.8 210.5 207.7 204.8 203.1 200.2 194.3 192.2 197.9 206.1 214.4 223.6 227.6 230.7 234.3 239.9 245.4 249.6 251.2 252.6 253.6 254.3 254.9 254.4 252.2 248.5 245.7 243.2 241.4 240.6 240.2 239.8 239.3 238.1 236.7 240.6 243.2 244.2 244.6 244.8 244.5 243.7
214.2 218.7 224.1 230.6 235.2 239 244.2 249.8 255.6 260.9 265.9 271 276.9 280.1 281.5 282.6 283.7 283.2 282.6 280.5 277.5 273.6 269.2 265 260.3 255.5 251.3 247.4 244.3 240.6 238 235.5 232.2 230 226.4 223.2 218.5 213.1 208.8 208.7 208.8 209.4 204.4 197.6 192.4 194.7 202 209.6 214.7 218.7 226.1 233.4 238.6 244 248.6 249.9 250.7 251.8 253.4 254 253.6 251.7 249.1 246.1 243 240.8 239.8 239.6 239 238.5 238 238.6 241.3 243.9 246 245.9 246 246.5 246
210.5 215.7 220.6 226.9 231.3 236.2 241 246.3 252.3 258 262.8 267.9 273.7 277.2 280.4 281.6 282.4 282.7 282.3 280.2 277.7 273.6 269.5 265.3 261.3 257.7 253.3 249 245.6 242.5 239.5 236 232.3 229.5 226 222.8 215.5 210.7 214.7 213.9 212 210.8 206.5 198.1 192.4 191.9 198 203.6 207.8 214 222.4 230.8 236.4 242.8 247.4 248.7 249.5 250.8 251.6 252.5 252.5 251.5 248.6 245.8 243 240.4 239.9 238.8 238.1 238.1 238.4 239.2 240.7 243.1 244 244.5 243.9 244.6 244.4
208.6 212.9 217.1 222.4 228 231.8 236.9 242.2 249.5 255 259.6 264.8 270.4 276.3 279.2 280.4 281.1 281.8 281.6 279.5 277.2 273.2 270.8 267.5 263.4 260 255.8 251.5 247.9 243.8 240.4 236.2 231.9 227.8 222.1 218.9 219.2 221.7 222.4 219 213.9 211.6 206.6 198.3 192.7 192 192.7 198.7 203.8 211.3 219.4 227.3 232.8 239 244.6 247.2 248.3 248.7 249.7 250.8 251.1 250.4 248.1 245.2 242.4 240.6 239.9 239.7 237.9 237.7 237.9 238.2 239.2 240.6 241.3 239.7 238.9 238.1 238.3
205.4 207.8 214 219.1 224.1 228.9 233.5 239.2 244.8 251.1 256.7 261.5 267.3 273.2 278 279.8 280.4 281.3 280.7 279.1 276.7 274.6 272.1 269.4 265.4 262 258.1 253.6 249.1 245.3 240.7 236.7 231.8 228.2 227.3 225.7 223.8 223.9 223.1 218.6 215.1 212.6 207.4 198.8 192.9 190.9 188.2 194.7 201 207.4 215.5 221.2 228.9 234.7 242.1 245 245.1 246.7 247.6 248.5 249.6 249.8 247.6 244.6 242.7 241 240.2 239.6 238.5 237.7 236.9 237 237.4 238.4 238.6 237.4 235.3 234.3 233.2
205.9 204.3 210.2 215.7 221.1 225.9 230.7 236.7 241.5 247.1 254.1 259 264.3 272.4 277.1 279.1 280.3 280.7 280 279 277.3 275.8 273.3 270.7 267.4 264.1 259.8 255.6 250.9 246.6 244.1 240.8 237.6 234.8 231.9 229.3 227.1 224.3 222.5 218.5 215.4 213 210.6 202.7 193.4 191.5 189.7 189.7 195.8 200.6 207.5 215.3 223.1 231.3 237.5 241.9 240.6 241.8 243.3 245.9 248.5 249.4 247.1 244.5 242.9 241.3 240.6 240.9 239.9 239.1 238.4 236 234.9 236.1 236.3 235.5 233.4 231.2 230.1
208.4 202.6 205.2 212 215.7 221.3 226.9 232.3 238 243.6 249.7 256.6 261.7 268.8 275.8 278 279.5 280 279.3 278.3 276.7 275.4 274.2 272.4 270.1 266.1 261.6 257.2 253.6 249.5 246.7 244.8 242.6 239.7 236.6 234 230.4 227.3 224 220.1 217.1 214.5 212.7 204 195.8 192.3 189.9 188.6 188.4 195 200.4 207.6 216.4 223.3 231.1 235.3 235 236.2 240.4 245.3 248.5 248.4 246.5 244.5 242.4 242.6 244.5 243.7 242.1 241.3 239.2 237 236.2 234.2 234 234.8 231.8 229.6 227.7
210.4 205.4 201.2 208.5 211.2 216 221.8 228.6 234 240.2 246.3 253.9 258.1 264.3 271.9 276.1 277.4 278 278.3 277.6 276.3 275 273.8 273.1 271.6 268.7 264.4 260.5 256.9 253.4 250.7 248.7 246 243.7 240.8 237.3 233.6 230.4 226.5 222.2 218.4 216 212.5 208.2 204.8 199.7 190.1 188.9 188.7 190 195.3 201.1 208.9 218.3 224.7 226.9 223.3 232 239.5 244.7 247 246.2 245.3 244 242.3 242.9 247 246 244.8 242.8 240.6 238.3 237.9 236.4 234.8 233.6 233.3 231 228.8
212 207.8 201.3 202.7 207 213.5 219.6 225.2 231.9 237.4 242.9 250.1 255.9 259.4 265.1 272.4 275.3 276 276.3 276.8 276 274.8 273.8 273.1 272.5 271.2 267.9 263.9 260.3 257.5 255.8 252.6 249.4 246.7 243.7 240.3 236.7 233.4 229.5 224.8 221.3 218.8 216.8 214.3 211.4 207 200.2 192 188.4 187.5 188.5 194.5 202.7 211.3 217.7 219 220.5 229.2 237.3 243 244.2 244.2 243.5 243.1 241.4 241.7 244.3 247.5 247.1 243.9 241.4 240.5 238.7 238 236.8 235 233.2 231.4 229.8
215.3 210.9 202.1 201.3 202.5 209.8 218.4 223.4 229.2 234 240.4 246.2 252.5 256.8 260.6 266.1 271.6 273.6 274.9 275.6 275.1 274.5 273.8 273 272.4 271.8 270.2 267.4 263.9 261.7 259.4 256.4 253.7 249.9 246.3 242.9 239.4 236.6 233.2 229.8 225.5 222.1 220 218.1 215.8 210.9 201.5 199.8 195.5 190.2 185.8 187.2 195.6 201.8 208.5 213 218.1 226.6 234.8 240 241.6 242 241.9 241.4 240 240.3 242.7 247.4 248.3 245.3 243.2 241.2 238.8 237.5 236.4 235.1 233.1 231.2 229.6
217.1 213.7 206.3 199.4 200.6 201.8 215.3 221.1 226.4 231.3 238.1 242.8 249 253 256.4 259.8 263.9 268.2 271 272.9 273.2 272.8 272.2 271.6 271.6 270.9 270.7 269.3 267.8 265.2 262.2 260 256.7 253.2 249.7 246 242.2 239.7 236.5 233.6 229.8 226.5 223.1 220.4 218.2 213.2 208 208.6 202.9 195.8 190.2 185.2 185 194.4 200.1 206.1 215.5 227.1 233.8 236.9 239.4 240.5 240.2 239.6 239 238.9 241 245.1 247.1 245.7 243.4 241.4 239.1 237.3 236.6 235.2 233.2 231.3 229.6
217.7 214.9 211.7 207.6 199.8 198.6 204.4 215.9 224 228.4 234.4 239 244.4 249.1 252.4 256.1 258.9 263.3 267.2 270.1 271.8 271.2 270.6 270.5 270.5 270.4 270.2 269.6 268.4 267.7 265.2 261.8 258.4 255.1 251.8 248.8 245.2 241.7 238.2 235.9 233.6 231 227.1 222.5 219.3 217 212.4 210.1 207.2 200.4 194.9 189 184.6 187.8 196.4 204.1 212.2 222.7 229.5 234.4 236.7 237.3 236.7 237 236.8 237.2 239.4 241.1 242.3 242 240.8 239.3 238.4 237.3 236.7 235.3 233.7 232.1 230.3
