data/SO38.asc
ncols 200
nrows 200
xllcorner 330000
yllcorner 280000
cellsize 50
[rows 35 to 69 of 200, columns 78 to 155 of 200]
178.8 179.7 182.5 185.9 193.9 198.2 202.3 205.7 208.7 213.4 221.8 230.3 237.5 244.1 248 250.7 252.2 254.5 256.1 256.3 255.7 255.8 254.7 253.1 251.1 249.7 248.1 246.1 244.3 242.3 239.4 236.4 233.8 233.2 231.4 229.6 229 227.3 224.3 220.8 217.3 209.8 223.8 233.3 240.4 247.2 252.5 255.7 258.5 261.2 261.8 259.3 255.1 251.2 246.8 244.1 241.5 238.9 237.2 236.2 234.9 233.1 236.4 239.1 241.1 242.4 242 238.1 234.5 230.9 226.7 222.6 218.4 214.4 206.8 199.2 200.8 196.8
178.2 181.5 186 192.8 200.2 204 207.7 210.8 215.8 224.1 232.8 242.3 250.2 255.9 257.7 258.2 258.8 260.1 261.2 260.5 260.7 260.3 258.3 255.9 253.2 250.9 248.7 246.2 242.6 239.7 236.9 233.1 229.4 229.5 227.4 225 225 224.7 222.7 220.4 216.1 211.6 224.7 231.8 237.3 243.7 248.8 252.8 255.1 257.5 259.6 259.8 258.3 255.2 251.3 249.4 247.5 244.9 243.2 242.4 241.3 239.7 241 243.2 244.5 245.6 244.3 241.1 236.5 231.7 227.1 222.7 218.4 213.8 204.6 196.3 197.4 194
182 187.2 193.8 202.1 207.8 211.7 215.4 219.8 224.4 237.3 247.9 255.2 260.9 264 266.3 267 267.2 267 266.5 265.7 264.5 262.3 259.8 257.5 254.9 251.2 247.2 244 239.4 234.8 231.8 227.5 223.3 223.2 222.1 219.5 220.3 221.8 220.2 217.4 213.8 207.9 218.1 224.9 231.5 235.2 238 241.7 245.6 249.9 252.6 253.9 255.8 255.9 255.7 254.8 252.8 251.4 249.5 249.1 250.2 250.4 248.3 248 247.6 245.8 243.8 240.4 236 230.9 226.7 222.2 217.4 212.6 205.3 195.4 187.2 190.8
190 198.7 206.1 211.8 214 221 225.7 234.7 244.4 254 261.8 267.5 271.1 272.9 274.7 274.3 274.3 273.8 271.7 270.1 268.2 265.1 262.4 258.5 255.8 250.6 245.4 239.3 233.7 228.4 223.6 220.3 217.9 215.4 214.7 214 215.2 216.8 214.9 214.3 210.4 204.7 211.1 217.5 222.8 225 226.9 229.6 233 238.6 242 245.5 247.2 249.8 252.2 253.8 257.4 257.4 256.3 256 259 259.9 260 256 251.7 247.1 241.7 238 233.4 228.4 224.6 220 215.7 211 206.2 198.7 185.8 181.5
203.4 209.9 215.1 218.4 225.1 235.5 244.3 254.2 262 268.5 273.5 277.9 280.2 282.2 282.9 282.6 281.4 279.5 277.3 274.5 272.2 268.8 264.8 259.7 254.4 247.7 237 229.3 223 219.6 216.5 214.2 212.1 210.1 209.2 208.6 209.8 209.8 210.2 212.4 207.2 203.2 203.8 210.8 213.3 215.5 218 220.6 224.5 226.9 231 236 238.6 241.4 246.5 250.5 255.6 258.2 260.6 262.9 266.6 268.8 269.7 264.9 257.8 248.8 242.8 235.1 229.8 223.6 219.3 216.2 212.6 209.2 205 199.5 190.2 180.5
214.4 219.8 225.8 231.9 242.8 253.3 263.5 269.7 274.7 279.4 283 285.9 287.4 288.1 288.6 288.1 286.9 284.7 282.3 279.8 276.6 272.6 267.1 259.1 247 234 225.7 223.4 220 218.7 216.4 214.1 212.8 210.6 208.7 205.7 205.1 204.5 204.6 203.5 201.6 199.9 198.5 203.1 206.9 207.9 209.8 214.6 217.2 218 220.9 226 229.6 233.6 238.9 244.9 252 257.6 260.9 264.2 268.7 273.1 275.5 273.5 258.5 243.5 234.3 231.5 226.6 221.7 214.7 210.9 207.3 205.9 203.5 198 191.1 182.8
225.1 232.1 241.2 252.6 262.9 268.7 274.8 279.7 283.8 287 289.4 291.9 293.3 293.6 293.1 291.9 289.9 288.1 285.2 282.3 278.3 272.7 262 245.3 233.7 229.7 230.7 229.5 229.2 228.9 228.4 225.1 222.7 218.8 216.2 213 210.5 208.1 206.3 204.4 202.7 199.1 198.1 197.4 196.8 198.8 202.5 208 208.6 209.8 215.8 219.9 222.4 226.6 236.6 244.1 250.8 255.5 258.8 260.4 265.7 268.1 270 266 242.5 229.9 226.8 228 225.2 219.4 213.5 206.2 202.7 201.2 200.5 197.2 190.4 180.7
244.2 251.9 258.7 265.9 272.1 277.2 281.7 285.5 289.3 293 295.8 297.5 298.4 298.1 297 295.1 293.2 290.6 287.6 284.3 278.6 264.2 248.4 242.7 244.5 248.5 251.1 250.6 250.1 249 247.2 245.8 242.7 239.3 235.6 232.9 229.4 224.6 219.7 215.5 212 208 203.2 199.4 196.6 193.5 192.4 194.4 197 200.6 208.9 208.9 214.8 223.8 233.7 241.5 248.4 252.8 254.1 252.7 253.7 256.9 260.3 252.4 231.4 223.5 224.7 228.3 225 219.2 213.1 206.9 202.1 196.5 195.8 195.1 190.1 181.9
249.9 256.8 264.6 270.8 275.9 281.3 286 289.7 294.2 298.2 301.5 303 303 302.1 300.4 298.4 296.1 293.1 290.2 284.9 270.3 264.3 265.3 267.4 269.6 270.7 271.3 271 269.9 267.7 265.3 262.3 260.5 256.7 254.5 249.8 244 238.1 231.8 225.6 220.1 214.5 208.6 203.4 200.2 197.2 194.3 191 190.8 190.5 197 198.9 206.1 217.9 228.5 236.7 242.2 245 246.5 243.3 243.3 244.2 247.5 242.8 222.1 218.6 224.8 228.1 221.6 215.2 209.5 205 199.8 195.6 191.4 186.6 188.6 182.5
252.9 259.4 265.5 271.2 276 280.5 285.7 290.9 296 300.7 304.5 306.3 305.8 304.4 303.3 301.1 298.7 296.5 293.3 289.1 286.3 284.6 284.2 284 283.5 282.9 282.2 280.7 278.8 276.8 274.5 272.1 268.8 265.3 261.1 255.8 250.6 244.2 238.4 231.8 225.3 218.5 213.1 207.9 204.5 200.4 198 195.2 191 188.3 187.6 189 191.5 205 215.5 224.1 230.5 233.3 234.8 235.2 230.6 231.6 233.3 231.8 212.7 218.8 226.1 220.8 213.9 208.5 203.2 201.5 196.9 193.3 190.9 187.9 181 179.2
251.3 258.6 264.2 268.9 274 278.9 284.4 289.5 294.6 299.3 303 305.6 306.6 306.1 304.8 303.4 301 298.7 297.2 295.6 294.7 293.5 292.6 291.7 290.7 289.2 288.6 286.7 284.9 282.4 279.8 276.4 273.1 268.9 264.2 258.8 253.4 247.9 241.6 235.3 230 223.4 216.2 212.4 207.4 202.8 199.7 196.2 194.5 191.4 187.2 185.8 186.4 196.1 205.2 210.9 214.6 218.5 222 222.4 224.1 220.2 220.7 221.3 206.1 217.4 214.9 210 206 201.5 199.3 196.8 194.2 191.1 187.9 185.6 181.6 174.7
249 255.4 261.4 266.5 271.6 276.8 282.3 287.9 293.1 297.8 301.3 304 305.5 306.3 305.7 304.5 303.2 301.8 300.6 299.5 298.8 297.6 296.7 296.1 295.5 294.9 293.5 291.5 289.1 286.6 283.7 280.1 276.2 271.7 266.2 260.4 254.5 249.6 244.2 238.5 232.2 226.3 221 214.9 209.1 203.9 200.5 197 194.8 192.2 190.7 186.8 183.3 188.3 198.9 204.4 206.3 208.1 210.4 211.9 212.5 212.4 209.2 207.8 201.1 200.5 202.8 202 199.3 196.2 193.9 191.9 189.5 187.1 184 182.5 178.5 173.1
244.8 251.7 259.3 264.4 269.4 275.3 281.1 286.7 292.1 296.6 299.8 302.7 304 305.2 305.8 305.5 304.9 303.9 303.1 302.7 302.4 301.7 300.7 300.2 299.4 298.9 297.5 295 292.5 289.7 286.3 282.4 277.5 272.5 267 260.8 254.7 250 244.2 238 231.6 225.5 220 214.2 208.5 203.4 199.3 195.9 193.5 191.4 190.7 187.6 183.4 183.7 192.1 197.7 199.2 200 200.5 202.4 203.1 203.2 198.9 199.3 195.8 195.6 194.9 194 194.3 190.9 188.8 186.9 185.2 183.7 182.7 180 177 172.6
241.4 249.2 257.3 262.3 268.4 274.4 280.3 286.3 290.9 295.3 297.7 300.1 301.6 303 304.5 306 306.3 305.6 305.3 305 304.7 304.5 304.1 303.5 302.8 301.7 299.2 297.1 294.1 291.1 287.7 283.4 278.4 273.3 267 261 255 248.6 242.8 236.1 228.9 219.6 217.3 213 207.3 201.4 196.8 194.2 190.1 187.6 186.2 185.8 181.9 180.7 186.3 191.3 192.5 192.9 193.9 196.7 197.2 200 197.3 194.8 192.2 192.1 190.3 190.1 189 187.4 185.3 183.4 181.5 179.9 177.6 175.5 173 170.1
239.6 247.1 255.2 261.3 267.8 273.6 279.4 284.6 288.7 291.9 294.4 297.2 298.6 300.4 302.5 305.1 305.5 306.1 306.9 306.9 306.6 306.3 306.3 305.8 305.2 303.4 300.8 298.4 295.1 292 288.2 283.5 278.7 273.8 267.2 260.6 254.1 248.6 241.6 233.6 226.6 219.9 213.2 210.8 206.2 201.4 197.2 194.1 189.8 186.1 184.1 182.4 181.1 179.3 183.3 184.9 187 187.9 187.5 192.1 193.8 193.6 191.4 190.4 189.9 189.6 188.5 187.4 185.6 183.9 182.3 180.7 178.4 176.3 174.2 171.4 170 169
243 247.4 254.8 260.7 267 272.7 278.4 283 285.8 288.6 291.4 294.2 296.3 298.3 300.4 303.2 305.3 306.5 307.3 308.1 308.4 308.3 308.2 307.8 307.3 304.9 302.1 299.2 295.9 292.6 288.5 283.9 279.2 274.5 268.2 261.9 255 248.1 241.8 233.2 227.8 222.4 217.9 211.3 208.4 203.1 198.4 194.9 190.8 186.1 183.3 181.2 179.2 178.4 179.2 180.8 182.1 182.5 183.5 189.1 189.3 188.5 187.2 188.1 187.4 187.4 187.1 186.3 184.2 182.1 180.3 178.3 176.7 175.1 173.1 171.2 169.7 168.5
246.8 251.6 256.4 261.1 266.1 271.6 277.1 280.4 283.4 286.1 288.8 290.4 293 295.5 298.1 300.6 302.9 304.8 306 307.1 308.3 309 308.7 308 306.8 304.4 302.3 299.4 296.3 292.8 288.9 284.7 280.1 275.3 269.6 263.5 257 250.1 243.4 237.8 231.3 225.1 219.8 214.7 208.5 203.6 199.1 194 189.7 185.7 182.4 180.1 177.7 177.4 177.3 177.8 178.4 179.1 179.8 181.4 183.3 183.5 183.8 184.6 185.6 185.8 185.9 185.7 184.4 181.9 179.1 176.4 174.9 173.4 171.4 169.9 169.5 168.8
250.9 255.1 259.5 262.9 266.1 269.9 275 278.8 281.2 283.3 285.5 286.6 289 292.2 295.4 298 300.6 302.8 304 305.2 306.8 307.7 308.1 306.7 305.3 303.5 301.2 298.6 295.9 292.7 289.2 285.1 280.9 276.1 270.6 264.7 258.4 252 245.8 239.2 232.5 226.3 220 213.8 208.8 203.3 197.7 192.3 187.2 183.8 180.6 178.4 176.5 176.2 176 176.1 176.9 177.8 178 178.2 179.2 180.8 181.9 182.8 184.1 184.8 185.6 185.5 184.5 181.4 179 176.6 173.8 171.7 170.2 169.2 168.7 168.1
254.9 259 262.5 266.3 268.7 271.6 274.4 278.1 280.1 282 282.6 282.9 284.5 287.6 291 294.7 296.6 299.7 302.1 303.7 305.4 305.7 306.2 304.9 303.5 301.7 299.5 297.2 294.8 292.5 289.1 285.5 281.3 276.4 270.6 264.8 258.5 252.2 245 238.2 231.3 224.2 218.3 212.4 206.9 202 196.4 190.8 185 181.9 178.7 176.7 175.4 175 174.8 174.7 175.3 176.2 177.1 177.5 178.5 179.9 181.2 182.5 183.9 185 185.1 185 184.3 180.7 177.5 175.8 174.2 171.3 169.6 168.7 167.9 168.6
260.7 263.3 265.7 268.6 270.8 273.6 275.6 276.9 278.9 279.6 280.1 280 280.3 282.9 286.8 290.1 292.9 295.9 299 301 302.6 302.8 303.3 302.6 300.9 299.5 297.8 295.7 293.6 291.3 288.5 285.5 280.9 275.4 269.4 263.3 257 251.1 243 235.1 227.5 219.9 211.5 204 200.4 197.7 193.7 187.5 182.2 179.4 177.4 175.8 174.5 174 173.8 174.1 174.8 175.6 176.5 177.7 179.6 181.3 182.6 184 185.2 185.3 184.1 183.1 181.7 178.8 175.1 174.2 175.9 172.3 168.7 167.9 168.8 169.4
265.2 266.6 268.7 270 271.7 274.2 275.5 276.3 276.3 277 276.8 274.5 274.4 276.4 279.6 283.2 287.3 290.9 293 295.6 297.9 298.6 298.7 298.5 297.5 296.3 295.2 294.2 292.3 289.8 286.9 283.8 278.6 273.1 267.3 260.7 253.8 245.5 236 225.8 213.8 204.1 196.7 192.6 189.2 186.8 184.8 182.3 180.6 178.4 176.8 175.3 173.8 173.1 173 173.7 174.5 176.4 177.6 178.9 180.3 182.7 184 185.6 186.5 185.2 182.3 179.9 177.1 174.4 172.4 171.2 171.7 170.6 167.7 168.5 170 171.4
269.3 270.3 271.5 273 273.6 274.8 274.8 274.8 275.1 274.3 273 271.6 266.4 265.4 270.1 274.7 279.1 283 286 289.4 292.4 293.6 293.7 294 293 292.1 292 290.4 288.8 285.9 283.7 279.4 274.5 269.2 263.9 257.7 251.4 229.7 219.9 210.3 204 198.8 194.3 190.6 187.2 185.9 184.6 181.9 179.7 179.3 176.3 174.8 173.5 172.5 172.2 173 174.7 176.9 178.8 180.4 181.2 182.7 183.9 183.8 184.1 182.4 179.6 176.7 173.9 171.8 170.5 169.1 169 168.6 167.6 169.7 171.2 173.4
273.6 274.8 275.7 276.2 276.7 277.1 277.3 277.7 276 274.4 273.1 271 266.5 257.4 255.3 261.6 267.8 273.7 278.6 281.9 285.4 287.3 287.1 285.4 285.5 285.3 284.4 283.3 282.5 280.5 278 275.3 270.8 265.9 260.9 255.1 242.9 214.7 211.5 210.8 211.7 212.3 213.3 210 203.9 198.2 191.2 187 182.9 180.1 176 174.1 172.7 171.4 170.1 171.5 173.8 176.1 178.7 180.4 181.4 182 181.7 180.9 180.5 178.5 176 173.6 171.2 169.6 168.6 167.5 167.2 166.9 167.8 170.2 172.4 174.7
276.6 279 279.8 280.3 280.8 280.7 280.8 279.8 277.7 275.5 274.1 272.3 269.9 266.4 249.5 241.9 253 261.3 268.3 272.8 275.9 277.9 278.2 277 277 276.6 276 275.3 274.8 274 272.8 269.9 267.5 263.1 258.9 254.7 249.3 245.3 244 242 238.1 234.1 228.5 222.2 214.9 207.6 199.7 193 185.9 181.1 176.6 173.4 171.9 170.6 169.3 170.5 172.6 175.1 177.7 179.9 180.2 180 178.9 177.4 176.4 173.6 171.9 171 168.8 167.9 166.9 166.3 166.5 167.1 169 171.2 174.1 178.4
281 283.3 284.3 284.4 285 284.3 283.7 281.5 279.4 277.2 274.2 271.8 269.3 266.3 260.9 242.5 231.7 244.6 252.7 257.9 264 266.8 267.7 267.6 266.8 266.8 266.5 267.1 267.3 267 266.4 265.5 263.9 260.9 256.8 254.7 253.6 253.7 254.6 252.4 247 238.4 232.9 226.4 219.3 211.4 203.8 195.7 187.4 181.2 176.7 173.3 171 169.7 168.9 170.3 173.7 176.6 178.9 179.2 178.5 177.9 175.7 173.8 171.3 169.5 168.5 167.7 167.8 166.8 166.5 166.3 166.6 169.2 170.9 174.1 178.3 183
285.5 287.6 289 289 288.6 287.2 285 282.8 280.6 278 273.9 271.2 268.5 265.4 261.4 257.1 240.4 226 231.3 238.8 248.7 254.6 256 256.6 256.2 255.2 255.3 256.9 257.7 258.3 258.5 258.1 257.1 255.2 256.4 255.7 255.6 255.7 254.4 251.7 247.6 241.8 235 227.6 219.9 212.1 203.9 195.2 185.9 180.5 176.5 173.8 171.4 168.8 168.7 171.7 175.6 178.7 179.5 179.3 177.9 175.5 172.6 170.2 167.6 166.3 165.9 166.1 167 167.7 167.1 167.8 170.1 172.7 175 178 182.6 187.4
287.9 290.9 293.1 292.3 290.3 288.1 286 283.7 281.3 277.7 273.2 269.8 266.3 262.7 259.5 255.9 250.7 235.8 221.5 222.7 229.8 238.1 242.2 243.4 244 243.4 244.1 245.1 246.9 246.9 244.5 241.7 241.8 245.9 251.6 253.9 252.8 252.6 250.9 248.1 244.3 239.5 233.3 225 217.9 210.8 202.2 193.6 185.7 180 176.8 174 171.2 168.3 168.7 173 177 179.8 179.9 178.3 176.5 173 170 167.1 165.3 164.9 165.5 166.3 167.8 169.4 170.4 171.7 173.5 177.1 180.6 184.4 188.5 192.6
286.9 289.6 291.6 291.9 289.1 285 282.4 279.5 276.3 272.6 269.5 266.3 263.3 260.1 255.9 252 247.8 242.1 230.4 217.9 214.7 220.8 227.1 229 230.5 231.3 232.1 232 230.2 227.9 225.5 229 235 246.2 250.1 250 248 246.9 244.8 241.6 238.5 234.3 229.5 222.4 214.8 207.3 199.7 191.2 184 179.8 176.4 173.6 170.9 168.1 168.7 173.8 178 178.4 177.8 175.9 173 169.8 166.7 164.4 163.8 164.8 165.8 166.9 168.4 170.2 171.9 173.6 177.1 180.8 184.4 187.8 193.6 198.9
282.4 283.8 285.3 284.8 282.8 280.1 276.9 273.7 270.6 268.6 265.8 262.8 259.7 255.9 251.5 246.8 242.1 237.8 233.5 221 211 207.1 212.1 215.2 215.8 215 214.7 214.3 212.5 213.3 219.6 232.4 242.6 244.4 245.1 243.7 242.6 240.9 238.7 235.7 232.6 228.6 223.1 217.7 211 203.8 196.6 188.7 183.2 178.5 175.4 172.7 169.8 166.5 169.7 175.4 178 177.6 175.7 172.8 170.2 166.7 165.2 163.9 164 165.2 166.3 167.4 169 170.9 172.7 175 178.5 182 186.7 191 195.9 200.2
275.7 276.4 276.5 276.2 275.3 273.3 271 267.9 265.6 263.1 260.5 257.7 254.6 250.4 245.7 240.4 235.1 229.6 225.7 222.6 211.9 201.9 200 202.7 205.3 206.4 205.9 204.9 207.1 221.9 231.4 237 239.1 239.9 239.7 238.9 237.8 236.1 233.6 230.2 226.4 221.6 217.3 212.2 206 200 193.4 186.9 182.1 177.2 174.5 171.3 168 166.7 170.8 176.1 178 176.1 173.2 170 167.2 164.3 164 163.5 164.6 165.7 166.8 168 169.7 171.6 173.7 175.9 178.9 182.6 185.9 191.3 195.7 200
267 267 267.9 267.7 266.9 265.7 264.6 262.6 260.2 257.6 254.8 252 249 245.4 238.2 233.2 227.9 221.9 219.1 216.2 210.8 205.2 195 194.9 197.6 197.8 197.6 202.6 218 225.1 228.5 231.3 233.2 234.1 234.1 233.9 232.9 230.8 228.6 225.7 221.3 216.8 211.5 206.4 200.3 194.7 190.1 184.4 179.5 176 173.5 170.1 166.7 166.3 172.4 174.9 175.3 173.1 170.3 167.3 164.2 163 163.2 164.1 165.1 166.2 167.3 168.6 170.4 172.6 174.8 177.2 179.6 181.6 185 189 193.4 198.3
257.3 257.4 258.4 258.6 258.8 258.3 257.5 256.4 254.2 251.3 248.4 245.6 242.3 238.6 231.8 225.6 221 216.4 212.9 208.5 203.9 201 197.7 189.9 188.8 191.9 204.1 210.5 215.3 218.9 222.4 226.3 228.5 229.7 230.2 230 229 227.1 224.5 220.9 217.5 213.4 208.3 202.1 196.2 190.4 185.6 181.2 177.3 174 171.5 168.4 165.5 167.2 174.5 174.6 172.1 169.3 166.7 164.1 163.9 163.3 163.5 164.7 166.2 168.3 170.7 172.3 174 177.1 179.6 180.8 182 183.1 184.9 188.5 195.1 201.7
248.4 248.9 250.4 250.9 252 251.3 250.7 249.6 247.6 245.1 242 238.1 234.5 230.1 225.3 218.8 215 211.2 206.7 201.2 198.7 196.1 194 190.3 185.2 197.4 202.7 205.6 208.8 213 218.2 222.4 224.9 226.3 226.5 226.5 225.8 224.1 221.3 218 214.3 211 206.6 201.1 194.9 188.9 184.4 179.5 175.3 172.2 169.4 166.8 165 168.2 174.1 172.7 169.3 166 163.7 163.2 163.7 164.5 165.1 167.2 170.2 173 176 179 182.8 184.6 186 185.5 186 184.8 186.7 192.3 198.8 206.4
239.8 240.2 240.3 245.8 245.9 244.4 243.5 241.7 240.6 237.4 233.8 229.5 225.8 221.4 216.9 212.8 208.8 205.8 199.7 195.6 193 191.9 190 185.7 180.7 191.8 198 200.5 204.2 209.2 214.1 217.7 219.8 220.5 220.9 221.9 221.4 220.3 217.9 215.2 212 208.5 204.2 199.8 194 188.5 183.3 178.3 174.7 172.1 170 167.8 163.9 171.1 171.8 170.1 167.1 163.7 163.5 163.4 165 166.7 168.1 173 176.5 180.5 185 190.7 194.1 194.2 194.1 191.8 190.9 189.5 189.4 198.2 203.3 211.7
231.8 223.4 234.1 243.6 242.5 240.3 237.4 233.9 231.5 228.6 224.9 220.9 217 212.8 208.5 204.6 201 197.7 194.5 190.4 188.1 187.3 186.5 182.8 176.3 188.2 194.5 198.2 201 205.4 209.4 210.9 211.4 212.3 214.1 214.7 214.9 215.4 214 211.9 209.2 205.8 202.2 198.1 192.4 186.6 180.7 176.2 173.1 170.9 168.6 166.9 163.6 168.7 168.7 167.1 165 162.5 163 164.6 166.7 169.3 172.8 178.7 185.2 192.6 201.2 207.5 207.8 205.1 201.5 198.3 196.6 195.5 195.4 203.6 208.8 222.4
