data/SO41.asc
ncols 200
nrows 200
xllcorner 340000
yllcorner 210000
cellsize 50
[rows 152 to 189 of 200, columns 0 to 85 of 200]
96.1 101.3 102.1 101.2 99.2 97.8 97.6 97.7 98.1 99.1 100.1 100.8 100.7 100 100.2 100.8 101 102.1 103.7 105 106.4 104.7 102 98.8 95.5 88.6 81.5 79.2 78.1 82.8 93.7 98.5 98 97.6 95.9 93.8 93.6 95.6 95.8 95.4 94.3 92.4 87.4 81.5 81 71.2 62.3 82.9 89.7 84.8 79.4 75.5 81 85.7 88.2 85.9 84.8 80 74.2 66.5 61.9 60.5 59.1 57.1 54.5 53.6 51.5 49.5 51.6 56.3 56.4 53.5 50.5 57.5 63.1 64.4 60.2 56.1 52.4 52.3 55.1 55.3 50.1 48.9 45 42.2
98.3 100.6 100.9 99.5 97.7 96.4 95.4 95.4 95.7 96.2 97 97.9 98 99 99 99.6 99.9 101 102.7 103.9 104.8 104 101.4 98 94.2 88 81.1 79.1 77.8 79.3 87.3 96.9 99.6 98.9 96.6 95.5 94.8 94.2 93.2 93.5 95.7 95.2 90.8 87.3 83.2 74.5 63.2 82.5 94.4 89.3 84.6 81.2 80.6 86.2 86.4 84.2 82.6 80.8 72.5 65.8 65.7 66.2 63.3 60.3 58.1 54.7 53.5 50.8 56.3 62.3 60.9 57.9 53.1 58.7 67 68.6 64.5 60.1 55 54.4 54.3 52.2 48.6 45.2 45.2 44
98.6 99.9 99.3 97.8 96.2 94.9 93.6 94.5 96 97.2 97.6 98 98.2 98.9 97.9 98.4 98.8 100.1 101.7 102.9 102.4 101.6 99.8 97 92.8 86.9 80.6 78.6 76.9 79.3 82.6 89.4 93.6 96.9 97 95.3 93 91.9 90.9 91.7 94.2 97.3 93.7 91.3 85.4 76.3 62.9 80.1 96.5 93.7 90.4 87.1 84.2 87.7 85.8 82.8 77.7 75.7 68.5 69.5 72 69.2 65.2 61.1 57.4 55.5 56.2 53.5 57.1 65.3 66.1 62.7 58 62 70.4 71 66.1 60.9 55.6 52.8 50.8 49.3 45.7 46.5 51.9 47.4
98.2 97.9 97.9 96.4 94.8 93.4 93.2 94.8 96.3 97.7 98.8 99.1 99.2 98.7 97.4 97.3 97.7 99.1 100.7 100.5 99.8 98.7 96 93.7 91.6 85.8 80.2 78.3 76 78.5 82.5 90.8 95 96.8 95.9 93.8 91.2 90 89.9 89.2 91.8 98.1 95.8 94.1 88.5 77.9 62.6 75.5 95.5 96.8 95.2 93.9 90.9 90.2 88.1 84.2 77.7 74.8 76.7 75.1 75.9 70.5 64.2 61.2 57.4 58.7 58.5 54.5 60.8 68.6 70.5 67.8 61.1 65.1 71.2 70.3 64.7 59.1 55 50.7 49 47.8 50.5 53.8 53.6 53.4
94.4 94.7 95.2 95.4 93.9 92.2 93.3 95.1 96.6 98.2 99.7 98.9 98.4 97.9 96.6 95.6 96.4 97.7 99 100.1 98.5 96.5 92.3 90.3 89.2 85.3 80.2 76.5 75.2 77.9 84.1 93.1 96.1 96.4 95.1 91.6 89.2 88.7 89 88.2 88.9 93.5 96 94.3 88.8 76.7 66.3 80.5 97.7 100.9 99.3 98 96.4 94.6 90.4 82.9 80.9 81.3 83.5 80.4 74.3 68 63.3 60.8 60.8 60.7 58.9 53.4 63 71.2 79.8 73.6 65.8 69 71.8 68.6 62.7 58.7 54.8 51.8 49.3 49.7 55.4 58.2 56.7 54.7
91.8 91.4 91.8 91.4 90.2 90.4 93.7 96.1 98.4 99.8 99.7 97.9 97.3 96.7 95.8 93.6 95.2 96.3 97.2 98.2 97.8 96.1 91.9 88.4 87.1 84.2 79.7 76.6 74.8 77.3 85.1 91.1 94.4 96 93.6 91.8 88.1 85.3 85.8 85.7 85.8 88.5 92.1 93.6 88.1 81.4 65.4 78.3 98.3 101.5 102 101 100 96.9 92 87.3 88.8 85.2 86.5 82.1 72.9 65.6 63.2 64.6 64.1 62.3 59.2 54.3 64.3 73.2 81.8 83.2 75.7 73.6 71.7 66.6 61.7 57.6 55.8 52.9 50.3 52.3 57.6 60.3 57 57.4
88.4 87.8 88 88.8 89.2 91.9 95.1 97.8 99.9 100.7 99.3 96.9 96.2 95.6 94.4 92.7 94.5 95.7 96.1 96.1 94.6 95.5 91.3 87.1 84.5 82.3 79.6 77 74.5 77 82.4 87 90.9 93.4 91.2 89.8 87.5 83.9 83.3 85.3 83.5 87.2 92.7 90.6 88.5 83.5 73.7 67.1 83 98.2 102.3 101.8 100.4 98.7 94.6 93.3 92.7 89.4 87.7 78.9 69.4 69.2 66.7 69.1 66.8 63.7 59.6 55.4 65.6 75.3 84.6 91.3 85.6 79.6 75.1 68.5 62.1 58.5 56.4 54 51.3 54.2 60.1 60.8 59.6 59.6
85.2 84.9 86.1 87.5 92.1 95.1 98.3 100.2 99.5 99.3 98.6 96.2 95.2 92.5 91.5 91.6 93.9 95.4 95.5 95.2 93.5 94 90 86 83.7 82.3 78.9 76.3 74.5 75.5 79.6 82.9 88.7 91.4 89.8 87.7 85.5 83.3 80.9 82.8 79.9 83.2 89.5 87.9 86.3 84 77.5 67 68.9 83.7 101.1 100.5 98.5 97.8 97.4 96.9 94.9 91.1 85.1 82.2 80.5 75.4 69.4 71.2 68.8 65.7 61.6 54.2 67.2 77.6 88.4 95.6 90.5 83.4 75.6 68.8 60.7 59.9 58 54.5 49.7 55.4 59.8 62.1 63.5 63.8
82.8 83.2 84.8 90.9 95.3 97.7 100.4 100.3 99.1 97.9 95.1 93.8 91.3 89.5 89.6 90.2 91.8 93.6 94.8 94.7 93.7 93.1 90.6 87.2 84.5 82.4 78.7 75.7 74.4 74.6 77 81.5 87.4 89.8 89.1 86.2 85.8 86.3 82.2 77.5 76.2 79 83.6 85.2 84.5 83.4 77.7 70.7 66.5 81.2 93.1 96 93.8 96.9 97.2 98.8 96.6 92.8 89.9 91.4 86.5 79 77.7 77 71.2 68.2 63.5 56.1 68.9 80.2 90.8 95.3 90.1 83.6 76.4 66.8 64.9 62.3 58.8 54.5 52.6 56 61.2 63.8 67.1 69.6
81.6 82.2 85.6 93.1 98.4 100.4 100.3 99.4 97.3 94.7 91.5 90 87.7 88.7 90.6 91.1 91.1 91.8 93.1 93.9 93.6 93.5 92 88.9 86.1 82.1 78.8 75.1 74.3 74.3 75.7 79.8 85.8 90.1 87.9 84.9 85.5 86.6 83.3 79.2 73.8 73.9 76.7 79.8 80.6 81.4 77.9 70.7 67.3 79.2 88.8 90.1 88 90.9 97.5 100.6 100.7 97.3 96.3 97.2 90.5 82.4 86.1 80.2 73.7 69.1 65.1 56.9 69.8 79.2 88.9 95.5 88.7 82.8 76.4 72.3 69.7 64.6 59.7 56.9 55.9 53.2 59.4 66.5 70.4 71.4
80.3 81 85.2 93.6 100.2 99.7 98.4 97.6 95.9 91.4 88.4 86.3 86.1 88.2 90.8 91.4 91.6 92.4 93.1 93.5 93.7 93.3 92.5 89 84.9 80.6 77.4 74.5 74 73.9 75.3 78.7 84.2 88 86.1 83.7 84.3 86.3 86.1 82 74.8 70.7 71.7 71.4 74.2 81.1 76.9 69.4 67.7 76.8 85.8 84.1 82.5 89.3 96.2 99.1 101.1 99.8 100.4 98.8 91.6 87.1 93 87.8 77 67.7 64.7 58.2 71.5 79.3 90.1 100 91.7 80.9 83.8 78.8 73.9 64.7 61.8 60.3 57.1 56.6 59.4 65 70.3 71
79 81 86.7 94.9 98.3 98.2 96.8 94.8 91.8 88.5 86.1 83.8 84.2 87.6 89.9 91.5 92.1 92.6 93.1 93.4 93.5 93.4 91 87.7 83.7 79.9 76.9 74.2 73.9 74 76.1 80.3 83.6 83.1 81.5 80.8 80.5 84.1 84.9 80.6 74.5 69.8 68 67.7 68.2 70.9 71.3 67.9 67 71.7 80.2 81.5 81.3 87.1 91 96.2 99.6 100 100.2 98.7 95 94.9 95.6 91.7 80.1 70.6 66.2 60 71.4 79.4 91.7 100.8 96.1 91.8 93.1 86.2 74.4 67.6 65.8 63.7 59.4 60.6 63.7 64.6 69.3 70.3
78.9 80.2 86.1 95.8 97.3 96.3 93.8 92 89.7 86.3 83.4 81.4 80.8 84.7 89.7 91 92.1 92.6 93 91.9 92.2 92.4 89.4 86.6 82.6 79.4 76.5 74.1 73.9 74.1 77.4 81.9 84.5 80.9 77.2 76.2 78 79 79.3 76.9 71 68.8 67 68.1 69.8 69.3 67.6 67.3 69.2 72.8 75 77.5 78.2 80.4 85.7 92.6 97.2 98.7 98.9 99 94.6 91.8 91.8 89.6 80.9 73.1 67.3 61.3 71.4 78.7 89.6 99.1 101.1 97.8 101.1 91 81 75.7 71.4 65.7 60.2 63.6 65.7 65.3 67 68.7
78.8 78.9 84.2 91.2 95.8 94 90.2 88.6 87.2 84.1 81.3 79.6 78.4 82.4 88 90.8 92.2 92 90.8 89.7 90.9 92.2 88.6 85.2 82 79 75.9 74.1 73.7 74.1 79.2 83.1 84.1 79 75.3 73.7 74.8 73.9 72.7 70.7 68.3 66.7 67.9 69.6 71.3 71.1 70.2 67.3 73.1 75.2 76.6 79.2 81.6 84 86.2 89.1 93.7 95.5 98.8 98.5 92.2 85.8 87 84.8 81.3 74.1 68.9 63.4 71 78.5 87.6 99.4 103.9 98.6 95.8 90.6 83.4 74.4 68.2 63 61.4 66.5 67.1 68 72 71.8
77.2 76.9 81.9 89.5 95.3 91.3 88.7 86.1 83.9 82.2 80.7 79 77.6 80.1 85 89 90.2 89.7 88.6 88.4 89.7 91 88.5 85.5 82 78.5 75.4 74.3 73.9 74.8 79.4 82 81.7 78.1 73.5 71.6 70.5 69.6 70.2 69 67.8 69.6 71.2 72.3 73.8 73 70.5 67.9 69.6 74.3 75.6 80.5 84.9 87.9 90.3 90.3 92.9 96.2 99.7 97.9 90.6 83.6 77.9 76.5 75.1 67.2 66.8 65.3 70.7 78.1 86.1 95.6 99.4 94.6 90.2 86.3 78.7 70 66 63.7 67 70.5 70.7 70.9 74.8 75.5
75.6 75.3 79.8 85.8 90.6 89.8 87.4 85.4 83.5 82.1 81.2 79.4 77.5 77.5 81.7 84.2 86.4 86 85.6 86.8 88 89.8 89.3 86.3 82.6 78.9 75.7 74.8 73.7 73.2 77.4 79.6 78.5 75.4 70.9 69.8 69.2 68.8 68.5 68 69.9 71.7 73.4 75.3 76.1 74.8 72.1 69.3 67 71.9 73 78.3 82.8 85.3 88.4 92 95 97.3 99.4 94.5 86 80.4 77.1 74.6 71 73.3 71.7 68.1 70.3 79.2 87.1 91.7 92.8 91.9 85.7 81 75.9 70.7 67.8 68.3 71.6 74.3 74.3 75.1 77 76.8
72.8 72.8 77.3 83 87.6 88.2 87.2 85.3 83.3 81.4 81.3 78.8 76.7 74.9 75.4 80.6 82.2 81.9 83.2 84.5 87 88.9 90.2 87.7 82.6 79.1 76.9 75.1 73.8 73.9 74.7 76.3 74.5 71.7 69.2 69.2 69.1 69 68.9 68.7 70.6 72.5 74.5 76.5 76.7 75.7 73.8 69.6 67.1 70 73.3 76.1 79.5 81.4 85.7 92.7 95.7 97.4 100 96.9 89.6 83.3 81.2 79.8 78.5 78.1 75 70.7 73.5 76.7 85.7 88.6 88.2 87.4 83.7 81.1 78.2 73.1 72.4 73.6 74.9 76 77 77.5 77.9 75.8
70.7 70.8 75.1 80.4 84.1 85 84 83.1 82.1 81.1 80.5 79 75.6 74.5 74.3 76.5 78.2 79.7 81.2 83.7 86.9 89.4 90.9 90.5 85.4 80.3 78.1 76.4 74.6 73.9 73.6 72.2 71.8 71.5 71.2 70.6 70 69.4 69.1 69.4 71.3 73.2 75 76.6 76.5 75.5 72.4 69.4 68.8 71.9 76 78 80.5 82.7 84.9 91 94.5 98.1 99.7 99.3 93.5 88.9 85.9 84 84.9 82.7 78.6 72.5 77.1 84 86.8 87 85 83.8 81.4 79.4 77.9 75.7 75.7 76 76.7 76.6 75.7 75.9 75.9 74
71.3 69.6 72.4 77.4 80.1 81.7 80.6 79.6 78.7 78.9 78.9 78.2 75.6 72.9 72 74.2 76.4 77.9 79.5 83 86.2 89.5 91 90.7 86.8 82.1 79.4 77.4 75.3 74.6 74.3 74.3 74.1 74 73.5 72.6 71.7 70.8 69.9 69.7 71.2 73.1 75.3 76.7 76.8 76.3 71.8 70.3 75.3 77.7 79 80.5 82.7 84.9 85.3 88.9 93.1 97.1 100 100.4 97 93.9 92 91.3 90.2 88.9 87.2 75.3 79.6 87.6 88.1 86.3 83.6 81.5 79.4 77.4 76.9 76.1 74.2 74.6 75.9 74.9 73.4 71.9 72 72
71.7 69.1 69.8 73.4 75.7 77.8 77 76.2 75.2 78.3 78.2 79 75.6 72 69.7 72.3 74.4 76.1 78.7 82.3 85.6 88.8 90.7 88.1 84.5 82.4 80.6 78.5 76.5 76.7 77 77.3 77.7 77.2 73.7 72.8 71.9 70.9 70 70.4 71 73.6 75.7 76.5 77.2 77 73.1 72.7 80.1 80.7 80.2 82 84.2 85.1 85.5 88.1 92.2 96 99.7 100.5 99.4 98.5 96.8 96.3 95.4 93.7 89.1 83.3 83.6 87 86.5 82.3 81.5 79 78.4 75.6 74.1 74.1 72.7 72.8 74.6 73.2 70.8 69 67.7 67.8
69.7 68.3 68 69.7 72.2 72.2 71.8 73.5 75.1 78.6 80.6 79.8 76.1 72.3 69.2 68.8 70.9 73.8 78.3 81.4 84.5 86.9 87.8 83.8 80.4 80.7 80.6 80.1 78.2 79 79.8 80.2 80.7 79.7 75 72.9 72 71 70.7 71.1 72.3 74.4 75.6 76.3 77.1 77.1 74.9 72.4 77.4 77.7 78.3 80.1 82 83.9 85.5 87.3 90.9 94.5 99.2 101.6 102.9 102.3 100 99.7 98.2 93.9 89.8 86 82.7 85 84.5 80 78.6 76.5 77.7 76 72.5 70.6 69.8 70 72.1 70.3 68 66.4 64.3 63.3
68.8 67.4 65.8 66.5 67.7 69.1 71.1 73.6 75.7 78.7 82.2 81.8 77.3 73.5 68.4 66.2 68.4 73.6 77.1 80.2 81.5 82.9 83.3 79.2 77.6 77.6 76.6 78.8 80.2 80.5 80.5 81 80 79.3 75.8 73 72 71 71.4 72.2 73.6 74.8 75.6 76.4 76.7 74.9 72.3 71.7 72.7 75 76.4 77.9 79.6 81.5 83.2 85 89.6 94.3 99 103.4 104.9 104 102 100.5 97.5 91.8 88.7 85.2 78 76.4 78.1 77.7 76.5 74.2 77.1 76 72.5 68.1 67 68.1 69.7 67.6 65.1 63.6 62.2 61.1
67.5 66.2 64.8 64.6 65.7 67.8 70.1 74.2 76.4 77.7 79.9 80.4 76.2 73.7 69.5 65 67.1 71.9 75.3 77.3 78.7 80.1 79 75.4 74.7 75.2 74.1 75.2 77.2 78.7 80.4 81 79.8 78.8 75.4 73.5 72.3 72.1 73.2 73 73.9 75.1 76.5 77.1 75.3 73.5 71.7 73.3 74.1 73.8 74.5 76 77.5 79.1 81.2 85.3 89.5 93.6 98.1 102.3 104.8 104.7 100.9 99.6 97 95 92.7 86.4 79 75.9 71.1 72.8 74.4 72.2 76.7 76.1 73.5 70.8 67.8 65.2 65.9 65.1 62.1 61 61 60.2
66.2 64.9 63.9 63.7 64.2 66.9 69.3 73 77.2 78.1 78.4 78.4 75.4 72.6 68.7 64.7 65.2 68.7 72.2 74.3 75.7 76.4 74.8 72.8 72.4 73.1 71 71.6 74.3 77.2 80.1 81.4 80.1 78.8 76 74.3 73.2 74.7 75.7 75 74.6 75.4 77.3 75.9 74.2 73.7 73.9 75.1 76.1 75.4 73.8 74.7 76.1 77.6 80 82.4 86.3 90.4 94.6 99.4 100.7 99.1 97.9 96.5 97.4 96.6 94.1 89.1 83.7 79.7 73.6 68.8 69.6 70.4 75.1 76.3 75.5 72.9 70.7 67.3 64.6 61.3 59.8 57.7 58.9 57
64.8 63.7 62.7 61.9 63.4 65.2 68.4 71.6 74.5 77 76.6 76.5 73.7 70.9 68.2 64.7 64.2 66.3 68.3 71.2 72.6 72.2 70.6 68.9 69.1 69.5 67.8 68.8 72.3 75.4 78.7 81.8 80.9 79.5 77.4 75.1 75.6 77.1 78.3 77.7 77.1 76.4 76.8 76 75.9 75.8 75.8 76.7 77.2 76.5 74.4 74.3 75.1 76.7 78.9 81.4 83.9 87.2 89.6 92.8 94.8 94.8 94.3 95.1 98.2 97.3 94.8 91 85.5 80.7 74.7 70.4 65.5 68.8 75.1 76.2 75.6 74.6 71.5 67.7 65.9 64.3 62.4 60.5 58.2 55.3
64.3 62.1 61 60 61.6 63.5 66.2 69.6 72.4 74.4 75.7 74.5 72 69.2 66.5 63.9 62.6 64.6 66.7 68.6 70.3 68.3 66.9 65.7 66 65.6 65.1 67 70.5 75.4 79.3 82.6 81.9 80.3 78.4 76.8 78.4 80.5 79.9 78.8 77.9 77.3 77.1 77.1 77.6 78 77.9 77.7 77.4 75.7 74.4 74 75.3 76.1 77.9 80.4 82.7 84.1 85.3 89.1 91.7 92.1 93.4 96.1 97.6 96.4 93.3 86.8 82.3 78.2 71.9 68.5 64.5 67.5 72.9 75.9 75.5 75 74.2 70.9 69.4 67 65.5 63.7 61.9 59.8
64.5 62 60 58.8 60.2 62.1 64.6 67.9 69.9 72.2 73.7 72.7 70.3 67.6 65.1 62.4 60.9 62.5 64.4 66.3 67.4 65.3 63.3 64 64.8 64.1 64.3 66.1 69.5 75.8 79.9 82.2 82.2 81.9 80.2 79.1 80.7 80.6 80.2 79.7 79.1 78.3 77.8 78.2 78.5 78.6 78.3 77.7 77.3 75.1 73.6 74.8 76 76.5 76.9 78.6 79.9 81.3 83.3 86.2 89.2 90 93.3 95.7 95.3 93.3 90.7 83.9 78.8 74.6 69.7 65.3 62.6 66.2 69.6 73.2 75.2 75.1 74.8 74.3 71.9 69.6 68.1 66.6 65.2 62.9
64.4 62 59.9 57.9 59 61 63.7 66.5 69.1 71.6 71.2 70.7 68.5 65.9 63.2 61.2 61.4 60.4 62.1 64 63.6 61.5 61.3 62.3 63.4 63.4 64 65.7 68.9 72.3 77.5 82 82.4 82.2 81.7 81 80.9 80.5 79.9 79.4 78.8 78.2 78.2 78.5 78.7 78.7 78.4 77.9 77.3 74.9 76.2 77.7 79 78.8 79.5 79.4 80.1 81.3 83.5 85.7 87.7 92.3 94.6 94.7 92.1 89 85.3 80.6 74.9 70.2 67.3 65.5 61.1 63.6 66.5 70.2 74.3 74.8 76.7 76.1 73.9 71.4 69.6 66.6 64.4 62.7
63.7 61.9 59.8 57.7 57 60.5 63.6 66.4 68.9 69.2 68.9 68.4 66.4 64.8 62.9 61 59.6 59.9 60 60.3 60.2 59.6 60.4 61.6 62.2 63 63.9 65.4 68.6 71.9 76.2 80.9 81.8 82.3 82.3 81.5 80.5 80.2 79.8 79.2 78.5 77.7 78.2 78.7 78.7 78.8 78.8 78.3 77.2 75.5 78.6 80.7 81.6 81.5 82.4 82.5 82.9 84.7 85 88.4 89.7 93 97.2 95.8 90.5 83.7 80.7 76.8 72 70.1 68.2 69.4 63.4 60.2 61.4 70.1 75.8 74 75 74.5 72.2 71 67.3 63.4 61.3 58.6
62.4 61.9 59.7 57.1 56.4 59.7 63.2 65.9 67.3 67.9 67.1 65.9 64.3 64.3 62.4 61 59.5 58.6 59.1 59.6 59.5 59.2 60.3 62.1 62.8 63.9 64.2 67.2 69.7 71.7 75.3 79.2 80.8 82.4 82 81.1 80.1 79.9 79.8 79.1 78.3 78.5 78.9 78.6 78.7 78.8 78.9 78.8 78 76.3 78.7 81.6 82.9 84.2 85.2 86.2 87.2 88.4 90.1 93.2 95 96.5 98.3 98.8 92.3 84.1 79.8 76.8 78.4 78.4 74 72.9 66.9 60.2 56.9 65.8 71.7 70 71.9 67.7 66.3 67.4 64.5 61.9 57.4 52.8
59.4 59.3 57.2 55.3 55.8 59.3 62.8 64.4 65.5 65.5 64.5 63.4 63 62.8 62.5 61 59.7 58.4 58.6 59 58.9 59.7 61.7 63.6 65 66.2 65.7 67.8 70.3 72.7 75.1 78.4 79.9 81.1 81.5 80.9 80.1 79.7 79.5 79.1 79 79.6 79.5 78.9 78.2 78.4 78.5 78 77 75.7 78.3 79.8 80.9 82.9 84.6 86.1 88.2 90.2 92.6 94.4 96.6 98 100.3 98.5 91.7 88.6 84.4 80.9 84.5 81.3 76.3 73.4 68.1 63.5 57.8 57.1 61.3 64.2 71.3 68.8 62.5 61.4 62.3 61.1 56.9 52.2
54.1 54.5 54.4 54.7 55.3 57.6 60.8 62.2 62.6 62.7 61.9 61.9 62.6 61.5 62.6 61.4 59.9 58.2 58.2 58.5 59 60.8 63.4 66.2 68.8 68 69.2 69.8 72.4 73.5 75 77.3 78.5 79.7 80.3 80.6 80.1 79.6 79.4 79.7 80.2 80.4 80.1 79.5 78.3 77.9 78 76.4 75.6 75.3 77.5 78.4 79.3 81.3 82.6 84.5 86.5 88.8 89.2 92.1 94.2 97.3 102.1 98.7 94.6 91.6 88.2 85.5 84.3 77.9 72 69.7 66.5 60.9 56 55.2 54.2 52.5 61.6 66.5 63.9 57.7 57.6 56.5 53.2 49.7
59.8 59.9 55.5 54.6 54.8 56.8 59.4 61.7 61.8 61.3 59.8 61.5 62.8 63.3 62.8 61.7 58.2 59.9 59.9 58.8 59.6 62.7 66.4 68.5 70.9 71.5 72.4 73.2 72.6 73.4 74 76 77.2 79.7 80.2 80.6 80 79.6 80.2 80.6 81.3 81 80.7 80.1 79.2 77.7 76.9 76.9 76.7 76 76.8 77.6 78.2 79.4 80.8 83.1 85.8 87.8 90.6 94 98.2 101 103.4 98.8 95.4 92.2 87.9 83.3 78.1 71.5 66.9 65.5 61.1 58.7 60.5 63.2 63.6 58.5 52.9 57.8 61.2 59.5 53.4 51.3 48.7 44.7
63.1 61.9 58.5 56.6 55.4 56.3 58.5 60.6 62.1 60.9 58.6 60.2 62.4 62.2 61.7 59.8 61.7 62.6 61.6 60.4 61.2 64.6 68.8 70.7 72.5 74.1 75.5 75.9 75.1 74 74.3 76.3 80.3 81.6 80.8 80.5 81 81.5 82.2 82.2 81.7 81.6 81.2 80.7 79.8 79.6 79.2 78.8 78.3 77.3 78.7 79.8 80.2 80.3 80.5 82.6 85.3 88.8 93 96 102.4 102.6 101.4 97.7 93.9 89.8 86.5 83 77.7 69.5 64.5 62 66.5 63.4 65.2 70 71.3 65.8 59.2 52.4 53.5 53.1 48.7 45.9 47.5 52.8
63.5 63 63 57.2 55.8 58.5 59.7 61.5 63.7 61.2 58 57.7 59 58.9 58.3 61.2 65 66.4 65.6 62.8 61.9 65.8 69.5 70.8 73.9 77.3 77.7 77.1 76.4 75.1 75.8 79.4 84 83.8 82.4 82.8 83.9 83.8 83.2 82.4 81.7 81.6 81.6 81.4 81.5 81.4 81.4 80.8 78.5 78.2 81.8 82.3 82.5 82.1 81.7 83.8 86 89.8 94 98.2 103.1 102.8 98.9 94.6 91.3 86.4 82.5 79.1 72.4 68.8 67.2 66.7 71 65.4 69.5 71.2 74 71 64.5 57.5 50.2 48.2 50 52.4 54.3 55.1
64.5 63.7 63.5 58.1 57.2 58.5 59 60.2 61.2 59.5 56.6 56.8 57 57.6 59.8 62.5 66.1 67.9 67.1 64.5 62.8 64.5 67.6 71.4 77.6 81.1 78.6 75.9 74.6 75.8 78.1 81.6 84.6 84.3 83.5 83 84 83.9 83.4 82.7 81.9 81.4 81.5 81.5 81.5 81.7 81.2 81.3 80.5 78.9 83.9 84.8 84.4 84 83.6 84.9 88.4 91.9 94.9 99.9 103.2 101.8 95.2 89.9 87.4 85.5 81.4 74.6 71.1 75.4 74.4 71.2 75.6 68.9 74.3 71.4 71.1 69 64.3 57.9 50.3 54.2 57 59.6 58.9 57.1
64.4 60.4 59.7 55.8 55.6 55.8 57.7 58.2 58.5 57 56.7 57.3 57.9 58.7 61.3 64 67.8 68.3 67.9 66 64.2 64.1 67 71.7 78.4 80.6 77.7 75.3 76.6 78.6 80.5 80.8 84.6 84.5 84.2 84.6 84.8 84.1 83.6 83 82.5 82 81.5 81.6 81.8 81.9 81.3 81 79.9 80.8 82.5 85 86.4 86 85.6 86.4 91.1 95.2 99.5 102.8 104.8 101.5 94.7 89.1 83.8 79.7 74.2 73.2 81.5 85.4 82.4 78.5 79 75.2 75 69.9 67.3 64.3 59.3 52.4 56 61.7 64.3 65.8 62.5 60.4
60.6 58.9 55.7 55.9 55.6 55.4 56.4 56.4 56.7 56.5 58.2 58.4 59 60.7 63 65.2 69 69.8 69.5 67.2 64.7 63.4 66.2 68.7 71.4 75.1 75.2 75.2 80.1 83.6 82.5 84.3 85.3 85.1 85.6 86.5 86.3 85.2 84.4 83.5 83.1 82.8 82.2 81.9 82.1 82 81.4 80.6 79.1 79.4 82.4 85.3 88.1 88.3 88.5 88.9 90.2 95.3 101 105.4 105.5 101.3 94.2 86.9 83.5 80.3 77.6 80.3 85.8 90.7 92.5 85.3 81.9 78.2 72.4 69.2 62.9 59.9 55.2 59.5 60.3 68.6 70.6 71.5 65.3 62.4
