data/SO47.asc
ncols 200
nrows 200
xllcorner 340000
yllcorner 270000
cellsize 50
[rows 35 to 69 of 200, columns 78 to 155 of 200]
175 171.5 168 165.7 164 161.7 158.4 152.7 147.7 143.7 139.4 135 130.2 125 121.8 119.8 118.5 117.2 116.2 115.3 114.3 113.7 112.9 112.2 112.2 111.4 111 110.3 109.1 108.2 107.5 106.8 106.5 106.1 105.6 104.7 104.3 104.1 103.8 103.5 102.9 102.2 98.2 97.7 97.7 97.5 97.3 97.5 97.8 99.2 99.9 100.7 100.6 100.7 100.8 100.9 101 100.9 101.1 101.4 100.7 100.6 100.6 99.8 99.1 99.3 99.1 98.7 97.7 96.6 99.9 104 107.3 108.3 107.7 106.8 106.5 106.7
174.1 170.5 167 163.6 160.9 158.5 156.4 150.9 145.7 141.3 136.8 132.7 128.9 124.9 122.4 121.2 120.1 119.1 117.9 117.3 116.6 116.2 115.5 115 114.1 112.9 112 110.8 109.6 108.5 107.8 107 106.6 106.2 105.4 105 104.7 104.4 104.1 103.6 103.1 102.8 102.1 101.8 97.2 97.3 97 97.3 96.5 96 97.9 100.4 101.1 101.1 100.7 100.5 100.2 100.4 100.4 100.4 99.9 99.9 99.3 98.7 97.6 97.8 98 98.2 100 95.7 99.2 101.7 104.7 106.2 105.8 105.4 104.8 105.3
171.1 168.9 165.7 162.4 159.6 157.6 154.3 149.8 145 139.6 135.7 131.9 128.5 126.2 124.8 124.5 123.8 123.3 123.7 123.9 124.2 123.1 119.7 116.2 115.2 113.5 112.4 111.4 110.2 109 108 107.2 106.7 106.1 105.7 105.3 105 104.7 104.2 103.8 103.3 102.9 102.6 102 101.3 100.1 97.2 97.2 96.1 97.4 96.2 98.2 99.2 98.8 99.6 100.1 99.6 98.7 99.2 100 98.9 98.4 97.2 96.7 96 95.6 95.4 95.8 94.5 94.3 96.8 99.9 101.5 103.8 104.9 104.6 103.9 104
167.4 165.7 163.4 160.5 158.6 156.7 154 150.3 145.6 140.4 135.8 132.3 131.1 129.4 129.2 130 130.3 130.6 129.6 127 124.6 123.2 119.9 117 115.1 113.4 112.8 111.6 110.5 109.5 108.3 107.5 106.8 106.4 106 105.6 105.4 104.9 104.4 103.9 103.5 103 102.7 102.1 101.4 101.1 96.9 96.9 97.1 97.4 96.7 96.2 96.5 96.2 96.3 97.1 95.5 95.3 95.1 95.5 95.9 95.5 95.1 94.8 94.7 94.5 93.2 93 93.2 93.3 93.9 94 94.8 99.8 102.4 103.4 102.5 102.4
156.7 156 157.7 157.7 155.9 155 153 149.9 145.4 140.6 135.9 132.5 131.9 132.5 131.2 132.2 133.9 133.9 131.6 127.2 123.8 121.3 117.9 116.1 114.6 113.6 113 112 110.8 109.7 109.1 108.4 107.2 106.7 106.3 106 105.5 105 104.5 104 103.6 103.1 102.7 102.3 101.2 101.9 96.6 96.7 96.9 97.3 96.8 96.1 96.4 96.1 95.2 95.7 95.6 95.2 94.5 94.3 94.2 94.2 94.1 94.1 94.1 93.3 91.9 91.8 92.2 92.5 92.2 92 92.4 94.2 100 99.6 101.2 100.6
154.4 150.6 144.8 145 148.4 151.7 150.6 147.9 143.9 139.5 134.3 131.4 129.7 129.3 128.5 129.6 131.1 132 130.3 126.1 122.9 118.6 116.7 115.1 114.1 113.4 112.9 112.4 111.2 110.3 110.3 109.7 108.4 107 106.6 106.1 105.6 105.1 104.7 104.2 103.7 103.1 102.7 102.7 101.4 100.1 99.8 97.2 97.4 96.8 96.9 96.4 96.1 95 94.4 93.4 93.7 93.8 93.9 93.8 94.2 94.2 93.8 93.4 92.8 92 91.7 92.2 92 91.9 91.9 91.5 91.6 92.1 93.5 97.8 98.9 99.4
165.8 161.9 156.7 149.3 143.1 139.2 140.6 141.7 140.7 137.1 132.2 129.3 127.1 126 125.2 125.5 127.1 129.5 128.8 126.5 124.3 121.1 117.5 114.5 114.3 113.2 113 112.9 111.7 111.3 111.1 110.3 109.4 107.8 106.7 106.2 105.8 105.3 104.8 104.3 103.8 103.1 102.6 102.2 100.5 100.6 99.9 99.8 100.2 100.3 96.5 95.2 95.9 94.3 94.6 94.3 93.6 93 93 94.3 93.7 93.9 93.2 92.3 92 91.8 92.6 91.9 91.9 91 91.1 90.9 90.5 90 90.8 93.7 94.9 93.5
168.8 165.5 161.7 157.7 153.5 148.4 141.9 136.8 133.6 132.5 130.6 129.1 126.2 125.2 124 122.8 123.9 126.5 127.7 126 124.3 120.8 117.1 114.5 114.4 113.3 113.1 113.1 112.5 111.7 110.5 109.5 109.2 108.2 106.7 106.3 105.8 105.4 104.9 104.4 103.6 102.7 102.1 101.6 100.9 102 101.4 100.9 101.1 100.9 99.9 95.7 96.6 95 95.7 95.8 94.3 93.8 94.1 93.6 94 93.6 92.8 92.1 91.5 92.4 92.5 92.4 92.2 91.2 90.3 90.8 90.4 90.1 89.4 90.4 92 93
170.9 167.5 165.2 162 158.6 154.6 150.3 145.2 141.2 135.3 131.7 128.8 126.6 124.6 122.9 121.9 121.5 122.9 125.3 124.3 122.6 119.2 116.1 114 113.9 114 115.1 114 112.2 111 109.8 108.8 108.3 108.5 107.1 106.3 105.8 105.2 104.6 104.1 103.4 102.3 101.3 101.8 102.1 101.8 101.6 101.3 101.1 101.2 100.6 95.1 95 94.6 100.2 101.1 100.9 100.7 99.9 94.2 93.2 93.5 92.9 92.5 91.8 91.6 91.4 91.3 91.8 91.5 90.3 90.5 90.3 89.8 89.4 89.4 89.9 90.4
172.8 169.4 166.9 165 160.9 156.9 152.5 147 142.1 136.9 132.3 128.1 126 124.2 122.4 121.2 120.2 120.4 122.5 123.3 120.8 117.7 115.4 113.9 113.6 113.9 114.9 113.2 111.9 110.2 109.2 108.9 109.8 109.6 108.2 106 104.9 104.4 104 103.1 102.4 102.6 103 102.9 102.4 102.1 101.8 101.7 101.8 100.5 100.4 100.8 100.6 99 101.1 102.5 102.4 102 101.4 100.9 101 101.3 100.5 99.4 94.4 92.1 94 98.1 96.5 91 91.2 90.4 90.1 89.9 89.8 89.8 89.7 89.7
172.8 171.2 168.5 165.5 161.5 156.9 151.9 146.6 140.8 135.5 131.2 126.8 124.9 123.4 122 120.7 119.4 118.6 118.6 119.7 119.2 117.1 114.7 113.8 113.5 113.3 112.8 111.6 110.6 110.2 109.9 111.6 112.2 110.8 109.4 107 104.9 103.6 103.1 103.2 103.3 103.6 103.7 103.1 102.7 102.4 102.1 102.1 102.3 101.2 101.2 101.1 101.4 101.9 101.8 102.6 102.6 102.2 101.8 100.8 101.2 101.5 101.1 100.7 100.6 100.8 100.6 100 99.5 98.8 98.1 97.9 91.2 89.9 89.6 89.5 89.5 89.6
171.7 169.9 168.3 164.9 161.2 156.6 151.3 146 140 134.1 129.7 125.7 124 122.5 121.3 119.9 118.8 118.9 117.2 116.7 116 115.5 114.8 113.8 113.2 112.8 111.7 111.5 111.1 110.8 112.1 114.5 113.7 111.9 109 106.3 104.6 103.6 105.6 105.2 105.2 104.6 103.8 103.4 103 102.7 102.4 102.4 102.6 102 101.8 101.3 101 101.6 101.7 101.6 101.7 102.6 101.3 100.8 101.2 101.3 101.1 100.6 100.8 101.1 100.7 100.3 99.5 98.8 98 97.7 97.5 95.6 94 92.3 90.1 89.4
171.5 168.4 166.4 163.4 160.2 156 150.6 145.3 139.4 134.5 131 128 126.7 124.5 122.7 122.6 123.3 123.1 121.9 120.8 119 116 114.7 113.9 113.2 112.8 113.4 112.9 112.2 111.4 113.6 114 112.9 109.6 107 105.2 104 107.2 109.1 108.6 107.4 105.7 104.5 103.8 103.7 103.5 103.5 102.7 102.8 102.6 102.1 101.5 101 101.2 101.4 101.2 101.2 101.5 100.8 100.8 101.2 100.6 100.6 100.6 100.9 101 100.7 100.4 99.6 98.8 98 97.6 97.4 94.3 91.7 93 92.6 89.1
169.6 165.9 163.3 160.3 158.4 154.6 150.2 144.7 140.1 136 132.1 131.5 129 127.4 126.4 126.6 127.6 128.3 126.7 123.1 119.9 117.1 115.1 114.2 114.3 114.3 114.2 114.4 113.4 112.4 113.4 114.1 111.6 108.5 105.7 104.2 106.4 111.3 112.3 111.2 110 108.4 106.4 105.1 104.7 105.2 104.4 102.9 103 102.6 102.2 101.8 101.3 100.9 101.1 101 100.9 100.6 100.5 100.4 100.6 99.9 99.5 100 100.5 100.8 100.8 100.4 99.6 98.8 98.1 96.9 96.2 94.8 91.4 91.9 90.9 88.3
167 163.4 160.2 157.6 155.9 152.2 148.7 143.9 139.4 135.1 131.8 130.7 129.5 128 127.3 129 131.6 131.1 128 123.5 120.2 117.5 115.7 117 115.8 115.9 114.9 115 114.1 113.3 114.3 113.4 110.8 107.7 105 105.4 110.5 115.3 114.4 113.6 112.4 111.2 109.4 107.4 107.2 106 104.7 103.3 102.9 102.6 102.2 101.8 101.4 101 100.8 100.6 100.3 100.2 100 100 100 99.5 98.9 98.9 99.1 99.4 99.8 100.5 99.8 99.4 98.7 97 95.1 94.9 94.6 91.5 93 87.9
167.6 163.8 160.2 156.9 154.9 151.4 147.7 143.3 139 134.4 131.4 129.3 128.2 127 127.8 129.2 132.9 131.3 127.2 124.3 120.6 118.8 117.5 119.7 118.9 116.7 115.7 115.6 115.1 114.5 114.1 113.2 109.8 106.9 105.3 109.3 115.1 116.9 115.8 115.7 114.7 113.6 111.9 109.6 108.5 107.3 106 104.3 103 102.6 102.2 101.8 101.4 101 100.8 100.6 100.5 100.3 100.1 100 100 99.6 99 98.9 99.4 98.7 99.2 99.7 100.1 100 99.3 97.3 95.7 94.6 94.6 91.6 90.6 88.8
167.6 164.9 160.6 157.1 155 152.1 147 142.7 138.7 134 130.4 128.2 127.3 126.2 124.6 126.3 131.2 131 127.6 124.9 122.1 120.6 120.3 121.9 119.8 117.4 116.7 115.9 115.7 115.7 115.4 113.4 109.9 106.5 106.8 114.5 119.2 118.4 117.2 117.2 117 115.9 114.7 112 110 108.8 107.1 105.2 103.7 102.9 102.2 101.8 101.4 101.1 100.8 100.8 100.6 100.5 100.3 100.1 100 99.8 99.3 100.9 100.4 100.1 98.4 98.6 98.7 99.1 98.6 97.4 96.3 94.9 91.5 91.5 91.1 87.9
158.3 152 149.4 146.8 146.3 142.8 140 138.4 134.1 131.8 129.6 127.9 126.7 125.3 124.2 123.4 127.2 131.2 128.2 125.7 124.3 121.6 122 122.1 119.8 117.2 115.7 115 114.4 115.4 115.6 113.5 110.2 107.7 107.6 117.5 121.3 120.3 119.3 119.4 119.1 118.2 117.1 114.4 111.5 110 107.7 106.1 104.3 103.6 102.9 101.9 101.5 101.2 100.9 100.7 100.8 100.6 100.4 100.3 100.1 100 100.8 103.7 100.2 103 100.8 99.5 98.8 97.9 97.3 97.4 96.2 91.4 91.8 91.5 94.8 87.9
148 143.9 142.7 140.5 138.9 134.5 132.9 133.1 132.1 131.3 128.8 128.2 126.2 125.3 124.1 122.5 123.1 127 128.8 125.9 124.8 122.3 122 122.3 120.1 117.1 114.1 112.7 113.6 115.1 116.4 113.5 110.4 108.1 108.4 117.9 122.9 122.1 121.5 120.2 118.9 119.2 118.2 116.4 113.7 111.7 109.2 107.1 105.2 103.7 103.3 102.5 101.7 101.4 101 100.7 100.9 100.8 100.6 100.4 100.2 100 101 103.1 105.7 106.8 104.6 101.5 99.6 97.8 97.8 97.9 95.9 92 92.1 98 93.5 92.7
165.7 166.1 162.6 158.7 155 151.5 148.9 145.4 141.2 134.9 130 127.5 126.1 124.6 123 122.1 120.8 123.8 128.4 126.1 123.7 122.2 122 122.5 120.7 117.6 114.5 112 112.1 113.2 114.1 113.3 109 106.8 108.7 116.8 123.5 123.4 120.6 118.6 117.3 118.3 119.6 118.8 117.3 116 114.5 113.2 110.2 108.5 105.1 103.5 102.3 101.5 101.2 100.8 100.6 100.8 100.6 100.4 100.2 100 100.3 101.9 104.4 107 107.9 105.2 102.5 99.6 98.2 97.9 97.6 97.2 98.1 95.2 94 93.5
173 169.3 165.3 161.7 158.8 155.7 152.5 148 143 138 132.3 128.7 125.1 124.7 123.1 122 120.6 121.7 125.6 125.5 123 121.9 120.7 120.7 120.7 117.6 114.5 111.7 110.7 110.8 111.7 110.1 107.2 107 109.9 116.1 122.8 121.6 118.8 117.2 116.8 117.7 120.3 122.5 121.6 120.3 119.1 116.9 114.2 112 107.9 105.3 103.9 102.7 101.5 101.1 100.9 100.6 100.5 100.3 100.1 99.8 100.2 100.9 102.8 105.6 108.4 108.3 105.3 101.7 99.2 98.3 97.7 97.6 97.9 96.7 95.4 94.1
174.5 170.9 167.3 163.8 160.8 157.8 154.1 149.5 144.5 139.3 134.4 128.9 125.7 126.5 123 121.9 120.4 119.1 120.8 122.9 122.3 121.2 120 118.9 119.1 117.6 114.6 111.6 110.4 109.6 109 108.2 107.3 108.4 110.6 114.1 119.7 118.3 117.1 116.5 115.9 116.4 119.4 122.6 122.4 121.3 119.6 117.2 114.6 112 110 107.5 105.3 103.4 103.7 102.5 101.2 101 100.9 100.9 100.7 100.2 100.3 100.3 101.2 103.7 106.6 108.4 107.6 103.7 100.1 99 98.4 97.7 97.8 97.6 98.4 95
174.3 171.5 168 165.2 162.3 159.3 154.9 150.4 145.2 139.7 133.9 130.9 127.1 126.7 123.5 120.2 120.1 118.5 118.5 119.5 119.6 119.3 118.1 116.5 116.4 116.3 114.7 112.1 110.5 110.3 108.9 109.3 109.5 109.7 110.7 114.3 116.5 117.2 116.4 115.8 115.1 115.8 117.7 121.1 122.5 122.1 119.6 117.6 115.4 113.5 111.8 109.4 107.1 105.7 106.2 104.7 102.6 101.5 101.2 101.3 101.6 100.8 100.1 100 100.4 101.8 104.1 105.4 105.8 104.4 101.9 99.6 98.3 97.9 97.9 100.1 100 99.2
172.6 170.3 168 164.8 161.6 158.9 154.9 150.8 145.7 140.6 135.1 130.4 126.4 124.7 122.7 122 120.9 117.4 117.9 117.8 115.6 116.6 114.1 113.9 113.6 113.4 114.5 112.5 110.5 109.1 108.8 110.3 111.7 111.8 111 112.6 114.1 115.9 115.7 115 114.2 114.5 116 118.5 121.1 122.1 120.1 119.2 116.9 115.2 113.9 111.9 110.2 108.9 107.5 105.5 104.3 102.9 101.5 101.5 102.7 101.8 100.5 99.9 99.7 100.4 101.3 102.2 102.2 101.3 99.4 98.7 98.6 98.4 99.5 103.4 103.3 102.1
175 169.9 165.1 162.6 159.6 157.4 154.6 150.7 146.2 140.7 135.5 131.2 127.2 124 122.5 120.8 118.4 116.4 116.4 117 113.6 113.6 113.6 112.7 111.8 111.3 112.9 111.7 110.1 110.1 110.4 111.5 113.3 112.9 111.3 111.4 112.1 114.3 114.8 114 113.2 113.8 114.8 118.6 120.5 121.4 121.7 121.5 120 118.1 117.4 115.2 112.5 110.3 108.9 106.6 104.7 103.5 102.4 102.3 104.5 103.9 102.5 101.4 100.2 99.4 99.8 99.7 99.3 99 98.9 98.7 98.7 98.4 99.9 101.2 101.7 99.9
178.4 173.6 168.5 162.9 157 153.7 150.7 147.4 142.8 140.5 136.3 132.8 128.8 124.9 123.1 121.4 120.5 118.3 116.4 116.4 116.8 117.3 115.5 114.4 113.2 112.1 111.6 110.2 110.6 112.2 113.1 113.9 115.6 114 112.1 111.8 111.2 112 112.6 112.5 112.4 112.5 114 116.2 118.2 120.3 121.1 122.7 122.5 121.2 119.9 118.1 115.4 112.9 109.9 107.6 105.2 103.9 103 103 104.8 106 105.1 103.9 101.8 99.7 98.9 98.8 98.6 98.7 98.9 98.7 98.6 98.1 98.9 99.4 97.7 96
180.1 175.4 170.8 166.1 162 157.9 153.4 150.4 146.8 143.5 139.5 135.5 130.8 126.7 124.4 122.3 121.4 119.3 117.3 117.3 119.3 121.1 119.8 117 114.3 112.6 111.5 111.1 113.8 115.9 115.4 115.6 116.8 114.7 112.7 112.3 111.7 112 112.3 112.3 112.1 111.7 112.7 113.2 114.7 116.8 119.5 122.3 122.9 122.2 120.9 119.2 117.3 114.8 111.5 108.2 106.3 105.1 104.5 104.5 104.7 107.1 108 105.9 103.1 99.9 99.2 98.6 98 98.5 98.7 98.7 98.3 97.7 97 96 95.3 94.8
180.1 175.4 171.3 166.6 162.5 158.7 153.4 150.3 148 144.8 140.3 135.6 131.1 127.9 125.1 123.1 121.5 119.9 119.2 121.2 123.4 124.3 121.7 118.5 115.5 113.3 112.2 111.8 116.7 118.3 117.5 117.2 118 115.8 114 112.5 112.2 112.4 113.4 113.3 112.4 111.4 111.4 112 112.8 114.6 116.9 120 122.8 123 121.8 120.4 119.3 117.3 114.5 112 109.9 109.9 109.6 108.3 107.4 108.8 108.9 105.9 103.2 100.5 99.2 98.4 97.8 98.2 98.3 98.3 97.3 96.4 95.6 94.8 94.7 94.7
180.2 175.2 170.6 166.5 163 159.3 154.1 149.6 146.6 143.1 139.3 135.8 133.3 129.7 125.6 123 121.5 121.2 121.6 122.1 123.7 125.2 123 119.9 116.4 114.1 112.7 112.8 117.5 119.8 118.4 118.8 119.6 117.9 115.7 113.5 113 113.9 115 115.4 112.6 111.6 110.6 111.1 111.9 113 115.1 118.3 121.7 123.6 122.8 121.9 121.2 119.8 118.3 116.7 115.8 115.2 114.7 112.6 109.9 109.1 107 104.7 102.9 101.2 100 98.7 97.6 97.5 97.3 97.4 96.7 95.6 94.7 94.8 94.9 94.7
180.9 177 173 169.2 164.8 160.4 155.9 152 148.1 144.5 142.1 138.9 135.6 132 127.3 124.3 122.9 123 124.6 124.8 125 125.2 124.2 120.8 117.4 114.8 113.7 113.7 118.4 121 119.4 119 120.6 118.4 116.2 114.1 113.7 115.1 116.7 116.6 113.9 111.5 110.3 110 110.8 112 113.8 117.1 120.8 122.3 123.4 122.7 122.4 122 121.2 120.3 119.7 119.2 117.9 115.4 111.9 109 106.4 104 102.6 101.3 100 98.7 97.6 96.8 96.4 96.4 96.1 94.9 94.7 94.6 94.6 94.3
182.4 178.5 174.6 170.4 166 162.1 158.5 154.6 150.8 147.4 144.9 141.7 137.5 132.7 129.3 126.1 124.4 125.5 126.5 126.4 125.7 125.2 124.4 121.3 118.2 115.6 115.1 114.4 118.8 121.2 120.4 119.2 120.4 119.6 116.6 115 114.4 114.3 114.7 115.9 114.8 112.1 110.6 109.7 109.8 111 113.6 116.8 121.6 123.1 123.7 122.5 122.5 121.6 120.7 120.6 119.8 118.6 117.9 116.7 113.6 109.9 106.7 103.5 102 101 99.9 98.6 97.6 96.5 95.9 94.7 94.3 94.6 94.6 94.5 94.5 94.3
183.1 179.3 175.6 171.9 168 164.1 160.4 156.8 153.2 150.2 147.7 143.9 139.8 135.7 131.7 128.2 127.3 127.4 127 126.8 124.3 122.7 121.2 119.6 117 115.7 115.2 114.7 116.3 118.2 120.4 120.3 120.6 120.8 117.5 115.4 114.3 113.4 113.5 113.7 113.9 112.9 110.8 109.8 109.5 110.6 112.8 115.6 121 124.3 123.6 122.6 121.6 120.7 119.7 119.3 118 116.6 115.8 114.7 112.6 109.4 106.5 103.5 100.7 99.7 99.4 98.5 97.1 95.6 94.7 93.7 93.1 94 94.1 94.1 94.1 93.9
183.5 180 176.6 172.8 169.2 165.6 162.4 158.8 155.2 152.3 149.9 146.2 142.1 137.6 133.5 130.9 130.3 129.2 127.5 126.9 123.9 120.9 119.3 117.7 116.2 116.4 115.9 115.4 115.5 116.7 119.8 121.4 121.3 121.5 118.2 115.9 114.6 113.1 112 112.3 112.7 113.1 111 109.8 109.4 109.8 111.8 114.2 119.5 124.2 122.7 121.5 120.3 119.1 118 117.6 116 113.7 112.3 110.8 109.3 108.2 105.5 102.9 100.2 98.4 97.7 96.9 95.8 95 94.3 93.4 92.6 93.2 93.8 93.6 93.4 92.9
182.1 180.9 177.6 173.5 170.2 166.7 163.4 160.3 157.3 154 152.1 148.4 144.3 139.5 134.6 130.7 131.1 130.6 127.8 125.5 123.2 120.5 118.8 116.7 118.4 118.6 116.9 115.8 115.3 116.8 118.9 120 120.5 122.5 119.3 116.9 115.1 113.4 112 111.2 111.5 111.8 112.1 110.2 109.3 109.6 110.8 112.8 117.5 123 122.4 120.4 118.8 117.6 116.6 116 113.6 110.9 108.1 106.9 105.9 104.8 102.9 102.5 100.6 98.1 97.5 97.9 97.5 96 95.3 94.6 93.7 91.9 91.4 92.3 92.3 90.6
174.1 176.8 176.2 173.8 171.5 167.6 164.3 161.2 158.1 155.5 154 150.3 146.3 141.8 136.5 131.7 128.4 128.3 126.9 123.8 121.5 120.4 120.2 123.1 123.7 120.5 117.3 116 116 116.3 117.7 118.2 119.6 122.8 122 118.9 116.9 114.4 111.7 111 110.3 110.8 111.9 111.2 110.1 108.3 109.4 110.9 115 120.5 122.8 120.1 118.3 116.6 114.7 112.9 110.8 108.4 105.2 103.7 102.4 101.3 100.7 100.9 99.1 98.9 99.9 101.3 100.4 98.8 96.3 94.7 93.8 92.4 91.1 90.1 90 85.6
