data/SO59.asc
ncols 200
nrows 200
xllcorner 350000
yllcorner 290000
cellsize 50
[rows 105 to 139 of 200, columns 78 to 155 of 200]
189.2 183.1 177.7 173 169.6 166.5 165 163.8 163.6 163.1 162.7 163.2 165.3 166.4 166.8 165.9 166.6 166.9 167.6 168.7 170.1 171.7 172.8 173.3 175.9 178.6 183.8 191.2 200.4 209.5 218.1 226.6 246.3 248.1 240.3 229.2 225.3 219.9 214.2 210.8 208.4 207.8 210 208.5 206 202.1 202.1 201.7 201.4 200.5 200.2 200.6 200.9 200.8 199.7 196.9 192.8 190.4 187.5 186.1 191.5 197.2 201.9 209.1 222.5 229.4 233.7 234.1 236.8 240.2 241.1 240.7 239.4 237.5 234.3 231 227.8 224.8
190.1 187.5 182.1 175.1 171.1 167.9 165.9 165.1 164.7 164.6 164.3 163.5 164.4 166.5 166.6 166.3 166.4 167.2 168.8 170.3 172.5 173.1 174.2 176.9 179.7 185.4 191.8 201.1 211 220 231.8 244.7 250.4 241.5 235.3 227.7 222.9 216.3 213.3 210.2 207.9 210.3 209.6 206.6 204.3 204.9 205 204.9 204.3 203.5 203 203.8 205.1 206 204.7 201 196.7 192.9 189 186.5 189.3 194.1 198.1 205.1 218.1 224.3 232.9 232.2 232.2 235 237.3 236.8 236 234.1 230.9 227.7 224.6 221.8
191.1 187.9 183.5 177.5 172.4 169.7 167.2 165.8 165.2 165.3 164.8 164 164.6 165.8 166.3 167 167.2 168.4 170.1 172.8 174.8 175.3 176.6 179.5 185.7 193.1 201 211.1 221.1 231.6 243.2 252.8 242.6 236.4 230.9 225.3 220.8 215.6 213.4 210.2 209.8 210.8 208.2 205.8 207 208 208.3 208 207.7 207.4 208.1 211.5 212.4 212 210.5 206.1 199.7 194.3 190.8 187.1 186.3 189.5 193.7 199.2 210.5 216.6 224.2 232.3 229.7 229.4 232.9 232.9 232.4 231.1 228.3 225.1 222 218.7
191.5 185.3 181.4 179.3 176.8 172 169.4 167.6 166.9 165.7 165.1 164.3 164.8 165.7 166.9 167.6 168.3 169.9 172 174.5 176.2 177.1 179.9 185.1 194.4 202.9 211.9 220.9 230.8 246 255.7 248 238.6 231.9 228 223.7 220.1 215.4 212.6 211.6 211.1 209.7 207 209.2 210.4 211.6 212.4 212.8 212.3 214.6 220.3 223.1 222.7 219.9 217.1 213.5 206.3 197.4 192.8 189.7 186.3 185.1 188.1 195.7 202.8 208.7 213.9 230.2 228.6 222.7 227.8 229.2 228.8 227.5 225.4 222.8 220.1 216.8
194.6 188.8 184.5 181.5 178.1 175.2 172.5 170.3 167.9 166.1 165.3 164.7 165.4 169.1 169.4 169.9 170.2 171.6 173.2 175.6 177.7 179.3 184.9 194.2 203.8 212.4 222.4 233 243.2 255.7 248.8 242.8 234.9 229.8 225.4 222 218.3 214.6 212.8 211.4 209.8 209.9 211.9 212.8 213.9 215.1 216.2 217.7 221.2 228.2 234.9 237.2 236.5 237.2 235.4 231.6 217.1 206.9 198.1 193 190 186.4 184.7 189.3 194.4 201 205.9 216 224.2 217.4 220.8 224.7 224.7 223.5 222 220.3 218 214.5
195.6 191.9 187.8 184.2 181.6 178.9 174.5 172.6 168.9 167 166.2 167.9 171 172.3 172.2 170.6 171.3 173.5 175.1 178.1 181.4 184.7 193.6 202.9 212.7 222.7 233.8 247.4 257.1 250.8 242.6 236.3 231.9 228 223.7 219.9 217 214.2 212.4 210.6 210.9 212.7 215 216.9 217.4 219.1 223.9 230.4 236.2 244.6 247 249 250.6 249.5 248.7 243.4 236.7 219.2 209.1 198.9 194.3 191.4 188.7 182.7 185.7 193.1 197.3 203.2 210.8 211.2 210.5 219.7 220.7 220.5 219.1 217.7 216.1 213
198.4 196.5 191.1 189.5 187.5 182.3 177.1 172.4 169.4 169.1 170.6 172.6 174.2 175.4 173.3 171 172.9 175.2 177.3 181.5 185.4 193.1 202.5 212.2 222.7 233.4 249.8 259 252.6 245.4 238.7 233.7 229.6 225.7 222.5 219.6 216.7 214.2 212.2 211.3 213.2 215.4 217.9 220.4 222.7 225.7 236.3 246.4 254.3 257.6 258 259 258.5 257.2 255.6 250.6 240.6 229.4 214.8 208.2 202 197.6 194.1 189.1 183.8 184.6 188.1 192.9 197.6 200 198.5 210.1 216.3 217.4 216.2 215 213.6 211.5
199.4 198.6 197.9 195.7 190.8 185.9 178.1 173 174.3 175.7 176.4 177.4 177.2 177 174.9 173.2 175 177.6 181.1 185 190.4 200.5 210.4 219.9 235.8 248.6 261.8 254.6 247.3 241.6 236.3 231.4 228.4 225.3 222.3 219.3 216.4 214.4 212.5 212.7 215.2 218.6 221.5 224.2 228 237.4 250.3 259.1 265.6 267.6 267.1 264.4 261.4 260.1 258.4 253.5 243.4 234 220.5 224.6 224.4 212 200 194.4 189.4 184.2 181 181.8 183.9 187.6 190.7 197 211.5 214.1 212.9 211.6 210.4 209.3
200 199.7 198.9 197.1 191.4 183.6 178.4 175 179.7 180.2 179.6 179.6 180 179.7 176 175.7 178.1 182.3 184.2 189.1 198.8 208.6 217 231.7 246.2 260.7 257 250 243.6 238.4 233.6 230.1 227.5 224.9 222 219 216.5 214.7 213.1 214.4 217.2 220.7 224 228 238.4 253.9 265.6 270.7 273.2 273.4 270.5 267.2 263.8 261.3 258.5 252.3 243.6 235.8 232.5 236.7 236.9 234.2 221.2 209 196.9 189.3 184.6 181 181 181 183.5 189.1 201.6 210.2 209.5 208.4 207.5 206.4
199.6 199.5 197.9 194.4 186.2 180.4 177.3 176.6 181 180.6 180.4 180.9 181.6 179.6 176.5 177.8 180.6 184.3 187.9 194.4 207.6 215.9 227.6 242 260.2 259.3 252.4 246.4 240.9 235.8 231.9 228.6 226.1 223.5 221 218.6 216.9 215.1 214.4 216.2 219.1 222.7 225.8 234.9 254.7 271.2 277.1 279.3 277.2 274.5 271.8 268.6 265.5 262.5 258.4 251.3 245.8 241.2 238.7 241.4 240.7 237.1 233.1 230.5 223 201.8 191.6 188.2 182.2 180.4 176.4 181.1 191.7 206.1 206.7 205.7 204.6 203.5
198.6 198.8 196.7 190.2 182.1 178.6 177.5 181.9 181.3 179.3 179.4 181.1 180.3 178.3 177.1 179.4 183 186.4 194 206 214.7 224 235.6 256.8 261.4 255.4 249 244.5 239.2 234.6 231.3 227.7 225 222.7 220.5 218.3 216.8 215.6 216.4 218 221.2 224.6 231.8 250.3 263.1 272.9 279.5 279.3 276.9 275.3 272 268.8 265.9 262.7 257 251.7 247.2 243.9 243 243.5 242 239.2 235.9 231.6 228.9 224.1 214.7 210.8 199.7 188.9 178.2 175.3 188.2 202.2 203.3 202.9 201.8 200.6
197.6 197.2 194.9 185.6 181.3 179.5 183.1 184.1 181.7 179.2 177.8 178.4 178.5 178.1 179 183.1 186.2 189.9 198.2 212.2 222.1 234.4 253.4 263.8 258.3 252.1 246.9 242.5 237.8 233.7 230.4 227.2 224.5 222.1 220 218.2 216.6 217 218.1 220.4 224.3 227.6 243.2 256.4 265.1 270 278.1 279.1 276 272.7 270.7 268.1 265.3 260.3 254.9 250.5 246.9 244.7 244.8 243.9 241.2 239.2 236 232.8 228.9 225.6 223 216.8 204.9 191.6 180 174.6 186.4 197.8 199.6 200.1 199 197.9
197.8 188.9 189.6 181.8 181.5 185 186.7 184.5 183 178.9 177.8 178.4 180.3 181.8 182.7 186.6 189.2 197.6 208.8 219 234.3 248.2 264 260.4 254.9 250.4 245.9 241.3 237.5 234 230.5 227.2 224.5 222.2 220.4 218.9 218.5 218.8 220.4 223 227.2 236.9 250.4 258.3 265.5 270.6 276.9 276.8 275.3 271.4 268.3 265.3 261.6 256.4 251.8 247.9 245.3 244.7 244.6 242.7 240.4 237.5 234 230.8 227.9 224.8 222 216.9 208.8 193.1 181.2 175.4 180.7 188.9 194.5 196.6 196.2 195.3
195.2 187 182.7 186.5 186.7 186.6 186.4 185.6 183.9 178.5 178.7 180.8 182.3 184.3 187.4 188.5 193.6 203.4 213.6 227.4 246.7 262.6 262.3 257.6 253.1 248.6 244.1 240.9 237.5 234.1 230.7 228.1 225.5 222.9 221.4 220.1 220.5 221.3 222.6 226.2 233 244 253.4 259.6 263.7 268 274.7 276.4 275 271.7 267.5 262.9 257.1 252.9 248.9 244.8 243.9 242.9 241.8 240.1 237.9 235.2 232 228.5 225.6 223.4 221.4 217.3 211.9 199.1 183.6 173.6 175.5 178 182 192.9 193.3 192.4
185.5 184 184.3 185.7 185.9 185.6 186.1 186.6 185.3 179.9 180.7 182.6 184.3 186.9 189.5 194.6 205.1 210.8 220.8 235.9 257.5 262.6 259.4 255.2 250.7 246.4 243.5 240.6 237.3 233.9 230.8 228.3 225.7 223.6 222.3 221.6 222.4 224 225.1 231.6 239.1 248.2 254.2 257.8 260.9 264 272 277.1 275.6 272.1 267.5 261.8 255.6 249.9 245.7 242.7 241.9 240.6 238.9 237.1 235.3 232.8 229.6 226.4 223.2 222 220.4 217.7 213.7 206.1 196.2 179.5 170.9 171.4 172.4 181.9 189.8 189.5
185.7 184.6 185.5 185.4 185.3 185.4 186.3 186.9 185.6 180.7 182.7 183.6 186.2 189.2 192.1 198 204.4 213.2 223.3 237.3 259.5 259.5 256.6 252.5 249 246.1 243.2 240.3 237.1 233.9 231.2 228.5 225.8 224.2 223.3 223.5 225.2 227.5 230.9 237.2 244.8 249.4 253.4 254.9 256.5 258.9 268.1 276.5 275.2 271.5 266.2 260.2 254.4 248.7 243.3 239.8 240.3 239.6 237.4 235.1 232.7 230.2 227.8 224.4 221.5 219.7 219.6 216.6 212.9 209.1 203.9 197.4 182.5 172.3 169.4 170.5 186.5 186.4
186.8 185.8 185.3 185.4 185.3 185.2 186 187.1 186.5 183.2 184 186.6 188.8 191.3 194.8 199.8 206.7 215.3 223.2 234.2 255.2 257.1 254.3 250.5 247.4 244.9 242.4 239.9 237 234.3 231.6 228.9 226.2 225.3 225 226 228.1 231.5 238.6 243.4 248.2 251.3 253.8 252.3 252.8 255.4 261.3 274.1 273.4 269.4 264.1 258.2 252.8 247.5 242.2 237.8 237.1 238.7 237 233.9 231.5 228.1 225.5 222.9 220.8 218.5 216.4 214.5 211.5 207.7 204 198.7 190.5 180.9 173 167.5 172.6 182.7
186.1 184.8 185.4 185.4 185.3 185.3 186.4 187.4 186.2 186.1 187.5 189 190.8 194.3 197.6 202.8 210.4 216.7 222.4 233.1 251.1 254.6 252.4 248.9 245.6 243.1 240.6 238.4 236.6 234.3 231.4 228.3 226.7 226.4 226.8 228.8 232 240.8 249.2 251.3 252.8 251.9 251.4 248.8 249.2 251.4 254.8 269.9 270.8 267.2 261.9 256 250.6 245.7 241.7 238 235.2 236.6 235.1 233.1 230.1 226.6 223.4 220.8 218.3 216.4 214.5 211.9 209.4 206 202.2 198.3 192.3 183.8 176 169.8 165.5 175.4
186.5 185.6 184.9 186.2 186.3 186.3 186.8 187.6 187.9 188.8 192 192.2 195.5 199 202.5 208.9 214 219.9 226.3 242.7 255.1 254.2 250.3 246.3 243.5 241.3 239 236.8 236.5 233.6 231.3 229 227.6 228.2 229.7 233.9 241.2 250.2 256.8 256.3 256.3 255.1 252.6 248.5 246 247.1 250 258 266.5 263.8 258.7 253.5 248.9 244.2 240.5 238.4 234.5 232.4 232.6 230.8 227.9 224.4 221.4 218.9 216.4 213.3 211.7 209.6 207.1 204.3 200.7 197.1 192.6 187.3 180.3 173 168.2 164.3
186.4 186.6 186.5 187 187.7 187.8 187.8 188.2 189.9 190.8 193.8 197.3 202.8 207.9 210.8 214.9 219.4 224.5 237.6 254.4 255.6 251.7 247.3 243.7 241.5 238.8 237 236 235 233.2 231.1 229.7 229.7 230.7 233 238.6 252.2 258.3 260.5 261.9 260.8 259.2 256.4 252.2 245.5 242.4 244.5 248.1 259.2 259.9 254.9 249.6 244.7 241.3 239.4 237.9 235.4 230.7 229.1 228.2 225.3 222.5 220 217.7 215.4 211.7 208.3 206.1 204.5 201.8 199.1 195.5 191.6 187 181.6 176.3 169.8 164.3
186.4 187.1 187.8 188.4 188.7 188.8 189.2 189.4 191.5 193.1 196.3 204.1 209.7 213.7 217.2 220.9 226.4 242.3 255.9 257.7 253.2 248.5 244.6 241.1 238.8 236.6 234.8 234.5 233.9 232.4 230.6 230.4 232 233.2 236.4 244.6 261.2 267.2 268.5 267.9 265.7 263.3 260.3 256.7 251.9 241.9 239.1 241.2 249.5 255.1 250.8 245.7 240.8 234.8 231.5 231.9 232.7 228.5 225.2 225.3 222.6 221 219.3 217 214.5 211.3 208 203.4 200.7 199.1 196.5 193.7 189.6 185.6 181.4 176.5 171.2 165.6
186.4 187.4 189.9 189.7 189.7 189.9 191.5 191.5 193.8 196.4 202.6 208.5 213.6 218.4 223 230.6 243.7 261 259.6 255.3 250.8 246.1 241.6 238.7 236.4 234 232.7 232.5 231.8 229.7 228.9 231.2 232.5 236.2 240.7 251.8 267.9 275 274.3 271.9 269.5 267.2 264.5 260.9 257.3 251.1 239.9 236.2 239.2 247.9 245.8 241.9 235.2 231.3 231.4 229.8 227.7 226.6 222 221.2 220.9 219.5 218.4 216.1 213.1 209.9 206.4 202.3 197.2 195.4 193.7 190.7 187.2 183.3 180.1 176.1 168.2 167.4
186.4 187.7 189.7 190.3 190.6 191.8 192.3 192.5 197 201.8 207.3 213 218.1 223.9 229.1 246.8 261.3 260.6 256.6 252.3 247.4 242.3 239 235.8 233.3 231.4 230.7 230.6 229.8 227.9 228.4 230.7 234.8 239 243.3 255.5 269.2 279.5 278 275.7 273.4 270.3 267.2 263.9 260 254.7 245.3 234.8 232.6 235.7 242 238.1 231.6 231.5 227.7 227.4 225.7 223.5 219.1 217.6 218.8 218.5 217.1 214.8 211.4 207.9 204.3 200.5 196.2 192.2 189.6 186.3 182.9 180.2 177.2 173.6 170.3 167.2
185.9 186 187.8 189.7 191.6 193.1 193.4 196.1 201.7 205.6 210.7 217 223.3 229.1 242.1 259.5 262.2 257.8 252.7 247.6 242.7 238.5 235.5 233.3 230.3 229.1 228.5 229.1 228.4 225.4 228 231.6 236.2 241.2 247.1 259 270.4 283.2 281.2 278.2 275.2 271.9 268.2 263.8 260 255.8 249.9 240.9 231.6 228.4 234.1 235.1 231.2 228.5 228.3 222.7 221.5 218.8 216.9 214.9 216.4 217.4 215.9 213 209.2 205.6 202 198 193.6 191 187.4 182.5 179 176.6 173.1 171.6 168.5 165.5
185 184.8 185.7 188.1 191.6 194.3 194.8 197.5 202.8 209.3 214.3 220.6 227.4 237.6 257 263.6 258.4 253.2 248.1 243.7 239.1 235.6 233.1 230 227.4 226.6 227.5 227.2 223.4 224.1 227.9 231.9 236.3 242.1 251.4 263.8 276.7 284.4 282.3 279.2 275.8 271.4 266.9 262 257.9 254.1 249.9 245 234 226.3 226.8 231.8 230.2 229.1 224.3 219.5 216.2 214.9 213.4 212.2 215.2 215.7 213.6 210.5 206.9 203.3 199.4 195.4 191.1 188.6 185.6 182.6 178.1 173.1 170.3 168 165.6 164.2
182 183.1 184.1 187.6 190.1 193.2 196.4 199.4 205.8 211.9 217.4 224.2 231.5 251.2 262.9 258.7 254 249.3 245 240.8 236.8 233.3 229.6 226.9 225.1 225.4 226.3 226 223.7 223.3 224.4 231.9 236.7 243.2 251.9 266.8 280.6 283.9 281.5 278.2 274.5 269.8 264.7 260.1 255.7 252 248.2 244.3 236.8 224.1 217.2 223 228.3 227.2 222.5 217.9 212.4 211.1 209.9 209.7 213.8 213.6 210.9 207.9 204.7 200.9 196.9 192.8 188.8 186 182.9 179.6 176.3 172.2 168.5 165.9 164.2 162.7
180.7 182.7 185.6 186.2 190 194.5 198.9 204 208.8 214.2 220.3 226.8 245 261.6 259.1 254.6 250 245.5 240.9 236.6 233 230.1 226.7 224.3 222.5 224.1 224.8 224 222.9 223.6 226 229.8 235.3 242.9 254.8 269.8 283.3 281.8 279.2 276 271.5 267.5 262.2 257.7 253 249.2 245.9 241.7 237.3 230.8 218.3 214 224.4 225.3 221.4 216.9 212 208 206.3 208 211.5 210.6 208.1 205 202.2 198.3 194.3 190.3 186.4 183.2 179.9 176.6 173.3 169.4 166.6 164.3 162.5 161.1
180.6 182 184.6 186.9 191.1 195.9 201.9 206.9 211.4 216.4 223.1 235.1 256.8 258.6 255.2 250.7 246.1 241.1 236.8 232.5 230.4 227.2 224.1 221.9 220.2 222.8 223.4 222.1 220.1 222.7 225.3 229.1 234.1 243.2 257.5 272.5 280.7 279.3 276.6 273 268.8 264.4 260.2 255.4 250.3 245.6 242.6 239.4 234.8 229.5 219.5 208.4 220.6 222.7 219.2 214.7 210.2 205.8 203.3 203.6 208 207.5 205.5 202.7 199.7 195.9 191.9 187.8 183.5 180 177.1 173.9 170.2 166.6 164.1 161.8 160.8 160.3
181.4 183.1 185.5 188.3 192.1 198.6 203.9 209.2 214.3 218.6 227.8 250.1 256.2 255.1 251.2 246.7 241.7 236.9 232.7 228.9 227.2 224.7 222 220.3 219.2 221.2 221.9 220.3 218.5 220.9 224.1 227.5 233.7 243.5 257.6 273.4 277.8 276.3 273.4 269.9 265.6 261.9 257.7 252.9 248.1 242.9 239.2 236.2 232.6 226.6 218.5 207.6 212.5 218.8 216.1 212.5 208.1 203 200.9 200.3 204.2 204.4 202.8 200.2 197 193.4 189.3 185.2 180.9 176.7 173.5 170.2 166.8 164.2 162 160.6 159.8 159.6
183.7 184.2 186.2 190.5 196.7 201.5 205.8 211 215.8 222.8 240 254.7 253.8 251.1 246.6 241.4 237 232.9 229 225.7 224 222.1 220 218.4 217.6 219.5 219.5 218.5 216.7 219.6 222.7 226.8 233.9 246.9 261 274.2 275 273.3 270.2 266.6 263.1 259.4 255.6 250.4 245.7 241.7 236.8 232.4 229.5 224.5 217.9 207 205.9 213.5 212.9 209.3 205.7 200.1 195.8 195.2 200 200.8 199.8 197 193.7 189.9 186.2 182.5 178.6 175.3 170.4 167 164.1 162.4 160.3 159.2 159.1 158.8
183.9 185.3 188.5 193.8 198.9 203.8 208 212.9 220.9 237.6 252.5 253.5 250.8 246.8 241.7 237 232.6 227.9 224.6 222.5 220.9 219.2 218.2 216.5 216.4 217.4 216.7 216.4 215.7 218.6 222.8 227.7 237.4 250.1 265.9 272.7 271.9 270.1 267.4 264.3 260.5 256.9 252.9 248.5 243.9 239.5 235.1 230.8 225.7 221.8 216.9 209.9 196.4 202.7 207.4 205.7 202.6 199.1 194.3 190.5 195.8 197.3 196.6 194.1 190.4 186.4 182.8 179.1 176.2 172.7 168.1 164.3 162.1 160.7 158.4 157.7 157.9 157.9
184.9 188.1 191.9 196.5 200.7 205.1 209.9 220.6 234.1 247.9 252.1 250.4 246.9 242.8 238.2 233.3 228.2 223.6 221.5 218.8 217.8 216.4 215.9 215 214.6 215.6 214.8 214 215.5 219.1 223.3 230.4 241 255.6 268.2 271 269.6 267.5 264.4 261.6 258 254.2 250 245.6 241.6 238.2 234.9 230.3 223.9 216.9 215.2 211.5 203.6 192.1 197.4 200.3 199 198.3 195.8 188.7 190.2 194 193.6 191 187 182.9 179.2 175.5 172.1 168.8 164.9 161.8 160 158.1 156.9 156.2 156.4 156.6
186.1 189.4 193.3 197.7 202 206.5 215.1 227.9 243.3 249.3 249.2 246.4 242.6 238.1 233.4 228.6 223.9 220.6 217.7 215.3 214.1 213.4 213.8 213.4 212.9 213.8 212.9 213.2 216.3 220.7 226.4 234.3 246.3 260.3 267.8 268.3 267.8 265.5 261.9 258.7 255 251.3 247 243 239.7 236.3 232.9 228.9 223.3 215.4 209.9 207.6 201.2 192.3 189.5 187.6 191.5 194.9 193.9 189.1 185.3 190.1 190.5 187.7 183.7 179.7 175.5 171.2 167.8 164.6 161.7 159.8 157.7 155.8 155.5 155.7 156.4 157
187.4 190.9 194.5 199.6 204.3 210.7 220.8 235.5 246.7 247.3 245.2 241.6 237.5 233.5 229.2 224.4 219.5 216.9 214.3 211.7 210.3 210.7 212.6 211.8 211.7 211.5 211 214.1 217.3 221.7 228.6 242.7 252.7 262.1 266.9 266.1 266 263.3 259.6 255.9 251.3 247.3 243.5 240.8 237.8 234.4 231.1 227.2 221.4 216.9 212.5 206.8 202.4 197.8 192.1 184 182.5 188.8 191.6 187.5 181.7 186.9 187.2 184.2 180.4 176.4 171.9 168.1 164.5 161.6 159.4 157.4 155.9 154.6 154.6 155 155.6 156
189 193.1 196.9 202 208.1 218.4 232.8 242.3 245 244 240.3 236.1 232.2 228.2 224.1 220 215.3 212.3 209.8 207.3 206.8 208.5 210.2 210.3 209.8 210.2 212.3 215.2 218.3 223.1 232.3 247.1 258.4 265.8 266.9 265.9 264.2 260.7 257.1 252.7 248.5 244.5 240.7 238.1 235.1 232.4 230 225.5 221.5 217.7 214.5 212 208 203 197.5 189.4 179.9 178.8 186.5 184 178 182.8 183.7 180.8 177 173 168.9 165.2 161.6 159.2 157.1 155.3 154.2 153.6 153.9 154.2 154.8 155.6
