data/SO64.asc
ncols 200
nrows 200
xllcorner 360000
yllcorner 240000
cellsize 50
[rows 37 to 73 of 200, columns 0 to 84 of 200]
83.2 82.9 84 84.2 84.5 84.3 85.1 86.2 86.7 88.5 89.5 92.7 95.7 95.2 97.6 99.9 100.9 102 101.7 102.4 104.3 103.3 100.4 99.1 100.3 100 98.8 97.8 97.3 96.9 96 96 93 90.2 89 92.3 94.8 95.1 99.4 107.4 110.9 109.3 109.6 106.6 103.5 97.6 94.7 91.6 89.8 87.3 84.2 82.8 82.7 83.4 84 84.8 85.6 84.4 85.4 86.1 86.8 88.7 89.3 89.1 92.6 96.7 99.8 100.8 104.7 105.9 105.9 105.2 102.3 100.3 100 97 94.6 94.2 94.2 94 92.5 90.6 90.7 90.9 90.1
85.2 84 84.2 84.1 84 84 84 84.5 85 87.7 89.4 91.2 91.6 93.5 95.7 100.5 102 103.2 103.9 104.1 105 105.2 103.6 99.1 98.2 96.8 95.8 95.2 95.4 95.5 95.2 95.6 94 91.7 89 89 91 92.8 96.1 103.8 111 109.6 107.6 106.7 103.4 97.9 96.1 93.7 90.9 87.5 83.9 82.3 81.8 82.6 83.4 84.6 86.2 89.3 87.8 88.9 90.5 90.4 89.4 91 95.1 100.1 100.9 101.7 104.7 103.8 104.5 103.6 102 100.9 100.9 98.4 95.9 94.9 94.7 94.9 92.5 89.5 89.8 89.1 89
85.8 84.6 84.4 84.1 84 84.1 84.1 84.1 85.2 86.9 88.2 89.6 91.2 94.2 96.5 100.7 101.7 102.4 103.3 103 102.4 103.7 102.9 100.7 98.3 95.9 94 93.3 93.3 93 92.3 92.4 92.1 89.7 89.1 89 90.1 92.1 93.8 98.3 105.4 106.4 104.2 103 102.2 97.3 95.3 92.5 90.5 87.1 83.5 81.6 80.5 81.1 82.3 84.2 86.9 90.5 90.3 91.5 94.4 95.3 91.7 91.7 94 98.3 100.1 100.8 100.5 99.7 99.7 99.9 98.8 97.7 97.5 97.3 95.8 95.8 97.8 97.4 94.9 92.6 91.2 89.4 89.8
85.7 85.7 85.6 85.8 84.3 84.2 84.1 84.5 86.8 87.7 88.7 89.4 91.5 94.5 97.1 99.6 101 101.4 101 100.8 100 99.7 98.5 97.9 97.8 95.8 94.9 93.2 91.6 90.1 90.1 89.5 90.3 89.1 89 92.4 96 94.3 95.7 96.9 100.1 101.8 100 98.7 99.4 97.2 95 91.6 89 85.3 83 81.4 79.8 80.1 81.7 83.6 85 88.9 90.9 95 96 96 94.7 94.5 94.4 93.9 95.2 96.2 96.5 95.6 96.1 96.6 95.8 94.8 94.5 94.6 94.5 96.9 100.6 99.2 97.9 96.5 95 93.1 91
87.6 87.5 87.4 87.1 86.3 85 84.3 85.3 87.6 89.8 91.1 92 93.1 94.2 96.4 98.7 100.9 100.8 100.8 100.7 99.3 97.7 96.3 95 94.8 94.9 94.7 92.8 91.6 90.9 89.6 89.3 87 86.1 91.9 95.4 96 95.8 98.9 100.2 98.5 97.9 96.7 95.2 94.9 94 93.7 89.7 87.5 84.8 83.9 82.1 80 79.7 81.1 83.1 85 85.9 89.5 92.8 96 96 95.9 94.6 93.7 91.6 90.5 91.6 91.7 92.4 92.8 93.4 93 92.5 91.9 91.8 93.7 94.7 98.4 99.6 100.2 99.6 98.1 95.9 93.6
88.6 89.3 89 88.3 87.2 86 85.3 86.2 88.4 90.5 93.4 95.7 98 98.9 98.6 99 100.9 100.9 100.8 100.9 99.6 97.3 95.3 94.1 92.2 91.6 91.4 90.8 91.2 90.3 90.8 88.8 84.7 87.2 91.6 94.1 95.2 96 97 99.2 98.4 96.8 94.7 94 92.7 90.8 89 89.8 89.6 87.1 84.8 82.4 80.1 80.2 80.6 81.7 83.5 84.6 88.6 93.6 95.3 96 96 96 93.4 89.9 89.1 89 89 89.2 89.8 91.5 90.9 90.6 89.6 90 92 94.4 96.2 99.2 101 102 99.9 97.1 94.7
89.1 90.5 89.8 88.8 87.7 86.9 86.8 86.9 88.8 91.6 94.8 99.3 100.8 100.8 100.9 100.6 100.9 100.9 100.9 100.9 99.4 96.9 94.9 93.2 91.7 90 89.3 89 89 89.3 89.4 88.2 84.9 86.1 89.5 92.9 96 94.9 95.7 96.2 97.7 96.9 96.2 94.9 93.2 91.5 89.8 90.7 90.5 88.7 85.1 82.2 80.9 80.4 79.3 79.5 82.6 85.7 88.1 93.8 95 95.3 95.3 94.3 96 92.3 89.4 89 89 88.8 88.5 89.1 89.2 89.1 89.3 92.6 93.5 94.6 95.5 98.4 100.1 103.1 103.4 101 100.4
89.6 90.8 89.6 89.2 88.5 87.7 87.6 88.3 89.5 92.7 96.2 100.8 100.9 100.8 100.9 100.9 100.9 100.9 100.5 100.9 99.4 97.2 95.2 93.5 91.1 91 89.4 89.4 88.1 85.9 85.6 85.4 84 86 90.1 91.5 92.5 93.8 94.1 100.8 99.8 97.9 96.5 95.5 95.4 94 91.9 91.3 90.9 88.1 84.6 82.1 80.2 79.4 78.8 79.5 80.5 83.4 86.8 91.8 92.1 91.7 91.6 92.5 94.8 93.6 91.4 89.1 89.5 87.3 85.7 86 87.5 88.8 91.2 94.1 95.8 96.3 96.5 99 100.1 103.3 105.8 105.7 104.7
89.2 90.7 89.9 89.4 89.3 88.9 88.8 88.9 89.2 92.3 95.6 100.7 100.9 100.9 100.9 100.6 100.3 99.4 98.4 100 99.5 97.4 95.9 93.2 90.6 90.1 90.8 89 87.6 85.5 84 84.2 84.1 85.9 87.7 88.9 89 92.4 96.6 100.1 100.9 97.9 96.7 95.7 95.9 96 92.8 90.8 90.1 88.2 86 82.8 80.5 78.8 78.4 78.6 79.1 82.5 85.5 89.7 90.1 89 87.8 87.7 90 91.7 90.7 90.6 88.9 86.2 84.3 84 85.5 88.2 91.5 94.4 96.2 97.1 98.8 100.6 101.1 102.8 104 105.6 108.3
91.7 92.8 91.1 89 90.1 89.8 90 90 89.1 90.9 94.2 99.5 100.9 100.9 100.9 99.8 98.7 97.6 96.6 96.6 97.3 95.9 96 93.3 90.3 89.2 86.7 84.9 85.2 85.1 84 84 84 84.6 85 88.8 90.6 93.3 95.1 97.4 99.5 99.9 97.7 96.3 95.6 94.4 91 89.8 87.5 85.5 84.3 82.8 79.5 78.6 78.3 78.3 79.1 80.8 84 85.8 86.6 86.3 85.3 84.3 84.3 85.7 87.2 87.2 86.6 84.6 84 84 84.1 87 90.1 93.3 95.8 96.7 98.6 99.8 100.3 102.9 105.9 107.2 109.9
94.2 95.4 93.6 92.1 92.5 93.2 93 91.3 90.8 90.8 94 98.7 100.4 100.9 100.9 100.2 98.7 97 94.7 94.3 94 95.1 94.6 92 90.2 88.7 85.2 84.7 84.2 84 84 84 84 84 85.8 88.3 91.1 92.1 93.3 94.5 96.4 97.4 97 98.5 96.9 93.9 90.3 89 86.8 84.4 84.3 82.8 80.4 79 78.9 78.9 78.9 80.2 82.3 83.6 84 84.2 83.5 82.9 82.5 83 83.8 83.9 84 83.5 85.4 85.6 84.8 86.3 88.5 90.8 93.8 95.6 95.9 97.6 99.5 101.1 104.9 106.8 108.9
97.9 97 94.8 94.5 94.7 95.8 94.4 92.9 92.2 92.1 93.9 96.7 99.1 100.6 101.2 101 98.8 96.2 94.8 94.5 93.8 92.7 90.8 89.5 89.3 87.9 86.2 85.8 85.8 84.9 84 84 84 83.8 84.5 85.2 88.2 88.8 90 89.6 90.3 92.5 94.6 100 100.6 96.1 92.2 89.8 88.6 88.1 86.1 83.5 81 78.7 78.7 78.8 78.9 80.2 81.2 82 81.8 81.6 81.9 81.3 81 81.6 82.7 83.3 83.6 86.5 90.9 90.3 88.7 88 88.3 89.1 92.2 94.1 94.4 96 98.9 100 102.6 104.9 104.1
100.9 100.3 98.2 97.7 97.3 96.4 94.8 94.6 93.9 94.5 94.5 94.8 98.7 100.7 101.6 101.6 99.3 98.2 95.6 94.7 93.7 91.3 89 89 90.2 89.5 88.5 87.2 87 86.2 84.3 84.3 84 82.5 82.9 84.1 84.1 85.3 86.9 88.4 90.4 92.6 96.4 100.6 100.5 98.4 95.4 93.9 91.7 91.2 87.6 83.4 81 78.9 78.2 78.4 78.7 80.7 80.3 80.7 80.8 80 80.9 79.7 79.5 80.9 82.1 83.2 84.3 86.5 90.9 90.9 90.6 90.3 89 89.2 91.7 93.7 95.5 97.5 98.8 99.2 98.7 97.3 95.5
103.2 102.6 101.3 100.7 100 99.1 98 96.8 96.9 97.7 97.8 98.2 99.8 102.1 102.7 102.5 101 100.2 98 95.3 94.5 93.2 91.3 91 91.9 91.2 90.9 89.2 88.1 86.8 84.9 84.2 82.7 81.3 81.5 84.4 84.4 84 85.4 87.9 90.7 93.2 97.6 102.6 104.7 101.7 98.9 96.6 94 91.7 88.7 84.1 80.3 78.4 78.1 78.2 78.3 79.1 79.2 79.4 79.5 79.3 79.5 79.4 79.1 80.6 81.8 83 83.9 84.4 88.7 90.6 90.8 90.8 90.2 90.4 91.1 93 95.3 98.8 100.3 99.4 96.5 94.1 92.3
104.8 104.8 104.1 104.4 102.9 103.3 102.2 100.1 101 101.4 101.6 102.3 101.8 103.8 105.4 104 102 100 100 98 96.5 95.4 94.2 93.6 93 92.3 91.3 90.1 88.4 87 85.1 82.8 81.1 79.9 82.3 84.8 85 84.5 85.6 87.6 88.9 91.9 96.6 102.1 104.8 105.4 101.2 97.8 94.7 91.2 88.5 83.9 80.4 78.7 78 78.1 78.1 78.6 79.4 79.6 79.6 79.3 79.3 80.7 80 81.3 82.6 83.6 84.1 84 84.2 86.9 89.9 90.7 90.6 92.3 92.6 93.3 94.6 99 100.8 100.9 100.9 97.8 93.8
106 105.9 105.6 105.9 105.9 105.6 105.6 104.3 104.2 104.7 105.3 104.8 104.2 105.9 105.9 104.8 102.8 100.8 100.5 100.9 99.1 97.4 96.5 95.3 93.4 92.5 91.6 90.6 89.1 87 85.5 83.7 80.5 79.3 82.8 86.3 87.7 87.1 87.5 89 89 90.4 94.4 99.7 100.2 101.2 100.2 96.9 93 89.5 89.1 84.9 81.4 78.9 78.1 78 78 78.7 79.5 79.8 79.7 79.4 79.1 80.9 80.7 82.6 83.9 84 84 84.1 84.1 84.2 87.3 88.8 91.3 94 94.1 93.9 94.6 96.7 99.4 99.9 100.9 100.9 98.5
105.7 105.9 105.9 105.9 105.9 105.9 105.9 105.4 106 108.7 109.3 106.9 105.3 105.9 105.9 105.1 103.7 103 102.5 101.9 100.2 99.4 98 95.5 93.6 91.6 89.9 89.1 86.9 85.3 83.9 83.5 80.4 79.1 82 86.2 90.1 90.4 90.7 90.8 90.6 89.3 90.8 94.6 95.1 98.5 99.3 96.5 92.1 89.5 90 86 82.2 79.2 78.5 78 78.3 78.8 79.5 79.7 79.9 79.6 79.4 79.1 81.1 82.8 85.2 84.8 84.3 84.2 84.6 84.6 85 86.9 89.6 93.1 96 95.6 94.2 94.4 94.6 95 94.6 94.2 94.2
105.4 104.6 101.6 102.6 104.9 105.9 106 104.6 105.2 108.9 109 105.8 105 105.2 105.9 105.8 104.7 104.9 104.3 102.8 101.1 100.6 97.3 94.6 93.3 91.1 89.2 87.9 85.5 84 84.3 83 80.1 79.1 79.3 82.4 87.4 89.7 89.2 88.4 86.5 85.4 86.4 88.5 90.7 94.5 94.5 93.8 91.8 88.9 88.4 86.2 82.9 79.6 78.8 78.3 78.3 78.8 80.1 80.9 80.9 80.4 81.6 81.9 82.6 84.1 84.9 86.2 87.4 86.5 85.9 86.3 85 86.1 88.7 90.6 95.2 96.1 96.1 94.1 94.2 92.7 90.4 89.3 88.3
101.2 100.9 98.5 99.6 101.9 105.2 105.9 105.1 102.8 104.2 106.1 104.3 101.8 100.8 103.3 104.1 102.6 104.2 105.1 103.3 101.5 100.2 96.3 93 91.3 90.5 90.3 87.9 85.9 85.8 85 82.9 80.7 79.6 79.2 79.2 82.4 84.3 85.1 85.8 84.6 84 84.8 86.8 88.9 89.6 89.8 90.6 90.2 87.3 84.5 84.1 82.2 80.9 78.9 78.5 78.4 78.7 79.2 80.5 80.4 82.3 84.1 84.2 85.1 84.5 85.8 87.8 90.1 90.3 89.6 88.7 87.9 87.6 89.1 90.3 92.9 94.8 99.3 97.3 94.8 91.9 89.2 87.6 84.9
95.5 95.4 95.5 96.3 97.7 101.5 101.9 103.1 99.1 100.1 101.8 100.6 99.1 97.1 100.2 100.4 99.7 102.1 105.9 104 101.9 99.4 95.2 92.6 89.5 89.3 87.5 85.6 85.2 85.8 85.3 84.3 83.6 82.8 80 79.1 83.4 85.9 86.6 85.3 84 83.5 84.5 85.9 86.1 85.2 86 86.9 87.5 86.2 83.9 83.7 80 79 78.7 78.3 78.3 78.6 79.2 79.7 80.2 83.1 84 86.6 87.6 87.2 86.8 88.8 89.3 90.4 90.6 90.2 90.1 89.1 89 89.1 90.5 93.6 99.2 100.5 97.7 93.3 89.2 88.4 86
90.6 89.6 95.2 94.2 96.8 100.6 99 100.9 97.9 96 95 97.4 95.6 93.7 96.2 97.4 99 101.7 105.9 104.6 102.3 99.4 95 93.6 91.4 89.2 85.5 84.3 84.3 84.1 83.8 83.8 84.6 84.7 82 79.5 81.8 85.1 86.5 84.6 82.7 79.9 81.7 83.5 83.7 83.1 83.7 85 86.2 87.9 85.8 83.9 80.2 78.7 78.4 78.1 78.1 78.4 79 81.8 83.4 84.5 85 87.1 90.3 89.8 88.8 88.5 89 89.1 90.9 91.3 91.4 90.9 89.8 89.6 90.3 93.4 95.4 100.7 100.9 97.3 93.6 91.5 89.1
87.3 88 90.2 89.4 93.9 94.3 94.1 96.2 95.8 92.6 91.3 93 92.2 92.1 95.1 99 100.7 103.1 105.3 104.2 102.1 99.5 97.3 94.6 91.8 89.1 86.3 84.5 83.1 81.7 81.1 81.3 83.6 85.8 84.3 79.3 78.6 80.3 81.1 82.2 80.8 80.9 79.6 80.8 80.7 81.2 83.8 84.4 86.2 88.4 85.9 82.6 79.9 78.6 78.3 78.1 78 79 82.6 85.8 87.1 87.8 87.8 88.6 89 91.1 92.1 92.2 91.6 91.5 92.3 92.5 92.3 92.3 92.5 92.1 92.3 94 94.1 96.4 100.8 100.9 99.1 95.9 92.4
84.4 84.3 85.3 90.4 91 91.4 91.2 93.3 92.1 91.2 89 89 89 92.3 94.6 100.3 103.3 105.4 104.2 104 101.1 98.2 95.5 93.4 91.2 88.5 85.9 84.4 82.4 80.3 79.5 79.7 80.5 82.1 81.6 79.1 77.5 77 77 78.4 79.8 79.3 78.9 79 79.1 80.4 83.2 85.7 85.9 85.5 82.3 80 79 78.8 78.5 78.2 78 79.1 79.9 83.9 88.9 90.9 90.8 90 90.6 93.2 95.1 96 95 94.2 93.7 93.7 93.8 93.8 94.2 94.8 94.8 94.1 94.1 94.2 95.3 97.6 96.9 96.1 93.1
82.3 83.5 85.3 86.9 86.7 87.2 88.9 90.5 89.4 89.2 89.2 89.6 89.6 94.6 96.4 98.6 105.3 105.7 105.7 105.2 100.8 96.2 93.2 90.7 89.3 86.6 84.7 83.6 81.6 80.1 79.1 79.1 79.2 79.2 79.6 78.2 76.8 75.2 74.1 74.8 76.3 77.4 79 79 79.1 80.9 82.7 85.6 85.2 82.6 79.8 78.9 78.9 78.8 78.6 78.4 78.1 79.4 79.1 79.2 81.6 87.7 90.5 95.1 95.6 96 95.5 95.7 98.9 96.5 95.4 94.9 95.1 95.1 94.1 95.3 95.2 95.4 94.9 94.1 94.2 92.7 93.1 93.1 91.5
80.6 81.9 84 83.9 83.7 84.4 84 89.2 86.5 88.7 89 89.1 91.3 95.6 98.8 101.4 105.9 106.5 106.4 105.2 101.6 97.3 92.6 89.4 87.9 85.3 84.1 83.6 81.5 79.9 80.3 80 79.3 79.9 79.4 78.4 77.1 75.5 74.1 74.2 75.2 76.2 77.8 79.4 79.9 80.9 80 80.1 79.9 79.5 78.6 78.1 78.3 78.4 78.3 78.2 78.1 80 81.6 81.1 81.4 81.4 84 87.7 94.8 96 95.6 95.1 98.3 99.8 98.4 98.1 97.1 96.4 96.1 96.6 97.1 96.5 95.7 94.5 93.7 91.2 90.3 90.6 90.4
79.4 80.3 80.4 80.4 83.2 84.1 84 84.5 85.2 87.9 90.5 91 92.6 94.1 95.8 99.5 104.5 106.2 106.3 104.9 102.1 98.2 94 91.1 88.4 86.1 84.8 83.6 82.6 81.3 80.7 80.9 80.9 80.9 80.6 79.1 78.7 77.9 75.2 74.1 74.1 75.2 77.1 78.9 79.7 80.1 79.2 78.8 78.3 78 77.5 77.3 77.5 77.9 77.8 77.7 78.7 82 85.4 86.8 85.8 85.6 84.2 83.8 83.8 88.6 90.5 91.8 94.3 98.9 100.9 100.8 99.9 98.7 98.4 98.5 98.7 98.2 97.3 96 95.6 91.4 89 89.4 90.3
79.3 79.5 79.3 80 83.6 85.6 86.6 86 87.8 89.5 92.1 95.4 94.9 94.6 95.6 99 103.1 105.7 106 104.4 101.7 99.2 96.2 93.4 90.5 88.4 87.2 85.2 84.1 82.1 80.8 80.8 80.9 80.8 80.2 78.5 78.3 77.5 75.6 74.1 74.1 75.6 76.3 77.1 77.9 78.4 77.4 77.2 76.8 76.4 76.2 76.4 76.7 77.4 77.3 78.7 79.8 82.4 86.5 90.8 90.8 90.3 88.6 87.8 87.4 88 89.1 89.8 92.1 97 100.8 100.9 103.6 102.6 100.8 100.8 100.1 99.8 99 97.2 96.1 92.7 89.2 86.2 84.6
78.6 79.8 82 84.6 85.5 88.4 89 88.2 90 92.2 93.6 96.1 98.7 98.1 100.4 100.2 102.3 105.9 104.4 103.1 101.5 100.7 98 95 91.9 90.6 89.3 86.6 84.5 81.7 79.9 79.3 79.8 79.7 79.1 77.8 76.6 75.9 75.6 74.9 74.3 76 75.6 75.5 76.1 76.5 76.2 76 76 75.6 75 75.1 76.6 77.2 78.5 80.1 80.5 83.2 85.8 89.6 90.6 90.3 92.5 95 94.7 94.3 92.7 89.7 91 94.6 96.2 98.2 101.1 105.6 105.2 104.1 102.9 101.9 100.1 98 96.1 94.3 89.7 86.2 84.2
78.2 80 83.9 85 85.6 87 90.7 90.3 92.5 95.5 98.8 99.6 100.8 100.5 100.6 100.9 100.8 103.4 102.5 101.6 100.6 100.8 99.1 95.7 93.5 91.2 89.3 86.2 83.5 80.6 79 78.3 79.2 78.7 78 76.8 76 75.8 75.7 74.3 74.2 76 76 75.9 75.3 76 75.3 75.3 75.7 74.6 74.3 74.1 76 79.1 80.8 80.7 80.8 82.4 84 85.4 86.8 88.8 91.1 93.7 96.7 100.9 99.2 95.1 94 94.2 93.8 94.1 94.7 98.7 103.3 105.1 104.6 101.9 100.6 97.8 95.5 95.1 89.9 86.4 85.3
77.3 80.4 81 82 82.7 84.8 88.6 91 94.9 97.8 100.9 100.6 100.9 100.7 100.7 100.8 101 100.8 101.3 100.5 100.1 100.9 99.2 96.2 95.1 92.1 88.5 84.5 83 80.2 79.1 78.8 78.7 78.4 77.4 76.5 75.7 74.7 74.6 74.1 74.1 75.6 75.7 74.1 74.1 75.5 74.4 74.7 74.9 74.1 74.2 74.3 77.6 79.9 80.5 80.5 80.7 81.9 83 84.1 84.6 86.1 87.8 89.6 92.2 95.8 99.4 100.8 99 96.7 94.7 94 94.1 95.6 99.5 103.9 105.1 103.5 100.6 97.5 94.3 91.1 89.7 90.6 89
76.6 78.8 79.3 79.9 81.2 83.6 84.6 87.7 92.2 96.9 100 100.9 101 100.9 100.9 100.9 100.6 99.3 99.6 100.5 99.6 99 97.9 96.1 95.4 93.6 91.3 87.6 84.6 82 80.5 80.3 80.2 78.9 77.8 76.7 75.4 75.7 74.1 74.1 74.1 74.1 75.5 74.6 74.1 75.4 74.3 74.1 74 73.9 74.2 78.3 80.4 80.6 80.6 80.6 80.4 81 82.1 82.6 83.1 84.1 84.8 86.8 88.8 91 92.8 98.4 100.8 100.5 98.7 97 97.1 97.4 101.5 105.5 105.9 103.7 101.2 100 97 94.9 92.3 89.9 87.7
78.1 80.1 79.7 79.8 80.5 82.2 84 84.3 88.4 92.1 97.4 100.9 101.1 101.1 101 100.9 100.1 98.4 98 98.2 97.5 96.5 95.7 95.4 95.1 95.7 93.1 91 89 85.3 83 82.1 80.9 79.4 78.1 76.9 75.5 75.8 74.8 74.1 74 73.9 74.4 74.6 74.1 74 74.1 73.9 73.8 74.1 79.3 80.6 80.7 80.8 80.9 80.9 80.6 80.2 80.6 81 82.2 83.8 83.9 84.3 85.8 88.5 90.1 93.9 98.2 100.1 100.9 100.9 100.9 99 99.7 100.8 102.4 101.5 100.7 100.7 99.8 95.4 93.9 91.4 88.8
79.6 81.4 81.2 81.2 82 82.6 83.7 84.9 89.3 92.6 96.1 98.8 101.1 101 100.9 100.6 99.5 98.2 96.7 96.3 95.9 94.5 92.8 94 94.9 92.9 92.2 91.1 90.9 88.7 85.1 83 80.6 79.3 78.3 76.9 75.6 76 74.6 74 73.8 73.7 74 73.7 73.8 73.1 73.8 74.1 74.5 82.9 84.3 82.2 80.4 79.3 79.1 79.1 79.2 79.8 80.7 81.9 82.9 83.9 85.3 85.7 86.6 87.9 89.4 90 92.7 95 96.6 100.8 100.9 99.6 99.1 99.3 97.1 95.2 96.3 100.1 98.6 96.1 94.5 95.4 93.1
80 81.7 83.7 83.6 83.3 84.2 85.2 85.7 91 95.7 96.6 99.7 100.9 100.9 100.9 100.9 99.7 98.3 96.7 95.1 94 92 89.4 90 92.8 90.6 89.8 90.9 91 89.2 86.7 85 82.9 80.3 79.3 77.4 75.8 75.9 74.1 73.9 73.7 73.5 73.6 73.5 74.1 73.4 74.7 79.9 83.9 85.5 84 80.6 79.1 79.1 79.1 79.1 80.3 80.6 82.2 83.6 84.2 84.1 84.7 86.4 88.6 90.1 90 89.3 91.3 93.5 95 99.3 100.9 102.8 101 100.7 97.3 92.8 92.2 93.1 93.5 93.9 94 94.8 94.9
80.3 82.9 85.7 86 85.9 85.4 87.5 89.4 90.3 93.9 96.4 98.8 100.5 100.9 100.9 100.7 99.7 98.4 96.6 95.3 95.9 93 91.1 88.2 86.4 86.4 87.2 90.9 90.9 88.7 86.4 85.9 84.6 82 80.4 77.8 76 74.6 74 73.8 73.6 73.4 73.4 74 76.1 78.3 86.1 86.8 85.7 85.7 82.2 79.3 79.1 79.1 79.1 79.1 80 82.1 84 85.2 84.9 85.1 86.2 88.1 89.6 90.9 90.3 90.9 90.2 91.8 92.5 94.5 96.2 98.8 98.6 95.9 93.3 90.5 88.9 89.3 90.8 91 91 91.4 93
80.7 83.8 84.5 87.8 88.9 88.3 89.3 90.6 90.9 93.3 96 96.4 97.8 98.4 99.7 99.3 98.9 98.1 96.8 95.1 95.4 93.5 91.7 90.7 86.3 83.2 82.3 86.5 87.1 85.8 83.1 84.1 82.8 81 79.7 76.8 74.9 74.9 73.9 73.6 73.4 73.2 73.9 76.4 80.3 82.5 86 85.7 84.1 82.2 79.4 79.1 79.1 79.1 79.2 80 80.7 82.6 84.4 84.5 85.5 88.4 90.1 90.1 90.9 90.9 90.1 90.8 90.1 89.1 89.2 89 89.2 90.2 90.7 90.8 89.6 89.1 87.8 87.4 88.9 89 89.4 89.6 90.2
80.9 83.4 85.5 88.7 90.7 90.2 89.9 91 91.1 93.3 94.3 94.5 95.7 97.2 98.1 98.3 97.9 97.6 96.6 95.2 94.3 92.7 90.5 89.6 86.6 84.2 79.9 79.4 84.6 83 79.6 80.1 79.2 78.9 78.2 74.7 74.6 74.3 74.1 73.4 73.2 73.5 74 75.4 79.5 84.9 85.9 83.1 81.5 79.1 79.1 79.1 80.3 81.2 81.8 82 82 83.1 84.2 84.2 84.9 88 89.7 90.9 90.9 89.4 89.4 89 88.7 87.3 86.6 85.9 86.8 87.7 88.2 88.7 87.9 88 87.3 85.6 87.1 87.7 88.7 89 89.5
