data/SO65.asc
ncols 200
nrows 200
xllcorner 360000
yllcorner 250000
cellsize 50
[rows 70 to 104 of 200, columns 0 to 77 of 200]
214.4 211.1 204.5 208.2 215 222 228.7 231.6 232.9 233 230.6 227.5 225.1 224.5 225.6 229.3 230.7 230.4 230.8 231.1 231.2 229.5 226.4 223.2 220.4 221.1 220.3 218 215.8 212.3 209 205.9 203.8 201.7 199.9 196.1 194.6 193.9 191.6 190.3 187.6 185.9 182.9 180 179.1 179.7 180.8 181.1 176.1 173.4 170.1 167 164 160.3 155 150.6 146.8 140.6 136.5 130 127.9 128.7 138 135.6 136.4 143.3 148.5 154.2 156.8 161.9 164.8 164 163.2 163.8 166 166.1 166.1 166.1
211 207.5 203.2 204.8 211.9 219.7 226.3 229.8 231.3 230 226.5 222.9 219.5 219.8 221 225 229 230.6 230.7 230.9 230.8 227.9 226 221.9 219 219 217.9 216.6 216 213 209.4 206.5 203.2 201.2 198.6 195.5 192.2 189.4 189.8 186.8 184.1 181.8 180.5 178.4 176.9 174.7 175.6 177.7 176.9 175.5 173.5 170.1 167.3 164.1 159.2 153.9 146.8 137.3 131.7 127.9 127.1 128.4 129.5 135.3 143.7 150.1 155.4 159.7 160.1 162.5 165.6 164 163.7 164.3 165.6 165.1 165.9 166.1
208 205.1 200.4 202.8 210.4 221 226.6 228.3 229.2 227.7 224.4 221.2 218 216.7 217.7 221.2 226 229.2 230.8 230.4 227.9 225.3 224.8 220.4 216.2 216 215.7 215.3 213.4 212.3 209.9 206.9 203.2 200.2 197.2 193.8 190.2 187.1 184.8 183.8 180.4 177.9 177.4 176.5 175 171.4 169.7 171.2 174.9 174 172.7 170.7 167.8 163.5 159.4 151.8 145.2 136.5 129.7 126.3 127.3 130.7 137 141 146.8 153.9 159.4 161.9 161.9 161.9 164.2 162 162.2 163 163.9 164.4 164.7 165.4
205.8 202.5 199.1 202.8 209.4 221.2 225.9 224.9 223.8 224.9 222 218.7 216.1 213.4 216 219 224 228.9 231 231 226.8 222 220.8 219.9 215.2 211.3 211.6 211.6 209.4 208 207.5 205.2 201.8 199 196.3 193 190.1 184.7 179.8 178.3 177.4 173.9 173.2 172.6 169.4 167.5 163.2 162.3 163.7 164.2 164.2 164.7 162.7 160.3 159 152.2 144.3 136.3 129.9 127.6 129 134.1 139.4 145.7 154.2 157.2 160.6 162.6 162.3 161.9 160.7 159.6 159.9 160.2 161.5 162.3 162.8 163.6
201 199 197.5 202.5 210.4 219.4 221 221 218.5 219.6 218.1 215.4 212.5 209.2 214.8 219.6 223.6 228.9 231 230 226 221.1 216.4 215.5 215.6 209.2 207.9 206.8 205.3 204.7 204.5 202.9 201 199.1 195.7 192.4 189 183.5 178.2 173.6 170.3 170.1 169 167.7 164.4 160.6 157.7 154.8 157.1 157.5 157.5 157.5 157.9 157.9 156.2 151.5 145.1 138.5 132.4 128.9 128.8 131.8 138.6 147.1 156.2 160.7 161 161.5 161.7 161.2 159.2 156.8 156.4 157.2 159 160.2 160.9 162
195.4 195.2 196.1 204.6 211.1 216.2 215 213.5 211.7 212.6 212.6 210.6 208.7 210.1 215.9 221.1 225.3 229.3 230.7 228.3 225.7 219.7 213.8 209.2 210.2 209.9 204 202.7 201.5 200.7 200.2 199.3 199 197.6 195.7 193 189.1 184.7 179.3 174.6 170 163.8 162.8 161.3 159.2 154.7 153 150.7 151.3 152.2 152.3 152 152.9 153.6 152.8 149.2 145.9 141.6 136.6 131.6 128.4 128.8 132.7 143.8 153.9 160.8 160.6 160.1 158 156.6 155.5 153.9 154 154.2 156.7 159.2 160.1 161
190.7 189.8 197.6 205.5 209.9 210.4 207.9 205.5 204.2 204.2 205.8 204.9 206.8 212.6 217.4 222.3 226.1 229.3 230.3 229.6 224.6 217.8 211 206.5 206.6 207.1 201.3 198.3 198.2 197.6 197.1 195.9 194.6 196.1 196.1 193.7 190.5 187.1 182.8 178.4 173.6 168 163.3 160.3 159.6 157.2 153.4 150 149 145.9 145.9 145.5 146.2 148.7 148.2 146.9 145 142.4 138.8 134.4 129.7 127.8 129 136.2 149.1 157.9 157.5 154.7 153.5 152.4 151.2 149.9 151.6 153.5 155.8 158.4 159.9 160.8
184.9 191.9 199 206.2 208.3 205.1 201.6 199.2 198.1 198.1 199.3 204.3 209.8 215.7 220.7 222.5 225.3 227.1 228.6 228.4 225.1 220.5 211.6 203.3 199.3 204.1 201.8 195.9 194.1 194.4 193.8 192.8 192.1 193.6 193.9 191.8 191.1 188.3 185.8 182.2 178.3 174.3 170.8 168.7 166.7 162.4 156.2 154.3 151.9 148.6 145.5 142.8 138.9 139.8 142.4 141.4 140.9 139.8 136.8 135.1 130.2 127.5 127.1 133.6 144.5 153.8 153.5 151 148.8 147.6 146.9 149.6 151.8 154.4 156.8 158.7 160.7 161.8
186.3 193.5 202.7 206 204.2 200.5 196.8 195.1 193.4 195 199.4 206.3 211.8 217.4 221.3 223.3 224.2 225.2 226.1 226.6 224.5 217.1 211.8 203.7 196.7 192.9 198.6 194.3 188.8 188.7 189.9 189.4 188.2 188.4 189.6 188.4 187 186.3 186.1 184.1 181.8 179.2 176.2 174 169.6 164.3 160.7 158.9 156.3 153.4 148.6 145.2 141.3 138.8 137.9 135.2 134.7 134.8 133.5 130 129.3 127.3 125.7 130.5 138.8 150.6 148.2 144.9 143.3 143.9 147.6 151.9 154.6 156.8 158.3 159 161.4 163.4
184.6 195.3 200.1 202.1 200 197.1 192.4 190.7 189 194.2 198.8 205.9 212.3 217.4 221.5 222.6 223.3 223.1 222.4 223.3 222.5 218.9 213.9 206.1 198.6 190.6 187.3 190.6 186.3 183 186 186.1 182.9 182 183.5 183.4 181.8 182.1 182.6 182.2 181.1 180.9 177.9 175.2 170.2 168 165.2 162.6 159.4 156.3 154 150.9 145.2 141 138.7 137.4 134.8 134 134 131.7 129.5 127.1 124.9 124.8 134 142 141.9 139.7 141.4 147.7 151.5 155.6 157.5 159.7 162.3 161.6 163 165.9
183.2 191.8 196.4 196.6 194.1 191.8 188 184.1 188.5 192.8 197.3 202.9 210.8 217.2 221.2 221.7 221.2 220.8 219.2 219.7 219.7 217 214 209 200.4 190.4 184.4 179.4 183.2 180.8 183.1 183.4 180 177.6 176.9 177.3 176.6 175.1 178 179.1 179.2 179.6 178 176.1 172.8 170.9 167.7 165.4 162.5 160.8 159.8 155.1 149.6 145.4 143.8 142.5 140.6 139.2 137.7 135.2 131.9 128.3 125.6 124.2 129.8 133.6 133.9 137.8 144.9 150.6 155.1 159.1 161.2 163 165.9 165.7 164.5 165.9
179.3 186.3 190.1 190.4 187.5 185.2 183 183.3 187.6 193 198.7 204.5 211.8 217.1 220.2 220.7 219.5 218.8 217.9 217 216.6 215.1 212.3 209 201.5 194.5 188.4 180.1 174.5 175.3 180 181.2 177.8 173.7 170.8 170.6 168.5 169.7 171.2 173.7 175.2 175.7 175.8 175 171.2 169.9 167.3 166.7 165.9 165.7 163.3 159.1 155.2 151.4 148.9 146.8 144.2 141.5 140.4 137.1 133 128.3 124.7 124.1 125.9 129.5 133.2 139.8 148.2 154.5 157.6 160.6 163.1 166 166.1 165.9 166.1 168.1
176.3 181.6 184.7 184.4 182.7 179.1 179.1 186.2 192.2 196.1 200.8 207 212.9 217.1 220 221.1 219.8 217.8 215.7 215.3 214.3 212.6 208.6 207 202.7 197.9 192.8 184.3 175.6 173.2 173.8 175.9 174.9 169.9 166.7 165.2 162.6 164.1 166.9 168.9 170.6 172.1 171.7 171.1 169.1 167.2 165.5 165.9 165.8 166.1 164 160.3 156.6 154.1 151.2 149.9 147.2 144 140.5 137.1 133.8 130.5 126.1 124.2 124.1 129.8 134.7 141 146.7 152.3 155.2 158.8 161.9 165.3 166.1 166.4 167.4 168.7
174.7 175.1 177.8 177.9 174.6 177.2 186 192.1 197.6 201.2 204.4 207 211.7 215.5 217.8 219 217.8 216.6 214.8 213.8 212.2 209.7 203.9 202 198.9 196.7 194.1 188.3 179.1 172.5 169.2 169.4 169.9 168.3 164 159.9 155.1 157.4 161 164.5 165.8 167.6 167.1 165 164.7 164.2 162.8 161.4 162.1 162 162 160.2 156.6 153.5 149.2 147 144.7 141.7 137.9 135.1 131.9 129 126.2 124.7 124 128.2 131.9 135.7 139.7 145.1 150 154.1 157.4 160 163.9 165.7 168.3 170.1
173.6 170.1 172.8 174.3 174.6 182.1 189.9 196.7 201.9 205.9 205.5 207.6 210.8 214.4 215.6 216.1 215.8 215.2 214.5 213 211.1 207.1 202.8 194.9 190.5 190.5 189.5 185.9 180.6 174.2 168.8 165.3 163.6 161.7 159 159.3 159.6 154.7 154.1 154.9 160.2 162.8 162.5 161.2 159.2 160.2 158.4 156.8 157.1 157.2 157.2 156.1 154.2 149.6 145.1 143.1 141.5 138.7 135.1 131.7 130 127.3 124.9 124 124.2 124.4 127.2 129.2 133.5 136.8 140.7 145.8 150.7 154.7 159.8 164.8 167.9 170.9
172.2 169.4 169.5 170.5 174.9 182.7 190.6 197.4 202.6 205.9 205.9 207.5 210.5 212.5 212.9 213.5 214.1 213.9 214.1 213.7 211.9 210.2 206.2 199.6 190.1 188.7 184.2 180.3 176 168.8 164.9 164 160.3 158.9 161.8 166.1 165.7 160.7 156 152.1 153.1 157.1 157.1 156.5 153.6 153.8 151.8 152.5 152.1 151.7 151.5 150.4 149.6 148 144.6 140.2 137.2 135 131.7 130 128.9 127.2 125.8 125.2 124 124.2 124.2 125.2 127.9 129.3 132.1 136.1 140.9 150.5 157.8 165 169.8 172.9
171.8 169.1 168.2 168.8 173.4 181.6 190.2 196.4 196.9 197.6 199.2 205.2 210.4 211.5 211.9 212 212.1 213.1 214.1 214.1 214 213.2 209.4 203.3 196.8 192.1 185.8 181.3 177.8 174.1 168 165.2 163.9 165.5 169.6 170 165.5 160.3 155.3 151.9 147.7 149.5 151.3 151.5 149.2 147.5 146 147.5 147.2 146.7 145.3 144.6 144.4 144.9 141.6 138.2 133.9 131 129.4 129.1 129 131 129.1 128.1 125.9 123.9 123.6 123.2 123.5 123.5 124.2 127.4 136 146.6 159.7 166.4 171.3 173.9
169.8 169.1 168.3 167.6 168.8 174.9 185.4 192 190.9 190.3 193.1 199.5 209 210.5 211.2 210.6 210 212.5 213.7 214 215.2 216.3 212.1 206.6 198.9 194.7 189.2 183.8 180.5 175.5 171.3 168.4 164.8 170.7 171.1 169.1 164.4 161.3 157 152.8 148.6 145.1 144.8 145.7 144 144.3 142.9 141.9 140.4 140.2 139.9 140.2 138 137.9 135 134.4 132.5 129.9 130.3 131.4 137.2 136.8 132.3 132.5 129.9 127.3 124.2 123.6 123.6 123.1 122.9 123.4 129.8 140 155.2 168 174.7 176
170.2 169.6 169.1 166.5 164.3 166.4 176.8 184.7 183.5 184.9 189.1 196.9 204.9 206.8 207.8 209.2 210.3 212.7 214.4 215.7 219.2 219.5 215.2 210.3 201.3 195.8 189 184.8 183.7 178.6 175.4 170.8 171.1 175.6 173.1 169.1 168.6 165.9 160.9 159.1 154.6 149 146.5 145.3 145.7 145.2 143 142 140.1 139.5 139.2 136.6 134.2 134.9 134.6 135.3 136.3 137.3 137.6 141.4 142.3 139.2 136.8 137.2 135.3 132.6 130.4 129.7 126.2 124.4 122.9 122.9 127.5 138.1 154.2 168.9 176.2 176
176.8 177.5 176.2 170.2 163.3 163.3 168.4 175.4 176.9 180.7 188 196 199.6 201.2 203.4 208.5 211.4 213.9 215.4 219.8 221.4 221.1 217.5 211.7 205.8 198 191.8 189.7 188 183.7 178.4 174.3 175.9 177.7 175.3 174.8 174.3 170 166.7 165 159.3 154.6 154 154.2 151.4 149.4 146.8 147 147.4 145.9 144 143.9 144 143.7 140.1 140.7 143.6 144.9 145.7 146.6 143.7 141 139.6 140 137.1 136.2 136.1 131.9 129.5 124.3 123.1 123.2 129.3 141.6 157.8 170.7 176.7 175.5
183.9 184.8 181.6 174.5 166.2 163.2 164.3 170.7 176.3 181.4 188.9 191.4 193.7 198.2 205 211.1 214.8 215.2 215.4 218.8 221.3 220.6 218 213.1 208.2 203.7 198.6 195.1 192.6 188 180.7 179.2 182.6 183.1 181.6 180.9 179.3 175.2 172.9 167.1 160.9 159.1 159.5 157.7 155.6 154.5 152.2 152.8 154.1 153.6 154.5 156.4 158.7 156.9 148.8 148.6 150.8 152.1 150.5 147.9 144.9 143 141.3 140.5 137.4 136.1 134.4 130.2 125.7 123.3 123.6 124 132.7 143.8 158.5 171.7 175.7 173.2
191.4 190.1 183.4 175 165.2 162.1 164.3 174.3 180.8 183 183.3 184.2 190.1 199.5 206.7 213 216.1 216.2 216.3 218.3 219.6 219.7 218.3 216.6 214.3 209.3 205.4 200.9 196 188.8 182.7 183.6 189.9 191.3 190.6 186.8 182.6 179.4 176.1 169.3 164.7 165 163.8 162.2 162.3 161.2 157.9 160 161.3 165 166.7 166.5 164.4 160.3 155.7 155.4 156.1 154.9 152.5 149 145 142.6 140.7 137.8 135.5 132.3 129 126 123.8 122.9 123.7 128.2 136.2 146.8 158.8 170.3 172.6 170.6
196.8 193.3 186.2 173.7 165.9 160.9 165.3 174.4 180.9 178.8 178.3 182.8 190 199.2 207.9 215 216.4 216.4 216.9 217.9 218.1 218.1 217.5 216.5 216.2 214.6 208.5 204.2 200.5 194.9 190.8 188.8 195.3 196.7 196.4 192.4 187.2 183.9 179.5 172.2 170.6 171.5 168.8 168.9 168.8 166.9 164.7 167.1 169.1 172.2 172 170.6 166.7 162.1 159.8 160.2 160.8 157.1 153.2 149.5 146.9 144.5 141.6 137.6 134.7 130.4 126.4 123.8 122.9 123.4 124.2 129.8 137.7 148.9 161.6 167.7 168 166.1
199 194 187.1 178 167.2 158.9 162.8 172.1 176.2 175 177.2 182.5 191.1 201.1 209.7 216 216.5 216.2 216 215.6 215.5 215.9 215.9 215.3 216 216.2 213.1 208 203 203.8 199.3 196.5 199.9 201.2 199.2 196.4 191.6 187.5 183.8 178.4 176.3 176.6 175 174.5 173.7 171.5 171.8 172.6 174 175.6 173.9 171.3 168.1 165 164.2 162.9 161.3 157.9 154.1 151.4 149.1 147.1 144.7 140.7 137.8 132.7 128.3 124.2 122.9 122.9 123.6 129.7 136.5 145.9 157.9 164.7 164.7 163
198.7 193.4 186.6 181 170.2 159.3 160.2 167.5 168.8 170.8 176.6 183.6 193.3 203.7 210.9 215.1 216 213.4 211.9 211 211.8 212.1 211.2 211.5 213.7 215.2 215.1 211.1 207.3 207.3 206.9 204.4 203.3 202.6 201 197.2 194 190.1 186.6 183.1 181.1 180.7 179.5 178 177 175.9 175.9 175.2 174 174.6 174.1 171.3 168.9 168.2 166.6 166.1 162.3 160.5 156.3 153.9 152.3 149.8 146.1 142.7 139.3 135.8 130.5 124.2 122.9 122.6 122.8 127.3 133.1 142.7 153.1 160.8 161.6 160.4
198.8 191.8 185.2 175.1 167.8 158.9 159.2 163.1 167.1 171 177.1 185.5 194.6 204.9 209.8 213 212.5 209.1 206.7 205.5 207.2 207 205.2 207.9 211.2 214.2 216 214.6 212.6 211.3 210.8 208.4 206.3 202.5 199.1 195.5 192.2 190.7 187.9 185.7 183.8 180.7 180.9 178.8 176.5 175.2 173.8 173 170.7 170.5 172 170.1 169.6 169.8 166.6 164.7 161.9 160.5 157.4 154.7 152.2 150 145.6 142 138.3 135.2 130.6 125.1 122.6 120.9 121.7 124.9 130.5 138.6 149.7 157.8 158.8 156.4
199.3 192.9 187 174.7 164.8 158.5 158.9 164.3 171.1 174.3 178.4 184 193.8 201.9 206.1 209.2 209.1 205.3 200.9 200.4 201.7 200.9 199.6 204.6 209.7 212.9 214.7 215.7 216 215.2 213.6 210.1 206.5 201.6 198.4 195 189.7 186.3 184 182.8 182.2 180.7 179.3 176.1 174.1 171.7 169.4 167.6 166 165.9 168.6 170.7 169.2 167.8 166.3 162.3 159.5 157.2 155 152.3 150.5 149.4 145.2 141.3 137.3 133.6 130.6 126.3 122.2 120 120.5 122.7 126.3 132.3 142.1 153.6 156.2 153.1
198.5 193.6 187.8 176.7 163.8 156.9 155.6 164.8 172.3 176 178.5 182.8 190.8 196.7 199.9 204.8 206 203.5 197.1 194.7 196.1 195.5 198.1 205.3 209.7 211.6 214.9 216.1 217 216.6 214.6 211 207.7 203.6 199.2 194.7 188.7 185.4 182.9 179.6 178.8 176.9 175.5 173.4 169.7 167.2 165 161.5 160.5 162.2 164.1 166.5 166.9 164.1 163.6 159.5 155.5 154.1 151.8 149.2 147 146.3 143.8 141 137.2 134.2 131.4 128.2 123.9 119.3 119.2 120.3 123.1 128.3 135.7 147.8 153.7 150.9
196 192 187.2 177.6 166.2 157.5 153.8 160.6 168.7 173.6 175.6 181 188.8 192.7 196.9 200.7 202 200.3 195.2 190.9 189.9 191.6 197.8 203 205.8 208.8 213.6 216.5 217.5 216.5 214.7 212.1 208.8 205 201.3 197.7 192 185.1 183.6 180.4 175.6 172.5 170.7 169.6 167.2 164.2 162.1 158.4 156.6 159.4 160.6 162.4 164.4 165.4 162.3 158.4 154.3 149.6 148.2 146.5 144.2 142.6 140.8 138.8 137 134.5 132 130 126.6 122.1 119.6 119.1 120.7 124.4 130.3 137 145.6 144.8
189.6 188 185 179.5 170.6 162.2 153.3 154.9 162 167.8 169.1 177.8 185.4 187.9 192.3 197.6 198.1 197.4 194.9 189.9 186 191.3 195.5 197.6 201.7 207.4 212.2 215.7 216.9 216.2 214.4 211.7 209.2 205.2 201.9 198.9 195.1 189.1 184.7 180.4 174.9 170.8 167.1 164.9 163.8 160.4 158.5 157.5 153.2 156.4 159.5 157.5 157.4 158.4 158.6 155.9 153.8 151 144.9 143.8 143.2 140.5 137.7 136.7 136.4 134.7 132.8 131 129.4 125.1 121.6 119.4 119.1 120.6 124.7 129.9 134.8 134.4
183 182.8 179.8 176.1 171.1 165.1 156.6 153.3 153.8 156.4 164.4 173.7 180.9 183.2 188.6 193.1 194 194 190.8 185.7 179.4 188.5 190.1 193.3 199.9 205.8 209.7 213.6 215.6 215 213.9 211.8 209.2 204.3 200.2 197.5 193.8 189.5 185.4 181.3 177.2 172.8 168.5 165.8 160.7 157.6 154.2 152.3 150.1 153.1 156.6 155.6 152.5 152.8 153.4 153.4 150.5 151.1 147.1 141.5 139.5 137.8 134.1 133.6 133.4 134 132.4 130.7 131.1 127.2 123.8 120.5 119.6 118.6 120.8 122.3 124.8 125.7
177 174.7 173.1 167.7 163.8 160.3 158.7 156.9 154.1 153.2 159.8 168.9 176.5 178.7 185.4 189.5 190.1 190.2 188.4 182.3 178.5 184.5 186.3 192.9 199.4 204.7 206 207.8 211 214.1 214.2 212.2 207.8 201.8 197.1 194 192.4 189.1 185.5 181.8 178 174.2 170.9 167.5 163.4 159.3 157 154.8 148.9 149.6 152 156 150 149.5 149.1 148.4 148.8 147 145.5 142.8 138.2 134.8 133.2 130.5 130.4 131.4 131.3 129.8 127.9 126.4 122.4 119.4 118.9 118.3 117.9 118.5 119 120.6
182.6 177.9 174.3 168.5 166.3 166.5 167.5 164.7 156.5 153.2 154.8 165 171.8 175.5 183.8 186.6 185.1 186.1 185.5 181.4 174.3 178.6 187 192.8 195.7 200.1 201.7 202.8 206.9 211.8 214.4 212 206.9 200.5 193.5 188.2 186.4 185.8 182.4 180.8 177.7 173.9 170.7 170.2 166 162.7 160.5 156.2 150.5 145.4 149.3 152.4 151.3 148.1 144.2 144.6 145.5 144.4 141 142.6 140.5 137.1 133.3 130 126.9 126.7 128.4 125.9 123.4 121.7 119 119 118.9 118.3 117.9 117.9 118 118.3
192.3 188.2 185 180.5 177.2 176.8 172.7 166.6 157.6 154 153.3 159.5 167 172.2 179.1 180.9 179.1 178.9 179.9 178.4 173.4 176.4 184.9 187.6 189.8 192.8 195.9 198.6 205.2 210.6 212.3 210.5 206.1 199.4 192.7 185.1 180.4 180.3 178.5 176.9 175.8 173.4 170.2 168 165.8 163.9 160.2 155.3 150.9 145.5 144.7 147.8 149.3 146.4 142.5 140.7 142.1 140.6 137.6 138.5 140.2 137.7 134.3 130.5 126 124.1 124.3 123.3 120.6 120.6 119.1 121.4 121.1 119.1 118.4 117.9 117.9 117.9
198.1 195.5 193.2 190.5 186.6 181.9 174.1 166.3 157.7 152.9 152.2 155 160.6 167.1 174 175.2 173.2 173.4 173.6 172.9 169.7 174 179.7 181.3 183.9 188 193.9 198.8 204.8 209.9 211.1 209.7 204.3 198.4 193.6 185.5 179.4 175 172.8 170.8 169.7 168.7 166 164.5 162.7 161.4 160.8 155.5 150.7 146.1 141.3 142.1 144.8 145.6 142.5 137.9 138.3 137.2 133.7 133.9 135.6 134.6 132.3 128.4 124.3 121.7 121.1 120.4 119 120.7 121.8 124.4 124.3 122.1 120 118.6 118.3 118.4
