data/SO71.asc
ncols 200
nrows 200
xllcorner 370000
yllcorner 210000
cellsize 50
[rows 39 to 77 of 200, columns 89 to 177 of 200]
11 10.8 11.5 12.5 13.8 14.8 14.1 15.1 13 10.9 9.3 10.5 9 10 9 9 10 9.5 9 9 10 10.8 10.2 9.4 9 9 9 9.8 10.1 9.7 10.6 10.1 9 9 10.5 9 9 9 9 9.8 10.6 11.3 12 12.9 14 15.1 19.1 25.6 24.6 27 26.7 24.6 22.6 20.9 19.2 17.6 16.3 15.1 13.5 11.7 10.2 9.8 10.1 10.8 11.5 11.3 11.8 10.3 9.7 9.7 9.9 10 10.1 10.1 10 9 9.1 9.1 9.1 10 14.3 26.9 31 30.4 27.1 24.5 22.5 19.5 18.1
9.1 10.3 10.6 11.8 13.2 14.6 14.1 15.9 13.3 10.5 9.8 9.1 9.4 9 9 9.3 9 9 10.1 11 10.4 10.1 9.7 9 9 9.3 9.2 9.6 9.6 9.1 9.4 9 9 9 9 8.9 9 9 9 10.8 10.3 10.7 11.4 12.3 13.2 13.8 15.9 18.9 21 24.7 26 24.3 22 20.4 18.7 17 15.7 14.6 13 11.4 10.3 10 10 12 11.1 11 10.4 9.9 9.3 9.4 9.6 10 10 10.5 9 9 9.2 9.3 9.3 10.4 15.3 27.7 31 29 25.3 23.4 21.1 18.6 17
9.1 9.7 9.6 11.9 12.6 13.7 15 15.9 13.4 11.1 10.9 9.7 9 9 9 9 9.4 9.3 9.7 10.7 12.6 12.9 12.3 11.6 10.6 10 9.1 9.2 9 9.5 9.4 9 9 9 8.9 8.8 8.8 8.8 8.9 8.9 9.5 10.6 11 11.5 12 12.5 14.4 15.3 16.9 23 23.8 22.8 21.3 19.4 17.9 16.3 14.9 13.6 12.2 10.8 12.3 9.7 10.1 10.3 10.3 10.6 10 9.3 9 9.1 9.3 9.6 8.9 8.8 8.9 9 9 9.4 9.4 10.7 15.6 28.5 29.5 26.9 24.3 22 19.8 17.8 16
9.8 9.9 9.1 10.3 11.4 12.5 14 14.4 12.7 10.5 10.5 9 9 9 9 9 9 10.8 14.1 14.1 15.5 15.2 15.1 15.9 15.1 12.5 11.4 10.1 9.4 9.9 9.3 9 9 9 8.9 8.8 8.6 8.7 8.7 8.8 8.9 10.2 11.1 11.1 10.6 11.2 12.2 13.3 15.3 19.5 21.7 21.1 20 18.4 16.8 15.7 14 12.5 11 10.2 9.6 9.4 10.7 10.6 10.6 10.6 10.6 9.7 8.8 8.8 8.9 8.7 8.8 8.8 8.8 8.9 9 9.5 9.4 11 16.2 27.5 28.8 25.1 22.8 20.2 19 17 16.1
9.1 9.1 9.1 9.1 11.3 11.7 11.4 11.8 11 10.2 9.1 9.2 9.1 9 9 9 11.9 15.3 15.7 15.7 16.1 16.3 16.2 15.9 15.3 13.9 12.2 10.9 10.7 9.8 9.3 9 9 8.9 8.8 8.7 8.6 8.5 8.6 8.6 8.7 8.9 10.3 10.7 9 9.6 10.8 12.1 14.3 17.1 20.9 20.5 18.6 16.5 12.9 14.1 13.3 11.7 10.7 10.1 9.6 9 10.2 11 9 8.8 8.8 8.7 8.7 8.7 8.7 8.7 8.8 9 9.2 9.2 9.2 9.5 10.9 11.8 15.2 26.9 26.8 24.3 22 19.9 17.7 16.2 15.9
9.1 9.1 9.1 9.1 9.1 10.6 9.1 9.6 11 11 9.2 9.5 9.6 9.5 9.3 11.9 12.8 14.5 17 17.6 17.3 17.5 17 16.6 16 15.2 13.8 12.1 12 11.6 9.2 9 9 8.9 8.8 8.6 8.5 8.4 8.4 8.5 8.6 8.7 8.8 9.7 8.8 8.9 9 11.2 13.7 15.9 18.9 13.7 14.4 13 11.1 12.1 12.1 11.1 10.6 9.7 9.2 9.1 8.9 8.9 8.7 8.6 8.6 8.5 8.7 8.7 8.8 8.9 8.8 8.8 9.1 9.3 9.6 10.3 10.5 12.1 15.7 25.5 26.2 23.6 20.8 18.5 16.3 15.1 16.2
11 9.1 9.1 9.1 9.1 11 10.1 9.1 9.9 9.4 9.3 9.6 9.8 9.9 11.7 14.2 15.3 16.8 19.5 20.2 19.6 18.4 17.8 17.2 16.7 15.8 14.3 14.6 15.2 13.9 9.9 9 8.9 8.8 8.7 8.6 8.5 8.4 8.3 8.3 8.4 8.5 8.6 8.7 8.6 8.6 8.8 10.1 12.7 12.9 15.2 13.9 11.9 9.8 9 11.4 11.2 10.5 9.6 9.4 9.2 8.9 8.7 8.6 8.5 8.4 8.4 8.6 8.8 8.8 9 9 8.9 8.8 8.8 9.1 9.3 9.6 10.3 11.6 15.9 24.5 25.4 22.8 19.9 17.3 14.7 14.5 15.9
9.5 10.8 10.5 10.1 9.5 9.1 11 9.6 10.4 10.2 10 9.8 10.2 12.8 15.9 18.6 18.6 20.1 21.1 19.7 21 19.6 18.8 18 17.3 16.5 15.9 15.4 15.3 14.9 11.3 9 8.9 8.7 8.6 8.5 8.4 8.3 8.2 8.1 8.2 8.3 8.3 8.4 8.4 8.4 11.8 10.2 12.4 13.4 13.1 12 10.7 9.1 8.4 9.5 10.6 9.6 9.4 9.2 9 8.8 8.6 8.4 8.3 8.2 8.4 8.7 8.8 8.9 9.1 9.1 9 8.9 8.8 8.8 9 9.4 10.1 11 16.4 23.6 24.8 21.8 19 16.4 14.1 14.8 15.7
8.9 9 8.9 8.9 8.9 8.8 10.4 9.5 9.9 10.9 10.5 10.1 9.5 11.8 15.1 20.3 21.2 20.7 20.6 20.6 20.7 19.9 19.3 18.5 18 17.1 16.3 15.8 15.3 14.2 10.4 8.8 8.5 8.4 8.3 8.2 8.2 8.1 8 8 8 8.1 8.1 11.3 8.5 8.8 10.9 10.8 11.1 12.3 11.7 10.6 9.6 8.4 7.7 8.9 9.2 8.9 8.8 8.8 8.7 8.6 8.4 8.2 8.1 8.3 8.5 8.8 8.8 9.1 9.2 9.2 9.2 9.1 9 8.9 8.8 9.1 10 11.7 16.4 23 23 20.6 17.9 16 14.1 14.9 14.9
8.5 8.6 8.7 8.7 8.6 8.6 9.8 9.3 10.5 10.7 10.6 10.3 9.9 10.6 13.9 18.5 21.8 21.8 20.6 19.9 19.2 19.8 19.4 18.9 18.2 17.4 16.1 15.1 14.7 12.3 9.6 8.7 8.2 8 7.8 7.7 7.7 7.6 7.5 7.7 10.2 9 8.5 8.5 8.4 8.3 11 10.2 9.6 11.2 10.4 9.4 8.3 7.3 6.3 7.5 7.8 7.9 8 8 8 8.1 8.1 8.1 8.2 8.4 8.7 8.8 9 9.2 9.3 9.4 9.3 9.2 9.1 9 8.9 8.9 9.8 12 16.8 22.2 22.6 20.9 17.4 15.7 13.6 13.2 13.7
8.2 8.2 8.3 8.4 8.4 8.3 9.2 9.2 9.7 9.1 9.1 9.3 9.4 10.3 12.3 18.6 24.7 21.7 20.5 19.8 19.7 19.4 19.1 17.9 17 16.6 15.6 14.4 13.8 11.2 9.4 8.7 8 7.7 7.5 7.3 7.2 8.2 10.1 7.7 7.9 8.2 8.3 8.5 8.7 8.8 9 8.9 8.9 8.9 9.9 9 8 7.1 7.4 7.8 8.3 8.3 8.2 8.2 8.3 8.3 8.3 8.4 8.4 8.5 8.8 8.9 9.1 9.4 9.5 9.5 9.4 9.3 9.2 9.1 9.1 8.9 9.5 12.3 19.2 22.4 21.8 20.2 17.5 14.9 13.5 12.7 13
9.3 8.3 8.2 8.1 8 8.2 8.7 9.1 9.1 9.1 9 9 9 10.2 12 17 26 21.4 20.4 19.6 19.3 18.9 18.1 16.6 15.9 15.5 14.8 15.4 13.1 11.3 9.6 8.6 8 7.4 7.2 11.1 7.6 7.7 7.9 7.8 7.9 8 8.1 8.3 8.5 8.6 8.8 8.8 8.8 8.7 9.4 8.5 7.6 7.6 8.2 8.4 8.6 8.9 8.5 8.5 8.5 8.6 8.6 8.7 8.7 8.7 8.9 9.1 9.3 9.5 9.6 9.6 9.5 9.5 9.4 9.4 9.2 9 9.2 14.8 21.2 22.3 21 19.5 17.6 15.2 13.6 11.9 12.4
10.2 9.8 8.3 8.3 8.2 9.2 9.9 9.6 9.1 9.1 9.1 9 9 9 10 14.1 19.4 17.6 16.4 16.3 18.4 18.2 17.2 16.2 14.8 14.4 15.6 15.1 15.4 13.1 9.8 8.3 11.6 7.5 7.8 7.7 7.7 7.9 8.2 7.8 8 7.8 7.9 8.1 8.3 8.4 8.6 8.7 8.6 8.6 9 8.1 7.5 8.2 8.9 9.1 8.9 9.1 9.2 8.8 8.8 8.8 8.9 8.9 9 9.2 9.3 9.2 9.4 9.7 9.7 9.7 9.7 9.6 9.6 9.5 9.3 9 10.5 14 22.3 22.1 20.5 19.1 17.4 15.2 13.1 11.4 11.6
11.1 10.7 10.3 8.7 10 10.9 11 9.9 9.1 9.1 9.1 9 9 9 9 9.1 11.8 12.7 12.2 17.7 18.9 17 16.2 15.8 14.5 14.4 14.1 15.7 15.1 11.9 10 8.1 7.8 8.1 8 7.9 7.8 8 8.5 8.2 8 7.6 7.7 7.9 8 8.2 8.4 8.6 8.5 8.4 8 7.6 8.2 8.9 9.9 10.1 9.6 9.1 9.8 9.4 10 9.6 9.6 10 10.1 10.8 10.4 9.3 9.6 9.8 9.8 9.9 9.8 9.8 9.8 9.6 9.2 9.1 12.1 16.4 22.2 21.7 20.1 18.3 16.5 14.8 13 10.2 10.8
15.1 14.4 13.4 11.2 11.8 12.5 11.4 10.3 9.2 9.1 9.1 9.1 9 9.6 9.2 9.2 9.5 9 14.1 18.2 17.6 15.7 13.3 13.6 13.8 13.5 13.9 13.3 15.9 14.5 10.2 8.5 8.3 8.3 8.4 8.3 8.1 8.2 8.7 8.7 7.9 7.5 7.5 7.7 7.8 8 8.2 8.3 8.4 8.3 7.9 8.2 9 10.2 11.5 12.7 12.8 12.1 12.7 12 12.5 13.4 13.6 13.4 12.9 12.4 11.9 11.4 10.8 10.1 10 10 10 10.1 9.8 9.4 9 9.7 13.2 17.4 20.9 20.7 19.5 17.5 15.5 14.6 12.7 10.9 11
23.7 21.9 18.2 14.1 13.6 12.9 11.8 10.7 9.6 9.1 9.1 9.1 9.7 10.6 9.3 9.5 9.4 9.2 14.5 16.6 16.3 14.4 12.2 12 11.7 13.5 15.5 16.7 15.7 13.4 10 8.9 8.6 8.5 8.6 8.7 8.6 14.2 21.8 14.6 9.1 7.3 7.3 7.4 7.6 7.8 8 8.1 8.3 8.2 9.3 10.2 10.7 11.5 12.8 14 15.2 16 16.7 15.9 16 16.9 17.3 17.3 16.5 15.4 15.5 14.4 13.2 12.1 11.8 11.8 11.6 11.2 10.7 10.4 10.8 11.5 13.3 17.1 20.1 19.5 18.2 16.2 14.2 12.8 11.4 9 10.9
31.8 28.1 23.3 18.9 13.9 13.2 12.2 11.1 10 9.1 9.1 9.9 10.8 10.6 9.5 9.3 9.2 8.7 13.5 15.5 14.7 11 11.1 10.8 9.3 11.2 14.9 15.6 13 10.5 9.8 9.4 8.8 8.6 8.8 8.9 11.9 27.5 28.3 26.9 14.4 7.9 7.3 7.4 7.6 7.7 7.9 8.1 8.2 9.4 11.3 12.8 12.6 13.1 14.4 15.6 16.8 17.7 18.7 19 19.4 19.3 19.5 19.5 18.7 17.2 16.5 16.7 15.4 14.6 14.6 14.6 14.4 13.8 12.9 12.5 12.3 14 15.3 17.4 17.2 17.4 16.9 14.9 12.8 10.8 10 9.4 11.7
31.3 30.9 25 18.6 13.4 11.5 10.8 10.1 9.4 10.3 11.2 11.1 11.8 10.5 9.1 8.9 8.4 7.7 11.1 9.9 11.1 11.5 10.7 9.4 9 9 9.9 12.8 11.1 9.6 9.3 9.4 8.8 8.9 8.9 9 14.8 29.6 30.9 29.8 20.1 8.8 7.3 6.9 7.5 7.8 7.9 8.1 8.6 9.9 12.4 14.9 15.3 14.5 16 17.2 17.7 18.3 18.9 18.9 19.3 19.6 19.4 19.7 19.2 18.9 18.5 18.6 18.3 18 17.6 17.2 17.2 17 15.4 14.9 14.6 14.4 14.4 15.5 14.7 14.5 13.5 12.1 10.3 9 8.9 10.1 13.4
30 28.2 23.4 17.6 14 11.3 9.1 9.1 9.1 10.5 11.1 10.9 9.7 8.9 8.5 9.5 9.7 8.1 8.3 9 11 11 11.1 9.6 9.9 9.9 9.8 9.7 9.6 9.3 9 8.9 8.6 8.8 9.4 9.8 16.9 31 30.2 27.3 19.3 8.1 7.3 7.6 6.3 7.2 8 7.8 8.8 10.2 12.9 15.5 16.4 16.2 15.5 15.5 15.6 15.4 15.5 16 16.9 17.6 17.2 17.4 17.5 16.9 17.1 17.7 18.8 18.9 18.7 18.7 18.5 18.3 17.6 16.6 16.2 15.3 14.1 13.4 12.3 10.2 9.4 9 9 9 9.1 11.2 15.2
25.7 23.7 20.6 16.6 13 10.8 9.6 9.1 10.3 10.7 10.2 10.8 9.6 11.5 10.4 9 8.3 8.5 8.7 9.3 10.6 10.1 9.8 9.6 9.5 9.4 9.3 9.2 9.1 8.9 8.7 8.5 8.4 8.7 9 9.9 17.9 31.5 31.5 26.1 15.3 7.9 7.3 6.4 6.2 6.3 6.3 7.4 8.9 9.5 11.8 12.9 16 14.8 14.3 12.8 12.3 11.6 11.7 12.1 12.7 13.2 13.2 13.6 13.9 13.3 13.1 13.8 16 17.4 18 18.4 18.5 18.4 18.1 17.7 16.6 16.1 13.8 10.8 9.6 9 9 8.8 9.3 9.2 8.9 11.5 15.7
22 19.4 17.4 14.7 13.1 11.3 10.2 10.1 10.6 10.9 11.9 11.3 11.2 10.8 10.2 10.2 8.7 8.9 9 9.5 9.5 9.6 9.4 9.2 9 8.9 8.8 8.7 8.6 8.4 8.2 8.1 8.3 8.6 8.9 9.5 20.1 31.6 29.7 22.4 9.6 6.3 6.6 6.1 6.8 6.9 7 7.5 9.6 8.6 10.7 13.1 13.3 13.1 10.1 9.1 9.4 9.2 9.5 9 8.9 8.9 9.3 9.8 10.1 9.5 9.5 9.3 10.9 12.4 13.5 14 14.3 15.2 16.2 16.9 16.4 16 14.3 10.4 9 9 9 8.7 8.7 9.5 9.2 11.7 13.5
17.5 15.3 14.8 13.4 12.2 11.7 10.8 12.2 11.3 11.6 12 12.2 12.2 11.7 10.9 10.4 10.7 9.2 9.5 9.3 9.3 9.4 9.5 8.9 8.6 8.5 8.4 8.2 8 7.9 7.8 8 8.8 8.7 9 9.8 22.6 30.2 27.8 17.7 9.4 6.1 6 6.3 7.1 7.6 7.7 7.8 8.7 9.4 9.4 10.8 -1.2 -1.2 -1.2 -1.2 -1.2 9 9 7.8 8.1 8.9 8.7 8.5 8.2 9 9 8 7.9 7.9 8 7.9 7.8 8.3 11.2 12.5 14.1 13.8 11.1 8.4 8.5 9 8.8 8.5 8.3 9.2 9.7 10.3 11.8
15.5 15 13.5 12 11.9 11.4 10.8 11.7 12.4 12.6 13 12.6 12.5 12.1 11.5 10.6 10.9 10 10.2 9.3 9.2 9.3 9.3 9 8.4 8 7.9 7.7 7.5 7.5 7.8 8 8.8 9.4 9.2 17.1 26.8 29.4 27.7 18.7 8 6 6.1 6.8 7.9 8 8.3 8.2 9.1 9.9 -1.2 -1.2 -1.2 -1.2 -1.2 -1.2 -1.2 -1.2 -1.2 -1.2 8.2 8.6 8.7 8.6 8.3 9 8.7 8.2 8.1 8.2 8.2 8.1 7.9 7.5 7.2 7.2 8.4 8.5 9.2 9.6 9.1 8.8 8.7 8.4 8.1 8.6 9 9.8 10.7
13.7 13.3 13.5 12.7 12.6 12.1 11.6 12 13.2 13.7 14.1 13.3 12.7 12.6 12.2 11.2 10.4 9.7 10.3 9.4 9 9.1 9.2 9.1 8.5 7.9 7.4 7.2 7.3 7.5 7.8 8 8.8 9.7 9.9 23.6 26 24.3 24.9 19.4 8.4 6.2 6.3 6.6 8.1 8.4 8.5 -1.2 -1.2 -1.2 -1.2 -1.2 6.9 9 9.8 8.5 6.8 -1.2 -1.2 -1.2 -1.2 8.7 8.8 9 8.5 8.9 8.3 8.4 8.3 8.4 8.5 8.3 8 7.6 7.4 7.3 8 8.3 9 9.3 9 8.3 8 8.1 8.1 8.1 8 8.4 9
13.5 13 12.6 12.8 13.1 13 12.5 12.3 13.5 14.7 15 14.2 14.7 13.8 12.9 12.2 10.8 10 9.6 9.1 9.2 9.1 9 9.1 8.5 8.2 8 7.1 7.3 7.5 7.8 8 8.8 9.7 10.5 21.6 23.3 18.6 20.2 14.5 8.5 6.7 6.5 7.6 8.3 -1.2 -1.2 -1.2 -1.2 -1.2 7.8 7.2 7.3 7.6 8 8.2 8.3 8.6 -1.2 -1.2 -1.2 -1.2 -1.2 9.3 8.6 8.8 8.4 8.6 8.5 8.7 8.7 8.5 8.1 7.7 7.6 7.5 8 8.1 8.8 9.1 8.8 8.2 7.6 7.2 8.7 8 8.4 8.4 8.8
12.9 12.6 12.6 12.8 13.1 13.3 13.4 12.9 13.8 15 14.9 16 16.2 15.8 14.8 13.2 10.7 9.7 9.4 8.8 9.4 9.5 9.3 9.8 9.2 9 8.8 8.1 7.8 7.5 7.8 8 8.8 9.7 10.1 16.9 17.4 16 14.1 10.3 8.9 7.6 8.2 8.8 -1.2 -1.2 -1.2 10.1 8.6 7.5 6.5 6.7 6.8 6.9 7 7.1 7.4 7.7 8.3 8.6 -1.2 -1.2 -1.2 -1.2 8.8 8.7 8.6 8.8 8.8 8.9 8.9 8.6 8.3 7.8 7.7 7.7 8 8.1 8.7 8.9 8.5 8.4 7.4 8 7.7 8.2 8.5 8.3 9.2
12.2 12.4 12.6 12.8 13.1 13.3 13.5 13.8 14 14.1 16 16.7 16.2 14.9 14.3 12.2 10.3 9 9 8.6 9.4 9.7 10.9 11.1 10.7 9.5 8.8 8.5 8.3 8.1 7.8 8 8.8 9.2 9.5 10.4 10.7 9.5 9.2 8.6 8.5 8.4 -1.2 -1.2 -1.2 -1.2 8.7 8.3 7.7 7.6 7.6 7.6 7.5 7.5 7.4 7.4 7.3 7.4 7 6.5 6.2 7.8 -1.2 -1.2 -1.2 -1.2 8.8 9 9 9.2 9.1 8.8 8.4 8 7.9 7.8 8.1 8.1 8.5 8.6 8.2 8.1 7.9 8 7.8 8.2 8.3 8.3 8.5
11.3 11.6 12.5 12.8 13.1 13.3 13.5 13.8 13.9 13.9 14.3 15.3 15.4 13.6 11.7 10.1 9.4 9.5 9.1 8.8 16.2 21 21 21 16.4 12.2 9.9 8.6 8.7 8.6 8.3 8.1 8.5 9.7 8.8 8.4 8.4 8.5 8.6 8.6 -1.2 -1.2 -1.2 -1.2 -1.2 8.5 7.6 7.1 7.6 7.6 7.5 7.5 7.4 7.4 7.3 7.3 7.3 7.3 7.1 6.6 6.1 6.2 6.6 -1.2 -1.2 -1.2 -1.2 -1.2 -1.2 9.6 9.3 8.9 8.5 8.2 8.1 8 8.1 8.1 8.3 8.4 8 8.1 7.7 7.9 8 8.2 8.4 8.6 8.4
10.8 11.2 11.8 12.4 13 13.3 13.5 13.7 13.5 13.5 13.7 13.5 12.9 12.5 9.2 9.3 9.4 9.8 9.2 9.8 18.3 21.1 21 21 21.3 16.7 11.5 6.5 8.8 8.8 8.8 8.9 8.7 8.6 8.4 -1.2 -1.2 -1.2 -1.2 -1.2 -1.2 -1.2 -1.2 8.5 8.6 8.1 7.6 7 7.5 7.4 7.4 7.3 7.3 7.2 7.2 7.2 7.2 7.3 7.1 6.7 6.2 6.2 6.5 6.4 -1.2 -1.2 -1.2 -1.2 -1.2 -1.2 -1.2 -1.2 -1.2 -1.2 -1.2 -1.2 -1.2 -1.2 -1.2 -1.2 -1.2 -1.2 -1.2 -1.2 -1.2 -1.2 8.4 9 8.7
12 12.4 12.9 13.3 13.7 13.4 13.6 13.4 13.2 13.2 13.2 13 11.8 11 9.9 9.4 9.2 9.6 9.6 12.1 18.7 21.1 21.2 22.6 22.9 19.9 13.6 8.7 9.2 9 9.2 -1.2 -1.2 -1.2 -1.2 -1.2 -1.2 -1.2 -1.2 -1.2 -1.2 8 7.9 8.2 8.5 8 7.5 7 7.4 7.3 7.3 7.2 7.2 7.1 7.1 7.2 7.2 7.2 7.2 6.7 6.2 6.3 6.5 6.7 6.7 7.4 7.6 -1.2 -1.2 -1.2 -1.2 -1.2 -1.2 -1.2 -1.2 -1.2 -1.2 -1.2 -1.2 -1.2 -1.2 -1.2 -1.2 -1.2 -1.2 -1.2 -1.2 -1.2 -1.2
15.1 15 15.3 15.2 14.9 14.4 13.5 13.4 12.7 12.2 12.1 12 11.1 9.8 9 9 8.9 9.2 10 13.9 18.3 20.8 22 23.9 23.9 21.4 14.6 -1.2 -1.2 -1.2 -1.2 -1.2 -1.2 -1.2 -1.2 -1.2 -1.2 7.4 7.9 7.6 7.4 7.5 7.5 7.8 8.1 7.9 7.4 7 7.2 7.2 7.1 7.1 7 7.1 7.1 7.1 7.1 7.2 7.2 6.8 6.3 6.4 6.5 6.7 6.8 6.9 6.8 6.6 6.8 6.7 7.1 7.2 7.4 7.6 7.8 7.9 7.6 7.3 7.3 8.1 9.4 9 -1.2 -1.2 -1.2 -1.2 -1.2 -1.2 -1.2
17.8 18.8 18.9 19.2 17 15.7 13.8 13 12.1 11.6 11.1 10.8 9.7 9 9 9 11 10.4 11.9 14.9 18.6 21.2 21.9 23.1 23.7 22.2 -1.2 -1.2 -1.2 -1.2 -1.2 -1.2 -1.2 9.3 7.7 7.6 7.4 7.2 7 7.4 7.2 7 7.1 7.4 7.7 7.8 7.3 7 7.1 7.1 7 7 7 7 7 7.1 7.1 7.1 7.2 6.8 6.3 6.4 6.6 6.7 6.9 6.6 6.4 6.2 6.4 6.8 7 7.1 7.4 7.4 7.4 7.5 7.6 7.1 7.1 7.1 7.2 7.3 7.3 7.4 7.4 7.3 7.5 -1.2 -1.2
24.1 25.1 23.7 21.8 18.2 15.5 13.3 12.5 11.6 11.1 10.6 10.1 9 9 9 10.7 10.5 11.5 13.7 16.3 20.3 21 21.4 21.8 23 -1.2 -1.2 -1.2 -1.2 8.3 7.6 8.9 7.8 7.7 7.6 7.4 7.2 7.1 6.9 6.7 6.9 6.7 6.7 7.1 7.3 7.6 7.2 6.9 7 6.9 6.9 6.9 6.9 7 7 7 7.1 7.1 7.1 6.9 6.4 6.5 6.6 6.8 6.7 6.4 6.2 6.1 6.4 6.8 6.9 7.1 7.2 7.3 7.2 7.2 7.3 7.1 6.9 6.9 7 7.1 7.1 7.2 7.3 7.2 7.3 7.6 7.6
34.1 33.5 29.4 24.5 20.7 16.2 14.3 12.1 11.1 10.7 10.7 10.6 10 9.5 9.9 9.2 10.7 12.3 14.7 18 20.4 19 19.4 20.8 21 -1.2 -1.2 -1.2 -1.2 8.5 7.8 7.9 7.9 7.7 7.6 7.4 7.2 7 6.8 6.7 6.5 6.4 6.4 6.7 6.9 7.2 7.1 6.9 6.9 6.8 6.8 6.9 6.9 6.9 6.9 7 7 7 7.1 7 6.5 6.5 6.7 6.8 6.5 6.3 6 6.1 6.5 6.7 6.8 7.1 7.1 7.1 7 6.9 7 7.1 6.7 6.7 6.7 6.8 6.9 7 7 7.1 7.1 7.3 7.3
37.3 36.7 34.2 27 21.6 16.4 13.9 11.8 11.4 10.9 11 11.1 10.6 9.6 9.8 9.8 10 13.1 15.9 16.7 17.9 16.9 17.3 17.5 10.4 -1.2 -1.2 -1.2 7.7 7.6 7.7 7.8 7.8 7.7 7.6 7.4 7.2 7 6.9 6.7 6.5 6.3 6.1 6.3 6.6 6.8 7 6.8 6.7 6.8 6.8 6.8 6.8 6.9 6.9 6.9 7 7 7 7 6.5 6.6 6.8 6.7 6.3 6.1 5.9 6.2 6.5 6.6 6.7 6.9 6.9 7 6.9 6.8 6.7 6.7 6.7 6.5 6.5 6.6 6.7 6.8 6.8 6.9 7 7.2 7.4
32.2 31.6 27.5 23.5 19.3 15.1 12.4 11.8 11.5 10.9 11 11 11 9.3 9.7 9.3 9 10.9 14.7 16.1 16.1 14.4 14.5 17.1 -1.2 -1.2 -1.2 -1.2 8 7.7 7.6 7.7 7.7 7.7 7.6 7.4 7.2 7 6.9 6.7 6.5 6.3 6 6.1 6.3 6.5 6.7 6.7 6.7 6.7 6.7 6.8 6.8 6.8 6.8 6.9 6.9 6.9 7 7 6.6 6.7 6.8 6.5 6.1 5.9 5.9 6.2 6.4 6.5 6.7 6.7 6.8 6.8 6.8 6.7 6.5 6.4 6.5 6.3 6.3 6.4 6.5 6.5 6.6 6.7 7.2 7.2 7.6
20.8 21.9 21.6 19 14.9 13.3 12 11.8 11.5 11.3 11 10.8 10.2 9 11 9 9 9.1 10.8 11.3 10.9 9.9 9 10.3 -1.2 -1.2 -1.2 9.7 7.6 7.8 7.6 7.6 7.7 7.7 7.5 7.4 7.2 7.1 6.9 6.7 6.5 6.2 5.9 5.9 6.1 6.3 6.5 6.6 6.6 6.7 6.7 6.7 6.7 6.8 6.8 6.8 6.9 6.9 6.9 6.9 6.6 6.7 6.7 6.3 5.9 5.7 5.9 6.1 6.3 6.4 6.6 6.6 6.6 6.7 6.6 6.5 6.4 6.3 6.2 6.3 6.1 6.2 6.2 6.3 6.5 6.9 7.4 6.8 7.4
16.3 17.4 17.4 15.8 13.1 12.1 12.1 11.8 11.5 11.3 11 10.6 9.2 9 10.8 10.9 10 10 9.4 11.1 9.2 8.9 8.6 9.4 -1.2 -1.2 -1.2 7.8 7.4 7.6 7.8 7.5 7.6 7.6 7.5 7.4 7.3 7.1 6.9 6.7 6.5 6.2 5.8 5.7 5.9 6.1 6.3 6.4 6.4 6.5 6.6 6.7 6.7 6.7 6.7 6.8 6.8 6.8 6.9 6.9 6.7 6.8 6.5 6.1 5.8 5.6 5.9 6.1 6.2 6.4 6.4 6.4 6.5 6.5 6.5 6.4 6.3 6.2 6.1 6 5.9 6 6 6.2 6.6 7.1 7.6 6.8 7.1
13.2 13.8 13.4 12.8 12.2 11.7 12.1 11.9 11.6 11.3 9.2 9.5 9 9.5 10.8 11.6 11.6 11.3 10.3 10.6 9.4 9.1 8.8 -1.2 -1.2 -1.2 9.6 7.5 7.1 7.3 7.5 7.7 7.5 7.5 7.6 7.5 7.3 7.1 6.9 6.7 6.5 6.1 5.8 5.5 5.7 5.9 6.1 6.1 6.2 6.3 6.4 6.4 6.5 6.6 6.7 6.7 6.8 6.8 6.8 6.8 6.8 6.7 6.3 5.9 5.6 5.7 5.8 6 6.1 6.2 6.3 6.3 6.3 6.4 6.4 6.2 6.1 6 5.9 5.8 5.7 5.7 5.9 6.2 6.8 7.3 7.8 7.1 6.7
