data/SO98.asc
ncols 200
nrows 200
xllcorner 390000
yllcorner 280000
cellsize 50
[rows 72 to 107 of 200, columns 80 to 159 of 200]
93.3 95 97.2 98.6 99.2 98.9 98.9 99.3 100.6 98.5 99.3 99.8 102.9 105.3 110 112.5 113.9 114.2 115.5 114.6 114.7 113.7 112.3 112 110.8 110.9 112.4 113.4 112.5 111.4 111.8 112.4 116.4 115.9 115.1 120.8 120.2 121.9 123.4 125.2 125.7 133 140.5 143.1 141.4 138.6 145.1 148.9 151.5 153.8 156.2 161.2 170.2 175.7 180.1 183.2 184.2 185.2 185.4 185.6 185.8 186.2 186.5 186.2 185.4 184.2 183.5 181.9 180.8 179.1 177.6 176.2 175.2 174.2 173.6 163.6 172.7 173.3 173.9 174.7
97.5 97 96.4 98.2 98.1 98.4 97.9 98.1 98.9 98.1 97.6 100.3 107.8 108 111.1 114 113.2 112.8 114.4 115.1 115.1 115.4 115.6 113.4 110.9 111 112.3 112.5 111.3 112.1 112.5 114.9 114.6 115.1 115 116.3 120.1 120.4 123.4 124.6 125.2 133.8 143.7 143.1 143.2 143.4 140.9 148.5 149.9 152 153.4 157.2 166 173.1 177.4 181 182.6 185.3 186.1 186.3 186.4 187.2 186.9 186.5 185.7 185.2 183.6 182.4 181.5 179.9 177.9 176.8 175 168.7 166.9 173.2 172.8 173.5 174.6 175.7
97.2 97.1 95.7 95.9 95.9 94.7 95.3 103.4 107.5 98.2 99.5 102.4 109.4 110.3 113.2 112.5 112.1 113.3 112.8 115.1 115.6 117.1 116.5 116.6 112.7 112.3 111.9 111.5 111.4 112.2 113.1 114.1 115.5 115.8 118 117.4 118.7 119.9 121.5 122.4 123 131.5 143.2 143.5 143.2 143 140.1 141.8 147.8 148.8 150.8 154 159.4 166.5 172.4 180.2 182.7 185.7 186.6 187.1 187.3 187.2 187.4 186.5 185.8 185.3 183.4 182.8 181.9 180.5 178.5 169.7 162.3 176.3 174.8 173.9 173.7 173.8 175.5 177.1
103 102.8 102.6 101.2 99.4 96.1 97.6 107.2 107.8 106.2 103.7 105.3 109.2 111.3 112.4 111.9 111.9 112.4 112.9 116.9 116.6 117.8 119.3 117.3 113.8 112.3 112.6 112.8 113.6 114.2 115.3 115.9 116.8 118.5 118.6 118.3 119 120.2 120.9 122.1 122.9 130.8 142.4 142.1 143.3 143.1 139.6 140 145.1 146 147.5 150.1 156.4 165.6 171.5 180.2 182.9 185.9 186.6 187.2 187.8 188.3 187.5 186.7 186 185.2 184.3 183.2 182.3 181.6 179.9 177.9 177.6 176.9 176.1 174.8 175 175.4 176.6 178.1
101.2 102 101.6 101.9 101.8 100 101.7 104.9 106.3 104.4 104.5 109.2 109.9 111.1 111 110.3 108.9 109.6 112.6 117 117.1 119 119.1 116.6 115.4 114.8 114.4 114.9 115.4 116.7 117.7 117.4 117.7 118.4 119.7 119.5 119.2 120.6 120.9 122.1 123.5 131 142.3 143.1 143.2 143.3 140.5 139.8 142.8 143.7 145.2 147.6 152.8 159.5 169 177.1 181 185.1 186.1 187.4 188.2 188.5 187.6 187.2 186.2 185.8 184.4 183.7 182.9 181.3 179.9 178.4 178.2 178.1 176.9 175.9 176.4 177.1 178.4 179
99.5 100 100.7 101.4 101.4 101.4 102.1 101.7 101.6 108.5 109.3 109.5 110.5 110.1 109.7 107.9 108.9 111.3 113.5 115.6 115.8 115.8 117.6 117.4 117.4 116.2 115.3 116.4 117 117.2 117.4 118.3 118.7 119.1 119.9 120.5 119.8 121.4 121.5 122.4 123.7 129.5 142.1 142.8 142.8 142.6 139.2 139.7 139.4 142.3 144.8 146.6 151.9 160.6 171.1 174.5 177.3 182.9 186.6 188.5 189.2 189.1 188.6 187.8 186.6 185.9 184.4 182.8 181.2 180.5 179.6 179.4 179.4 178.5 177.4 177.1 177.5 178.2 179.5 180.5
100.1 101.7 102.5 102.2 101.1 103.1 103.6 102.8 106.8 107.6 107.9 108.9 108.7 107 106.7 106.5 109.5 111 115.2 114.7 115.1 115.5 116.4 117.2 117.4 115 114.3 116.7 117.4 117 118.3 119.5 120.2 121 119.5 121.1 120.2 121.9 122.2 122.7 123.6 128.7 134.8 134.5 142.8 140.7 139.3 140.3 140.2 143.3 145.6 147.7 150.4 158.2 172 171.5 172.7 180.8 186.1 188.7 189.6 189.6 189.1 188.5 187.5 186.5 184.9 182.9 181.8 180.9 180.4 180.9 180.7 179.3 178.7 178 178.4 179.2 180.4 180.9
100.6 102.5 107.4 107.2 102.1 105.3 105.7 106.9 106.6 106.3 106.8 107.8 106.5 105 104.6 108.2 109.8 110.8 114.1 114.2 114.6 115.1 116.4 116.9 116.2 114.9 112.9 114.6 116 117.3 118.7 120.8 122.1 122.1 121.7 120.9 120.8 121.5 122.4 123.3 124.8 126 128.7 131 133.5 137.1 138.9 140.4 140 145.2 146.4 148.3 150.3 156.1 164.7 168.6 170.4 179.5 185.2 188.3 189.8 190.1 189.4 188.9 188.1 187.2 185.9 184.3 182.7 182.1 182.4 182.6 182.2 181.3 180 179.3 179.3 180.2 181.3 182.2
100.2 102.2 106.5 106.9 101.9 104.5 106.9 106.1 105.4 105.9 106.4 105.9 104.4 103.2 105 107.5 109.9 108.9 107.9 109.4 112.7 114.5 115.6 115.3 113.9 111.6 114.6 116.8 117.7 117.8 119.8 122.1 122.7 123.5 123.1 122.6 121.6 123 122.7 123.8 125.2 126.4 127.7 129.2 130.4 135.7 138.9 140.7 140.9 144 146.1 148.3 149.5 150.9 162.3 163.8 159.8 176.9 183.1 188.3 189.9 190.2 190 189.4 188.6 187.6 186.6 185.2 184 184 184.2 184.4 183.9 182.8 181 180.5 180.5 181.1 182.1 182.6
101.1 100.5 103.5 105.6 102.4 105.8 106.6 105.7 104.7 105 104.9 103.6 101.3 102.4 105.5 106.9 108.1 109 106.8 107.3 109.5 112.9 113.9 113.2 111.6 114 116.6 117 117.7 118.6 121 122.9 123.4 122.6 123.1 122.4 122.3 122.6 122.8 127 128.4 126.3 126.9 129.6 131.6 133.9 136 138.9 140.3 140.9 144.2 148.4 150.4 153.4 147.6 153.8 162.2 174.5 182 186.5 189.5 190.4 190.2 190 189.1 188.1 187.2 186.2 185.3 185.4 185.6 185.8 185.6 184.1 182.8 181.5 181.5 181.9 182.4 183.2
100.5 99.8 102.7 101.5 102.1 104.5 105.9 105.1 103.8 102.5 101.5 100.5 99.9 101.6 104.8 107.6 108 107.4 107.2 107.4 108.9 112.2 110.8 110.6 112.1 115.2 117.7 119.4 121.6 122.7 124 124.7 126.1 127.6 127 125.8 124.7 123.9 123.5 124.2 124.9 125.2 127.6 128.5 136.5 138.4 139.8 139.7 140.4 138.7 143.3 144.4 147 150.9 153.7 158 164.3 173.3 179 181.7 186.7 188.7 190 190.3 189.6 188.7 187.9 186.9 186.2 186.1 186.8 186.9 186.5 185.9 185.3 182.6 182.1 182.4 182.4 183.6
98.9 98.9 98.8 99.6 101.1 103.1 103.3 102.8 102.2 99.7 99.7 99.3 100 102.4 104.1 109 110.8 111 112 110.5 106.9 107.5 107.5 108.8 115.9 118.6 120.5 122.5 123.1 126.1 129.4 129.9 131.5 131.3 129.7 129.3 128.5 127.3 126.5 126.1 126.8 128.4 129.1 132.3 136.4 137.4 138.1 140.2 140.5 140.1 139.3 143.5 146 148.1 150.5 155.1 163 170.6 175.1 177.7 184.7 187.3 190.6 190.6 190.2 189.3 188.3 187.4 186.8 186.6 187.7 188.1 187.4 186.4 185.1 184.3 183.2 182.5 183 184.2
97.6 98.2 97.4 97.9 100 101 100 99.4 98.2 98.6 98.3 99 100.2 101.1 102.6 109 106.1 105.7 104.8 103.3 105.1 105.9 107.6 111.4 117.1 118.3 119.2 121.1 126 134.4 139.5 139 140.1 141.3 138.5 137.7 136.2 132 129 129.4 130.2 131 134.8 137.1 140.8 140.7 139.7 150.3 154.7 146.3 142.7 143.5 145 146.4 148.3 154.1 161.6 170.6 172.8 171.4 175.5 184.8 188.8 190.5 190.2 189.7 188.6 187.6 187.2 187.9 188.5 188.7 188.6 188.1 187 185.8 184.6 183.1 183.7 184.8
95 95.5 96.7 96.5 95.7 97.2 97.4 97.5 97.9 98.6 98.1 101.8 104.3 102.5 102.6 104.5 105.1 104.4 102.8 102.2 104.3 105 106.4 113.5 115 116 119.2 126.7 135.1 144.9 146.6 146 148.2 149 146.5 143.3 140.4 133.7 132.1 132.5 135.5 136.3 142 147.3 144.7 142.1 142.3 155.1 154.7 155.6 155.5 152 146.8 147.1 149.4 154.3 165.4 171.9 164.2 167.1 169.1 181.1 187.4 189.3 190 189.9 189.1 189 188.9 189.8 190 190.2 190.1 189.5 188.5 187.5 186.6 184.7 184.1 184.8
92.8 92.5 93.3 93.8 94.8 95.3 98.1 101.5 102 100.6 96.2 100.2 99.7 99.9 101.5 102 102.7 102.6 101.4 101.3 103 104.3 108.7 112.8 114.2 116.9 124.9 134.8 143.5 146.2 146.4 146 146.5 146.7 145.7 142.5 138.2 136.2 133.9 137.6 138.5 140.5 147.4 154.3 162.6 152 151.3 157.6 157.6 155.7 153 152.2 150.6 150.1 152.2 155.6 166.2 172.2 160.5 160.3 168.8 177.7 185.2 187.6 189.3 189.6 189.7 190 190.2 190.7 191.4 191.5 191.6 190.9 189.9 189 188.1 186.8 184.4 185.6
90.5 91.1 92.2 92.6 94.2 95.1 94.9 94.4 94.6 94.6 95.8 96.7 100.4 102.1 102.5 102.7 102.6 103 103.1 101.6 104.3 106.9 109.9 113.4 117 123 130.1 139.8 145.5 146.1 144.8 143.4 142.8 142.5 145.9 146.4 142.2 142.7 144.6 145.3 140.6 145.2 154.4 158.2 165 169.3 170.3 172.7 174.6 169.7 162.5 160 159 158.9 156.8 163.9 169.3 170.8 158.1 159.2 160.7 172.7 181.8 183.4 185.8 187.6 189.8 190.4 191 191.5 192 192.6 192.6 191.8 191.3 190.5 189.6 188.7 186.7 185.6
88.8 89.8 91.1 90.4 90.5 93.4 93.4 93.6 94.1 94.3 95.9 98.4 99.7 100.4 101.4 102.1 102.2 102.9 100.5 102.7 106.3 109 112.8 119.5 128.5 129.2 132.6 137.4 140.6 139.1 137.1 137.8 142.3 143.5 151.1 151.7 150.4 152.9 150.3 147.5 142.6 147.8 154.4 164 165.3 168.9 171.6 176 177.2 175.1 168.1 165 164.6 164.4 164.6 163.8 169.7 168.5 156.2 156.8 159.6 166.1 175.6 176.7 181.3 185.7 188.8 190.2 191.1 191.8 192.6 193.1 193.1 193 192.6 192 191 190.3 189.1 186.5
91.8 82.3 88.4 88 88 87.6 92.6 93.2 93.9 94.3 96.3 99.4 99.2 99.6 100.4 101.1 101.9 103 102.7 104.5 109 114.4 122.4 126.6 125.7 125.9 127.4 129.7 132.3 132.8 139.4 142.1 146.9 147.7 150.7 152.5 150.9 151.6 149.2 144.9 142.8 143.8 148.9 156.2 165.7 170.1 172.2 175.1 171 165.2 157.9 164.8 161.6 163.6 165.7 166.1 165.1 165.7 153.3 151.8 154.1 160.3 168.2 170.3 175 183.8 186.4 189.5 190.8 191.9 192.8 193.8 194.6 194 194.1 193.1 192.6 191.8 190.4 189.1
94.4 91 85.2 83.3 86.6 86.1 91.5 92.7 93.5 94.6 98.1 99.5 99.8 99.6 99.5 100.3 101.3 103.6 105 110.6 115.8 125.3 124.3 121.1 121.3 124 126.2 128.3 131.6 137.8 144.2 147.6 148.1 148.6 148.8 147.7 143.3 145.1 144.8 143.6 138.1 140.8 143.8 145.2 156.5 164.9 168.3 168.2 159.9 152 147.2 149.7 149.4 151.2 154.3 158.5 161.2 162.7 151.6 150.4 150.2 151.9 162.8 162.8 174.7 183.6 185 186.3 189.4 191.4 192.9 194.5 194.8 194.5 194.8 194.5 193.6 192.5 191.7 190.1
96.5 95.2 93.5 86.9 84.6 82 86 90.2 93.7 96.3 97.9 98.7 99.2 99.3 99.1 99.5 101.3 104.2 108.3 115.5 119.3 121.8 119.6 119.4 123 125 128 132.4 136.8 139.7 145.6 149.2 149.4 148.6 147.4 144.4 136.4 132.1 132.1 131.7 128.9 132.6 136 139.6 148.3 158.3 157 154.3 146.7 138.5 137.3 138.1 142.2 145 150 154.4 157.8 160.1 155.9 146.2 148.1 148.6 156.3 162.4 173.9 180.5 180.4 182.3 185.3 189.5 192.7 194.9 195.6 195 195.3 195.2 194.5 194.1 192.7 191.1
99.1 97.4 95.4 93.3 87.7 83.5 84.6 85.6 94.2 96 97.6 98.5 99 99 98.9 98.7 99.4 104.9 106.1 110.6 112.6 114 114.7 121.1 126.4 126.1 129.6 136.5 140 144.1 145 147.1 146.6 146.3 145.1 140.8 130.3 122.2 121.5 122.4 123.2 126.7 129.9 131.7 138.5 147.6 147.1 139.7 135.4 132 132.8 133.1 133.6 141.4 147.4 152.2 154.3 156.8 155.2 142.6 146.9 145.7 148.5 155.1 167.7 174.7 174.6 181.1 186.7 190 193 193.4 194.2 195.1 196.1 195.6 194.9 193.6 193.1 191.7
100.9 100.1 98 94.4 91.9 91 87.1 83.3 82.1 94.5 98.6 98.6 98.9 98.8 98.8 99 98.9 100.8 105.6 107.3 109.5 112.5 121.8 128.6 127.7 128.6 130.7 142.4 144.6 145.1 148.7 147 144.3 145.1 141.3 135.3 126.7 118.4 117.1 118.1 119 123.5 126.1 128.2 129.7 138.3 141.4 134 129.3 128 127.1 127.2 130.9 132.5 142.4 149.1 150.6 153.7 153.3 142.3 138.1 144.2 144.1 144.4 158.8 166.3 176.1 182.7 186.1 187.6 188.2 190.7 194 195.2 197.3 196.7 197.1 195.8 194.3 193.2
104.4 103 101.5 98.5 95.1 94.5 93.3 90.6 85.4 85.4 99.5 99.3 99.3 99.4 99.5 104.2 99.8 99.9 103.8 106.2 109 113.2 127.9 128.7 128.2 130.2 132.2 142.1 144.3 146.5 147.5 146.6 141.8 141.2 136.7 131.1 121.9 114.5 113.5 113.8 116.4 119.7 122.1 124.2 125.5 129.1 131.3 130.1 126.1 124.5 124.5 124.3 126.5 131 140.6 144.2 146.6 150.9 154.6 141.2 142.2 136.8 144 144.3 149.4 164.2 177.7 181.4 182.6 182.9 183.9 186.5 190.7 194 197.2 197.6 196.9 196.9 195.9 194.6
112.9 111.1 107.3 103.6 101.8 99 98 96.2 95.7 85.4 93.8 100 99.9 99.9 100 101 101.9 101.1 104 104.1 105.2 109.9 123.6 125.5 127.2 129.3 133.1 135.5 141.9 143.1 145 144.1 138.4 135.3 129.6 122.8 116.7 111.8 109.7 108.2 113.2 117.7 119.1 120 120.5 123.4 127 124.9 122.7 119.7 120.5 122.8 126.8 133.3 138.1 139.6 139.9 151.1 151.6 145.6 140.8 140.9 137.4 144.2 149.1 167.8 174 176.7 178.3 178.6 175 177.5 180.6 189.8 194.8 197.4 197.2 197.3 196.2 195
127.2 122.5 118.8 116 111.3 104.7 102.2 102.2 102.6 94.5 86 100.4 100.4 100.4 100.5 100.9 101.3 100.1 101.6 102.5 104.2 103.8 114.5 114.3 124.1 126.9 129.4 134.3 137.4 137.8 137.8 137.3 133 129.5 123.1 117.5 113.5 108.2 108.2 108.2 113.7 115.9 116.5 116.6 118.1 117.4 116 123.7 121.5 120.9 122.1 123.3 125.3 132.1 134.8 135.5 136.6 143.6 148 145.9 140.9 139.7 139 144.7 155.5 166.1 167.9 171.2 173.4 174.5 167.9 169.3 171.5 186.6 192.7 195.8 198.1 197.8 197.9 197.8
133.4 130.2 126 121.4 115.5 109 110.7 113.7 110.2 103.1 83.7 97.4 100.7 100.9 100.5 98.5 85.2 96.2 99.5 95.9 100.3 100.8 106.4 114.2 119.2 121.7 125.8 128.1 131.2 131.7 131.8 131.8 127.8 125.9 119.3 114.1 111.7 106.9 106.2 108.9 111.2 113 113.5 113.3 114.4 113.9 112.3 112.2 119.7 116.9 118.4 119.9 125 128.1 131 131.8 136.8 138.5 143.2 145.3 140.3 139.6 139.4 137.9 150.1 157.8 161.1 165.8 168.2 167.5 167.5 167.8 169.4 173 192.6 192 197.8 199.1 199.6 199.3
131.7 128.6 126 122.6 117.5 113.1 115.3 118.2 114.6 106.9 95.5 80.7 97.2 101.8 101.7 85.7 95 98.5 99.4 97.2 87.6 98.7 104.5 110.8 114.7 115.9 120.5 123.6 126.3 127.5 128.4 128 124.6 120.8 115.8 112.5 109.7 106.3 102.7 107.2 110.7 111.9 111 110.7 112.8 113.3 111.3 109.3 111.1 117.6 117.9 118.9 120.6 122.7 125.1 127.9 132.6 135.3 142.6 145.1 141.8 140 139.4 139.4 140.5 154.1 156.1 164.1 164.3 165.1 166.3 167.5 168.2 172.4 187.2 192.7 197.9 198.5 200.7 200.5
131.6 128.1 124.7 122 119.9 118 119.3 119.6 116 111.1 103.6 97.3 82.7 90.7 82.9 91.3 97 99.3 99.6 97.7 95.5 96.3 101.3 106.3 109.9 112.3 115.7 118.9 121 121.4 121.9 121.9 121.1 117.6 112.1 109.8 107.6 103.7 97.4 105.1 107.6 108.6 107.4 107 109.8 107.9 109.5 108.8 110.6 115.1 116.4 116.5 117.9 119.6 120.2 119.5 128.1 130.6 133.7 141.4 140.9 139.7 139.4 139.3 138.6 146.3 154.2 158.7 161.1 162.6 163.8 165.9 167.4 169.5 185.5 195.5 197.6 198.2 200.2 201.5
131.7 131.3 124.1 121 121.6 122.2 124 122.9 118.6 112.4 104.8 101 97.5 93.9 94 96.4 98.4 98.9 99.9 98.6 95.7 90.6 100.8 106.5 109 111.7 113.3 113.9 113.5 113.1 111.8 112.5 115.1 115 109.1 102.7 99.3 97.8 93.6 96.7 99.9 101.1 101.1 100.5 97.6 99.1 106 107.2 109.3 111.3 116.4 114.4 115.2 116 118.7 119 119.6 125.4 125.3 127.1 138 139.2 139.8 140.1 139.8 140.3 149.9 152.6 157.5 162 164 165.4 166.7 167.9 173.3 192.4 194.9 198.3 200 202.5
132.4 131 125.4 123.5 123.6 125.8 125.1 122.5 119 114.1 109.4 105.3 100.9 98.8 98.5 99.3 100.5 101.6 102.9 101.4 96.8 89.5 101.7 106 108 109.7 106.1 105.7 106.3 106.8 105.3 104.8 105.3 105.7 102.4 95.3 90.5 96.1 94.9 91.1 95.7 95.8 94.8 99.2 106.3 106.6 101.3 104.2 106.7 109.6 111.1 120.4 113.9 114.4 114.5 118.6 120.2 123.1 124.6 125.3 125.8 133.4 139.3 140 140.1 140.3 139.6 146.4 154.1 160.4 162.7 164.3 164.5 167.2 170.3 184.6 192.6 197.7 200.7 203
132.6 129.1 126.4 126.1 126.8 126.3 124.6 121.1 118 113.5 109.3 105.6 103.6 102.2 101.4 102.1 102.3 104.5 106.2 108.3 108.3 89.1 100.5 103.1 104.5 101.8 98.7 97.9 99 99.7 97.7 93.7 96 98.3 93.3 96.8 99.9 99.4 102.4 106 106.2 106.3 106.2 105.7 106.7 107.3 107.1 99.3 106.4 108.6 108.7 110.6 112.9 113.5 113.9 116.8 121.3 120.7 122.4 125 124.6 120.4 129.1 133.7 139.7 139.7 140 141.5 150.9 158.1 160.7 162.7 160.7 166.1 174.2 190.1 193.8 198.2 202.3 204.6
129.4 126.7 127.7 127.9 128.9 127.1 124.5 120.8 116.3 112.3 108.4 108.4 107.8 106.8 103.9 103.3 105 106.4 109.5 109.8 109 88.4 90.4 91 91.2 90.8 93.5 93.7 93.6 92.7 91.9 94.3 96 96.5 97 100.4 99.4 103.2 104.3 106.1 107.1 107.6 107.4 107.3 107.5 107.3 107.6 107.4 100.8 108.3 107.2 107.5 115.4 112.3 113.4 114.8 118.7 119.2 119.5 123.2 123 120.1 121 120.4 136.1 139.4 139.5 138.6 147.8 155.4 159.1 162.7 165.3 170.3 187.3 194.5 196.7 199.7 205.5 206
128 128.8 129.5 129.1 129.5 127.4 124.6 120.9 115.9 111.4 112.9 113.4 113.1 111.1 108.2 109.3 111.5 112.8 116.1 112.8 109 97.3 89.8 88.1 90.7 90.3 91.2 93 94.8 97.3 101.1 101.8 105 106.5 106.2 107 107.1 105 106.4 106.9 107.9 108.2 108.2 107.9 109.1 109.3 109.2 107 106.3 103.3 107.6 108.1 109.7 121.8 112 112.9 113.8 118.3 118.7 118.6 118.5 119.4 124.3 131.1 134.3 139.1 139.1 139 146 152.8 157.8 162.5 166.6 172.6 192.5 195.8 198 200 203.2 207.2
128.1 130.4 132.4 131.5 129.9 128.1 124.8 121 115.8 115.4 117.2 118.5 122.3 120.1 121.2 119.4 122.4 126.9 124.3 118.1 115.2 110.5 102.9 90.6 92.3 88.8 96.2 97 97.4 101.6 104 105.5 113.9 115.6 110.1 110.5 109.6 108.3 108.7 109.3 109.8 111.9 109.8 110.5 111.8 111.7 111.5 110.3 108.2 98 106.1 108 108.6 110.2 110.1 112.1 113.4 114.5 118.3 118.5 118.8 120.5 127.7 131.7 133.2 138.1 138.5 138.5 144.9 150.7 156.8 163.8 168.2 175 192.8 195.7 197.2 204.2 208.1 208.8
126.2 129.2 131.1 130.6 129.6 128.5 125.4 121.7 123.3 121.3 122.9 125.9 129.8 131.7 133.4 133.4 135.6 137.5 131.7 127.9 122.2 117 112.2 106.8 92.5 90.4 98.2 100.1 100.6 100.7 109 113.4 108.5 113.7 115.3 114 113.3 113.7 111.3 110.8 111.9 114.5 113.5 113.8 115.1 115.4 115.5 114.9 110.9 99.2 102.1 106.1 107.2 108.1 109.8 111 112.7 113.4 118.8 121 121 126 127.3 138.5 138.5 138.6 138.8 138.5 145.2 150.8 158.4 165.5 170.2 177.3 188.1 194.2 193.6 199.1 206.9 208.3
124.5 126.9 130 130.8 129.7 129.5 127.5 129 128.7 128 131.1 132.2 134.4 141.5 140.8 140.8 139.5 139.1 138.4 135 128.1 120.6 114 109.8 96.4 92.2 99.8 101.8 102.6 105.3 110.9 121.1 122.7 122.6 122.1 117.7 117.7 118.1 122.7 121.5 117.8 116.7 118.9 119.8 121.4 120.7 121.7 119.7 122.8 106.7 99.4 103.1 105.8 106.3 106.4 113.4 120.2 120.3 120.6 120.7 120.2 131.9 136.1 135.9 136.3 136.3 138.5 138.7 143.8 150.8 158.3 165.9 171.1 175 182.1 191.9 189.3 195.7 204.7 207.7
