data/SP02.asc
ncols 200
nrows 200
xllcorner 400000
yllcorner 220000
cellsize 50
[rows 70 to 104 of 200, columns 78 to 155 of 200]
119.7 122.7 126.1 129.3 132.7 137 141.7 151.3 161.2 170 177 183.9 191.5 198.1 203.7 212.4 218.3 223.6 231.8 240.4 247.7 253.5 259.2 267 278.8 289 295.4 294.1 296.8 296.5 293.4 291.4 289.2 286.6 283.6 281.5 278.4 274.7 270 265 261.9 254.6 246.3 241.9 239.3 236.7 234 233.1 230 230 229.8 228.1 226.4 221.6 219.4 229.2 240.5 249.9 257.4 262.7 265.9 267.5 268.9 269.3 268.5 266.9 266.2 265.9 264.3 262.4 260.4 256.9 254 252.3 251 247.5 243.7 239
122.6 124.7 127.4 130.5 135.2 141.1 147.6 156.8 165.9 173.6 180.8 187.4 195.5 201.5 209.1 217.8 223.9 227.4 231.9 239.8 246.1 251.9 258.2 264.8 274.7 287.5 295 295.5 296.1 296.1 293 290.1 287.7 284.8 281.1 278 274.9 271.2 266.6 259.9 253.4 248.2 244 244.6 245.7 246 246.5 243.3 242.8 242.3 241.9 240.1 234.7 223.5 223.2 235.2 245.5 253.6 260.9 265.4 268.2 269.4 270.6 271 270.7 268.8 267.7 266.3 264.5 262.5 260.5 257.9 254.5 253.1 252.1 249.4 246.1 242.3
122.1 125 127.7 130.8 135.3 141.8 149.9 160.1 169.4 177.2 184.3 192.3 199.2 205.6 213.3 221.4 227 232.2 237.1 241.6 246.8 252.1 257.7 264.2 270.8 283.4 293.3 296.1 296.1 295.6 292.3 289.1 285.8 282.8 278.4 274.3 269.5 265.3 259.2 254.4 252.8 252.3 254.5 254.8 255.9 256.3 256.4 255.2 253.6 251.5 249.3 246.6 238.3 225.3 225.1 239.1 249.6 257.7 263.9 267.8 270.7 271.7 272 271.5 271.2 269.4 267.4 265.8 264 262 260.1 256.3 254.1 253.2 252.5 250.8 248.5 244.6
122.2 124.9 127.9 131.1 135.6 142.6 150.8 161.2 171 179.5 187.1 195.5 203.4 211.9 217.2 222.7 228.5 233.8 238.5 244.1 248.7 252.5 254.8 259.9 267.5 280.1 289.4 295.6 295.3 295 292.1 289.5 286 282.2 278.1 275.6 273 269.5 267.5 263.5 259.8 260.1 261.3 261.3 261.3 261.3 260.3 258.6 258 256.3 253 248.5 240.3 227.9 226.4 241.4 252 260.3 265.4 269.8 272.2 272.8 272.5 271.5 271.1 268.7 267 265.1 263.2 261 257.7 254.8 254.1 253.1 252.4 250.6 248.4 245.5
122.6 125 127.7 130.8 135.6 141.8 152 161.8 171 180.6 189.5 197.3 206.9 216.7 220.9 224.2 228 232.7 238 243.3 248.4 251.1 251.5 257.1 263.8 278.6 287.4 295.5 292.8 294.6 292.4 290.3 287 284.1 282.2 280.2 278.6 274.8 272.1 268.7 266.3 265.5 264.7 263.9 262 261.4 260.9 259.7 258.4 256.9 254.1 249.1 242.9 230 229.8 244.7 254.9 261.9 266.9 271.2 272.8 273.3 272.6 270.5 269.7 267.2 265.4 261.5 259.9 259.2 255.5 254.1 253.4 252.8 251.2 250.3 248.4 246.6
122.2 124.7 127.2 130.6 134.9 141.9 150.6 161.7 171 180 188.2 196.7 206 213.6 219.4 220.7 225.3 230.3 236 241.1 244.5 246.5 248.1 253.6 261.4 274.9 284 295.3 293.5 293.8 292.9 290.8 288.3 286.6 284.5 281.7 279.5 276.7 274.2 271.3 269.1 267.4 266.2 264.4 262.6 260.8 260.1 258.5 256.8 255.3 253.2 248.7 243.1 230.9 235.1 248.1 257.8 263.7 268.8 271 272.7 272.7 271.9 269.3 268.2 265.8 260.9 257.3 255.4 254.8 253.7 253 252.3 251.3 249.5 248.6 248.4 246.7
121.7 124.5 127.2 130.9 134.7 141.1 149.5 159.1 168.8 177.7 185.9 193.3 200.1 207 209.4 215.6 221.5 227.2 231.3 234.8 238.7 244.8 246 249.8 257.3 269.8 282.3 292.1 294.4 293.2 291.7 290.6 289.6 287.5 285.3 282.5 279.1 276.4 274.1 272.1 270.5 267.8 265.9 263.6 262.1 260.2 258.3 256.5 254.3 252.3 250.6 246.1 238.6 233.8 244 252.9 260.8 264.9 270.7 270.1 269.9 269.8 269.2 268.8 267.1 264.6 260.2 256.2 253.9 253.3 251.9 251 249.1 248.2 246.2 245.4 244.8 243.8
122.6 125.1 128.1 131.2 135.4 140.1 146.6 155.2 164.6 173.5 181 187.9 194.5 198 203.3 208.3 214.8 219.4 223.5 231.9 239.2 241.2 239.5 244.4 254 265.1 279 289.3 295.8 292.5 292 290.8 289.3 287.3 285.2 282.1 278.9 276.1 273.8 271.5 269.5 267.1 264.6 262.2 260 258.3 256 253.2 250.2 247.7 244.7 239 235.4 240.7 249.1 255.9 262.6 266.8 269.9 269.9 269.9 269.3 268.5 267.7 266.4 263.7 260.5 256.6 254.4 253.3 250.5 247.6 245 243.4 240.7 239 235.8 231.3
123.4 125.7 128.1 130.5 133 137 143 150.7 158.3 167.2 174.1 180.8 185.9 190.3 196.6 201.3 206.7 208.8 215.5 228 232.9 231.1 234 244 253.1 262.3 275.3 283.8 294.3 292.4 292.1 290.8 289 287 284.9 281.7 278.5 275.8 273.5 270.7 268.3 266 263.1 260.6 258.4 255 253 249.3 248 244.7 244.6 245 240.6 245.5 251.7 259.4 264.5 267.9 269.2 269 269.3 268.5 267.7 266.8 265.4 263.4 260.5 257.7 256.2 254.9 252.2 249.8 245 235.8 228.9 225.4 223 217.4
122.5 124.7 126.9 128.7 131.4 134.4 139.1 144.7 151.7 159.5 166.5 173.9 179.6 184.1 190.3 194.8 197.9 201.6 206.5 219.5 222.4 225.1 236.8 242.8 249.9 260 270.7 282.1 289.5 292 291.6 290.9 289 286.5 284 281.6 278.6 275.1 272 269 266.9 264.7 261 259 258.2 255.7 254.9 254 252 250 249 247.7 244.9 248.5 254.6 261.4 266.1 268.1 268.6 268.1 267.9 267.4 266.6 265.7 264.1 262.5 260.2 258.5 257 255.6 253.5 252.9 250.1 244.7 236.4 228.3 222.7 217.8
121.8 124.4 125.2 127.1 129.7 132.6 136.5 142.3 148.8 156.4 159.3 168 173.9 178.7 182.6 187.2 189.2 193.5 198.8 205.4 208.8 221.7 233.1 236.9 243.7 252.3 265.5 278 284.8 291.7 292 291 289 286.9 284.1 281.1 278.1 275.3 272.4 269.6 266.4 264.2 262.3 261.7 261.6 260.1 258.7 257.6 256.3 253.9 253.2 250.2 248.2 251.2 256.7 261.6 265.8 267.7 267.9 266.9 266.4 266 265.4 264.3 262.6 260.9 261 259.1 257.1 255.6 254.3 253.3 251 247.9 244.5 242.2 238.1 234.3
118.4 121.4 122.5 125.6 128.1 132.2 136 140.4 146.1 151.4 153.3 158.5 167.8 171.5 174.5 178.3 182.5 187.8 194 198.4 205.2 212.9 227.4 229.7 235.6 245.5 257.6 275.2 280.8 291.1 292.2 290.8 289.8 288 284.7 282 278.8 275.9 272.9 269 267.4 267 266.2 265.6 265 264 262.7 261.4 259.5 257.4 256.5 254.7 252.5 255.1 259.2 262.4 266 266.1 266.4 266.6 264.9 264.4 263.3 262.1 260.7 259.7 259.1 258.3 256.5 255.6 254.3 252.4 250.4 249.2 247.6 245.6 243.6 241.4
117.5 117 119.7 122.4 126.1 129.9 133.7 138.3 140.6 144.2 149.9 156 160.1 163.5 166.9 169.7 176 180.1 186.3 192 197.7 203.5 220.4 220.7 228.7 241 250.1 267 278.3 291.1 292 291.7 291.2 289.3 286.2 283.2 280.1 276.6 273.2 270.6 269.8 269.9 269.4 268.5 267.5 266.5 265.4 263.9 261.8 259.7 259.2 258.6 257.9 258 261.5 264.9 265.7 266.1 266.1 266 263.6 262.4 260.9 259.6 258.8 257.4 255.9 255.2 254.7 254.9 253.6 252.4 250.4 249.5 248.2 247 245 243.1
121.6 121.6 121.4 120.5 119.3 125.8 131.4 134.3 136.8 139.8 148 151.5 152.1 155.5 159 163.4 168 174.2 181.7 186.9 190.6 197.6 205.6 213.1 227.4 236.8 247 259.4 275.7 290.6 293.3 293.4 292.9 290.7 288.2 285.1 281.9 278.4 275.8 274.1 273 271.9 271.6 270.9 269.7 267.9 266.7 266.1 263.4 261.4 261 260.7 259.5 259.3 263 265.7 265.1 265.8 266.1 264.3 262.1 260.1 258.2 255.4 255.9 256 253.9 253.1 253 253.4 252.9 252.1 250.8 249.5 248 246.6 245.1 243.5
123.1 124.3 125.2 125.9 126.3 124.5 126.1 130.5 133.6 137.1 141.3 143.1 146.2 150.9 155.5 158.3 162.4 167 174 179.2 183.7 192.4 200.1 208.5 221.2 233.4 248 258.3 269.6 286.5 295.3 296.1 294.4 292.2 289.9 286.9 283.9 281.6 279.3 277.5 275.9 274.2 272.1 271 270.2 268 266.4 265.4 264.4 262.9 261.1 259.5 259 260.1 263 265 264.7 264.5 264.1 262.6 260.5 258.4 256 253.4 253.2 254.4 252.2 250.8 251.5 251.9 252.1 251.5 251.1 248.7 246.9 245.5 244.1 242.5
124.7 125.8 126.7 127.5 129.2 129.1 128.1 127.5 129.9 134.5 136.6 139.5 143.4 147.8 151.9 155.2 158.5 159.9 167 172.8 180.4 187.6 198 208.2 221.1 234.4 245.9 258 268.9 286.3 296.3 296.4 295.9 293.7 291.7 288.7 285.8 283.3 281 279.1 277.4 274.8 272.2 271.4 268.8 267.3 265.3 264.2 263 261.5 260.4 257.6 258.3 260.4 262.3 263.8 263.3 261.6 260.6 259.7 258.8 256.3 254.3 251.8 250.3 252.3 250.5 249.3 250.2 250.4 250.5 249.3 247.8 246.8 245.7 244.3 242.9 241
126.7 127.2 128 130.3 132.2 132.2 133.8 134.6 134.9 135.4 136.9 141.1 144.8 148.7 154.4 156.6 161.5 165.9 171.9 176.1 181.8 189.6 198.5 207.9 217.3 229.7 242.6 253.9 271.1 288.1 296 297.5 297.3 295.1 293.1 289.8 287.4 285.1 282.9 280.8 278.2 274.8 271.7 268.9 266.7 265.2 264.1 263 261.7 260.2 258 255 256 261 260.9 262 261.1 259.2 257 256 255.4 254.2 252.8 251.4 248.6 249 250 248.6 247.7 247.6 247.5 245.8 244.6 244.3 243.9 243 241.7 239.3
128.9 129.3 130.1 132.1 134.4 135.8 137.7 139.5 141.4 141.2 139.6 141.9 146 151.9 157 162.2 168.5 174.7 179.2 183.1 187.6 194.3 201.5 208.6 220.7 228.1 240.8 251.9 269.5 290.2 297.7 299.7 298.7 296.6 294 290.5 288.2 285.7 283.4 281.2 278.6 275.4 272.3 268.5 264.1 262.3 261 260.8 260.6 258.4 255.3 253 253.7 259.3 260.8 259.6 258.4 256.4 254.5 253.8 253.2 252.7 251 249.7 245.8 245.4 247 246.6 245.2 245 244.5 242.4 242.1 241.8 241.5 241 239.2 236.6
131 132.3 133.4 135.2 137.4 140 143.3 145.5 147.7 149.6 146.1 144.2 148.8 155.7 161.7 167.2 173.8 179.9 186 190.1 194 200 205.9 213.9 223.8 233.7 243.2 253.2 268.3 288.6 299.4 300.4 299.3 296.8 294.1 290.8 288.3 285.5 282.8 280.6 278.1 275.4 272.8 269.6 265.7 261.2 257.9 255.2 256.7 255.2 253.9 251.6 250 253.7 255.4 256.1 255.5 254 252.9 252.2 251.1 250 248.6 245.5 244.2 240.7 245.5 246.1 244.4 243.5 240.7 239.8 239 239.2 239 238.6 236.6 233.5
132 134.8 135.5 138.1 140.3 143.9 148.2 152.3 154.8 157.1 153.9 147.9 151.5 157.8 164.9 170.4 178.5 185.6 191.9 196.3 200.7 203.7 208.8 221.5 230.1 237.4 245.9 255.8 270.4 288.8 299.3 300.4 299.1 296.2 293.6 290.7 287.6 284.2 281.5 279.4 276.8 274 271.4 268.5 265.9 262.3 258.1 254 251.2 252.2 252.1 249.9 245.8 248.9 250.9 251.6 251.9 251.4 250.4 249 246.9 245 244.6 240.7 239.6 237.7 242.6 244.9 243.5 242 240.6 238.4 237 235.5 236.2 236.1 233 229.2
130 133.1 136.2 139.3 143.1 148.2 153 157.5 161.7 163.8 159.7 153.9 157.3 164.7 170.9 175.6 182.9 190.4 196.1 201.8 208.1 213.2 215.3 222.7 234.7 240.2 247.8 258.7 273.6 290.4 299.9 300.4 298.4 296 293 289.8 286.4 282.9 280.3 277.9 275.4 272.8 269.9 266.9 263.9 261.4 258.7 255 249.2 248.1 247.6 246.4 243 244.8 246.6 246.4 246.2 246.2 245.3 244.6 242.3 238.5 237.7 236 234 234.1 240.1 241.9 241.3 240.7 240.8 238.3 235.9 230.8 229.4 231.7 228.6 224
128.2 132.8 137.4 140.7 145.1 151 157.3 164.9 168.3 169.9 165.7 161.8 165 171.7 178.6 183 188.8 194.9 199.9 206.2 214.3 221.7 225.3 227 231.4 240 249 261.6 275.6 291.3 300.2 300.3 299 295.7 292.4 288.3 285 281.7 278.8 275.8 273 270.8 268.3 265.3 262 259.3 256.6 253.9 249.6 245.9 242.2 240 240.1 239.3 242.8 242.8 241.8 240.1 239.2 239.6 237.6 233.6 231.5 230.8 229.9 230.5 236 238.5 239.3 240.6 240.1 237.1 234.8 231.3 223.6 223.2 222.7 217.6
128.4 132.8 137.4 141.7 147.6 153.4 160.6 168.4 173.8 176.1 172.5 168.7 172.2 178.1 185.4 190.3 194.3 199.4 205.8 211.2 221.3 225.6 228.8 233.9 236.8 240 249.9 263.3 277.5 292.4 299.9 300.5 298.6 295.7 291.7 286.7 283.1 280 276.9 273.7 270.7 268.3 266.1 263.8 260.7 257.6 254.6 250.7 248.4 246.1 244.4 241.1 235.3 234 239.1 238 235.5 235.7 233.6 235.8 234 232.2 229.1 225.1 223.8 227.7 232.6 235 236.5 237.4 237.2 234.4 231.9 229.5 225.2 215.5 212.4 210.4
126.2 132.5 136.7 142.7 149.4 155.7 163.8 170 176.2 180 179 175 179 183.9 191.5 197 200.6 205 211.7 220 227.7 230.2 233.2 237.8 242.7 248 251.4 263.6 278.5 293.8 300.1 300.8 299 296.1 291.5 286.6 282.6 279.2 275.3 271.5 268.1 266.8 265.3 262.8 259.6 256.8 253.6 249 245.6 242.8 240.5 240.2 237 230.7 232.4 231.7 228.7 229.2 227 231.1 231.5 231.4 228.9 226.1 219.6 223.1 229.2 231.2 232.4 234.5 234.3 232.2 229.6 227.5 225.3 218.8 210.9 203.3
126.6 132.1 136.8 143 149.8 157.1 164.6 171.6 178.3 181.9 184.3 181.7 185 193.9 199.4 205.2 213.8 218.7 223 227.6 232.1 235.8 238.1 241.9 247.2 252.8 255.2 264 278.8 292.6 298.6 300.8 299.9 296.8 292.8 288.3 284.1 280.3 275.7 271 265.9 263.8 262.8 260.7 258.6 256.2 253.2 249.4 246.4 243 238.5 235.8 232.9 228 223.9 223.4 221.3 219.3 219 222.4 225.5 227.1 226.2 224.6 219.1 221.3 225.6 227.2 227.6 230.5 229.7 228.2 227.1 225.1 223.4 219.1 212.3 204.4
131.7 129.2 135.6 141.3 148.9 156.1 162.3 169.6 177.4 182.5 186.4 189.4 191.6 196.2 199.6 206 213.5 219.2 224.8 230.1 233.7 238.3 242.5 246.1 251 256.1 261.1 265.9 280.1 292.4 297.5 299.5 298.5 296.6 293.2 289.1 285.5 281 276.6 273.1 267.8 262.7 259.4 257.9 256.5 254 251.1 247.8 245.9 241.6 236.2 229.5 229.9 229.6 230 228.4 226.3 223.2 220.3 216.9 214.1 216 218.6 219.4 216 216.4 220.1 220.5 220.1 224.2 224.3 223.9 223.6 223.1 221.4 217.7 210.9 202.4
132.9 132.6 134.8 139.8 145.3 152.8 158.4 165.3 174 180.3 186.1 191.2 196.4 200.9 203.4 206.5 211.8 217.9 224.1 229.6 233.6 238.7 244.1 249.9 253.7 259.9 267.5 267.6 280.9 292.2 297.7 297.7 296.5 294.7 292.7 289.7 286.2 282.2 278.3 274.8 270 264.8 259.9 254.9 252.6 251.7 248.6 245.1 240.7 234 236.2 237.2 237.4 239 239.1 237.9 235.7 232.8 229.1 223.9 218.2 214.4 214 213.9 209.2 209.8 209 209.2 209 211 212.9 215.2 215.9 218.9 218.2 215.6 209.3 199.5
135.6 135.4 136.3 138.8 142.9 149.4 154.8 163.8 173.1 179.2 186.5 192.3 197.8 202.4 206.2 208.5 211.7 216.9 223.1 228.1 233.3 238.8 244.6 250.1 257.6 267.7 274.1 272.9 281.5 292 296.5 295.9 295.1 293.4 291.1 288.4 285.5 281.8 278.1 274.8 270.9 267.4 263.4 259.2 252.8 248.2 245.1 239.3 238.7 240.2 242.4 244.4 245.1 246 246.8 245.5 243.4 239.6 235.4 231.5 225.5 222.4 220 218.1 216.4 214.4 211.7 210.7 208.8 206.4 204.8 203.8 203.8 206 209.2 209.5 205 199
139.1 138.2 139.3 139.6 142.1 146.1 152.7 161.3 170.7 178.4 189.5 194.9 200.1 204.1 208.4 212.9 215.9 219 223.9 229.8 235.5 240.1 246 251.2 257.9 267.7 271.6 273.4 281.6 290.1 294.5 295.9 294.9 292.8 290 287.4 284.4 280.9 277.2 273.1 268.4 266 263.4 258.6 251.7 248.9 246.5 245.5 244.5 246.1 246.5 250.4 252.1 252.5 251.8 249.8 247.2 245.2 240.7 236.1 233.3 231.1 229.1 226.8 224.4 222.7 221.4 219.7 218.9 216.4 213.2 209 204.7 203.6 200.7 199 199 199.3
144.9 143.8 144.6 145.1 145.6 145.3 149.9 157.5 163.6 171.7 185 193.6 198.8 204.2 209.6 215.6 218.2 222.8 227.2 232 237.1 241.6 246.7 251.2 256.5 263.1 267.2 271.9 278.9 287.3 292.8 295.1 294.6 292.5 289.8 286.4 283.3 279.7 276.1 271.9 267 261.2 258.6 254.6 253.8 252.5 252.3 251.5 252.3 252.9 251.7 254.3 256.3 256 255.1 252.6 249.6 247.2 244 240.8 238.3 236.1 234.3 233 231.4 229.9 228 225.3 223 221.8 220.2 216.6 212.5 209.5 204.4 199.2 202 209.9
151.9 151 151.5 151.8 152.2 151.1 150.3 154.4 160.2 169 178.4 190.7 196.2 200.9 207.5 213.5 219.8 225.6 230.8 235.2 239.4 242.6 246.2 250.8 255 257.9 263.2 269.4 275.2 282.5 287.9 291.8 292.2 291.4 290 286.5 283.1 279 274.5 270.5 265.5 263.1 264.1 263 260.7 258.7 258.2 258.3 257.9 256.2 254.8 255.5 256.5 256.4 255.9 254.7 251.7 248.6 246.1 243.8 241.9 240.1 238.1 236.6 235 232.9 231.3 228 226.2 223.3 220.3 217.2 213.3 209.4 202.9 207 212.4 216.9
158.5 157.8 157.8 158.3 158.9 159.1 158.3 155.8 158.1 166.3 173.4 186 192.7 197.9 204.8 211.1 217.9 225.1 231.4 237 241.2 242.9 245.4 249.2 252.4 254.5 261.5 267 272.9 278.3 284 287.7 290.8 291.3 290.3 286.5 283.9 279.9 275.6 269.3 268.7 270.4 269.5 266.9 264.6 262.7 262.5 262 260.7 258.7 255.7 255.6 255.9 256.1 255.8 253.6 250.8 248.1 245.7 244 241.9 240.8 238.9 237 235.4 233.3 230.8 227 224.2 220.4 217.2 213.3 210.1 205.4 204.1 214 218.2 220.7
166.7 164.8 164.3 164.5 165 165.2 165 163.3 161 164.3 168.6 177.2 187.3 194.6 202.2 208.4 216 222.8 228.7 233.2 238.6 242.2 244.6 247.5 248.7 253.5 258.8 264.7 270.3 274.4 280.2 284.1 287.7 291.1 290 286.5 284.2 280.8 277 274.4 275.4 275.7 272.9 269.9 267.4 266.5 265.1 264 261.9 259.8 255.5 253.5 254.2 254.1 253.9 252.4 250 247.3 245 242.9 241.3 240.2 237.8 236 233.6 231.6 228.5 223.9 220.5 216.8 211.3 208.9 206.9 204 206.6 214.2 220 224.1
173.2 172.7 171.8 172.5 173.7 174.7 173.5 170.4 169.2 167.6 168.1 171.3 175.3 183.2 194.6 203.7 211.9 219 225.6 229.7 233.4 236.4 236.9 240.5 243.1 250.6 255.4 261.6 266.7 271.7 277.5 282.3 286.3 289.4 289.7 286.9 284.7 282.1 280.4 279.6 279 277.7 275.1 272.1 269.4 267.8 266.7 265.3 262.8 259.8 255.1 252.4 251.2 251.2 251.5 250.5 249.1 246.6 243.9 241.3 240.1 238.7 236 234.2 231.4 228.5 224.1 219.2 217.2 213.9 211.1 211.9 211.4 205.9 207.7 214.8 222.1 224.6
183.4 180.2 178.7 181.8 182 182.6 182.5 181.2 180.3 175.4 176.6 176.9 177.4 180.2 184.7 191.8 202.1 209.2 218.2 223.4 225.3 225.6 227.5 230.8 237.9 245.6 252.2 258.4 263.3 269.2 275.4 280.4 284.6 288.3 289 287.2 285.8 285.4 283.7 282.9 282.1 279.7 276.9 273.9 271.2 269 267.2 265.1 262.5 259.5 254.4 252.3 249.8 249.1 249.2 248.8 247.5 246 243.3 240.6 239.5 236.4 234.7 232.4 228.9 227.2 224.5 222.5 220.4 218.7 218.1 217 214.2 207.9 208.7 216.9 223.5 227.5
