data/SP09.asc
ncols 200
nrows 200
xllcorner 400000
yllcorner 290000
cellsize 50
[rows 70 to 104 of 200, columns 78 to 155 of 200]
145.6 147.7 150.6 153.8 156.4 158.4 160.1 160.9 161.7 161.9 162.1 160.6 158.7 157 155.2 153 151.5 150.1 148.9 147.2 145.6 143.7 144.8 146.4 148.4 150.3 151.3 152.8 153.2 155.5 157.5 160.2 163.3 166.3 170 173.7 175.4 177.1 180.7 190.1 199.6 199.9 195.5 191.8 188 183.3 178 185.8 190.1 199.2 200.6 198.8 196.8 195.4 194 191.7 189.7 187.5 185.6 183.6 181.5 178.5 175.8 173.1 170.8 168.5 166.3 164.4 163 161.6 159.9 158.2 156.6 155.3 154.1 154.7 155.2 155.4
145.8 148.4 151.4 154.5 156.3 158.2 160 160.8 160.9 161 160.7 159.8 157.9 155.4 153.3 151.8 150.3 149.4 148.3 147.6 145.6 143.5 142.8 145 147 148.3 149.4 150.7 152.3 154 156.7 159.6 162.9 165.4 168.1 170.9 174.1 176.9 180.7 198.8 198.8 195 192.3 189.3 185.3 180.5 175.7 183.8 188.5 199.2 198.5 198.9 198.3 196.7 195.1 192.8 190.8 188.8 186.8 184.7 182.6 179.1 176.3 173.5 171.4 169.3 167.3 165.5 163.9 162.2 160.6 159.1 157.7 156.4 154.3 152.9 152.8 152.7
145.7 148.8 152.1 155.1 156.2 157.6 159.2 160.2 160.6 161.1 160.8 159 156.8 154.5 151.9 150.3 148.8 146.9 146.5 146.5 144.9 143.1 142.2 143.5 144.1 146 148.1 149.5 151.2 152.8 156.1 159.4 162.7 165.7 168.5 171.4 174.3 177.7 189 196.7 195.8 191.9 188.5 185.7 182.3 177.8 173.1 181.1 185.4 192.7 196.7 198.3 198.1 197 195.5 193.8 191.7 189 187.1 185.9 183.2 179.6 176.8 174.4 172.3 170.3 168.3 166.6 165 163.3 161.6 160.1 158.9 157.3 155.2 153.5 151.8 151.3
145 148.1 151.5 155 156.4 157.8 159.3 159.9 160.1 160.5 160.6 158.9 157.2 155.1 152.2 149.3 147.2 145.3 143.5 144.5 143 142.6 142.1 141.9 143.4 145.5 147.4 148.7 150.9 152.9 156 159.3 162.6 166 168.9 171.8 174.7 179.5 191.1 194.2 191.1 188.4 184 181.3 179.1 174.3 170.6 178.2 182.4 186 189.2 197.2 197.7 197.1 195.8 194.1 191.4 188.6 187.1 185.9 183.1 180.2 177.6 175.3 173.3 171.2 169.1 167.7 166.1 164.5 162.8 161.4 160.3 158.5 156.5 154.3 152.8 151.6
144.2 147.4 150.9 154.4 156.3 158.1 158.9 159.2 159.4 159.4 159.5 158.1 156.6 155 152.6 149.9 147.7 145.5 143.7 143.2 142.8 142.2 141.8 141.9 142.8 144.6 146.3 148.3 150.4 153.2 156 159.3 162.9 166.1 169.2 172.6 174.9 185.7 191 190.6 188.1 185.7 180.6 177.2 175.2 171.9 168.8 176.7 179.4 180.3 184.4 191.7 197.4 197 196 193.5 190.8 188.9 187.2 185.7 182.3 180.5 178.3 176.2 174.1 172 169.8 168.6 167.4 165.7 164.2 162.9 161.5 159.6 157.6 155.5 153 152.3
143.6 147.1 150.7 154.3 155.9 157.4 157.9 158.4 158.3 158.4 158.3 157 155.5 154.2 152.7 150.2 148.1 146.2 144.3 143 141.9 141.4 141.1 141.3 142.2 144.2 146.1 148.1 149.9 152.8 155.6 159.4 163.1 166.5 169.6 173.5 177.4 190.3 190 188.5 185 185.7 182.5 177.2 173 169.3 167.8 174.9 174.5 177.1 182.7 189.1 195.2 195.9 195 192.8 190.8 189.2 187.4 185.7 182.3 180.5 178.2 176.4 174.2 172.1 170.4 169.4 168.3 167 165.6 164 162.1 160.3 158.3 155.7 154.8 154.3
143.2 146.6 150.5 154.2 155.7 156.6 156.8 157.7 157.3 157.1 157 156 154.7 153.3 152.1 149.8 147.3 145.5 143.5 142.4 141.5 140.5 140.4 140.2 141.4 143.4 145.4 147.6 149.6 151.7 154.6 159.1 162.9 167 169.7 173.3 181.2 189.5 189 185.9 182.1 184.2 183 177.9 172.5 168 165.9 168.1 171.9 176.4 180.6 185 191.6 194.3 194 192.5 190.7 189 186.8 184 182.7 180.3 177.8 176.3 174.4 172.7 171.3 170.3 169.2 167.9 166.5 164.6 162.8 160.9 158.8 156.5 155.9 155.7
142.8 146.1 150 154.1 156 156.1 156.3 156.9 156.4 155.7 155.5 154.7 153.3 151.9 151 149.1 146.7 143.8 142.9 142.4 141.9 140.8 139.8 139.6 140.6 142.6 144.4 146.4 148.7 150.6 153.5 158.2 162.6 166.6 171.1 173.9 186.5 188.4 186.4 183 179.4 182.2 180.9 174.6 169.7 165.3 164.7 168.9 174 175.6 177.4 181.8 188.5 192.2 192 191.6 190.3 188.1 185.3 183.1 181.4 179.2 177.8 176.5 174.8 173.3 172.1 171.1 170.1 168.8 167.5 165.5 163.3 161.7 159.9 157.6 157.4 158
142.4 145.6 149.9 154.1 155.8 156.1 156.8 156.6 155.4 154.3 153.7 153 151.9 150.7 149.9 148.3 146 144.1 144.7 144.7 143.3 141.3 139.7 139.1 139.7 141.4 143.1 145.1 147.4 149.7 152.6 157.3 162.9 167.3 171.3 176.4 188.2 188.1 184.2 179.2 175.6 179.2 177.3 171.2 166.2 163 165.7 172 174 171.9 174.1 179.5 181.2 186.3 188.9 190.8 188.8 187.3 185.1 182.5 180.4 178.7 177.6 176.6 175.1 173.6 172.3 171.9 170.7 169.5 167.6 166.2 164.5 162.7 161 158.8 158.8 159.5
143.7 145.3 149.5 154.3 156.2 156.9 157.2 156.3 155.4 154 152.4 151.4 150.4 149.6 148.8 148.2 146.6 146.4 146.9 146.7 144.7 142.4 140.3 138.8 138.2 139.9 141.8 143.6 146.1 149 152.3 157.9 162.9 167.5 172.8 182.7 188.7 186.3 180.4 178.8 173.5 176.5 176.1 169.2 164.1 161.7 166.1 171.5 170.8 168.7 172 175.5 177.1 180.3 189.6 189.5 187.7 186.1 184.4 182.1 180 178.2 176.9 175.9 175 173.9 172.8 172.3 171.3 169.9 168.5 167.1 165.4 163.7 162 160.2 160.3 161
146.7 148.3 151.3 154.5 156.6 157.6 157.3 156.6 155.9 154.1 152.1 151.1 150 148.8 147.8 148.3 148.9 148.3 148.2 148.5 146.4 144.2 141.3 139.1 138.2 138.2 140.1 141.1 144.5 146.3 153.8 156.7 161.9 166.8 173.4 187.4 187.4 181.4 180.5 178.1 171.8 169.8 172.8 167 163 160.4 163.9 168.3 166.5 166.7 169.4 171.7 174.4 180.5 187.6 188.3 186.8 185.2 183.5 181.1 179.2 177.4 176 175 174 173.5 172.7 172.2 171.6 170.4 169.4 168 166.4 164.9 163.5 162.3 162 162.4
148.7 149.8 152.4 154.6 156.3 158.1 157.9 157.4 156.4 154.4 152.8 151.5 151 150.1 149.4 150 150.7 150.2 150.5 150.7 149.1 147.3 144.2 140.9 138.6 137.3 138.1 139.3 144.7 149.1 150.4 156.3 160.7 166.1 173 185 185.1 180.5 179.7 173 171.1 166.9 167.1 164.5 160.9 158.7 161.5 162.5 161.2 162 164.9 169 172.9 179.5 185.3 187.6 186.3 184.5 182.1 179.9 178 176.1 174.5 173.9 173.1 172.8 172.8 172.4 171.9 170.7 169.4 168.3 167.3 166.3 165.3 164.5 164.2 163.9
150.7 151.3 152.7 155.3 157 158.6 158.6 158.4 156.9 155.5 153.3 152.5 152.2 151.6 151 151.4 151.7 152.4 152.9 152.5 150.4 148.7 144.3 141.8 139.4 137.7 137.1 138.7 144.2 150.3 151.7 155.8 162.1 167.8 172.4 182.7 180.5 179.7 178.5 172.1 170.5 168.7 162.2 161.3 158.7 157.9 160.6 159.6 157.9 160.5 163.4 167.1 171.2 177.1 183.7 185.8 184.5 182.9 181.8 179.1 176.8 174.8 173 172 172.1 172.1 172 172.1 171.5 170.4 169.5 168.6 167.6 166.6 165.7 165.5 165.7 165.7
153.1 153.9 154.3 158.3 158.6 159.1 159.6 159.3 158 156.1 155.2 156.4 155 152.6 152.4 152.6 152.8 153.6 153.9 154.1 152.7 149.8 145.2 142.4 139.8 137.3 137.1 138.8 145.5 150.5 152.7 158.4 164.1 170.9 175.7 181.2 180.9 179.4 175.9 171.7 170.1 167.7 161.3 159.3 157.4 155.5 158.2 155.6 157 160.5 163.2 168.8 171.8 176.1 182.4 184.7 183.3 182 180.3 177.8 175.8 173.7 172.1 170.4 170.8 171.2 171.7 171.6 171 170.2 169.5 168.8 168 167.1 166.4 166.6 167 167
153.8 154.2 155.6 159.4 158.7 160.2 159.5 159.7 159.7 157.8 156.9 156.2 156.3 154.1 153 153.3 153.3 153.8 153.6 152 150.6 148.8 146.4 143 139.1 136.9 137.1 138.4 141.8 147.7 154 160.9 168.2 177.4 179.5 177.9 177 177.3 174.8 171 169.3 163.5 161.4 156.7 155.7 154.2 153.7 154.1 159.1 160.5 162.8 168.8 173.2 179 182.4 182.6 181.8 180 178.7 177.4 175 173.3 171 169.4 169.1 170.1 171 171.1 170.6 169.6 168.6 168.2 167.9 167.4 166.9 167.5 168.1 168.4
151.8 152.4 155.4 158.3 160.9 160.8 160.9 160.8 160.1 159.1 158.4 159 157.8 155.9 154.6 154.7 154 153.8 152.9 151.3 149.6 147.9 145.6 143.3 141.7 136.9 136.8 136.5 141 147.1 157.3 166.5 178.4 180.2 177.1 174.9 174.6 173.7 173.4 171.8 170.8 163.5 161.5 158.1 153.9 152.4 152.7 154.1 158.4 159.3 162 168.2 170.7 176.5 181.6 181 180.3 178.7 177.6 176.1 173.8 171.7 169 167.8 167.7 168.9 169.6 169.6 169.1 168.5 168 167.7 167.4 167.1 167.3 167.5 168.3 169.7
149.7 151.7 155.3 158.4 160.5 161.1 160.9 162.1 161.4 160 159.9 161.7 160.7 157.1 155.2 154.7 154 153.6 151.5 150.3 148.8 147.2 145 143.1 142.5 136.8 135.1 134 140.2 147.3 156.6 167.5 174.5 177.2 173.4 172 171.7 170.6 169.9 168.7 167.6 163.1 159.3 156 152.2 151 150.7 154.5 158 159.7 164.5 166.3 168.2 174.3 177.1 179.1 178.8 177.6 176.3 174.5 173.3 171.3 167.7 165.3 167.2 168.2 167.8 167.1 166.8 166.6 166.3 166.9 167 166.7 166.9 167.5 168.6 169.9
147.8 150.5 154.8 158 159.2 160.5 161.2 161.7 161.5 161.8 162.2 165.1 162.5 158.5 155.6 154.4 153.1 151.7 149.3 148.1 146.7 145.6 144.1 142.8 143.1 136.9 135 134.6 137.4 140.9 149.4 156.1 166.4 173.9 170.7 170.2 170.2 169 166.7 164.3 162.9 159.7 157.2 152.2 150.7 149.7 150.3 153.1 156.4 158.7 162.3 163.7 166.3 170.8 174.8 177.2 177.3 176.5 174.9 173.1 172 170 166.3 164.8 167.2 167.4 166 165.3 164.8 164.4 164 165.4 166.4 166.4 166.5 167.5 168.5 169.7
148.3 151.7 155 156.5 158.5 159.5 160.6 161.4 161.9 162.6 163.7 166.6 162 158.7 153.8 152.4 150.8 148.8 146.9 145.8 144.3 142.8 141.7 140.3 140 137.1 135.9 134.4 137 137.3 146.5 155.9 167.4 168.2 166.4 165.2 168.6 166.8 164.7 161.4 159.7 157.6 155.9 152.3 149.1 148.9 150.3 152.7 155.2 157.7 160.8 162.4 164.8 167.4 169.9 173.2 174.8 173.6 172.7 171.6 170 168 164.6 163.5 166.4 166.5 165 164.5 164.1 161.9 160.8 161.9 163.4 164.8 166.1 167.2 168.4 168.9
149.8 152.8 155 156.3 157.7 159.1 160.2 160.9 161.6 162.7 164.2 166.4 161.2 157.3 153.8 150.8 148.2 146.6 145.1 143.6 142.5 141 139.8 137.7 137.8 136.6 136.1 133.8 134.9 135.8 140.9 153.9 164.4 163.1 160.9 165.8 168.4 167.1 165.4 161.2 158.6 155.9 153.7 152.3 147.1 147.4 151.6 158.9 160.2 160.5 160.9 161.3 162.3 164.4 167.2 169.1 170.5 170.9 170.4 169.4 168.3 166.4 161.4 163.1 165.3 165.6 165 164 162.3 160.5 159.8 159.6 161 164.5 166.1 167.3 167.8 168.3
150.9 153.1 155.2 156.7 158.1 159 160 160.6 161.9 162.3 164.1 163 161.1 156.2 152.8 150.9 149.9 149 147.9 146.6 145.1 143.9 142.1 140.2 139.3 138.3 137.4 137.3 133.6 133.6 135.4 147 156.4 156 157.5 161.7 166.9 166.4 165.8 163.4 158.8 155.3 152.1 150 146.3 146.4 153.5 160 163.8 163.9 164.1 162.7 163.3 162.9 163.6 165.8 167.6 168.2 167.7 166.9 165.5 164.2 160 162.8 165 165.6 165.2 165.1 163.7 160 158.2 157.8 160.1 163.8 166 166.5 166.9 167.2
150.9 154.4 155.4 157.3 158.2 158.7 159.6 160.7 161.9 162.9 163.5 162.1 160.8 157.7 153.4 152.7 152.3 152 150.6 149.4 148.4 147.5 145.2 143.5 142.7 141.7 139.4 137.5 132.2 132.1 134.6 137.4 147.6 147.8 160.3 159.2 165.8 165.6 165.5 164.5 160.4 155.5 151.5 148.2 145.3 146.1 153.3 158 162.7 164 164 162.6 161.6 162 163.3 163.8 165.2 165.7 165.9 162.7 161.1 159.1 159.2 162.1 164.8 165.5 164.8 164.4 163.1 160.7 157 154.8 159.7 165.1 166.7 166.1 166 165.8
151.7 154.5 155.6 156.7 157.3 157.9 158.8 160.3 161.8 161.9 162.8 161.8 158.9 157.2 156.2 155.1 154.7 154.4 153.4 152.8 152.1 150.7 148.5 147.3 147.4 147 142 137.1 130.6 130.8 134 134.8 149.5 157.5 159 159.5 160.8 164.2 163.6 162.4 160.4 158 153.7 147.2 144.2 144.2 149.9 156.9 159 161.2 160.3 160 160.6 161 160.8 161.6 162.4 164.7 164.8 162.4 160.1 157.1 158.8 162.7 164.5 164.1 162.7 162.4 160.4 158.3 155.5 153.2 158.9 166.2 166.7 165.3 161.6 159
152.6 154.3 155.4 155.8 156.4 157.1 158 159.4 161.4 161.6 162.1 162.9 159.5 157.7 158.4 158 157.6 157.3 156.8 156.1 155.6 154.1 152.4 152.3 154.4 152.3 143.7 136 130.8 130.7 133.8 149.6 152.9 159.8 159.7 159.4 159.6 161.7 161.6 159.5 158 155.1 150.4 145.8 143.4 142.7 146.5 152.6 157 157.3 156.7 157.2 159.2 159 158.1 159.5 162.2 162.5 163 160.4 155.7 156.2 160.4 162.8 163.3 161.8 160.3 159.8 157.4 155.6 153.9 152.9 155.7 160.2 162.4 160.2 158.6 155.9
152.9 154 154.9 155 155.6 156.3 156.9 158.7 159.8 160.2 161.2 162.6 163.1 159.5 160.4 160.9 161.8 162 161.2 160.3 159.4 158 156.8 157.9 159.3 153.9 144.9 136.2 130.4 130.6 134 145 150 158.5 157.6 155.9 158.6 158.8 159.3 156.9 154 150.4 147 143.9 142.5 141.8 144 147.3 152.9 152.9 153 152.8 153.6 154.5 155.3 157 159.1 159.9 159.4 157.1 155.1 156.7 161.5 162.2 161.2 159.7 159.2 158.3 156.4 153.7 151.4 151.9 153.4 155.4 155.8 155.1 154.8 153.7
152.7 153.6 154.5 154.9 154.7 154.7 155.2 157.1 158.2 159.4 160.2 162.1 164.2 163.6 163.2 164.4 165.1 165.3 164.6 163.4 162.2 161.5 160.7 162.2 161.5 152.4 142.1 135.2 130.5 130.1 134.1 142.3 148.8 154.7 154.5 153.9 155 155.3 157.3 153.7 150.5 148.6 145.2 142.8 141.2 140.4 142.2 145.3 147.1 149.4 150.2 149.4 148.9 150.1 151.7 154.2 155 155.4 154.4 152.9 154.4 157.9 161.2 161.1 160.4 159.4 158.2 156.9 154.6 152.2 150.4 149.6 151 152.8 152.7 152.8 152.1 151.4
152.8 153.8 154.1 153.7 153 153.1 154.4 155.8 157.4 158.6 159.7 162.2 163.6 165.6 166.4 167.8 167.9 167 165.9 164.6 163.7 162.5 162.4 162.9 161.4 152.2 142.7 136 131.3 129.7 133.5 141.4 145.8 150.8 151.7 150.6 151.6 153.8 155.7 152.5 149.2 146 143.5 141 139.1 138.9 140 142.7 144.3 146.1 146.4 146.1 146.4 147.6 148.1 149.2 149.1 149.9 150.2 153.2 156.5 160.9 162.8 161 160.4 159 158.1 154.8 154.6 151.2 148.4 147.9 148 150 149.4 151 150 149.6
153.5 154.4 153.6 152.9 152.2 151.3 153.3 154.5 156.2 158.2 160.2 162.2 164.2 167.6 168 171.3 172.5 172.4 167.3 165.9 164.3 163.1 162.6 161.3 158.8 153.5 146.7 139.8 132.8 129.7 130.9 137.1 145.6 149.5 147.6 147.3 147.4 152.9 154.7 152.1 148.8 144.7 141 138.8 138.1 137.8 138.4 140.7 141.7 142.7 142.6 142.6 143.8 144.9 145.9 147.3 148.7 151.1 153.4 156.6 158.9 161 161 159 159.8 159.2 152.6 151.8 151.5 149.4 147.4 146.7 146.6 146.9 147.2 147.3 147.7 147.3
153.4 153.9 152.3 150.1 149.3 150.6 152.6 152.5 155 157.2 160 162.7 165.5 165 166.2 167.9 168.2 170 171.1 172 168.7 163.3 162.1 160.5 157.4 156.2 148.8 140.7 134.4 129.7 129.7 132.4 140.9 148 145.9 145 145 151.8 156.2 152.5 148 143.2 139.1 137.2 136.7 137.3 137.1 138.9 139.7 140.4 141.2 143.6 146 147.4 148.1 149.1 151 153.3 155.3 157.5 160.1 160.7 159.2 158.7 158.3 157.9 155.8 153 149.6 147.6 146.2 145.1 144.8 144.7 145 146.1 145.9 145.3
152.9 153.4 150.7 147.9 147.7 149.4 150.5 150.1 154 156.8 159.8 166.3 159.9 160.5 160.7 160.5 160.5 160.1 159.8 159.4 160.2 163.2 161.8 160 156.7 152.5 149.3 142.1 136.5 132.7 129.7 129.7 136.1 144.4 142.3 142.3 142.6 153.1 157 153.9 149.2 143 137.8 135.6 135.3 136.5 136.7 137.1 138.6 139.7 143.2 147.2 149 149.7 149.9 151.7 153 155.6 157.8 159 159.5 159.6 160.2 158.6 157.5 155.7 153.9 152.1 149 147.7 145.9 145 143.7 142.5 142.2 142.6 142.8 142.9
151 151.5 149.1 146.5 145.6 148 147.4 152.8 157.2 159.3 157.8 158.2 159.3 162.4 164.9 166.1 168.3 170.3 167.4 164.4 161.8 158.3 157.8 159.3 157.5 153.9 151.1 147.4 142.8 138.9 131.8 129.7 128.6 133.5 139.9 138.7 140.3 154.4 155.3 153 147 139.3 136 134.9 134.4 135.1 136.1 138 138.2 140.3 142.7 147.1 152.1 152.8 152.6 153 155.3 157.9 157 157.5 156.7 155.8 155.4 155.5 156.4 154.6 154.1 152.1 150.4 148.8 147.2 146.5 144.2 142.4 141 140.5 139.6 139.3
151.3 147.8 146.2 144.1 143 144.7 144.8 151.8 155.5 156.5 164.1 166.3 170.8 169.2 170.9 171.7 171 169.9 168.1 165.2 161.1 158 156.6 155.8 155.2 155.5 153.7 152.7 149 144.4 139.4 129.8 128.6 128.6 137.8 137.5 144 147 151 149.8 146.2 140.6 135 133.2 134.3 138 138.3 138.9 140.5 141.7 142.9 146.8 149.5 151.8 153 154.3 154.1 154.4 154.6 154.6 154.6 152.8 155.2 155.3 155.5 154.9 154.1 152.8 151.5 150.1 149.8 147.1 145.7 143.4 142.7 141 140.3 139.6
147.3 143.6 142.5 139.4 141.4 148.4 152.5 154 158.9 162.1 164 165.7 165.2 168.7 171.5 169.9 168 167 165.1 162.5 158.6 155.7 154.5 154.2 154 152.8 154.1 153.1 150.3 147.3 143.6 134.8 128.6 128.6 128.6 136.9 144.2 145.6 149.9 148.8 146.8 140.8 133.5 134.7 138.6 137.4 139 139.3 139.6 143.9 145.2 147.3 148.6 149.8 151.1 152 153.6 154 154 153.6 151.9 152.5 151.8 154.7 155.1 154.3 154.1 152.2 151.2 149.9 147.5 145.8 144.9 144.7 144.6 142.4 140.6 139.4
142.8 141.5 144.8 148.8 150 150.8 152.4 158.4 160.3 163.1 165.1 165.5 166.7 168.9 168.1 167 165.1 164 162.3 159.9 156.7 153.9 151.8 152 151.9 153.2 150.3 150.4 150.5 147.5 144.1 137.7 129.9 128.6 128.6 135.6 144.2 148.5 148.5 146.6 144.2 136.1 132.1 135 139.9 138.6 138.8 138.9 141.5 146.3 146 147.5 147.8 149.1 150.4 151.4 152.2 147.8 148.5 148.6 148.8 147.5 147.5 148.7 150.3 150.9 150.2 149.5 148.2 146 144 143.6 144.1 145.2 144.7 143.2 141.4 140
142 147.4 147.6 143.6 144.4 150.9 156.6 159.4 161 163.4 163.7 164 165.2 165.4 165.2 165 163.1 161.7 160 158.2 155 151.7 149.3 148.5 149.6 151.2 151.9 147.4 149.9 146.4 143.2 138.3 130.6 128.6 128.6 135 145.3 147.8 146.7 144.2 141.1 130.4 134.9 139.2 143.1 138.5 138.6 141.9 146.3 146.8 146.3 147.2 147.4 148.4 149.5 148 147.5 147.2 146.6 146.1 145.8 145.5 145.5 145.8 146.2 145.6 145.8 145.7 143.6 142.5 142 142 143.1 144.4 144.6 143.3 142 140.7
