data/SP11.asc
ncols 200
nrows 200
xllcorner 410000
yllcorner 210000
cellsize 50
[rows 35 to 69 of 200, columns 78 to 155 of 200]
174 170.1 167.3 162.7 155.6 149 153.8 164.8 173.1 176.7 176.8 177.1 177.6 177.7 176.9 173.5 167.8 164.7 170.7 173.8 175.6 179.5 181.9 185 186.5 189 191.1 191.9 192.1 194 195.7 199.5 200.8 203.6 199.6 194.9 188.2 186.3 191.2 195.3 197.9 200.5 206.3 208.1 206.3 203.9 200.8 192.6 186.3 179.7 172.7 164.4 156.3 151.6 150 147.4 144.1 140.9 139 143.1 144 144.4 142.1 138.5 134.8 130.7 128.9 127.3 126.3 125.5 125.3 122.1 121.6 121.7 121.6 121.2 120.9 120.3
172.8 168.7 165.7 160.8 155.4 148.9 157.4 165.7 173.2 177 177 176.8 176.4 176.6 174 170.3 163.5 162.2 169.4 173.5 176.8 179.7 182 183.8 185.1 187.1 188.3 188.5 189.4 192.7 196.7 200.4 201 200.6 199.6 194.9 189.7 191.9 197.3 202.3 206.8 211.4 214.5 211.7 208.6 205.8 202.2 194.7 187.6 181.6 175.1 167.7 163.4 157.8 153 149.9 145.5 145 142.8 146.7 148.1 147.6 144.5 140.5 135.9 132.1 130.3 128.1 126.6 125.9 125.2 123.8 123.9 123.1 122.2 121.6 121.2 120.9
171.6 167.5 163.2 158.3 153.7 148.5 159.4 165.9 173.1 176.5 176.4 176.1 175.8 175.5 170.5 165.9 159.2 165.6 171 174.7 177.8 179.8 181.8 182.6 182.8 183.4 184.4 184.5 190.3 193.6 197.4 200.5 201 200.7 198.7 195.5 194.9 197.4 203.5 209.9 214.8 216.1 216 214.1 211 207.8 204.6 197.4 191.2 185 180 173.7 169.6 163.7 156.5 151.3 150.4 151.1 149.1 150.4 150.9 148.3 145 140.1 136.3 133.2 130.8 128.7 126.9 126.2 125.6 125.3 125.3 124 123.2 122.5 121.8 121.2
171.9 168.4 164.9 159.8 154.3 145.4 159.1 166.7 172.7 175 175.3 175 174.6 172.5 168 161 159.3 169 173 175.9 177.5 179.2 179.6 180 180.2 179.8 183.3 186.6 191.5 194.4 197.2 200.3 202.2 199.8 198.5 197.8 197.3 199.5 204.1 210 214.9 216.4 216.4 215.8 212.6 209.8 207.6 200 194.9 189.9 185 180.2 174.2 168.8 162.7 160 157.7 156.4 152.8 151.4 151.3 149.8 145.8 142.7 138.7 135.6 131.7 129.1 127.2 126.7 126.2 125.7 125.7 124.5 123.6 122.9 122.4 121.9
172.7 169.5 166.2 163.1 157.9 145.6 156.4 165.7 172.4 174.6 174.6 174.5 173.9 171 164.3 155.5 164.1 169.5 172.6 174.8 175.9 176.2 176.6 175.7 175.9 179.4 184.1 188.3 192.4 194.2 197 200 201.7 199.3 197.9 197.9 198.6 200.9 205.5 210.9 215.8 216.8 216.7 215.8 214 211.8 209.2 204.3 199.5 194 188.8 183.9 178.8 173.6 169.6 166.4 166.4 164.4 159.7 154.4 152.3 151.4 148.1 144.6 141.2 136.9 132.6 129.4 128 127.1 126.7 126.2 125.5 124.6 123.7 123 122.3 121.7
171.8 168.5 165.3 162.6 158.7 148.4 152.4 165.3 172.7 174.2 174.4 174.4 173 169.2 162.2 154.3 164.6 168.7 170.8 172 171.6 172.3 170.6 173.9 177.2 181.7 185.6 190.4 192.5 193.7 195.4 198 199.4 198.6 197.7 197.7 198 201.6 207.1 212.6 216.2 217.5 217.6 216.7 215.5 213.6 211 208 204.6 198.3 192.4 188.3 183.7 179.7 176.3 173.8 174.2 171.3 163.9 158.2 153.7 150.3 147 143.6 140.6 136.5 133 130.4 128.9 127.9 127 126.3 125.3 124.4 123.4 122.7 122.1 121.4
170.3 168 164.4 161 157.7 146.8 152.1 165.9 170.9 172.3 174 173.9 171.9 167.6 159.9 155.3 164 166.6 167.4 167.5 166.3 168.8 172.1 176.2 180.2 183.8 187 190.8 191.3 192.4 194.1 195.4 196.9 196.3 197.5 197.5 198.5 203.3 208.9 213.5 216.4 218.4 219 218.2 216.9 215.7 213 209 205.6 203 197.2 193.7 190.7 185.7 183.6 185 183.6 174.2 166.7 160 154.2 149.3 145.4 142.1 139.3 135.6 134.1 132.2 130 128.9 127.7 126.1 125.1 124.2 123.2 122.1 121.5 121
168.6 167.2 164 160.6 155.4 144.9 153.4 166.8 169.9 170.4 172 172 169.8 165.5 158.8 153.8 157.6 158.8 160.1 164 167.9 172 175.8 179.4 182.1 184 187 190.4 190.1 189.8 190.7 194.3 195.2 195.6 196.7 197.9 200.1 205.6 210.2 214.5 217.4 219 220.2 219.3 217.8 216.3 214.8 211.8 208.6 206.3 203.3 199.9 196.7 194.3 191.9 188.9 183.8 176 168.6 160.8 153.7 148.6 143.9 139.8 139.7 138.1 136.5 133.9 131.4 129.3 127.3 125.5 124.3 124 122.5 121.7 121.2 120.8
165.5 164.4 162.5 159.3 154.3 143.6 156.7 166.5 169.7 170.1 170.6 169.2 166.9 161.9 157 152.7 158 162.7 166.3 169.2 173.2 175.5 178.6 180.8 182.7 184.5 186.7 186.1 186.4 189.7 192.7 195.7 198 199.2 200.3 200.4 202.7 207.2 211.3 215.2 217.9 219.7 221 220 218.5 217.5 215.9 214.3 211.9 209.3 206.7 204.2 201.6 198 194.1 188.9 181.8 174.4 166.5 159.6 151.6 147.8 145.3 144 143.1 141.2 139.2 136.6 132.9 129.1 127.2 125.5 124.2 123.5 122.1 121.3 120.8 120.9
164.3 161.1 160.1 157.6 149.9 146.1 160.4 166.8 166.4 168.9 168.5 166.7 163.1 157.7 150.4 155.7 164.4 168.4 171.4 174.1 175.6 177.5 179.1 181.1 182.1 183.6 184.5 184.5 187.6 191.4 194.5 197.5 200.3 202.8 203.4 204.2 205.4 209.6 213.2 216.2 218.3 220.1 220.9 220.8 220.1 218.4 216.4 215 213.4 211 208.4 205.8 203 199.5 195.1 189.7 182 174.8 167.2 159.9 152.9 151.6 149.6 148.9 146.3 144.4 141.4 137.9 135.6 130.9 128.4 126.4 124.8 123.5 122 120.6 120.7 120.6
163.5 160.1 157.3 154.1 144.9 150.1 162.6 166 165.2 166.5 166.7 163.5 159.6 151 152.5 162.7 167.8 171 173 175.6 176.1 177.3 178.8 180 179.6 180 180.5 184.4 189.3 192.7 195.8 198.8 201.6 204.7 207.8 208.9 209.4 210.4 214 216.4 218.5 220.3 221 221 219.4 218.1 216.8 215.7 214.3 212.1 209.6 206.8 204 200.3 196 190.5 183.2 176 170.9 164.7 159.7 154.9 153.5 151.2 149 146.4 143.2 140 136.9 134 131.1 128.6 126.3 124.8 123 121.4 120.6 120.1
160.6 159.1 155.4 150.6 143.8 153.6 162.4 165.1 164.9 166 163.7 160.1 156 148.9 157.9 165.2 169.9 171.8 172.7 174.5 176 175.9 177 176.8 175.5 177.1 181.7 186.1 190.6 193.2 196.2 199.4 203 206.8 210.7 211.1 211.5 211.6 213.8 216.2 217.6 219.2 219.5 219.1 218.9 218.7 217.4 216.4 215.3 213.1 210.9 207.7 205 201 197.2 193.6 186.4 181.9 176.9 171.4 164.9 159.1 154.6 151.1 149.3 147.1 144.7 142.5 139.4 136 132.7 130.7 128.5 126 124.2 122.7 120.9 120.1
153.5 153 153 149.6 144.7 156.8 162.8 162.2 161.8 163.4 161 157.4 152.7 149.2 160.8 167.3 171 171.1 171.6 171.6 172.6 174.2 174.5 173.5 174.6 179.7 183.7 187.6 191.4 194.1 196.7 199.7 203.4 207.2 211 211.7 212.2 212.8 214.4 215.5 216.9 218.3 219.2 219.3 218.9 218.3 217.6 216.4 215.8 213.8 211.7 208.8 206.2 202.6 199 194.7 190.4 185.8 179 171.7 166.5 160.1 154.5 150.9 146.5 144 143.2 141.9 140.1 137.2 133.5 131.2 129.4 126.3 124.9 123.1 121.3 119.5
146.3 143.5 143.6 144.9 146.7 159.2 161.1 159.7 161 161.3 158.6 154.7 145.8 153.9 163.7 168.3 169.4 168.9 168.4 168.5 169.1 169.4 169.6 171.3 177.3 181.2 185.1 189 192.2 194.9 197.5 199.6 204 207.6 210.6 211.9 212.7 213.3 213.8 214.9 216.2 217.6 217.7 217.9 217.6 216.9 216.3 215.6 215.2 213.2 211.7 209.5 207.3 204.4 199.4 193.9 189.9 185.9 176.2 170.3 164.1 156.2 152.5 150.6 147.2 142.8 139.5 138.6 137.3 136 132.9 129.4 127.7 125.5 124.9 123.1 121.3 119.9
139.1 138.9 138.9 140.6 152.4 158.1 159 157 160.9 160.4 157 147.6 147.3 158.9 164.7 167.3 166.9 165.7 164.3 163.1 164.4 164.6 170.5 174.6 179.3 182.8 186.7 189.4 191.9 193.7 195.7 199.1 205.2 206.6 208.8 210.2 212.2 213 213.4 214.2 215.6 216.4 216.3 216.3 216 215.4 214.8 214.2 213.6 212.5 211.9 210.2 207.9 204.9 200.9 194.1 189 182.3 174.2 166.3 158.9 151.8 144.9 142.4 142.8 138.3 134 134 133.2 131.9 130.6 128.4 126.8 124.7 124.3 123.3 121.8 120.4
143.7 144.1 139.4 138.6 148.1 153.2 154.7 154.5 158.7 157.4 152 144 154.7 161.3 164.8 165.2 163.2 157.1 158.8 162.9 167 171.4 174.8 178 181.2 184.5 187.1 189.2 191.4 193.1 195 200.1 202.8 204.6 206.4 208.4 211.2 212.2 212.8 212.9 214 214.8 214.7 214.6 214.7 213.9 213.3 212.7 211.9 211.5 211.6 210.8 208.1 204.1 200.6 195.4 187.2 180 173.4 166.9 159.2 153.5 149 144.7 143.1 141.4 136.7 133.7 130.3 129.2 129.1 128.6 127.3 125.3 124.3 124 122.4 120.7
152 148.1 141.7 138.6 140.3 145.4 147.9 153.2 156 154.3 146.8 145.8 157.5 162.3 162.6 158.3 154.4 157 164.9 168.1 171.2 174 176.7 179.1 182.1 184.6 186.4 188.4 189.9 191.6 193.7 197.3 197.2 199.3 204.8 208.2 210 211.2 212 212.1 211.2 212.7 212.8 213 213 212.9 212 210.7 210.5 211 211 210.2 208.1 206 202.1 196.3 189.1 182.1 175.7 170.4 165 161.1 155.1 151.7 148.3 145.6 140 134.3 132.6 130 129.1 129.2 128.8 127.5 126.5 125.3 123.6 121.7
157 155 146.1 138.5 138.2 138.9 144.7 147.3 148.9 148.1 143.6 149.6 156.1 159.5 156 150.5 155.2 162.3 166.8 170.1 172.7 175.2 177 179.2 181.3 184.1 185.7 187.1 187.9 189.4 190.3 191.5 195.3 200.9 205 207.7 208.8 210 210.9 211.3 210.9 210.6 210.8 211 211.3 211.3 210.4 209.1 209.4 211 210.8 209.7 208.2 206 202.8 198.5 193 186.5 181 174.7 172.7 168.8 163.1 156.7 150 141.3 139.1 138.8 136.5 133.8 131.8 130.6 132.2 130.2 127.8 126.6 125.1 123.4
161.4 160.1 151.7 143.7 138.5 138.5 139.1 140.8 141.3 140.5 142.6 152.6 156.4 154.5 149.6 151 159.5 164 167.5 169.4 171.2 175.2 176.9 178.5 180.6 182.3 183.4 183.4 183.7 184.8 187.9 194.4 199.1 202.1 205.4 207.2 208.1 208.8 209.8 210.1 209.5 208.7 208.7 208.9 208.9 209 208.5 207.8 208.8 209.5 209.1 208.4 207.6 206.4 203.6 200.6 196.7 191.5 188.2 183.7 178.5 173.5 167 160 151.7 148.1 146.9 144.4 140 137 137.2 136.8 135.5 133.5 130.2 127.9 126.6 125
166 162.7 160.9 155.6 148.8 144 139.3 138.8 138.4 140 147.2 153 154.3 150.2 148.7 155.7 160.4 164.1 166.9 168.4 169.9 173.1 174.8 176.9 178 178.7 179.6 178.5 179.3 182.1 188.1 193.2 198.2 202.4 204.9 206.7 207.3 207.9 208.3 208.4 207.8 206.8 206.2 206.3 206.5 206.6 205.2 205.4 206.8 207.5 207.7 207 206.2 205.4 205 202.3 199 195.4 192.1 188.6 184.3 176.2 169.6 163.4 159.6 158.5 154.7 151 146.9 144.5 143.8 141.7 138.4 135.7 132.3 129.5 128.5 126.8
168.6 166.7 164 159.8 155.6 150.4 144.4 139.6 139.4 139 144.1 150.4 149.6 144.8 151.3 157 159.7 162.7 165.9 167.5 169 169 170.1 171.1 173.1 173 172 174.4 179.3 184.9 189.4 194.1 198.8 202.3 204.7 205.9 206.4 206.9 207.1 206.7 206 204.3 203.1 203.7 203.5 202.8 203.3 205.1 205.2 206 206.2 205.8 205.2 205.2 206 203.5 200.3 198.4 195.1 191.3 187.3 181 173.9 169.4 166.9 165.3 160.4 156.7 153.3 152.8 151.2 147.3 141 138.2 135.7 133 130.5 127.5
170.9 167.9 161.9 156.7 149.8 147.4 144.4 143.8 139.6 138.3 138.6 146 143.5 145 150.2 153.8 156.8 160.4 162.9 164.5 164.2 162.2 160.7 162.2 163 164.5 174.3 179.6 182.6 186.8 191.3 195 199.8 202.4 204.2 204.8 205.4 205.7 205.4 205 204 201.9 200.4 200.8 199.3 199.3 201 204.4 205.5 205.1 204.4 204.4 204 202.5 204.6 204.2 200.3 199.2 196.8 193.1 189.3 185.3 180.9 177.4 174.8 171.7 167.9 164.7 162.6 162.6 158.7 150.5 145.1 142.8 138.9 134.1 129.1 129.2
172.1 166.7 159.6 156.2 155.4 152.7 150.5 148.2 142 138.5 138.3 138.7 139.2 140.1 143.7 144.6 146.9 150 155 156.5 155.1 152.5 152.4 158.3 168.5 173.9 179 182.3 184.7 187.6 191.7 195.4 200.2 201.9 203.1 203.7 204 203.7 203.4 203.1 202.1 200.8 198.1 196.7 195.3 198.1 200.6 202.2 203.2 203.2 202.3 201.9 202.8 201.7 201.4 201.5 201.1 200.3 198.3 194.6 191 188.4 185.3 182.5 179 175.3 172.7 170.3 166.9 164.7 160.7 154 151.8 145.7 138.7 135.7 136.6 133.8
172.5 165.3 162 160.9 159.9 157.4 156.6 152.8 144.9 139.5 138.1 138.2 138.2 138.1 138.3 138.9 139 138.6 142.1 147.3 146 147 158.2 170.6 174.3 177.5 181 184.4 186.5 188.5 192 195.2 200.4 201.1 201.9 202.5 202.2 201.9 201.6 201.3 200.5 198.8 195.7 194.1 194 197.7 200.9 201.3 201 200.9 200.3 199.5 201 201.1 201.3 201.6 201.7 201.4 199.8 196.2 193.3 190.7 188.1 185.1 182 178.3 174.9 172.5 170 166.4 163 158.4 152.5 145.6 144.8 144.4 140.2 136.8
172.2 168.5 166.6 165.2 164 161.9 160.8 157 151.6 143.1 138.5 138.7 138.4 138.2 138.2 138.6 138.7 136.7 135.5 138.7 146.9 159.1 166.2 170.3 174.8 178 181.6 185.4 187.2 189.2 191.9 195.1 198.9 199.9 200.7 200.9 200.5 200.2 199.9 199.4 198 196.5 193.4 190.9 193.4 196.6 198.3 199.4 199.1 198.2 197.9 198.1 199.4 201 201.7 201.7 201.3 201.3 201 198.4 195.5 192.7 190.1 187.3 184.5 181.4 177.9 174.4 171.9 169.2 166.3 162.4 155.5 152.6 152 150.3 144.2 139.4
176.3 173.6 171.9 170.1 168.3 166.1 163.4 158.2 152.4 148.3 148.9 145.4 143.5 140.9 142.2 140.4 139.7 140.7 134 137.9 150.1 163.6 168.2 169.6 173.2 177.3 181.3 184.9 187.5 189.9 191.9 195 197.5 198.6 199.4 199.2 198.8 198.5 198.2 197.1 195.5 194.2 191.9 189.5 193.5 195.3 196.4 197.3 196.6 195.4 194.9 197.4 199.3 201.2 201.6 201.3 201.1 201.1 201 199.1 196.8 194.4 191.8 189.3 186.7 184.4 181.6 177.4 175.4 172.5 169.5 165.9 161.4 159.2 156.3 151.8 146.8 145.3
179.8 178.2 176.3 174.1 171.8 169.2 166 159.4 155.9 156.6 156.8 156.3 154 150.5 147.2 143.7 142.3 141.1 136.1 134.8 144.4 166.1 169 170.2 173.3 177.5 180.6 183.4 186.2 188.9 191.7 194.5 196.3 197.4 197.8 197.5 197.1 196.8 196.1 194.8 193.6 192.4 190.6 188.4 192 194.8 195.4 195.1 194.4 193.8 194 196.3 198.5 200.3 200.9 200.9 200.9 201 200.7 199.1 196.7 195.4 192.9 190.5 187.7 188.1 183.5 180.4 177.7 174.5 171.1 168.6 164.8 162.4 159.1 154.8 151.6 148.6
182.4 181.2 180.1 177.5 174.8 171.8 168.7 165.4 161.4 161.7 161.7 160 156.2 152.3 148.9 146.2 144.2 141.1 136.7 134.3 152.2 163.8 167 170 172.5 175.5 178.5 181.5 184.6 187.2 190 192.6 195.3 196.2 196.1 195.7 195.4 195 194.4 193.1 191.7 190.7 188.7 185.1 191.3 192.9 193.6 192.7 191.2 192.1 194.6 196.4 197.5 199.2 199.6 199.8 199.2 199.5 198.5 198 196.6 195.7 194.4 192.1 189 188.4 185.7 182.3 179.1 176 173.1 171.1 168 164.4 161.4 158.6 154.7 149.5
182.6 182.2 181 179.4 177 174.7 171.7 168.8 166.5 165.2 163.7 161.3 158.1 154.4 150.5 147.6 142.7 140.5 136 138.1 155 159.9 164.3 166.8 169.9 173.1 176.7 180.4 183.5 186.6 189.6 191.7 194 194.3 194.2 193.9 193.6 193.2 192.5 191.5 189.7 188.4 186.1 185.4 189.4 191.3 191.5 189.8 189.3 192.3 195.2 196 196.6 197.5 197.5 197.5 197.3 196.9 196.4 196.1 196.3 195.8 195.2 192.6 189.9 188.7 186.6 183.8 180.6 177.4 174.8 172.5 169.6 167 164.3 161.3 155.9 150.7
182.7 182.4 181.9 180.5 178.5 176.4 174.7 172.3 169.7 168 164.8 162.3 159.5 156 151.4 145.7 140.3 140.5 134 144 152.6 155.4 159 164.1 169.9 174 178 181.1 183.5 186.2 189.3 191.1 191.7 192.4 192.3 191.9 191.5 191.1 190.6 189.5 187.3 184.3 181.4 184 188.7 187.9 187.3 186.3 189.5 193.3 195.5 195.7 196.3 196.2 195.9 195.5 195.2 194.9 195 195.3 195.9 195.6 194.8 193.9 191.7 189.4 187.5 185.2 182 179.1 176.6 174.2 171.9 169.8 166 162.1 157.5 151.8
182.6 182.3 182.1 181.4 179.6 178.1 176.4 175 173 169.9 166.1 163.3 160.7 156.7 150.7 143.3 138 135 135.6 145.1 150.5 155.1 160 165.2 169.8 173.5 178.4 181.7 184.3 186.6 189.5 190.9 190.7 190.4 190.1 189.7 189.3 188.9 188.3 187.6 185.5 180.9 179.1 182.2 185.3 182 183.1 189.2 191.5 192.4 194.4 195 194.9 194.5 194.2 193.8 193.5 193.5 193.7 193.9 194.3 194.4 193.9 193.3 192.3 190.3 188.3 186.3 183.5 180.8 178.4 175.7 173.3 170.4 166.7 163 159 152.1
182.7 182.5 182.2 181.4 179.9 178.4 177.3 175.9 173.7 170.9 167.3 163.7 160.2 156.4 150.9 141.7 135 134.2 138.6 144.3 151 158.6 163.5 167.8 171.2 174.7 178.5 182.5 186.6 189.9 190.6 188.5 188.1 187.5 187 186.7 186.4 186.2 185.9 185.1 184.6 178.5 174.9 178.3 178.9 180.8 185.7 191 191.2 191.7 193 193.4 193.1 192.8 192.5 192.1 191.8 192.2 192.4 192.6 192.8 192.8 192.8 192.2 191.7 191.4 189.5 186.9 184.7 182.5 180 177.2 174.2 171.2 167.7 164 160.3 156
182.7 182.7 182.2 181.4 180.2 177.6 175.7 174.3 172.8 170.2 167 162.7 159.3 155.9 151.3 139.5 134.5 135.7 140.9 146.7 151.3 158 162.9 168 172 176.6 180.9 184.6 188.5 190.2 189.1 186.2 185.1 184.4 183.9 183.7 183.5 183.4 183.2 182 180.2 175.4 174 174.2 177.6 185 188.8 190.9 191.1 191.4 191.6 191.4 191.2 191 190.8 190.5 190.6 190.9 191.1 191.1 191.2 191.3 191.3 191 190.9 191 189 186.9 184.6 182.3 180.1 177.9 175 172.2 168.8 165.6 162.5 159.4
182.2 182.2 182 181.3 179.3 176 173.5 172.3 171.1 168.7 164.5 160.7 158.6 157.1 152.1 138.6 133.2 135.9 141 145.1 150.5 156 162.6 167.7 173.2 177.8 182.2 185.5 188.1 188.8 186.2 183.6 181.7 181 180.8 180.8 180.6 180.5 180.3 178.7 175.8 173.2 174 178.5 181.1 185.8 187.3 188.9 189.4 189.4 189.5 189.3 188.9 188.7 188.5 188.4 188.9 189.2 189.2 189.3 189.5 189.6 189.7 189.7 190.2 189.4 188.3 186.4 184.3 182.1 179.9 177.7 175.5 172.8 170 167 163.9 160.5
181.2 181.5 181.3 180.4 177.9 174.5 170.8 168.6 166.3 163.8 161.8 158.8 156.6 155.2 150.9 139.7 133.4 134.2 140.4 143.2 149.3 154.9 162 167.5 172.7 177.6 183.2 186.1 187.4 187.2 184.8 182 179.1 177 177.1 177.4 177.4 177.4 177.2 175.2 170.9 172.2 176.8 180.7 181.8 184 185.3 186.4 186.9 186.7 187.3 187.1 186.7 186.4 186.2 186.6 186.9 187.2 187.2 186.9 186.9 187.4 187.9 188.1 188.2 188 187 186 184 181.9 179.7 177.5 175.2 172.8 170.5 167.5 164.2 160.9
