data/SP13.asc
ncols 200
nrows 200
xllcorner 410000
yllcorner 230000
cellsize 50
[rows 0 to 34 of 200, columns 0 to 77 of 200]
64.5 64.9 65.2 65.6 65.9 65.7 66.7 67.4 68.2 69.2 70.6 71.2 72.4 72.2 72.2 72.2 72.1 72.4 72.8 72.7 72.9 73.5 74.4 75.7 76.3 76.4 77.6 78.2 79.8 85.1 82.7 83.1 84.4 84.3 88 89.5 90.4 91.1 92 92.7 93.7 94.6 95.8 97.1 97.8 97.3 96.7 96.7 96.3 96.7 97.2 96.3 95.5 97.9 103.3 108.9 114 117.4 122.1 130.2 139.3 149.5 158.2 156 153.9 156.5 161.6 164.5 168 169.9 172 173 174.8 178.5 182.2 186.8 192.4 197.5
66.2 66.3 66.4 66.4 66.5 66.5 67.2 68.1 69.1 70.6 71.8 72.6 73.3 73.7 73.7 73.6 73.4 73.7 74.1 74 74.3 75.9 76.6 77 77.9 78.5 79.1 79.4 82.8 85.1 83.9 86 87.8 88.7 91.3 94.3 95.2 95.2 96 97.2 99 98.8 99.4 100.3 100.4 100.2 99.7 99.7 99.2 98.8 97.1 95 95 99.6 104.5 109.5 114.8 119.9 126.6 134.5 144.4 154.3 160.5 162.6 164.8 167.2 169.5 172.8 174.7 178.2 180.7 181 181.4 185.4 189.2 192.1 198 203.5
67.1 67.2 67.2 67.3 67.3 67.5 68 69 70.5 72 73.2 73.8 74.4 75.1 75 74.8 74.6 74.8 75 74.8 76.1 77.8 79 78.6 79.2 79.9 80.6 81.1 83.7 85.4 87.4 89.3 91.3 92.9 95.8 98.4 99.9 100.3 100.3 101.8 103.6 104.3 103.6 103 102.9 102.9 102.8 102.7 102.2 101 99.2 97.3 97.9 102 106.1 110.5 115.4 120.3 131.3 139.6 149.5 158.5 163.2 164.9 167.7 171.7 176.8 181.1 183.8 185.8 187.8 189.4 189.5 191.7 195.9 200.2 204.4 209.5
67.8 68 68.1 68.1 68.2 68.5 68.9 70 71.8 73.3 74 74.6 75.5 75.7 76.6 76 75.6 75.6 75.7 76.3 78 79.6 81.3 81 81.1 81.8 82.6 83.9 86.4 89.4 92.3 94.3 96 97.1 99.4 102.2 103.3 106.1 107.3 109.1 110.1 110.1 107.5 106.2 106 107.1 107.9 107.9 105.6 103 100.8 99 98.3 102 107.4 114.3 123.2 128.6 137 147.3 158.2 162 164.7 166.9 170.9 175.5 181.3 187.4 190.3 192.3 194.1 195.6 197.1 198.9 203.5 206.4 210.9 215.9
68.5 68.8 69 69 69.1 69.4 69.8 71 72.5 74 75 75.8 76.4 77.5 78.1 77.3 76.6 76.5 76.5 78.2 79.8 81.5 82.5 83.1 83.7 84.7 85.6 87.2 89.6 93.4 97.1 99.1 100.2 101.3 103.2 105.6 108.9 112.1 114.3 116.3 115.8 113.4 111.1 109.5 111.4 113.6 114.1 114.4 112.1 107.1 103.4 101.1 101.3 103.8 108.3 115 123.5 134.3 140.6 146.6 154 161.7 165.8 168.9 174.8 179.9 185.8 192.2 195.6 198.7 200.4 202.4 204.9 207.7 211.2 213.8 217 223.4
69.1 69.5 69.8 69.9 70.1 70.5 70.8 72.2 73.2 74.4 75.6 76.9 78.4 79.5 79.4 78.7 77.9 77.3 78.4 79.6 80.8 82.2 83.5 84.9 85.9 86.8 88.6 90.7 93.3 97.3 101.4 103 104.1 106 108.6 111.8 115 118 120.6 122.2 119.9 117.2 114.9 115.8 119.3 121.2 121.3 121 118.8 114.6 103.9 104.5 106.6 108.8 110.4 112.8 120.1 127.6 132 136.8 144.6 153.8 163.4 171.5 178.6 184.1 190.5 196.9 201.5 204.7 207.4 210.1 212.3 215.3 218.3 221.7 225.9 225
69.7 70.2 70.6 70.7 71 71.5 72.2 73 74 75.1 76.9 78.3 79.6 81.5 80.8 80.1 79.4 78.6 80 81.4 82.7 84.1 85.4 86.7 87.9 88.8 90.6 93.1 97.6 101.7 104.8 107.8 110.2 112.4 114.6 117.2 119.8 122.5 125.1 127.7 124.5 121.4 119.4 122.6 126.3 129.3 127.7 129.2 127.2 116.3 106 108.6 110 108 109.6 112.3 115.8 122 129.6 139.2 146.8 152.4 161 173.1 181.3 188.9 195.2 201.6 207.7 209.7 210.7 214.4 219.4 225 224.6 226 224.4 223.6
70.6 70.7 71.2 71.6 72 72.5 73.2 74.1 75.1 76 77.3 78.9 80.5 82.1 82.5 81.8 80.9 80.6 81.9 83.3 84.6 86 87.4 88.6 89.8 90.8 92.6 96.4 101.2 106.1 109.7 113.1 115.2 117.3 119.5 121.7 124.3 127 129.7 132.4 130.5 128.4 126.3 130.1 135.1 138.1 137.5 136 130.5 114.5 110.2 113.7 113.8 109.6 108.9 110.7 117.7 125.6 133.3 145.1 155.7 162.4 164.1 172.1 180.2 188 192.8 197.6 202.7 204.7 211 217.4 222.6 226.1 226 225.5 223.6 222.1
71.2 71.4 71.8 72.4 73 73.6 74.2 75.1 75.9 76.8 78.1 79.8 81.4 82.6 83.8 83.4 81.9 82.5 83.9 85.2 86.5 87.9 89.3 90.5 91.6 92.8 95.2 100.1 105.1 109.6 112.8 117.7 119.8 122.1 125.1 126.5 128.9 131.6 134.4 137.6 141 136.8 132.6 138.2 144.3 145.6 144 138.7 128.1 113.3 114.2 119.7 120 111.9 111 112.2 119.6 127.3 138.1 149.2 160.2 166 167.3 171 175.7 180 184.8 189.6 194.6 202.9 209.5 216.1 221.7 224 226 225 223.2 221.3
71.7 72.1 72.6 73.2 73.8 74.3 75 75.7 76.5 77.7 79.4 80.6 82.3 83.4 84.6 84.5 83.2 84.2 85.6 87.1 88.5 89.8 91.2 92.3 94 96 98.6 104.2 109.2 112.9 117.2 122 125.1 128.2 131.3 133.1 134 137.7 144.1 150.6 152.1 144.5 141.3 146.3 152.7 151.8 147.1 135.7 123.2 116.5 122.3 127.1 125.4 116.2 114.8 114.5 121.3 127.4 137.4 147.1 156.9 166.7 167.9 166.3 167.9 172 176.7 181.5 190.2 199.1 206.6 214.1 222 224.2 225.7 224.2 222.3 220.4
72.4 72.9 73.3 73.9 74.5 75.1 75.7 76.4 77.4 78.7 79.8 80.7 82.7 84.3 85.6 85.9 84.9 85.5 86.9 88.3 89.8 91.3 93.7 96.4 98.4 100.4 102.4 107 113.3 118.1 122.7 127.4 131.2 134.4 137.5 139.6 145.1 152.6 160.6 167.2 161.4 155.2 152.6 159.5 163.5 155 143.6 128.9 119.5 123.5 129.1 134.5 129.8 121.3 117.9 116.8 122.5 123 128.2 139.3 150.5 161.4 164.3 158.5 158.5 165.7 171.3 178.7 187 195.8 206.4 214.6 221.4 224.5 223.5 221.8 220.2 218.5
73 73.6 74.1 74.6 75.2 75.8 76.8 77.2 77.9 79 80.1 80.9 82.8 84.3 86.6 87.2 86.7 87.4 88.1 89.6 91.1 93.2 96.4 100.2 102.2 104.1 107.2 109.6 115.9 122.1 127.1 131.9 135.3 139.3 145.7 152.5 158.8 165.9 170.2 172.8 170.2 165.1 164.4 170 167 154 138.4 124.1 122.9 131.9 136.8 141.2 135 126.4 120.8 121.2 119.6 118.7 121 129.1 141.9 153.1 151.2 146.3 155.4 166.2 174.8 183.1 190.3 196.1 206.1 215.4 219.2 222.8 221.2 219.5 217.9 212.4
73.7 74.3 74.8 75.3 75.9 76.7 77.5 78.2 78.9 79.4 80.3 81.1 82.4 83.9 85.5 86.6 87.4 88.6 89.5 90.9 92.9 95.5 99.2 103.3 105.8 108.2 112.1 114.3 118.4 125 130.8 135.9 142.9 150.2 158.3 164.6 169.2 173.4 174.9 175.8 175.3 175.3 175.8 175.7 166.3 147.2 131.6 126 132.3 139.8 144.5 147.5 140.4 130 123.1 128.6 131.1 129.9 124 121.5 133.2 141.3 141.1 147.5 163.4 172.7 179.7 187.6 192.5 198.1 208.1 218.5 221.1 220.2 219 217.2 214.3 209.1
74.4 75 75.5 76.1 76.7 77.2 77.9 78.8 79.8 80.7 81.3 82.2 82.3 84.1 85.1 86.4 88.1 89.6 91.4 93 95.3 98.1 102.1 106.2 109.5 113.6 116.8 119.2 122.5 127.9 134.2 144 156.8 165 171.2 173.2 176.7 178.3 177.4 178 178.4 177.8 176.7 177 162 142.3 131.8 132.8 140.6 148.4 152.7 155 146.3 134 131.6 140.3 142 142.1 138.1 126.4 128.2 137.6 145 154.9 171.4 178.7 185.7 191.7 198 204.1 212 221.1 220.2 219.2 217 215 211.5 205.8
75.5 76.1 76.7 77.4 78.2 78.6 79.1 79.6 80.9 81.9 82.6 83.2 83.7 84.7 86 87.6 89.4 91.3 93.4 95.3 97.9 100.8 104.9 109 114.4 119 121.9 124.2 127.1 131.7 136.7 148.5 163.7 175.4 179.4 181.5 182.9 183.9 183.4 182.5 181.3 179.7 178.7 174.5 156 137.7 133.7 144 153.7 161.2 160.9 158.4 149.8 137.2 139.3 147.7 151 152.5 150 139.2 134.6 147 154 163.5 173.5 183 188.9 195.4 201.2 211.8 218.6 222.1 219.3 217.1 214.8 211 207 202.4
76.6 77.3 77.9 78.7 79.5 80.1 80.4 81 82 82.9 83.8 84.5 85 85.9 87.3 89.1 90.9 92.8 95.1 97.7 100.5 103.5 108.3 113.7 119.1 124.3 126.9 129.2 131.4 135.4 139.4 145.8 161.8 175.3 180.9 182.1 185.3 188.6 188.7 186 183.4 181.4 179.6 169.8 150.4 138.4 142.5 155.5 165.1 165.6 163.2 162 152.3 140.9 144.9 152.4 159.1 158.5 151.6 141.4 142.7 146 155.4 163.2 171.5 180.9 188.9 195.7 203.1 213.7 220.8 220 217.1 214.7 211.5 206.5 201.5 197.7
77.7 78.4 79.2 80 80.8 81.7 81.9 82.4 83.1 83.9 84.8 85.6 86.4 87.2 88.9 90.6 92.3 94.1 96.3 99.1 102.2 107.1 112.9 118.4 123.8 129.3 131.5 134 136.2 138.6 143.8 150.4 157.1 168.4 176.7 182.7 186 189.8 191.4 188 183.4 177.9 177.8 164.8 148.4 143 150.6 166 169.6 169.4 165.6 163.1 156 144.9 150.5 157 161.6 159.1 150.4 152.6 154.3 157.1 161.5 163.3 169.9 178.8 187.2 194.5 202.3 211.3 216.6 217.6 215 212.1 206.6 201.5 196.9 193.2
78.7 79.7 80.5 81.3 82.1 82.9 83.7 84 84.5 85.3 86 86.8 87.5 88.6 90.3 92 93.8 95.5 97.8 101.1 105.7 110.7 116 121.9 127.8 134.1 139 140.3 141.9 145.2 150.4 156.8 163.6 169.4 176.4 184.5 188.7 191.5 194.5 189.7 182.7 176.3 170.8 159.2 149.3 150.7 156.5 165.7 171.2 174.1 172.4 169.2 159.7 153.4 158.8 164.1 164.6 164.8 164.1 164.2 165.9 167.5 167.1 167 170.5 178.5 187 193.6 199.4 207 213.8 213.9 212.2 207.2 201.8 196.4 192.4 188.5
79.6 80.7 81.2 81.9 82.7 83.8 84.9 85.6 86 86.6 87.4 88.1 88.9 90.9 92.5 94.2 96 97.9 101.7 105.2 111 116.4 120.7 124.9 132 140.2 145.6 146.5 149.5 153 157.5 163.3 170 175.2 181.2 187.7 191.9 195.7 196 190.4 183.9 176.2 168.9 162.9 158.2 159 163.1 169 174.8 178.5 181.1 176.9 163.5 163.8 167.1 167.9 169.8 172.2 171.4 171.8 173.1 174.4 171.9 171.1 174.6 181.6 186.6 192 197.8 203.6 211.7 211.1 207.5 202.3 197.1 191.9 188.1 183.8
80.5 81.7 82.4 82.6 83.4 84.5 85.5 86.6 87.6 88.1 88.7 89.5 90.8 93.1 95.4 96.7 98.2 101.8 105.5 110.2 116 121.6 127 132 138.7 145.3 150.4 154 157.4 160.8 164.9 170.3 175.7 180.9 186.1 191.4 195.8 200.6 198.3 191.4 185.1 177.6 171.2 169.3 166.3 167.2 170 174.9 179.8 185.1 187.5 178.9 170.2 171.5 171.2 175.6 179.8 181.3 181.5 179.6 179.9 181.2 179.9 178.9 180.2 186.6 190.7 194.9 198.9 202.8 207.8 207.8 202.8 197.8 192.6 187.8 184.5 177.9
81.7 82.8 83.2 83.3 84.1 85.1 86.2 87.2 88.3 89.3 90.2 90.9 93 95.3 97.6 99.8 101.7 105.7 109.4 115.2 121 126.7 132.2 137 141.9 148.3 155.4 162.4 165.6 168.2 171.9 177.1 182.2 187.3 192 196 199.5 203.1 200.5 194.2 188 182.7 178.2 176.9 175.7 175.3 177.3 181.9 185.3 188.8 187.6 180.5 176.6 176.8 176.6 180.7 186.5 188.1 188.9 188.3 188.6 188.3 187.4 187.2 187.4 191 194.7 198.9 203.1 207.2 209.7 203.4 197.9 193 188 183.7 179.7 175.6
82.6 83 83.6 84 84.8 85.8 86.9 87.9 89 90 91.1 92.7 95 97.3 99.6 101.9 105.4 109.7 114.4 120.2 126 131.7 140.3 145.2 149.1 152.4 159.9 168.5 172.7 175.3 178.9 183.8 188.9 193.4 197.7 202 205.6 208.4 205 198.7 192.4 188.9 186.2 184.5 183.2 184.1 185.5 187.6 191.3 194.2 192.7 187.3 183 180 180 186 192.1 194.8 195.8 196.5 196 195.2 194.5 195 195.5 196.5 198.8 203 207.3 211.6 206.9 200.8 194 187.7 182.9 178.7 173.1 171.7
82.6 83.2 83.5 84.8 85.5 86.5 87.6 88.6 89.7 90.9 92.2 94.1 96.4 98.7 101.1 104.5 107.6 111.8 117.3 125.3 132 138.7 148.2 155.2 158.5 160.3 165.7 174 179.1 182.5 186.2 190.5 194.8 199.1 203.4 207.7 211.7 211.8 209.7 203.5 199.8 196.4 193.9 192 191.5 192.9 193.5 194.7 197.3 200.1 198.7 193.5 188.6 186.4 186.8 192.3 198 199.9 201.7 203.5 202.7 202.3 202.3 203.2 203.7 204.8 206.6 208.6 212.4 210.5 204.9 198.3 191.7 184.7 178.3 174 170.5 167.5
82.7 83.2 83.6 85.5 86.1 87.2 88.2 89.5 90.8 92.1 93.4 95.5 97.8 100.5 103.9 107.2 110.3 114.2 120.3 128 137.2 146 155.3 163.9 163.9 168.2 172.5 179.4 184.5 190.1 194.5 198.3 201.2 205.4 209.6 213.8 219.1 221.1 215.5 210.2 207.3 203.9 201.5 199 197.9 199.2 201.4 202.4 204.3 204.8 202.6 198 194.3 192.1 194.2 198.7 203.1 205 207.9 208.9 210.1 210.2 210.3 211.2 211.9 213.2 215 215.8 213.3 210.3 203.8 196.8 190.4 184.4 178.6 174 170 164.8
82.8 83.3 83.8 85.4 86.8 88.1 89.4 90.7 91.9 93.2 94.5 96.9 99.5 102.6 105.7 108.8 110.7 115.9 122.6 132.9 141.2 149.5 157.3 164.6 170.4 176.4 180.6 185.1 190.9 196.7 202 205.8 208.6 211.8 216 220.4 227.1 229 220.2 215.9 214.3 211.2 209.2 205.8 204.3 205.1 208 210.2 213.7 213.5 210.7 205.7 202 200.4 201.6 205 208.4 211.9 213.3 214.9 216.6 217.7 218.2 218.9 220.1 219.7 217.4 214.7 212.3 208.9 204.6 198.3 192.3 186.3 179.8 173.5 167.9 164.9
82.9 85.6 87.6 86.8 87.7 89 90.3 91.6 92.9 94.2 95.9 98.4 100.9 103.3 105.8 108.7 111.4 116.7 124.2 134.4 144.7 153.4 159.2 166.3 173.9 180.8 188 191.5 197.2 203.1 208.9 212.9 216.1 218.6 222.5 227.8 234.6 232.9 225.8 222.4 221.3 220.5 218.8 214.6 212.7 212.5 214.4 218 219.9 220 219.5 212.7 210.7 212 212.9 213 215.3 217.8 219.5 221.1 222.7 224.4 224.7 222.7 220.4 218 215.7 213.8 211.3 207.8 204.7 200.2 194.2 188.2 181.7 174.7 167.8 164
84.1 86.1 87.6 87.6 88.7 89.8 91 92.3 93.6 95 97.3 99.9 102.5 105 107.4 110.7 115 119.7 126 134.3 145.6 157.1 161.7 170.3 176.9 184 191.6 198.7 203.4 209.3 214.4 221.3 227.3 228.9 231.6 236.2 237.8 238 231.7 229 229.3 229.6 228.4 225.3 222.9 220.6 222.1 225.5 224.9 224.4 221.8 219.9 219.9 220.7 221.3 221.8 221.7 222.7 224.8 226.9 227 225.4 222.9 220.9 218.6 216.3 214 212.2 208.2 205.6 203.3 201 195.9 189.7 181.9 174.6 167.8 162.5
85.8 86.7 87.9 88.5 89.6 90.8 91.9 93.1 94.4 96 98.6 101.3 103.9 106.6 109.1 112.9 117.5 122.8 128.9 134.6 149.2 160.9 166.6 175.1 181.7 188.5 195.7 203.2 209.7 214.8 219.3 226.6 233.9 235.6 237.5 238.8 239 238.7 234.1 235 236.3 235.6 232.6 231.8 231 227.7 229.8 230.9 229.2 225.8 221.9 223.6 224.3 224.8 225.2 224.8 225.4 225.8 227.8 227 226 224.4 221.3 219 216.8 214.5 210.2 207.1 202.9 199.3 197.3 195.1 194.3 187.8 181 174.4 166.8 162.3
86.7 87.9 87.3 89.5 90.6 91.7 92.9 94 95.2 97.3 99.9 102.5 105.1 107.7 110.4 114.9 119.8 125.6 131.1 136.7 150.1 162.4 170.4 179.3 186.6 193.7 200.8 207.9 215.9 220.1 224.5 231.6 237.3 238.6 240.2 240.7 240.3 239.3 239.5 240.1 239.2 240.1 236.2 235.4 234.6 233 232.8 233.4 230.6 227.4 230.3 228 227.2 228.7 228.3 228 228.3 228.9 230 227 224.8 223.4 220.3 217.1 214.9 212.6 206.1 201.1 196.1 193 191 188.6 186.7 182.8 177.2 171.4 165 163.9
86.8 88.4 89.9 88.5 91.8 92.9 94 94.9 96.4 98.3 100.6 103.2 105.8 108.5 111.9 116.6 122.8 131.2 137.3 142.9 151.5 164 173.4 182.7 190.1 198.1 205.2 212.7 221.6 228.8 232.2 236 239.5 241.4 242.9 242.5 241.7 242.5 243.9 243.9 242.7 241.6 239.9 239.1 238.3 236.9 235.6 234.6 233.4 233.3 236.3 234.5 231.5 231.2 230.8 231.1 230.7 232 229.5 226.9 224.1 222.4 219.3 216.1 213.1 208.8 202.2 196.4 190.6 186.6 184.2 181.3 179.5 177 172.7 166.9 162.7 161.7
87.4 88.5 89.6 90.7 92.7 93.8 94.7 96 97.8 99.7 101.6 103.9 106.6 109.7 113.5 118.2 126.3 134.2 143.4 149.4 155.7 166.4 175.8 185.3 194.7 203.1 210 217 226.3 233.6 237 239.6 241.8 244.4 245.1 244 245 246 245.9 244.6 245 245.4 243.7 242.5 241.8 241 239.2 236.5 237.8 239.5 240.5 237.9 234.4 233.9 233.1 232.9 233.4 231.6 229 226.4 223.9 221.4 218.3 215.2 212 206.2 198.9 193 187.4 182 177.3 174.5 173 171.5 168.2 163.6 161.6 158.8
88.4 89.5 90.6 92.3 92.1 94.5 95.8 97.3 99.2 101.1 103 104.8 107.8 110.9 115.2 120.5 129.3 137.1 146.9 154.8 159.4 168.1 176.7 185.2 195.6 205.8 214.9 221.9 230.5 237.6 240 242.3 244.5 246.2 246.8 247.9 249 250.1 250.2 249 248.9 249.2 247.6 245.9 243.2 245 242.7 241.6 242.9 244.4 243.7 240.8 237.4 236.7 235.8 235 233.4 230.9 228.4 225.8 223.3 220.6 217.3 214.3 211.1 206 199.2 191.7 184.7 178.3 171.9 171.2 169.3 166.3 163.8 161.4 158.5 155.8
89.3 90.4 92 93.9 95.6 94.2 97 98.7 100.6 102.2 103.9 105.6 108.5 112.1 116.7 121.4 126.3 136.9 153.7 168 176.2 175.4 179.1 186.1 196.3 206.7 216 225.1 235.1 241 243.5 245.6 247.9 249.5 251.2 252.2 253.1 254.2 254.3 253.4 253 252.3 251.1 250 247.3 247.9 246.8 246.7 246.7 245.7 243.8 241.8 239.9 238.4 236.9 235.1 232.6 230.2 227.7 225.2 222.6 219.7 216.3 213 210 206 199.4 192.5 184.8 177.1 169.8 167.6 165.3 163 160.8 160.2 156.5 155.1
90.6 91.6 93.4 95.1 96.9 97.1 98.1 99.7 101.4 103 104.6 106.6 109.2 113.5 117.3 123.3 127.4 131.9 136.8 149.5 170.7 180.5 182.9 188.5 196.1 205.4 213.9 222.4 233.9 244.4 247.1 249.2 251.3 253.3 255.3 257 257.9 258 258.8 256.4 256.1 254.4 253.1 252 250.9 249.8 248.7 247.9 247.7 246 244.3 242.3 240.4 239 237.3 234.7 232 229.5 227 224.5 222 218.9 215.6 211.8 208.6 203.2 196.6 190.4 183.5 176.6 169.7 164.3 162.1 159.9 159.4 159.4 156.6 157.5
91.5 92.3 94.1 95.8 97.6 99.9 95.9 100.5 102.1 103.8 105.4 107.5 110 113.7 118.4 125.3 131.4 136.1 142.4 147.2 155.6 165.5 175.6 184.5 193.4 201.9 210.1 219.4 230.9 242.9 250.3 252 253.6 256.1 258.3 260.6 260.8 260.7 260.4 259.6 258.5 256.5 255 254 252.3 251.4 249.9 248.9 248.5 246.4 244.4 242.8 240.9 239.6 237.1 234.4 231.8 229.1 226.5 223.8 221.1 218 214.8 211.1 206.9 198.9 192.7 186.8 180.3 173.4 166.5 162.6 159.3 160 161 161 158.2 158.6
