data/SP14.asc
ncols 200
nrows 200
xllcorner 410000
yllcorner 240000
cellsize 50
[rows 152 to 189 of 200, columns 0 to 84 of 200]
54.5 52.9 52.2 52.9 52.8 52.8 52.9 52.8 52.8 52.8 52.9 53.3 53.6 53.4 52.6 53 53.4 53.8 54.1 54.4 54.3 54.3 54.1 54.3 55.3 54.8 54.1 54 54 56.1 54.7 54.8 55.3 55.5 55.7 55.9 55.7 55.8 56.1 56.4 56.4 55.9 55.4 56.1 57 58.3 59.4 60 60.6 61.2 61.4 61.7 61.5 61.3 61.2 60.8 61 61.7 62.4 62.7 62.7 62.7 62.8 63.4 64.1 64.7 65.4 64.1 64.6 65.8 65.6 65.8 66.1 66.6 67.1 67.6 67.7 67.8 67.9 68.3 69 69.6 68.9 70.1 72.5
52.5 52.9 52.9 52.7 52.8 52.8 52.8 52.8 52.8 52.6 52.7 53 53.5 54.5 52.8 52.8 53.2 54.6 54.6 54.6 54.5 54.4 54.1 55.6 56.1 55.9 56.1 54.5 55.4 55.3 55.4 55.4 55.4 55.8 56 56.2 56 55.9 56.2 56.5 56.5 56 55.7 56.3 57.3 58.4 59.9 60.5 61.1 61.5 61.7 62 62 61.8 61.9 61.8 61.6 62.1 62.8 63.3 63.3 63.3 63.6 63.6 63.9 65 65.9 65.1 64.4 66.1 66.3 66.5 66.7 67.2 67.6 68.1 68.4 68.5 68.6 68.9 69.3 71.7 71 71.2 73
52.5 52.9 52.7 52.7 52.7 52.7 52.8 52.8 52.6 52.4 52.5 52.7 52.8 54.3 56.1 53.6 55.1 55.1 55.1 55.2 56.1 55 54 56 55.7 55.4 55.6 55.5 55.6 55.8 56 56.1 56.1 56.1 56.3 56.5 56.3 55.9 56.2 56.7 56.5 56.1 56 56.6 57.6 58.6 60.4 61 61.5 61.8 62.1 62.4 62.6 62.4 62.5 62.6 62.3 62.7 63.3 63.9 63.9 63.8 64.4 64.5 64.5 66.4 65.6 65.6 65.6 65.9 66.9 67.1 67.4 67.7 68.2 68.6 69.1 69.2 69.3 69.5 69.8 72.8 73.1 73 73.4
53 52.6 52.6 52.7 52.7 52.7 52.7 52.6 52.4 52.2 52.2 52.3 52.6 53 55 54.9 55.7 55.6 55.6 56.1 56 55.9 55 55.4 55.7 56.1 56.2 56.1 56.2 56.4 56.6 56.8 56.8 56.8 56.8 56.8 56.6 56.2 56.4 56.9 56.5 56.1 56.2 57 58 58.9 60.5 61.4 61.8 62.1 62.5 62.8 63.1 62.9 63 63.1 63.3 63.3 63.9 64.5 64.5 64.4 65 65.3 65.2 66.4 66.6 66.5 66.7 66.9 67.3 67.7 68 68.3 68.7 69.2 69.4 71.1 68.9 70.2 71 72.9 73.5 74.1 74.2
52.8 52.6 52.6 52.7 52.7 52.7 52.7 52.4 52.2 52 52.3 52.5 52.8 53 54.8 55.7 56.1 56.3 56.6 56.8 57 56.4 55.8 56.1 56.5 56.8 56.7 56.7 56.8 57 57.2 57.3 57.5 57.5 57.5 57.5 56.5 55.8 55.9 57 57 56.9 56.7 57.4 58.5 59.5 61.2 61.7 62.3 62.5 62.8 63.1 63.5 63.4 63.6 63.7 63.8 63.9 64.3 64.5 65.4 65.2 65.5 66 66 66.2 67.7 67.1 67.6 67.8 67.9 68.4 68.7 69 69.3 69.6 70.3 72.3 70.7 71 72 73.1 73.9 74.5 74
52.8 52.7 52.6 52.6 52.7 52.7 52.5 52.3 52.1 52.1 52.3 52.7 53 53.2 54.7 55.5 56.2 57.1 57.4 57.9 57.9 57.2 56.6 56.8 57.2 57.4 57.3 57.4 57.4 57.6 57.7 57.9 58.1 58.3 58.2 57.8 56.6 56.3 55.6 57 58 57.6 57.5 58.1 59.1 60.3 61.5 61.9 62.4 63.2 63.6 63.5 63.8 64 64.1 64.2 64.4 64.7 65 65.4 65.9 66.2 66.1 66.6 66.7 66.7 68.5 68.1 68 68.8 68.9 68.9 69.3 69.9 69.9 71.7 72.4 72.8 73 72.1 73.1 74.1 74.6 75.1 75.9
53 52.8 52.7 52.6 52.7 52.5 52.4 52.2 52.1 52.1 52.3 52.7 53.2 53.5 54.5 55.2 55.9 57.4 58.1 58.6 58.6 58 57.4 57.5 57.9 58 57.9 58 58 58.1 58.3 58.5 58.7 58.9 58.9 58.1 57.4 57.7 58.1 59.3 58.9 58.2 58.3 58.7 59.7 60.8 61.6 62.2 62.7 63.2 64 64.9 64.8 64.6 64.8 65 65.3 65.6 65.8 66.2 66.7 67.4 67 67.2 67.4 67.4 68.6 69.1 68.6 69.2 70.9 72.5 70.4 72.3 70.9 72.9 72.8 73 73.5 73 74 75 75.8 76.7 77.4
53 53.5 53 52.6 52.6 52.5 52.4 52.2 52.1 52.2 52.3 52.7 53.2 53.7 54.5 54.5 55.6 57.1 58.6 59.2 59.3 58.7 58.2 58.3 58.6 58.7 58.6 58.6 58.6 58.7 58.9 59.1 59.2 59.4 59.8 59.4 58.3 59.7 60.2 59.7 59.9 58.9 58.9 59.1 60.1 61 61.7 62.3 62.9 63.4 63.9 64.9 65.9 65.4 65.6 65.9 66.2 66.4 66.7 66.9 67.5 68.2 68.5 67.9 68.1 68.1 68.8 70.1 69.6 70 71.3 72.9 71.5 72.5 72.9 72.1 72.8 73.3 73.8 74.3 74.9 75.9 76.6 77.2 78.1
53 53.4 53.9 53.3 52.4 52.5 52.4 52.2 52.2 52.3 52.4 52.7 53.2 54 53.9 54.2 55.4 56.8 58.3 59.8 60 59.5 59 59.1 59.3 59.3 59.2 59.2 59.2 59.3 59.5 59.5 59.6 60 60.5 60.3 60.3 58.9 59.2 60 60.2 60.4 60.4 60 60.4 61.4 62 62.5 63 63.5 64.1 64.8 65.3 65.9 66.2 66.5 66.8 67.1 67.3 67.6 68.3 69 69.8 69.3 68.8 68.9 68.9 69.8 70.5 70.9 71.8 73.2 72.4 72.9 73.3 73.5 73.7 74 74.3 74.6 75.9 76.4 76.9 77.6 78.6
52.9 53.5 53.9 53.9 52.5 52.1 52.2 52.2 52.2 52.4 52.5 52.8 54 54.7 54.4 54.4 56.2 57.4 58.6 59.8 60.7 60.3 59.6 60 59.2 59.8 60.1 59.8 59.5 59.9 58.9 60.4 61.1 61.1 61.1 61 61 61 61 60.7 60.6 60.8 61.2 61.3 60.9 61.8 62.5 63 63.5 64 64.5 65.2 65.5 66 66.7 67 67.3 67.6 67.9 68.2 68.7 69.7 70.5 71.1 71.1 69.8 69.6 70.5 71.1 71.7 72.4 73 73.1 73.4 73.7 73.9 73.9 74.1 74.4 74.9 76 76.8 77.4 78.1 79.1
53.1 53.5 53.9 54.2 53.5 52.9 52.2 52.3 52.3 52.5 52.6 53.4 54.8 55.4 55.6 56.1 56.8 57.9 58.9 59.9 60.9 61.2 61.5 61 59.8 60.5 60.2 59.5 59.9 60.5 60.6 61.4 61.6 61.6 61.6 61.6 61.5 61.5 61.4 61.3 61.1 61.3 61.7 62 62.1 62.3 62.9 63.4 63.9 64.4 64.8 65.8 66.7 66.8 66.8 67.4 67.8 68.1 68.4 68.9 69.1 70.4 70.9 72.1 72.3 70.8 70.3 71.1 71.7 72.3 72.9 73.9 73.9 74.4 74.2 74.3 74.3 74.3 74.6 75.4 76.3 77.2 77.9 78.6 79.6
53.4 53.7 54.1 54.4 54.6 53.5 52.7 52.5 52.5 52.5 52.6 54 54.4 55.2 55.9 56.4 57 57.6 58.2 59.1 60.1 61 61.8 61.1 61.2 61.4 60.6 60.3 60.7 61.1 61.6 61.9 62.1 62.2 62.2 62.1 62 61.9 62 61.8 61.7 61.7 62.1 62.4 62.7 62.9 63.4 63.9 64.4 64.4 65.4 66.3 67.3 67.9 68 68 68.2 68.7 68.9 69.5 69.2 70.2 71.5 72.8 72.9 71.6 71 71 71.1 71.2 73 74.5 75.1 75.5 75.2 75 75 75.1 75.7 76.3 77.2 78.3 78.8 79.3 80.5
53.7 54 54.3 54.6 55.1 54.2 53.2 52.9 53.7 54.7 55.1 54.8 54.8 55.6 56.2 56.8 57.3 57.9 58.5 59.2 59.8 61.1 61.7 61.9 62.1 62.2 61.7 61.4 61.6 62.1 62.3 62.4 62.5 62.7 62.7 62.6 62.5 62.3 62.9 62.4 62.2 62.1 62.5 62.8 63.1 63.4 63.9 64.3 64.5 64.9 65.9 66.9 67.9 68.8 69.1 69.2 69.2 69.3 69.7 70.4 70.7 71.1 72.1 73.5 73.5 72.5 71.8 71.1 71.2 71.3 72.8 75.3 76.4 76.6 76.7 76.6 76.5 76.5 76.6 77.2 78.2 79.3 79.9 80.8 82
54 54.2 54.6 55.2 55.8 56.1 56 55.5 55.7 55.9 55.6 55 55.2 55.9 56.5 57.1 57.6 58.2 58.8 59.5 59.7 60.2 61.3 61.9 62.4 62.9 62.7 62.5 62.6 62.7 62.9 63 63.1 63.2 63.2 63 62.9 62.7 63.7 63 62.8 62.7 63 63.2 63.5 63.7 64.4 64.9 64.4 65.5 66.5 67.5 68.4 69.4 70.2 70.3 70.4 70.4 70.7 71.1 71.4 71.8 72.8 74.2 74.1 73.2 73 71.9 71.6 72.9 75.2 76.2 77.4 78.1 78.4 78.5 77.9 78 78.4 78.4 78.8 80.3 81.3 82.5 83.6
53.8 54.1 54.5 55.5 56.1 55.7 56 55.8 56 56 56 55.4 55.7 56.2 56.8 57.4 58 58.5 59.1 59.6 59.7 59.1 61.4 62 62.6 63.1 63.2 63 63.1 63.2 63.3 63.4 63.6 63.7 63.8 63.5 63.3 63.1 64.1 63.7 63.4 63.2 63.4 63.7 63.8 64 64.8 65.2 65.4 66 66.5 67.9 69 70 70.9 71.5 71.5 71.5 71.5 71.8 72.1 72.6 73.7 74.8 74.7 74.1 74.2 73.9 74.3 75.3 76.6 77.4 78.5 79 79.7 80.2 79.4 79.8 80.3 80.1 80.6 81.4 82.8 84.2 85.2
53.7 54 54.3 54.7 55.8 54.7 54.2 56.1 56.1 56.1 56 55.8 56 56.5 57.1 57.7 58.3 58.8 59.5 59.6 59.7 59.4 61.8 62.3 62.8 63.2 63.5 63.3 63.7 63.7 63.8 63.9 64 63.9 64.4 64.3 63.7 63.6 64.5 64.6 63.9 63.8 63.8 63.9 64.1 64.4 65.4 66.1 66.2 66.7 67.1 67.5 68.6 70 71.4 72.5 72.6 72.6 72.6 72.5 72.8 73.4 74.6 75.3 76 75.1 75.3 75.9 76.2 76.2 77.5 78.7 79.5 79.9 80.6 81.9 80.4 80.7 82 82.4 82.9 83.3 84.2 85.5 87.3
53.8 54.1 54.4 54.6 54.2 56.1 54.4 54.2 54.8 56.1 55.7 55.7 56.3 56.9 57.4 58 58.6 59.1 59.5 59.6 59.9 61.5 62 62.4 62.9 63.4 63.8 63.8 64.3 64.3 64.2 64.3 64.4 64 65.4 65 64.9 64.1 65 65.5 64.5 64 65.4 64.5 64.3 64.6 65.9 66.7 67 67.5 67.8 68.2 68.6 69.4 70.8 72.9 73.8 73.7 73.7 73.7 73.6 74.1 74.8 75.4 76.4 77.1 76.1 76.7 77.1 77.4 78.2 79.3 80.4 81.2 81.6 82.6 82.7 83.3 83.8 84.8 85.2 85.8 86.5 87.6 89.5
54 54.3 54.5 54.1 54 54 55.9 55.1 54.3 55.8 55.3 55.9 56.5 57.3 58 58.5 59.1 59.6 59.6 59.5 60.9 61.8 62.3 62.7 63.1 63.6 64.1 64.3 64.8 64.9 64.8 64.7 64.6 64.8 65.3 65.8 65.7 65.5 65.6 65.6 65.3 65.5 65.5 65.4 65.7 66 66.2 67.3 67.7 68.2 68.5 68.9 69.2 70.5 71 73.1 74.1 74.9 74.8 74.8 74 74.2 75 76.3 77.5 78.1 77.8 77.5 78 78.4 79.4 79.7 81.5 82.9 83.2 83.3 84.2 85.3 85.6 85.9 87.9 89.1 90.4 91.8 93.5
54.2 54.3 54.1 54 54 54 54 54.8 54 54.3 55.5 56.1 56.6 57.5 58.3 59.1 59.6 59.5 59.1 59.7 61.7 62.1 62.6 63 63.4 63.8 64.2 64.7 65.4 66.1 66.1 64.7 64.4 65.1 65.8 66.6 66.6 66 65.8 66.1 65.9 66.1 66.1 66.2 66.5 67 67.5 67.8 68.5 68.9 69.3 69.5 69.2 69.6 71.2 72.6 74 76 75.6 75.1 74.2 75.1 76.2 77.4 78.7 79.2 79.1 79.2 78.8 78.7 78.9 80.9 82.6 84.4 85.1 84.8 86.1 86 87.4 89.5 91.8 93.3 94.3 97.1 99.3
54.2 54.1 54.1 54 54 54 54 54 54.2 54.6 55.1 56.1 56.8 57.6 58.5 59.3 60.2 60.1 59.5 60.2 60.9 62.5 63 63.4 63.8 64.1 64.6 65.5 66.1 66.3 66.5 66.3 65.3 65.8 66.6 67.3 67.4 66.8 66.6 66.7 66.8 66.8 66.8 66.9 67.2 67.7 68.2 68.7 69.4 69.5 69.3 69.1 69.1 70.7 72.1 73.4 74.1 75.3 75.8 75.6 75.6 75.8 77.2 78.6 79.8 80.2 80.4 80.4 80.3 80.1 80.5 81.5 83.3 84.7 86 85.8 85.9 88.8 89.8 93.1 96.4 99.5 100.7 104.2 106.7
54.1 54.1 54.1 54 54 54 54 54 55.8 55.3 55.6 56.3 57 57.7 58.5 59.3 60.1 61.5 61.6 61.6 61.7 62.6 63.3 63.7 64.1 64.4 65.1 66.1 66.5 66.8 67 67.2 66.1 66.6 67.3 67.8 67.9 67.6 67.4 67.4 67.5 67.5 67.6 67.6 67.9 68.4 68.9 69.4 71 68.9 69.5 69.1 71 72.6 74 74.8 74.4 74 76.3 77 77.2 77.4 78 79 79.1 80.7 81.1 81.8 82 81.8 82.1 82.9 84.2 85.2 86.3 86.8 87.8 89.5 92.9 97.5 103.9 107 107 112.1 113
55.3 54 54 54 54 54 54 55.1 55.3 55.8 56.1 56.7 57.3 57.9 58.6 59.4 59.8 60.4 60.1 61.9 62 63 63.5 63.9 64.3 64.7 65.9 66.4 66.8 67.2 67.5 67.7 67.6 67.3 68.1 68.3 68.3 68.3 68.1 68.2 67.8 68.1 68.3 68.4 68.6 69.1 69.6 69.9 70.7 69.9 70.1 69.8 72.5 74.5 75.4 76.1 75.4 75.2 76.5 77.9 78.4 78.6 78.8 79.3 78.9 80.8 82.1 82.8 83.6 83.5 83.6 84.1 85.9 86.5 87.6 89.1 89.8 90.5 94.7 100.5 108.6 114.1 115.3 116.8 118.2
55.4 54 54 54 54 54 54 55.3 55.6 56 56.4 57 57.6 58.2 58.8 59.4 59.5 59 60.3 62 62.5 63.2 63.7 64.2 64.6 65.8 66.3 66.7 67.1 67.5 68 68.2 68.4 68.1 68.7 68.8 68.8 69.1 68.9 69.2 68.7 68.4 68.7 69 69.4 69.3 69.2 71.1 71.8 70.9 71 71.6 74.3 75.6 76.6 77.5 77.6 77.3 77.1 78.3 79.5 79.5 78.9 78.9 78.9 80.6 82.3 83.8 84.9 85.3 85.5 85.4 86.6 87.4 89.3 91.9 92.4 94 94.3 98.3 106.7 115.3 120.5 121.9 123.1
55.8 54.9 54 54 54.5 54 55.2 55.6 56 56.5 56.9 57.2 57.9 58.5 59.1 59 59.3 59 61 61.4 62.9 63.4 63.9 64.5 65.1 65.3 66.7 67 67.4 67.8 68.2 68.7 68.9 68.9 69.3 69.2 69.3 69.6 69.8 70.2 69.5 68.7 69 70 69.1 69.2 69.5 71.6 72.4 71.6 71.5 73.4 75.3 76.1 77.6 78.8 79.6 79.2 78.4 78.8 79.9 80.4 79.3 79.5 80.1 81.4 83.2 85.4 86 87 87.6 87.7 89 91.1 94 95.5 96.6 98 96.7 99.2 105.2 113.2 123 126.4 127.6
57 56 55.2 55.5 55.3 55.3 55.6 56.1 56.5 57 57.4 57.8 58.1 58.8 59.4 59 58.9 58.9 61.8 62.4 63 63.7 64.3 64.8 64 65.1 67 67.4 67.8 68.1 68.5 68.9 69.4 69.6 70.6 70.5 69.5 69.6 71.5 71.3 70.7 69.9 70.4 71.7 70 68.9 71.3 71.6 72.3 72.4 71.8 72 73.6 75.8 77.6 79.5 80.9 79.6 79.7 79.8 80.5 81.6 81.4 81.3 81.4 82.5 83.8 85.4 87.3 88.3 89 91 93.2 96.3 100.5 101.9 102.9 102.6 101.1 103 107.4 113.3 118.7 129.1 133.9
58.1 56.9 56.7 56.3 55.6 55.6 56.1 56.5 57 57.4 57.9 58.3 58.6 59 59.6 59 58.9 61.1 61.9 62.4 62.8 63.7 64.4 65.8 66.3 65.9 66.8 67.8 68.2 68.5 68.9 69.2 69.7 71.5 72.8 72.8 71.6 70.6 72.1 72 71.4 70.8 71.9 72 71.4 70.7 71.9 72.2 72.5 72.9 72.2 71.8 72.7 74.6 76.9 79.8 81.1 80.6 80.4 80.9 81.6 82.3 83.2 82.9 83.1 83.4 84.7 86.8 88.9 89.9 91.6 94.3 98.7 103 106.5 108.1 109.1 107.9 105.3 105.7 113.6 114.1 116.7 126.9 138.2
59.1 57.8 57.6 56.9 56.2 56 56.5 57 57.4 57.9 58.4 58.8 59.2 59.5 59.2 58.9 58.9 61.3 61.9 62.6 63.4 64.2 65.1 65.5 65.8 66.8 67.7 68.2 68.6 68.9 69.2 69.6 69.6 73.4 73.4 73.4 73 71.4 72.4 72.7 72.2 71.8 72.7 72.6 72.3 72.1 72.5 72.9 73.2 73.6 72.7 72.6 72.9 74.7 77 80.5 80.9 80.9 81.2 81.6 81.8 82.3 84.1 84.7 85.1 84.2 86.1 88.7 90.6 91.6 93.2 96.4 102.3 109.2 112.5 115.1 116.1 114.1 109.6 108.8 119.8 122.2 120.5 119.8 133.3
59.7 58.9 58.2 57.4 56.7 56.4 56.9 57.4 57.9 58.3 58.8 59.3 59.6 60.2 60.7 61.2 60.3 61.4 61.9 62.6 63.3 64.1 64.9 65.5 66.5 67.2 68 68.5 68.9 69.2 69.5 70.1 70.5 72 73.6 73.8 73.8 72.6 72.8 73.2 73 72.7 73.3 73.1 72.8 72.5 73.1 73.6 74.1 74.7 73.8 73.8 74.1 74.9 77.6 80.9 81.2 81.5 81.7 81.8 82 82.7 84.6 86 85.7 86.1 87.6 90 91.3 92.2 94.2 97.4 103.4 112 117.9 122.3 123.4 122 116.9 112.3 123.3 129 131.4 123.5 127.9
60.1 59.5 58.7 58 57.3 57.3 57.4 57.7 58.2 58.7 59.2 59.6 59.5 61.3 61.9 61.5 61 61.8 62.3 62.8 63.1 64 64.8 65.2 66.2 67.3 68.4 69.2 69.3 69.5 68.9 71.5 71.3 71.6 72.8 73.7 74.1 73.6 73.8 74 73.8 73.6 73.5 73.6 73.3 73 73.9 74.6 75.1 75.7 75 75.4 75.4 74.1 77.3 79.3 81.5 81.7 81.9 82.1 82.2 83.2 83.9 85.8 87.7 88 88.3 88.9 91 92.8 95 98 100.8 108.2 115.8 125.3 130.1 130.3 125.4 117.2 119.1 125.7 134.4 137.9 128.1
60.9 59.9 59.3 58.6 58.2 58.3 58.4 58.4 58.5 59 59.5 59.1 59.5 61.3 61.5 61.5 61.6 62.1 62.6 63.1 63.3 63.5 64.5 64.7 66 67.1 68.3 69.5 72.8 70.6 72.2 73.6 73.8 73.5 73.3 73.8 74.3 74.5 74.6 74.8 74.7 74.3 74.8 74.1 73.7 74.1 74.1 75.7 76.1 75.7 74.9 75.9 76.1 74.3 76.3 79.7 81.1 81.9 82.1 82.3 82.8 84.1 85.2 88.2 90.8 89.7 89.5 90.9 92.7 94.6 97.1 99.4 101.4 103.2 110.8 123.1 135.4 138.7 131.1 123.6 122.8 127 131.5 141.4 145.4
60.9 58.9 59.7 59.1 58.7 58.8 59 59.2 59.3 59.5 59 58.9 58.9 59.5 61.2 61.3 61.9 62.4 62.9 63.4 63.5 63.7 64 64 65.6 67.1 68.2 69.4 70.9 73.3 73.6 73.9 74 74.1 74.3 74.8 75.2 75.4 75.5 75.7 75.5 75 75.2 75.1 74 74.7 75.2 75.2 75.4 75.6 75.9 75.3 75 74.9 77.7 79.3 80.8 82.1 82.3 82.6 83.6 84.8 87.4 90.1 91.9 92.5 93.1 94.3 96.4 97.9 101.1 103.1 105.1 105.9 108.5 118.8 135.9 147.7 143.9 130.1 126 133.7 139.7 146.1 153.1
59.3 58.9 59.3 59.3 58.8 58.9 59.1 59.2 59.3 59.4 58.9 58.9 58.9 58.9 61.3 61.5 62 62.6 63.2 63.7 63.8 63.9 64.4 64.8 65.4 66.6 68 69.3 69.3 73 73.8 73.8 73.9 73.6 74 75.1 75.7 76.1 76 75.5 75.9 76.1 76.1 76.3 75.2 75.4 75.6 75.9 76.2 76.4 77.2 76.7 76.9 77.8 79.9 79.2 80.4 82 82.6 83.5 84.3 86.3 89 91.5 93.3 94.5 96.3 97.9 100.1 102.9 106.8 108.5 111.2 112.1 109.5 117.1 134.9 151.5 151.8 138.3 132.6 138.2 146.6 154.3 157.9
59 58.9 58.9 59.3 58.8 59 59.1 59.2 59.2 59.2 58.9 58.9 58.9 58.9 59.7 61.6 62.2 62.8 63.4 64 64.2 64.1 65 65.6 66.2 66.9 67.8 69.2 69.4 70.4 73.3 73.8 73.3 73.3 73.8 74.5 76.1 76.1 75.4 76.4 76.9 77.2 77.3 77.3 76.8 76.4 76.4 76.7 76.9 77.2 78.2 78.7 79.2 79.2 80.1 80.4 81.6 82.8 83.9 84.9 86.5 88.3 90.8 93.4 95.4 96.7 99 101.6 103.9 109.2 113.1 116.5 119.9 118.3 114.9 121.2 132.7 146.8 156.1 153.2 141.3 143.5 151.6 160.6 164.9
59.1 58.9 58.9 58.9 58.9 58.9 59 59 59 59 58.9 58.9 58.9 59.8 59.6 60.9 61.6 62.4 63.3 64.2 64.5 65.2 65.8 66.4 67 67.6 68.3 69.1 71.6 70.6 71.5 72.7 72.6 73.1 73.5 73.9 75.4 76 75.8 77.1 77.8 78.3 78.3 78.2 78 77.8 77.5 77.5 77.9 78.2 79.3 79.4 80.2 78.9 80.3 81.2 81.1 82.9 85.2 86.9 88.6 90.1 92.4 94.9 97.2 99.3 101.7 105 109.8 115 120 125.1 128.1 128 120.9 122.7 129.1 144.2 156.3 157 151 156.1 160.7 166.7 172.3
58.9 58.9 58.9 58.9 58.9 59 59.3 59.4 59.4 59.1 58.9 59.1 59.4 61.4 61.9 61.2 61.5 62.5 63.4 64.4 65.7 65.6 66 67.2 67.8 68.4 69.1 69.6 70.3 72.9 72.5 71.8 72.9 73.3 73.7 74.1 74.7 74.8 75.9 77.3 78.8 79.3 79.3 79.1 78.9 78.7 78.5 78.8 79.3 79.8 80 80.5 80.7 80.6 80.5 82.3 83.8 83.4 86.4 87.7 89.4 91.2 93.2 95.8 98.2 100.6 105.3 110.4 117.2 124 132.4 139.5 139.3 137.7 125 124.9 130 140.2 149.7 156.2 157.2 162.7 168.4 172.8 178.2
59.3 58.9 58.9 58.9 59.9 61.3 60.6 59.6 60.5 60.7 59.2 61.1 60.3 61.9 62.4 62.7 62.3 63 63.9 64.5 64.8 65.7 65.6 66.9 68.1 69.2 69.7 70.1 71.1 72.3 73.7 73.6 72.7 73.9 74.2 74.2 74.3 74.1 75.8 77.8 79.7 80.2 80.2 80 79.8 79.6 79.8 80.4 81.2 81.9 81.9 81.9 81.6 78.9 81.2 83.4 86 85.2 87.3 89.4 90.3 92.3 94.2 96.6 99.3 103.5 108.4 115.3 123.5 131.1 141.5 150.4 149.2 142.6 129.7 129 134.1 140.1 147.3 155.6 162.7 168.7 175.4 180.1 184.8
61.4 60.2 59.1 59.3 60.9 61.3 61.3 60.3 60.8 61.4 61 62.3 61.1 61.8 62.4 62.8 63.2 63.6 64 64.4 64 64 65.4 66.8 68.1 69.3 70.9 72 72.6 73 74.1 74.3 75.5 74.7 74.7 74.8 75.5 75.8 76.8 78.9 80.1 80.5 80.8 80.9 80.8 81 81.3 82.1 82.9 84 84.7 83.8 82.8 81.5 82.2 84.6 85.6 86 87.8 90.5 91.2 93.3 95.6 97.4 100.3 105.1 110.5 117.1 126 139.2 152.2 158.4 155.7 147.2 131.1 131.9 142.3 145.6 150.5 157.7 165.9 173.4 180.8 187.2 190.8
61.8 60.7 59.7 60.6 61.2 61.8 62 61.7 61.6 62.1 62.5 62.3 62.5 62.6 62.7 63.2 63.7 64.2 63.9 64 64 64 64 65.5 67.2 69 70.5 72.3 73.9 74.1 75.2 75.6 76.1 75.9 75.4 76.4 77.4 78.1 77.7 79.8 80.1 80.7 80.9 81.2 82.1 82.5 83 83.6 84.3 86.9 87.5 86.5 84 83.4 84.2 85.2 86.3 87 88.4 89.6 91.9 94 94.5 97 100.7 104.8 110.6 117.6 127.9 144.6 160.1 161.8 160.1 147.7 134.7 136.9 146.6 155.5 157.8 163.4 169.3 177.9 187 192.4 197.1
