data/SP34.asc
ncols 200
nrows 200
xllcorner 430000
yllcorner 240000
cellsize 50
[rows 36 to 71 of 200, columns 81 to 161 of 200]
88.1 88.1 88.1 88.6 89.3 89.7 90 90.3 90.6 90.9 90.8 90.6 90.5 90.9 91.3 91.8 92.2 92.6 93 93.5 94.2 96.2 95.6 95.1 94.7 94.6 95 95.7 96.3 97 97.6 98.2 98.9 99.5 100.2 100.7 101.3 101.7 101.8 102.1 102.4 102.1 101.7 101.6 101.6 101.7 101.9 102.3 103.3 104.3 105.4 106.7 108 109.4 110.7 112.1 113.4 114.2 113.4 117.2 118.8 120.1 121.3 122.6 124.1 125.1 126.4 127.9 129.4 130.8 133.3 139.3 144 148.6 152.8 158.9 166.6 177.3 197.5 210.5 218.7
88.4 88.4 88.5 88.9 89.4 89.7 90 90.3 90.6 90.9 90.9 90.7 90.8 91.2 91.6 92.1 92.5 92.9 93.3 93.8 94.3 96 95.3 94.8 94.3 94.4 95.1 95.7 96.4 97 97.7 98.3 98.9 99.6 100.2 100.9 101.4 101.7 102.1 102.5 103.2 103 102.7 102.7 102.7 102.8 102.9 103.2 103.9 104.9 106.5 108 109 110.2 111.5 112.8 114.2 114.3 114.1 118 119.9 121.5 122.9 124.1 125.6 126.6 127.9 129.4 130.9 132.4 134.2 138.2 143.1 148.4 154.3 160.8 171.4 184.1 204.2 215.3 217.9
88.7 88.8 88.8 89.1 89.5 89.8 90.1 90.3 90.5 90.8 90.9 90.8 91.1 91.5 91.9 92.4 92.8 93.2 93.7 94.3 94.7 96.3 95.9 95.2 94.5 94.7 95.3 95.9 96.5 97.1 97.7 98.4 99 99.6 100.3 100.9 101.5 101.9 102.5 103 103.6 104 103.9 103.8 103.9 104 104.1 104.2 104.6 105.9 107.5 109 110.5 111.4 112.6 113.9 115.2 116 116.7 118.7 120.8 122.5 124.2 125.6 126.9 128.1 129.5 131 133 135.7 136.8 139.6 143.9 148.7 155.9 163.3 175.6 190.4 207.2 217.7 217.8
89.1 89.2 89.3 89.1 89.3 89.6 89.8 90 90.2 90.6 90.9 91 91.4 91.8 92.3 92.7 93.2 93.7 94.2 94.8 95.2 96.4 96.4 95.7 95 95.1 95.7 96.3 96.9 97.5 98.1 98.7 99.4 100 100.6 101.2 102 102.7 103.3 103.9 104.5 105 105 105 105.1 105.2 105.3 105.5 105.5 107 108.5 110 111.6 113.1 113.6 113.3 111.9 116.4 118 119.5 121.7 123.3 125 126.7 128.3 129.6 131.1 133.7 136.5 139.2 139.7 141.6 144.9 151.5 158.2 167.3 180.5 194.7 209.6 217.8 217.8
90.2 90.4 90.6 90 89.3 89.3 89.5 89.7 90 90.4 90.7 91.3 91.8 92.2 92.7 93.1 93.6 94.2 94.8 95.3 95.7 96.5 97 96.3 95.6 95.6 96.1 96.7 97.3 97.9 98.5 99.2 99.8 100.4 101 101.9 102.8 103.5 104.1 104.8 105.4 105.9 106.1 106.5 106.8 107.1 107.3 107.1 106.9 107.8 109.5 111.2 112.9 114.5 114.9 114.9 116.2 118.4 119.4 120.4 122.5 124.2 125.9 127.6 129.2 131.2 133.9 136.9 139.9 142.7 144.8 147 149.1 154.5 161.6 173.7 187.3 200.9 214.1 217.7 217.7
91.4 91.6 91.7 91 90.2 89.4 89.2 89.5 89.8 90.2 90.7 91.7 92.2 92.6 93.1 93.6 94.2 94.8 95.3 95.8 96.2 96.6 97.5 96.8 96.3 96.3 96.5 97.1 97.7 98.4 99 99.6 100.2 100.8 101.7 102.6 103.5 104.3 105 105.6 106.2 106.9 107.4 108.4 109.1 108.9 108.6 108.2 108.3 109.2 110 111.8 113.8 114.6 114.5 116 118.2 119.8 120.8 121.7 123.4 125.1 126.7 128.7 130.6 133.1 136.3 138.7 140.9 144.5 148.3 150.7 153.1 159 166.8 180.9 194.1 207.3 217.3 217.3 217.2
92.6 92.8 92.6 91.9 91.1 90.4 89.6 89.2 89.7 90.1 91 92 92.6 93 93.6 94.2 94.8 95.3 95.8 96.3 96.7 97.1 98.1 97.4 96.9 96.9 96.9 97.5 98.2 98.8 99.4 100 100.7 101.6 102.5 103.4 104.3 105.1 105.8 106.4 107.1 107.7 108.4 109.1 109.9 110.2 109.9 109.3 109.7 110.5 111.4 112.3 114.1 114.2 115.5 118 119.4 120.6 121.8 122.9 124.3 126.2 128.2 130.1 132.1 135.1 138.3 141.5 143.2 146.5 150.3 155.1 158.5 167.6 176.4 188.5 201.5 214.6 216.7 216.9 216.7
93.8 94.1 93.5 92.8 92 91.3 90.5 89.8 89.6 90.2 91.2 92.2 93 93.6 94.1 94.7 95.3 95.9 96.3 96.7 97.2 97.6 98.6 97.9 97.5 97.6 97.6 98 98.6 99.2 99.8 100.6 101.5 102.4 103.2 104.1 105 106 106.6 107.2 107.9 108.5 109.1 109.8 110.4 111.1 111 110.4 111.1 111.9 112.8 113.7 114.5 114.6 116.1 118.8 121.9 121.4 122.3 124 126.3 128 129.7 131.6 133.8 137 140.9 144.8 148 149.4 155.9 162.4 166.4 175.7 188.2 199.7 211.6 216.1 216.5 216.7 216.2
95.3 95.1 94.4 93.7 92.9 92.2 91.4 90.6 89.9 90.6 91.7 92.8 93.5 94.1 94.7 95.3 95.9 96.4 96.8 97.2 97.7 98.1 99 98.5 98.2 98.2 98.2 98.4 99 99.6 100.4 101.3 102.2 103.1 104 104.9 105.8 106.8 107.4 108.1 108.7 109.2 109.7 110.3 110.9 111.6 111.7 111.6 112.4 113.3 114.2 114.8 115.4 115.1 116.7 119.2 120.9 122 123.9 125.9 128.4 130.1 131.8 133.7 136.4 141 145 148.9 152.9 156.6 162.3 168.8 175.2 189.7 201.3 210.9 215.6 216.5 216.8 216.4 215.8
96.3 95.5 95.1 94.4 93.6 92.9 92.1 91.4 91 91.4 92.4 93.4 93.8 94.7 95.3 95.9 96.4 96.9 97.3 97.7 98.2 98.6 99.1 99 98.8 98.9 98.9 98.9 99.4 100.3 101.2 102.1 103 103.9 104.8 105.7 106.6 107.6 108.3 108.8 109.3 109.8 110.4 110.9 111.4 112.1 112.1 112.8 113.6 114.5 115.5 117.6 118.2 116.4 117.5 120.6 123.9 125 125.5 128.1 130.5 132.2 134.5 136.9 140.1 143.3 148.2 153 158 163.8 170.5 179.3 191.5 203.2 214 214.9 215.7 216.9 216.7 216 215.5
96.9 95.9 95.6 95.1 94.4 93.6 92.9 92.1 92.1 92.2 93.1 93.6 94 95.2 95.8 96.4 96.9 97.3 97.8 98.2 98.6 99.1 99.5 99.6 99.5 99.5 99.5 99.4 99.9 101 101.9 102.8 103.7 104.6 105.5 106.4 107.3 108.3 108.9 109.5 110 110.5 111 111.5 112 112.5 113.3 114.3 115.1 115.5 117.7 119.9 120.1 118.8 119.3 123 126.6 128.4 129.5 131.3 133 135.4 137.8 140.9 143.8 146.6 150.2 157.4 164.2 170.6 180.6 192.4 204.5 213.8 214.4 215.2 215.9 216.8 216.3 215.6 215.1
97.5 96.3 96 95.8 95.1 94.3 93.6 93.2 93.3 93.3 93.9 93.9 94.3 95.4 96.4 97 97.4 97.8 98.3 98.7 99.1 99.6 100 100.1 100.1 100.2 99.9 99.7 99.9 101 102.2 103.3 104.3 105.2 106.1 107 107.8 108.8 109.6 110.1 110.6 111.1 111.6 112.2 112.9 114.5 115.9 116.8 117.1 117.1 118.2 120.9 121.7 120.4 123.2 124.9 128.7 132.9 136.4 136.9 135.9 138.3 141 144.1 150.7 153.8 156.5 161.1 169.6 182.1 193.8 205.6 213.4 213.9 214.4 215.1 215.9 216.5 216.1 215.1 214.7
98 96.7 96.3 96.2 95.8 95.1 94.3 94.4 94.4 94.5 94.3 94.1 94.5 95.7 96.8 97.5 97.9 98.3 98.8 99.2 99.6 100.1 100.5 100.8 100.7 100.4 100.2 100 99.9 101 102.2 103.3 104.4 105.6 106.7 107.4 108.4 109.3 110.2 110.7 111.2 111.8 112.5 113.2 114 116.3 118.4 119 119.5 119.6 119 121.2 123.3 123.8 127.4 129.3 131.2 136.7 140.4 141.8 140.3 140.8 145.6 152.4 156.7 160.6 163.6 169 180.2 195.2 206.7 212.7 213.3 213.9 214.3 215.1 215.8 215.7 215.3 214.5 213.8
98.1 97.1 96.6 96.5 96.5 95.8 95.5 95.5 95.2 94.6 94.2 94.2 94.7 95.9 97 97.7 98.2 98.6 99.1 99.5 100 100.4 100.8 101 100.9 100.7 100.5 100.2 100 101.1 102.2 103.3 104.4 105.5 106.3 106.9 108 109.5 110.8 111.4 112.1 112.9 113.6 114.3 115 118.1 120.9 121.1 121.4 121.3 119.8 121.7 124.1 128.2 132 133.9 135.1 139.3 143.7 145 145.5 145.7 152.1 158.5 162.7 167.2 172.3 180.2 194 208.5 212.5 213.3 213.7 213.8 214.4 215.1 215.1 214.9 214.4 213.1 211
98.2 97.4 96.2 96.5 96.8 96.6 96.2 95.6 95 94.4 94.2 94.2 94.9 96 97 97.6 98.2 98.8 99.3 99.7 100.2 100.6 101 100.8 100.7 100.7 100.6 100.5 100.2 101.1 102.2 103.2 104.2 105.2 105.8 106.4 107.2 108.9 110.7 112 113.2 113.9 114.7 115.4 116.7 119.8 121.3 122.2 122.5 122.7 120.8 121.6 127.9 133.3 136.8 142.8 144.1 143.8 146.8 147.8 148.7 151 159.2 164.4 169.4 178.7 188.6 197.6 211.2 212.2 213.2 213.9 214.7 214.7 214.7 214.7 214.4 214.2 213.6 211.1 207.3
98.4 98 97.2 97.1 97.1 96.4 96 95.4 94.8 94.3 94.1 94.3 95.1 96.2 97 97.6 98.1 98.7 99.3 99.9 100.4 100.8 100.9 100.6 100.5 100.5 100.4 100.4 100.7 101.2 102.2 103.2 104.2 105.2 105.8 106.3 107.4 108.9 110.7 112 113.1 114.6 115.8 116.5 118.5 120 121.5 122.6 123.4 123.9 123.4 125.1 129.7 136.7 142 146.3 147.8 149.1 151.1 152 156 159.3 165.8 170.7 178.7 192.1 204.3 211.7 213.5 213.2 213.9 214.6 215.3 215.7 214.9 213.1 211.6 211.7 211.5 209.7 206.6
98.1 97.7 97.7 97.5 96.5 96 95.8 95.3 94.7 94.2 94.2 94.5 95.3 96.3 96.9 97.5 98.1 98.7 99.3 99.9 100.4 101 100.7 100.4 100.5 100.9 101.4 101.8 102 102.2 102.8 103.7 104.8 105.3 105.8 106.9 108 109.1 110.7 112.1 113.1 114.1 115.7 117.1 118.8 120.2 121.7 123 123.8 124.8 127.2 129.6 133.3 136.7 141.8 147.3 150.2 154.5 158.5 161.9 165 166.5 170.7 176.2 189.4 205.4 212 213.1 213.4 213.1 215.3 215.6 215.9 215.8 213.2 210.5 203.2 204.3 206.8 208 206.5
97.8 98.1 98.5 97.6 96.6 95.6 95.5 95.1 94.5 94.1 94.3 94.6 95.4 96.3 96.9 97.5 98 98.6 99.2 99.8 100.5 101 100.5 101.6 102.1 102.5 102.9 103.4 102.8 103.3 103.9 104.5 105.1 105.6 106.3 107.5 108.6 109.7 110.8 112.2 113.2 114.8 114.7 116.2 118 120.2 121.9 123.3 124.2 127.2 130.4 135.2 137.9 140.1 144 149.9 155.6 161 166.3 171.8 174.3 175.7 178.9 188.5 202 212.6 213.3 213.7 212.7 212.9 215.3 216.1 215.2 214.5 212.7 210.1 201.8 195.4 197.1 197.9 203.7
98.4 98.7 99 98.2 97.2 96.1 95.1 94.9 94.3 94.2 94.5 94.8 95.6 96.2 96.8 97.4 98 98.7 99.4 100.1 100.8 100.7 101.3 102.5 103.6 104.1 104.5 104.9 103.8 104.4 105.1 105.7 106.2 106.5 107 107.6 108.8 110 111.1 113 114.7 116.3 116 118.1 119.8 121 122.2 123.5 125.9 128.7 134 139.8 141.9 143.6 145.9 153 160.4 166 171 180.2 190.7 193 198.1 203.6 213.6 213.8 214.1 214.5 215.4 211.6 216.2 214.8 214.2 213.4 212.4 210.3 202.4 192.3 188.2 186.8 194.5
99.1 99.1 99.4 98.7 97.7 96.7 95.7 94.7 94.2 94.3 94.6 94.9 95.6 96.2 96.8 97.5 98.2 98.9 99.6 100.3 101 100.9 102.1 103.3 104.5 105.6 106 106.3 104.9 105.5 106.2 106.7 107.1 107.5 107.9 108.5 109 110.1 111.9 114.4 116.2 117.5 118.4 120.1 121.8 123.2 124.5 125.9 129 128.5 134.9 140.8 142.8 146.1 148.2 151.9 164.9 173.9 183.5 195.3 207.2 209.5 211.2 214.3 214.3 214.4 214.9 215.3 215.9 216.2 214.2 213.6 212.9 212.3 211.6 209.8 204.9 198.7 189.2 183.8 184.8
100.4 100.4 100 99.2 98.2 97.2 96.2 95.1 94.2 94.9 95.1 95.2 95.6 96.4 97.1 97.8 98.5 99.2 99.9 100.6 100.8 101.8 102.9 104.1 105.3 106.5 107.6 107.1 106 106.6 107.5 107.8 108.1 108.4 108.8 109.4 109.9 110.6 113.1 115.5 117.7 118.6 120.3 122 123.7 125.4 126.7 128.9 132.4 134 134 140 141.8 145.1 149.6 157.2 165 176.2 193.7 207 212.3 213.4 215 213.9 212.9 214.9 215.3 216 216.5 214.9 213.5 213.2 212.5 211.9 211.2 210.9 208.5 204.5 193.9 184.9 179.2
101.4 101 100.5 99.6 98.5 97.4 96.3 95.2 94.2 95.3 96.5 97.3 96.2 96.7 97.3 98 98.8 99.5 100.2 100.9 101.4 102.6 103.8 104.9 106.1 107.2 108.3 108.4 107.2 108.1 108.4 108.9 109.1 109.4 109.8 110.3 110.3 111.8 114.2 116.7 119.2 120.5 122.2 123.9 125.6 127.3 129 131 133.7 137.5 138 142.1 143.5 147.8 152.4 157.5 166 178.7 196.5 208.3 213.4 215.4 215 213.7 212.2 213.4 215.5 216.2 215.6 213.9 212.8 212.6 212.1 211.4 210.9 210.8 209.1 205.7 199.8 191.2 184.5
102.1 101.7 101 100.1 99 97.8 96.5 95.3 94.2 96.1 97.3 97.7 98 97.3 97.9 98.5 99.1 99.7 100.4 101 102.2 103.4 104.4 105.5 106.5 107.6 108.6 109.2 108.3 109.2 109.1 109.1 109.7 110.3 110.7 110.5 111.4 113 115.3 117.8 120.3 122.3 124 125.7 127.3 129 132.3 133.3 135.5 139.5 142.6 145.5 150.8 155.8 160.1 163.4 171.5 188.7 200.9 210.9 215.2 213.8 213.6 212.8 211.9 212 214 215.8 214.4 212.9 212.2 212 211.6 211 210.7 210.9 209.8 207.4 203.3 199.4 193
102.7 102 101.2 100.3 99 97.8 96.5 95.3 94.2 96.4 97.8 98 98.4 98.7 98.4 99.1 99.7 100.3 100.9 101.7 102.7 103.7 104.8 105.8 106.8 107.9 108.9 109.7 109.7 109.6 109.5 109.4 110 110.6 110.2 111.3 112.6 114.3 116.4 118.9 120.2 121.8 124.4 127.2 128.9 133 136.2 139.1 138.2 139.9 148.2 153.4 159 162.1 166.7 170.1 181.3 197.9 206.9 214.2 212.2 211.8 211.9 211.2 210.3 211.4 215.9 210.7 213.1 211.8 211.5 211.3 211.1 210.6 210.8 210.4 208.1 207.1 206.9 203.6 200.1
102.8 102.2 101.4 100.4 99.1 97.8 96.5 95.3 95 97.4 98.5 98.7 98.9 99.1 99.4 99.6 100.2 101 101.8 102.6 103.4 104.4 105.1 106.1 107.2 108.2 109.3 110.1 110.1 110.1 110 109.9 110.4 111.5 112.6 113.5 114.4 115.5 117.5 118.9 119.9 122.4 124.5 126.4 130.4 136.8 139.6 142 144.9 147.3 155.9 159.6 164 165.1 168.1 180.6 195.8 208.3 213.4 212.1 210.8 210.7 210.3 210.9 212.9 215 211.1 203.3 200.2 204.1 210.9 210.2 209.7 210.3 210.4 208.1 205.8 203.8 204 204.4 202.3
102.1 102.1 101.5 100.6 99.4 98 96.8 96.7 96.6 98.4 99.2 99.4 99.6 99.8 100 100.3 101 101.8 102.6 103.4 104 105.1 106.2 107 107.7 108.6 109.6 110.5 110.9 111.3 111.7 112.2 112.8 113.9 114.9 115.8 116.6 117.5 119.1 121.6 124 128.2 130.1 130.9 131.5 136.3 142 145.6 149.8 153.1 160.9 164.2 168.6 167.3 180.8 195.5 210.9 212.6 211.3 209.8 208.8 211.4 212.1 212.7 214.9 214.5 209 198.5 191.4 190.4 193.8 198.9 205.9 208.2 207.9 205.6 203.3 201.2 201.4 200.5 202.4
101.3 101.5 101.1 100.4 99.9 99.6 98.9 98.4 98.3 99.4 99.8 100 100.2 100.5 100.8 101.2 101.9 102.7 103.5 104.3 105.1 105.7 106.8 107.9 108.9 109.7 110.3 111.3 112.9 113.9 114.4 114.8 115.4 116.3 117.2 118 118 118.5 121.5 124.8 128.4 132.7 135.3 135.6 135.9 136.9 142.5 150.8 155.4 161.6 165.6 170.2 173.5 179.3 194.4 209.6 211.9 213 207.6 207.2 209.5 212.3 213.3 214.6 214.9 213 210.7 199.8 188.2 183.5 183.7 187.8 199.5 206.6 205.3 203 202 201.1 195.7 192.9 193.2
100.6 100.8 100.7 100.3 99.9 99.6 99.4 99.1 100 100.3 100.5 100.8 101.1 101.4 101.8 102.2 102.9 103.6 104.4 105.2 106 106.5 107.4 108.5 109.6 110.7 111.6 112.8 114.2 115.7 117 117.4 118 118.4 118.4 118.4 118.4 121 123.9 127.1 129.8 134.5 138.5 142.3 143 144.2 146.9 153.2 162.4 168.6 172.7 175.7 180 196 209.4 211.9 213.3 208.5 205 204.7 210.2 213.6 214.6 214.6 212.4 208 201.9 194.5 185.7 181.9 179 181.7 187.3 195.5 195.4 200 200.1 200.1 191.6 184.8 183.9
100.5 100.6 100.5 100.2 100 99.7 99.5 99.2 99.3 100.6 101.6 101.8 102 102.4 102.7 103.2 103.9 104.6 105.3 106 106.8 107.6 107.9 109.1 110.2 111.3 112.6 113.9 115.4 117 118.5 120 119.9 119.3 118.8 118.8 120.5 123.4 126.4 129.3 131.9 137.5 140.8 145.8 150.8 153.7 156.2 162.3 167.3 173.9 178.3 180.7 194.8 209.7 211.6 213.2 214.7 211.1 207.4 206 205.3 206.1 211.2 212 207.2 199.7 192.3 185.3 179.3 176.2 174.1 177.1 180.4 184.7 186.8 190.3 196.9 197.1 190.3 182.9 178
100.3 100.4 100.2 100.3 100.1 99.8 99.6 99.3 99.1 100.1 101.7 102.6 102.8 103.2 103.7 104.1 104.9 105.6 106.3 107 107.7 108.5 109 109.6 110.8 112 113.6 114.9 116.4 118 118.6 118.4 118.4 118.5 118.6 120.1 124.2 127.8 132.2 136.1 135.8 142.9 147.4 152.4 158.5 161.9 164.6 169.1 173.4 180.6 191 201.8 210.3 211.5 212.8 214.6 215.1 213.7 210 208.5 208 208.8 211.8 204.1 199.6 190.4 184.1 177 174.3 172.4 170.7 171.8 173.8 176.1 178.2 181.6 186.6 189.3 187.1 179.9 173.4
100.4 100.3 100.5 100.7 101.1 100.9 100.7 100.4 100.2 100.3 101.4 102.2 103 103.9 104.6 105.1 105.9 106.6 107.3 108 108.7 109.4 110.1 110.3 111.4 112.2 114.2 115.9 116.5 116.5 117.2 117.9 118.6 119.4 120.4 123 126.2 130.9 135.7 140.5 146.1 149.6 153.6 160 164.1 165.7 170.9 175.3 179.1 193.2 206.9 210.6 211.6 212.6 213.9 215.5 215.4 214.9 212.6 211 211.6 212.4 210.4 202.7 195.2 189.8 184.8 180.4 176.8 174.9 171.4 170.4 169.6 169.9 171 172.8 177.6 180.3 178.5 173.1 168.7
100.3 100.8 100.7 101 101.5 102.1 101.9 101.7 100.8 100.6 101.9 102.7 103.5 104.4 105.3 106.1 106.8 107.6 108.3 109 109.6 110.3 111 111.5 111.7 112.2 113.9 115.9 117.9 119.2 119.9 120.9 123 123.7 124 127.5 130.6 132.7 139.3 146.6 153.2 157.2 161.4 166.3 170 172.6 177.3 178.2 195.3 208.9 210.9 211.7 212.6 213.8 214.8 216 215.6 215.2 214.8 214.3 214.5 214.5 211.9 205.2 203 200.8 198.2 190.1 183.9 177.8 174 172.7 169.9 166.8 165.6 165.7 168.3 172 169.5 166.6 165
100.2 100.7 101 100.7 101.5 102.3 102.9 102.8 102.9 101.8 102.3 103.1 104 104.8 105.7 106.6 107.7 108.5 109.3 110 110.8 111.8 112.7 112.8 112.7 112.8 113.5 115.5 117.4 119.7 121.6 122.3 123.8 126.4 130.7 132.7 135.1 138.3 143.8 150.2 157.3 162.7 165.9 170.3 177.9 188.1 193.2 200.7 209.3 211.8 212.6 213.3 213.7 214.2 215.5 216.1 215.7 215.1 214.8 214.4 214.3 214.2 212.1 210.7 210.6 209.4 207 201.4 194.6 184.8 179.1 176.6 173.4 169.7 166.1 164.2 164.5 163.4 163.3 163.1 161.7
100.1 100.6 101 100.5 99.9 100.7 101.4 102 102.9 104.1 103.2 103.6 104.4 105.2 106.1 107.2 108.2 109.3 110.4 111.3 112 112.7 113.3 113.5 113.6 113.8 114 115.6 118.3 121 121.9 123.2 124.5 128.5 133.1 136.7 139.2 142.9 149.9 158 163.3 165 174.3 185.7 197.1 203.2 207.9 209.8 212.8 213.5 214.3 214.9 215.3 215.7 216 215.8 215.4 215 214.7 214.3 214 213.9 212.6 210.8 209.9 209.6 207.1 206.6 203.8 196 190.7 183.4 175.6 170.4 165.9 165 165.4 164.5 161.4 160.1 159.6
100 100.5 101.3 101.8 100.5 100.1 100.6 101.2 102.3 103.6 104.4 103.9 104.8 105.6 106.6 107.6 108.6 109.7 111.2 112 112.6 113.1 114.2 114.4 114.6 114.7 115.4 117 119.7 121 122.3 123.6 125.6 130.7 136.1 139.3 142.7 148.5 156.6 164.1 167.7 174.9 187.6 202.1 206.7 211.1 212.9 213.8 214 214.9 215.9 216.4 216.2 216.1 216 215.6 215.3 214.9 214.6 214.2 213.8 213.6 212.2 211 209.8 209.7 207.3 207.2 207.7 206.5 201.2 190.1 178.4 169.1 167.7 167.3 167.1 165.5 163.8 162.1 159.3
100.1 101.1 102.1 103 103.4 101 102.4 102.6 102.8 103 104.2 104.8 105.2 106 107.1 108 108.9 110.3 111.9 112.7 113.5 114.2 115 115.3 115.5 116 117.4 119 121 121.3 122.7 124.1 126.9 130.2 134.9 139.1 144.3 153.8 162.2 167.9 177.5 190.8 203.2 209.2 211 213 214.5 214.2 214.2 214.9 215.6 216.1 216 215.8 215.6 215.3 215 214.6 214.3 214 213.7 213.3 212.5 211.2 210 209.2 207.4 207.8 207.1 206.5 202.7 186.8 174.3 170.9 171.6 172.2 172.3 170.1 168.4 167.2 164
