data/SP51.asc
ncols 200
nrows 200
xllcorner 450000
yllcorner 210000
cellsize 50
[rows 78 to 116 of 200, columns 87 to 173 of 200]
64.2 63.9 63.5 63.1 62.7 62.2 61.7 61.4 61.1 60.7 60.4 60.2 60.1 62.3 62.4 62.4 62.5 62.4 62.3 62.1 60.6 59.6 59.3 59.4 59.3 59.1 60.2 61.6 61.7 61.7 61.7 61.8 61.8 61.8 61.7 61.6 61.4 61.3 61.3 61.4 61.4 61.3 61.2 61 60.9 60.8 60.9 60.7 59.7 59 59 59 59.3 59.8 61.4 61.8 61.9 61.9 61.9 61.6 60.4 60.4 61.7 60.3 60.1 59.9 59.8 59.2 59.3 59.4 59.4 59.3 59.2 59.2 59.1 59 59 59 59 59.3 59.9 59.9 59.9 59.9 59.9 59.9 59.9
63.8 63.6 63.2 62.8 62.4 62 61.6 61 60.6 60.3 59.9 59.8 60 62.2 62.3 62.4 62.4 62.4 62.2 61.7 60 59.1 59.1 59.1 59.1 59.1 60.7 62 62 62 62.1 62.1 62.1 62.1 62 61.9 61.9 61.9 62 61.5 61.4 61.2 61.1 61 60.9 60.8 59.8 59.1 59.1 59 59 59 59 59.8 61.9 62.3 62 61.6 61.8 61 60.3 59.9 59.5 59.8 59.6 59.6 59.7 59.8 59.6 59.3 59 59.1 59.1 59 59 59 59 59 59 59.9 59.8 59.8 59.8 59.8 59.9 59.9 59.9
63.2 63.2 62.9 62.5 62.1 61.7 61.3 60.9 60.4 59.8 59.7 60.4 60.9 62.1 62.2 62.5 62.7 62.5 61.4 60.2 59.1 59.1 59 59 59 59.2 61.8 62.3 62.4 62.4 62.5 62.5 62.5 62.6 62.6 62.5 62.5 62.7 63.1 63.2 61.5 61.3 61 60.9 60.8 59.7 59 59.4 59.3 59.3 59.3 59.2 59.1 60.4 61.9 62.1 60.2 59.8 59.3 59.7 60.1 59.7 59.2 59.4 59.5 59.7 59.8 59.8 59.8 59.7 59.6 59.4 59.2 59.1 59.1 59.1 59.1 59 59.4 59.8 59.7 59.7 59.8 59.8 59.8 59.8 59.8
62.6 62.8 62.5 62.1 61.8 61.4 61 60.7 60.3 59.6 59.2 59 61.3 62.4 62.9 63.1 62.7 61.6 60 59 59.1 59 59 59 59 59.7 62.1 62.4 62.7 62.8 62.9 62.9 63 63.1 63.1 63.1 63.1 63.5 63.7 62.7 61.2 60.4 60.7 60.6 60.1 59.5 59 59.7 59.6 59.5 59.5 59.4 59.3 59.5 60.6 60.4 59.5 59.5 59.2 59.7 60 59.5 59.3 59.5 59.6 59.7 59.7 59.7 59.8 59.8 59.8 59.7 59.5 59.4 59.3 59.3 59.3 59.2 59.1 59.7 59.7 59.7 59.7 59.7 59.7 59.7 59.7
61.9 62.2 62.1 61.7 61.4 61 60.7 60.4 60.1 59.6 59 59 59 61.2 62.5 62.5 61.7 60.3 59.1 59 59 59 59 59.1 59.1 61.1 61.8 62.3 62.7 63 63.3 63.3 63.5 63.6 63.6 63.6 64 64.4 64.3 61.9 60.6 59.9 59.6 59.8 59.8 59.8 59.7 59.7 59.6 59.5 59.4 59.3 59.2 59.2 59.5 60 59.9 59.6 59.3 59.7 59.8 59.3 59.4 59.5 59.7 59.7 59.7 59.7 59.7 59.7 59.8 59.8 59.8 59.6 59.5 59.5 59.4 59.2 59.1 59.5 59.6 59.6 59.6 59.6 59.6 59.6 59.6
61.5 61.5 61.6 61.3 61 60.8 60.6 60.4 60.2 60 59 59 59 60.1 61 60.6 60.2 59.2 59.1 59.1 59 59 59 59.4 60.5 61.7 61.5 61.9 62.3 62.8 63.2 63.6 64 64.1 64.4 64.4 64.5 64.3 63.1 60.3 59.8 59.5 59.6 59.7 59.7 59.7 59.6 59.5 59.4 59.3 59.3 59.2 59.1 59.2 59.2 59.6 59.9 59.6 59.4 59.8 59.6 59.3 59.5 59.6 59.6 59.6 59.7 59.7 59.7 59.7 59.7 59.8 59.8 59.8 59.8 59.7 59.5 59.3 59.2 59.3 59.5 59.5 59.5 59.5 59.5 59.5 59.5
61.3 61.3 61.3 61.2 61.1 60.9 60.7 60.5 60.3 60.1 59.3 59 59 60 59.7 59.2 59.2 59.2 59.2 59.1 59 59 60.2 61.5 61.8 61.9 61.5 61.6 62 62.4 62.7 63.1 63.8 64.3 64.5 64.6 62.6 61 60.3 59.7 59.3 59.4 59.5 59.5 59.6 59.5 59.5 59.4 59.3 59.2 59.1 59 59 59.1 59.2 59.3 59.7 59.7 59.4 59.8 59.5 59.4 59.6 59.6 59.6 59.6 59.6 59.7 59.7 59.7 59.7 59.7 59.7 59.8 59.8 59.7 59.6 59.4 59.2 59.1 59.4 59.4 59.4 59.4 59.4 59.4 59.4
61.2 61.2 61.2 61 60.9 60.8 60.6 60.4 60.2 60.1 60.3 59.2 59 59.1 59.1 59 59.1 59.1 59.1 59.1 59 59.2 60.8 61.9 61.8 61.7 61.7 61.6 61.6 61.9 62.1 62.7 63.3 63.5 64.2 62.8 60.3 59.8 59.6 59.2 59.2 59.3 59.3 59.4 59.4 59.4 59.4 59.3 59.2 59.1 59 58.9 59 59.1 59.1 59.2 59.3 59.7 59.5 59.8 59.3 59.5 59.5 59.6 59.6 59.6 59.6 59.6 59.6 59.7 59.7 59.7 59.7 59.7 59.7 59.7 59.6 59.5 59.3 59.1 59.3 59.3 59.3 59.3 59.3 59.3 59.3
61 61 61 60.9 60.7 60.6 60.5 60.4 60.2 60 60.4 59.6 58.2 58.7 59.3 59.1 59.1 59.1 59.1 59.1 59 60.6 61.9 62 61.9 61.8 61.6 61.5 61.5 61.7 62 62.3 62.7 62.8 61.8 60.3 59.7 59.4 59.2 59 59.1 59.1 59.2 59.2 59.3 59.3 59.2 59.2 59.1 59 58.9 58.9 58.9 59 59.1 59.2 59.3 59.3 59.5 59.6 59.4 59.5 59.5 59.5 59.5 59.6 59.6 59.6 59.6 59.6 59.6 59.6 59.6 59.7 59.7 59.6 59.5 59.4 59.4 59.2 59.2 59.2 59.2 59.2 59.2 59.2 59.3
60.8 60.9 60.9 60.7 60.6 60.5 60.3 60.2 60.1 60.2 60.8 59.2 58.9 59 59.5 59.3 59 59 59 59 59.1 61.6 61.9 62 61.8 61.7 61.5 61.3 61.3 61.4 61.8 61.7 61.2 60.5 59.9 59.9 59.7 59.5 59.3 59.1 58.9 59 59 59.1 59.1 59.1 59.1 59 58.9 58.8 58.7 58.8 58.9 59 59 59.1 59.2 59.3 59.4 59.4 59.4 59.5 59.5 59.5 59.5 59.5 59.5 59.5 59.5 59.6 59.6 59.6 59.6 59.6 59.6 59.5 59.5 59.4 59.3 59.2 59.1 59.1 59.1 59.2 59.2 59.2 59.3
60.7 60.7 60.7 60.6 60.4 60.3 60.3 60.3 60.2 59.9 59.9 59.3 59.4 59.5 59.7 59.6 59.2 59 59 59 60.9 61.8 62.3 61.9 61.7 61.5 61.3 61.2 61.2 60.9 59.6 59.8 59.9 59.8 59.8 59.8 59.7 59.5 59.3 59.1 58.9 58.8 58.9 58.9 59 59 59 58.9 58.8 58.7 58.7 58.7 58.8 58.9 59 59.1 59.2 59.2 59.3 59.4 59.4 59.4 59.4 59.4 59.5 59.5 59.5 59.5 59.5 59.5 59.5 59.5 59.5 59.6 59.6 59.5 59.4 59.3 59.2 59.2 59.1 59.1 59.2 59.2 59.3 59.3 59.3
60.6 60.5 60.6 60.4 60.4 60.8 60.9 60.7 59.9 59.6 59.7 59.8 59.8 59.8 59.8 59.6 59.2 59 59 60 61.9 62.4 62.7 62 61.7 61.4 61.2 61.1 59.8 59.3 59.3 59.9 59.8 59.7 59.7 59.6 59.6 59.5 59.4 59.2 59 58.8 58.7 58.8 58.8 58.9 58.8 58.8 58.7 58.6 58.6 58.7 58.8 58.9 58.9 59 59.1 59.2 59.3 59.3 59.4 59.4 59.4 59.4 59.4 59.4 59.4 59.4 59.5 59.5 59.5 59.5 59.5 59.5 59.5 59.4 59.3 59.3 59.2 59.1 59 59.1 59.2 59.3 59.3 59.3 59.4
60.6 60.5 60.4 60.3 60.6 61.3 61.3 60.5 59.7 59.4 59.5 59.6 59.7 59.7 59.8 59.8 59.2 59 59 60.6 62.4 63 62.9 62.2 61.8 61.4 61.1 59.3 59.2 59.7 59.9 59.8 59.7 59.6 59.6 59.5 59.4 59.4 59.3 59.2 59 58.8 58.6 58.6 58.7 58.7 58.7 58.6 58.5 58.5 58.6 58.6 58.7 58.8 58.9 59 59.1 59.1 59.2 59.3 59.3 59.3 59.3 59.3 59.4 59.4 59.4 59.4 59.4 59.4 59.4 59.4 59.5 59.5 59.4 59.4 59.3 59.2 59.1 59.1 59 59.1 59.1 59.2 59.3 59.4 59.5
60.5 60.4 60.3 60.2 60.4 60.8 61.2 60.3 59.4 59.2 59.2 59.3 59.4 59.5 59.6 59.7 59.2 59 59.5 60.6 62.7 63.6 63.1 62.4 61.9 61.5 59.9 59.6 59.5 59.8 59.7 59.6 59.5 59.5 59.5 59.4 59.3 59.2 59.2 59.1 59 58.9 58.7 58.5 58.5 58.6 58.6 58.5 58.4 58.4 58.5 58.6 58.7 58.8 58.8 58.9 59 59.1 59.2 59.2 59.2 59.2 59.3 59.3 59.3 59.3 59.3 59.3 59.4 59.4 59.4 59.4 59.4 59.4 59.4 59.3 59.2 59.1 59.1 59 59 59 59.1 59.2 59.3 59.4 59.4
60.4 60.3 60.2 60.2 60.3 60.6 60.9 59.9 59 59.1 59.2 59.3 59.4 59.4 59.5 59.6 59.6 59 61.1 62.3 63.1 64.1 63.4 62.6 61.9 60.4 59.5 59.9 59.8 59.7 59.6 59.5 59.4 59.3 59.3 59.3 59.2 59.1 59 59 58.9 58.8 58.7 58.5 58.4 58.4 58.5 58.4 58.3 58.4 58.5 58.5 58.6 58.7 58.8 58.9 58.9 59 59.1 59.1 59.2 59.2 59.2 59.2 59.3 59.3 59.3 59.3 59.3 59.3 59.3 59.3 59.4 59.4 59.3 59.2 59.2 59.1 59 59 58.9 59 59.1 59.2 59.2 59.3 59.4
60.4 60.2 60.3 60.2 60.1 60.4 60.9 59.9 59 59 59.2 59.3 59.4 59.5 59.6 59.7 59.5 60.5 62.7 64 64.7 64.8 63.9 63 61.6 60.1 59.8 59.7 59.6 59.6 59.5 59.4 59.3 59.2 59.2 59.1 59.1 59 58.9 58.8 58.8 58.7 58.6 58.6 58.4 58.3 58.3 58.3 58.3 58.3 58.4 58.5 58.6 58.6 58.7 58.8 58.9 59 59 59.1 59.1 59.1 59.1 59.2 59.2 59.2 59.2 59.2 59.3 59.3 59.3 59.3 59.3 59.3 59.3 59.2 59.1 59 59 58.9 58.9 59 59.1 59.1 59.2 59.3 59.4
60.3 60.2 60.5 60.3 60 59.9 60.7 59.9 58.9 59 59.2 59.3 59.5 59.6 59.7 59.7 61 62.3 63.9 65.5 66 65.9 64 62.7 59.5 59.5 59.5 59.6 59.5 59.4 59.4 59.3 59.2 59.1 59.1 59 58.9 58.9 58.8 58.7 58.6 58.6 58.5 58.4 58.4 58.2 58.2 58.1 58.2 58.3 58.4 58.4 58.5 58.6 58.7 58.7 58.8 58.9 59 59 59 59.1 59.1 59.1 59.1 59.2 59.2 59.2 59.2 59.2 59.2 59.2 59.3 59.3 59.2 59.1 59 59 58.9 58.9 58.9 59 59 59.1 59.2 59.3 59.3
60.2 60.1 60.6 60.4 59.3 59.3 59.4 59.4 59.2 59 59.1 59.3 59.4 59.6 59.7 60.5 62.7 64.4 65.8 66 66 65.7 63.5 60.6 59.3 59.2 59.3 59.3 59.4 59.3 59.2 59.2 59.1 59 58.9 58.9 58.8 58.7 58.7 58.6 58.5 58.4 58.4 58.3 58.2 58.2 58.1 58.1 58.1 58.2 58.3 58.4 58.5 58.5 58.6 58.7 58.8 58.8 58.9 58.9 59 59 59 59 59.1 59.1 59.1 59.1 59.2 59.2 59.2 59.2 59.2 59.2 59.1 59.1 59 58.9 58.9 58.8 58.8 58.9 59 59.1 59.2 59.2 59.3
60.1 60.3 60.7 59.1 58.8 58.8 58.8 58.8 58.9 59.2 59.3 59.2 59.4 59.5 59.7 61.8 64.1 65.9 66 66 66 64 62 59.4 59.3 59.2 59.1 59.1 59.1 59.2 59.1 59 58.9 58.9 58.8 58.7 58.7 58.6 58.5 58.5 58.4 58.3 58.2 58.2 58.1 58 58 58 58.1 58.2 58.2 58.3 58.4 58.5 58.6 58.6 58.7 58.8 58.8 58.9 58.9 58.9 59 59 59 59 59.1 59.1 59.1 59.1 59.1 59.1 59.2 59.2 59.1 59 59 58.9 58.8 58.8 58.8 58.9 59 59.1 59.1 59.2 59.3
60 60.5 59.8 59.3 58.8 58.7 58.8 59 59.1 59.2 59.7 60.1 60 59.9 60 62.3 64.4 65.9 65.6 65.1 64.6 62.2 60.6 59.4 59.3 59.2 59.1 59 58.9 58.9 59 58.9 58.8 58.8 58.7 58.6 58.5 58.5 58.4 58.3 58.3 58.2 58.1 58.1 58.1 58 58 58 58 58.1 58.2 58.3 58.3 58.4 58.5 58.6 58.6 58.7 58.8 58.8 58.8 58.9 58.9 58.9 58.9 59 59 59 59 59.1 59.1 59.1 59.1 59.1 59 59 58.9 58.8 58.8 58.7 58.8 58.9 58.9 59 59.1 59.2 59.3
60.4 59.8 59.5 59.1 58.7 58.9 59 59.2 59.3 59.4 59.5 60.2 60.8 60.7 60.4 63 64.1 64.7 64.7 64.7 64 61.7 59.5 59.4 59.3 59.2 59.1 59 58.9 58.8 58.7 58.8 58.7 58.6 58.6 58.5 58.4 58.3 58.3 58.3 58.2 58.2 58.1 58.1 58 58 58 58 58 58 58.1 58.2 58.3 58.4 58.4 58.5 58.6 58.7 58.7 58.7 58.8 58.8 58.8 58.8 58.9 58.9 58.9 59 59 59 59 59.1 59.1 59 59 58.9 58.9 58.8 58.7 58.7 58.8 58.8 58.9 59 59.1 59.2 59.2
60.3 59.5 59.2 58.8 58.9 59.1 59.2 59.3 59.5 59.6 59.6 60.9 60.4 61.6 62.2 63.1 63.8 64.1 64.1 64.3 63.7 61 59.4 59.3 59.2 59.1 59 59 58.9 58.8 58.7 58.6 58.6 58.5 58.4 58.4 58.4 58.3 58.3 58.2 58.2 58.1 58.1 58 58 58 58 58 58 58 58.1 58.1 58.2 58.3 58.4 58.5 58.5 58.6 58.7 58.7 58.7 58.7 58.8 58.8 58.8 58.8 58.9 58.9 58.9 58.9 59 59 59 59 58.9 58.9 58.8 58.8 58.7 58.7 58.7 58.8 58.9 59 59 59.1 59.2
59.7 59.3 58.8 58.8 59 59.1 59.2 59.4 59.5 59.7 59.4 60.3 61.2 62 63 63.4 64 64.4 64.5 64.7 63.9 60.3 59.3 59.2 59.1 59 58.9 58.9 58.8 58.7 58.6 58.6 58.5 58.5 58.5 58.4 58.3 58.3 58.2 58.2 58.1 58.1 58.1 58 58 58 58 58 58 58 58 58.1 58.2 58.2 58.3 58.4 58.5 58.5 58.6 58.6 58.6 58.7 58.7 58.7 58.7 58.8 58.8 58.8 58.8 58.9 58.9 58.9 59 58.9 58.9 58.8 58.8 58.7 58.6 58.6 58.7 58.8 58.9 58.9 59 59.1 59.2
59.6 59.2 58.9 58.8 58.9 59 59.1 59.2 59.3 59.8 60.4 61 62.3 63.2 64.1 65.1 64 64.5 65.2 65.3 65 59.8 59.2 59.1 59 58.9 58.8 58.8 58.7 58.8 58.7 58.6 58.6 58.7 58.6 58.5 58.4 58.4 58.3 58.2 58.1 58.1 58 58 58 58 58 58 58 58 58 58 58.1 58.2 58.3 58.3 58.4 58.5 58.5 58.5 58.6 58.6 58.6 58.7 58.7 58.7 58.7 58.8 58.8 58.8 58.9 58.9 58.9 58.9 58.8 58.8 58.7 58.7 58.6 58.6 58.7 58.8 58.8 58.9 59 59.1 59.1
59.5 59.1 59 58.9 58.7 58.9 59 59.1 59.2 59.5 60.1 61.7 63.3 64.2 65.2 66 65.9 65.2 65.5 64.5 62.4 59.2 59.1 59 58.9 58.8 58.8 59 58.9 58.8 58.7 58.7 58.7 58.8 58.7 58.6 58.6 58.5 58.4 58.3 58.3 58.2 58.1 58 58 58 58 58 58 58 58 58 58 58.1 58.2 58.3 58.4 58.4 58.5 58.5 58.5 58.5 58.6 58.6 58.6 58.6 58.7 58.7 58.7 58.8 58.8 58.9 58.9 58.8 58.8 58.7 58.7 58.6 58.6 58.6 58.6 58.7 58.8 58.9 59 59 59.1
59.3 59.2 59.1 59 58.8 58.7 58.9 59 59 59.1 60.3 62 63.8 65.2 65.8 66 66 65.6 64.8 63 59.9 59.2 58.9 58.8 59 59.2 59.1 59 58.8 58.8 58.8 58.8 58.8 58.8 58.8 58.8 58.7 58.6 58.5 58.5 58.4 58.3 58.2 58.1 58 58 58 58 58 58 58 58 58 58.1 58.1 58.2 58.3 58.4 58.4 58.4 58.4 58.5 58.5 58.5 58.5 58.6 58.6 58.7 58.7 58.8 58.8 58.8 58.8 58.7 58.7 58.7 58.6 58.6 58.5 58.5 58.6 58.7 58.8 58.9 58.9 59 59.1
59.4 59.3 59.2 59.1 58.9 58.8 58.7 58.9 58.9 59.1 60.3 61.9 64.1 66 66 66 66 64.1 62.3 60.2 59.8 59.6 59.3 59.4 59.3 59.2 59 58.9 58.8 58.8 58.9 58.9 58.9 58.9 59 58.9 58.8 58.7 58.7 58.6 58.5 58.4 58.3 58.1 58.1 58.1 58 58 58 58 58 58 58 58 58.1 58.2 58.2 58.3 58.3 58.4 58.4 58.4 58.4 58.5 58.5 58.5 58.6 58.6 58.7 58.8 58.8 58.8 58.7 58.7 58.6 58.6 58.5 58.5 58.5 58.5 58.6 58.7 58.7 58.8 58.9 59 59.1
59.5 59.4 59.3 59.2 59 58.9 58.7 58.7 58.8 59.1 60.4 61.6 63.2 64.8 64.3 64.3 63.8 61.7 60.3 60.1 59.9 59.7 59.5 59.4 59.2 59.1 59 58.9 58.9 58.9 59 59 59 59 59.1 59 58.9 58.9 58.8 58.7 58.6 58.5 58.3 58.2 58.1 58.1 58.1 58.1 58.1 58 58 58 58 58 58 58.1 58.2 58.2 58.3 58.3 58.3 58.3 58.4 58.4 58.5 58.5 58.6 58.6 58.7 58.7 58.8 58.7 58.7 58.6 58.6 58.5 58.5 58.4 58.4 58.5 58.6 58.6 58.7 58.8 58.9 59 59
59.6 59.5 59.4 59.2 59.1 59 58.8 58.7 59.2 59.3 60.5 61.4 62.8 63.9 63.2 63.1 62.3 60.4 60 59.9 59.9 59.7 59.4 59.3 59.2 59.1 59 59 59 59 59.1 59.1 59.1 59.1 59.1 59.1 59.1 59 58.9 58.8 58.7 58.6 58.4 58.3 58.2 58.2 58.1 58.1 58.1 58.1 58.1 58 58 58 58 58 58.1 58.2 58.2 58.2 58.2 58.3 58.4 58.4 58.5 58.5 58.6 58.6 58.7 58.7 58.7 58.7 58.6 58.6 58.5 58.4 58.4 58.4 58.4 58.5 58.5 58.6 58.7 58.8 58.9 58.9 59
59.7 59.6 59.5 59.3 59 58.7 58.5 58.6 59 59.6 59.2 60.7 62.5 63.1 62.1 61.9 60.9 59.9 59.8 59.8 59.7 59.6 59.4 59.3 59.1 59 59.1 59.1 59.1 59.1 59.1 59.2 59.2 59.2 59.2 59.3 59.2 59.1 59 59 58.8 58.6 58.5 58.3 58.2 58.2 58.2 58.2 58.2 58.1 58.1 58.1 58.1 58 58 58 58.1 58.1 58.1 58.2 58.2 58.3 58.3 58.4 58.4 58.5 58.6 58.6 58.7 58.7 58.6 58.6 58.5 58.5 58.4 58.4 58.4 58.4 58.4 58.5 58.6 58.6 58.7 58.8 58.9 58.9 59
59.8 59.3 59 58.8 58.5 58.4 58.4 58.5 59.1 59.7 59 60.5 61.8 62.3 61.8 60.5 59.9 59.8 59.7 59.6 59.5 59.5 59.4 59.2 59.1 59.1 59.2 59.2 59.2 59.2 59.2 59.3 59.3 59.3 59.3 59.4 59.3 59.2 59.2 59 58.9 58.7 58.6 58.4 58.3 58.3 58.2 58.2 58.2 58.2 58.2 58.1 58.1 58.1 58.1 58 58 58.1 58.1 58.2 58.2 58.3 58.3 58.4 58.4 58.5 58.5 58.6 58.6 58.6 58.6 58.5 58.5 58.4 58.4 58.4 58.4 58.4 58.4 58.5 58.6 58.7 58.8 58.9 59 59 59.1
59.4 58.9 58.5 58.3 58.3 58.4 58.4 58.6 59.4 60.5 61 60.4 60.8 61.4 61.5 60.2 59.8 59.7 59.6 59.5 59.4 59.3 59.3 59.2 59.2 59.2 59.2 59.3 59.3 59.3 59.3 59.4 59.4 59.4 59.4 59.4 59.4 59.4 59.3 59.1 59 58.8 58.6 58.5 58.4 58.4 58.4 58.3 58.3 58.3 58.3 58.2 58.2 58.2 58.2 58.1 58 58.1 58.1 58.2 58.2 58.3 58.3 58.4 58.4 58.5 58.5 58.6 58.6 58.6 58.5 58.5 58.4 58.4 58.4 58.4 58.4 58.4 58.4 58.6 58.7 58.8 58.9 59 59.1 59.2 59.2
59 58.8 58.4 58.2 58.3 58.3 58.3 58.9 59.7 61 61 60.6 60.7 60.8 61.1 60.5 59.8 59.7 59.6 59.5 59.4 59.3 59.2 59.2 59.3 59.3 59.3 59.4 59.4 59.4 59.4 59.4 59.5 59.5 59.5 59.5 59.6 59.5 59.3 59.2 59 58.9 58.7 58.6 58.5 58.5 58.5 58.5 58.4 58.4 58.4 58.4 58.3 58.2 58.1 58.1 58 58.1 58.1 58.1 58.2 58.2 58.3 58.3 58.4 58.5 58.5 58.6 58.5 58.5 58.4 58.4 58.4 58.4 58.4 58.4 58.4 58.4 58.5 58.6 58.7 58.8 58.9 59 59.1 59.2 59.3
58.9 58.7 58.3 58.2 58.2 58.2 58.3 59.2 60.9 61 61 60.8 60.9 61 61 60.4 59.8 59.7 59.6 59.4 59.3 59.2 59 59.2 59.3 59.3 59.4 59.4 59.4 59.5 59.5 59.5 59.6 59.6 59.6 59.6 59.7 59.6 59.4 59.3 59.1 59 58.8 58.7 58.6 58.6 58.6 58.6 58.6 58.5 58.4 58.3 58.3 58.2 58.1 58 58 58.1 58.1 58.1 58.2 58.2 58.3 58.3 58.4 58.4 58.5 58.5 58.5 58.4 58.4 58.4 58.4 58.4 58.4 58.4 58.4 58.4 58.5 58.6 58.7 58.8 58.9 59 59.1 59.2 59.3
58.7 58.6 58.3 58.1 58.2 58.2 58.4 59.2 60.5 61 61 60.9 61 61 61 59.8 59.7 59.6 59.4 59.3 59.2 59 58.9 59.1 59.2 59.4 59.4 59.5 59.5 59.5 59.5 59.6 59.6 59.6 59.7 59.7 59.7 59.6 59.5 59.4 59.2 59.1 58.9 58.8 58.8 58.7 58.7 58.6 58.5 58.5 58.4 58.3 58.2 58.2 58.1 58 58.1 58.1 58.1 58.2 58.2 58.2 58.3 58.3 58.4 58.4 58.5 58.5 58.4 58.4 58.4 58.4 58.4 58.4 58.4 58.4 58.4 58.4 58.5 58.6 58.7 58.8 58.9 59 59.1 59.3 59.4
58.6 58.5 58.3 58.1 58.1 58.2 58.7 59.4 59.3 59 59 60.7 61 61 59.8 59.6 59.5 59.4 59.3 59.2 59 58.9 58.9 59 59.2 59.3 59.5 59.5 59.5 59.6 59.6 59.6 59.6 59.7 59.7 59.7 59.7 59.6 59.5 59.4 59.3 59.1 59 58.9 58.8 58.7 58.7 58.6 58.5 58.4 58.4 58.3 58.2 58.1 58.1 58 58.1 58.1 58.1 58.2 58.2 58.2 58.3 58.3 58.4 58.4 58.4 58.4 58.4 58.4 58.4 58.4 58.4 58.4 58.4 58.5 58.4 58.5 58.5 58.6 58.7 58.7 58.9 59 59.1 59.2 59.3
58.5 58.3 58.2 58.1 58.1 58.1 59 59.2 59 59 59 59 59.7 59.3 59.6 59.4 59.3 59.2 59.2 59 58.9 58.8 58.8 59 59.1 59.3 59.4 59.5 59.6 59.6 59.6 59.7 59.7 59.7 59.8 59.8 59.8 59.7 59.5 59.4 59.3 59.2 59.1 58.9 58.8 58.7 58.6 58.6 58.5 58.4 58.3 58.3 58.2 58.1 58 58 58.1 58.1 58.1 58.2 58.2 58.2 58.3 58.3 58.4 58.4 58.4 58.4 58.4 58.4 58.4 58.5 58.5 58.5 58.5 58.5 58.5 58.5 58.6 58.6 58.7 58.8 58.8 58.9 59 59.1 59.2
58.3 58.2 58.1 58 58.1 58.1 59.5 59.2 59 59 59 59 59.2 59.3 59.3 59.2 59.1 59 59 58.9 58.8 58.6 58.7 58.9 59 59.2 59.3 59.5 59.6 59.7 59.7 59.7 59.7 59.8 59.8 59.8 59.8 59.7 59.5 59.4 59.3 59.2 59.1 59 58.9 58.7 58.6 58.5 58.5 58.4 58.3 58.2 58.2 58.1 58 58 58.1 58.1 58.2 58.2 58.2 58.3 58.3 58.3 58.4 58.4 58.4 58.4 58.5 58.5 58.5 58.5 58.5 58.5 58.5 58.5 58.5 58.6 58.6 58.7 58.7 58.8 58.9 58.9 59 59.1 59.2
58.5 58.4 58.3 58.3 58 58.6 60.2 61 61 60.7 60.5 61 59.3 59 58.9 59 58.8 58.8 58.7 58.7 58.6 58.5 58.7 58.8 59 59.1 59.3 59.4 59.6 59.7 59.7 59.8 59.8 59.8 59.8 59.8 59.8 59.7 59.6 59.4 59.4 59.3 59.2 59 58.9 58.8 58.7 58.5 58.4 58.4 58.3 58.2 58.1 58 58 58.1 58.1 58.1 58.2 58.2 58.2 58.3 58.4 58.4 58.5 58.4 58.4 58.5 58.5 58.5 58.5 58.5 58.5 58.6 58.6 58.6 58.6 58.6 58.7 58.7 58.8 58.9 58.9 59 59.1 59.1 59.2
