data/SP55.asc
ncols 200
nrows 200
xllcorner 450000
yllcorner 250000
cellsize 50
[rows 140 to 174 of 200, columns 0 to 77 of 200]
131.2 132.9 133.6 133.3 133.4 133.5 132.6 129.6 131.3 139.6 144.4 146.8 149 151.8 151.7 151.3 150.4 149.8 149.6 148.6 148.6 149.5 150.6 150.3 150.6 150.5 149.7 148.3 146.7 146 146.3 146.1 145.3 144.6 144.1 142 141.4 142.4 145.7 144.9 145.1 146.7 147.2 146.8 148 148.4 146.5 144.6 145.1 146.9 146.2 143.6 141.2 138.2 136.9 139.5 142.2 143.9 144.2 143.4 143.1 142.9 142.2 141.9 141.6 140.4 139.5 138.9 139.3 140.1 140.9 141.8 142.6 143.6 143.4 142.8 142.1 141.5
129.6 130.8 131.3 130.6 129.3 129.2 128.7 127.4 133.3 139 143.8 145.6 148.2 150 149.8 149.1 148.3 148.2 148.7 149.4 149.5 150.3 150.7 150.5 151.7 151 149.3 146.8 147.9 148.2 148.4 147.1 146.9 146.1 145.3 142.3 141.1 140.5 142.6 142.9 143 145.2 145 146.2 147.8 147.1 145.2 143.8 145.5 147.1 144.3 141.4 138.4 137.2 137.4 140.1 143 144 143.4 142.7 142.3 141.9 141.6 141.3 141 139.8 138.6 138 138.8 139.6 140.4 141.3 142.1 142.8 142.6 141.9 141.2 140.4
126.7 128.1 128.3 127.8 126.8 125.4 125.4 126.5 132.1 137.8 144.1 146.7 148.8 148.5 147.1 146.8 146.7 147.1 147.6 148.3 150.2 150.7 151.4 151.9 152.6 153.4 152 150.4 150.1 150.1 149.9 148.6 148.7 147.7 146.6 141.5 140.3 139.5 139.4 140.1 141.7 142.9 144 145.9 147.5 145.8 144.1 144.6 144.5 143.9 141.5 138.8 136.5 136.1 138.9 141.5 143.7 143.4 142.6 142 141.6 141.3 141 140.7 140.5 139.3 138 137.5 138.4 139.3 140.1 140.7 141.2 141.6 141.5 140.8 140.1 139.1
123.5 125.3 124.9 123 123 123 123.9 126.3 130.1 136.4 141.2 145.7 146.2 144.9 144.1 146.1 146.6 146.3 147.4 147.3 149.4 148.9 150.1 151.3 152.8 153.7 154.1 152.5 152.1 152.4 151.2 150.2 149.6 148.4 147.1 145.5 142.1 141 140.6 140 139.9 141.7 144.5 145.7 146.5 144.7 144.4 143 141.9 141.2 138.6 136.2 135 137.3 140.1 142.9 143.2 142.6 141.9 141.8 141.5 140.9 140.4 140.1 139.9 138.7 137.7 137.2 138.1 138.6 139.1 139.5 139.9 140.3 140.4 139.8 139.1 138.5
119 119.9 121.3 122.1 123 131.7 134.8 130.6 125.2 129.5 134.1 137.4 139.2 138.6 143.4 146 144.3 147.2 145.5 145.5 147.1 148.5 149.8 151.8 153.3 154.3 154.9 154.5 154.5 154.9 154.1 151.8 150.9 148.9 146.8 144.3 143.1 143.1 141 141.3 139 141.8 144.2 145.2 145.3 143.5 141.4 139.5 138.5 138.5 136.2 134.2 135.3 138.5 141.3 142.1 142.4 141.9 141.8 141.6 141.3 140.8 140.3 139.7 139.3 138.3 137.2 136.6 137 137.4 137.8 138.3 138.7 139.1 139.4 138.7 138.1 137.8
118.6 119.6 121.7 126.5 133.4 136.8 139.7 141 137.7 133.8 132.2 132.9 136.1 139.5 139.4 141.1 143.9 143.4 143.9 144.5 146.3 148.5 149.8 151.6 153.9 155.1 155.7 156.9 157.6 157.6 157 156.1 151.9 148.7 146.2 144 142.6 141.5 140.9 141.6 138.8 140.8 141.8 142.9 143.6 141.8 139.5 136.6 136.4 135.5 134.1 132.6 136.7 139.6 140.5 140.8 140.9 141.6 141.6 141.4 141.2 140.7 140.1 139.6 138.8 137.7 136.4 135.4 135.8 136.2 136.6 137 137.4 137.8 138.1 137.6 137.2 137
121.4 124.1 126.4 128.5 132.8 137.2 141.3 144.5 142.4 140.9 142.5 142.5 139.4 139.5 143.5 142.8 143.5 145 144.5 144.6 145.9 148.6 149.8 150.9 153.4 155.9 157 159.1 159.6 160.9 160.4 158.9 155 149.7 146.6 145.3 144.2 142.3 140.2 138.8 139.7 138.4 139.4 140.2 140.9 139.6 138.6 135.6 134.2 133.2 132.9 133.3 137.8 138.9 138.8 138.9 139 139.8 140.7 141.3 141.1 140.5 140.2 139.8 138.1 137 135.9 134.7 134.6 135 135.3 135.8 136.2 136.5 136.8 136.6 136.5 136.2
125.5 129.3 131.2 131.6 134 135.6 139.3 144.7 145.2 145.3 146.3 146.1 140.9 140.3 144.5 145.1 147.5 150.5 148.2 147.7 147.6 148.4 149.8 150.7 152.4 154.9 159.2 161.1 163.5 165 163 162.3 158.6 153.3 148.9 147.1 145.8 143.2 140.2 138.7 137.7 138.1 137.4 137.3 137.1 136.7 136.4 135.3 133.6 133.1 132.7 134.3 136.3 137.6 137.2 137 137.2 138 138.9 139.7 140.9 140.8 140.6 138.6 137.5 136.4 135.3 134.2 133.4 133.8 134.2 134.5 134.9 135.3 135.2 135.5 134.9 135.4
131.1 133.4 135.6 134.2 138 138.4 139.4 143.1 146.1 146.6 146.4 145.7 143.2 146 146.5 147 148.3 151.6 151.2 151.3 150.9 151.8 152.2 152.6 153.6 156.5 162 165.2 167.3 168.7 166.5 164.3 161.1 156.8 151.7 149 144.6 142.8 140.2 138.3 137.5 137.3 137.1 136.5 136 136.2 135.1 134.1 134.3 134.7 133.6 133.2 134.7 136.2 135.7 135.2 135.4 136.2 137.6 139.2 140.4 140.9 139.5 138 136.9 135.8 134.9 133.9 132.9 132.4 132.8 133.2 133.3 133 133.5 134.2 133.7 134.1
133.7 136.3 138.1 134.1 141.9 142.8 142.1 143.9 145.9 146.5 146.2 145.3 146.6 149 149.1 149 150.4 152.2 153.5 154.8 156 156.8 157.9 157.1 157.6 161 166.7 169.6 171.3 171.5 168.7 166.1 162.9 156.2 150 145.2 143.5 141.7 139.9 138 137.5 137 137.7 138 136.8 135.6 135.1 135.8 135.3 136.5 135.3 134.4 135.9 135.1 133.5 133.4 133.8 135.2 136.7 138.2 139.1 138.8 138.8 137.8 136.8 135.8 134.8 133.8 133 132.1 131.3 131.4 131.2 131.2 131.8 132.5 132.9 131.7
134.7 138.1 135.7 142.1 144 144.4 144.6 145.9 147.2 148.5 148.6 148.4 148.8 150.3 150.6 152.4 154.6 156.9 160 161.3 162.5 163.2 164.6 162.1 163.1 165.7 171.3 173.8 174.2 173.7 171.1 167.6 163.2 156.5 150 144.7 142.3 140.7 139.7 138.9 138 137.5 138.4 139 137.7 136.5 135.8 137.3 138.2 137.9 136.6 135.6 135.9 133.9 131.9 131.2 132 134 135.2 137.1 138.2 137.8 138.5 137.9 136.8 135.8 134.8 133.9 133 132.1 131.2 130.8 130.9 130.7 130.4 130.4 130.4 129.6
135.6 136.3 141.1 143.1 145.1 145.4 145.4 146.9 148.3 149.9 152.2 152.1 151.6 152.2 155.8 158.9 161.6 163.8 166.6 168.6 169.6 170.9 171.3 168.9 170.9 172.9 175.9 176.8 176.5 175.5 172.3 168.7 163.6 156.9 151 146.5 144 142.7 142.8 141.4 140.1 139 138.7 138.5 138.4 137.9 137.9 138.5 138.8 138.7 137.6 136.6 135.3 134.2 133.1 131.3 130.1 132 132.9 135.9 137.2 137.5 138.2 138.1 136.9 135.9 135.2 133.7 132.8 131.9 131.2 130.6 130.5 130.4 130.1 129.5 129.5 128.7
134.3 139.4 142.8 144.2 145.4 145.7 146.2 148 151.1 155.1 157.7 159.2 156.8 157.6 161.9 165.4 168.1 170.7 173.9 176.8 177.8 178.7 178.2 176.8 178.3 178.3 178.7 179.4 178.3 176.9 173.4 169.3 163.9 158.9 153.2 148.9 146.5 146.3 146.4 146.5 144.6 141.2 139.8 139.9 140.5 139.8 139.8 140 139.7 139.4 138.3 137.8 137.3 136.2 134.7 132.6 129.6 128.6 131.2 134.1 136.5 137.2 137.9 138.3 137.2 137 136.1 134.6 133 132.2 131.5 130.9 130.3 130.3 129.7 128.8 128.5 128.6
134 137.1 140.1 143.1 145.7 145.8 147.1 151.2 155.8 160.4 164.1 166.4 164.4 164.7 168.9 173 176.6 178.9 181.9 184.6 184.6 183.8 184.2 183.2 183.8 182.8 182.6 181.2 179.7 178.3 175.5 171.4 168 162.3 155.4 151.7 152.7 152.7 154 153.6 148.4 145 142.3 143.2 142.6 141.8 142.1 142 141.3 140.6 138.3 136.7 138.5 137.5 135.8 133.1 130 127.6 131.9 135.2 137.7 138.4 138.3 138.4 137.8 137.1 136.4 135.1 134.9 134.2 132.7 131.6 132.6 130.9 129.7 129 128.1 129.1
135.3 136.7 139.2 141.2 143.7 145.2 148.7 154.5 159.4 164.7 171.5 174 172.2 171.8 175.9 180 184.2 186.8 188.5 188.9 188.8 188.1 187.4 186.8 186.2 185.7 184.8 182.9 181.4 180.1 178.4 174.9 170.4 163.7 160 158.3 158.8 159.4 161.3 159.7 153 147.3 145.8 145 144.4 143.6 143.6 144.1 143.2 140.8 139.4 138.5 138.3 136.8 135.6 132.8 129.6 129.2 133.1 136.6 139.2 139.6 138.9 138.2 137.8 137.2 136.6 136 135.5 133.5 132.4 131.8 132.1 133 130.1 128.7 128.3 128.4
139.7 141.8 144.4 146.3 147.7 148 150.2 156.1 162.6 171.2 177.6 180 181 181 182.7 186.1 188.4 190.4 191.3 191.1 190.7 189.7 189 188.6 188 187.2 186.1 184.6 183.1 181.9 180.5 177.9 174.8 170.2 167.3 165.3 166.3 165.7 164.5 157.9 151.7 149.5 148.1 147.5 146.2 144.4 144.3 143.4 142.5 140.6 138.5 137.6 138 136.4 134.2 132 128.8 131.7 134.6 137.7 140 138.9 137.5 136.7 137.5 136.6 135.7 134.7 134.1 133.1 132.1 131.6 132.2 131.9 129.7 128.6 128.6 129.9
143.4 145.2 146.5 147.8 149.8 151.2 153.7 159.5 166.8 173.5 180.2 183.1 184.3 186.2 186.6 188.7 190.8 192.6 192.4 191.4 190.7 190.4 189.7 188.4 187.8 187.2 186.4 185.3 184.7 183.6 182.3 180.6 178.1 175.9 173.8 172 171 169.2 162.6 155.8 154 154.5 154.1 151.2 148.4 146 144.4 142.8 141.5 140.3 139 137.6 135.5 134.8 132.4 129 133.3 132.2 134.7 136.5 138.2 136.3 134.1 134.1 134.2 133.6 132.6 131.5 132.4 132.2 131.7 129.8 129.6 129.8 128.3 128.4 129.7 132.4
139.2 141.6 145 147.5 149.9 153.1 158.8 165.4 172 178.6 185 187.2 188.6 189 189.7 190.9 191.9 191.9 192 190.8 189.8 188.8 187.8 186.3 185.8 185.5 185.1 184.2 183.9 183.2 182.1 182.1 181 179.4 178.3 177.1 175.1 169.9 164 158.3 159.9 162.7 159.9 157.8 153.4 148 146.1 144.2 142.4 141 139.9 138.1 135.5 132.9 129.9 127.8 129.2 131.3 132.4 133.6 134.2 132.2 130.8 131.2 131.1 130 129.1 128.5 129.6 129.2 128.4 127.1 127.1 127.8 127.7 128.5 133 135.5
136.6 141.6 142.9 148.2 153 158.2 163.1 170.1 176.8 183.1 188.3 190.3 191 191.5 190.7 190.6 190.9 190.8 189.4 188.6 187.5 186.5 185.1 183.3 182.3 182 181.1 178 176.3 176 178.4 182.6 183 181.8 181 180.1 178.3 173.5 167.9 165.8 168 169.2 167.4 163.4 156.4 150.6 147.5 145.6 143.7 141.6 140 138.5 136 134.3 130.8 127.9 128.3 130.2 129.5 129.7 132.2 128.4 128.2 127.7 126.9 126.1 125.8 126.1 127.2 127.9 127.2 127 129.2 130.7 131.7 134.2 136.9 137.9
137.8 141.7 145.9 153.1 160.3 165.4 170.5 175.7 181.9 188.1 191.2 191.8 191.3 190.6 189.5 188.3 188.4 187.8 186.5 185.4 184.2 183.2 181.4 179.7 178.4 178.7 177.1 173.4 169.3 170 175.6 180.9 183.1 183.1 182.3 181.9 180.2 177.5 174.7 176.1 176.3 174.8 171.6 166 159.4 153.1 148.6 146.9 145.3 144 139.9 138.1 136.6 135.9 133.1 130.2 128.9 127.2 124.7 126.1 127.2 126.9 132.3 125.7 125.8 125.2 126.3 126.7 126.2 129.7 129.5 129.6 130.6 133.6 137.6 139.5 142.1 137.4
138.6 144.2 149.8 157.2 165 172.5 177 181 186.1 190.4 191.3 190.6 189.8 189.3 188.3 186.9 185.9 184.7 183.5 182.1 180.9 179.6 178 175.1 172.2 172.8 171.1 168.3 162.1 166.7 175.1 179.1 181.4 181.8 182.9 182.2 181.5 180.9 179.8 179 178.7 177 174.5 167.7 161 155 150.1 147.1 145.5 144 140.3 139.7 138.3 137.1 135.4 133.1 131.3 129.4 128.2 127.3 126.5 125.8 125.6 126 131.5 127.8 128.9 130.9 131.6 133.2 134.6 133.7 132.4 132.8 137.5 141 142.9 140
141.1 147.8 154.3 160.8 168.5 175.8 179.6 184.7 188.5 190 190.4 189 188.2 187.1 185.4 184.1 181.4 179.3 179.7 178.9 177.5 175.8 173.9 169.9 166.4 168.3 165.2 162.5 159.4 166.1 172.6 176 179.5 181.1 182.4 182.6 183.4 183.8 181.7 181.5 180.5 178.9 175.7 171 164.7 159 153 147.3 144.8 142.7 141.7 141.8 140.2 138.4 136.6 135.9 135.5 134.8 131.9 130.9 129.1 128.5 126.5 125 125.9 127.3 132.2 133.3 135.1 137 137.9 137.3 135.8 134 135.1 138.6 142.1 145.1
143.6 150.3 157.9 165.2 172.3 176.4 180.4 186.3 188.5 188.9 188.8 187.5 185.6 183.8 181.4 180 176.9 174 175.2 175.2 173.3 171 168.4 165.2 162.2 164.4 160 156.8 156.8 162.8 170.4 174.1 176.6 178.9 180.4 181.5 183 183.8 183.1 182.7 182.1 179.7 177.2 174.5 169.7 161.6 154.6 148.5 145.5 143.9 142.6 142.5 140.9 139.3 139.1 138.2 137.8 136.9 135.4 133.7 131.7 130.2 127.6 124.7 125.3 127.8 130.2 133.4 136.3 136.9 139.9 139.3 136 135.5 136.7 137.6 139.2 141.5
143.2 151 158.9 166.7 173 177.4 181.4 186.5 187.5 186.7 187 185.4 182.8 179.8 176.3 174.7 172.6 169.1 170.5 171.3 169 165.7 163.3 161.3 159.6 161.9 157.5 153.8 156.3 161.2 167.9 171.4 173.5 175.9 178.3 179.6 181.1 182.7 184 184.2 183.4 181.1 178.6 176.1 172.5 163.7 157.2 152.8 150.3 147.5 145.3 143.3 141.9 141.4 141.2 140.3 139.4 138.4 136.6 134.8 132.8 130.3 127.8 124.8 124.1 127.3 130.2 133.6 137.1 139.2 140.6 139.7 137.6 137 138.5 138.5 139.4 142.8
145.3 152.8 160.1 166.2 172.8 177.4 182.2 185.9 186.5 185.2 184.5 181.3 178.4 174.6 171.3 169.7 168 165.4 166.1 166.2 164.4 161.3 160.3 159.8 157.6 157.9 154.6 152 158 163.5 167.8 166.5 168.4 171.6 174.7 177.8 179.7 181.4 182.5 183.6 184.7 182.4 179.9 177.2 174.3 168.9 162.9 159.8 156.2 152.6 149.2 145.8 142.6 140.8 140.3 141 140 138.4 135.7 133.4 130.8 128.3 126.4 124.8 123.7 126.2 130.5 133.4 136.9 139.4 140.8 140.6 138.1 139 140.5 139.3 139.9 141.1
147.5 154.8 161.7 167.3 173 177.1 181.4 185.5 185.3 184.1 180.4 176.8 173.6 169.9 166.9 166.1 165 162.6 161.5 161.6 160.5 158.3 158.1 157.6 155.4 154 152.7 154.4 158.6 161.6 162.8 162.7 163.1 166.6 169.8 173.9 176.8 179.2 180.5 181.6 182.5 182.7 181.2 179.3 176.4 172.8 168.6 165.9 162.8 159.2 154.8 150 144.7 141.5 139.6 141.7 140.6 137.9 133.9 131 129.2 127.5 125.9 124.2 123.8 125.5 129.4 132.4 135.3 138.1 140.8 141.9 140.8 140.1 141.2 142.8 142.4 141.3
148.7 156.6 163.3 168.8 173.7 177.8 181.8 184.4 183 181.2 177.5 173.4 169.2 166 162.9 162.7 161.7 161.4 159.3 158 157 156.4 155.7 154.7 153.6 151.7 149.8 152.6 156.8 159.4 160 157.8 157.5 161.1 164.9 168.7 174.3 176.8 178 179.2 180.5 181.2 181.1 180.2 178.2 175.2 172.9 170.3 167.7 165 159.3 153 146.9 142.9 139.9 141.3 140.1 137.6 135 132.8 130.2 128.2 126.2 123.8 124.1 124.3 127.4 130.5 133.2 135.9 138.8 141.9 142 140.5 141.3 142.3 144 143.5
150.7 157.9 164.4 169.4 174 177.9 181.8 182.9 181.6 179.2 175.1 170.9 166.5 163 160.9 159.2 159.4 158.6 157.1 156.5 155.4 154.2 153.2 152.2 151 149.9 150.2 151.6 155 156.7 156.6 154.7 155.1 155.6 159.6 164.8 170 174.4 175.9 176.2 178.1 179.2 179.8 179.2 178.5 177.4 174.7 172.1 169.4 166.5 162.6 156.2 149.8 145.4 143.3 144.3 142 138.3 137 135.2 131.8 129.7 127 124.3 123.8 125.8 126.9 129 131 133.8 136.7 139.5 141 140.8 141.9 142.7 143.6 144.3
150.8 157.5 164.1 169.1 173.7 177.5 181.1 181.2 180.6 176.1 172 167.9 164 161 159.3 157.5 157.1 156.3 155.4 154.8 153.9 152.7 151.8 150.8 149.8 148.8 148.8 150.9 152.7 154.1 153 152.4 152.7 153.2 156.6 161.7 166.8 172.9 172.6 173.7 175.6 176.9 177.7 178 177.6 176.9 175.4 173.7 170.7 167.7 164 158.7 153.1 147.5 144.9 142.8 140.2 137.2 134.9 134.3 131.6 129.6 126.9 124.3 124.2 127.7 129.2 130 130.8 131.9 133.9 136.3 139.8 141.3 142.4 143.3 144.1 145.7
149.2 156.2 163.3 168.4 173.2 176.9 180.1 180 179 173.5 169.7 165.9 162.2 159.6 157.9 156.2 155.6 154.4 153.7 153.1 152.4 151.3 150.4 149.4 148.5 147.5 147 148.5 150 151.5 150.8 149.9 149.8 149.8 153.2 157.7 162.7 165.8 167.1 169.6 172.8 174.6 175.2 175.6 176 175.9 174.6 172.7 170.7 168.3 165.1 161 156.4 151 146.4 142.5 138.7 136 134.2 132.4 129.9 128.7 126.2 123.6 124.3 128 129.4 130.7 131.6 132.7 135.2 136.8 138.5 140.2 142 143.6 144.4 147.6
147.7 155.2 162.3 167.4 172.3 175.8 179.3 179.2 177.5 172.3 167.9 164.2 160.5 158.6 156.7 155.1 153.9 152.7 151.7 151.1 150.7 150 149 148.1 147.1 146.2 145.8 147 148.2 149.2 148.1 146.5 144.6 147.6 150.5 153.5 157.4 158.9 160.3 165.9 170.2 172.3 172.8 173.2 173.6 173.4 172.6 171.1 169 167.4 164.5 161.2 157.7 154.4 150 143.3 140 136.9 134 132.6 129.6 127 124.4 122.9 125.2 127.5 128.9 130.4 131.8 132.6 136 139 139 140 141 143.1 144.8 149.2
147.1 153.7 160.4 166.1 171.1 174.7 178.2 178 176.9 172.2 168.8 164.7 160.8 158.7 157.3 156.3 155.3 154 152 150.5 149.2 148.9 147.9 147 146 145 144.7 145.9 146.9 147.1 145.9 144.7 143.2 145.5 148.2 151 151.5 152.6 156.7 163.6 167.8 169.4 170 170.7 171.3 170.8 170.1 168.5 166.8 165.2 163.2 160.5 157.9 156 152.2 146 140.9 137.6 135 133.2 128.6 126.2 123.4 123.2 127.1 128.1 128.5 129.5 130.6 132.1 134.5 138.1 140.7 140.9 142.2 146 147.5 150.3
145.7 150.5 157.2 162.1 168.1 173.7 177.4 178.7 178.2 176.4 172.2 167.3 163.2 160.5 159.1 157.9 156.7 155.4 152.3 151.4 149.5 147.4 146.8 145.9 144.8 143.7 143.6 144.5 144.7 144.9 143.7 142.5 142.1 144.2 145.5 146.4 146.8 148.1 154.6 161.8 165.7 166.4 166.9 167.6 168.2 167.9 166.7 164.9 163.2 162 160.6 159 156.4 153.8 151 146.1 140.4 137.2 134.6 133 129.5 126.1 123.7 123.2 127.4 127 128.7 130.5 132 133.7 136.6 138.9 141.3 142.4 144.5 150.5 152.5 153.5
144.6 147.7 152.3 158.4 167.2 173.3 176.4 179.5 179.4 179 175.4 171.4 166.1 163.4 162.6 161.9 159.4 155.9 153.1 151.9 149.9 147.9 145.9 144.7 143.6 142.4 142.2 142.4 142.6 142.8 141.5 140.7 141.7 144 144.6 144 143.6 145.4 151.3 155.8 160.4 163.2 163.5 164.6 165 164.5 163.4 160.8 157.5 155.2 155.1 153.1 153.5 151.5 149.1 143.7 138.6 134.5 133 132 129.6 127.6 123.2 123 125.4 126.9 129.4 131.4 134 138.5 141.6 145 147 145.5 147.6 152.5 155.9 156
144.5 148.1 152.6 159.5 167.4 172.5 176.5 179.5 180.7 181.1 177.8 173.5 170.3 168.5 167.4 164.4 161.1 157.4 154.1 152.3 150.3 147.9 145.6 144.4 143.2 142.1 141.2 140.8 140.5 140.6 139.9 139.2 140.2 142 142.7 143.3 142 142.7 146.1 150 153.5 156.4 156.9 158.8 161 160.8 159.2 154.5 150.9 148.9 147.7 147.2 147.3 147.6 144.3 140.9 135.3 131.6 129.6 128.2 127.8 127.6 122.8 122.7 125 127.6 131.3 134.2 139.9 144 147.3 150.8 151.1 152.6 154.6 157.3 159 158.5
