data/SP56.asc
ncols 200
nrows 200
xllcorner 450000
yllcorner 260000
cellsize 50
[rows 35 to 69 of 200, columns 0 to 79 of 200]
90.7 90.3 89.5 88.6 88.1 87.8 87.5 87.7 88.1 88.5 89 89.4 89.5 89 88.6 89 89.4 89.2 88.7 88.1 87.6 86.9 86.6 86.6 86.6 86.4 86.3 86.5 87 87.4 87.8 88.3 88.4 88.5 89 89.1 89.5 90.2 90.8 91.2 91.6 92.2 92.8 93.5 94.8 95.9 98 98.8 101.9 104 107.1 110.6 113.2 114.8 115.4 115.1 114.8 114.4 112.7 113.1 113.7 113.6 113 112 111.4 110.6 111.1 110.9 113.4 113.9 113.3 112.5 111.3 110.8 115.7 120.2 123.7 125 126.5 128.6
93.3 93.1 92.2 91.2 90.5 89.9 89.4 89.1 89.3 89.4 89.2 89.4 90.1 89.3 89 89.5 89.5 89 88.4 87.9 87.3 86.7 86.3 86.3 86.3 86.2 86 86.3 86.7 87.2 87.7 87.9 88 88.1 88.2 89.1 89.1 89.6 90 90.4 90.8 91.4 92.2 93.1 94.2 96.2 98.2 100 102.7 105.4 108.2 111.1 112.7 113.4 112.9 112.2 111.7 110.8 109.8 108.8 109.5 109.4 108.4 108.5 107.8 107.3 107.9 108.6 109.8 109.6 109.5 109.2 111.3 115 119.3 122.7 124.8 125.2 126.9 128.6
96.4 95.9 94.9 93.9 93 91.8 91 90.6 90.4 90.3 90.3 90.2 90.6 90.5 90.5 90 89.3 88.7 88.2 87.6 87 86.6 86 86 86 85.9 85.9 86.1 86.6 87.1 87.4 87.5 87.6 87.7 87.8 88 88.6 88.8 89.2 89.7 90.4 91.1 91.8 92.5 93.6 95.6 99 100 102.7 105.8 108.8 111.3 112.1 112.2 111.7 110.9 109.3 107.9 106.8 105.8 105.3 105 104.9 105 104.2 104 104.9 105.9 106.6 107.8 108.9 110.9 113.2 117.4 121.9 123.8 125.3 126.2 127.3 128.3
99.5 98.3 97.2 95.9 94.6 93.5 92.8 92.1 91.4 91.2 91 90.7 90.5 90 89.7 89.7 89 88.4 87.7 87.3 86.5 86 85.6 85.6 85.7 85.7 85.8 86 86.5 86.9 87 87.1 87.2 87.3 87.5 87.6 87.8 88.5 88.9 89.4 90 90.7 91.4 92.2 93.4 95.1 99.5 99.6 102.6 105.6 109.1 111.1 111.6 110.3 110.2 108.7 107 104.8 103.8 103.1 102.5 101.9 102.8 103.2 103.1 103.6 104 105.5 106.6 107.7 109.5 112.4 116.2 120.2 122.3 124.2 125.6 126.4 127 128.1
100.6 99.7 98.2 96.9 95.9 94.8 93.7 92.8 92.2 91.9 91.7 91.2 91.2 89.6 89.4 89.1 88.5 87.8 87.3 86.9 86.3 85.6 85.3 85.5 85.5 85.6 85.8 86 86.4 86.5 86.6 86.8 87.1 87.3 87.5 87.7 87.8 88.2 88.6 89.1 89.7 90.4 91.1 91.9 93.3 94.8 94.8 99.1 102 105 108.7 111.1 110.9 109.5 108.8 106 104.7 102.7 101.5 100.7 100.9 101.5 101.9 102.1 102.3 103 103.9 105.5 106.6 108.1 110.4 114.8 119.3 121.6 123.3 124.3 125.7 126.4 127.2 127.9
101.1 100.1 98.7 96.9 95.1 94.9 94.1 93.3 92.6 92.3 91.7 91.3 90.6 89.3 89 88.4 87.8 87.3 86.9 86.4 86 85.3 85.2 85.3 85.4 85.5 85.7 85.9 86.3 86.5 86.7 87 87.2 87.4 87.6 87.7 87.7 87.8 88.9 88.9 89.4 90.1 90.9 91.7 93.2 94.5 95.5 98.6 101.4 104.1 108.3 110 110 108.8 106.8 104.7 103.4 101.6 100.6 100.3 100.6 101.1 101.2 101.4 102.2 103.2 104.3 105.4 107.2 109.6 111.6 116.6 120.9 123.1 124.6 124.8 125.7 126.5 127 127.4
101.1 99.5 98 96.5 95.4 94.5 93.8 93.2 92.4 91.7 91.1 90.5 89.8 89 88.4 87.9 87.4 86.9 86.4 85.9 85.5 84.7 84.2 85.2 85.2 85.3 85.5 86 86.4 86.6 86.9 87.1 87.3 87.5 87.5 87.6 87.7 87.8 87.9 88.7 89.3 89.9 90.7 91.5 92.9 94.1 95.2 97.2 100 102.1 105.1 106.7 107.4 105.8 104.4 102.8 101.5 100.6 99.9 99.8 100.1 100.4 101.1 101.9 102.6 103.6 104.7 105.8 108.8 111.8 115.8 118.9 122.2 124.1 125 125.4 125.8 126.2 126.5 126.8
99.7 98.6 97.3 96.1 95 93.9 93.2 92.6 91.9 91.2 90.6 89.9 89.2 88.5 87.9 87.4 86.9 86.5 86 85.5 85 84.7 84.6 84.7 85.2 85.2 85.6 86 86.4 86.8 87 87.2 87.3 87.4 87.5 87.6 87.7 87.8 88 88.2 89.3 89.9 90.5 91.3 92.5 93.6 94.8 95.6 97.8 99.5 100.7 102.2 103.2 102.2 101.8 100.6 99.8 99.3 99.1 99.4 99.9 100.5 101.2 101.9 102.6 103.6 105 106.5 109.2 114.3 117.9 121 123.5 124.5 125.1 125.2 125.4 125.6 126 126.2
98.4 97.4 96.5 95.4 94.3 93.2 92.6 91.9 91.3 90.6 90 89.4 88.7 88 87.5 86.9 86.5 86 85.5 85 84.6 84.9 85.1 85.1 85.2 85.5 85.8 86.1 86.5 86.9 87.1 87.2 87.3 87.4 87.5 87.6 87.7 87.9 88.1 88.3 89.2 89.7 90.3 91 92.2 93.2 93.9 94.5 95.5 96.9 98.3 99.3 100.2 100.1 99.4 98.8 98.6 98.4 98.9 99.3 99.7 100.4 101.3 102 102.7 103.7 105 106.7 109.3 113.4 117 120.4 122.5 124.7 124.9 125 125.1 125.2 125.5 125.4
97.9 96.7 95.7 94.9 93.7 92.5 91.7 91.3 90.7 89.9 89.3 88.8 88.2 87.6 87.1 86.6 86.1 85.6 85 84.5 84.4 84.7 85.1 85.3 85.5 85.7 86 86.3 86.6 87 87.1 87.2 87.3 87.4 87.5 87.6 87.7 88 88.2 88.4 88.6 89.5 90 90.7 91.5 92.4 93.3 93.9 94.5 95.4 96.4 97.3 97.9 98.3 97.7 97.2 97.8 98.2 98.7 99.2 99.5 100.2 101 101.9 102.7 103.8 105.1 106.8 108.7 113.4 117 120.8 122.9 124.2 124.9 124.9 125 124.8 124.9 124.6
98.4 97 95.6 94.4 93.3 92 91 90.8 90.2 89.5 89 88.5 87.8 87.4 86.9 86.4 85.9 85.3 84.7 84.4 84.2 84.6 85.1 85.5 85.8 86 86.3 86.6 86.9 87 87.1 87.2 87.3 87.4 87.5 87.6 87.8 88 88.2 88.4 88.7 89 89.9 90.5 91.1 92 92.6 93.3 94 94.6 95.1 95.8 96.3 97.3 97 97 97.3 97.8 98.2 98.7 99.3 99.9 100.8 101.4 102.4 103.9 105.4 107.7 110.1 115.8 119.7 122.8 124.6 125 125.1 125.1 125.1 125 124.9 124.9
99.4 98 96.5 94.7 93.5 92.2 90.9 90 89.6 89.3 88.8 88.1 87.3 87.2 86.8 86.4 86 85.3 84.4 84.3 84.1 84.6 85 85.5 86 86.3 86.5 86.7 86.8 86.9 87 87.2 87.3 87.4 87.5 87.7 87.9 88.1 88.4 88.6 88.8 89.1 90 90.4 90.9 91.5 92.3 93 93.7 94.1 94.3 94.6 94.8 96.7 96.7 96.9 97.2 97.5 97.8 98.3 98.7 99 99.4 100.8 102.4 104.3 106.3 108.7 112.4 117.7 121.6 124.5 125.1 125.6 125.6 125.5 125.4 125.2 125.1 124.9
100.5 99.3 97.4 95.9 94.6 92.9 91.6 90.2 88.7 88.6 88.3 87.6 87 86.8 86.7 86.3 85.6 84.9 84.1 83.9 84.1 84.6 85 85.5 86 86.5 86.6 86.7 86.8 86.9 87 87.1 87.2 87.2 87.3 87.4 87.8 88.1 88.3 88.5 88.7 89 89.6 90.6 90.6 91.2 92 92.8 93.4 93.6 93.8 94 95.1 96.1 96.5 96.8 97 97.3 97.4 97.6 98 98.4 99.1 100.7 102.5 104.5 107.1 110 114 119.5 123.6 124.6 125.3 125.9 126 125.8 125.5 125.5 125.4 125.3
101.1 100.2 99 97.4 95.5 93.5 92 90.3 88.7 87.8 87.6 87.2 86.6 86.4 86.2 85.7 85.1 84.4 83.7 84 84.3 84.9 85.7 85.8 86.2 86.5 86.6 86.7 86.8 86.9 86.9 87 87 87 87.1 87.2 87.1 87.8 88.2 88.4 88.7 88.9 89.5 90.9 90.4 91 91.8 92.6 92.9 93.1 93.3 94.1 95 95.7 96.3 96.5 96.7 96.9 97 97.2 97.5 98.1 99 100.7 102.6 104.5 107.5 111 115.2 120.7 124 125.2 125.9 126.3 126.2 125.9 125.7 125.7 125.6 125.5
102 101.3 100.5 98.6 96.1 94 92.1 90.4 89.1 87.6 87.1 86.6 86.2 85.9 85.5 85 84.4 83.7 84 84.3 84.6 85.2 85.7 86 86.3 86.5 86.6 86.7 86.7 86.7 86.8 87 86.8 86.8 86.8 86.9 86.8 87.2 87.9 88.4 88.6 88.8 89.4 89.8 90.5 91 91.6 92.2 92.3 92.3 93 93.9 94.7 95.4 95.8 96.2 96.4 96.4 96.6 96.9 97.3 98.3 99.4 100.8 102.4 104 107.2 110.5 115.6 120.7 123.5 124.9 125.6 126.5 126.2 125.9 125.9 126 126 125.7
103.1 102.2 101.4 99.6 96.7 94.7 92.1 90.4 89.3 87.1 86.8 86.8 85.8 85.2 84.6 84.1 83.7 84 84.3 84.6 84.9 85.3 85.7 86 86.2 86.5 86.5 86.5 86.6 86.6 86.7 86.9 86.7 86.5 86.6 86.7 86.7 86.6 87.3 88 88.5 88.8 88.8 89.1 90.5 91.1 91.3 91.1 91.2 91.6 92.7 93.7 94.4 94.9 95.4 95.8 95.8 95.8 96.2 96.6 97.1 98.1 99 100.4 102 103.4 106.4 110 114.8 119.3 121.2 122.7 124.3 125.7 126.1 126.1 126.2 126.2 126.2 125.9
101.3 101.5 101.1 100 97.3 94.8 92.1 90.3 88.5 87.6 87.3 86.7 85.7 84.5 83.8 83.5 83.8 84.2 84.5 84.8 85 85.3 85.7 85.9 86.1 86.4 86.5 86.4 86.4 86.5 86.7 86.8 86.6 86.4 86.4 86.5 86.6 86.2 86.6 87.3 88 88.4 87.8 88.6 89.3 90.2 90.6 90.1 90.7 91.4 92.5 93.3 93.7 94.2 94.7 95.2 95.2 95.2 95.8 96.3 96.9 97.8 98.6 99.8 101.2 102.5 105 108.3 111.1 114.4 117.4 121.5 123.3 125.3 126.2 126.4 126.4 126.5 126.6 126.2
99.1 100.8 101 100.1 97.3 94.5 91.9 90.1 88.3 87.1 86.6 86.1 85.3 84.2 83.2 83.5 84 84.4 84.7 84.9 85.1 85.3 85.5 85.8 86 86.2 86.3 86.3 86.3 86.4 86.6 86.7 86.5 86.3 86.1 86.2 86.3 86.1 86 86.5 86.7 86.7 87.6 88.4 89.2 89.3 90.3 90.7 91 91.4 92.2 92.6 93 93.5 93.9 94.5 94.4 94.9 95.5 96 96.6 97.5 98.2 99 100.3 101.6 103.6 106 108 110.6 115.3 120.4 122 123.9 126 126.5 126.8 126.9 126.9 126.5
96.6 99 100.7 99.6 96.9 94 91.4 89.7 88.3 87.1 86.1 85.5 84.6 83.7 82.8 83.4 84 84.6 84.7 84.9 85.1 85.2 85.4 85.6 85.8 86.1 86.4 86.7 86.6 86.4 86.6 86.5 86.4 86.2 86 86 86.4 86.4 86.2 86 85.9 86.5 87.3 88.2 89 89.3 89.9 90.3 91.3 91.3 91.6 92 92.4 92.8 93.2 93.6 94 94.6 95.2 95.7 96.4 97 97.7 98.3 99.5 100.8 102.2 104.5 106.7 109 112.1 114.9 120.4 123.7 126 126.2 126.5 126.9 127 126.7
94.1 97.3 99.5 98.9 96.3 93.3 91.1 89.5 88.4 87.2 86 85 84.1 83.3 82.8 83.4 83.9 84.5 84.6 84.8 85 85.2 85.3 85.5 85.7 86 86.3 86.6 86.6 86.3 86 86.3 86.1 85.9 86.1 86.6 87.1 87.1 87.1 86.8 86.5 86.7 87.4 88.2 88.8 89.1 89.2 89.7 91.7 90.8 91 91.4 91.8 92.2 92.6 93.1 93.6 94.2 94.8 95.3 95.9 96.5 97.1 97.7 98.8 100.1 101.5 103.6 105.8 108 111.1 114.9 120.4 123 124.7 125.5 126 126.4 126.4 125.7
91.8 95.7 98.8 98.1 95.5 92.9 90.9 89.5 88.3 87.1 85.8 84.8 83.9 82.9 82.7 83.4 83.7 84 84.4 84.6 84.9 85.1 85.3 85.4 85.5 85.8 86.2 86.5 86.2 85.7 86 85.8 85.9 86.2 86.6 87.2 87.7 87.9 87.9 87.7 87.6 87.8 87.9 87.9 88.3 88.4 89 91.4 92 90.4 90.5 90.8 91.3 91.9 92.4 92.9 93.4 93.8 94.4 94.9 95.5 96.1 96.6 97.2 98.4 99.5 100.7 102.5 104.3 106.4 111 114.9 119.8 121.6 123.1 124.1 125 125.5 125.5 124.7
89.6 93.9 96.4 96.8 95.4 92.8 91 89.2 88 86.8 85.6 84.5 83.5 82.5 82.7 83.3 83.8 84.1 84.4 84.6 84.9 85.1 85.2 85.3 85.4 85.7 86.1 86.3 85.6 85.5 85.6 85.8 86.3 86.7 87.2 87.8 88.4 88.6 88.8 88.7 89.1 89.3 89.2 88.9 88.5 88.7 89.1 92.8 88.8 89.5 90.1 90.6 91.2 91.7 92.2 92.7 93.2 93.6 94.1 94.6 95.1 95.7 96.2 96.8 98.1 98.9 99.9 102 103.8 105.6 110.7 114.8 119.2 120.6 121.5 122.6 123.6 124.1 124.3 124.2
88.5 91.7 94.1 95 94.9 93.2 91.1 89.2 87.5 86.3 84.9 84 82.9 82.1 82.6 83.1 83.6 84.1 84.4 84.7 84.9 85.1 85.1 85.2 85.3 85.8 86.1 85.5 85.3 85.3 85.6 86 86.5 87.1 87.7 88.2 88.7 89.1 89.5 90.2 90.4 90.6 90.7 90.3 89.6 89 89.1 91.7 92.4 89.8 90.1 90.5 91 91.5 92 92.5 93 93.4 93.9 94.4 94.8 95.3 95.9 96.5 97.5 98.2 99.1 101.3 103.6 106.8 111 115 117.3 118.9 119.9 120.9 121.6 121.9 122.3 123.2
87.4 90.4 92.6 93.1 93 92.5 91 88.9 87 85.7 84.5 83.3 82.2 82.2 82.9 83.4 83.8 84.2 84.5 84.7 84.8 85.1 85.2 85.1 85.1 85.9 84 84.1 85.1 85.3 85.7 86.2 86.7 87.4 88.1 88.5 88.9 89.4 90 90.5 90.9 91.3 91.8 91.4 90.6 89.8 89.6 91.9 94 89.9 90.1 90.4 90.8 91.3 91.9 92.3 92.8 93.2 93.7 94.2 94.6 95 95.5 96.1 96.7 97.4 98.8 100.5 102.7 105.7 109 110.8 113.7 115.6 116.9 118.7 119.4 119.4 119.8 120.1
86.4 89 91 91.6 91.6 91.1 89.7 88.1 86.5 85.2 84 82.8 81.9 82.6 83.3 83.7 84.1 84.3 84.4 84.5 84.5 84.8 85 85.2 84.8 84.7 84.2 84.6 85.2 85.7 86.1 86.5 86.9 87.6 88.4 89 89.5 90.2 90.7 90.9 91.4 91.8 92.2 92.6 91.5 90.7 90.4 93.4 94.1 90.8 90.4 90.6 90.7 91.2 91.7 92.1 92.6 93 93.5 93.9 94.4 94.7 95.2 95.6 96 96.8 98.1 99.3 101 104.2 106 107.7 109.3 111.3 114.1 116.6 117.2 117 117.2 116.3
85.7 87.6 89.3 89.8 89.8 89.3 88.6 87.5 86 84.7 83.5 82.2 82.3 83 83.7 83.9 84 84.2 84.2 84 83.9 84.1 84.4 84.6 84.4 84.3 84.1 84.3 85.5 85.8 86.2 86.8 87.4 88.1 89.2 90 90.7 91.4 91.7 91.4 91.9 92.2 92.6 92.8 91.8 91.3 91 93.7 93.9 91.6 90.8 90.9 90.9 91.1 91.5 91.9 92.4 92.8 93.3 93.9 94.3 94.5 94.8 95.2 95.6 96 97.3 98.4 99.5 101.2 102.9 104.6 106.2 108.1 111.8 115 115.7 115.1 113.8 112.3
84.7 86 87.4 87.9 88.4 88 87.2 86.3 85.2 83.9 82.7 81.9 82.6 83.4 83.4 83.3 83.4 83.5 83.4 83.4 83.4 83.5 83.7 84 84 84.2 84.5 85.1 85.3 86 86.3 87.1 87.9 88.9 90.1 91.1 91.7 92.3 92.2 92 92.2 92.5 92.7 92.9 92.3 91.9 92.2 92.9 93.8 92.5 91.6 91.3 91.5 91.4 91.4 91.8 92.3 92.8 93.3 93.9 94.1 94.3 94.5 94.9 95.3 95.8 96.5 97.7 98.7 99.9 101 102.1 104 105.9 108.4 109.4 110.3 110.6 110.4 109
82.7 83.9 85 86.1 87.4 86.8 85.7 84.9 84.2 83.1 81.9 82.1 82.9 83.3 83 82.8 82.7 82.7 82.6 82.8 83 82.9 83.2 83.7 84.3 84.8 85.3 85.9 86.2 86.6 87.3 87.9 88.7 89.7 91 91.7 92.2 92.6 92.6 92.5 92.5 92.6 92.8 93 92.7 92.8 93.2 94.1 94.3 93.4 92.6 91.9 91.6 91.4 91.4 91.8 92.3 92.8 93.4 93.7 94 94.3 94.6 94.9 95.4 95.9 96.5 97.2 98.1 99 99.7 100.8 101.9 103.8 105.4 107.2 108.3 108.7 108.1 106.1
80.3 81.6 82.7 83.9 84.9 84.7 83.8 83.7 83 82.3 81.5 81.6 82.3 82.7 82.5 82.3 82.4 82.4 82.5 82.7 83.1 83.6 84.2 84.7 85.5 86.2 86.8 87.2 87.5 87.9 88.4 88.9 89.9 90.8 91.7 92.2 92.8 93 92.9 92.8 92.8 92.8 92.8 92.9 92.9 93.1 93.4 93.9 94.5 93.8 93.1 92.3 91.5 91.7 91.2 91.7 92.3 92.9 93.4 93.9 94.3 94.5 94.8 95.1 95.5 96 96.4 96.9 97.8 98.4 99.1 100.1 101.3 102.6 104.3 105.5 106.5 106.2 105.4 103.9
80 80.1 80.8 81.5 81.5 81.6 82.3 82.2 81.6 81.1 81.4 81.6 81.7 82.1 82 82.4 82.6 82.7 82.9 83.4 83.8 84.3 85 85.8 86.7 87.6 88.4 88.6 88.9 89.3 89.9 90.5 91.4 92 92.2 92.9 93.5 93.4 93.2 93.1 92.8 92.8 92.8 92.8 93 93.3 93.6 93.7 94.5 93.7 93.1 92.3 91.8 91.5 91.9 91.9 92.5 93 93.4 94 94.3 94.6 95 95.3 95.6 96 96.4 96.8 97.5 98.2 98.9 99.6 100.5 101.7 103.3 104 103.8 103.3 102.9 102.8
80 80.1 80.5 80.5 80.5 80.6 80.7 80.8 80.8 80.8 81.4 81.6 81.7 81.9 82.1 82.4 82.7 83.1 83.5 83.9 84.4 85 86 87.1 88.2 88.8 89.3 90 90.4 90.7 91.2 91.6 91.9 92.3 92.7 93.6 94.1 93.8 93.4 92.7 92.3 92.4 92.5 92.6 92.9 93.3 93.4 93.5 94.2 93.2 92.8 92.3 91.7 91.3 91.7 92.2 92.6 93.1 93.5 94.1 94.5 94.6 94.7 94.8 95.5 96.1 96.5 97 97.5 98 98.6 99.2 99.5 100.4 101.4 102 101.7 101.9 101.8 101.8
80.7 80.4 80.2 80.5 80.4 80.5 80.7 80.9 80.9 81 81.4 81.6 81.8 81.9 82.3 82.8 83.2 83.6 84 84.5 85 85.7 86.8 87.9 88.7 89.3 89.7 90.4 91 91.3 91.6 91.9 92.2 92.6 93.4 94.3 94.7 94.3 93.3 92.3 91.9 91.9 92 92.3 92.7 93.1 93.3 93.2 94 92.6 92.1 91.5 91.3 91.2 91.7 92.1 92.7 93.1 93.6 94.2 94.6 94.7 94.9 95.1 95.4 96.2 96.6 97.1 97.6 97.9 98.5 98.7 99.2 99.8 100.7 100.8 100.9 101 101.6 102.6
80.8 81 80.9 80.8 80.6 80.4 80.8 81.4 81.6 81.5 81.6 81.8 81.8 81.8 82.2 82.8 83.4 84 84.5 85 85.5 86.2 87 87.5 88.4 89.3 90 90.8 91.4 91.8 92.1 92.3 92.5 93.1 94 95 95 93.6 92.6 91.8 91.5 91.5 91.7 92 92.4 92.8 92.7 92.6 94.1 91.7 91.3 90.8 90.8 90.8 91.2 91.8 92.6 92.9 93.7 94.3 94.8 94.9 95.3 95.4 95.8 96.1 96.7 97.2 97.5 97.8 98.5 99 99.2 99.8 100.8 100.6 100.9 101.6 102.3 103.4
80.8 80.9 80.9 80.3 80.2 80.3 81.3 81.9 82.2 81.9 81.8 81.8 81.8 81.7 82.1 82.8 83.4 84 84.6 85 85.6 86.7 87.3 87.8 88.8 89.8 90.7 91.1 91.7 92.3 92.5 92.7 92.9 93.2 94 94.9 93.9 92.7 91.7 91 90.8 91.2 91.4 91.6 92 91.7 91.5 91.4 91.1 90.3 90 90.2 90.3 90.3 90.9 91.7 92.5 93.2 93.7 94.3 94.9 95.5 95.6 95.8 96.3 96.4 96.8 97.1 97.4 97.8 98.5 99.2 99.6 99.9 100.7 101.1 101.6 102.3 103 104.1
81.8 80.9 80.8 80.5 80.4 80.8 81.3 81.8 82 81.6 81.6 81.6 81.6 81.6 82.1 82.7 83.3 83.9 84.5 85.3 86 87 87.9 88.3 89 90 91.5 92.2 92.8 93 93 93 93.1 93.2 93.5 93.5 92.6 91.3 90.1 90 90.5 91 91.2 91.4 91.1 90.4 90.1 89.9 94.4 89.6 89.6 89.7 90 90.4 90.8 91.5 92.3 93 93.9 94.1 94.7 95.2 95.7 96.3 96.8 97.2 97 97.1 97.5 98.1 98.7 99.3 99.8 100.2 100.8 101.3 102.7 103.5 104.3 105.3
