data/SP66.asc
ncols 200
nrows 200
xllcorner 460000
yllcorner 260000
cellsize 50
[rows 70 to 104 of 200, columns 0 to 78 of 200]
105 102.9 101.4 100.2 100.1 99.8 100.5 102.2 102.8 103 102.1 101.3 100.4 99.7 99.9 109.4 107.2 101.6 101.9 101.6 100.8 100 99.6 99.3 98.9 98.6 98.2 97.2 97.9 98.7 99.8 100 100.1 100.9 101.9 103.3 104.5 105.4 105.2 103.8 103.5 103.4 103.7 105.3 107.9 108 108.6 109.9 111.1 110.4 110.4 111.1 111.7 115 118.7 124.3 128.8 130.3 130.7 128.4 125.3 122.1 118.6 116.6 116.5 119.2 121.2 122.3 120.4 117.4 114.6 112.7 111.8 113.5 117 120.3 122.9 123.2 122.9
108.1 105.5 103.4 101.6 100.6 99.5 99.4 100.2 100.8 101.7 101.6 100.7 99.7 99.6 100.6 101.6 107.2 106 106.6 104.8 103.2 101.4 99.5 99.1 98.8 98.4 98.1 97 96.9 98.1 98.4 98.3 98.9 98.9 98.7 100 101.1 102.5 102.2 102 101.9 103.5 104.4 105.5 106.6 107.7 108.6 109.3 109.1 108.3 108.5 109.6 111.7 114.4 117.8 123.9 129.4 130.4 129.7 128.3 127.2 126.1 124 122.2 121.4 121.8 122.1 121.1 120.4 118.3 115.4 114.5 114.1 112.5 115.5 119.3 122.5 123.4 121.4
109.4 108.5 106.1 103.6 101.3 99.8 99.7 98.7 99.3 100.1 100.2 100.3 99.4 100.2 101.6 103.5 108 106.7 111.3 109.5 105.7 102.8 100.1 99 98.6 98.3 97.9 97.6 96.7 96.7 97.5 98 98.5 98.3 98.2 97.7 99.1 98.9 99 99.6 100.3 102.5 103.6 104.7 105.5 106.1 106.8 107.5 107.7 106.7 107.2 108.7 110.8 113.8 116.5 121.8 127.2 128.6 128.4 127.1 126.1 125.2 123.6 121.2 119.6 119.9 120.8 120.5 119.4 118 115 112.5 110.4 111.5 115.8 120.7 121.5 118.5 114.9
110 109.8 107.7 105.2 102.5 100.2 99.5 99.4 98.1 98.6 98.6 98.9 99.9 102.3 104.3 106.3 108.5 108.6 107 111.6 107.9 103.9 101 99 98.3 97.9 97.6 97.3 97 96.3 97.1 97.7 97.9 97.9 97.7 97 96.8 97.3 97.9 98.4 99 100.9 102 103.2 104 104.5 105 105.7 106.3 105.4 106.1 107.7 109.6 112 114.3 118.9 123.2 126.3 127.1 126.3 125.4 124.6 123.2 120.7 118.6 117.8 118.8 119.4 118.3 117.6 115 112.1 109.9 111.1 115 120.1 123.4 122.9 119.3
110.3 110.8 108.8 106.4 103.8 101.2 99.5 99.4 99.2 97.8 98.5 99.3 101.4 104.8 108.9 110.9 110.2 108.8 106.5 111.3 108.1 104.6 101.4 99.8 98.3 97.6 97.2 96.9 96.7 96.4 96.7 97.3 97.4 97.5 97.2 96.7 96.4 96.2 96.8 97.3 97.9 99.3 100.4 101.7 102.5 103 103.5 104.1 104.7 104.2 104.9 106.5 108.6 110.8 113.1 118.2 122.6 125.3 125.7 125.2 124.7 124 122.8 120.3 117.9 116.4 115.9 116.6 117 116 113.9 111.2 109.3 110.9 114.6 119.6 123 122.4 118.8
108.1 108.1 108.3 107.4 104.5 102 100.1 99.5 99.2 99 98.3 99.6 101.6 105.4 108.8 110.8 111 109.7 108.9 106.6 108 105 102.5 101 98.9 97.6 97.2 96.9 96.6 96.4 96.5 96.9 97 97.2 96.8 96.5 96.1 95.7 95.9 96.3 96.8 97.7 98.9 100.2 101 101.5 102.1 102.6 103.1 103.5 103.6 105.6 107.7 109.8 113.3 118.5 121.9 124.4 125.3 124.6 123.9 123.3 122.7 121 119.1 116.9 115 115.8 114.9 113.4 111.5 109.2 108.7 110.9 114.4 119.4 121.9 121.3 118.8
106.7 106.3 106.1 106 104.2 102.1 100.3 99.6 99.2 98.8 98.7 98.7 99.7 101.1 103.4 104.8 106.6 109.1 110.5 107.4 107.6 105 103.6 100.9 98.4 97.8 97.4 97 96.6 96.2 95.6 95.6 96.1 96.3 96.4 96 95.7 95.5 95.6 96 96.3 96.7 97.4 98.7 99.5 100 100.6 101.1 101.6 102 103.2 105.2 107.1 109.7 113 118 121.1 123.3 124.1 124.2 123.6 123.1 122.7 122 120.2 118.1 114.9 115.1 112.8 110.5 109.2 108.2 108.2 111.1 115.3 118.7 120.5 120.3 118
106.5 104.8 104.1 103.9 102.3 101.1 99.6 100.5 99 98.5 98.7 97.8 97.2 98.2 98.8 100.7 101.9 104.3 106.5 108.1 106.7 104.4 102.9 100.2 98.4 98 97.6 97.2 96.8 96.4 95.7 95.2 95.2 95.2 96 95.6 95.4 95.3 95.3 95.7 96.2 96.7 96.6 97.1 98 98.5 99 99.6 100.1 101.1 103.2 105.3 107.3 110.8 113.9 117.3 120.2 122.4 123.2 123.8 123.5 123.1 122.3 121.5 120.1 118.6 115.2 113 110.7 108.8 108 107.2 107.7 111.4 115.2 117.9 118.1 117.6 115.3
106.2 104.3 102.7 101.7 100.7 99.8 99.5 99.3 99.3 99.2 99.2 98.4 97.5 97.7 98.1 98.1 98.8 101.1 103.6 104.8 107.5 106.4 102.1 99.7 98.6 98.2 97.8 97.4 96.8 96 95.6 95.6 95.4 95.2 95.3 95.3 95.2 95.1 95 95.5 96.1 96.6 96.5 96.4 96.7 97.4 98.1 98.8 99.5 101 103.2 105.3 108.8 113.2 116.1 118.4 120 121.9 122.3 122.5 122.3 122.1 121.7 120.9 119.9 118.8 116.4 114.1 111.9 109.3 107.1 106.3 106.9 109.7 112.3 114.4 114.4 113.9 112.5
105.6 103.6 101.8 100.9 99.9 100 99.9 99.8 99.8 99.3 99.6 99 98.4 97.8 97.5 97.4 97.9 99.6 102 103.3 103.3 106.6 102 99.6 98.8 98.4 97.8 97.1 96.4 95.6 95.5 95.4 95.3 95.1 95.2 94 94.2 94.5 95.1 95.7 96.3 96.4 96.1 95.8 96.1 96.7 97.4 98.1 98.8 100.8 102.9 105.2 109.5 113.5 116.7 118.5 119.3 120.2 121.1 121.1 120.9 120.4 120.2 119.8 119.5 118.8 117.9 115.6 113.4 110.6 107.8 105.5 105.5 107.9 109.7 110.3 110.7 109.8 108.4
104.8 102.7 100.6 100.3 99.6 100.4 100.4 100.3 100.5 100.4 100 99.4 98.6 97.9 97.1 96.9 97.3 98.8 100.9 101.7 101.8 107.4 106.6 99.5 98.9 98.2 97.4 96.7 96 95.3 95.3 95.3 95.1 94.7 94.8 94.5 94.2 94.8 95.4 96 96.2 95.7 95.4 95.2 95.7 96.1 96.7 97.4 98.4 100.2 102.3 104.7 108.4 112.4 114.7 116.6 117.7 118.5 119.5 118.7 118.1 117 116.6 116.4 118.3 118.8 118.1 117 114.8 112.1 109.4 106.8 104.2 105.5 106.7 107.7 108 107.5 106.4
103.7 102 100.8 100.2 99.4 100.5 101.8 101.8 101.6 101.3 100.3 99.4 98.6 97.9 97.2 96.8 96.9 97.9 99.6 100.3 100.2 100.3 106.7 104.7 98.9 97.8 97 96.3 95.6 95.1 95.1 95.1 94.9 94.6 94.4 94 94 94.2 94.8 95.4 95.8 95.1 94.7 94.8 95.2 95.6 96.4 97.4 98.5 99.6 101.8 104.2 107.2 110.6 112.9 114.7 115.8 116.9 117 116 115.2 114.1 113.8 115.8 117.9 118.7 118.7 117.6 116.4 113.8 111 107.9 104.8 103.9 103.6 104.8 105.1 104.6 104.1
104.2 101.3 100.7 100.1 100.2 101.2 101.9 103.3 103.2 103.9 102.6 101.4 100 98.9 97.6 97.6 96.6 97.2 98.3 98.9 99 99.6 103.3 106.4 99.2 98.2 97.2 96.2 95.2 94.9 94.9 94.9 94.7 94.4 94.1 94 94 94 94.1 94.7 95.1 94.5 93.9 94.3 94.6 95 95.8 96.9 98 99.2 101.3 103.7 106.1 108.8 111.1 112.9 114 115.2 114.6 113.6 111.9 110.5 112.1 114.9 117.8 118.4 118.4 118.1 116.4 113.9 111.2 108.2 105.1 103 102.1 101.9 101.9 101.9 101.4
107.8 104.4 99.7 100.4 101.6 102.8 103.6 104.3 104.7 104.4 103.4 102.4 101.4 99.9 98.4 97.4 97.1 96.7 97 97.7 98.1 98.5 98.9 106.7 106.1 97 96 95.4 95.3 95.1 94.8 94.8 94.5 94.6 94.6 94.4 94.3 94.1 94 94.1 94.5 93.6 93.5 93.7 94 94.4 95.3 96.4 97.6 98.8 100.5 103 105.1 107.2 109.5 110.8 112.6 113.2 112.5 111.2 110.2 108.4 111.8 115.5 117.1 117.7 116.9 116 114 111.6 110.4 107.9 104.8 102.8 101.6 101.5 101.2 101.1 100.7
100.9 105.8 108.6 102.4 103.5 104.3 105.2 106.7 106.6 106.3 107.3 103.9 102.4 100.8 99.1 97.8 97.2 96.7 96.7 96.8 97.3 97.7 97.9 98.9 106.1 101 95.7 95.8 95.6 95.5 95.3 95.1 95.1 95.3 95.2 95 94.8 94.6 94.5 94.5 94.5 93.6 93.5 93.3 93.5 93.8 94.8 96 97.2 98.4 100 102.2 103.9 105.8 108.1 108.5 110.1 109.9 108.8 107.7 106.8 107.9 112.4 115.4 116.4 114.6 113.9 113.1 111.5 109.3 108.1 106.9 104.5 102.7 101 100.6 100.3 100.4 100
101.2 101.6 105 109.1 106.4 107.5 108.7 108.6 108.5 108.2 107.1 105.1 103.1 101.3 99.7 98.5 97.7 97.1 96.6 96.3 96.5 96.6 96.5 96.4 105.4 106.2 96.2 95.9 96 95.9 96.1 96.1 96.2 95.9 95.7 95.5 95.3 95.2 95.1 94.6 93.2 93.2 93 93.2 93 93.2 94.4 95.6 96.8 98 99.4 100.6 102.7 104.4 106.1 106.6 107.5 106.8 105.3 104.2 104.4 108.8 112.3 114.6 113.4 111.7 110 109.8 108.7 107 105.8 104.7 103.7 102.2 100.4 99.8 99.5 99.6 99.5
102 102.6 103.3 105.8 109.5 110.6 111.1 110.9 110.6 110 109.1 107.2 104.5 102.5 100.4 99.2 98.2 97.4 96.5 96.3 96.2 96.4 95.9 95.5 95.8 105.7 105.5 96.2 96.4 97.7 98.9 99.1 99 98.6 97.8 96.4 95.9 95.8 94.7 94 93.2 93.2 93.1 93 92.9 92.7 93.7 94.9 96 97.1 97.8 98.9 100.2 102.4 104 104.7 104.2 103.7 102.2 100.6 102.3 106.4 110.4 110.8 110 108.4 106.8 105.8 105.3 105.3 104.3 103.2 102.3 101.3 99.5 99.3 98.8 99.5 99.9
102.8 103.8 104.5 109.6 112.7 114 113.7 113.2 112.7 111.3 109.8 109.9 105.5 103.3 101.1 100.1 99.1 97.9 96.8 96.8 96.7 96.7 96.2 95.7 96.3 101.3 106.3 99.5 98.5 100.1 101.7 102 101.6 101.3 100.6 99.8 98.4 97.3 96.6 95.7 94.1 93.2 93.2 93.1 92.9 92.7 92.8 94 95 95.7 96.5 97.3 98.2 99.3 100.7 100.9 100.3 99.6 99.1 99 101.1 104.3 105.8 106.5 105.7 104.7 103.8 102.9 103.1 103.8 102.8 101.7 100.9 100.2 98.6 99.1 100.2 100.6 100.9
104.5 105.5 108.7 112.3 115.2 116.3 116 115.4 114.8 113.8 111.4 108.6 107.2 104.5 103.5 102.7 100.8 98.5 98.5 97.7 97.2 97.6 96.7 97.4 98.1 97.9 105.9 106.8 100.7 102.8 104.4 104.5 104.2 103.9 103.3 102.6 101.7 100.7 99.2 97.1 95.5 94 93.2 93 92.9 92.7 92.5 92.9 93.5 94.1 94.8 95.4 96.4 97.4 98.4 98.5 97.8 97.4 97.3 97.5 99.2 101.4 101.9 103.1 102.6 101.9 101.6 100.7 100.9 101.7 101.3 100.2 99.5 98.8 99 100.4 101.8 101.7 101.9
108.8 109.1 110.5 113.4 117.3 118.6 118.1 117.5 116.8 116.2 113.8 110.5 110.6 106.8 106.5 105.9 102.7 99.9 101.7 102.2 102.3 101.6 100.3 99.4 99.5 99.3 99.1 107.1 102.9 102.5 106.4 107 106.8 106.5 106 105.2 104.2 102.7 101.2 98.7 97 95.5 93.6 92.9 92.8 92.6 92.3 92.5 92.6 92.7 93 93.6 94.5 95.6 96 96.5 96 96.1 96.3 96.5 97.3 98.9 98.8 99.6 99.6 99 99.2 98.6 98.9 99.5 99.8 98.8 98.1 98.9 100 101.4 102.7 102.8 102.9
109.1 113 111.7 114.6 119.2 120.5 120.3 119.6 119 118.3 115.8 112.5 109.6 108.6 109.2 108 106.7 105 105.9 106.4 106.3 105.4 105.3 103 101.7 101.3 100.5 104.6 106.4 105 107.1 108.9 109.4 109.1 108.6 107.4 105.6 103.7 102.2 100.5 98.5 97.1 95 92.8 92.6 92.4 92 92.3 92.6 92.7 92.9 93 93.2 93.5 94 94.5 94.8 95 95.2 95.4 95.7 96.5 95.8 95.8 96 96.4 96.6 96.8 97.3 97.4 98 97.4 98.7 100.1 101 102.4 103.5 103.7 103.9
117 115.4 116 115.9 120.8 122 122.3 121.6 120.9 119.8 117.2 114.5 113.1 113.5 111.9 113.2 111.9 109.7 107.3 109.1 110.6 109.7 107.8 106 105.5 104.3 102.5 101.3 102.8 106 106.5 108 109.1 109.3 109.4 108.3 106.6 105 102.9 101.2 99.9 98.4 96.4 94.2 92.5 92.2 91.7 92.1 92.6 92.8 92.9 93.8 93.7 93.9 94.4 94.8 94.8 94.8 94.8 94.7 94.7 95.1 95.3 95.1 95.7 96.6 96.8 96.8 97.1 97.1 97.2 98.4 99.9 101.3 102 103 103.2 103.4 103.5
119.6 120.2 120.6 119.8 122.7 124 124.1 123.5 122.7 121.3 119.7 118.9 116.8 114.2 116 115.4 113.9 111.9 110.7 111.9 113.6 112.8 111 109.2 107.8 105.9 104.5 103 106.4 105.9 105.1 106.3 107.2 108.1 107.4 106.3 105.2 103.8 101.9 100.8 99 96.9 95.9 94.5 92.1 91.8 92.2 92.6 92.6 92.8 94 94.3 94.3 94.2 94.7 94.8 94.8 94.8 94.8 95 96.8 97.2 96.8 96.2 96.4 96.6 96.9 96.9 97 97.3 97.6 98.9 100.2 101.1 101.2 101.6 101.8 102 101.9
123.2 123.9 124.2 123.5 124.9 125.2 125.3 125.2 124.4 123 122 121 119.5 117.5 118 117.6 115.2 114.6 114.4 114.9 116.3 115.6 114.3 112.9 110.8 107.8 105.7 103.7 103.5 102.4 104.3 104.3 104.9 105.1 105.1 103.9 102.7 101.4 98.6 98.7 97.3 95.4 94.7 93.5 91.5 92 92.5 92.3 92.4 92.6 94.2 94.8 94.8 94.7 94.9 94.9 94.9 94.9 95.6 97.4 99.1 99.4 98.6 97.7 97.1 97.5 97.6 97.7 97.8 97.4 97.7 98.7 99.8 99.7 99.7 100.3 100.5 100.5 100.4
124.5 125.1 125.9 125.9 126.3 126.5 126.5 126.6 125.8 125.1 124 123 121.9 121.6 121.2 121.5 117.4 118.5 119.1 119.2 119 118.2 117.3 115.2 112.9 109.8 106.8 104.6 103.5 103.7 103 103.1 103.4 103.1 103.1 101.7 100.1 98.5 99.3 96.3 95.5 94.5 93.8 92.3 91.3 92.1 92.4 92.2 92.1 92.4 93.5 94.7 95.2 95.4 95.7 95.9 96 96.1 98 100.3 102.5 101.3 100.4 99.6 98.7 98.6 98.6 98.6 98.7 98.2 97.7 98.5 98.4 98.4 98.3 98.7 99 99.3 99.6
127 127.6 127.2 127.1 127.1 127.5 127.8 127.8 127.5 126.8 125.8 124.8 124 123 124.3 122.2 122.2 122.5 121.3 121.6 121.1 120.1 119.1 116.5 113 109.3 105.8 104.9 103.9 105.9 99.1 101.9 101 101.5 101 100.1 98.4 96.4 96.7 95.8 94.9 93.8 93 91.5 91.3 91.4 91.7 91.9 91.8 92.2 93.4 94.8 95.9 96.3 96.6 97 97.4 98.1 99.3 101.7 103.5 103.3 102.1 101.2 100.1 99.9 100.1 100.3 100.5 99.4 98.6 99.8 100.2 100.7 100.7 100.1 99.1 99.4 99.7
127.9 127.7 127.6 127.6 127.8 127.6 127.8 128.1 128.3 128 127.4 127 126.6 125.8 126.1 125.6 125.6 124.2 123.3 123.1 122.5 120.3 118.1 115.3 112 108.3 106 105.1 104.2 102.6 99.8 99.6 100.4 99.4 98.9 98.4 98.3 95.6 96.4 95.3 94.2 93.2 92.1 91.5 91.1 91.2 91.3 91.5 91.6 92.7 94 95.4 96.5 96.9 97.3 97.8 98.9 99.7 101.3 103.3 104.4 104.4 104.1 103 102.1 102.1 103.2 104.1 103.3 101.8 100.4 101.8 103.8 103.8 102 100.7 99.3 99.6 99.8
127.6 127.7 127.6 127.5 127.4 127.3 127.6 127.9 128.2 128.3 127.9 127.5 127.1 126.7 126.4 126 124.6 125.4 124.3 123.3 121.6 119.4 117.1 114.1 110.8 107.3 106.3 105.4 103.8 102.5 101.7 99.9 99.5 97.5 97.6 97.1 97.7 95.2 95.4 94.7 93.7 92.6 91.5 91 90.5 91.2 91.3 91.6 91.8 93.3 94.7 96.1 97 97.6 98 99 100 101.2 103.2 105.4 106.4 106.8 106.4 105.4 104 104.1 105.2 106 105.2 104.2 102.8 104.7 105.1 104.3 102.8 101.2 99.7 99.7 100
126.9 127.1 127 126.7 126.9 127.2 127.4 127.5 127.7 128.2 128.4 128 127.6 127.1 126.8 126.4 125.7 125.3 123.4 122.1 120.5 118.1 115.3 112.3 109.2 107.5 106.5 105.4 104.1 103.1 105 100.9 100.1 98.1 96.9 95.8 95.3 95.5 95 94.2 93.1 92 91.3 91.3 91.3 91.2 91.5 91.7 92 93.5 95.4 96.6 97.5 98.2 99.1 100.1 101.4 103 105.3 107.5 108.5 109.2 108.7 107.8 106.6 106.6 107.8 107.6 106.3 105.7 105.3 106.1 106.3 105.1 103.5 102.2 101.2 100.9 100.5
125.3 125.5 125.3 125 125 125.2 126.7 126.8 127.1 127.8 128.5 128.5 128 127.6 127.2 126.6 126.1 125.5 122.6 120.4 119 116.6 114.5 112.5 111.2 109.7 108.3 106.9 105.9 104.3 104.8 102 101.1 99.7 97.1 95.2 95.6 95.3 94.4 93.6 92.6 91.5 91.1 91.1 91.3 90.3 91.3 91.6 92.2 94 95.7 97.2 99.3 101 101.4 102 103.9 106 107.5 109.5 110.6 111.7 111.1 110.1 109.3 109.6 110.7 110 108 106.6 107 108.6 108.9 107.8 105.6 104 103.3 103.9 102
124.2 124.3 123.7 122.7 122.8 123 124.4 126.1 126.6 127.1 127.6 128 128.2 127.9 127.6 126.6 125.7 124.8 123.9 122.1 121.3 119.4 117.5 115.6 114.3 113.5 111.1 108.9 107.5 105.2 102.7 102.1 101.3 100.2 96.3 97.3 95.6 94.7 93.8 93 92 90.9 90.9 91.1 91.4 89.9 90.2 91.4 94.1 97.5 100.3 102.7 104.8 105.9 105.1 104.6 106.4 109.6 111.9 112.3 112.9 113.8 113.5 113.1 113.1 113.2 113.1 112.4 110.4 107.8 108.5 111.1 111.5 110.5 108.8 107.6 107 105.7 103.6
122.6 122.4 121.5 120.2 120.3 120.9 121.8 123.9 125.4 125.9 126.3 126.7 127 127.4 127.1 126.8 126 125 125.8 124.1 122.8 121.9 120.7 118.6 117.3 115.2 112.3 110.3 109.1 106.2 103.2 102 101.1 99.9 97.5 95.5 95.2 94.3 93.2 92.4 91.5 90.6 90.8 91.1 91.4 89.6 90.3 93.9 98.2 101.9 105.5 108.2 110.3 110.1 108.8 107.5 110.2 114 116.1 116.3 116.9 118.1 117.9 117.1 117.3 117.7 116.1 114.8 112.6 110.5 111.9 113.5 114.4 113.6 112.6 111.2 109.4 107.4 105.1
122.2 121.4 119.9 118.6 117.9 118.1 119.7 121.9 124.1 124.6 125 125.2 125.8 126.7 126.4 126.1 125.8 125.5 124.9 124.5 123.3 122.7 121.8 120.4 118.5 116.3 112.7 110.3 108.1 105.1 102.2 102.8 99.8 98.1 97.1 94.8 95.1 94.2 93 91.8 90.9 90.5 90.8 90.9 90.1 90.1 92.3 96.1 101.2 105.8 110.1 113.3 114.5 114 112.3 112.2 115.2 119.3 121.7 121.2 122.7 123.8 122.9 122 122.6 121.2 118.3 115.8 113.8 113.3 114.9 116.3 116.7 116.8 115.8 114.3 111.9 109.4 106.4
123.9 123 121.3 119.1 117.8 116.6 117.9 120.1 122.2 123.3 123.4 123.6 124.6 125.8 125.8 125.5 125.1 125 124.8 125.5 124 122.8 121.4 120 118.4 116.2 113.2 110.2 108.1 106 103.5 104.4 100.1 99.1 97.8 96.5 94.2 94.3 93 91.7 90.5 90.3 90.4 90.5 90.1 91.8 93.7 97.6 102.5 108.1 112.9 115.5 117.1 117.4 115.8 117.1 120.6 124.2 125.6 125 126.8 127.7 127.5 126.8 125.4 123.3 120.7 118.2 116.7 116.1 117.2 117.7 118.2 119.1 117.3 115.4 111.9 108.1 105.4
125.6 124.3 122.7 120.3 118.8 116.9 115.8 118.3 120 120.7 121.8 122.3 123.4 124.6 125.1 124.7 124.5 124.3 124.2 123.7 124 122.5 121 119.6 118.1 116.1 113.8 111 108.6 106.6 104.2 101.9 99.9 99.4 98.1 96.9 94.2 93.5 92.2 91.2 90.2 90.2 90.1 90.2 91.6 93.4 95.1 97.5 102.6 107.5 112.5 116.8 119.1 120.5 120.1 121 124.8 126.8 127.7 128.1 129.1 129.6 129.1 128.6 126.6 124.4 123 121.6 120.6 119.6 121.1 120.5 118.6 118.9 116.7 113.5 110.2 108 105.3
