data/SP82.asc
ncols 200
nrows 200
xllcorner 480000
yllcorner 220000
cellsize 50
[rows 70 to 104 of 200, columns 0 to 77 of 200]
99.6 100 100.1 99.8 100.2 100.6 101 101.3 101.7 101.6 101.3 101.3 101.9 102.3 101.9 102 102.8 102.8 103 103.2 103.4 103.6 104.1 105.1 107.1 108.1 109.2 109.5 109.6 109.8 109.9 110.2 110.1 110.1 110.1 110.2 110.2 110.2 111.1 112.3 113.4 114.2 114.7 115.2 115.5 115.8 117.1 118.4 119.8 121.4 122.9 126.7 131.4 137.3 142.5 145.6 146.7 147.9 149.4 149.6 149.7 149.8 149.8 149.5 148.7 147.9 146.9 145.7 145.6 145.6 145.6 145.7 146 145.6 145.5 145 144 143.2
99.4 99.9 99.9 99.6 99.4 99.5 99.9 100.3 100.3 101.1 101 101.2 101.7 101.8 101.4 102.1 103 102.7 102.8 103 103.2 103.4 104.2 105.1 106.9 108.5 109.4 110 110.1 110.2 110.4 110.7 110.7 110.7 110.7 110.8 110.9 110.5 111.7 112.9 114 115 115.4 115.9 116.3 116.7 117.7 119 120.5 122 123.6 126.3 130.8 136.7 141.3 145.2 146.8 147.8 149 149.4 149.6 149.7 149.1 148.4 147.6 146.9 145.8 144.6 144.6 144.7 144.7 144.7 144.7 144.5 144.4 143.9 142.7 141.7
99.2 99.9 99.7 99.3 99.1 99.1 99.4 99.7 100 100.6 101.4 101.6 101.9 101.9 101.5 102.4 102.8 102.5 102.6 102.8 103 103.2 104.3 105.2 106.4 107.5 108.4 109.3 110.1 110.7 110.9 111.2 111.3 111.3 111.4 111.5 111.9 111.3 112.5 113.7 114.8 115.6 116.5 117 117.6 118.1 118.9 120 121.8 123.5 125 125.8 129.4 134.4 139 142.1 144.9 146.4 148 148.6 149 148.9 148.1 147.3 146.5 145.8 144.6 143.6 143.5 143.7 143.9 144.1 143.8 143.4 143.2 142.9 141.6 140.2
99.7 100.2 99.9 99.4 99.3 99.4 99.6 100.3 100.6 101 101.5 101.8 102 102.1 102.3 102.7 102.9 102.6 102.7 103.1 103.5 103.9 104.5 104.9 105.4 106.5 107.5 108.3 109.2 110 111.6 111.8 112 112.1 112.2 112.6 112.9 113.2 113.3 114.4 115.4 116.4 118.1 118.6 119.1 119.6 120.4 121.3 123.3 125.3 127.1 129 127.7 131.1 137.2 141.7 144.9 145.8 146.9 147.8 148.5 147.9 147.1 146.3 145.5 144.8 143.5 143.1 143.1 143.1 143.3 143.5 143.3 142.8 142.4 141.7 140.3 138.8
100.2 100.5 100.3 99.9 99.7 99.6 99.8 100.7 101.3 101.7 101.8 102.3 102.4 102.5 102.5 102.5 102.6 103 103 103.4 103.8 104 104.1 104.7 104.7 105.5 106.5 107.4 108.5 110.2 111.8 112.6 112.7 112.9 113.2 113.4 113.6 113.9 114.3 115.2 116.7 118.3 119.7 120.4 120.7 121.1 121.9 123.1 125.2 128.7 132.1 134.2 133.4 131.5 134.7 140.2 143.4 145.8 146.6 147.2 147.8 147 146.3 145.5 144.8 143.8 142.7 142.6 142.6 142.6 142.7 142.9 142.7 142.3 141.4 140.5 139.3 137.9
100.7 100.7 100.6 100.3 100 100.4 100.1 101 101.7 101.6 102.1 102.7 102.9 102.9 102.9 103.3 103.3 103.3 103.6 103.8 104.2 104.2 104.3 104.4 104.7 105 105.9 106.9 108.5 110.3 112 113.5 113.5 113.7 113.9 114.1 114.4 114.8 115.5 116 117.9 120 121.5 122.2 122.4 122.8 124 125.7 128.8 133 136.9 138.2 139.1 137.2 133.4 137.3 141.4 144.8 145.7 146.5 146.8 146.3 145.5 144.7 144 142.8 142.3 142.1 142.2 142.2 142.3 142.3 141.8 140.9 140.1 139.2 138.3 137.4
100.4 101.1 100.8 100.6 100.3 100.7 101 101.5 101.8 102.4 102.8 103.3 103.6 103.7 103.9 104.1 104.1 104.1 104.1 104.2 104.4 104.5 104.7 104.8 105.1 105.5 105.4 106.5 108 109.9 111.8 113.6 114.2 114.3 114.6 114.9 115.1 116.1 116.8 117.2 119.5 121.6 123.4 124.2 124.8 125.8 126.9 130.1 133.9 137.8 139.8 140.9 140.9 139.1 136.5 136.8 140.3 143.7 145.7 146 145.8 145.6 144.8 143.9 143.2 142.5 142 141.6 141.4 141.6 141.7 141.5 140.5 139.7 138.8 137.9 137 136.2
100.7 101.7 101.4 101.1 100.8 100.9 101.3 101.8 102.3 103 103.4 103.9 104.7 104.9 105.3 105.5 105.5 105.5 105.5 105.5 105.5 105.4 105.5 105.5 105.6 106 106.4 107.1 107.9 109.4 111.1 112.9 114.7 115 115.3 115.6 116.3 117.3 118.1 118.9 120.5 122.9 125.7 127.7 129.5 131.2 132.9 133.9 138.4 141.6 142 142.8 142 140.7 140 140.3 141.6 144.2 145.4 145.9 145.6 145 144.3 143.4 142.4 141.7 141.2 140.7 140.6 140.9 141.1 140.2 139.3 138.4 137.5 136.6 135.8 134.9
101.4 101.8 101.9 101.6 101.3 101.2 101.6 102.1 102.7 103.5 104 104.6 105.5 106.1 106.7 107.2 107.2 107.2 107.2 106.9 106.5 107 106.8 106.3 106.2 106.6 107.3 107.9 108.7 109.5 111.2 112.9 114.6 115.6 115.9 116.3 117.4 118.4 119.3 119.8 121 124.2 129.9 133.7 135.7 137.1 138.4 138.5 140.1 142.8 143.6 143.9 143.2 142.5 142.3 143 143.9 144.6 144.6 144.7 144.9 144.2 143.6 143 141.9 140.6 139.9 139.5 139.8 140.2 140 139 138 137.1 136.2 135.3 134.5 134
102.1 102.3 102.5 102.2 101.8 101.6 101.8 102.4 103.1 103.9 104.6 105.4 106.3 107.2 108.1 108.8 108.9 108.9 108.8 108.4 107.7 108.2 108.3 107.8 107.3 107.4 108 108.8 109.5 110.3 111.3 113 114.6 116 116.4 117.1 118.4 119.1 120.2 121.3 122.4 124.8 131.3 138.1 140.7 141.7 142 142.4 142.8 143.4 143.9 143.7 143.5 143.4 143.3 143.3 143.5 143.7 143.7 143.8 144.1 143.4 142.8 142.3 141.4 140.1 138.8 138.6 138.7 138.9 139 137.9 136.8 135.8 134.9 134.2 133.7 133.6
102.9 103.4 103.1 102.7 102.4 102.1 102.1 102.8 103.5 104.4 104.7 105.9 107.2 108.1 109 110 110.5 110.5 110.4 109.8 109.1 108.7 108.6 108.4 108.3 108.1 108.8 109.6 110.4 111.2 112 113.1 114.6 116 117 118 119.3 119.9 120.8 121.9 123.5 125.4 129.4 136 140.5 143.2 143.7 143.8 143.9 144 143.9 143.8 143.8 143.3 143.2 142.8 143 143.2 143 142.9 143 142.6 142.1 141.3 140.5 139.4 138.2 137.8 137.5 137.6 137.8 136.9 135.7 134.6 134.2 134.2 134.2 134.2
104.4 104.3 103.9 103.4 102.9 102.7 102.4 103.1 103.9 104.7 104.6 105.6 106.9 108.3 109.6 110.9 111.6 111.7 111.3 110.2 109.1 108.8 108.6 108.5 108.3 108.3 108.8 109.7 110.6 111.5 112.5 113.4 114.6 116 117.4 118.9 120.1 120.7 121.5 122.8 124.7 127.1 129.2 133.4 138.4 142.5 144.1 144.2 144.3 144.2 144.1 144 144 143.3 143.1 142.4 142.5 142.6 142.4 142.2 142.1 141.9 141.1 140.4 139.5 138.5 137.6 137.3 137 136.7 136.5 135.9 135.4 135 134.7 134.7 134.7 134.7
105.3 105.1 104.6 104.1 103.6 103.2 102.9 103.1 103.8 104 104.2 105.2 106.4 107.7 109.1 110.6 110.9 110.8 110.7 109.8 108.9 108.4 108.7 108.5 108.5 108.6 108.8 109.7 110.6 111.5 112.5 113.3 114.2 116 117.7 119.5 121 121.6 122.2 124.9 127.9 132.5 132.8 134.9 140.1 143 144.5 144.6 144.5 144.5 144.4 144.2 144.1 143.2 142.9 142.5 141.9 142 141.8 141.6 141.4 141 140.1 139.4 138.5 137.7 137.2 136.8 136.5 136.3 136.3 136.2 136.1 135.7 135.3 135.3 135.3 135.3
106.3 105.9 105.4 104.9 104.5 104.1 103.6 103.2 103.4 103.8 104.2 104.8 105.8 107.1 108.7 109.6 109.7 109.7 109.7 109.4 108.8 108.3 108.7 108.7 108.7 108.8 108.8 109.7 110.6 111.5 112.4 113.3 114.5 116.4 118.1 119.9 121.9 122.6 123.9 127.3 133.9 138.7 138.9 136.1 139.3 143 144.8 144.8 144.8 144.7 144.6 144.5 144 143.1 142.8 142.5 141.5 141.4 141.1 140.7 140.4 140.1 139.3 138.4 137.8 137.4 137.1 136.7 136.4 136.4 136.3 136.3 136.2 136.4 136 135.9 135.9 135.8
107.1 106.7 106.2 105.8 105.3 104.8 104 103.5 103.5 103.8 104.2 104.8 105.4 106.8 108.3 108.4 108.5 108.5 108.6 108.5 108.6 108.2 108.7 108.9 109 109.1 109 109.7 110.6 111.5 112.6 113.7 115.1 116.9 118.6 120.4 122.3 124 125.4 128.6 135.7 140.8 142.7 140.7 141.9 143.7 144.8 145.4 145.3 145 144.8 144.4 144.1 143.8 143.4 142.5 141.4 140.8 140.3 139.8 139.5 139.1 138.4 138.2 138.3 138 137.7 137.3 137 136.7 136.5 136.3 136.3 136.2 136.5 136.4 136.1 135.4
107.7 107.3 106.9 106.5 105.6 104.7 103.9 103.8 103.8 103.9 104.3 104.9 105.4 106.4 107.2 107.2 107.3 107.3 107.4 107.6 108 108.3 108.5 108.7 109 109.2 109.2 109.8 110.8 111.9 112.9 114.3 117.1 119.1 119.5 120.8 122.6 124.7 127.3 130.4 137.3 141.9 144 143.2 144.3 145.1 145.9 145.7 145.5 145.2 144.9 144.6 144.3 144 143.2 142.3 141.3 140.6 140.1 139.6 139.2 138.7 138.5 138.6 138.7 138.6 138.2 137.9 137.6 137.3 137 136.8 136.6 136.3 136.3 136.3 135.8 135.6
108.2 108 108 107 105.9 104.9 104 104.2 104.2 104 104.5 105.5 106 106 106.3 106.6 106.9 107.3 107.6 108.4 108.8 109 109 109 109 109.2 109.3 110.2 111.2 112.2 113.5 115.6 118.9 121.2 123 123.8 123.8 127 130.1 132.4 137.7 143.1 145 145.5 145.7 146 146.5 146 145.6 145.4 145.1 144.8 144.4 143.8 142.9 142 141.1 140.4 139.9 139.4 139 138.7 138.8 139 139.1 139.1 138.8 138.5 138.2 137.8 137.6 137.3 137.1 136.8 136.6 136.5 136.3 136.1
109.3 109.4 108.6 107.5 106.4 105.1 104.1 104.4 104.3 104 105.2 106.2 106.8 106.5 106.7 107 107.3 107.6 108 109.1 109.6 109.7 109.7 109.7 109.7 109.7 109.7 110.6 111.6 112.6 114.3 116.8 120.5 126.4 129.4 128.7 127.5 130.5 136.6 138.6 138.3 142.1 145 146.9 146.5 146.9 146.7 146.2 145.8 145.5 145.3 144.9 144.5 143.6 142.7 141.8 140.9 140.2 139.7 139.3 138.9 139 139 139.3 139.4 139.5 139.4 139 138.7 138.4 138.1 137.9 137.6 137.4 137.2 137.3 137.2 137
110.8 110.1 109 107.7 106.5 105.3 104.1 104.5 104.5 104.4 105.5 106.7 107.5 107.1 107.2 107.4 107.7 108 108.4 109.5 110.4 110.4 110.4 110.4 110.4 110.4 110.5 111.3 112.3 113 115 117.9 122 129.3 135.3 135.3 133.9 133.6 138.5 142.3 142.9 143.7 146.1 147 147.3 147.5 147 146.5 146 145.7 145.4 145.1 144.2 143.4 142.5 141.6 140.7 140.1 139.6 139.2 139.2 139.2 139.3 139.5 139.7 139.9 140 139.6 139.3 139 138.7 138.4 138.2 137.9 137.9 138 138.2 137.9
111.8 110.3 109.1 107.9 106.6 105.4 104.1 104.6 105.6 105.6 106.3 107.4 108.1 107.7 107.8 108 108.1 108.3 108.8 109.9 110.9 111.1 111.1 111.1 111.2 111.2 111.2 112 112.7 113.3 115.1 117.6 122.6 129.9 137.5 140 138.6 138.9 140.4 143.3 145.9 146.4 146.9 147.4 148.1 147.8 147.3 146.8 146.3 145.9 145.6 144.9 144 143.1 142.3 141.6 140.9 140.4 140 139.6 139.6 139.6 139.6 139.7 139.9 140.1 140.3 140.2 139.9 139.6 139.3 139 138.7 138.6 138.6 138.7 139 138.9
112.5 111.2 109.8 108.4 107 105.6 104.3 105.4 106.4 106.7 107 107.9 108.6 108.3 108.4 108.5 108.7 108.9 109.1 110.1 111 111.9 111.9 111.9 111.9 112 112 112.4 113 113.6 114.6 117.2 121.3 128 135 139.8 140.8 142.1 144 145.5 146.6 147.6 148.1 148.5 148.4 147.9 147.5 147 146.6 146.1 145.5 144.7 144 143.3 142.6 141.8 141.1 140.7 140.8 140.4 140.4 140.3 140.3 140.4 140.5 140.6 140.7 140.8 140.5 140.2 139.9 139.6 139.3 139.3 139.2 139.4 139.7 139.8
112.7 111 109.6 108.3 106.8 105.4 104.6 106.1 107.2 107.5 108.1 108.3 108.8 109.4 109.5 109.7 109.8 109.9 110.4 111.2 112.1 112.5 112.6 112.6 112.5 112.5 112.5 112.6 113.2 114 114.9 116 118.7 124.3 129.1 133.2 136.6 139.5 141.5 143.3 146 147.4 148.7 148.7 148.5 148.1 147.6 147.1 146.7 146.2 145.5 144.8 144.2 143.5 142.8 142 141.3 141.1 140.9 140.7 140.6 141.1 141.1 141.1 141.2 141.3 140.9 141.2 141 140.7 140.4 140 139.8 139.9 139.9 140.1 140.4 140.7
112.6 111.2 109.2 107.5 106.4 105.2 106.5 107.8 109 109.3 109.7 110 110.5 110.8 111.4 111.7 112.1 112.4 112.9 113.8 113.9 114.2 113.9 113.7 113.6 113.6 113.5 113.3 113.4 114.7 115.6 116.7 118.1 120.6 123.1 126.2 129.8 132.9 136 142.2 145 146.2 148.4 148.8 148.6 148.2 147.7 147.3 146.8 146 145.2 144.6 144.1 143.4 142.7 142.1 141.7 141.5 141.4 141.2 141 140.8 141.2 141.7 141.5 141.1 141.4 141.5 141.5 141.1 140.8 140.5 140.4 140.4 140.5 140.7 140.9 140.8
112.2 111.4 109.4 107.5 105.5 107 108.6 110.1 111.3 111.6 111.8 112.2 112.6 112.8 113.4 114.4 114.9 115.2 115.8 116.7 116.4 115.9 115.3 114.9 114.9 115.1 114.7 114.7 114.9 116 117.1 117.8 119.1 119.8 120.4 122.7 125.4 128.9 134.2 140 142.6 145.1 147.5 148.5 148.7 148.3 147.8 147.4 146.7 145.8 145 144.2 143.7 143.3 142.8 142.4 142.2 142 141.8 141.6 141.4 141.2 141 141.4 141.2 141.6 141.8 141.9 141.9 141.6 141.3 141.1 140.9 140.8 140.9 141 140.9 140.7
111.5 110.1 109.1 107.4 106.2 107.4 110.2 112.5 113.4 113.9 114.1 114.4 114.8 114.8 114.9 116 117 118 118.7 120 119.7 118.3 117.3 116.8 116.8 117.2 117.5 116.5 116.4 117.9 118.4 119.1 119.5 119.9 120.5 123.4 128.4 131.2 135.2 136.9 139.5 144.1 147.5 148.4 148.8 148.4 147.9 147.5 146.7 145.8 145 144.1 143.5 143.5 143 142.8 142.6 142.4 142.2 142 141.8 141.6 141.4 141.3 141.7 142 142.2 142.3 142.4 142.1 141.8 141.6 141.5 141.3 141.4 141.1 140.3 140.1
111.3 109.8 109.1 108.5 106.9 106.8 110 113.1 115 116.3 116.4 116.6 116.9 116.9 116.3 117.5 118.6 119.4 121.7 122.8 122.3 120.7 119.5 119.7 120.1 120.6 121 120.6 120.1 121.2 121 121.2 121.3 121.1 121.8 125.8 131.2 136.4 138.5 139.7 142 146.4 148.1 148.8 148.8 148.5 148 147.6 146.9 146.1 145.2 144.4 144.1 143.7 143.4 143.2 143.1 143 142.8 142.7 142.5 142.4 142.3 142.1 142.3 142.4 142.5 142.7 142.8 142.6 142.3 142.2 142 141.8 141.9 141.2 140.2 139.4
111 110.7 110.4 109.2 107.8 106.5 108.2 111.2 114.1 116 117 118.1 118.3 118.3 118.1 118.8 119.8 120.9 122.8 124.1 124.8 124.3 123.7 123.8 124.3 125 124.8 124.6 124.2 124.6 124.4 124.1 123.9 123.8 123.7 128.3 134.2 141.4 143.9 144.3 146.3 147.5 148.6 148.8 148.8 148.6 148.1 147.8 147.2 146.3 145.5 144.9 144.6 144.2 144 143.9 143.8 143.6 143.5 143.3 143.2 143.1 142.9 142.8 142.8 142.8 142.9 143.1 143.2 143.1 142.9 142.7 142.5 142.4 142.1 141.3 140.3 139.1
111.6 112 112.1 110.5 109 107.7 107.1 109.8 112.7 114.8 115.9 117 118.2 118.8 119 119.5 120.6 122 123.5 124.8 126.5 127.7 127.1 128 129.1 129.8 129.4 128.7 128.3 127.3 126.4 125.6 126 126.6 127.4 129.5 133 139.5 145.1 146.5 147.1 148.1 148.7 148.8 148.8 148.7 148.2 147.9 147.4 146.6 145.8 145.5 145.1 144.8 144.6 144.5 144.3 144.2 144.1 143.9 143.8 143.7 143.5 143.3 143.3 143.4 143.5 143.5 143.6 143.6 143.4 143.1 142.7 142.3 141.6 140.9 139.5 138.1
113.9 114.6 114 112.5 110.7 109 106.5 108.4 111.3 113.3 114.9 116 117.3 118.9 120.1 120.3 121.2 122.4 123.6 124.9 127.3 129 130.7 131.5 132.3 133 133.1 131.6 130 128.4 127.7 126.8 127.9 129.8 132.2 131.7 132.5 137.1 143.1 146.3 146.5 148 148.6 148.8 148.9 148.8 148.4 148 147.7 146.8 146.4 146 145.7 145.3 145.1 145 144.9 144.8 144.6 144.5 144.4 144.2 144.1 143.8 143.9 144 144.1 144.1 144.2 143.9 143.1 142.7 142.4 142 141 140.1 138.6 137.1
116.3 116.6 115.9 114.6 112.6 110 107.4 108.3 109.8 111.7 113.6 115.3 117 118.7 119.8 121 121.5 122.5 123.4 124.6 126.6 129.3 131.7 133.2 133.6 133.4 132.9 131.8 129.9 127.9 126.5 126.4 128.2 130.5 135.1 135.7 134.7 135.2 140.3 143.4 146.1 147.7 148.4 148.7 148.8 148.9 148.5 148.2 147.8 147.2 146.9 146.6 146.2 145.9 145.7 145.6 145.5 145.4 145.2 145.1 145 144.8 144.6 144.4 144.5 144.6 144.6 144.7 144.2 144.1 143.3 142.4 142 141.6 140.6 139.2 137.8 136.3
118 118 117.6 116.2 113.9 111.1 108.4 107.9 109.2 110.2 112 113.8 116.3 118.4 119.3 120.4 121.6 122.4 123.2 123.9 125.3 128.1 131.3 132.7 132.6 132.3 130.9 129.8 128.4 126.6 125.8 126.1 128.1 130.1 133 137.2 138.8 140.7 141.4 143.7 145.1 146.5 147.5 148.1 148.6 148.8 148.5 148.2 147.9 147.8 147.5 147.1 146.8 146.4 146.2 146.1 146 145.9 145.8 145.7 145.5 145.4 145.1 145 145.1 145.1 145.2 144.4 144.4 144.3 143.8 142.8 141.8 141.3 140.2 138.8 137.1 135.6
119.4 119.2 117.8 116.1 114.6 112.3 109.5 108.2 108.6 109.1 109.9 111.8 114.6 116.4 117.7 119.2 120.2 120.9 121.4 122.9 124.4 125.9 129.1 131.2 130.8 129.9 128.3 127 126.5 124.7 125 125.8 126.6 128.4 131 134 137.7 139.6 141.7 143.3 144.9 145.8 146.6 147.1 148.1 148.7 148.4 148.2 148.4 148.3 148 147.7 147.3 147 146.8 146.7 146.6 146.5 146.4 146.3 146.1 145.9 145.6 145.6 145.6 145.6 145.2 144.8 144.6 144.5 144.3 143.2 142.2 141.2 139.9 138.6 136.8 135
120.2 119.4 117.7 116.1 114.6 113 110.7 108.7 109.1 110 109.9 109.9 112.3 114.3 115.7 117.2 118.4 119 120.4 122 123.5 124.9 126.6 127.9 127.6 127.2 125.3 124.4 123.9 123.6 124.6 125.5 126.5 127.7 128.9 131.6 135.5 138.7 141.2 143.6 144.8 145.4 145.4 146.7 147.6 148.4 148.5 148.6 148.8 148.9 148.5 148.2 147.9 147.5 147.3 147.2 147.1 147.1 147 146.8 146.6 146.4 146.1 146.1 146 145.7 145.2 145.1 144.9 144.8 144.5 143.6 142.6 141.6 140.2 138.7 136.9 134.8
120.6 119.3 117.7 116.1 114.6 113 111.4 109.2 110.4 112.2 112.2 111 110.3 112.1 113.5 114.8 116.1 117.6 119.3 121 121.8 122.6 123.9 124.9 124.6 124.3 123.3 123.2 123.3 123.7 124.5 125.8 126.9 128.1 128.8 130.9 134.2 137.5 140.3 143.3 144.1 143.5 143.2 145.5 147.2 148.2 148.9 149.1 149.3 149.4 149.1 148.7 148.4 148.1 147.9 147.8 147.7 147.6 147.5 147.4 147.1 146.9 146.6 146.4 146.1 145.9 145.5 145.4 145.2 144.9 144.6 144 143 142 140.7 139.2 137.9 137
120.6 119.1 117.8 116.2 114.6 113.1 111.5 109.9 110.7 112.6 114.4 112.8 111.5 111 111.6 112.9 114.3 116 117.8 119 119.7 120.5 121.2 121.9 122.1 123.1 123.9 123.7 125 125.5 126 126.6 127.7 128.7 129.7 131.8 134 136.2 139.3 141 141.9 142.2 142.6 145.2 147.2 148.2 149.2 149.5 149.7 149.8 149.5 149.2 148.9 148.6 148.4 148.2 148 147.8 147.5 147.6 147.3 147.1 146.8 146.5 146.3 145.9 145.8 145.6 145.3 145 144.7 144.3 143.3 142.9 142.2 140.6 139.1 137.7
