data/SP85.asc
ncols 200
nrows 200
xllcorner 480000
yllcorner 250000
cellsize 50
[rows 72 to 107 of 200, columns 82 to 163 of 200]
110.6 110.7 110.3 108.8 109.7 109.7 108.7 107.9 107.4 106.5 105.8 105.2 104.4 102.8 101.2 99.6 98.1 96.5 94.9 93.1 90.5 89.1 87.6 86 85.2 84.4 84 85.7 88.4 89.8 90.7 90.8 90.8 90.9 88.8 87 85.3 84.9 84.5 82.9 82 81.2 79.3 78.9 79.2 80.1 81.3 81.7 82.1 83.3 85.2 87.8 90.4 95.3 99.6 101.1 102.4 102.8 102.4 101.8 100.7 99.3 96.2 94.1 94.2 95.5 96.5 96.9 96.1 94.9 94.2 94.2 94.9 98.3 101 102.4 103.8 104.2 104.5 104.7 104.9 104.6
110.9 110.6 110.8 109.6 110.3 110.7 109.5 107.9 107 106.1 105.3 103.8 103.3 102.2 100.5 98.8 97.5 96 94.4 92.5 89.9 89.2 87.7 86.5 85.7 84.4 86.4 89 90.1 89.9 90.9 90.9 90.9 89.7 87.5 85.9 84.9 84.7 83.8 82.2 80.6 79.9 79.2 79.9 80.7 81.7 82.9 82.9 83.3 83.7 86.1 88.6 91.9 98 100.9 102.4 103.3 103.4 103.1 102.5 101.3 99.7 97.1 94.7 95.9 97.6 98.7 98.6 96.8 95.1 94.2 94.1 95.3 98.7 100.7 102.7 104.5 105.2 105.4 105.4 104.7 104.3
110.9 110.3 110.5 110.5 110.3 110.9 109.1 107.4 106.5 105.6 104.9 102.5 101.5 100.8 99.8 97.9 96.5 95 93.2 91.6 89.7 89 88.7 87.8 87.4 87.3 88.9 90.5 91.6 92.1 90.9 90.9 90.6 88.4 86.2 84.4 84.6 84.4 83.1 81.5 80.4 79.4 80.7 81.8 82.6 83.4 84.4 84.3 84.5 85.7 86.8 89.4 93.5 99.8 101.9 103.3 103.8 104 103.9 103.1 101.2 99.6 98.4 97 98.3 100 101 99.9 97.5 95.4 94.1 94.1 96.8 99.5 101.3 103.1 105 105.8 106 104.9 104.4 104.3
110.2 110.6 110.9 110.7 110.4 110.2 108.6 107 106.1 105.2 103.5 101.1 99.7 99.3 98.2 97.1 95.4 93.2 91 90.1 89 89.1 89.2 89.3 88.8 89.3 90.9 93.3 94.5 93.4 91.9 89.8 89.7 88 85.9 85.1 84.5 84.3 83.6 82.4 81.3 81.4 83.1 84.7 85.4 86.1 86.9 86.3 85.8 87.1 88.2 90.9 95.2 100.6 102.6 103.6 104.2 104.4 104.3 103 100.5 99.1 99.2 98.7 100.6 100.6 100.8 100.8 98.9 96.8 95.7 94.1 96.8 100.2 102 103.8 105.6 106 106 105 104.6 104.9
110.2 110.6 110.9 110.7 110.3 109.4 107.8 106 104.9 103.9 102.1 99.5 99.2 98.2 97.1 96 93.3 91.3 89.2 89.1 89 89.1 89.1 89.1 89.5 90.9 93.7 95.8 95.9 94.3 91.3 89.5 88.4 87.2 85.9 84.6 84.8 84.6 84.2 83.2 82.3 83 84.8 86.5 87.9 88.7 88.7 87.9 88 88.5 90.6 92.5 96.8 101.8 103.2 104 104.5 104.7 104.5 103.5 100.7 99.1 99.1 99.8 100.9 100.6 100.7 100.9 99.3 97.5 97.1 95.1 96 100.2 101.6 103.5 105.6 106 106 106 105.2 105.4
110.2 110.6 111 110.7 110.3 108.7 107 105.5 104.5 103.2 101.1 99.1 98.1 97.4 96.3 94.7 90.7 89.2 89.1 89.1 89 89 89 89.3 92 95.5 96 96 96 93.6 90.8 89.1 88.1 87.2 86 85.4 85.1 84.8 84.2 84 83.4 83.6 84 86.8 89.9 90.9 90.5 90 89.4 90.9 94.2 96.8 99.8 103 104.7 105.1 104.8 104.9 104.7 103.7 101.4 99.9 100.4 101 102 101.8 101.3 100.6 99.1 99.4 99.2 96.9 95.8 99.3 101.4 103.5 105.6 106 106 106 106 105.5
111 110.6 111 110.5 109.6 107.9 106.2 105.1 103.9 102.6 100.7 99 98 96.9 95.7 93.8 89.3 89 89.4 89.1 89 89 90 92.6 94.7 96 96 96 95 92.5 89.9 88.7 87.9 87 86.2 85.3 84.9 84.2 84.1 84 85.7 83.9 84.1 85.5 90.2 90.8 90.4 89.9 90.5 93.1 98 101 103 105.3 106 105.9 105.6 104.9 104.7 104 102.6 101.7 102 102.6 103.1 102.9 102.5 101.5 100.1 99.6 100.2 100.1 98.3 98.6 100.3 102.6 105.1 106 106 106 105.6 105.8
111 111 110.9 110.2 108.9 107.1 105.7 104.5 103.2 102 100.4 98.8 97.8 96.3 94.4 91.3 89.1 89 90.5 90.5 90.5 92.1 94.1 95.5 96.6 95.9 95.9 96 93.1 90.4 89.4 89.6 88.7 87.9 87.3 86.5 85.1 84 84 85.3 86.8 85.4 84 85.3 88.3 89.8 92.2 93.1 93.9 96.3 100.1 102.6 105 106.2 106.2 106.2 106.1 105.8 104.8 104.5 103.7 103.4 103.6 104.2 104.7 104.2 103.7 102.6 101.7 101.6 101.3 101 99.9 98.6 99.8 101.5 104.3 106 106 105.5 105.3 105.6
111 111 111 110.1 108.3 106.5 105.1 103.8 102.6 101.4 100 98.6 97 95.7 93.7 91.5 91.1 91 92.4 93.3 93.4 94.6 96.7 98.6 99 98 96.5 94.8 91.2 89 89.2 90.4 89.6 89 88.4 87.9 86.6 85.2 84 87.1 88.7 88 85.8 84 85.7 89.7 92.6 96.2 97.2 99.3 101 103.1 105.5 106.2 106.2 106.1 106.1 106 106 105.5 104.8 104.5 104.4 105 105.5 105.7 104.9 103.7 103.3 103.3 103.2 102.2 101 99.6 99.6 100.6 102.7 104.9 105.8 105.1 105.7 106.1
111 111 111 109.7 107.8 105.6 104.7 103.4 102.1 100.8 99.5 97.9 96.4 95.1 94.2 94 93.7 93.1 94.2 96 96.5 98.3 100.3 100.8 100.2 97.3 95.4 93.6 90.5 89.7 90.6 90.9 90.8 90.2 89.6 89 88.2 87 85.8 89.1 90.8 90.9 89.2 85.6 85.9 89 93.3 96.6 99.8 101.2 102.3 103.5 105.9 106.2 106.1 106 105.9 106 106 106 106.2 105.4 105.1 105.3 105.6 106 105.5 104.7 104.1 104.6 104.9 104.7 103.5 102.1 101.4 101.5 102.6 104.5 105.3 105.7 106.2 106.6
111 111 111 109.1 106.7 105 104.1 103 101.7 100.4 99.7 97.8 96 95.2 94.2 94.7 94.3 95.6 96.3 98.1 99.9 100.8 100.8 100.9 99.4 96.4 94.5 92.7 91.4 91.4 92.8 93.3 92.3 91.6 91.2 91.3 90.2 88.9 89.1 89.4 90.8 90.9 90.8 89.1 88.1 90.4 93.7 97.5 101.1 101.5 102.7 104 105.6 106.1 106 105.9 105.9 106 106 106 106.2 106.4 106 105.9 106.1 106.3 105.9 105.2 104.9 105.5 105.8 105.9 106 104.4 103.4 103.5 104 104 104.9 105.6 106 106.4
111 111 110.7 107.9 105.7 104.4 103.5 102.6 101.3 100 100.2 97.7 95.1 94.4 94.3 95.7 94.9 96 98.7 99.9 100.9 100.9 100.9 101 98.8 95.8 94.1 93.6 92.6 93.2 94.6 95.6 94.5 93.2 93.9 93.4 92.3 90.2 89.2 89 90.8 90.7 90.5 89.8 89.2 89.8 92.6 97.7 100.8 101.9 102.9 103.8 104.6 106 105.8 105.8 105.9 106 106 106 106.1 106.3 106.6 106.6 106.6 106.7 106.4 106 105.5 105.5 105.8 105.9 106 105.9 104.5 104.6 104.2 104.1 104 104.7 105.1 105.9
111 111 110 106.6 104.8 103.8 102.9 102 100.9 100.4 99.5 96.6 94.1 94.7 98.1 99.6 98.5 97.6 99.6 101.1 101.8 101.1 101 100.8 98.3 95.4 94.6 94.6 94 94.6 96.1 96.1 95.6 94.1 96 96 93.2 90.8 89.6 89.2 90.4 92.1 91.1 90.2 89 89 90.7 95.2 100.2 101.7 102.1 103 103.5 104.3 105.5 105.8 105.9 106 106 106 106.1 106.3 106.5 106.7 107.2 107.2 106.8 106.3 105.9 105.9 105.6 105.4 105.5 105.4 106 104 104.2 104.4 104.2 104 104.9 105.7
110.9 110.7 107.7 104.6 104.3 103.9 102.8 101.7 100.5 99.8 98.1 95.3 95 97.6 100.3 100.9 101 99.1 100.8 102.6 103.3 102.9 100.9 99.9 97.6 96 95.8 96.1 95.4 96 97.3 98.7 98.6 97.2 97.5 96 93.8 92.9 91.4 89.4 91.3 95.4 94.1 91.8 89.2 89.1 90.3 94.4 99.1 101.2 101 101.5 102.2 103.4 104.3 105 105.6 106 106 106 106 106.3 106.5 106.7 107.1 107.4 107.4 106.6 106.3 106 105.8 105.5 105.3 105 105.5 104 104.5 104.8 104.3 104.2 104.8 105.7
111 107.6 104.8 104.5 104.6 104.1 102.5 101.4 99.9 99.2 98.1 97.1 96.7 98.9 102.4 102.4 100 99 102.2 104.8 105.6 104.2 101.4 99.3 99.1 98 98.1 97.5 97.4 98 99.2 100.4 100.3 100.1 99 97.7 96 95 93.6 89.9 90.8 95.9 95.8 94.2 90.4 89 91.2 95.3 99.4 101 101 99.8 101.2 102.5 103.1 103.7 104.4 105 105.3 105.5 105.7 105.8 105.8 106.2 107.1 107.3 107.5 106.7 106.6 106.5 106.2 106 105.8 105.6 105.2 104.5 104.5 105.2 105.4 105.6 105.8 106.7
108.5 105.3 104.1 104.1 104.5 104.2 102.7 101.2 99.3 99 99 98.6 99 101.5 105.1 105.3 100.9 101.1 103.8 106 106 104.4 101.1 99.1 99.1 100 99.7 99.6 99.6 100.3 101.3 102.4 101.8 101.2 100.6 100 98.4 96.3 95.1 92.6 90.6 96.3 96.8 95.7 92.4 89.1 91 95.3 97.8 99.3 99.6 99.7 100.4 101.5 102.1 102.5 103.1 103.5 103.9 104.2 104.2 104.4 105 105.6 106.2 107.5 107.3 106.6 106.7 106.7 106.7 106.5 106.3 106.1 105.8 105.6 105.6 106.1 106.4 106.6 107.2 108.1
107.4 104.6 104 104 104.1 104.5 103.2 102 100.9 100.1 100 100.2 100.7 102.3 105.9 105.6 103.5 102.6 105 106 106 104.7 102 99.7 101.7 103 102.6 101.8 101.9 102.6 103.3 103.9 103.3 102.5 101.3 101.1 100.3 97.5 95.8 93.8 91.1 97 98.2 96.5 94.1 90.9 89.1 92.6 94.6 95.1 96.1 99.9 101 101 101 101.3 101.3 102 102.5 102.6 103.3 104.2 104.7 105.2 105.7 106.7 107.2 106.7 106.7 106.8 106.9 106.9 106.8 106.6 106.3 106.2 106.5 107 107.3 107.8 108.7 108.9
107.4 105.1 104 104 104 104.1 104.1 103.9 102.9 103 102.8 102.7 103.3 103.8 105.2 105.7 104.8 104.1 105.5 105.8 105.8 105.2 103.2 102.7 103.3 105.1 105.9 104.5 103.9 104.7 105.5 105.3 104.5 103.1 101.9 100.9 100.2 97.4 95.5 93.9 94.3 98.1 101 99 95.8 93.7 91.6 91.4 93.5 94.3 94.1 96.9 98.4 98.5 99.7 99.9 100 100.6 101 101.9 102.9 103.8 104.6 104.9 105.3 106.3 107.1 106.7 106.8 106.9 106.9 107 107.1 107.1 106.9 106.9 107.3 108 108.5 108.7 108.8 108.9
108.2 106.6 105.4 104.9 105.2 105.5 105.5 105 104.3 105.7 105.8 105.5 106 106.2 106.7 107.2 107 106.1 106.8 106.3 105.8 104.8 104.7 105.2 105.6 106.3 107 106.2 105.6 106.4 105.7 106 105 103.7 102.5 101.1 99.2 96.3 94.6 94.1 94.1 99.3 100.9 100.7 98.1 95.6 94.6 94.8 94.2 94.3 94.1 94.1 94.2 95 97.6 99.3 99.8 99.3 100 101.1 102.2 103.3 104.4 104.2 105.2 106 107 106.8 106.9 106.9 107 107.1 107.2 107.2 107.7 107.7 108.1 108.6 108.6 108.7 108.8 108.9
109.5 108.3 107.1 106.9 107.4 107.8 107.6 108.1 107.7 108.4 108.4 108.4 108.5 108.5 108.7 109 109.5 108.4 108.1 107.8 107.5 106.6 107 107.5 107.6 107.6 108 107.6 107.3 106.5 105.9 106 105 103.2 101.6 100.3 98.7 96.1 95.4 95.8 94.1 99 100.9 100.8 100 98.4 97.3 97.8 98.3 96.5 96.5 95.4 94.9 97 97.8 99.8 99.8 100 100.6 101.4 102.5 103.6 104.7 104.1 104.1 105.6 106.9 106.9 107 107.1 107.2 107.4 107.3 107.3 107.9 108.5 108.8 108.9 108.9 108.8 108.8 108.8
110.9 110 109.6 109.3 109.4 110 109.5 110.3 110.2 110.2 110.3 110.5 110.8 110.1 109 111 111 109 109.4 109.5 109.3 108.9 109.2 109.3 109.4 109.2 108.9 108.2 107.1 106.5 106.1 106 104.2 102 100.3 99.2 99.1 99.3 99 97.6 96 98.8 99.9 100.5 101.7 101 99.9 100.6 100.8 100.2 99.5 97.9 97.1 99.1 100.9 100.8 100.6 100.9 101.6 102.2 102.9 103.9 104.3 104 104 104 106.1 107.1 107.3 107.4 107.4 107.3 107.2 107.5 108.1 108.6 108.4 108.5 108.5 108.5 108.4 108.4
110.8 110.5 110.4 110.2 110.5 110.3 110.2 110.2 110.9 110.6 110.8 111 110.5 110.1 110 111 110.9 110.2 109.9 110.3 110.7 110.7 110.4 110.1 109.8 109.5 109.5 108.5 107.1 105.9 105.2 103.7 102.4 101.1 99.9 99.2 99.6 99.9 100.5 99.7 99.1 99 101.3 102.3 103.2 102.6 102.7 102.8 102.6 101.8 101 99.9 99.2 99.2 101 100.2 101.1 101.9 102.5 103.2 103.8 104.5 104 104 104 104 104.9 107.1 107.6 107.5 107.4 107.3 107.2 107.7 108.2 107.9 107.7 107.7 107.8 107.7 107.7 107.9
110.5 110.3 110.6 110.7 111 110.7 110.8 110.9 110.9 111.1 111.3 111.3 110.8 110.4 110.9 111.1 110.8 110.4 110.3 110.5 110.7 110.9 110.8 110.4 110.1 109.8 110 108.8 107.4 106 104.4 104.1 103 102.1 101.5 101.6 101.7 101.6 100.6 99.6 99.1 99.6 102.1 103.9 105.1 105.4 105.4 105.2 104 102.9 101.9 100.8 100 99.1 100.8 100.8 101.8 102.8 103.3 104 104.6 104.9 104.5 104 104.2 104.2 104.4 106.5 107.5 107.4 107.3 107.2 107.3 107.9 107.5 107.2 106.9 107 107 107 107.1 107.3
110.5 110.8 111 111.2 111.3 111.3 111.4 111.5 111.5 111.6 111.7 111.5 111.1 111.3 111.2 111.1 110.8 110.4 110.2 110.4 110.6 110.7 110.9 111 110.5 110.2 110.4 109.1 107.5 105.9 104.5 104.6 104.5 104.1 103.9 104 103.8 103.4 102.2 100.9 99.3 99.9 103.4 105.7 106 105.8 105.9 105.9 105.3 103.8 102.7 101.2 99.7 99.1 100.1 101.6 102.6 103.6 104.3 104.9 106 106 106 106 104.4 104.3 104 106.6 107.6 107.4 107.3 107.2 107.5 107.2 106.9 106.6 106.2 106.2 106.2 106.2 106.5 106.8
111 111.2 111.4 111.6 111.7 111.7 111.8 111.9 111.9 111.9 111.8 111.7 111.6 111.4 111.2 111.1 110.7 110.5 110.3 110.3 110.5 110.5 110.7 111 111.2 110.7 109.7 109.6 108.2 106.8 106.1 105.5 104.6 104 105.5 105.7 105.7 104.9 103.3 101.7 100.1 100 104.7 106 105.7 105.6 105.7 105.8 106 104.6 103.5 102 100.6 101.2 102.1 102.7 103.3 104.2 105.1 105.4 105.2 105.2 105.3 105.5 105.8 104.3 104.5 106.4 107.6 107.4 107.3 107.1 106.8 106.5 106.2 105.9 105.6 105.5 105.5 105.7 106 106.3
111.3 111.5 111.7 111.8 111.9 112 112 111.9 111.9 111.9 111.8 111.7 111.4 111.4 111.2 111.1 110.7 110.5 110.3 110.2 110.3 110.4 110.6 110.8 111.1 110.9 110.4 109.8 109.1 108.4 107.6 106.7 106.1 105.8 105.5 105.3 105.8 105.7 104.2 102.5 101 102.1 105.9 105.7 105.5 105.5 105.5 105.6 105.9 104.2 104 103.1 102.5 102.9 103.4 104.2 104.4 104.7 105.3 105.8 105.9 105.9 105.8 105.5 105.4 105 105.8 106.7 107.6 107.6 107.5 107.5 106.9 106.3 105.7 105.2 104.9 104.7 104.6 105.2 105.4 105.7
111.2 111.4 111.5 111.8 111.9 112 112 111.9 111.9 111.9 111.8 111.5 111.2 111.4 111.2 111.1 110.8 110.6 110.4 110.1 110.2 110.2 110.4 110.9 111.2 111 110.3 110.7 110.7 109.9 108.8 107.8 107.4 107.1 106.6 106 105.5 105.7 105.2 103.8 103.5 104.6 106 105.6 105.3 105.3 105.3 105.4 105.8 104.5 104.5 103.7 103.5 104 104.9 105.6 105.8 106 106.2 106.7 106.7 106.7 106.5 106.3 106 105.8 106.7 107.6 108 108 107.8 107.8 107.2 106.6 106 105.4 104.8 104.2 103.3 104.8 105 104.2
110.8 111.1 111.4 111.7 111.6 111.7 111.8 111.8 111.9 111.9 111.7 111.4 111 110.9 111.2 111 110.8 110.6 110.4 110.2 110.2 110.1 110.3 110.6 110.8 110.5 110.2 110.6 110.9 110.7 109.5 108.6 108.6 108.2 107.6 106.9 106.3 105.8 105.6 104.8 104.1 104 105.7 105.1 105.8 106.2 106.4 106.6 106.2 105.7 106 104.6 104.6 105.5 106.4 107.1 107.3 107.1 107.1 107.5 107.5 107.4 107.2 107.1 106.8 106.8 107.4 107.8 108.2 108.6 108.3 108.1 107.5 106.9 106.3 105.5 105.2 105 100.8 100.5 102.5 101.2
110.7 111 111.3 111.6 111.4 111.5 111.6 111.6 111.7 111.7 111.6 111.2 110.8 110.5 110.9 111.1 110.7 110.3 110.1 110.1 110 110.4 110.1 110.3 110.3 110.4 109.5 110.6 110.8 111 109.5 109.7 109.8 109.3 108.5 107.9 107.3 106.4 105.5 104.8 104 104 104.3 105.7 106.6 107.3 107.9 108.1 108 107.7 107.6 106.9 106.8 107 108 108.5 108.4 108.3 108.2 108.3 108.2 108.1 108 107.8 107.6 107.8 108 108.4 108.8 109 108.7 108.4 107.6 106.9 106.2 105.5 105.3 105.8 103.4 99 100.2 99.8
110.5 110.9 111.2 111.4 111.2 111.2 111.3 111.4 111.4 111.1 111.1 111 110.6 110.3 110.5 111.1 110.1 110.2 110.1 110 109.2 109 109.1 109.7 110.8 109.7 109 109.3 110.7 111 111 111 111 110.3 109.5 108.9 107.9 106.5 105.1 104.2 104.1 104 104 105 105.7 107.3 108.8 109.4 109.4 108.9 109.3 109.4 109.5 109.6 109.6 109.7 109.5 109.4 109.3 108.8 108.8 108.8 108.7 108.6 108.6 108.9 109.1 109.1 109.4 109 108.5 108.1 107.5 106.8 106.1 105.5 105.5 106 104.9 99.4 94.7 94.8
110.3 110.7 111.1 111.2 111 111 111.1 111.1 111.2 110.8 110.7 110.8 110.5 110.1 109.9 110.3 109.7 109.6 110 110.3 109.4 109.5 109.5 109.4 109.4 109.7 109.2 109.2 111 111 111 111 111 111 110.5 109.3 107.9 106.5 105.1 104 104.5 104 104 104.7 106.3 107.8 109.4 110.5 110.9 110.3 110.5 110.5 110.5 110.5 110.5 110.4 110.3 110.4 109.9 109.1 109.1 109 109 109 109.1 109.5 109.6 109.7 109.1 108.4 107.8 107.3 106.8 106.2 106.1 105.8 104.8 105.2 104 101.3 98.9 92.3
110.1 110.6 111 111 110.8 110.7 110.8 110.9 109.9 110.4 110.6 110.1 110.2 109.7 108.7 108.4 108.1 108.8 109.3 109.6 109.8 110 110 109.9 109.9 109.8 109.7 109.2 111 111 111 111 111 111 111 109.8 108.3 106.8 105.4 104.3 104.5 106 104.8 104.9 106.8 108.5 110.1 110.6 110.3 110.5 110.5 110.6 110.7 110.8 110.9 110.8 110.8 110.5 110 109.5 109.5 109.8 109.4 109.1 109.3 109.6 109.8 109.7 109.2 108.2 107.4 106.8 106.1 105.5 105 105.8 103.1 101.5 102.4 101 101 93.6
109.9 110.5 110.8 110.8 110.6 110.5 110.6 110.7 109.3 109.9 109.8 109.5 109.2 108.3 107.3 106.7 106.9 107.7 108.8 109.7 109.7 109.9 110 110 110 110 110 109.6 110.5 111 110.9 111 110.9 110.9 111 110.6 108.5 107.3 106.6 106 106.1 106 106.1 106 107.1 108.3 111 110.2 110.6 110.6 110.6 110.7 110.8 110.8 110.9 111 110.7 110.4 110.2 110 110.6 109.7 109.4 109.3 109.5 109.7 109.9 109.7 109.3 108.5 107.3 106.5 105.8 105.1 103.7 103.5 101.5 98.9 98.6 100.2 97.8 91.2
109.5 110.2 110.7 110.6 110.4 110.3 110.7 110.1 108.3 108.3 108.3 108.2 107.9 106.9 106 105.6 106.2 107.2 109.1 109.5 109.7 109.9 110 110 110 110 110 109.8 109.5 111 111 110.6 110.8 110.9 110.9 110.4 109.5 108.9 108.3 107.7 107.5 107.2 107 107.8 108.2 109.4 109.9 110.5 110.8 110.7 110.7 110.7 110.8 110.9 111 110.8 110.5 110.5 110.7 110.8 111 110.6 109.4 109.5 109.7 109.9 109.9 109.7 109.3 108.6 107.6 106.4 105.5 104.6 101 100.4 100.7 98.4 93.6 94.5 92.6 86.5
109.7 109.9 110.8 110.3 110.6 110.8 110.5 108.8 107.6 106.7 106.5 106.7 106.5 105.5 105.5 105.9 106.5 107.6 109.2 109.4 109.6 109.8 110 110 110 110 110 110 109.5 111 111 110.4 110.4 110.7 110.6 110.2 110.1 109.9 109.6 109.3 108.6 108.5 108.3 108.7 109.4 110 110.5 110.9 110.9 110.8 110.7 110.8 110.9 110.9 110.9 110.6 110.5 110.5 110.7 110.9 111 111 110.5 109.2 109.3 109 109.1 109.6 109.1 108.4 107.8 106.7 105.5 105 101.2 97.4 95.1 94.1 92.8 89.3 86 84.6
108.8 109.1 110 109.9 110.2 110.1 109.4 107.4 106 105.3 105.7 104.5 104.8 105.1 105.9 107.2 107.7 108.2 109.1 109.3 109.6 109.8 110 110 110 110 110 110 109.6 109.6 110.8 110.7 110.3 110.9 110.9 110.7 110.5 110.4 110.2 110.2 109.3 109.3 109.4 109.6 110.1 110.5 110.9 110.9 110.9 110.9 110.8 110.8 110.9 111 110.7 110.7 110.6 110.5 110.7 110.9 111 111 111 111 109 109.4 109.2 109.4 108.7 108.1 107.5 106.5 105.4 105.2 102.7 100.3 94 89.2 87.9 84.4 84 85.2
