data/SP86.asc
ncols 200
nrows 200
xllcorner 480000
yllcorner 260000
cellsize 50
[rows 37 to 73 of 200, columns 84 to 167 of 200]
109.1 109.3 110.9 112.9 114.7 115.5 117.8 118.2 118.3 118.3 117.9 117.4 116.9 116.4 115.9 115.4 115.5 114.9 113.8 113.3 112.4 111.3 110.8 110.7 109.1 109 109.7 111 111 111 111 111 111 111 110.9 110.8 111 111 111 109.2 108.1 107 105.9 105.6 106.3 105.9 105.5 105.4 104.8 102.9 101 99.7 99.8 98.8 99 98.8 97.9 96.7 95.5 94.3 94 95.7 95 95.6 95.8 96.4 95.9 95.9 95.8 95.8 95.4 93.1 89.8 87 84.4 85.7 90.7 90.1 90.6 89.5 89.8 86.9 85.8 85.6
109.2 110.5 111 112.8 114.4 114 117.5 117.6 117.9 117.9 117.8 117.3 116.8 116.3 115.8 115.3 115.9 115.1 113.9 112.9 111.9 111.1 111 110.7 109 109 109 111 111 111 111 111 111 110.9 110.7 110.8 111 111 111 109.2 108 106.9 106 105.7 106.3 105.8 105.4 105.4 104.3 102.6 101.7 100.6 99.9 99.6 99.5 99.3 98.4 97.2 95.9 95.3 95.1 94.2 94 94.8 95.6 95.8 95.6 95.6 95.5 95.5 94.2 91.6 87.1 84.1 86 89.6 90.9 90 90.3 89.6 87.2 84.6 84.6 85.4
108.6 109.8 110.4 112.2 113.9 114 115.9 116.8 117.2 117.1 117.3 117 116.4 115.9 115.4 115.5 115.1 114.3 113.3 112.1 111.2 111.1 111 109.7 109 109 109 111 111 111 111 111 110.9 110.7 110.5 110.8 111 111 111 109.7 107.9 106.9 106 105.8 106.1 105.7 105.3 105.8 104.5 103.5 102.6 101.7 100.9 100.5 100.3 99.8 98.8 97.6 96.8 96.1 95.9 95.3 94.5 94 96 95.9 95.9 95.3 94.8 93.2 91.5 90.2 85.2 86.1 90.3 90.4 91 90 87.9 86.6 85 83.1 82.2 82.4
107.9 109.2 110 112.3 114.1 115.7 115.9 116.1 116.4 116.4 116 116.6 116.1 115.6 115.2 114.5 114.4 113.5 112.6 111.8 110.1 109 109.1 109.2 109.5 109 110.1 111 111 111 111 110.9 110.7 110.5 110.4 110.8 111 110.5 111 109.8 108.1 106.8 105.9 105.8 106 105.6 105.5 105.1 104.5 103.8 103.2 102.6 101.8 101 100.4 100.6 99.4 98.8 97.5 96.9 96.5 95.9 95.2 94.7 94.4 96 96 95.6 93.6 91.4 89 89.1 89.4 90.1 91.3 91.1 90.5 89 86.2 86 83.8 81.5 79.5 79.4
107.5 109.3 110.6 113 114.9 115.8 116 115.9 115.7 115.6 115.2 116.3 115.8 115.4 115.4 114.3 114.2 113.6 112.8 111.5 109.6 109.5 109.2 108.5 108.5 109.4 109.5 111 111 111 110.9 110.7 110.5 110.4 110.4 110.8 110.5 110.7 111 109.6 107.9 106.1 104.9 105.6 105.6 105.6 104.6 104.1 103.5 102.8 102.2 101.9 101.8 101.3 100.6 100.1 100.7 99.6 98.3 97.7 97 96.4 95.6 94.2 94.3 95.7 95.8 93.7 91.9 90.7 89 89.4 90.4 90.2 91.3 91 89.6 87.8 85 84.1 82 79.4 79.2 78.6
107.8 109.7 110.3 113.4 115.9 115.9 116 115.3 116 115 114.4 115.2 115.5 115.5 115.8 114 113.8 113.7 112.7 111.3 110.6 110 108.9 107.8 106.8 107.7 109.5 110.9 110.7 111 111 111 110.7 110.3 109.5 109.8 110.1 109.7 110.3 109.1 107.5 105.8 104.2 104 104 104.9 104 103.3 102.5 101.9 101.3 101.5 101.3 100.9 100.8 99.9 100.4 99.8 98.9 98 97 96 95.4 94.8 94.8 95.7 95.3 92 89.9 89 89.5 90.8 90.7 90.3 91.2 90.3 88.5 86.7 84.6 82.9 80.6 79.9 78.2 77.1
108.7 110.1 111.5 114 115.6 115.6 115 114.2 115.1 114.9 114.7 114.3 115.2 114.6 115.4 115.2 114.5 114 112.5 111.1 109.9 109.8 108.4 107.1 106 105.9 108.5 110.8 110.3 110.2 110.6 111 110.8 110.1 108.4 109 109.1 108.7 109.2 108 106.8 105.6 104.6 104.4 104.7 103.7 103.1 102.5 101.8 101 100.6 100.7 99.8 100.1 100.6 100.2 99.3 98.9 98.1 97.3 96.3 95.7 95.2 94.9 90.8 90.8 90.4 89.2 89.8 90.7 92.9 91.4 90.6 90.7 90.8 88.8 86.8 84.9 82.9 81.2 80.1 79.1 77.5 76.3
108.8 110.8 112.7 115 115.5 114.8 114.1 113.8 114.1 114.3 114.1 114.4 114.3 114.4 115 115.6 115.4 114.2 112.4 110.9 109.6 108.9 107.9 106.6 105.8 104.9 108.1 110.4 110 109.6 109.8 110.6 109.9 109.1 108 108.1 108.3 108.3 108 106.8 105.9 105.3 104.5 104.7 103.5 102.3 101.3 101.8 101.1 99.6 98.9 99.7 98.9 99.3 100.6 99.4 98.8 98.1 97.4 96.6 96.3 96 95.7 95 92.5 91 91.3 91.1 90.8 93.7 93.9 93.2 90.8 90.7 89.3 87.2 85.3 83.4 81 79.4 78.6 77.8 76.7 75.8
109 110.7 112.9 115.6 115.6 114 113.8 113.5 113.2 113.7 113.6 113.8 114 114.2 114.9 116 116 114.6 112.7 110.5 109.3 108.4 107.3 106 104.8 104.9 108.3 110.7 110.8 110.4 109.1 109.4 108.9 107.9 107 107.3 107.6 107.5 106.9 106.2 105.5 105.6 104.5 103.7 102.4 101 99.9 99.7 100.1 97.6 96.7 96.4 96.8 97.3 98 98.4 98 97.3 96.7 96.8 96.7 96.5 96 95.7 95.4 94.1 93.2 92.7 93.3 93.6 93.7 92.4 90.6 89.1 87.2 85.8 83.8 81.7 79.8 78.7 77.7 76.6 75.6 75.1
108.7 110.8 113.2 116 115.4 114.2 113.2 113.1 112.9 113.1 113 113.2 113.6 114.1 114.6 116 116 115.1 113 110.5 109 107.4 106.2 105 104 106.3 109 110.8 110.9 111 110 108.4 107.9 106.8 105.9 106 106.9 106.8 106.7 106.2 105.6 106 104.3 103.5 102.1 100.5 99.3 99.4 97.5 95.7 95.4 94.4 95.7 96.4 96.6 96.9 96.9 96.7 96.8 96.9 96.8 96.5 96.1 96 95.9 94.9 94.7 94.4 94.1 93.3 92.2 91.1 89.8 88.5 86.9 84.5 82.8 80.4 78.7 78 77 75.8 73.5 72.8
110.1 112.3 114 114.6 115 114.6 113.3 112.3 112.4 112.3 112.4 112.9 113.4 113.8 114.8 115.6 116 114.6 112.6 110.5 109 106.8 104.7 104.1 105.5 108.4 109.2 110.9 110.9 110.4 110 109.1 106.8 106 104.8 104.5 105.8 106.1 105.9 106 106 105.5 104 103.1 101.9 100.3 99.9 98.2 96.3 95.3 93.6 93.6 95.1 95.6 95.9 96.4 96.8 96.8 96.8 96.9 96.7 96 95.4 95.5 95.8 94.7 94.4 94.2 93.6 92.6 91.5 90.6 89.5 87.7 86.1 84.5 81.8 79.1 77.4 76.3 75.7 74.2 71.4 70.3
110.7 112.4 113.8 114.8 114.9 114.2 113.3 112.4 111.4 111.4 111.6 112.2 112.7 113.3 114.5 115.9 115.1 113.2 111.1 109.1 107.3 106.4 104 104 106.9 110.2 111 110.3 110.8 109.6 108.7 107.5 106.5 105.3 104.1 104.3 104.9 105.5 104.4 104.5 103.9 103.7 103.1 102.1 101.4 100.9 99 97.6 95.5 94.5 94.5 91.7 92.3 94.2 94.8 95.6 96.3 96.5 96.4 96.4 96.6 95.7 94.9 95.1 94.9 94.3 94 93.7 92.9 92 91.1 90 88.5 86.8 85 82.8 80.5 77.6 75.3 74.3 73.2 71.3 68.2 64.9
110.3 112.6 114.1 114.7 114.8 113.6 112.6 111.7 110.9 110.4 110.4 110.9 111.6 113.2 114.8 115.6 115.1 113.3 110.8 108.2 105.5 104.5 104 104.6 107 110.1 110.4 109.5 109.3 109.6 108.4 107 105.6 104.2 104 104 104 103.5 102.9 102.1 101.9 101.6 101.7 101.4 101.1 100.8 99.3 98.1 97.1 96.1 95.3 91.6 90.7 91.1 94.9 94 96.2 96 95.8 95.4 96.1 96 94.6 94.3 94.2 93.8 93.4 92.7 91.9 91 89.9 88.5 87 85.4 83.6 81.4 79.1 75.2 73.1 71.8 67.3 64 63.8 62.9
111.3 113.2 114 114.7 114.2 112.9 112 111.1 110.3 109.5 109.2 110.2 111.9 113.5 114.7 115.4 114.4 112.9 111 108.4 106.2 106 104 104.7 106.7 108.1 107.7 108.7 108.5 108.6 108 106.6 105.2 104.1 103.3 103 102.7 102 101.4 100.4 99.8 99.7 100 101.1 101 100.7 99.7 98.3 97.3 96.3 95.2 92.6 89.7 89.3 90.5 92.7 94.6 94.8 95.8 94.8 95.2 94.8 93.9 93.4 92.8 92.5 92.3 91.7 91 89.8 88.4 87.1 85.5 83.9 82.3 80 77.3 74.5 72.5 70.7 64 63.8 62.5 62
111.1 114 114.4 114 113.4 112.3 111.3 110.5 109.8 109 109 110 111.6 112.9 113.2 113.7 113 111.7 110.5 108.7 106.4 104.5 104 105.3 105.7 105.5 106 107.4 107.6 107.7 107.2 106.8 104.9 103.9 103.1 102.4 101.7 100.6 99.9 99 99.2 99.3 98.9 99.6 101 99.4 98.4 98 96.8 96.2 94.8 92.3 90 88.5 88.2 89.6 91.1 91.7 92 91.3 91 91.5 92.4 92 91.6 90.7 90.5 90.2 89.2 87.9 86.7 85.6 84 82.3 80.6 78.4 75.6 73.6 71.6 69.1 65.9 63.6 62.5 61.2
112.2 114.3 114.5 114.5 112.4 111.3 110.8 110 109.3 109 109 110.3 110.6 111.5 111.9 112.4 112.1 111.3 110.5 108.1 105.8 104.4 103.3 102.9 103.4 104.1 105.2 106.4 106.6 106.8 106.7 106.5 105.5 103.7 103.3 102.8 101.5 99.7 99.6 99.5 99.8 99.4 98.2 97.2 98.7 97.8 97.1 96.5 96.1 95.2 93.8 92.1 90.1 88.1 86.8 88.7 88.2 88.7 88.5 87.6 86.7 88.1 90.5 90.9 90.2 89 87.8 86.9 86.5 85.6 84.5 82.9 81.1 79.4 77.7 75.6 73.1 72.1 70.9 68 65.1 62.6 61.4 60.1
112.6 114.4 114.5 113.9 111.8 110.6 110 109.5 109 109 111 111 110.6 110.7 111.1 111.3 111 110.4 109.1 107.5 106 104.9 102.2 101.3 101.1 103.7 105.7 105.3 105.5 105.8 106.2 106.1 105.8 105.6 104.5 103.7 102.6 100.8 101.3 101.7 100.8 99.6 97 95 96.3 96.2 95.6 94.9 94.2 92.8 91.6 90.5 88.9 86.6 85.1 85.4 84.2 84.9 85.1 84.6 83.6 84.6 86.5 87.9 88.2 87.1 85.8 84.6 83.4 83 81.9 80.3 78.4 76.5 74.7 72.7 70.9 70.5 70.2 67.6 64.5 61.5 60.3 58.5
113.1 113.4 113.1 112.1 111.6 110.3 109.4 109.2 109.1 109 110.8 110.8 111 110.7 111.1 111.1 110.9 109.3 107.3 106 105.6 104.6 102 100.2 99.8 102 103.9 105 104.4 106.2 106.1 105.9 105.6 105.3 105.6 104.7 104 103 103.8 102.9 102 101.2 98.1 94.8 94.2 94.6 93 91.4 90.3 89.7 87.1 85.8 84.3 82.6 79.6 79 79.1 80.7 81.1 81.6 81.7 82.4 83.5 84.5 85.4 85.1 83.7 82.4 81 79.6 78.6 77.7 75.9 74.2 73 71.1 69.3 68.7 68.2 65.9 63.4 60.7 59.4 57.5
113.2 112.5 111.5 110.9 110.5 110 109.5 109.4 109.2 109 110.2 111 111 111 110.8 111 109.9 108 105.9 104.3 103.9 103.1 101.6 100.4 99 100.2 101.7 102.6 104.5 106 105.9 105.6 105.4 105.3 105.8 105.5 104.9 104.2 103.8 103.1 101.3 99.8 98.7 95.8 94 93.9 89.9 89 89 89 88.7 88.6 88.7 88.4 86.7 84.8 80.1 78.8 77.2 77.5 79.1 80.2 81.3 82.4 83.2 82.3 80.9 79.3 77.7 76.6 75.3 75.5 73.9 72.8 71.8 71.2 69.8 66.6 65.6 64.1 61.8 59.5 57.6 55.5
112.4 112 110.6 110.6 110.1 109.2 109.1 109.2 109.7 109.7 110.6 111 111 111 111 110.6 108.5 106.9 104.8 104.3 103.5 102.1 101 99.7 99.2 99 99.5 101.5 103.5 105.6 106.1 106 105.9 106.1 106.5 105.9 105 104.2 103.6 103.1 101.5 100.2 99.1 97.2 95.6 95.1 95.4 95.2 92 90.5 89.6 89.7 90.1 91 87.9 85.7 83.3 78.4 74.2 74.1 75.9 77.5 79.2 80.3 80.5 79.3 77.9 76 74.6 73.9 73.7 73.5 72.6 71.4 70.7 70.9 69.8 66.9 64.2 62 59.8 57.6 56.3 54.4
110.9 111.1 110.3 110.1 109.5 108.2 107.8 107.7 108 109.4 111 111 111 111 111 110.6 108.5 106.6 104 103.9 103.5 102.8 100.9 99.2 99 99 99.3 100.9 103.1 106 106.3 106.6 106.6 106.9 106.8 105.9 105 104.3 103.7 103 101.9 101 100 99.7 98.3 97.1 95.4 96 95 92.1 91 91 91 89.4 87.5 85.1 82.6 78.8 75.6 73.9 73.5 75.3 77.3 78 77.3 77 77.1 74.4 73 72.6 72.4 72.3 71.4 70.1 68.7 69.7 67.9 65 62 60 57.5 56.1 55.6 53.9
110.9 110.1 110.4 109.7 108.7 107.4 106 106.1 106.7 108.5 110.6 111 111 111 111 110.6 108.6 106.7 104.6 105.1 104.6 102.8 101.3 100 99 99 99.5 100.6 102.2 104.1 105.8 106.5 107 107.2 106.8 105.9 105 104.4 103.7 102.6 101.8 101.1 100.3 101 100.2 98.2 96.9 95.2 93.6 92.4 91.2 90.5 88.8 87.3 85.4 83.4 80.6 79 76.2 75 70.7 71.4 74.9 76.2 75.5 74.6 75.6 74.6 73.2 71.3 71.1 71.1 70 68.4 66.8 66.7 65.6 63 59.9 56.3 54 54 53.9 53.8
111 110.1 109.7 108.8 108 106.7 105.3 104 106.3 108.6 110.8 111 111 111 111 110.5 108.7 106.8 105.4 105.8 105 103.5 102.2 100.8 99.5 98.8 97.5 98.8 100.5 102.4 104.7 106.4 107.1 107.2 106.7 105.9 105.1 104 102.7 101.5 100.8 100.7 99.7 99.4 99.8 97.7 95.5 93.6 92 91.2 90.1 87.9 85.8 84.8 83 81.1 79 77.9 76.8 75.4 72.3 69.4 72.9 73.6 73.6 74.6 75.6 74.6 73.1 71.3 69 70 67.7 66.6 65.1 63.4 62.7 61 57.8 55.3 54 53.9 53.7 53.6
110.4 109.5 109 108.1 107.2 106 104.6 104.5 106.7 108.5 110.9 111 111 111 111 110.1 108.3 106.4 105.6 105.8 106 104.7 103.4 101.8 99.9 98.1 95.5 95.8 99 100.6 103.7 105.6 106.9 106.9 106.4 105.6 104.1 102.6 101.2 100 99.8 99.7 99.4 99 98.2 96.8 94.6 92.1 90.6 89.3 88.2 86 84 82.3 79.9 78.8 77.6 76.6 75.8 75.6 72.4 69.4 70.1 71.7 72.3 73.6 73.6 73.2 71.8 71.3 70.2 68.2 65 64.9 62.8 60.7 59.1 58.1 57.2 55.5 53.9 53.7 53.6 53.5
109.4 109 108.2 107.3 106.4 105.3 104 104 105.7 108.2 110.7 111 111 110.6 109.6 108.9 107.3 105.8 105.8 105.9 106 105.9 104.1 102.4 100.6 98.6 95.6 94.4 97.5 100.5 102.8 105.4 106.3 106.5 106.2 105.1 103.6 101.7 100.3 99 98.5 97.8 97.8 97.6 96 95.2 93.5 91 88 86.2 85.5 83.5 82.3 80.3 77.9 77.2 76.7 75.6 76 75.5 71.4 66.5 66.7 70 72 72.5 72.3 71.8 70.5 68.8 67.3 66.7 65.1 62.8 59.6 61 59.2 56.1 55.2 54.5 53.8 53.5 53.5 53.8
107.9 107.4 106.8 105.9 105.5 104 104.1 104.2 104.9 107.6 109.3 111 110.4 108.9 108.2 107.5 106.1 104.9 105.9 106 105.9 106 104.5 102.7 101 99.3 96.4 94.7 95.2 98.6 102.1 104.7 106 106 106 104.6 102.9 100.9 99.4 98.1 96.6 95.8 96.1 95.7 94.1 93 91.6 88.9 85.2 84.1 82.2 80 80.7 78.6 76.1 75.4 75.9 73.8 76 74 70.1 65.3 66.2 70.4 71.1 71.3 70.9 69.8 68.3 66.2 63.3 63.2 61.5 59.1 57.7 57.4 55.9 54.9 54 54 53.8 53.4 53.7 54.3
106.5 106.3 105.9 104.5 105 104 104.1 104.1 104.5 107 109.3 110.2 109.3 107.7 106.9 106.1 105 104.6 106 106 105.4 105.6 104.3 103 101.5 99.6 96.7 95.1 94 98.3 101.3 104.2 105.7 105.9 105.4 103.3 101.9 100 98.6 97.2 95.7 94 94.5 94.5 92.1 89.6 89.1 86.4 84.5 84.6 82.8 79.3 78.4 76.1 74.3 72.6 72.4 70.6 72.3 71.3 68.3 64.5 66.2 70.9 70.1 68.9 67.5 66.4 65.3 63.5 60 58.4 57.4 56 54.7 54.3 54.3 54 55.2 55.2 54.8 53.9 54 56.5
106.2 105.9 105.8 104.5 104.3 104.7 104 104 105.3 106 107.3 108.3 107.8 106.6 105.6 104.9 104.4 103.8 105.6 105.2 104.2 103.5 102.4 101.1 100 98.8 96.8 95.2 94.1 99.1 101.2 103.9 105.6 104.5 103.1 101.9 100.4 99.1 97.7 96.2 95.6 94.5 93.6 92 89.9 89.2 88.5 88.1 88.4 87.7 85.2 81.3 79.2 76.4 73.9 70 69 66.3 65.4 66.2 64.8 64.3 66.6 67.5 67.2 66.1 64.6 62.2 61.1 59.1 56.2 54.1 54 54 54.1 54.3 55.4 56.4 58 57.6 56.3 55.9 56.6 59
106.1 106.1 105.8 105.2 104.4 104.5 104.4 104.2 105 105.2 106.3 106.6 105.9 105.3 104.5 103.9 103.3 102.9 103.9 103.4 102.5 101.5 100.5 99.5 98.6 97.4 96.5 94.8 94.3 98.5 101.3 104.1 105.5 104.5 103 100.5 99 98.2 96.6 95.1 94 93.9 93.1 91.2 89.9 90.3 90.7 91.1 91 89.9 86.9 84.4 83.1 79.9 77 74.1 71 69.7 65.8 63.7 60.8 61 65.8 66.4 64.5 63.4 61.3 59.3 57.3 54 54.9 54.2 55.7 56 56.1 58.6 60 60.1 60.7 60 58.6 58.5 59.8 62.2
106.2 106 105.3 104.6 104.4 104.1 104.8 105.1 106.3 106.5 105.6 106 105.2 104 103.1 102.5 101.9 101.9 102.3 101.8 101 100.3 99.2 98.2 97.2 96.1 95.8 94.2 95.2 99.2 100.9 103.8 105.9 104.9 102.7 100.3 99 97.8 95.9 94 94.1 94.3 94.5 92.7 93.2 93.9 94.5 94 93.2 91.3 89.3 86.8 85.1 81.6 78.1 76.4 74.3 71.9 69.2 65.4 61.8 59 61.8 63.4 60.9 59 57.9 56.3 54.4 54.2 55.7 57.5 59.9 61 60.6 61 63.3 63.9 64 62.6 61.7 63.2 64.6 67.7
106 104.6 103.8 103.6 103.4 104.1 105.1 105.7 107.9 108.5 106.7 105.2 104.2 103.1 102 101.1 100.5 100.9 100.9 100.8 100 99.6 98.3 97 95.9 94.9 95.3 91.9 94.7 98.1 100.1 103.1 105.4 104.5 102.4 100.5 99.2 97.5 95.6 94 94.1 94.2 94.1 94.7 95.3 95.8 95.9 95.9 93.9 92 89.9 87.8 85.5 82.4 79.1 76.8 74.5 70.6 70.4 66.3 62.9 59.9 59 59.2 59 58.9 58 56.6 55.4 57.7 59.1 60.8 64.3 65.1 64 63.4 66 64.9 66 66.5 66.2 66.9 69.7 71.4
105.2 104.1 103 101.9 102.8 104.1 105.1 106.4 108.8 109.1 106.9 104.9 103.7 102.5 101.2 100.2 99.3 99.8 100.3 99.6 99.3 98.7 97.4 96.1 94.9 94.9 92.5 89.3 92.8 95.1 100 102.3 104.2 103.6 102.5 100.6 99 97.3 95.6 94 94 94 94.4 96 95.5 95.7 95.8 95.9 94.1 92.3 90.2 88.2 86.1 82.9 79.5 77.9 70.8 69.2 67.1 65.1 63 60.2 59 59 58.5 58.4 58.9 58.2 58.5 62.2 64.1 65.4 66.8 67.8 66.2 64 65.9 67.7 68.2 70 70.2 70.5 72.1 74.1
103.5 101.8 101.1 100.8 102.5 104.8 105.5 106.3 107.6 108 106.5 104.4 102.9 101.7 100.4 99.4 99.2 99.9 99.4 98.4 98.3 97.9 96.6 95.3 94 92.2 89.3 90.5 93.8 94.8 99.2 101.6 103.4 103.1 102.4 100.6 99.6 98.5 97.3 95.8 95.7 95.7 95.2 95.4 95.5 95.6 95.7 95.8 94.3 92 90.6 88.6 86 82.7 79.9 78.3 69 68.7 67.1 65.7 63.1 60.3 59 58.7 58.5 58.8 60.7 62.6 61.8 66.1 68.2 69 70.5 70.6 68.8 67.4 68 70 70.6 73.2 73.9 73.2 74.3 75.5
101.3 99.8 99.3 101.5 103.5 105.7 106.1 106.1 106.1 106 105.8 104.4 102.8 101.1 99.6 99.4 99 99.4 98.9 97.3 96.8 97 95.9 95.4 93.1 90.2 89.6 91 94.6 97.2 99.7 101.2 102.7 102.6 102.2 101.3 100.8 99.9 98.9 98.3 97.9 97.1 96.1 95.7 95.4 95.6 95.8 95.9 93.8 91.3 89.7 88.3 85.8 82.1 78.8 75.1 71.2 68.9 67 65.4 63.2 60.7 59 59.1 59.1 61.7 65.8 66.6 64 69.3 71.1 71.5 72.6 73.4 72.2 70.8 71 72.9 73.2 75.5 76.8 76.4 76 76.9
100.1 100.1 101 103.5 105.5 106.2 106.2 106.3 106.1 106.1 106 104.8 102.8 100.9 99.1 98.1 97.9 99 98.4 96.8 95.2 95.5 94 94.2 91.3 89.1 89.1 92.3 94.5 97.3 100.5 101 101.8 102 101.8 101.3 100.9 100.9 100.3 100.1 99.7 98.2 97.2 96.7 96.3 96 96 94.6 92.4 90.4 88.9 87.4 85.2 82.1 78.5 75.3 72.2 70.1 67.5 65.2 63.3 60.8 59 59.2 60.1 65.8 68.8 70.4 68.3 70.4 72.6 73.2 74.8 75.7 75.1 74.3 75.4 75.8 75.9 77.7 78.8 78.3 78.3 77.9
99.7 100.9 102.4 104.6 106.1 106.3 106.4 106.5 106.3 106.1 106.1 104 102 100.2 98.6 96.7 96.3 98.3 97.9 96.2 94.5 93.3 92.7 91.3 89.3 89.1 90.3 94 95.4 98.3 100.9 101.2 100.8 101.1 101.5 101.2 100.9 100.7 100.5 100.7 100.1 99 98.1 97.2 96.1 94.7 94.2 93.4 91.1 89.5 88 86.4 84.3 80.9 78.1 75.2 72.8 70.8 67.4 64.3 61.8 59.7 58.8 58.7 64.6 68 71.2 73.1 71.1 71.3 73.9 75.5 77.1 77.9 78 78.4 78.4 78.4 78.9 81 80.2 80.1 80.7 79.1
99.2 100.9 102.4 104 106 106.4 106.5 106.6 106.4 106.2 105.7 103.6 101.3 99.7 97.9 95.6 94.6 96.6 97.3 95.5 93.6 91.6 89.8 86.4 84.2 89.8 93.2 95.6 96.8 98.1 100.5 101 99.7 100.1 100.5 101 100.4 100.5 100.5 99.7 99.5 98.8 98 97 96.2 95.4 94.2 92.6 89.8 88.5 87 85.4 82.4 79 76.8 75.3 72.8 70.2 66.8 63.8 61.1 59 59.1 62 66.4 69.8 73.3 75.6 74.2 72.8 76 79.5 80.6 80.8 81 80.2 79.5 80.8 82.3 83.3 82.8 82.8 81.1 78.5
