data/SS20.asc
ncols 200
nrows 200
xllcorner 220000
yllcorner 100000
cellsize 50
[rows 0 to 36 of 200, columns 82 to 163 of 200]
151.6 155.6 159.3 162.5 164.8 167.1 168.7 169.5 169.8 168.5 166.9 164.7 162.3 159.2 157.3 156.7 154.6 151.5 148.5 143.2 136.2 120.8 118.7 125.5 127.8 128.6 129.4 134 136 137.9 141.5 143.7 144.6 146.7 148.1 150.7 154.4 157.2 158.8 159.8 160.4 161.1 161.1 160.8 160 158.2 156 155.6 153.4 149.2 146.3 144.9 143.3 142.3 140.9 139.6 138.4 138.1 136.5 136.4 136.3 135.4 134.6 133.9 134.3 135.9 136.7 137.4 136.4 133.4 127.6 123.5 125.4 127.4 128.5 127.7 126.5 125 128.2 130.9 132 132.9
152.2 155.8 160.6 163.3 166.9 169.3 171.3 173.2 173.9 173.2 171.7 169.9 169 166.9 164.5 162.2 159.4 155.5 151.8 144 131.8 119.6 121.7 132.7 135.5 136.3 135.1 138.4 138.3 141.8 144.1 146.5 148.6 150.7 152.6 153.3 154 156.3 158.5 159.2 159.8 160.4 159.7 159 157.2 156.7 154.5 152.5 149.6 147.7 147.5 147 146.5 145.8 144.9 143.5 142.1 141.6 141.9 141.9 141 139.9 138.9 138 137.8 138.6 139.3 139.5 136.9 134.1 128.3 124.4 123 124.2 124.3 124.8 126.5 129.3 132.9 135.6 136.9 138.3
153.5 156.7 161 163.4 166.9 169.5 172.3 174.4 175.9 176.1 176.8 175.2 174 172.1 169.3 167.4 163.7 159.8 154.9 147.5 139.5 121.8 121.1 136 139.7 139.5 138.8 140.1 140.2 143.7 144.4 147.7 150.5 153.8 154.5 156 157.8 158.9 159.5 159.6 159.8 159.8 159 158 156.4 154.9 154.4 154.5 155 155.1 154.2 153.8 152.9 151.5 150 148.8 148.1 147.7 147.5 146.9 145.4 144.3 143.4 142.8 142.6 142.6 142.6 141.4 138.4 135.3 132.6 129.7 123.8 122.8 123.4 127.5 130.7 133.5 136.2 138.5 140.7 142.9
156.3 159.5 162 164.6 166.8 168.8 171 174.2 176.7 177.7 178.4 178.7 178.2 176.7 173.5 170.1 166.4 161.5 155.6 142.8 125.3 115.7 125.2 135.5 139.3 138.8 140.2 141.5 141.6 143.8 144.7 146.5 151.2 153.5 154.8 158.2 160.1 160.6 161.1 161.4 161.9 161.9 161.3 160.6 160 160.1 160.6 161 161.8 161.4 161.2 159.6 158.2 156.8 155.3 154.4 153.7 152.8 151.9 151.1 149.8 148.8 148.1 147.6 147.3 146.7 145.9 144.2 142 139.4 137.4 135.3 128.9 121.9 123.5 128 132.4 135.5 138.1 140.8 142.7 145.3
161.4 162 163.7 165.6 166.7 168.4 169.9 171.6 173.9 177.3 178.5 179.3 180.3 178.7 176 171.8 167.3 160.6 151.5 129.6 114 118.2 129.3 135 138.3 140.2 141.5 142.9 142.5 141.9 143.3 144.9 146.8 151.2 153.9 157.7 160.9 162.3 163.7 164.4 164.4 164.5 164 163.8 163.3 164.6 165.1 165.8 166 165.4 163.9 162 160.3 158.8 157.4 156 155.4 155 153.9 152.8 151.7 149.9 149.6 149.5 150.8 151.1 148.7 146 144.1 142.6 140.9 138.9 134.8 126.3 122.8 125.8 130.6 134.5 138.4 141.8 144.8 147.4
163.9 164.5 164.8 165.9 165.3 165.9 167 169.4 172.9 175.1 178.1 179.4 179.9 178.5 174.4 169.7 164.4 157.5 143.8 123.7 111.9 124.2 132.4 136.4 139.7 141 142.5 143.1 141.9 139.4 140.4 141.9 144.7 149.2 153.5 157.8 162.4 164.8 166.4 167.2 167.7 167.8 167.3 167 166.8 166.9 167.6 167.6 167.5 167 166 164.8 163 161.2 159.5 157.6 155.9 154.5 153.3 151.9 150.6 150 150.7 150.7 152.2 151.7 149.8 146.8 143.5 141.1 140.9 139.8 137 131 120.6 123.1 127.9 132.4 136.9 140.6 144.1 146.8
162.7 163.4 163.6 162.7 163.4 163.5 164.4 166.8 170.4 172.7 175.9 178.1 178.7 177.4 173.5 168.3 162.3 155.7 141.3 120.3 110.9 125.4 133.5 137.7 140 141.3 141 140.1 138 135.9 137.2 141.8 146 150.6 155.9 160.2 165 167.7 169.6 169.7 170.2 170.6 170.2 169.3 168.1 166.8 167.4 167.7 168.1 168.1 167.3 166.3 165.3 163.1 160.7 157.7 154.6 153.3 151.1 149.5 149.1 148.7 149.2 150.3 151.1 150.3 148.9 146.1 142.5 138.6 139 138.7 136 131.5 121 122.9 125.6 129.9 133.1 137.3 141.1 144.6
159.7 160 161.5 160.3 159.4 158.4 159.5 162.7 166.3 167.7 171.8 174.1 175.6 174.7 171.2 166 160 152.8 131.1 114.1 111.9 124.7 133.1 137.1 139 139.1 138.4 137.4 134.5 131.8 134.9 139.9 144.7 150.3 155.7 160.8 166 169.6 171.5 172.4 172.5 172.1 171 169.9 168.7 167.7 167.1 167 166.9 166.7 166.6 166 165.3 163.9 161.7 157.8 154.2 151.7 147 147.4 147.2 147.4 147 146.6 147.1 147 144.4 141.7 138.3 133.4 133 132.5 132 128.6 120.7 128.5 127.5 130.1 134.7 138.4 142.8 146.4
156.9 157.5 157.6 156.2 155 153.9 154.9 158.7 161.6 163.5 165.7 168.1 169 168.6 165.3 158.8 152.9 146.2 125 107.9 113.9 125.4 130.7 133.9 133.7 133.5 133.7 131 129.1 128.8 132 137.6 142.2 148 154.3 159.3 163.8 167.3 170.3 172.9 173.1 172.7 171.6 170.5 169.3 167.5 166.4 165.4 164.6 164.9 165.7 165.9 165.3 163.9 161.1 157.8 153.4 148 144.8 140.3 141.5 142.6 141 141.5 141.9 140.6 138.1 134.9 131.9 126.2 122.7 121.9 122.6 120.6 121.9 135.1 133.9 132.4 135.7 139.7 143.7 147.2
154 154.9 155.7 153.9 152.2 150.7 150.8 154.4 157 159.4 161.7 163.9 165.1 164.3 160.6 153.6 147.2 136.8 119.1 105.1 114.1 124.6 129 130.6 130.1 129.4 128.5 126.6 125.6 126.1 128.7 133.9 141 146.6 152.6 157.1 161.2 164.3 167.5 170.8 172.6 172.6 171.6 170.3 168.4 167.1 166.2 165.2 163.7 163.8 164.5 164.8 164.7 163.8 161.8 159.1 155.7 151.1 146.3 141 139.8 135.5 134.2 135.4 135.3 132 127.9 123.6 122.3 120.3 120.5 120.9 122.4 129.4 136.6 137.1 143.1 139.5 140.2 142.7 144.8 146.9
153.3 153.5 154.7 152.8 151 149 145.9 149 151.4 154.3 157.3 159.7 161.2 160 155.7 148.6 139.9 127.3 114.4 105.7 114.6 121.2 125 126.5 125.6 124.8 123.9 122.2 121.5 123.1 125.7 128.5 134.7 141.4 147.7 152.5 156.4 160.2 163.7 167.5 170.6 171.3 171.1 169.6 168.3 167 166 165.1 162.6 161.1 163.2 164 163.7 163.3 161.6 159.7 156.5 151.7 148.9 148.8 145.4 140.1 135.5 134.3 133.2 132.7 134.3 133.9 127.6 121.4 126.6 136.1 137.1 138 144.4 147.3 148.6 149 144.5 146 146.6 147.5
150.1 150.4 152.2 151.5 149.4 146.9 142.7 143.6 148.3 151.2 154 156.5 157.9 156.4 152.6 145.3 136.3 125.4 111 105.6 112.3 117.6 119.2 120.5 121 120.2 119.2 118.4 119.2 120.9 123 125.5 128.7 133.7 140.1 143.9 149.3 154.5 158.8 162.2 165.6 168.4 169.3 169 167.8 166.8 166 164.4 162 160.1 161.4 162.7 162.7 162.2 161.5 160 158.8 157.5 156.3 153.8 149.1 144.5 145.8 145.8 141.6 126.3 127.5 123.9 123.3 120.6 129.8 122.8 122.7 136.3 146.9 149 150.3 151.2 148.9 147.8 148.3 147.8
146 146.8 148.3 148.4 147.2 144.8 140.1 138.5 143.1 145.7 148.2 151 151.9 150.7 147.2 141.4 134.6 124.1 108.7 104 110.4 112.7 113.9 115.2 116.3 115.7 115.1 115.5 116 117.4 119.5 122.4 124.9 127.9 130.8 135.5 142.9 148.6 152.6 155.8 161.4 164 166.3 167.1 166.8 165.9 164.7 163.5 161.6 156.5 156.9 158.2 159.3 159.2 159.7 159.8 159.9 158.9 157.8 156.6 154.3 152.8 152 151.2 147.6 126.5 125.7 124.2 126.1 122.1 122.7 122.2 122.9 131.6 149.3 152 152.1 152.7 149.9 147.5 146.7 145.7
142.7 143.6 144.4 144.7 142 139.3 135.8 131.5 135.2 138.6 140.8 143.3 144.1 142.5 139.1 136.1 132.7 124.4 107.7 101.2 106.6 107.4 108.6 109.9 111 111.4 111.7 112 113.2 115 117.2 119.6 121.5 123.9 126.2 131.1 136.1 141.1 145.3 150.3 156.2 161.6 163.8 164.8 165 164 162.2 160 157.9 153.5 152.3 153.7 155.1 156.2 156.8 158.6 158.7 158.9 158.4 157.7 156.5 155.6 155.2 154.8 152.7 126.8 126.2 125.8 124.5 125.1 120.1 123.2 119.8 136.9 147.3 154.4 154.5 151.1 147.8 145.9 144.1 143.2
140 141.8 142 141.3 138.2 134.3 130.9 124.8 128.1 130.7 131.7 131.8 129.9 127.8 126.5 127.2 124.9 119.5 107.4 99.3 101.9 101.9 102.8 104.5 105.8 107.1 108.6 110.1 111.6 113.9 115.7 117.2 119.6 122.7 126 129.3 133.4 139.1 143.6 149.4 155.4 159.8 162.4 162.3 162.9 161.4 158.5 156 153.7 150.1 147.4 148.7 150.4 152.9 154.4 156 157.3 157.4 157.8 157.9 157.5 156.7 155.9 154.2 152.9 131.2 126.8 129.9 127.2 131.6 121.9 124 123.8 140.7 151.7 155.3 151.9 150.1 147.8 144.6 142.5 140.8
139.9 141.6 141.3 138.2 134.4 130.4 127.9 121.2 120.3 120.9 119.9 119.9 118.2 116.2 118 119.7 118.3 111.9 101.8 97.5 95.9 97.7 98.3 99.5 101.6 103.2 105.1 106.3 108 108.9 113 117.8 120.9 124.3 127.7 131.6 135 139.3 145.1 149.8 154.4 158.1 160.5 160 160.3 158.6 155.7 152.7 150 146.7 143.5 146.2 148.6 150.5 151.9 153.5 155.1 156 156.4 156.5 156.7 156.7 155 153.3 151.8 141.4 126.3 128.7 125 127.1 120.1 122.4 136.1 146.2 153.5 152 152 149.7 147.3 144.5 141.5 139.6
143 143.5 142.8 140 134.6 129.9 125.3 120.9 115.3 111.8 109.5 107.4 105.5 104.5 104.3 107.5 107.7 103.4 95.7 96.5 101.5 104.7 105.8 106.2 107.6 108.9 110.2 110.8 110.1 108.8 110.7 117.2 121.1 125.1 129 132.5 136.7 140.7 144.4 148.9 153.2 156.2 157.8 158.1 157.1 155.6 153.4 150.7 148.4 146.2 144 144.4 146.5 148 149.3 150.9 152.5 154.3 155 155.2 155.4 154.8 153.6 152.2 149.8 142.7 136.2 130.6 131.9 123.3 120.1 122.1 136.6 146 150.1 153.4 152.2 149.1 147.4 145.4 141.1 137.1
146.4 146.1 145.2 143 139.8 135.9 132 127.5 123.7 121.9 119.7 116.4 112.8 109.7 103.2 96.3 95.5 93.6 95.7 101.5 107.5 110.8 112.6 113.8 117.1 118.4 119 119.2 119.1 117.5 113.6 111.7 117.8 122.5 126.6 130.7 135.1 139.8 143.2 147.8 152.3 154.5 155.7 155.7 154.7 153.1 151.6 149 146.8 144.6 141.6 142.1 144.3 145.5 146.8 148.4 150.1 152.3 153.3 153.9 153.4 152.7 151.9 150.6 148.5 144.1 138.3 137.2 129.3 119.2 122.6 125 138.9 145.7 150.6 152.1 151.7 150.1 146.7 141.5 139.7 138.9
150.5 150.1 149.2 146.3 143 140.4 136.8 131.2 128.7 127.4 124.8 122.7 116.7 105.2 96.2 92.3 94.6 96.8 100.5 104.4 110.6 114.2 116.3 118.5 120.6 121.7 122.3 122 121.1 119.3 117.4 115.5 115.5 115.9 121.1 126.1 129.6 135 140.1 145.3 148.6 151.4 152.3 152.6 151.8 150.2 148.7 147.3 144.6 142.3 140.2 139.9 141.8 143 144.3 145.8 148 150.1 151.2 151.6 150.9 150.2 149.1 147.8 146.5 143.7 142.1 136.5 123.6 120.3 124.3 135 137.3 143.2 146.7 148.2 147.5 144.9 142.2 140 138.6 136.2
155.4 154.3 152.2 149.4 146.2 142.1 137.1 131.5 126.8 122.4 118.4 114.9 103.2 91.7 90.4 94.8 99.6 104 108.1 109.9 113.9 117.8 121.9 124.4 125.5 125.3 124.4 123.8 122.3 120.9 119.8 119 119 118.6 117.9 123.3 126.9 132.8 137.4 141.1 143.7 146.6 147.4 147.8 147.5 145 142.4 141.8 140.6 139.8 139 138.1 139.6 140.7 141.8 143.6 145.6 147.2 148.8 149.2 148.3 146.2 143.8 141.7 140.8 138 132.7 125.7 119.5 120.3 131.7 126.1 131.3 135.7 139.2 140.9 140.5 139 139.2 137.2 133.5 131.5
159.9 158.7 154.6 149.1 142.3 137.2 130.6 122 114.3 107 104.6 98.1 88.6 93.6 100.4 105 109 113.6 117.5 120.2 119.4 122.3 125.1 128.7 131.3 131.6 130.5 128.9 125.9 123.7 122.8 122.8 124.8 124.8 123.1 121.6 127.6 132.5 135.9 138.1 137.6 140.2 142.6 143.9 142.7 142.4 141.6 140.4 139.1 138.1 137.3 136.3 137.4 138.5 139.4 140.2 141.6 143.4 144 143.3 141.9 137.7 134.3 130.5 128.6 125.9 123.9 120.6 117.4 119 127 123.1 126.1 131.1 133.9 135.9 135.8 135.2 134.9 133.3 134.1 132.3
158.3 158.1 155.1 148.3 139.9 127.3 116.5 103.9 95.1 90.9 89.4 89.6 94.8 103 111.5 118.6 125.3 128.7 130 131.7 131.2 131.8 132.7 134.7 135.7 136.5 135.9 135.3 134.3 133.5 132 130 131.3 131.4 129.5 127 125.6 128.3 131.1 133.8 136 139.1 141.1 142.8 142.8 142.6 140.5 138.9 137.9 137.3 136 134.6 132.9 134.4 134.4 135.5 137.1 138.6 140.4 141.1 140.1 137.5 134.4 130.7 126.9 124.7 122.5 120.7 117.5 115.9 118 122 126.8 129.8 132.3 133 132.8 132 132.1 133.4 133.6 134
155 154.2 151.6 146 138 130.7 120.6 94.5 86.8 86.6 95.6 102.7 110.9 118.4 124.3 130 134.9 137.6 138.7 139.1 140.3 140.7 139.8 142.5 142.6 142.7 143 142.3 141.3 140.2 139.4 137.6 138.2 137.7 136.1 133.7 133.8 132.7 136.6 139.7 141.6 142.4 143.8 145.1 143.7 142.5 141.4 140.2 139.2 138.3 136.7 135.4 133.9 131.8 131.5 133.7 135.6 137.5 139.2 139.9 140.5 139.8 137.4 133.9 131.6 129.3 124.7 121.1 119 117.2 116.9 120.4 125.8 129.3 131.3 131.6 130.1 128.8 130.4 131.8 132.7 132.2
150.5 149.1 146.8 140.6 133.7 123.3 114.2 90.7 85.7 99.7 113.4 120.4 124.9 128.6 132.8 136.4 140.6 143.3 143.9 144.3 144 144.1 145.1 145.9 147.3 147.7 147.7 147.2 146.6 145.8 144.5 143 142.4 142.8 142.3 142.8 142.8 137.6 141.5 145.6 147.3 147.4 146.8 147.8 147 145.6 143.9 142.5 141 139.2 137.5 136.1 134.3 132.5 130.6 131.3 133.9 135.7 137.1 138.8 140.2 139.8 139.8 138.3 136.6 134.2 130 125.1 121 119.6 115.8 118.3 125 128.3 129.8 129.4 126.9 124.3 127.8 128.7 130.4 130
148.4 145.3 142.1 135.2 123 107.3 95.6 87.2 85.2 102.6 114.4 121.7 127.5 133 137.9 141.6 143.3 144.5 145.7 144.9 144.6 144.4 145.5 146.6 147.9 148.6 149.2 149.4 148.7 148.2 147.6 146.7 146.4 146.1 146.4 146.4 145.5 144.7 145.3 148.2 149.5 150.4 149.7 149.9 149.7 148.8 147.2 145.6 143.1 140.7 138.3 136.7 135 133.2 131.5 129 131.6 133.7 135.9 138 139.7 139.7 141.1 140.7 139.9 136.8 133.3 129.2 124.3 120.5 117.8 115.2 118.8 125 126 124.7 122.4 119.3 121.1 122.2 123.6 124.4
146.2 145.1 143.3 141 134.3 108.5 90.9 84 86.8 102.3 112.2 118.9 125.1 132.2 136.4 140.7 141.7 141.3 141.7 142.3 141.8 142.3 143.8 145.6 147.2 148 148.7 149.1 149 148.9 148.8 148 147.9 147.8 148.6 149 148.2 149 149.1 150.3 150.8 151.3 151.2 151.3 150.7 150 148.7 146.7 144.3 141.8 139 136.6 134.7 132.9 131.5 129.3 128.6 131.7 134 136.1 138.3 140 141.7 142.3 141.7 140 138.1 132.2 128.4 126.6 123 117.4 115.4 115.7 117.1 115.7 114.4 114.4 113.7 114.3 115.7 118.7
145.2 145.4 144.8 142.5 137.1 120 93.8 82.9 85.9 100.6 112.6 120.1 125.5 130.9 135.1 138.3 138.5 136.5 137.2 138.1 139.3 140.5 143.4 145.2 146.5 147.4 148 148 147.8 147.6 147.7 147.6 147.4 148.6 150 150.5 150.8 151.1 151.4 151.7 152.4 152.5 152.5 152.3 151.4 150.5 148.8 146.6 143.7 140.8 137.9 135.5 133.8 132.5 131.1 129.1 127.5 130 132.3 135.4 137.8 140.9 141.9 142.5 142.6 142 140.6 139.8 135.9 135.5 131.2 123.9 119.3 117.4 115.4 116.4 115.6 114.8 113.8 113.6 113.6 113.1
143.2 144.4 144.6 143.4 138.5 128.3 102.1 86.3 81.5 91.5 106.7 119.1 125.7 132 136.1 136.7 134.8 131.8 132.1 133.2 135.1 139 142.4 144.7 145.7 146.7 146.9 146.5 144.7 145.2 144.8 144.8 146.9 148.2 149.7 150.2 151.4 151.8 152.2 152.6 152.8 152.7 152.6 152.4 151.8 150.1 147.7 145.2 142.6 139.7 136.9 134.5 132.9 131.2 130.5 128.8 126.4 128.8 131 135.3 137.8 139.9 141.7 142.8 142.9 142.6 141.6 142.6 143.3 141.5 139.7 134.5 127.9 125.5 124.4 123.9 123.4 121.6 118.7 115.4 115.1 112.9
139 140.5 142.3 141.9 140.2 133 108 88.9 80.4 84.7 98.9 114.2 122.4 129.1 132.2 130.3 127.1 125.2 126.2 127.4 132.4 137.9 141.2 144.3 145.7 145.5 144.6 142.4 140.1 140.1 141.6 142.2 144.5 147.2 149 150.3 151.2 151.6 151.9 152.2 152.4 152.5 152.7 152.4 151 149.4 146.4 143.4 141.4 138.6 135.8 133.5 132 130.2 129.3 127 125.1 127.7 129.9 132.2 134.3 136.4 138.5 140.7 141.5 141.6 142.4 143 143.2 143.8 143.3 142.2 140.5 139 137.6 135.5 133.6 132.5 127.8 122.5 119.3 116.9
132.6 135.3 136.6 137.3 136.7 132.3 116.3 90.1 80.6 81.9 93.8 107.2 114.3 120.4 123.4 122.8 121.1 119 119.9 126 133.9 138.2 142 144.5 144.9 143.4 141.2 137.1 134.4 134.9 136 138 143.2 147 149.6 150.5 150.9 151.2 151.5 151.8 152 152.1 152.1 151.5 150.2 148.6 145.4 142.1 139.9 137.5 134.8 132.6 131.2 129.2 127.6 125.4 123.8 125.9 127.5 128.8 130.9 133.4 135.6 137.6 139.2 139.8 140.7 141.7 142.5 143.6 144.8 144.8 144.2 143.7 142.3 141.1 137.4 136.5 131.8 128.4 125.6 122.6
127.7 129.8 130.4 130.1 130.1 126.4 119.7 89.9 79.1 81.1 92.9 100.8 106.8 111 113.3 113.8 112.2 116.6 124.5 130.3 135.8 139.4 143 143.6 143.4 142 134.9 125.8 125.2 132.1 139.4 143.3 146.6 148.8 150.8 151.3 150.4 150.8 151.1 151.4 151.6 151.5 151.4 150.5 149.2 147.8 145.1 142.3 140 136.6 134.2 132.9 131.3 130.1 128 126.2 123.9 123.6 124.9 126.4 127.8 130.3 132.5 134.6 135.5 137.9 139 140 141.4 142.9 144.2 145.8 146 145.3 144.1 143.2 140.6 138.6 134 130.5 127.6 124.1
117 106.4 124.3 125.5 125.4 122.7 117.2 88.1 78.4 79.5 90.2 97.3 101.4 100.9 103.1 105.2 110.3 121.7 128.5 133.9 138 140.5 141.8 141.1 140 129.4 121.4 124.8 136.8 140.7 143.1 145.7 148 149.7 150.4 150.5 150.4 150.2 150.5 150.7 150.8 150.8 150.6 149.5 148.2 146.8 144.6 142.3 140.1 137 134.9 133.7 132.3 131.3 129.1 127 125.1 123.3 122.4 124.1 125.4 127.2 129.4 131.6 132.6 135.1 136.4 138.1 140 141.7 143.5 145.2 146.3 146.5 145.9 144.9 143.3 140.7 136.3 132.5 129.2 124.4
98.5 99.5 99.1 107.1 112.8 113 103.6 83.7 75.4 77.7 87.7 91.7 93.3 92.7 95.6 99.7 106.8 114.5 129.9 134.4 135.3 135.3 134.9 132.2 125.5 117.4 119.4 131.7 137.8 140.5 142.9 145.1 146.9 148.4 149.4 149.7 149.7 149.6 149.8 149.1 149.5 150 149.7 148.6 147.4 145.7 143.6 141.4 139.2 137.7 135.8 134.5 133.3 131.6 129.9 128.1 126.3 124.5 122.6 121.5 123 124.4 126.3 128.6 130.5 132.2 133.6 135.4 137.5 140.3 142.8 144.6 145.7 146 145.1 144.4 143.3 140.5 136.7 133.6 128.9 123.2
95.7 95.4 93.5 90.8 92.3 91.8 81.8 73.2 73.7 76.3 81 83.9 82 85.8 89 94.4 101.8 108.4 113.8 122.9 126.5 126.8 122.6 117.3 113.2 116.9 127.4 133.5 137 138.8 140.7 143.4 145.4 146.9 148.1 148.8 148.8 148.8 148.1 147.3 147.4 147.9 147.9 146.8 145.7 143.8 142.5 140.5 138.3 136.4 134.4 133 131.6 130.5 128.7 127.6 126.1 124.3 122.2 120.3 120.6 122.7 124.6 126.3 127.4 129.4 131 133.7 136.4 139.2 141.7 143.9 144 143.7 143.2 142.4 140.8 139.2 136.2 132.5 127.6 120.7
78.3 76.9 75.6 75.2 73.4 70.7 71.1 70.4 72.1 73.4 75.4 76.5 76.1 80.1 83.7 89.1 94.4 99.9 104.2 107.3 110.4 114 109.1 104.8 113.6 122.9 129.3 132.2 133.9 135.1 136.5 138.7 140.3 143.5 146 147.1 147.2 146.9 146.2 144.4 144.3 144.9 145.3 144.3 143.5 141.5 140.5 137.7 135.3 133.5 132.1 130.8 129.6 128.4 127.3 126 125.3 124.1 122.1 120 118.9 121.1 123 124.1 125.3 126.6 128.6 131.4 134.5 136.7 138.7 140.3 140.4 140.5 140.6 139.9 138.2 136.5 134.5 129.6 123.7 115.5
65.6 65.7 65.6 65.9 67.8 70 71.1 72.3 74.3 77.4 79.9 81.7 82.3 82.3 82 79.9 85.6 91 95 97.1 99.3 96.8 101.1 110.5 115.2 119.2 121.4 122.7 122.8 125.8 128.7 132.6 137 141.5 144.3 145.1 144.6 144.7 143.8 141.8 140.9 141.2 142 142 141.3 138.5 135.4 134.2 132.1 130.3 129 128.2 127.3 126.5 125.2 124.5 123.8 123 121.6 119.8 118.5 119.6 121.1 122.2 123.3 124.4 126.4 129.4 131.9 133.8 135.9 136.7 137 137.2 137.5 136.6 135.2 133 130.7 126.9 120.2 112.7
66.5 68.7 69.8 71 73.5 74.8 75.6 76 76.4 82.3 86 89.1 90.6 91.8 90.8 88.6 84 83.1 86.4 89.7 90.3 92.2 95.5 99.9 105.2 108.4 110 110.7 110.4 115.1 120.3 126.2 131.9 136.1 139.4 141 141.8 142.3 141.3 139.5 138.2 137.3 138.5 138.1 136.8 135.9 134.1 132.9 130.7 128.7 127.2 126.4 125.6 124.5 124.2 123.4 122.3 121.4 120.3 119.4 118.3 118.2 119.3 120.4 121.4 122.5 124.5 127.5 130.4 132.4 133.8 134.2 134 134.2 134.1 132.9 131.3 128.9 126.5 123.9 119 112
