data/SS51.asc
ncols 200
nrows 200
xllcorner 250000
yllcorner 110000
cellsize 50
[rows 140 to 174 of 200, columns 80 to 159 of 200]
107.6 107.9 107 105.6 105.1 102.4 99.5 95.1 90.1 82.6 76.8 72.9 69.9 66.1 62.1 59 55.8 52.4 45 43.3 43 43.1 43.2 43.3 45 54.9 65.1 76.2 85.5 98.9 110.5 120.7 128.9 134.6 138.7 141.1 141.3 138.8 131.9 121.6 105.9 90.2 95.9 111.2 122.5 126.9 128.3 129 130.6 131.1 131.7 134.3 137.1 139.7 140.6 142.5 144.6 146.4 147.7 149.4 151.1 152.7 154 155.6 156.2 156.4 156.3 155.8 153.2 149.4 145.8 141.9 139 136.7 133.8 134.1 135.2 137.6 141.5 145.5
107.2 107.4 106.9 107 106.8 106 104.5 103 100.7 93.1 84.9 77.4 72.6 67.2 63.3 60.1 56.9 53.2 46.8 43 43 43.1 43.2 43.1 43 48.8 67.1 79 90.7 101.5 112.2 121.9 129.5 134 137 138 137.7 134.5 124.4 109.2 93.9 90.2 101.4 117.1 125.1 129.2 130.7 130.5 130.5 130.7 132 133.8 136.6 138.3 138.6 140.4 142.2 144.1 146 147.6 149 150.4 151.8 153.8 155 155.7 155.4 154.5 150.8 147.2 143.3 139.2 136.1 131.7 129.7 136.5 138.7 140.6 142.5 146.8
100.7 102.9 103.9 105.4 105.9 105.9 105 104.6 105 101.7 95.4 87 79.7 73.8 66.8 62.5 57 51.9 44 43.6 43 43.1 43 43 43.1 43.3 53.4 75.8 85.8 92.6 102 113.3 123.9 129.6 132.4 133.9 132.8 127.9 113.1 97.6 86.9 94.6 109 121.5 127.2 128.4 129.7 129.9 130.6 131.2 132.4 133.7 136.1 136.7 136.9 138.5 140.2 141.8 143.1 144.5 146.2 147.9 150.1 152.3 153.8 154.5 154 152.4 148.6 144.8 140.7 136.6 132.9 129.2 135.4 139.5 142.2 144.3 145.9 149
88.9 91 93.5 95 95.6 95.6 94.6 92.4 93.5 90.5 88 80.3 75.1 69 65.2 60.6 48.4 44.1 44.2 44.2 43.4 43.1 43.5 43.6 43 43.4 44 57 76.4 85.7 96.4 107.9 115.9 124.2 127.8 129.1 128.4 120.3 103.5 87.7 87.3 101.7 113.2 121.7 124.9 126.9 128 127.8 129.2 130.6 131.9 133.1 134.4 135.1 135.2 136.2 137.2 138.5 139.8 141.2 142.9 145.5 148.6 151 152.3 153 152.4 150.5 145.8 141 136.4 130.2 129.5 133.2 138.9 142.3 145.6 148 149.8 152.5
73.7 75.7 77.6 78.1 78.4 78.7 79.3 79.7 77.4 74.4 70.8 66.9 60.6 56.7 53.5 46.9 43.9 45.5 46.9 47.3 45.4 44 44.1 43.5 43 43.6 44.4 44.6 66.3 78 88.5 106.4 113.1 119.7 123.7 123.1 120.4 113.4 93.1 84.3 92 105 112.3 117.5 121.7 123.8 124.4 124.1 126.5 129.5 130.5 131.4 132.5 133.3 133.2 132.7 133.7 135 136.6 138 140.8 143.6 146.7 149.7 151 150.9 150.6 148.1 142.7 136.1 128 127.3 133.9 138.4 142.5 145.8 148.8 151.7 153.8 156.3
64.1 64.5 65.2 66.7 64.6 64 63.1 63 61.2 59.5 56.9 53.9 52.6 48.7 43.7 43.8 46.6 52.2 52.1 51.7 48.9 46.3 44 43.4 43.1 43.7 43.9 44.2 47.3 66.5 79.4 96.4 107.9 115.3 119.6 118.1 113.4 103.4 86.8 86.8 97.5 106 110.3 114.6 116.8 118.1 120 120.9 124.9 128.3 129.2 130.1 131.1 131.2 131 130.5 130 131.1 134.3 136.4 138.8 141.8 144.9 147.8 149.1 148.7 148.3 145 138.1 128.9 125.9 133.4 140.6 143.6 146.1 149.2 152 154.1 155.9 158.1
59.1 59.7 61 59.9 56.9 51.1 51.2 51 50.6 48.2 46.7 46.1 45.1 44.3 43.8 49.8 55.4 56.5 56 55.2 53.7 51.2 46.4 43.9 43.2 43.6 43.3 43.2 43.5 47.4 66 87 99.8 111.5 116.4 115.6 109.4 98.3 84.4 86.8 97.6 103.8 106.3 108.4 110.5 112.3 114.2 121.1 124 127.1 128 128.4 127.8 128.8 128.2 127.1 127.5 130.5 132.8 134.5 136.1 140.1 143.4 145.4 145.2 145.9 144.9 141.2 131.9 122.3 127.9 138.7 144 146.5 148.5 150.4 152.8 154.4 155.5 157.5
51.6 54.5 53.9 50.7 48.2 48.8 49.2 48.7 47.4 44.8 44.7 43.4 47 50.6 52.9 57.3 58.9 59.3 58.2 57.5 57 55.7 53.2 46 43.3 43.1 43.1 43.4 43.7 43.7 49.8 73 92.5 105.4 113 116 111.5 96.6 80.3 86.3 95.2 98 100.3 101.3 104.8 108.8 116.3 120.8 124.4 126.1 125.8 125 125 126 126.4 121.6 125.1 128.3 130.1 130.6 132.3 137.9 140.9 142.1 141.4 140.9 137 128.8 120 120.4 130.6 139.9 143.2 145.5 147.4 149.1 150.9 152.4 153.7 155
48.3 52 49.3 49.3 48.3 50.9 52.7 52.8 53.3 50.6 52 55.9 57.6 57.8 58.4 59.1 61.3 61.3 60.4 59.9 59.5 58.5 57.5 54.8 46.2 43 43.2 43.1 43.5 43.2 43.6 62.9 83.8 101.2 110.1 114.4 114.5 99.4 80.7 83.1 92.2 91.5 99.9 104.7 110 114.1 118.7 122.1 123.6 124 122.9 121.6 122.2 122.3 123.2 120.4 120.4 122.7 124.6 123.5 128.8 134.3 137.6 138.2 136.6 131.7 125.3 118.3 117.3 122.4 132.3 138.5 140.7 142.8 143.7 145.3 146.8 148.3 149.6 150.9
49.1 48.3 49 49.5 52.8 56.1 56.9 57 58.1 58.4 59.7 60.1 60.4 60.5 61.3 61.8 62.3 62.6 62.6 62.4 62 61.5 60.5 59.7 52.6 45.3 44 43.5 43.2 43 43 53.8 74.9 99.2 109.1 116.6 117.7 108.5 87.8 79.9 83.7 95 103.2 108.1 112.1 116.1 120 121 121.1 121.7 119.8 117.2 117.3 120 121.2 120.1 116.7 116.6 117.3 120.4 126.9 132.4 133.6 133.7 130.4 122.2 115.5 114.1 119.6 127.8 132.8 136.1 137.9 138.9 139.2 140.4 142 143.4 145.1 145.4
55 53.7 52.6 55.6 59.2 60 60.6 61 61.2 61.5 62.2 62.6 63.1 63.3 64.1 64.7 65.1 65 65 64.7 64.4 64.1 63 62.2 59.8 52.1 43.5 43.2 43.4 43.7 44 47.1 67.7 94.7 108.9 119.5 122 115.9 101.5 80.7 80.2 95.1 103.1 107.2 112.4 116.8 119.8 120.8 120.1 119.5 116.3 112.3 114.1 117.6 118.4 116.8 112.6 109.2 112.2 118.7 125.6 127.9 128.4 127.6 123.5 115.7 114.2 118.4 125.4 130 131.3 133.6 134.6 134.9 135.3 135.6 137.4 139.2 140.9 140.5
61.6 61.4 61.2 61.2 62.2 62.9 63.4 63.4 64.3 64.6 65.2 65.3 65.6 66 66.9 67.6 67.6 67.5 67.3 67.1 66.8 66.6 65.8 64 62.4 57.4 44.9 44.2 44.5 44.7 44.9 45.1 60 87 105.6 119 122.9 118.4 107.1 85.4 79.7 90.2 98.7 106.4 112.2 116.2 118.8 119.6 118.7 115.3 112.1 108.1 111.4 114.4 114.4 112.6 108 106 112.8 118.8 121 122.1 122.3 120.2 114.1 111.2 118 123.4 126.4 128.7 130.1 131 130.4 130.7 130.7 130.4 131.8 134.3 134.9 133.4
74.4 72 69 65 65.1 65.8 66 65.9 66.5 67.6 68.3 68.6 68.7 68.9 69.8 70.3 70.1 70 69.9 69.8 69.7 69.6 68.4 66 64.1 61.2 47 44.4 44.1 44.4 44.6 44.5 56.5 80.1 103.8 119.4 120.9 114.6 98.7 80.1 76.9 89 99.4 108.1 111.2 115.1 116.2 116.6 115 112.3 110.6 103.5 108.8 112.1 113 110.3 103.1 108.4 113.4 115.9 116.9 114 112 110.6 109.3 113.5 120.5 121.9 124.8 126.3 127.1 127.1 126.1 125.6 125.2 124.9 125.7 127.4 127.8 126.3
81.8 80.1 76.4 72.5 70 69.1 69.7 69.7 69.7 70.8 71.9 73.2 74.4 75.3 75.4 75.8 75.7 75.4 76.1 76.8 75.3 74 71.7 69.3 66.4 61.2 49.2 44.9 44.5 44 44.2 44.9 54.9 75.6 102.9 115.9 115.4 108.5 89 74.3 77.1 93.7 103.5 108.4 110.6 113.7 113.7 111.7 106.9 107.4 105.5 99.6 105.8 109.2 109.2 105.9 99.8 104.8 104.5 103.6 104.6 105.2 108.1 112.4 116.3 119.5 120.2 120.7 121.8 122.7 122.8 121.8 121.3 120.7 120.2 119.3 120.1 120.3 120.6 119.4
87.7 86.3 84.3 82.3 80.7 80.4 80.2 79.2 77.7 77 77.9 79.7 80.9 81.6 82.2 81.3 81.2 81.3 80.9 80.1 79.6 77.3 74.5 71.5 68.6 64.1 54.6 45.5 44.8 44 44.1 45 50.9 69.8 98 110.3 109.3 96.8 78.6 72.8 84.3 97.9 103.7 108.2 110.5 111.3 109.2 104.2 99.1 97.7 96.4 93.9 101.2 102.9 96.3 94.1 96.2 100.1 105.2 108.7 111.2 114.1 115.7 117 116.4 116.7 118.2 117.7 117.2 116.9 116.7 116.5 116 115 114 113.6 113.8 114.4 115.1 113.5
93.4 92 90.8 89.4 88.7 88.4 86.8 86 85.1 80.8 77.4 79.2 78.8 81.8 84.7 85.5 85.7 85 84.4 83.6 82.2 79.4 76.6 73.6 70.7 67.4 60 45.3 44 43.8 43.8 45 49 66.5 93.2 103.3 101 87 71.1 76.4 91.6 98.1 102.7 107 108.2 107.8 101.5 94.7 85.2 85.5 85.6 85.9 89.5 91.7 94.4 101.3 109.5 113.3 115 116.3 118 118.5 116.2 117 117 114.6 114.1 112.1 110.1 110.8 110.5 110.6 110.3 109.8 108.8 108.3 109 109.7 109.8 108.5
97.3 97.5 96.8 96.2 95.1 94.7 92.5 88.3 77.2 66.7 63.8 58.1 54.1 53.4 61.7 76.8 87 88.7 87.4 86.2 84 81.3 78.6 75.8 72.9 68.9 62.3 47.4 43.9 43.7 43.5 44.7 47.5 65.3 87.9 99.3 99.1 80.6 69 81.2 91.4 97.1 101.2 104.7 105.1 103.2 91.1 79.7 83.5 89.8 94 96.5 98 102.6 107.4 112.7 116.2 118.4 118.5 121 121 119.1 116.2 116.1 115.7 111.1 110.2 107.8 105.7 104.9 105.1 104.7 105 104.4 103.9 104.3 104.3 105 104.3 103.7
102.5 103.5 103.6 103.3 102.1 99.9 82.3 64.1 55.7 52.9 51.5 49 50.5 54.6 58 60.2 74.8 90.9 89.9 88.5 85.8 83.5 81.8 79.4 75.6 71.4 62.1 47.3 43.5 43.5 43.4 44.4 46.5 68.3 87.5 95.2 95.3 78 69.2 81.9 90.3 96.5 100.7 102.4 102.8 96.6 79.7 81.1 92.1 98.1 102.9 106.3 108.8 110.7 112.7 116.4 119 120.6 120.8 120.7 120.5 117.5 115 115.2 111.7 107.7 105.7 103.6 101.4 99.9 100 99 99.5 99.2 99.1 99.8 100 100.1 100 99.9
107.6 109 108.7 106.4 101.2 84.1 60.7 49.5 48.1 47.6 47.6 48.5 51.3 53.4 55.6 57.8 59.7 81.6 91.9 90.8 89.1 87.4 85.7 83 78.1 71.7 61.7 46 44.4 44 43.6 45 48.4 71.3 91.9 97 93.6 79.7 69 83.4 92.1 95.8 97.7 99.8 99.9 88.3 74.8 85.1 94.3 98.6 102.9 105.5 108.8 111.2 112.9 116.3 119.8 120.7 121 120.7 119.3 116.3 113.9 111.9 107.8 104.1 101.3 99.1 97.3 95.8 94.6 94.1 94.8 94.2 94.4 95.3 97.2 98.6 99.2 99.5
111.6 111.8 109.6 103.7 86.2 63.9 48.5 48.9 48.4 48.5 49.2 49.3 48.9 51.1 53.2 55.4 54.4 62.7 86.5 91.8 90.5 90.2 87.3 82.8 76.1 69.1 60.2 46.3 45.3 45 44.2 43.7 54.3 77 96.1 95.8 91.2 81.1 68.6 82.7 89.4 91.2 92.7 93.3 93.4 85.2 76.9 88.1 93.5 96.2 99.2 102.5 106 109 111.8 115.7 119.4 120.6 120.8 121 118.8 116.3 113.5 110.2 106.5 102 98.4 94.9 92.5 90.5 92.3 95 96 97.2 98.4 98 99.3 100.4 101.1 100.2
113.7 111.8 107.9 90.4 69.1 50.1 48 48.6 48.9 50.2 51.3 50 49.3 48.7 50.8 52.7 49.7 48.6 72.8 89.3 90 87.4 82.8 77.2 70.4 65.4 56.4 46.6 46.1 46 44.9 43.7 60.2 82.2 96.2 95.8 90.4 82 69.9 78.8 83.5 86.4 87.8 88.4 86.3 77.1 76.6 86.7 90.1 91.5 96.1 99.6 103.5 107.7 111.6 115.4 118.2 120.1 120.9 121 119 115.7 112.5 109.3 105.2 100.4 97 94.1 90 91.4 95.4 98.9 99.9 102.1 103.9 104.9 105 105.9 105.7 103.5
113.8 111.5 100.3 76.2 53.6 48 48 48.3 51.9 53.9 54 52.4 50.4 49.4 48.5 48.4 48.4 48.5 53.3 77.6 79.3 76.6 72.4 68.6 62.8 58.7 51.1 46 45.6 45.7 47.4 47.9 71 91.1 95.8 95.8 91.7 85 70.7 70.1 79.1 80.9 81 79.3 75.6 69 78.5 84.1 88.4 91.6 96 100 104.1 108.4 112 115.2 117.1 119 120.7 120.4 117.7 114.5 111.3 108.1 103.6 97.2 93.6 91.3 93 96.4 99.5 102.9 104.5 106.5 108.5 109.5 110.4 111 110.1 108.1
112 107.3 90.5 64.5 49.2 48.2 48 48.2 54.2 56.8 56.8 55.2 53.3 51.3 49.9 48.6 48.7 48.6 48.2 55.9 67.3 67.7 62.5 58.9 57.1 55 48.3 45.2 45 45.3 47.7 59.3 80.1 91.5 95.9 96 93.1 86.7 75.8 63.8 72.5 75.2 72.5 69 66.2 71.4 80.3 84.6 89.9 94 98.3 102.5 105.4 109.1 112.3 114.8 115.9 116.5 117.1 117.6 116.2 113.3 110 106.4 102 92.8 89.4 92 97.3 100.9 103.9 106.7 108.8 110.8 112.7 113.6 114.4 114.6 113.8 112
109.6 102.8 81.8 55.3 50.8 50 49.3 48.3 53.6 60 59.6 58 56 54 52.1 49.3 48.9 48.5 48.1 48.1 52.7 56.7 56.2 55.6 53.4 48.3 46 45.4 44.9 47.1 51 74.8 85.2 92.8 96.2 97 95.8 91.4 81.7 68.3 64.4 65.6 64.1 64.5 64.2 68.6 78.5 86.2 91.5 96.6 100.8 105 107.4 108.4 109.1 109.7 110.7 111.8 112.1 112 110.9 109.4 106.4 103.1 97.2 89.3 91.1 95.3 100.8 105 107.7 110 112.5 114.6 116.5 117.7 117.8 117.2 116.4 115.4
106.3 97.5 75.6 52.9 49.6 48.6 48.1 48.1 50.9 61.1 62 61.3 59.8 57.9 56.1 52.8 48.8 48.4 48 47.1 46.9 48.6 49.3 48.5 47.5 46.2 45.5 45.3 46.8 48.9 67.7 83 90.4 94.9 97.8 97.8 97.2 95.9 91.2 70.9 61 60.7 64.6 70.3 73.1 68 73.7 86 92.1 98 101.3 104.1 103.8 102.5 102.6 102.3 103 102.8 103.1 102.7 103.8 103 99.9 92.4 88.8 90.3 94.9 99.3 104.6 108.2 111 113.4 115.9 117.9 119.9 120.6 120.1 119.4 118.6 117.8
104 94.6 74.9 55.2 47.9 48 48 48.1 50.1 61 64.9 64 62.8 61.6 60 57.5 52.3 49 47.8 46.2 46.3 46.5 46.2 45.4 46.2 46 45.4 48.6 53.3 66.3 81.8 89.3 93.8 95 94.1 90.4 91.2 91.6 89.4 73.9 60.2 64.5 76.5 84.1 86.3 79.5 69.8 79.7 89.4 92.8 94.9 93.5 89.8 87.1 86.2 87.7 89 90.3 91.5 93.1 93.5 90.6 85.7 84.1 87.3 94.4 99.2 103.3 107.3 111 113.3 115.3 117.6 120.5 121.6 122.5 122.4 121.6 120.7 119.8
105.1 96.2 78.7 58.8 48.1 47.9 48 48.2 48.4 59.3 67.4 67.3 65.9 64.6 63.6 61.4 59.1 53.9 49.5 46.1 45.9 45.9 44.8 44.5 45.5 45.3 51.8 54.4 69.6 79.8 81.5 82 81.5 80.5 79.4 79.1 79 78.8 75.4 65.6 62.6 72.3 87.3 92.5 94.8 93.7 76.6 69.7 77.6 82 79.9 76.6 74.4 77.3 78.2 78.7 79.1 80.1 82 82.2 82.8 86.4 88 90.6 87.9 91 98.4 104.6 109.1 111.3 114 116.6 119 120.8 121.9 123.2 124.4 123.4 122.7 123
105.6 95.7 79.2 62.5 51.9 47.9 48 48.1 48.4 51.3 67.8 70.3 69.1 68.3 67.2 64.9 63.4 62 58.4 48 45.5 45 47.2 47.2 44.7 44.9 60.4 70.4 76.2 72.1 65.5 61.1 63.8 64.3 62.1 65.2 65.7 67.1 64.8 61.6 60.9 76.9 88.8 95.3 97.1 98.2 90.7 78.3 73 73.9 76.1 79.4 84 86.9 89.2 89.6 87.3 85.8 87.4 87.2 90 94 97.2 99.2 99.5 91.7 94.3 103.7 108.7 111.7 113.9 115.7 118.9 120.7 121.7 123.9 126.1 125.7 126 126.3
105.7 95.3 78.9 65.4 58 49.7 48 48.2 48.6 48.6 56.5 71 72.5 72.2 70.7 69.1 67.5 66.2 64.9 59.5 57.5 58.7 61.1 67.6 65 48.2 51.2 56.7 56.1 52.1 49 49.8 51.4 53.3 54.1 55.3 58.8 59.5 58.2 61.7 69.5 80.3 87.5 93 96.4 97.8 95 89.1 78 82.4 85.9 87.5 90 91.3 93 91.7 92.2 93.3 96.8 98.2 102.4 104.9 105.5 108.1 109 105.4 93.2 98.4 106.7 109.2 110.8 113.2 117.2 119.9 122.3 124.9 127.6 128.7 128.9 129.1
105.9 97.6 82.8 67.9 62.4 56.6 49.7 48.5 48.5 48.5 48.2 55.8 70.8 75.2 74.7 73.1 71.6 70.5 69 68.2 71.6 75 77 78.5 77 59.6 49.6 49.4 49.9 53.4 57.6 61 61.8 64 69.2 74.6 70.5 72.6 78.3 79.5 79.7 82.8 87.4 92.4 95.6 98.1 96.7 91.8 82.1 85.4 87.9 90.6 92.5 94.7 97.7 98.5 100 101.2 104.2 107.1 108.9 110.4 112.2 114 114.4 111.9 106.1 95.6 97.9 103.5 107.4 110.9 115 118.3 122.4 125.3 128 130.8 131.7 132
105.4 98.5 87.8 71.4 65.7 60.2 55.9 50.7 49.1 48.3 48 49 54.8 69.8 77 76.5 75.8 74.7 73.5 72.5 75.2 77.7 80.9 83.3 83 78.7 67.3 59.6 59.7 61.4 64.1 68.3 72.5 77.8 83.5 84.9 80.3 74.9 80.5 85 86.6 87.9 90.5 94.5 96.9 98.7 99.7 97.8 92.2 86.5 88.7 91.4 93.7 98.5 104.3 104.6 104.6 104.9 108.9 110.9 112.9 114.6 116.5 118.3 117.8 115.3 111.5 105.4 97.9 100.7 104.1 108.3 112.4 117.2 121.4 125.2 128.3 131.1 134 135.6
105 98.5 90.9 77.6 68.8 63.6 58.4 56 53.1 50.6 48.1 48.6 48.3 51.6 68.8 77.9 80.2 78.9 77.8 77.2 77.7 80.4 83.4 86.2 87.4 86.1 82.9 76.4 70.7 69.5 70 74.7 82.9 90 91.6 91.9 89.8 82 79.9 88.7 91.1 92.8 93.7 96.3 98.1 99.2 100.2 101.2 99.2 92.6 89 90 94 101.8 105.4 107.2 108.6 109.6 112.6 114.4 116.1 117.9 119.1 120.6 120.9 119.1 114.3 108.9 104.3 101 101.5 104.8 111.1 115.8 119.8 123.9 127.4 130.7 133.5 135.3
102.9 98.4 91.7 82.1 71.7 65.8 62 62.4 59.6 55.7 50.3 48.3 48.5 48.3 49.5 68.3 79.6 81.7 81.3 80.6 80.2 81.7 84.7 87.3 90.1 90.1 88.6 86.8 84.6 80.7 83.1 88.6 93.6 95.5 97.4 98.2 96.2 93.1 87.5 86.6 93.3 95.7 96.5 97.8 99 100.2 101.4 102.8 102.6 100.6 97.6 95.1 94 102.5 107.6 109.6 111.9 114.2 116 117.7 119.4 121.1 122.4 122.7 121.6 119.9 116 111.5 106.9 99.9 99.5 101.7 109 113.6 117 120.6 124.4 127.9 131.4 133.8
99.4 94.9 89 83.6 74.8 69.9 67.2 66.5 64.6 60.8 56.8 51.1 48.8 48.7 48.2 49.4 68.1 80.1 83.1 81.7 82.9 83.3 85.6 89.4 92.5 94.4 94.4 94.5 94.6 95 96.9 97.6 98.2 100.5 103.1 102.9 100.8 98.7 95.2 91.6 90.7 95.1 97.5 100.1 101.5 102.7 103.8 105.4 106.6 105.6 104.4 102.6 98.5 102.7 109.8 112.2 114.8 117.3 119.2 120.9 122.6 124.4 125.4 124.5 122.9 120.4 117.1 112.6 106.8 103.8 106.7 103.5 104.9 108.6 112.9 117.1 121.3 124.8 128.2 129.1
96.3 91.4 86.1 80.3 74.3 71.8 71.6 70.5 68.9 66.4 63.4 60.5 53.8 49.6 48.5 49.6 52.8 70.2 72.7 78.5 81.4 81.9 86.5 90.4 94.5 96.6 99.3 100.8 101.8 102.9 101.9 101.4 102.4 104.4 105.5 106.9 105.3 104.3 101 96.8 93.9 93.6 96.5 99.9 102.9 104.8 106.7 108.5 109.6 110.3 109.8 108 104.8 102.9 111.7 115.4 117.9 120.4 122.7 124.2 125.8 125.9 125.6 125.2 123.7 120.9 117.5 111.9 106 110.4 111.9 109.6 105 104.3 108 112.8 116.5 120.6 123.9 122.4
