data/SS61.asc
ncols 200
nrows 200
xllcorner 260000
yllcorner 110000
cellsize 50
[rows 105 to 139 of 200, columns 0 to 79 of 200]
157.7 154 151.2 148.5 145.7 140 135.7 133.8 132.6 130.3 130.6 129.4 126.5 122.4 119.5 119.3 125.2 136.9 147.7 152.7 156.9 159.2 159.3 157.5 156.6 156.5 156.8 156.1 155.5 155 156 155.7 154.2 148.6 141.7 134 125 112.9 105 118.4 125.6 125.6 120.8 117.2 112.6 105 89.4 84.9 96.2 102.4 105.7 108.1 112.3 116.9 119.4 120.9 121.3 122 122.9 124.4 127 126.4 122.8 117.3 131.4 136.7 142.4 146.4 147.5 146.2 144 138.7 133.7 127.1 119.6 112.3 117 120.8 122.5 122.9
162 158.5 154.8 152 148.7 145.2 141.7 140.3 139 137.9 136 134.8 133.7 131.7 125.6 119.7 118.6 128.5 144.4 152.3 155 156.6 154.5 153 151.9 151.1 150.2 148.7 147.9 145.9 149.2 152.2 151.1 147.5 140.6 132.8 124.9 115.9 102.1 116.2 122.2 124.5 120.2 113.9 108.4 99.8 88.4 89.4 103.3 110.2 114.5 118.8 123.2 126.8 129.4 130.4 130.5 130.5 132.2 134.1 135.6 136.7 135.5 129.3 133.7 141.3 145.8 149.4 148.3 146.1 141 135 128.2 122.3 117.8 121.9 126.6 130.1 133.1 135.2
165.1 161.9 158.3 154.5 150.9 147.9 146.8 145.1 142.3 140.7 139 138.3 138 137.6 135.4 129.8 120.4 120.5 138.1 147.1 148 145.9 143.4 141.5 139.8 140.5 138.7 137.1 135 135 138.7 141.8 143.3 141.7 136.1 130 122.9 114.3 99 111.2 112.2 117.4 117.6 113.6 108.3 97.7 87.2 95.8 113.1 120.8 124.9 128.7 132.7 135.3 137.3 139.3 138.9 140.6 142.8 143.9 145 144.1 143.6 138.6 137.5 146.1 149.9 150.4 146.9 144.2 139.2 131.7 125.1 125.7 127.8 132.3 136.3 139.8 142.8 143.7
165.8 163.6 160.5 157.1 153.8 151.8 150 148 145.8 145.6 145.7 144.5 142.9 142.9 141.9 136.5 125.3 114 128.2 138.3 137.6 131.4 127.5 127.1 126.7 126.9 125.8 121.8 117.6 116.2 123 127.5 129 129.6 128.1 125.3 119.4 112.7 100.2 102.4 105.2 105.4 109.3 111.4 103.4 92.1 89.9 100.9 116.7 125 131.4 134.7 140.7 142.5 144.6 147.2 148.8 151.1 153.4 153.7 152.6 151 149.9 145.9 142.5 148 151.1 149.2 146.1 143.2 139.2 130.9 135.1 136.5 139.8 143.7 145.6 148 148.8 149.3
165.9 163.9 161.9 160 157.1 155.5 154.6 152.5 151.1 150.5 149.5 148 146.2 144.4 142.5 138.2 130.3 116.8 116.2 122.2 118.5 110 108.9 108.1 107.1 107.8 105.4 103.9 103.9 103.7 103.7 107.8 113.6 116.6 113.8 110.6 107 101.4 96.8 94.8 95 95.7 98.3 102.5 96.1 87.4 92.7 103.1 114.8 124 131.2 137.2 141.5 145.4 148.7 152.3 155.3 157.3 159 159.4 158.9 158.2 156.5 152.8 148.4 151.1 153.7 153.8 151.9 149.6 142.4 139.6 146.2 148.6 150.4 151.3 153.4 154.2 155 155.2
165.6 163.2 161.8 160.7 159 156.5 155.8 154.3 152.1 151.2 150.6 148.3 146 143 139.2 129.2 119.8 114.3 113.2 112.7 111.8 117 118.7 117.4 114.8 110.2 111.7 114.2 114.3 112.5 110.5 106.4 101.7 98.7 97 98 99.1 100.8 101.4 100.6 96.5 94.1 91.9 90.2 89.1 90.1 95.5 98 107.2 119 126.3 132.2 138.2 144 148.2 151.7 156.8 159.7 163.3 164.5 164.5 163.3 160.2 155.9 156 156.7 157.6 158.4 157.3 154.9 146.9 147.3 153.1 154.7 156 157.3 158 158.7 158.8 158.5
161.1 159.5 158.3 156.9 155 153.8 152.7 150.7 148.7 148 147.9 145.6 143.1 139 128 117.4 119.3 122.1 120.5 120.5 122.6 126.8 129.9 127.8 125 118.2 124.7 127.2 126.7 123.4 119.4 115.8 113.7 113.3 113.4 111.1 112.5 116.8 117.6 115.6 108.4 99.8 92.3 94.4 96.1 99.6 105.6 110.2 109 106.5 119.4 126.3 132.5 139.5 146.6 151.9 157.2 162.4 166 169.7 168 165 163.6 162.9 162.8 163.2 164.1 164.6 161.6 155.4 152.9 155.9 157.5 159.3 160.6 161.3 161.9 162.6 162.1 160.7
153.5 152.1 149.8 147.3 143.4 138.8 136.3 135.3 138.7 141.8 141.1 139.6 135.2 128.2 119.3 123 131.9 132.9 134.7 133.5 133.6 136.1 139.7 139.4 136.4 128.2 138 142.6 142.2 141.7 139.1 134.8 132 131.9 129 125 126.5 125.6 122.8 118.2 111 100.1 94.5 104.1 107.9 112.4 119.7 124.6 124.2 118.5 113.4 116.6 126.9 134.6 142.5 149.9 157.8 163 167.9 170.8 169.9 168.4 167.8 168.1 168.5 167.9 167.3 166.6 161.1 160.1 161.3 162.4 163.1 163.9 164.8 165.2 165.3 164.8 163.9 161.4
143.7 140 136.1 130.9 131 130.1 129.1 128.8 125.8 127.1 130.2 128.1 124 122.2 127.7 136.4 146.3 144.2 145.8 145.8 147.9 151.4 152.1 150 146.9 136.9 144.9 149.5 149.9 148.8 146.8 144.7 142.4 139.6 136 133.8 133.1 129.1 123.9 117.6 110 96.7 98.5 111.9 124.3 130.2 134.1 135.1 134.7 130.5 126.6 123 120.7 130.3 138.3 145.4 154.4 162.6 167.4 170.8 170.8 169.7 171.4 172.9 172.7 171.9 170.2 167.7 166.6 167.2 166.9 167.2 167.6 168.3 168 166.8 165.8 165.2 162.2 159.3
135.1 137.2 140.5 144.1 143.7 141.5 137.9 135.3 133 129.9 127.6 128.3 132.3 138.3 143.2 150.1 155.7 157.5 158.7 158.3 159.9 159.9 158.8 156.2 152 143.6 148.5 154.6 154.7 153.2 151.3 148.3 146.1 144.8 143.5 141.3 137.5 132.6 125.3 117.5 108.7 96.8 99.4 115.7 133.2 140.1 143.4 144.5 144.5 142.4 139.1 133.4 130.3 127.7 134.7 142.5 149.9 158.2 163.4 167.9 170.8 172.8 174.5 176.2 176.5 176 173.3 171.6 172.2 172.1 171.9 171 170.3 170.7 169.3 167.5 165.8 163.4 159.2 156.2
142.7 148 152.3 153.7 151.3 148.1 145 143.6 142.4 141.8 142.8 145.5 148.6 152.5 157.2 159.9 162.1 163.6 165.1 165.4 164.3 162.8 161.1 158.3 153.8 145.2 155.7 158.2 157.9 156.3 153.7 152.3 151.1 150 149.2 147.7 144.9 140.9 134.1 123.5 108.5 96.8 101.9 119.7 139.9 148.4 152.2 152.9 153.2 152.9 151.1 145.5 139.8 136 133.9 140.3 149.3 155 160.4 165.3 169.7 173.9 177 179.5 180.7 180 178.4 177.4 177.4 175.9 175.5 174.1 172.7 171.3 169.7 166.6 164.9 162.1 156.9 152.1
149.9 154.9 157 158.4 157.9 155 154.5 153.5 153.7 153.8 156.3 159.1 160.5 162.1 163.7 165.4 166.6 167.2 167.2 166.4 165.1 163.2 161.8 157.1 151.6 156.6 160.2 161.1 160.7 159.1 157.6 156.1 155.4 155.2 154.8 153.6 151.9 148.1 142.1 129.1 106.7 97.6 104.9 122.4 140 150.2 156.1 157.5 158.7 158.8 156.6 154.9 151.8 146.9 142.8 141.9 146.4 151.5 157.3 163.5 168.6 173.9 177.1 180.2 181.1 181.9 182 181.3 180.2 178.8 177.6 176 174.5 172.5 169.9 167 163.9 160.8 157.1 156.6
156 159.3 161.3 161.6 161.6 161.3 160.1 159.7 161.6 161.4 163.7 165.2 166 166.7 167 167.9 168 167.8 167.7 166.3 165.2 163.9 161.8 161 159.6 162 163.5 163.9 163.6 162.6 161 160 159.8 159.7 160.5 158.8 155.7 150.8 143.2 123.1 103.7 100 109 126 139.7 148.8 155.4 158.6 160.8 160.8 160.7 159.8 158.4 155.6 152.7 152.3 153.7 156.3 161.4 166.2 170.7 174.8 176.9 180.5 181.6 182.3 182.4 182 181.5 180.4 179.1 177.6 175.6 172.9 170.5 167.7 163.4 162.2 161.5 161.8
162.3 164.4 165.3 165 164.9 164.1 164.7 165.2 165.7 166.3 166.4 166.8 166.8 166.9 167.1 167.3 168.4 169.3 169.3 168.3 167.5 166.7 165.8 165 164.8 165.6 166 166.1 166 165.9 165.6 164.5 164.4 164.3 163.1 160.2 157.3 151.2 139.5 115.8 100.9 104.2 116.6 132.1 139.4 147.5 153.5 157.4 160.5 161 161.2 161 160.3 159.7 159.6 159.1 159.6 162.5 166.2 170.2 173 175.9 178.3 180.9 182 182.7 182.4 182 181.6 181.2 180.6 178.6 176.5 174.3 172.1 168.7 167.5 166.9 166.3 166.5
165.8 166.2 166.1 166.1 166.4 166.5 166.2 166.1 166.2 166.4 166.4 166.6 166.5 166.4 166.2 166.8 167.9 168.9 170.7 170.6 169.6 170.2 169.6 168.3 167.6 167.1 166.9 166.5 166 166.1 166.7 166.5 166.4 166.2 164.9 161.3 156.2 149 135.1 112.8 101.1 108.8 124.3 135.8 140.2 145 150.9 155.4 159.2 160.8 161.3 161.5 161.3 160.8 161 161.3 163.3 165.7 168.8 172 174 176.2 178.3 179.5 181 181.7 182.1 181.7 181.3 180.9 180.8 180.1 178 175.9 174 172.2 171.6 171.1 171.5 171.3
167 166.6 166.5 166.7 166.5 165.8 165.4 165.4 165.8 166.2 166.4 166.4 166.1 165.6 165.4 166.3 167.2 168.1 169.2 169.5 169.3 169.6 169.2 168.2 167.4 166.5 166.8 166.5 166 166.4 166.9 167.4 167.3 166.5 165.1 160.3 155 146.8 132.5 111.7 102.1 111.6 125.7 134.1 139 143.6 148.6 153.7 158.2 160.7 160.6 160.5 160 160 160.9 162.2 164.2 165.5 168.6 171.1 173.3 175.3 176.4 177.6 178.9 180.2 181.2 181.4 181 180.9 181 181.1 180.2 178.5 177 176.6 176.3 176.3 176.4 175.2
167.5 167 166.6 166.6 166.2 165.3 164.5 164.6 165.2 165.6 165.6 165.3 164.8 164.2 163.2 164.3 165.3 166.2 166.8 167.4 167.6 167.6 167.4 167 166.5 165.9 165.9 166.2 166.1 166.4 166.4 166.5 166.7 166 163.6 158.9 153.9 146.5 134.9 116.5 102.2 109.3 121.9 130.2 136.3 142 146.3 150.6 154.6 157.1 157.9 157.8 158.2 158.3 158.5 159.2 161 163.5 166.1 169.2 171.3 172.8 174.9 175.9 177.3 178.3 179.4 180.5 180.9 180.8 180.5 180.3 179.9 179.1 180.3 180.7 180.8 180.8 180.5 178.6
167 167 166.9 166.6 165.9 164.8 163.5 162.6 163.4 163.9 163.8 163.3 162.5 161.6 160.7 161.2 162 163.2 163.9 166.1 166.4 166 164.9 164.1 164 163.8 164.4 164.5 164.2 164.3 164.6 164.8 165.2 164.3 161.1 157.3 151.9 146.7 139 122.6 103.7 108 117.9 126.7 133.4 138 142.5 145.4 151.2 152.5 151.9 152.5 152.2 152.3 152.5 151.3 158.1 158.2 162.8 166.5 169.4 171.4 173.6 174.4 175.4 176.4 177.5 178.2 178.2 177.8 177.7 178 177.8 178.2 179.7 179.9 179.8 180.5 181 178.5
166.3 166.4 166.2 165.7 164.3 162.9 161.7 159.6 160.4 160.5 160 159.1 158.4 157.8 157.3 157.5 158.7 160.4 160.9 164.1 164.7 164 162.3 161.3 161 161 160.6 160.7 160.9 161.2 160.3 160.2 159.8 159.1 157.7 154.1 150.1 144.9 138.3 127.6 109.7 105.1 115.1 125.5 130.7 133.7 135.2 138.4 143.7 144.2 143.1 143.6 144.9 146.1 153.3 160.6 162.3 162.7 163.2 164.4 167.6 170.3 172.2 173 173.1 174.3 175 175.2 175 174.8 175.2 175.6 176.7 177.7 178.5 178.4 178.3 179 178.7 177.5
165.1 165.1 165.2 164.2 163.1 161.5 159.9 157.6 157.2 156.8 156 155.2 154.8 154.3 154 154.8 155.7 157.3 160.7 162.1 162.7 162 160.2 158 157.7 157.5 157 156.9 157.2 157 155.9 155.3 153.2 153 150.1 149 145.3 140.6 133.3 127.4 110.9 106.6 108.9 115 122.5 125.9 128.2 130.1 131.9 131.8 140 146.4 152.2 156.7 163.5 165.5 166.1 165.9 167.2 168.4 170 170.7 170.7 171.5 171.4 171.7 172 171.7 171.4 171.7 172.6 173.8 174.8 175.6 176.2 176.6 176.8 177.1 177.2 176.4
163.2 163.2 162.7 162.3 161.6 160.4 158.1 154.5 153.3 152.7 152 151.8 151.7 151.4 151.7 152.3 154 156.6 158.9 160.1 160.6 159.9 158.2 155.1 153.6 153.7 153.5 153.1 153 151.2 150 148.5 146.5 145.1 143.2 141.4 138.1 133 125 115.1 107.8 113.3 118.9 117.4 114.9 114.4 120 121.5 129.8 141.9 150.1 155.9 158.9 162 167.1 169.2 169.3 170.1 169.8 170.4 170.9 170.5 170.4 170.2 169.2 168.6 168.5 168.2 167.9 168.2 168.5 169.6 171.1 172.7 173.4 173.8 173.7 174.3 174.6 174.9
160.7 160.6 160.2 159.8 159.4 158.4 155.7 152.4 149.3 149.1 149.2 150.4 148.7 148.4 148.6 149.5 151.6 154.4 156.3 158.4 158.7 157.6 156 152 149.8 149.3 148.6 147.3 144.4 142.1 139.8 138.6 137.2 135.4 134.8 131.7 127.7 120.7 112.1 111.3 119.6 124.5 128.3 128.1 122.7 119.7 119.9 123.7 134 145.2 151.8 157.5 161.6 164.6 168.5 171 171 170.6 170.8 170.9 170.8 170.3 168.9 167.6 166.4 165.5 164.3 163.9 163.4 162.7 164.3 165.9 167.4 168.6 170.3 169.5 169.1 169.7 171.6 172.5
158.3 157.9 157.2 157.1 157 156.2 153.8 151.3 148.7 146.5 146.1 146.8 145.1 143.7 144.6 144.9 148.1 151.2 154.3 156.6 156.9 155.5 153.8 151.3 145.3 145.1 143.1 138.4 130.3 125.6 123.5 124.9 126.6 126.7 124.4 117.9 112.5 113.4 120 128.1 132.4 135.5 136.8 137 135 132.2 130.8 124.8 132.8 143.8 152.2 157.4 162.4 166 169.4 170.8 170.9 171 170.9 170.8 170.7 170.4 166.3 164.5 162.8 161 159.4 158.1 157.3 157 159.7 160.6 162.5 164.8 166.6 165.4 163.8 164.4 167.1 170.1
155.8 155.1 154.3 153.5 153.2 151.8 150.4 148.4 146.2 143 142.7 142 139.5 138.1 137.4 138.2 143 148.5 151.7 154.8 154.6 153.4 152 150 143.8 135.8 132.3 122.2 119.4 121.1 121.1 119.2 118.3 116.8 116.9 125.7 128.7 123.5 128.2 138.7 141.4 142.5 143.4 143.5 143.9 143.1 142 130.6 129.9 140.9 150.3 156.2 160.9 165 168.2 170.3 170.1 170.8 170.7 170.6 170.6 170.6 168 166.4 164.2 160.4 158.7 154.7 152.6 151.2 153 155.1 157 158.5 159.9 160.8 158 161.1 164.8 167.7
151.3 150.2 149.5 148.8 147.3 145.9 144.2 143.1 140.7 141.6 140.1 140.6 140.5 140.7 141.2 137.2 136.5 146.6 150.9 151.5 150.8 149.1 147.5 145.3 139.5 126.3 121.4 125.7 132 135.2 135.2 133.1 131.1 131.5 135.4 137.2 137 132.5 128.5 141.9 146 147.1 148.4 149.2 149.1 149 147.3 140.1 129.5 137 147 153.8 158.3 162.3 165.9 167.6 169.2 170.1 170.5 170.4 171 170.7 169.7 168.6 167.2 164.8 163.8 162.2 159.1 153.6 148.5 148.2 148.4 149.8 151.7 151.5 149.7 155 161.6 166.5
146.2 145.5 144.1 143.6 144.2 143.8 145.1 145.6 147.2 148 148.4 148.5 149.1 148.5 147.6 143.8 134.5 141.1 146 146 144.1 141.9 138.9 134.6 126 124.6 131.9 137.6 142 143.4 144.2 145 144.5 144.9 144.9 145.1 144.4 141.4 129.7 144.3 150.1 152.3 153.3 153.6 153.6 153.4 152.1 149.1 142.2 131.8 145 151.8 155.8 159.2 162.8 166 167.6 169.1 170.3 170.8 171.4 171.6 171.1 170.2 169.1 167.5 166.6 165.2 163.8 161.7 156.9 152.6 148.6 144.4 140.9 141.4 145.2 154.2 159.2 165.5
146.8 147.3 147.4 148.2 149.4 149.4 149.3 150.7 151.2 151 151.6 152.3 152.3 151.5 150.9 147.1 140 130.5 137.8 138.4 135 131.6 129.7 125.2 124.4 133.8 140.5 144.2 146.4 148.6 149.3 150.3 150.7 150.8 149.7 149.7 148.6 145.6 134.6 147.2 153.4 156.1 156.2 156.2 155.8 155.7 154.3 151.9 146.9 135.7 143 149.7 154 158.2 160.9 163.5 166 168.1 170 171.1 171.5 171.7 171.6 171.5 170.8 170.2 169.5 168.5 167.2 164.9 162.6 160.5 157.3 153.6 148.2 135.8 147.2 154.8 159.7 164.3
150.7 151.5 151.9 152.5 153.2 153.2 152.5 153.3 153.3 153 153.4 153.4 152.8 152 151 148 142.9 136.1 129.9 128.4 130.4 133.2 134.4 131 128.1 137.2 142.9 145.9 149.9 151.3 153.1 154 155 153.8 151.9 150.6 147.5 143.2 140.4 148.6 154.2 156.1 156.7 156.7 156.1 155.1 152.5 149.8 144.9 138.2 143.4 148.2 152.2 156.3 160 162.6 165.7 167.9 169.8 170.8 171.4 171.8 171.7 171.6 171.5 171.1 170.8 170.5 169.3 166.8 165.1 162.2 158.8 154.2 150.4 137 143.4 152 158.4 162.3
153.6 154.9 155.4 155.6 155.8 155.7 155.5 155 154 154 153.2 152.9 151.9 151.2 150.3 147.2 143.2 139.1 130.2 135.1 141 142.6 142.8 138.9 130.3 136.2 141 145.3 147.6 151 153 154.9 155.7 155.2 153.1 149.9 145.4 141.9 142.3 148.7 152.7 155.8 156.1 156.1 155.9 153.8 150.8 147.3 142.9 140.4 140.4 146.8 151.6 154.9 158.7 162.4 165.5 166.8 168.3 170 170.7 171.4 171.8 171.6 171.7 171.8 171.3 170.6 168.9 165.4 162.7 158.7 155.1 151.5 145.8 136 136.9 147.6 154 159.3
155.5 155.7 156.2 156.7 156 155.8 155.7 155.8 154.3 152.7 151.1 149.7 148.7 147.3 146.2 144.3 140.5 131.5 134.4 141.9 145.4 146.5 146.6 141.7 133.8 143.4 146.2 146.2 147.3 150.3 152.9 155.3 156.5 157 156 153.2 149.4 147.1 146.6 150.6 153.5 155.6 156 156.2 156.3 153.9 149.9 148 146.4 144.5 142.6 145.6 152.4 155.7 158.3 160.8 162.6 164.5 166.2 167.9 169.6 170.5 171.6 171.7 171.8 171.8 171.2 170 167.4 162 158.1 153.7 149.6 144.1 139.5 131.6 134.3 143.5 151.4 155.6
156.4 156.4 156.2 156.1 155.9 155.2 153.6 152 150.4 147.8 145.7 144.2 142.3 140.7 140.2 139.5 134.5 139.5 146 147.7 146.6 147.1 147.6 142.1 136.4 147 150 150.8 151 152.9 154.7 156.9 158.7 159.3 159.5 158.1 156.2 153.8 152.2 154.6 155.3 156.3 156.5 156.7 157.2 156 154.1 153.3 152.8 151.9 150.3 145.2 150.5 153.5 156 157.2 159.7 161.3 163 164.7 167.2 169.1 170.5 171.7 171.8 171.8 171.7 170.5 168.9 165.3 158.9 154.7 151.5 147.1 141.6 131.5 127.6 140.4 146.3 151.7
157.4 156.7 155.9 155.5 153.7 151.7 148.4 145.3 143.2 143 143.2 142.3 140.4 137.1 134.9 138.2 141.8 146.6 149.9 150.3 148.4 147.6 146 140.6 138.9 147.5 152.4 153.4 154.3 155.4 156.9 159 160.7 161 161.2 161 159.9 157 156 156.1 156.4 156.6 156.9 157.3 157.4 157.6 156.3 156.4 156.4 156.7 155.7 152.5 147.5 149.4 151.6 153.4 156.9 159.7 161.3 163.5 167.2 168.7 170.4 171.3 171.6 171.8 171.6 171.2 170 168.8 166.9 162.8 159 155.7 152.5 140.1 123.5 134.6 140.3 143.2
158.5 157.7 156.6 154.4 152 148 146 147.1 147.6 147.9 148 147.4 146.1 143 138.8 144.3 147.3 150.5 150.9 150.9 148.8 145.6 145.8 138.6 142.5 149.4 152.6 154.8 155.8 157 159.1 160.9 161.3 161.9 162.5 162.4 161.1 159.9 158 157.1 156.5 156.5 156.6 156.6 156.7 157.2 157.3 157.3 158.2 158 157.3 155.8 153.9 154.6 155.5 157.4 159.9 162.3 163.8 165.3 167.1 168.6 170.2 170.8 171.2 171.5 171.1 170.9 171.2 170.7 169.7 167.4 164.4 159.2 154 142.6 126.1 125.1 131.2 133.6
160 159.1 157.1 155.2 151.9 147.9 149.4 150.8 151 151.3 151.5 150.2 148.5 144.3 142.6 148.3 150.6 151.9 152.5 151.4 149.4 145.7 143.5 138.8 144.2 149.4 152.8 155.7 157.3 158.6 160.5 161.4 162 162.5 163 162.4 161.3 160.7 159.3 157.5 156 155.9 155.9 155.9 156.1 156.6 157.4 158.1 159.1 159.3 158.9 158.6 158.3 158 158.8 159.6 161.2 162.7 164.3 165.4 166.4 167.9 168.6 169.7 170.2 170.6 170.1 170.4 170.6 170.9 169.8 167.5 164.9 159.1 152.7 142 129.4 118.8 119.7 121.3
162.4 160.8 158.8 156.2 153 148.8 151.8 153.4 153.6 153.8 153.1 151.4 149.1 144.7 144.1 149.9 152 153.4 154.2 153.5 150.5 148.4 147.8 142.4 144.3 150.8 153.2 155.4 157.2 159 160.7 161.2 161.9 162.6 162.6 161.9 161.3 160.4 158.5 157.3 156 155.3 155.2 155.3 155.4 156 156.9 158.5 160 160.6 160.4 160.3 160.1 160 160.4 160.5 161 161.4 163.6 165.1 166.1 166.6 166.8 166.8 167.3 167.7 168.8 169.6 169.8 170.2 169.3 167.2 165 159.6 153.5 144 134 127 118.6 112
