data/SS81.asc
ncols 200
nrows 200
xllcorner 280000
yllcorner 110000
cellsize 50
[rows 70 to 104 of 200, columns 0 to 77 of 200]
189.7 188.9 187.1 184.9 183.4 183.2 182.8 183.7 184.1 183.8 185 184.2 182.3 179.7 178.5 177.4 176.5 173.9 171.6 167.9 163.9 157.8 149.9 143.1 143.1 149.2 156.1 164.1 167.1 168.6 168.8 169.4 167.7 165 165.2 166.9 167.6 166.2 162.9 159.6 154.7 150.4 149.7 148.6 148.4 146.1 146.3 148.8 152 152.9 152.1 152.9 161.3 171.1 175.2 179.3 181.7 184 185 185.7 185.7 184.1 181.1 175.5 168.8 174.7 178.5 179.3 178.3 175.2 167.4 170 167.9 162 166.6 171.1 173.2 172
189.8 189.8 189 189.6 189.7 190 189.5 189.3 188.8 188.5 188.5 188.3 186.6 183.6 182.2 180.7 179.3 177.7 174.8 171.1 167.4 162.2 153.4 145.7 142.6 146.7 152.8 159.7 163.6 164.4 164 163.1 162 160.9 161.2 162 161.3 159.3 156 151.9 147.7 147.1 145.7 145.6 146.1 150.9 155.4 160 161.9 162.3 162.9 159.2 165.8 175 180.7 184.8 187.4 189 190 189.7 187.7 184.7 180.6 173 174.6 180.6 183.5 184.6 182.6 178.8 170.3 174.9 172.4 166.7 166.2 175.1 177.5 181.7
188.3 190.1 191.4 193.2 193 193 192.8 193.3 193.5 193 192.1 190.8 188.5 185.4 182 180.2 179 177.1 174.9 172.4 169.4 164 154.3 147.6 142.4 144.8 149.5 154.5 159.8 160.8 160.9 159.9 158.6 157.1 155.9 156.7 155.3 153.7 150 146 145.2 144.6 145.3 146.4 151.7 156.7 161.6 165 167.2 169.1 169.8 168.9 168 176.6 183.2 187.5 189.5 190.8 190.5 190.2 186.4 184.6 179.2 176.4 183.2 185.3 186.5 187.1 185.3 182.1 174.7 179.1 176.7 171.8 166.7 174.5 181.4 185.9
185.1 187.5 190.3 193.6 194.3 194.9 196 196.6 196.2 195.2 193.8 191.4 188.1 183.7 180.9 178 175.4 174 172.2 169.7 167.4 163.4 157 149.5 142.1 143.3 146.8 151.4 156.2 158.1 157.7 156.7 155.2 153.7 151.8 151.4 150 148 144.8 143.7 146.1 146.5 149.5 149.9 151.2 157.9 163.9 168.2 170.3 172.6 173.8 174.4 175 175.5 183 187.3 189.4 190.1 191 188.4 186.7 186.2 185.3 181.2 185.3 187.5 188.6 188.6 187.3 183.4 177.8 184.9 183.9 177.9 169.8 169.5 178.3 185.7
181.2 184.4 187.9 191.1 193.3 195.3 196.9 197.2 197.5 196 193 189.1 185.2 180.6 176.7 174.1 171.4 169.5 167.6 165.8 163.2 161.3 158.7 150.5 143.8 141.3 144.7 148.4 153.1 154.5 153.6 152.7 151.5 150.3 148.4 146.5 145.2 144.3 143.5 144.1 149.2 150.2 153.3 156.3 157.6 155.2 161.4 167.1 170.1 172.6 174.8 177.3 179.1 180.9 184.2 187.5 190.3 190.7 191.3 191 191 189.7 188.3 185.4 185.7 189.1 191 191 188.7 184.8 183 188 187.4 183.3 177.8 169.3 173.3 182.8
176.9 181.1 185 188.2 190.6 193.6 195.8 196.8 196.9 195.7 192.4 188.8 183.5 178.7 174.7 170.8 166.8 162.6 159.3 157.6 155.5 153.3 151.8 146.9 144.4 141.7 142.7 146.2 149.7 150.5 149.9 149.4 148.4 147 145.2 144.4 143.2 142.7 142.9 147.1 151.1 153.2 156 161.1 162.5 162 156.9 163.8 167.5 170.9 174.7 178.2 181 182.3 185.4 188.4 191 192.8 193.8 194.6 194.9 193.5 191.9 190 188.1 190.3 193.2 193.4 191.5 188.3 184.8 189.8 189.4 187.2 183.6 174.4 169.3 178.9
174.4 177.4 182.8 185.6 187.4 190.3 193.6 194.7 195.6 195 193.3 189.8 186.2 181.8 177.5 173.2 170.4 169.1 166.5 164.2 161.7 158.4 155.2 151.8 146.7 142.8 141.5 144.5 147.2 147 146.5 146 145.3 143.9 143.3 143.2 142.7 145.5 150.1 151.6 153.2 155.2 159.3 164.8 166.9 166.9 163.4 160.8 165.4 169.9 172.9 176.5 179.6 183.1 186.3 189.2 192.5 195.7 197 198.3 198.5 197.7 195.8 193.8 192.8 193.6 195.7 195.1 194.2 190.5 187.7 190.6 191.4 189 186.2 179.5 169 174.9
173 176.6 180.6 183.4 186.1 189.1 191.5 192.9 194.3 194.3 193.3 191.7 189.1 185.8 181.2 177.6 175.7 173.4 170.8 168.1 164.6 162.6 159.2 153.7 148.4 142.4 141.5 142.6 145 144.4 143.3 142.6 142 142.8 143.1 144.2 148.5 150 151.8 153.8 155.8 159.2 165.1 169.5 171.5 171.2 168.8 165.9 165.7 167.1 169.2 172.2 177.4 181.4 185.4 189.1 193.7 197.4 200.2 201.6 202 201.7 200.2 198.4 197.9 197.7 197.7 196.7 195.5 192.1 190.5 192.6 192.8 190.7 187.3 182.3 176.7 171.4
172.7 175.4 178.8 182 185.3 188.4 190.4 192 193.4 193.4 192.8 191.9 190.6 188.7 185.9 182.9 180.2 177.2 174.3 170.4 166.8 163.1 159.1 153.7 148.3 142.9 140.2 140.6 142.6 141.6 140.8 141.5 143.3 143.2 147 149 151.2 152.8 154.4 156.7 159 164.4 171.2 175 176.5 176 172.7 170.3 170.2 171.6 173.2 175 175.5 178.3 183.8 189.4 194.7 198.6 201.6 203.2 204.1 203.9 203.6 202.4 201.4 200.7 200.2 198.7 196.8 194.1 193.4 194.9 193.9 192 187.7 183.3 178.9 175.7
169.3 172.5 176.9 180.6 183.9 186.8 188.6 190.4 192.3 192.6 192.6 191.8 191.1 190.6 189.1 185.5 182.1 177.9 174.4 170.5 165.8 161.5 158 152.9 147.5 142.1 139.5 139.4 139.9 140.3 139.7 140.4 145.9 148.2 150.8 154.3 156.3 158.3 162.1 164.6 167.1 171.9 177.7 180.4 181.1 180.7 176.7 175.3 175.5 176.9 178.7 179.9 180.8 181.7 183 188.9 194.7 199.6 202.8 204.5 205.5 206 205.9 205.5 204.5 203.8 202.9 201.4 199.1 196.7 196.1 196.2 194.5 192.3 188.3 183.8 182.6 182.4
170.7 173.7 177 179.7 182.2 184.7 186.5 188.3 190.3 190.9 190.9 190.7 190.6 189.8 188.5 185.7 181.4 177.2 172.4 168.4 162.3 158.2 153.8 149.4 144.5 140.3 139.2 139.2 139.4 140.6 145 147.9 150.4 153.4 156.9 160.4 162.6 165 169.8 174.1 177.4 180.6 182.9 186.1 187.5 187.2 185.6 184.3 183.6 184.4 186 188.1 188.4 188.3 189.4 190 195.5 200.5 203.9 205.7 206.6 207.2 207.4 207.6 207.2 206.3 204.9 203.4 201.4 199.3 198.2 198.2 196.1 193.2 190.9 186.8 187.4 187.5
172.1 176.1 179 180.7 181.7 184.1 184.8 186.6 188.4 188.9 189.2 189.2 189.2 188.6 187.5 185.1 181 175.9 169 163 157.1 152.5 149.3 146.2 142.4 139.4 138.9 140.7 143.6 146.3 149.2 152.5 156.1 159.2 163 166.4 168.9 171.6 176.5 180.8 185.4 187.4 187.7 190.6 192.9 193.7 192.2 191.1 193.1 194.1 195.3 195.8 195.8 195.3 196.9 197.9 196.7 200.8 203.9 205.5 207 207.5 207.4 207.4 207 207 206.3 205 203.7 202.9 202 200.2 198.1 195.9 193.8 191.2 191.1 191.3
173.9 178.1 181.4 182.3 183.1 183.6 183.8 185.1 186.6 187.1 187.5 187.7 187.9 187.6 186.4 183.9 180.3 172.7 166 159.1 153 147.1 144.9 142.3 139.3 138.7 140.4 143.9 147.5 150.8 153.4 157.2 161.6 165 169.2 172.5 175.3 178.2 182.4 185.6 188.2 190.1 191.5 192.9 194.7 196 196.6 197.6 199.3 200 201.3 202.2 202.7 202.3 203.5 203.6 203.5 202.9 204 205.2 205.9 206.4 207 207.1 207 207.9 207.6 207.7 206.9 206.2 205.4 204.1 201.9 199.6 197.3 195.8 195.1 194.3
177.7 180.3 181.6 182.7 183.1 183.2 183.3 183.5 184.6 184.4 184.6 185.3 186 185.9 185.5 183.2 179.1 173 165 157.6 150.4 143.9 139.3 137.9 138.3 138.9 140.3 143.8 148.6 153.8 157.6 161.8 165.9 170 174.2 177.2 180.2 182.2 184 185.8 187.4 189.1 190.2 191.8 193.9 195.7 197.2 198.6 200.8 202.8 204.2 204.7 205.5 206.5 206.2 206.3 206.1 205.1 204.7 203.9 204.2 204.6 205.2 205.9 207.6 208.9 210 210.2 210.2 209.4 208.9 208 206 203.6 201.2 199.9 198.7 197.3
181.1 181.9 182.5 182.7 183 183.1 183.3 183.3 182.6 182 181.4 182 182.9 183.1 182.7 180.9 178.1 173.2 166 158 149.9 141.3 138.6 138.4 138.4 140.9 143.6 145.5 147.3 150.3 154.7 156.8 162.5 166.4 172.3 178.3 179.7 181.4 183.3 184 185.6 186.5 188.1 190.5 192.6 194.3 196 197.6 199.9 202.5 204.9 206.1 207 206.7 206.5 206 205.4 205 204.5 203.9 202.4 202.9 203.7 205 207.1 209.2 211 212 212.3 212.4 211.8 211.1 209.9 207.6 205 204.1 203.8 202.3
182.1 182.9 182.6 182.6 182.8 183 183.1 183 182.2 181.5 179.9 177.5 178.9 179.7 179.2 177.9 175.9 171.2 164.2 154.2 145.2 140.4 138.4 137.9 141.7 147.1 151 153.5 154.1 156.8 158.6 163.5 167.5 169.6 169.4 169.2 172.4 177.9 179.8 181.6 182.9 183.7 185.1 187.2 189.7 191.5 193.7 196.4 200 202.2 204.2 204.9 205.1 204.9 204.6 203.9 203.1 202.7 202.4 201.7 200.9 201.4 202.6 204.5 206.6 208.7 210.1 211.6 212.7 213 213.3 213.2 213 211.3 208.7 208.3 208 207.2
179.6 180.4 181.6 182.2 182.4 182.5 182.8 182.4 181.7 181 178.7 176.6 174.7 175.3 175.5 174.4 171.6 169.7 163.6 149.5 139.4 137.1 136.9 140.6 150.5 157.8 160.6 161.7 162.8 163.8 166.8 172 176.7 177.8 177.4 175.8 173.2 173.6 174.9 175.7 177 179.4 182.2 183.4 187 189.2 191.4 193.9 198.3 201.1 202.6 203.1 203 202.7 202.5 201.7 200.9 200.5 199.6 199 198.3 199.4 201.7 204 206.1 207.8 209.4 210.8 212 212.6 212.7 213 213.7 214 212.7 212.4 211.8 211.6
175.9 176.5 177.8 178.8 180.8 182 181.9 181.9 180.7 179.4 179.2 176.3 169.2 168.8 169.8 167.6 165.8 163.7 153.9 142.7 137.2 135.7 142.3 154.3 163.6 166.5 168.2 168.7 169.9 170.9 175 179.6 182.7 184 183.7 183 179.5 177.5 177.3 177.4 178.8 182.4 184.1 186.4 188.8 191.2 193.5 195.1 197.3 199.9 200.9 201.2 200.9 200.6 200 199.4 198.7 197.9 196.7 196.2 196.5 198.8 201.1 203.4 205.5 207.2 208.6 209.9 211.1 212.3 212.7 213.1 213.5 214.5 214.8 215.4 215.8 216
169.7 169.6 173.3 174.8 176.8 179.5 179.9 179.1 176.2 175.5 174.2 172 168 162 162.7 160.8 158.2 153.5 145.7 136.2 136.7 142 154.6 164.1 170.8 172.7 174.3 175.5 176.8 178.7 181.9 184.7 186.9 187.5 187.7 186.7 185.8 183 182.5 182.4 183.6 185.1 186.9 189.4 191.8 193.8 195.4 197 199.1 199.5 199.3 199.1 198.5 198 197.1 196.2 195.9 194.3 193.5 192.7 194.5 197.1 199.5 201.9 204.8 206.5 207.5 208.5 209.5 211.3 212.1 212.5 213.8 214.8 215.4 216.7 217.5 217.9
160.8 162.9 168.2 172.3 173.8 175.4 176.7 176.3 173.5 170.9 169 168.6 168 163 156.7 151.3 147.2 144.6 138.1 135.9 141.1 152.2 164.2 170.1 175.1 178.8 180.6 181.7 183.3 185 187.3 189.4 190.7 190.9 190.9 190.1 190.9 191.4 191.3 190.3 189.3 190 191.2 192.6 194.1 195.7 197.3 198.8 199.4 198.9 198.6 198 197 195.9 194.3 193.3 192.3 191.3 190.6 190.3 192.7 195.3 197.7 199.8 203.2 204.6 205.7 206.6 207.9 210.1 211.6 212.8 214.2 215 216.2 217.5 218.9 219.6
156.1 164.4 168 170.4 171 171.7 171.5 171.2 169.1 166.8 165.4 164 165 164.6 163.2 158.6 148.1 137.2 135.9 137.8 147.4 162.4 169.9 175.4 180.4 184 185.6 186.8 186.9 188.1 190.3 190.6 191.4 191.2 190.8 191.8 192.3 193.4 193 193.1 193.4 193.2 194.3 195.1 196.2 197.7 199.3 199.1 198.6 198.2 197.8 197.1 196.1 194.5 192.8 189.9 188.5 186.9 190.3 191.4 191.3 193.5 195.8 198.3 201.3 202.6 203.7 204.8 206.8 208.9 211.5 213 214.5 215.6 217 218.2 219.1 219.5
146.4 160.7 164.3 163.9 162.9 163 162.2 159.4 157.1 154.6 154 154.7 157 157.2 157 151.3 140.8 135.2 136.7 143.2 156 166.9 173.1 178.8 182.9 185.9 187.7 188.5 189.5 190.2 190.2 190.2 190.1 190.3 190.4 191.4 192.4 193.8 193.3 194.3 194.5 194.8 196.1 197.4 198.2 199.6 199 198.4 197.9 197.4 196.7 195.9 194.5 192.9 191.2 188.6 185.6 189 192.4 194.5 196.2 196.1 196.8 196.9 198.9 200.7 202.9 205.1 207.3 208.5 211.1 212.9 214.3 215.9 217.4 218.6 218.7 219
137.2 149.2 157.5 156.4 153 147.9 144.8 142.1 141.1 140.3 141.1 141.9 144.7 146.4 143.3 137.1 135.2 136.2 139.8 149.6 161.7 169 174.8 178.6 182.3 185.2 186.8 188.6 188.7 188.7 188.8 187.8 186.7 188 188.9 190.7 191.7 192.7 193.5 194.6 195.2 195.4 196.4 197.8 199 198.8 198.3 197.7 197 196.2 195.1 194.1 192.6 190.7 188.5 186.8 185.2 189.7 192.2 194.2 196.1 197.2 198.3 199.3 200.4 201.9 204.2 206.5 208.2 209.1 210.4 212.5 214 215.3 216.4 217.7 218.3 218.4
139.9 137.1 145.8 144.3 140.2 135.6 134.2 133.9 133.9 134.2 134.4 136.4 135.2 134.3 136.8 135.1 135.2 138.7 146.8 156 162.8 169.4 174.1 177.9 180.1 182.3 183.4 184.7 186.2 186.6 186.6 185.1 182.9 184.1 186.3 188.6 191 192.6 193.8 194.8 195.9 196.2 197.1 197.9 197.6 197.7 197.2 196.5 195.7 195 193.6 191.7 189.8 187.5 185.5 183.4 184.3 189.2 191.8 193.8 195.7 197.2 198.9 200.6 201.6 203 204.6 206.2 207.7 209.1 210.5 211.6 212.7 213.7 214.7 216 216.9 217.9
138.7 133.8 134.4 132.5 131 131.7 132.4 132.8 132.3 132.9 132.4 131.8 134.4 134.6 136.2 135.1 135.1 145.8 153.8 159 164.3 168.9 171.9 174.3 176.3 177.9 178.2 177.5 177.4 175.6 178.1 179.9 183.6 186.7 188.9 190.8 192.2 193 194.3 195.2 196.2 196.9 197.7 197.9 197.6 197.1 195.5 194.8 193.6 192.5 191.3 189 187.1 184.5 182.1 181.2 186.3 189.4 191.4 193.2 195 196.1 197.6 199.4 201.2 202.5 204 205.5 206.5 207.5 208.6 210 211.3 212.1 213.1 214.2 215.2 215.9
137.2 131.5 131.2 130.3 132.8 133.3 133.6 133.2 133.4 134 134.7 135.5 138.3 140.4 147.6 141 135.7 143 153.6 159.3 163.2 166.6 168.7 170.6 171.9 173 172.5 170.8 169.9 172.7 179.6 183.4 186.7 189.2 191.4 193.3 193.7 193.9 194.9 195.8 196.6 197.6 198.1 197.9 197.7 197.3 195 192.4 190.4 189.6 189 187.7 186.7 182.1 179.5 184.6 187.3 189.7 190.6 192.1 193.2 195 196.3 198.2 200.1 201.8 202.9 203.9 204.7 205.7 207 208.5 209.9 210.5 211.4 212.5 213.3 214
133.1 129.8 131.4 131.9 133.3 133.4 136.7 143.4 150.9 158.7 162.9 164.1 162.7 160.6 155.2 147.6 139.1 139.6 147.4 156.2 160 162.1 163.9 164.5 166 167.7 164.4 162.1 169.3 178 183.3 186.8 188.8 190.7 193.1 194 194.6 194.7 194.7 195.7 196.6 197.5 197.7 197.6 197.3 196 194 192.1 190.1 185.1 186 186 184.5 179 180.9 184.5 186.9 188.1 188.4 189.6 190.4 191.7 194.1 196.4 198.3 199.7 201.1 202.1 202.9 204 205.5 206.9 208.4 209.1 209.8 210.4 210.3 210.3
131.3 131.5 133.8 141.5 146 154.4 159.4 162.5 166.2 168.3 169.7 170 169.2 166.9 162.3 154.7 144.8 138.3 142.5 151.4 153.8 154.4 154.3 155.6 158 158 158.4 168.8 175.5 179.2 183.7 186.2 188.4 189.8 191 191.8 192.3 192.3 193.3 194.2 195.2 196.1 196.1 195.7 195.2 194.9 192.2 189.8 187.9 184.6 181.4 181.4 180.1 177.2 180.8 183.4 185.1 186.7 187 187.2 188 189 191.4 194 195.2 196.1 197.4 198.6 199.2 200.6 202.7 204.4 206.1 206.4 207 206.9 206.7 206.2
130.5 137.1 138 141.4 144.8 155.1 159.6 164 167.9 170.9 173.3 174.7 174.5 172.4 168.9 164.1 154.8 145.8 140.2 142.3 146.3 145.7 145.7 147 149 157.3 166.4 173.1 178.2 182.3 183.5 184.4 185.4 186.1 187.7 188.6 189 189.4 190.2 191 191.8 194.5 194.4 193.9 192.7 191 188.7 186.7 184.7 183.4 181.4 175.9 175.4 174.6 178 180.7 182.7 184.9 185.5 185.7 185.3 186.9 189.5 190.5 191.8 192.6 193.5 194.5 195.3 196.5 198.7 200.9 202 202.3 201.8 201.7 201 199.7
139.3 147.2 150.3 151.1 150.3 146.8 157.5 163.1 166.7 170.5 173.5 176.3 177.2 176.1 173.3 169.6 163.8 156.2 147.1 142.4 142.3 143.7 143.6 144.1 145.2 154.5 167.9 172.8 176.7 180.8 181.8 180.7 180.2 180.6 181.9 183.2 184.6 185 185.8 187 190 193 193 192.1 191.2 189.4 186.4 183.3 180 179.4 176.2 172.9 172.6 173.4 174.1 175.2 176.8 178.5 179.9 179.7 180.6 183.4 184.1 184.6 186.1 187.1 189 190 191 191.6 193.7 195.2 195.5 195.6 194.9 196.7 202 201.3
152.4 157 158.4 158.8 159 158.1 152.4 157.9 164.3 168.4 171.6 174.2 175.8 175.2 176.2 173.2 168.9 162.4 154.8 151.1 151.6 153.4 158.2 155.9 146 144.5 158.7 169.6 174.5 177.1 177.6 176.3 175.2 174.9 175.4 175.9 177.2 180.2 182.5 185.5 188.5 191.5 192.9 192.5 191.4 189.3 186.3 182 177.4 172.7 170.6 171.8 175.5 178.7 180.9 180.6 180.7 182.9 182.6 182 181.6 182.5 183 182.4 183.7 185.1 185.5 186.8 188.9 190.1 191.2 193.2 195.2 197.4 200.1 202.6 204.3 205.8
161 164.7 165.1 166 165.2 163.6 161.1 156.8 161.4 164.8 168.9 171.6 174.2 176.2 177.4 175.8 174 170.5 166.6 165.1 164.2 166.1 166.6 164 154.8 146.2 148.2 159.5 165.3 167.6 166.4 165.3 163.6 165 165.9 166.8 170.8 174.1 179.8 183.5 187.2 190 192.6 192.5 191.4 189.4 186.8 183.4 178.3 170.2 175.2 180.8 184.1 185.4 185.9 185.5 185.2 186.7 187.6 187.2 187.7 188.8 189.5 188.7 188.6 189.8 190 190.5 194.3 196.3 195.5 197.8 200 202.3 204.7 205.9 207.9 208.5
166.7 169.3 171.8 172.6 171.6 168.4 164.2 167.4 169.5 169.8 171.6 173.4 175.4 177.7 177 176.2 175.5 173.9 171.5 171 169.5 168.5 166.8 163.3 156.7 149.9 146.6 150.4 154.2 154.9 154.8 151.8 151.2 151.8 153 154.8 158.5 166.7 171.6 177.8 183.4 188.2 190.5 191 189.7 188.2 185.7 182.5 173.1 171.9 180.1 183.8 186 187.5 187.7 187.8 188.3 189.7 190.8 191.4 192.5 193.1 193.3 193.3 193.4 193.9 194 195.1 198.3 199.8 199.9 202 203.9 205.3 206.2 206.9 209 209.8
168.4 171.2 172.9 173.6 174 171.1 166.5 170.9 172.8 174.1 175.2 176.7 178.2 178.7 178.3 177.9 177.4 175.5 174.1 172.3 171 169.8 167.8 164.3 162.6 157.9 148 149.3 149.6 151.6 155.2 160.5 162.3 162.5 161.2 156.4 153.9 156.9 162.8 168.2 175.1 181.3 184.6 185.1 184.6 180.8 175.1 171.6 168.9 175 181.4 184.7 186.8 187.9 188.6 188.6 189.6 190.9 191.5 192.7 193.9 194.5 195 195.4 195.7 196.4 197 197.5 198.7 200.3 201.3 202.4 203.6 205 206.5 206.8 208.4 209.6
171.3 173 175.2 175.8 175.7 175.1 172.5 171.8 175.1 176.6 177.3 178.6 179.5 180.1 179.5 178.9 178.4 177.3 175.9 174 172.4 171.1 168.6 165.9 163.9 160.1 151 160.6 161.1 162.9 165.4 167.5 168 167.7 166.9 162.3 158.4 155.2 155.9 159.7 165.5 172 176.6 177.4 176.6 171.2 166.7 171.3 180.3 183 184.8 186.5 187.4 189.1 189.4 189.6 190.7 191.2 192.4 193.4 193.6 194.5 194.3 195.3 196.4 197.2 197.9 198.6 199.1 200.2 201.1 202 203.4 204.5 205 206 207.3 208
