data/SS89.asc
ncols 200
nrows 200
xllcorner 280000
yllcorner 190000
cellsize 50
[rows 35 to 69 of 200, columns 79 to 157 of 200]
372.7 371.8 373.8 373.1 373.5 373.8 375.1 379.2 383.8 390.5 391.8 388.6 385.9 385.9 386.2 385.6 382.6 377.8 369.4 356.1 333.4 320.9 312.8 301.7 308.4 316.7 326 341.3 349.9 354 353.5 361.3 375.1 388.8 426.4 439.8 444.5 445 445 444.4 436 414.6 385.7 367.6 356.2 348 341.5 332.5 316.9 292 268.2 271.2 285.3 291.7 285.1 276.1 266.1 249.8 233.7 215.9 203.6 198.2 197.8 197.8 216.6 228.8 244.2 264.2 276.7 289 300.3 312.2 325.3 336.4 346.6 356 364.8 374.9 383.9
372.8 372.3 373.4 372.5 372.9 371.7 371.7 374.5 378.7 384.5 386.6 383.2 373.3 366.7 362.5 360.7 358.8 353.6 345.2 334.4 324.4 316.5 306.1 298.6 307.6 317.8 327.6 337.4 346.8 351.9 354.9 365.8 377.1 391.3 425.2 437.6 441.2 443.6 444.5 439.5 425.5 399.6 388.5 359.7 353.4 347 338.7 328 306.4 279.9 254.1 260 268.3 271.7 265.1 255.1 242 225.6 211.2 199.3 190.2 197.7 197.7 208.9 220.1 240.7 254.6 273.1 285.4 297.6 308.5 319.7 332.8 343.7 351.6 360 370.7 380.5 387.1
372 371.5 371.2 370.4 370.3 369.1 367.5 369.8 372.1 377.5 381.7 377.2 354.9 346.3 342.9 341.4 339.2 334.3 330 324 317.2 306.4 293.2 296.5 310.2 316.6 322.5 329.2 339.3 346.5 355 364.8 376.1 393.8 416.5 432.1 437.1 437.7 438 431.8 407.4 394.6 388.3 358.3 352.2 344.7 334.3 315.7 295.4 270.9 248.8 248.4 255 253.4 240.2 230.1 216.8 205.1 194.9 190.2 191.5 197.6 207.3 221 239.3 255 272.6 279.9 292.3 304.2 315.8 326.5 340.1 348.6 355.6 365 373.4 381.4 390.5
370.6 368.3 367.8 367.1 366.9 365.4 363.5 364.6 367.2 370.2 371.9 363.4 343.4 331.2 328.4 329 327.7 325.9 323.5 318.6 311.6 293.2 289.4 301.5 308.6 315.2 319.5 328.7 337.1 346 354.1 362.5 372.4 397.9 411.1 424.5 431.4 432.2 428.6 417.6 389.6 382.9 380.6 354.4 350.4 340.3 325.1 298.8 278.4 258.5 239.5 227.7 231.1 222.8 215.6 208.2 200.1 190.3 190.2 197.6 197.9 207.9 222.6 235.9 250.2 268.1 279.9 289.8 300 310.1 322.3 334.2 346.1 353.6 360 368.8 377 386.4 394.5
366.2 364.6 363.6 363.5 363.4 362.4 359.8 360.7 363.4 362.8 356.7 345 331.1 322.9 320.3 320.3 320.4 319.9 318.6 313 301 279.4 292.7 303.6 310.3 316.3 322.1 329.9 338.2 345.5 352.7 361.1 379.3 408.8 407.6 408.8 414.3 418.1 415.5 397.7 377.5 368.9 361.3 354.3 346.8 330.3 305.3 281.4 260.6 241.7 226.6 209.9 212.5 206.2 200.7 192.1 189 190.5 191.5 199.4 213.4 225.7 239.4 254.6 266.2 269.1 287 298 310.5 319.5 329.6 339.4 350.9 357 365.2 374.7 383.4 391.5 397.4
361.6 360.3 359.4 358.8 359.4 360.1 358.5 357.4 357.8 356.4 347.6 333.1 323 316.3 313.1 310.4 312.3 313.7 312.6 305.1 287.4 279.4 296.8 304.6 310.1 315.2 319.9 326.8 336.6 344.7 352.6 362.1 375.2 398.7 399 397 400.7 405.4 399.8 383.5 368.9 361.3 359.3 351.2 335.4 309.2 284.9 264.3 241.8 222.3 212.4 203.1 202.1 194.6 188.4 187.9 187.9 188.7 204.2 217.2 230.3 243.6 256.4 269.9 280.6 285.2 297.7 308.1 317.7 326.5 335.7 345.1 353.7 361.2 372.2 381.2 386 393.2 402
358.1 356.6 355.3 354.4 354.2 355.4 355.8 352.2 350.6 350.8 341.4 325.4 314.8 310.9 304.1 303.1 304.3 305.4 301.5 291.1 269.7 279.2 297.2 303 307.8 313.5 319 326.5 335.6 342.6 348.1 356.5 370.7 383.2 390 392.5 392.5 388.5 380.8 373.2 365.4 358.3 351.4 335.4 311 289.1 267.2 243.2 224.3 210.1 201.9 198.4 189.4 187.9 188 189.8 203.1 212.2 225.3 236.9 248.1 259.5 271.2 282.4 291.9 302.6 298.7 317.2 323.6 332.9 341.2 350.8 360.6 369.6 378.9 384.6 388.9 399.3 405.5
354.6 353.1 351 349.6 349.4 351.7 352.2 351 340.1 343.2 330.1 308.7 305 303.8 296.1 293.3 295.3 293.3 285.8 275.1 264.6 284.9 291 296.5 302.5 310.1 318.6 326.7 332.9 338.9 343.4 351.5 360 368.5 380.4 390.2 387 379.2 374.5 370 364.8 356.1 341.4 317.2 292.7 271.1 248.7 224.8 207.2 201.2 192.3 189.3 188.4 190 197.1 206.7 217.6 232.2 243.7 256.5 265.1 275.6 287.5 297.2 306.6 316.4 313 318.6 329.3 339.3 347.8 357.8 366.7 374.8 383 386.6 391.6 398.3 407.8
350.2 347.5 344.4 344.2 345.3 347.3 349.3 345 331.5 329.6 311.4 291.4 293.9 295 286.6 286.5 285 279.3 271.2 261.3 261.1 273.8 281.2 289.9 301.3 311.8 319.9 327.9 333.5 338.2 344.7 353.6 361.9 370.2 375.7 378.3 377.9 374.2 371.1 368.2 359.5 349.8 329.5 303 279.2 256.6 232.1 213.7 201.9 191.6 188.2 188.9 191.8 202.4 210.2 220.5 235 250.7 263.4 274.2 284.1 296.3 305.2 311.1 321.6 327.9 328.4 331.9 335.3 346.2 358.2 364.3 369.6 378.9 385.8 390.2 394.9 399.9 410.9
345.8 340.5 336.3 338.9 340.2 342 345.1 342.8 323.9 298.6 290.2 277.3 282.8 282.6 271.2 273.6 269.7 264.4 257.4 250.1 261.6 273.1 285 298 305.7 314 318.1 327.8 336.8 342.4 349 355.4 361.9 369.3 370.4 371.8 371.7 369.4 367 364.7 357.2 344.2 318.1 291.4 268.8 244.7 222.7 207.2 195.9 188.4 187.9 191.5 196.2 212.5 225.9 237.3 255.9 269.4 279.8 292.1 304.3 313.6 318.3 326.3 332.7 335.7 336.7 338.1 344.6 355.9 366 370.9 379.9 385.7 391 395.4 398.2 404.2 411.3
345.4 338.2 328.9 331.9 336.4 337.6 340.1 338.2 331.3 308.3 279.3 265.7 261.3 261.2 253 254.4 252.8 246.6 246.3 258.1 270.1 280.5 293.1 306.2 314.8 319.8 323.3 333.2 340.5 346.5 351.6 357.2 361.9 365.5 367.4 368 367.8 366.8 365.5 362.4 352.4 331.9 307.3 279.1 261.6 237 214.6 201.6 189.8 188.1 188.9 195.7 214 227.8 242.8 257.9 271.9 282.2 292.2 304 317.8 323.3 328.6 334.5 340.4 343.2 344.3 345 351.5 363.8 373 378.8 386.6 391.2 395.5 400.5 404.2 409.5 412
346.2 338.9 327.5 324.8 332.9 335.2 335.9 334.8 330.7 318.2 292.7 272.2 251.3 238 232.3 235.1 237 243 255.3 265.3 277.8 285.9 302.6 310.9 317.3 324.4 330.1 333.9 342.3 349.1 353.6 358.4 361.9 363.8 364.3 365.1 366.2 366.3 365.3 359.3 348.3 325.1 299.3 273.2 252.7 229.7 208.1 196.6 188.7 188.6 191.3 205.1 224.8 243.9 261.2 276.5 286.3 295.8 304.1 318.8 325 330.6 337.2 342.5 348.3 351.9 352.3 351.9 359.8 370.6 377.1 386.7 391.9 395.6 399.1 403.7 409.2 411.3 413.5
344.3 337.3 317.3 311.8 322.3 323.6 327 326.9 324.6 317.8 294.6 271.5 250.3 223.4 226.4 234.6 242.2 255.2 265 276.2 284.7 296.1 308.1 319.1 324.7 329.7 333.6 336.8 343.2 348.2 352.9 357.9 361.5 362.2 362.9 363.8 365.5 365.8 363.3 356.7 347.4 323.3 299.7 274.1 245.9 230.8 204.6 193 182.4 188.5 196.8 217.3 237.5 262 279 290 299.6 307.8 320.2 326 330.7 339.3 346.9 352.5 357 358.9 357.8 357.9 368.5 373.4 382.9 392.5 397.1 400.1 402.4 406 411.1 411.8 414
342.7 333.5 311.9 284.3 293.6 297.1 301.2 307.8 307.5 302.4 285.6 266 240.9 218.5 233 244 253.4 263.7 273.9 287.8 304 309.9 317.8 322.8 328.6 333.6 335.7 337.9 342 346.9 350.9 355.7 361.2 361.2 361.7 362.4 364.3 362.9 361.2 357.6 347.9 327.3 303.7 276.8 248 221.3 202.3 189.3 179.5 193.3 201.7 227.9 248.7 272.5 290 304.7 313.6 321 327.1 333.1 338.7 346.2 355.7 360.2 363.8 364.4 364 364.5 371.1 373.6 389.1 396.9 401 403.9 407 408.1 410.7 411 412.9
341.7 328.3 297.3 278.2 268.6 271.2 272.9 275.7 281.4 281.4 272.5 253.2 226.1 220.9 237.6 249.7 260.7 270.6 285.6 300 321.1 329.7 328.9 329.5 332.2 337.9 338.4 340.8 343.2 347 348.9 353 358 359 358.6 361 361.3 360.4 355.5 353.7 344.8 327.3 308.5 277.6 247.8 222.9 198.2 190.6 179 193.6 206.3 234.9 255.8 279.3 305.7 318.1 323.1 326.8 339.4 343.4 347.3 354.6 362.7 366 368.4 369.6 369.3 369.7 373.8 380.5 393.1 399.4 403 405.1 407.1 408.1 408.6 407.8 407.7
348 343.7 325.8 298.6 284.5 262.1 252.1 256.5 262.9 265.5 255.1 230.8 212.3 228.6 241.4 254.8 266.4 280.9 294.8 316.9 331.4 335.5 336.6 338.3 340.1 342.4 342.2 344.2 346.5 347.6 350.1 351.7 351.9 352.6 352.5 351.3 349.4 348.6 347.5 346.2 338.2 320 301.5 270.6 248.8 224.8 199.9 182.3 182.5 195.2 212.6 238.7 260.5 286.2 315.1 324.5 327.9 340.5 346.7 352.7 357.2 362.2 366.3 369.1 372.1 373.8 374.1 374.6 379.1 385.6 394 400.6 403.4 404.6 406 406.4 406.5 405 400.9
354.1 351.1 344.2 321 299.5 282.4 257.5 239.6 241.1 242.6 232.8 221 210.6 231.8 244.5 259.3 273.1 292 307.9 330.2 337.1 339.7 341.3 343.9 344.9 345.9 345.9 347.5 349.1 349.7 351 353.1 353 351.7 351 348.9 347.2 345 341.3 341.3 321.7 304.5 282.6 260.7 247.2 225.2 198 179 186.2 198.3 217.3 244.8 265.1 291.5 319.3 330.1 337.1 343.4 350.3 357.2 363.5 368.1 370.6 374.4 375.4 376.9 377.7 378.3 380.8 387 392.7 398.6 400.7 403 403.1 402.4 402.1 400.4 390.4
361.1 358.5 356.2 344.1 316 299.9 278.8 246.1 228.7 228.8 218.8 207.1 212.7 233.7 248.8 263.6 283.6 302 318.1 335.2 344.1 347.1 349 349.2 350.3 349.1 348.7 350.1 351.8 352.5 353.4 355.2 355 353 350.6 348.5 346.5 342.2 334.1 318.2 298.6 278.7 261.8 250.7 236 212.2 195.1 178.1 188.3 202 223.1 247 271.2 291.3 318.1 334.1 338.5 344.4 351 359.2 367.9 374.2 377.8 378.8 379.1 379.5 380.5 381.6 383 385.3 390.1 393.7 396.5 399.2 398.8 397.2 394.6 389.9 379.4
365.1 363.6 361.7 354.2 334.5 313.1 293.3 262.7 237.8 217.6 206.6 199.6 219.3 237.9 254.4 272.7 294.8 308.4 321 335.9 347.3 352.6 354.4 355 354.1 352.2 351.3 352.4 354.3 355.3 356 356.7 356.6 355.8 352.8 350.3 347.9 344.1 334.5 307.3 278.7 253.8 235 224.6 207.4 198.3 193.8 178.1 189.6 204.2 227.1 248 274 294.7 322.2 337.1 342.5 346.2 351.5 360.8 372.1 379.9 382.4 383.9 383.8 383.7 383 381.7 381.9 384.3 386.7 389 391.5 393.1 394.2 391.4 387.6 381.5 367.4
367 368.6 366.8 361.6 346.3 324.5 299.6 267 243.6 224.3 201.2 204.1 220.9 241.5 262.1 283.8 299.3 309.3 319.9 333.9 346.3 354.9 358 358.3 358.5 357.5 355.3 356.4 357.4 357.6 358.3 358.3 358.1 358 357.8 354.8 351.3 344 330.8 303 267.9 244.3 218.1 206.8 197.4 191.3 190.6 178.4 190.7 209.2 232.6 252.8 279 299.6 323.8 339.2 346.3 350.1 354.2 362.4 374.5 381.7 385.5 387.7 388.1 387.9 385.3 382.8 381.7 380.4 382 385.8 388.7 389.3 388.3 384.6 378.3 362.6 349.4
368.9 370.5 370.6 366.6 352.5 324.6 294.8 264.6 241.9 221.6 199.4 202.8 222 244.8 264.3 285.7 300.8 310 317.3 329.1 341.5 351.7 357.6 361.3 361.5 359.5 360.2 360 359.5 359.9 360.4 360.2 361.2 361.3 361.4 358.1 351.4 340.9 320.5 292.1 260.2 233.4 210.8 197.1 193.8 191.3 180.3 182.3 196.7 215 237.9 256.9 278.9 302.1 322.4 338.1 350.3 354 357.1 363.8 374.4 381.4 385.3 388.3 389.3 391 388.6 383.7 380.5 378.4 380.2 383.1 386.7 381.5 376.9 369.3 357.2 344.6 332.8
368.9 370.7 369.4 366.7 350.6 319.9 289.3 261.4 240.1 215.4 193.7 199.2 220.8 244.2 265.2 283 299 308.8 316.6 324 333.6 347.3 354.6 360.5 363.9 361.5 361.9 362.3 363.6 364.4 365 365.5 363.6 363.2 363.9 358.4 348.8 334 308 276 251.4 218.2 202.8 193.8 191 179 179.7 190.8 206.1 219.8 241.7 263.9 282.5 304.9 319.7 336.5 351.7 357.1 360.5 366.8 375.5 380.8 384.6 388.5 390.4 391 388.3 384.6 381.2 376.6 371.1 372.2 372 365.2 357 348.3 338 324.1 308.7
363.7 365.9 365.3 360.1 345.5 314 285.2 259 237.7 212.6 190 193.9 218.7 238.4 261.1 278.9 295.6 307 314.8 321.4 324.9 334.3 343.6 352.7 358.2 360.1 362 365.9 368.7 369.6 369.8 369.2 367.2 366 363.4 352.9 337.2 324.6 302.5 268.1 240.6 212.3 196.2 187.4 179.1 179 181.8 201.2 215.8 235.2 251.5 270.7 291.9 308.7 325.2 337.4 351.5 360.5 364.8 370 375.7 380.4 383.5 387.2 387.9 387.4 386.8 382.5 374.6 365.5 355.4 350.4 345.8 338.4 329.2 322.1 311.3 297.6 288.4
359 360.1 358.2 350.5 338.4 312.4 283.8 258.3 237.7 211.2 188.7 192.6 207.6 225.8 251.2 272.8 289.2 302.8 309.9 314.6 316.7 316.4 323.3 330.4 341.9 350.6 358.7 364.4 368 370.7 371.3 368.8 366.7 363.4 354.6 339.1 328.5 315.7 290.1 260.6 232.8 208.1 190.2 177.3 177.4 180.7 190.2 211 231.1 248.1 268.1 285.7 300.8 313 326.8 340.4 353.2 362.2 367 372 377.4 380.4 382.7 387.2 386.5 381.2 376.8 363.7 350.1 341 331.3 321.4 314.3 307.5 301.4 293.7 284.3 275.5 259.4
355.2 350.9 348.5 345.6 334.1 309.5 281.2 256.5 232.2 209 186.9 188.1 203.1 216.1 234.5 257.5 279.3 297 304.1 305 306.9 307.9 309.4 315.1 323.9 332 341.3 352.6 364.6 366.9 366.2 363.7 360.8 352.2 340.9 329.2 325.8 306.9 281.4 253.2 223.9 204.3 183.5 169.7 176.2 185 201.2 224.4 245.6 261 282.9 300.6 310.3 320.1 332.7 343.7 353.6 361.3 368.4 374.7 378.7 380.9 381.9 382.6 378.7 369.3 354.9 340.2 323.7 312 299.2 287.5 280.2 275.8 268.2 264.6 262.2 256.2 248.6
351.9 351 348.5 342.2 331.5 301.3 278.6 256.1 235 214.9 191.9 179.7 194.5 208 222.3 236.8 264.1 284.8 293.5 294.8 297.1 301.1 305.7 311.7 316 318.8 325.1 331.5 344 354.7 354.7 351.4 346.7 338.3 334.7 327.7 326.4 300.9 276 244.1 217.4 196.6 179.8 169.1 185.9 192.2 212.3 238.8 256.6 274.5 295.2 307.4 317.5 326.6 337 347.2 355.9 364 372.9 378.7 380.9 381.3 379.3 377 364.7 346.2 331.1 313.5 294.5 280.8 267.3 257.6 253.3 249 244.5 245.5 246.2 236.5 249.2
352.2 351.3 350.4 346.7 339.5 324.6 294.5 268 245.6 222.6 202.2 182.2 182.7 196.6 211.7 227.6 248.8 269 282.9 285.8 287.3 293.2 300.2 306 311.7 315 319.5 324.7 332.2 338.3 339.1 337.6 336 333.2 331.2 327.3 323.5 293.5 270.2 236.3 212.4 189.7 181.9 168.7 188.7 200.7 222.5 247.3 264 284.1 298.9 313.1 322.7 330.4 339.6 350.5 359.5 367.4 376.4 381.4 381.4 378.7 374.8 362.1 343.2 322.8 304.5 285.2 268.8 255.1 247.2 237.4 232 225 228 233.7 234.1 228.4 240.2
352.5 351.3 351.2 348.6 347.9 336.9 309.7 278.6 257.2 233 208.5 184.6 175.2 182.1 202.2 213.8 233.7 258.5 270.9 276.2 278.6 284.4 289.3 297 305.5 311.5 317.2 321 327.2 330.9 331.8 331.6 329.2 326.7 325.9 325.2 317.8 293.5 268.9 238.3 211.4 187.8 173.6 168.9 190.4 203.2 226.3 248.1 267.7 285 301 315.9 326.2 334 343.1 353.8 362.9 369.3 376.6 380.3 377.9 369.7 354.9 339.2 318.7 295.6 280.2 262.8 249.6 236 224.4 210.5 209.1 209.7 214.6 217.9 217.8 218.8 218.9
351 350.6 350.7 349.9 349.2 342.2 318 285.3 270.9 242.2 221 193.4 171.8 169.7 186.2 201.2 221.6 247.8 259.3 258.5 261.1 267 277.9 284.9 295.8 304.8 312.7 315.7 319.7 322.9 323.7 324.7 324.8 320.2 321.4 323 316.6 299.1 272.2 246 214.5 188.4 168.3 173.8 185.8 198.9 221.9 242.7 266.4 282.7 299.3 316.8 329.4 336.6 346.2 356 364.1 370.1 375.3 377.1 370.6 352.9 332.2 316.2 294 279.5 256.1 242.4 231 212 210.5 208.8 214.8 215.6 218 217.9 217.7 218.1 221.1
341.6 343.9 346.9 346.5 343.7 338 324.8 297 280.7 258.2 229.9 208.7 182.1 169.1 174.8 184.4 208.5 225.8 239.3 242.2 242.8 255.2 261.3 267.7 278.3 287.9 294.7 303.4 309.7 312.4 315.4 314.7 315.4 314 318.3 320.4 317.6 303.7 276.9 249.9 223.2 193.7 168.6 168.3 182.8 192.4 210.3 231.8 258.3 282.2 300.2 316.9 331.4 342 349 356.4 364.4 371.2 374.1 372.8 356.2 334.8 315.7 296.2 277.4 254.9 238.4 215.9 208.1 208.8 208.8 224.5 228 227.4 233.5 235 234.3 232.6 235
336.9 338 339.6 340.2 337.5 333.8 324.9 305.9 291.4 271.7 243.8 219.5 195.9 172.4 168.6 175.8 186 205.2 219.7 225.8 229.2 243.8 250.4 257.9 263.4 267.5 277.9 284.5 288.6 294 297.2 297.1 297.6 303.2 312.6 313.4 315.1 309.3 284.5 258 234.1 208.6 184.6 169.3 169.6 185.8 199.4 221.2 248.8 279.5 298.3 317.4 332.3 344.2 351.8 357.7 365.5 371.2 373.7 368.6 347.2 326.2 303.5 280 257.5 240.3 221.5 201.6 207.7 207.9 221.3 228.9 233.7 237.8 242.8 248.5 249.4 250.3 248.3
332.3 334.5 336.2 335.6 334.6 330.2 323.4 312.5 294.1 276.7 255.3 230.8 205.9 181.6 165.1 169.7 180 189.2 199 204.7 208.6 223.8 234.2 245.2 252.8 258.3 265.1 271.4 275.5 278 280.1 283 285.9 290.3 298.3 302 304.6 304.3 290.2 269.9 250.3 228 198.8 177.7 169.1 177.5 194.1 212.3 240.2 271.6 297.6 318.7 333.5 346.5 354.6 359.8 366.5 370.7 371.6 366 346.9 321.5 296.3 267 247.4 224.8 200.9 201.2 204.4 213.2 225.7 234.6 246.3 256.6 265.6 270 272.8 274.3 275.1
327.1 330.3 332.2 331.7 331.3 328.8 325 316 299.2 282.1 266.1 243.4 217.7 192.1 169.6 158.1 177.7 175.7 182.1 186.1 189.5 204.2 214.7 222.3 232.9 243.6 255.5 258.3 263.4 265.9 269 275 282.2 287.7 290 295.9 297.8 296.1 288.6 286.1 271.9 245 216.1 186.6 169.7 167.8 182 206.4 231.7 265 297.8 319.9 333.6 349 355.5 361.6 367.9 370.5 372.4 367.2 346.8 316.4 287.2 257.8 234.1 207 199.6 204 211.4 223.9 236 249.2 269.1 284.1 295.1 301 303.7 304.9 304.7
320.5 324.1 327.2 327.6 327.5 326.7 325.3 317.5 301.5 286.5 271.5 252.6 228 200.9 178.3 158.2 169.4 172.5 170.6 173.5 177.7 183.1 190 200.2 208.5 222.3 230.8 238.9 243.8 249.5 256.1 270.8 281.9 289.2 290.2 293.7 297.4 296.7 291.2 288.3 281.5 253.4 226.5 194.1 173.7 164.7 178.8 202.2 227.8 258.8 293.8 322.2 336.6 349.3 356.3 364.3 373.9 379 376.6 367.1 338.9 307.5 274.6 248.3 221.1 198.6 199.1 208.6 219.5 234.3 249.7 270.1 291.6 310.1 321.6 327.2 330.3 332.2 332.8
308.8 316.1 322.1 323.2 323.5 323.8 321.6 313.7 300.6 289.3 275.7 256.7 231.5 205.4 182 161.3 156.8 166.8 166.5 162.1 162.3 166.8 173 181.5 187.8 203.6 210.2 217.6 220.8 230.7 245.4 263.7 283.2 290.9 293 296 298.6 296.8 292.5 282.1 279.4 251.2 227.5 194.9 173.7 159.1 175.8 201.3 226.6 255.3 288.9 324.9 336 348.8 358.5 367.9 377.1 381.3 376.7 359.4 325.2 296.2 262.5 236.8 208.3 199.2 199 209.7 225.6 245.4 265.3 290.5 313.7 328.9 340.3 347.6 353.7 357 358.4
