data/SS94.asc
ncols 200
nrows 200
xllcorner 290000
yllcorner 140000
cellsize 50
[rows 74 to 110 of 200, columns 83 to 165 of 200]
106.6 102.8 98.2 93.1 87 82.1 79.4 75.7 72.2 68 65.3 65.4 64 60.4 55.9 53.3 52.4 52.3 49.7 48.8 47.3 46.3 45.7 44.2 44.2 44.6 48.6 51.8 52.7 45.3 43.6 42.4 40.4 38.5 36.3 33.5 32.1 30.5 28.6 27.5 27.3 27 26.6 27 27.5 27.8 27.5 25 23.2 22.5 23.6 19.9 17.7 15.7 14.9 13.8 13.2 11.8 11.6 11.4 10.3 9.3 8.9 9 8.5 6.5 6.5 6 6.7 8.8 8.8 8.4 8.5 8.6 8.3 6.8 6.4 6 5.7 5.7 5.3 5.4 5.6
111.2 107 102.6 96.5 89.4 82.8 77 72.6 68.9 64.6 62.4 63 60.7 60.7 57.4 52.5 51.6 50.2 49.6 49.7 48 46.8 47.8 46.7 46.3 47.5 53.7 56 51.8 47.1 45.5 47.4 48.2 41.4 36.4 34.6 31.4 29.8 28.6 27.4 26.2 25.6 25.2 24.7 24.5 24.3 23 22.3 21.9 19.5 17.6 16.4 15.6 14.8 14.5 14.3 14.2 12.7 12.2 12 11 10.2 8.9 8.3 7.5 6.4 6.1 6.2 5.8 5.8 8.3 8.3 8.3 8.8 8.6 6.3 6 5.7 6 5.8 5.4 5.6 5.8
119.2 112.1 105.3 98.6 93.5 86.3 79.1 70.7 64.6 61.8 60.4 59.4 58 56.4 55 54.4 54.5 54.8 54.9 53 51.3 49.8 50.6 49.4 49.2 50.1 56.5 58.3 52 48.4 48.8 54.3 52.9 47.5 41.8 36.5 32.3 30.1 28.8 27.6 26.3 25.5 24.6 23.7 22.8 21.9 21.2 20 19.7 19.5 17.7 17.2 16.6 16.3 16 15.5 15 13.7 12.8 12.6 11.9 10.5 9.3 8.6 7.8 6.4 6.4 6.6 6.7 6.2 5.8 7.9 8.7 8.2 7.3 5.9 5.9 5.8 6.2 6 5.6 6.1 5.8
127.7 120.1 111.4 102.8 95.8 89.3 81.4 67.4 63.4 62.9 63.5 65.3 64.8 63.4 64.1 65 62.5 61 61.1 60.5 59.2 57.7 54.9 51.8 51.4 51.1 54.7 55.1 52.7 50 51.6 54.5 51 45.3 37 35.2 32.4 30.3 29.2 28.1 26.8 25.6 24.7 24.2 23.5 23 21.2 20.2 19.4 18.7 18.3 18.6 19.2 18 17.5 16.8 15.9 14.5 13.1 12.7 11.7 10.3 9.4 8.4 8 6.4 6.4 6.1 6.1 6.7 6.2 5.8 8 7.8 6.6 5.5 6 6.1 5.9 6.7 5.7 6.3 5.8
134.9 125.9 114.8 103 97 87.6 71.7 66 67.6 71.6 71.3 71.7 73.7 74.6 77.9 76.2 73.6 68.4 69.1 67.9 66.7 63.5 59.9 53.6 53.1 53.2 53.4 54.3 52.9 52.1 53 51.8 48.6 43.3 37.8 34.3 31.9 31.1 30.1 29.4 29.1 28.7 27.3 26.2 25.2 24.4 22.7 21.9 21.1 22.3 21.8 21.6 21.5 20.4 18.8 17.7 16.8 15.1 13.5 12.7 11.3 9.8 8.7 8.4 7.9 6.4 5.8 5.8 5.8 6 6.3 6.8 6.2 6.1 5.5 6.2 6.2 6.4 5.8 6.1 5.9 5.7 5.7
132.5 130.4 120.6 102.7 95.2 80.2 69.3 73.2 76.2 80.4 85 85.9 88 87.4 88.8 87.9 83.2 80.8 78.2 75.2 71.8 66.3 58.4 56.3 56.2 58.4 57.5 56.6 55.1 53.2 54.4 53.6 50.2 44.5 38.8 35.9 33.2 32.4 31.6 31.6 31.5 34.9 38.1 37.8 32.7 34.7 33.9 31.1 27 25.8 25.3 24.3 23.9 21.9 20.3 18.9 17.4 15.8 14.1 12.6 11.1 9.6 8.6 8 7.4 6.2 5.5 5.6 5.7 6 6.4 6.6 6.4 6 5.7 5.7 6.5 6.4 5.8 5.8 5.7 5.7 5.7
115.1 116.2 112.4 101.8 86 74 72.9 78.8 84.8 93.2 97.1 102 102.6 100.9 98.7 96 90.2 89.3 88 81.8 74.5 63.3 59.8 59.3 60.9 62.6 61.4 60.2 57.5 55.1 56.4 54.9 52.1 47.6 43.1 38.9 36 34.5 33.8 33.9 34.7 41.7 46.1 46 45 47 45.9 44.1 38.9 31.9 27.9 26.6 25.1 23.2 21.8 20 18.5 17 15.2 13.1 11.5 10 8.7 7.6 7 5.8 5.8 5.8 5.7 5.6 5.6 5.7 6 6.2 5.8 5.8 5.6 6.3 5.9 5.8 5.7 5.6 5.6
97 97.5 96 88.3 77.4 72.8 81.4 89.1 95.2 98.8 102 104.7 106.8 106.5 105.7 99.9 96.3 96.4 94.8 86.4 69.2 66.4 70.9 69.7 68.7 68.1 66.4 62.4 60 58 59.7 57.6 53.5 48.9 44.3 41.7 39.5 37 35.9 35.7 37.6 47.2 50.3 51 50.7 51 49.1 46.4 41.2 34.7 30.1 27.7 26.2 24.5 22.7 20.9 19.3 17.9 15.9 13.7 12 10.5 9.2 7.9 6.6 6.1 6.1 6.2 5.8 5.7 5.5 5.5 5.7 6.5 5.6 6.1 5.9 5.4 6 5.8 5.7 5.6 5.6
87.9 85 82.7 78.6 77.3 76.7 77.4 83.9 91.8 95.8 98.6 100.1 100.7 100.4 98.9 96.2 94.4 94.8 97.9 85.7 69.3 76.6 82.9 84.7 82.1 77 71.6 68.4 60.6 60.8 62.6 60.1 55.3 50.3 46.4 46.1 43 40.9 38.4 38.3 40.9 49.1 53.1 53.5 53.9 52.9 50.2 45.5 38.2 34.3 30.9 29.1 27 25.6 23.5 21.7 20.2 18.3 16.8 14.4 12.7 10.9 9.5 8.1 6.7 6.5 6.5 6.2 5.9 5.9 5.6 5.3 5.9 6.5 5.8 5.4 5.8 5.7 5.7 4.9 5.6 5.6 5.5
97.8 93.7 88.7 86.2 84.8 83.6 83.6 84.3 84.9 87.5 91.8 95.2 97.2 96.9 94.7 92.6 90.2 89.8 88.5 85.5 70.3 83.2 95.8 94 91.7 85.7 79.2 70.1 63 65.2 64.9 62.1 56.9 52.3 51.8 50.9 49.9 46.3 43.3 41.8 44.2 51.8 56.1 56.7 56.1 54.1 49.4 41.4 36.5 34.5 32.6 31.9 28.9 26.8 24.6 22.5 21 19.5 17.5 14.8 12.9 11.1 9.4 8 6.7 6.7 6.8 5.9 6 6.1 5.8 5.6 5.6 6.1 5.6 5.4 5.4 5.4 5.5 5.7 5.6 5.3 5.1
105.4 102.4 98.4 94.5 91.9 89.9 88.7 89.2 89 90.6 91.2 93.9 96.4 95.2 92.1 88 84.5 83.9 80.1 74.3 71.8 82.8 90.8 91.6 90 85.5 79 68.7 64.1 67.6 67.1 64 59.9 58 56.8 56 53.8 50.3 47.2 45 46.8 55.7 58.4 60 57.5 51.9 45.2 40.9 38.7 36 34.4 32.1 29.7 27.7 25.8 24.2 21.9 19.8 18.1 15.2 12.8 11.2 9.5 8 6.9 7 6.6 5.8 6 6.3 6 5.9 6.3 6.1 6.6 5.4 5.5 5.6 5.7 5.6 5.6 5.1 5.1
122.6 115.6 111 108 106.1 101.8 99 96.1 94.8 94.5 94.8 95.8 96.8 96 92.9 89.8 85.6 81.3 77.1 76 77.4 80.8 85.2 85.7 83.2 79.1 75.1 67.6 67.4 69.5 69.1 67 64.9 63.3 62.3 60.2 57.4 53.7 50.3 47.5 48.6 56.8 61 60 55.9 48.8 43.8 41.6 39.9 37.6 35.3 33.3 31.1 29.5 27.6 25.6 23.2 20.6 18.3 15.6 12.7 11.1 9.7 8.2 6.9 6.7 6 5.8 5.8 6.3 6.2 6.1 6.4 6.5 6.7 6.2 5.6 5.7 5.6 5.5 5.6 5.3 5.7
138.9 134.3 124.4 121.3 122.1 116.8 110 105.1 102.4 99.4 98.4 101 101.8 100.5 98.8 96 91.8 85.3 78.1 79.9 84.1 86.1 86.9 84.8 81.2 77.9 71.7 69 71.4 71.7 70.9 70.6 70 69.5 66.9 64 59.4 55.3 51 49.2 51.5 60.2 62.3 59.1 53.7 48.7 45 43.1 41.2 38.6 36.4 34.5 32.6 31.9 30.1 28.1 25.8 22 18.9 15.1 13.2 11.4 10.1 8.8 7.4 6.3 6.2 6 5.7 5.8 5.9 6 6.3 6.6 6.5 6.1 6 6.1 5.8 5.4 5.6 5.6 5.1
152.4 148 145.8 140.1 134.6 126.9 117.9 112.6 112.8 105 104.3 105.9 107.6 107.6 105.7 101.5 94.6 82.6 81.7 96.2 94.9 91.9 91.2 89.1 85.2 82.4 74.6 72.7 75.6 75.6 74.8 76.5 74 72.8 71.2 66.2 61.5 56.8 53.3 51.9 54.9 60.8 63.2 60.1 54.4 49.2 47.3 45.4 43 40.3 37.9 36 35.5 34.6 32.7 30.6 27.5 23.8 19.9 15.7 13.4 12 10.3 8.8 7.7 6.8 6.4 6.2 5.9 5.8 5.8 6.1 6.4 6.7 6.1 5.7 5.8 6.2 5.6 5.9 6 5.3 5.3
168.7 165.5 159.8 153.7 146.4 135 124.5 119.3 117.4 111.5 111 115.3 113.6 114.4 107.9 93 86 93 93.6 103.3 106.9 102.1 100.3 94.7 91 87.9 75.3 80.1 80.7 82.4 82.5 76.9 77.4 77 71.4 67.4 64 60 58.1 56.4 57.5 60.4 61.2 58.8 53.3 51.5 50.7 49.5 47.6 44.3 39.3 39.7 39.2 37.8 35.5 33 30.2 25.7 21.2 18.7 15.9 11.8 10.2 9 8.1 7.7 7.4 7.2 6.9 7 7.1 7.1 6.4 6.2 6.5 5.8 5.6 5.6 6.4 5.9 5.8 5.4 5.5
182.8 179.2 174.6 165.7 155.5 142.6 132 125.2 120 115.9 118.6 119 112.2 100.4 93.1 93 99.3 108.4 99.2 110 114.5 115.1 109.6 105 100 93.1 78.6 88.6 87.6 89.2 95.2 87.2 83.1 80.4 77.8 70.6 67 64.6 63.7 61.4 61.3 62.2 62.1 58.1 56.2 55.6 55.3 54.3 52.1 49.5 44.7 45.3 44 40.7 38.7 37.1 34.1 28.1 24.1 22.3 19.5 14.7 10.9 9.3 8.4 8.8 8.8 8.7 8.5 8.6 8.7 8.1 7.5 7 6.7 6.7 5.9 7 7.2 5.8 6.4 5.8 5.9
193.3 189.3 183.3 174.9 165.5 154.9 143.1 131.4 122.1 125.2 127.6 124.9 107.1 103.2 107.2 107.7 113.2 114.8 106.8 122.3 124.1 124.3 117.9 115.3 106.7 93.6 80.4 92.8 94.1 94.8 101.2 97.6 87.5 83 78.1 73.6 71.2 70.2 66.5 63.8 66.3 66.7 67.9 63 59.1 59.9 61.6 61.1 56.3 54.9 50.8 50.4 47.9 44.1 43 39.2 34.1 30.2 26.8 24 20.6 15.7 12.5 10.7 9.6 10.3 10.4 10.5 10.2 10.1 9.8 9.5 9.2 8.7 8 8.5 7.3 7.4 7.2 6.8 5.8 6.5 6.3
203.4 198.7 192 182.3 174.9 166.3 146.4 129.4 126.2 136.3 132.1 119.9 105 115.4 122.6 120.4 119.2 117.6 112.6 122.2 126.8 121.6 116.3 106.4 99.4 91.2 82.6 101.4 101 99.2 100.6 100.1 93.3 85.4 80.3 78.5 76.7 75 71.6 67.8 71.7 72.5 71.9 66.5 63.9 75.8 70.8 69.8 65.8 63.2 58.7 55.2 51.9 50.9 48.5 42.8 36.5 33.1 30.7 23 20.5 16.8 13.8 12.4 11.4 11.5 11.9 12.2 11.9 11.8 11.5 11.2 10.8 10.4 9.2 9.3 7.7 7.1 7 6.7 6.5 6.4 5.9
214.2 206.9 199.4 189.3 182.4 166.6 145.7 128 139.1 144.8 136.1 117.3 111.5 128.5 135.9 134.3 130 124.7 118.6 119.8 121.5 118.2 115.6 116.6 114.5 94.1 89.7 108.1 108.3 106.1 104.6 101.8 96.1 88.7 85 82.1 79.1 78.1 75.4 72.5 76.3 78.3 77.1 67.5 70.3 89 85.3 82.8 78.9 71.5 65.2 59.9 60.9 57.9 53.2 46.2 40.6 37.5 32 26.7 22.8 18.2 16.5 14.9 13.8 12.4 12.9 13.9 13.9 13.9 13.5 13.1 12.6 12.2 9.4 10 8.2 7.8 7 6.6 6.2 7 6.5
216.6 210.2 202.1 189.9 178.1 159.2 141.5 138 149.8 150.9 141 120.6 124.1 144.7 146.8 145 138 130.4 125.5 125.1 125 122.5 120.7 121.6 106.1 89.5 104 119.5 119.5 118.5 114.5 106.7 100.4 94.9 91.5 87.6 84.5 81.4 78.4 78.4 82 85.3 83.5 68.8 82.2 97.9 97.7 95.2 90 80.2 75.7 69.2 72.3 65.1 58.3 54 49.6 44 31.5 26.9 25.1 21 19.4 18 16.1 14.5 13.5 15.6 15.9 15.8 15.5 15 14.3 13.6 11.4 12.1 10.4 7.9 7 6.6 7.3 7.7 6.6
219.4 212.4 201.9 186.2 170.2 153.2 140.5 150.5 159.3 155.5 145.9 121.4 134.5 152.1 155.1 153.1 146.8 139.8 135.5 132.8 131.6 129 123.9 112.9 94.3 103.2 118.7 127.5 128.2 127.2 120.8 114.1 110 103.7 98 94.2 90 85 82.3 82.9 83.6 86 78.3 75.3 88.5 99.9 98.3 97 90.5 83.4 72.7 77.6 85.6 75.2 64.9 61.8 57 51.4 47.7 44.7 32.3 28.3 26.9 22.3 19.9 18.1 15.6 15.9 17.8 17.7 17.4 16.9 16.3 15.1 14.1 12.9 12 9 7.1 6.7 6.8 6.7 6.5
221.4 213.6 200.7 186.8 165.5 148.5 151.9 162.2 167 160.8 143.5 122 146 160.4 164.6 161.8 155.4 147.3 143.7 140.4 138 138.7 129.2 104.7 101.2 118.9 130.2 134.8 136.5 136.1 126.9 124.4 121.1 111.4 104.7 99.7 95.4 91.1 89.4 88 87.1 83.3 74.9 82.2 90.1 103.2 98.9 93.8 87.7 82.6 78 78.5 79.6 76.6 72.1 68.4 63.7 60 55.9 52.4 46.7 41.1 33.7 27.5 22.8 20.6 19.6 19.2 19.2 19.5 19.2 18.7 17.3 16.2 14.8 13.6 12.7 10 8.3 6.7 6.6 6.7 6.5
220.1 209.3 197 180.7 161.5 153.3 163.7 172.4 171.8 162 141.1 133.1 155.8 168.8 168.9 166.3 161.9 155.2 151 148.8 146.7 144 122.3 98.5 113.6 127.8 136.6 143.5 145.6 144.1 141 136.5 130.8 120.9 114.3 109.1 102.7 99 95.9 92.6 90.3 84 76.9 89.1 106 113.2 111.4 102.6 93.9 89.4 87 83.9 84.6 80.9 77.1 73.4 70.4 67.8 63.6 59.6 53.4 46.6 38.6 32.1 27.3 23.8 21.4 20.9 20.9 21.7 21.2 20 18.3 16.9 15.5 14.3 13.1 11 9.3 7.6 6.6 6.6 6.6
216.6 205.3 191.9 178.9 163.2 164.6 176.8 181.1 171.7 155.3 135.5 143 163.4 174.7 172.7 169.1 164.6 159.4 156.5 153.9 149.7 140.9 115.8 104.7 124.6 138.2 145.6 152.8 152.3 151.2 146.7 143.1 137.2 129.7 123.7 117.1 109.4 106.3 103.4 98 91.7 83.8 79.9 93.9 102.5 108.6 115.6 111.8 107.1 102 94.7 90.5 90.1 87 82.3 79.1 77 74.2 68.9 63.5 57.1 47.4 40.7 34.3 29.2 25.4 23.8 23.3 24.3 23.1 22.8 22.4 20.5 17.9 16.2 14.9 13.6 12 10.1 8.2 7.2 6.8 6.6
219.2 209.5 204.8 185.8 167.2 176.1 184.4 180.4 162 139.1 131.7 152.3 169.6 176.5 171.9 167.9 162.5 161.3 158.3 153.8 147.4 133.7 110.7 112.3 132.4 145.7 153.2 157.6 157.9 158.3 156.9 153.5 146.5 138.8 130.8 122.4 115.6 113.7 110 101 96.4 81.6 91.6 98.3 105.5 113.6 118.9 117.5 115.5 112.5 101.2 99 99 97.8 95.3 89.7 84 79 72.9 64.6 53.9 47 40.2 34.9 30.5 27.4 25 25.6 26 25.5 23.9 23.1 21.5 18.9 17.2 15.7 14.4 12.1 10.2 8.6 7.5 7 6.7
221.9 213.1 204.1 186.8 180.6 187.5 188.1 172.4 147.8 144.7 135.3 158.1 172.5 173.2 166.6 159.8 155.5 154.2 152.5 142.7 128.5 114.8 107.4 112.1 133.5 146.8 154.6 159.1 163.4 164.8 164.2 160.7 155.2 149.3 142.8 135 124.2 117.1 110.1 101.6 88.8 89.7 100.8 108.4 117.4 123.7 128 122.9 118.2 113.1 106.7 120.1 119.2 116.7 112.4 103.5 93.7 85.7 76.9 64.5 53.9 46.1 40.5 35.9 31.9 29.1 28.3 27.6 27.6 27.3 24.6 23.1 21.6 19 17.8 15.7 14.4 12.8 10.7 9.1 8.3 7.3 7
225.9 216 203.2 198 195.5 197 182.4 159 152.9 151.8 139.7 159.9 172.8 169.7 158.7 151.6 146.9 143 137.4 126.9 112.4 123 127.4 116.5 126.1 139.6 150.2 156.5 164 166.1 167.1 165.7 159.6 154.6 149.5 144 136.1 124.7 114.7 101.5 88.4 96 108.5 115.2 124.5 132.3 136.6 131.8 123 115.5 114.8 121.7 129.6 129 126.4 117.7 106.2 93.5 83.3 72.5 60.9 52.5 49.2 42.1 42 40.1 34.4 29.8 28.4 27.8 25.9 23.4 21.6 19.9 18.5 17 15.4 13.5 11.6 10.9 9.9 8.8 8.3
228.9 221.6 215 208.7 205.7 198.5 174.3 160.6 163.3 158.2 144.2 161.2 176.3 171.7 162.8 150.1 141.7 135.8 127.4 118.9 128 138.4 135.2 128.2 124.9 132.9 141.1 149.3 155.9 163 162 156.8 152 148.2 150.3 148.6 141 129.7 114.1 96 93.8 99.9 110.3 118.1 126.3 132.9 137.9 134 127.8 118.8 116.4 119.8 125.9 127.8 127.6 123 115.6 103.1 91.1 83.1 74.2 63.5 57.7 54.2 55 47.9 40.5 31.9 33.5 34 31.2 25.7 22.7 21 19.5 18.2 16.6 14.8 14.3 13.2 11.9 11.4 10.8
233.7 228.3 222.6 218.4 211.4 195.5 170.5 171.3 173.3 164.9 146.3 166.7 180.2 179.8 173.3 161.2 147.3 140.7 133 123.7 130.9 146.6 145 137.7 135.9 137.5 142.5 147.3 151.2 152.4 148.8 141.9 139.1 138 136.1 130.3 122.9 114.9 102.7 95.2 99.8 105 111.5 120.7 128.6 135.7 138.4 133.1 127.3 122.7 120.4 119.1 116.3 113.6 113.5 116.9 113.9 106.4 97.1 89.9 84.7 80.5 72.6 64.8 59.4 55.1 37.5 31.3 38.3 42.9 38.2 34 26.8 23.6 22.1 20.7 19.3 16.9 15.8 15.7 15 14.3 13.7
237.4 234.5 230.5 224.7 214.4 193.4 177 184.9 182.4 168.9 153.6 174.7 187.1 188.4 185.3 174 161.1 149.6 138.9 128.3 133.9 151.7 153.1 150.9 149.4 153.4 154.2 155.3 154.1 150.3 142.7 137.2 131.1 125.9 117.7 112.2 108.2 104.9 105.9 103.4 106.4 111.4 115.7 127 135.3 140.8 140.1 135.8 130.5 127.2 124.6 122.3 115.5 110.6 103.7 100.6 98.4 93.5 91.1 85.4 76.4 69.6 62.8 56.2 50.7 43.3 35.5 37.2 47 51.6 48.6 44.6 36.5 32.3 24.7 23.9 21.9 20 19.1 18.8 18.2 17.5 16
240.3 238 234.2 227.4 216.9 197.9 192.3 196.6 184.2 165.6 165.1 183.3 195.3 195.8 191.9 184.7 172 159.9 148.3 133.1 140 159 163.2 162 161.3 164.8 166.6 165.8 161.3 154.1 147.4 142 135 126.7 122.9 128.3 124.8 123 124.8 118 114.4 118.1 122 131.1 140 147.9 147.3 143.9 138.3 135.4 136.7 132.8 122.9 110.8 101.2 92.7 84.6 79.6 76.5 77.6 72.3 66.5 59.7 50 41 40.4 42.1 44.6 47.7 52 50.4 44.9 39 34 32.2 27.9 26 24.9 23.3 22 21.5 19.9 17.9
243.5 241.4 237.1 231 223.8 214.3 210.6 203 185.4 165.6 174.4 193.9 204.4 205 198.8 210.3 199.5 168.8 154.6 138.8 146.3 165.4 177.8 176 175.3 176.6 176.5 176.2 172.9 169.3 162.8 155.1 149.2 132.5 136.4 141.4 138.9 134.1 132.8 129.6 124.3 129.3 128.9 134.4 142.2 148.5 150.5 150.3 148.5 146 144 138.7 130.8 117.3 103.6 94 92.5 84 74.2 63.7 65.4 63.8 52.8 44 44.4 47.7 54.7 60.7 59.5 55.7 50.8 46.6 43 39.4 37.1 33.6 31.1 28.2 26.8 25.7 24.8 22.6 20.3
243.3 244 240 237.6 233.7 226.5 222.6 209.8 188.7 168.1 185.8 205.6 215.8 215.1 209.2 203 191.4 179.5 161.9 142.9 149.5 171.7 185.7 189.6 190.1 189.1 188.7 188.4 186.2 183.5 178.9 172.9 159.9 137.7 149.5 157.5 155.4 153.7 149.7 140.6 142 143.4 140.2 139.3 144.4 150.6 152.6 152.2 149.9 147.5 144.3 137.3 128.2 117.2 105.9 107.4 106.7 96 81.9 67.7 58.2 52.4 47.6 48.7 58.5 59.3 65.1 68.8 67.9 62.2 61.1 61.6 56.9 49.8 46.3 42 37.3 33.2 30.6 29.4 27.2 24.9 21.7
241.7 245.7 244 244.2 242.4 237.6 232.2 216.8 192.5 179.7 201.1 218.1 228 224.4 219.4 212 201.5 189.6 165.7 145.6 151.4 172.3 190.2 198 201 200.9 200.7 199.9 198 194.3 188.1 178.6 158.7 148.1 164.6 170.5 168 164.4 160 154.3 159.7 159.2 152.8 150.3 150.3 153.1 154.9 153.6 151.1 148.3 145 140.8 132.1 119.6 114.6 113.5 108.8 99.6 86.9 77.7 71.9 61.8 49.3 65.2 83.4 80 78.6 77.2 76.1 70.4 69 79.4 77.4 69 64.1 59.6 51 39.3 34.1 30.9 28.5 26.2 22.7
240.1 246.1 249.1 249.7 249.9 246.2 238.5 221.9 195.9 197.6 218.4 232.1 238.3 234.6 229.4 221.9 213.2 194.5 168.8 150.4 165.3 173.4 187.1 204.9 211.6 211 210.5 208.7 206.5 202.5 196.6 178.6 160.4 162.9 178.8 180.3 178 173 168.1 166 165.9 167.4 167.2 164.8 162 159.1 157.3 155.5 152.9 149.3 145.7 137.4 130.2 126.6 127.2 126.6 117 105.2 92.3 86 79.9 63.1 51.1 72.5 94.8 95 90.6 87.4 83.3 79.8 75 76.1 82.3 83.8 80.2 76.1 68.2 48.9 36.8 34.1 32.2 28.4 23.6
238.2 245.6 252.3 255 255 252.3 244.1 225.2 207.2 220.2 236.3 244.9 247.9 246.3 241.8 234.8 224.5 198.6 172.4 165.1 181.5 191 197.7 213 218.7 221.5 218.7 216.7 214.1 208.2 198.6 179.2 164.8 175.9 192.4 192.3 189.4 185.7 181 177.3 175.1 174.1 175.5 174.6 171.5 167.3 162.2 157.4 154.6 150.4 144.6 135.4 132.5 135.3 136.8 133.2 125.6 115.5 103.2 95.7 89.9 68.8 54.2 76.1 103.4 105.9 99.5 93 88.9 84.5 81.6 82.5 84.4 83 80.6 77.2 67.3 47 42.3 42.2 36.7 32 26.6
233.9 246.3 253.8 259.8 260.3 258.4 249.7 237.4 226.4 238.6 250 257.9 257.9 256.2 252.3 246.5 233.7 202 177.8 177.6 195.9 209.2 213 221.4 227.1 229.1 227.2 224.8 221.5 215 201.7 182.6 171.4 189.2 203.8 204.5 202.6 198.3 194.1 190.5 184.8 180.6 184.4 180.6 175.9 172.6 168.7 161.3 156 151.5 141.8 132.7 136.1 143.6 142.8 137.5 131 125.5 115 104.6 98.3 70.5 54.5 78.1 106.1 116.6 111.6 103.9 96.2 93 88.6 88.3 87.3 83.8 79.9 73.4 60.6 45.1 55.7 58.9 43.7 36 29.8
