data/ST02.asc
ncols 200
nrows 200
xllcorner 300000
yllcorner 120000
cellsize 50
[rows 35 to 69 of 200, columns 0 to 77 of 200]
330.7 329.9 328.7 327.7 326.1 324.3 322.3 319.9 317.4 313.2 308.3 302.9 296.9 290.1 277.1 262.7 251.1 239.5 227 220.8 224.4 243 261.4 270 277.4 280.7 280.3 279.3 275.7 270.5 275 288.2 297.6 302.1 304.3 306.5 308.1 308.6 308.9 308.4 307.7 308 308.3 308.7 309.3 309.7 310.2 310.3 309.4 308.5 306.8 305.3 304.3 303.3 304.1 306.2 308.8 310.1 312 314 315 317.1 320.3 322.6 326 328.7 330.9 332.8 334.8 337.2 339.6 339.3 337.8 336.4 335.4 333.4 330.4 327.9
327.7 326.9 326.7 325.7 324.6 323.1 321.6 319.2 316.2 312.5 308.6 304.3 300 295.3 290 280.7 270.5 252.4 226.5 217.5 241.4 259.1 266.7 272.9 276.2 276 274 269.9 263.1 268.4 281.9 291.7 297.5 301.5 303.8 305.9 306.3 306.6 306.1 305 304.8 305.2 305.5 305.3 305.8 306.2 307 307.6 306.6 304.3 302 300.6 299.5 298.6 299.5 302 304.8 307.1 308.8 311 313.2 316.2 319.6 323.1 326.4 329.8 332.5 334.2 336 338.5 340.6 340.6 339.8 338.6 337.5 335.2 332.3 329.3
323.3 323.1 323.2 323.4 322.3 320.4 318.5 316.6 314.6 311 307.3 303.6 299.7 296.1 292.1 287.3 275.7 253.4 226.3 215.1 247 261.1 268.2 273.1 273.3 269 261.1 256.2 266.1 279.5 287.5 293.2 297.2 300.4 302.8 303.9 304.1 303.9 302.8 301.7 302 301.5 301.1 301.5 302 303.5 304.6 305.1 303.7 300.4 297.3 296 294.8 294.9 295.6 298 300.7 303 305 307.7 312 315.4 319.7 323.5 326.9 329.9 332.3 335.1 337.3 339.4 341 341.2 340.5 339.3 337.6 334 330.9 327.9
319.5 319.2 319.2 320 317.9 316.4 314.8 312.9 310.8 308.5 305.4 302.1 298.5 294.6 290.6 284.9 273.6 250.2 224.3 212.7 246.5 258.8 266.2 270 267.2 257.8 251.3 263.5 275.8 283.2 288.2 293 296.6 299 300.6 301.2 301.6 300.4 299.2 297.9 297.1 296.9 297.3 297.7 299.8 302.5 303.3 303.3 300.8 298.1 293.5 291.6 290.3 290.7 291.5 294.5 295.6 300.7 304.3 308.3 312.8 316.7 320.3 323.9 326.8 329.8 332 334.6 336.6 338 339.6 340.5 340 338.8 337 333.3 329.1 326.2
315.1 314.7 314.5 314.7 313.9 312.4 310.9 309.1 306.8 304.5 302.1 299.5 295.8 291.2 286.5 280.7 271 245.5 222.1 212.6 235.9 254 261.5 264.5 259.9 245.5 253.5 267.1 275.9 282.2 286.9 291.3 295.1 297 297.7 297.5 297.1 296.4 295.2 292.4 292.5 292.9 293.2 295 299.9 301.8 302.7 302.1 299.1 295.1 290.4 286.9 286.2 286.3 289.6 293.4 297.8 302.6 307.1 311.1 314.9 317.9 321.6 324.2 326.8 329.6 331.8 333.6 335.1 336.5 338 339.4 339.6 338.1 336.5 332.6 328.4 324.3
309.7 309.2 309.2 309.8 309.8 308.4 306.9 305.4 302.9 300.5 298 294.7 290.9 286.5 281.7 275.4 265.4 239.8 220.4 211.8 226.9 241.9 249 250.6 246 241.2 255.3 269.6 276.6 282.4 286.6 291.1 293.6 294.2 293.8 293.1 292.7 292.2 291.2 287.8 287.1 287.8 290.8 295.5 299.1 301 301.7 300.7 297.7 293 287.8 283.6 282.6 286.2 291.6 295.8 300.4 304.8 309 313 316.4 319.1 321.2 323.7 326.2 326.9 328.1 329.8 333.1 334.9 336.4 337.5 338.5 337.4 335.7 331.6 327.2 322.3
304.2 303.8 304 304.9 305.2 304.4 302.9 301.4 298.8 295.6 292.3 288.9 285.1 279.9 274.5 268.3 258.8 235.1 215.9 211.3 217.9 227.2 232.9 234.9 231.9 247.4 264 272.6 278 283 287.4 291.1 291.8 290.6 290 288.9 288.4 287.8 287 285.7 284.4 286.9 291.4 295.7 298.4 299.4 299.5 298.4 295.9 290.8 284.7 279.7 282.8 287.4 293.2 297.6 301.7 305.2 309.5 313.3 316.3 318.6 320.4 322.5 323 323.7 324.7 325.7 329.1 332.2 334.8 336 337.3 336.7 334.2 330.9 328.2 325.3
298.8 298.4 299.2 300.1 300.5 299.8 297.6 295.7 293.1 289.9 286.7 282.9 278.6 273 267.3 262 251.3 229.5 207.3 210.4 218.2 223.6 230.3 234.7 239.5 257.7 265.6 273.7 278.6 283.6 288.4 290.9 290 287.7 284.8 284 283 282 281.7 281.1 280.9 286.8 292 295.9 297.8 297.9 297.3 295.9 293.2 287.7 279.9 278.3 285.5 290.2 294.4 298.6 301.9 305.6 309.7 312.9 315.8 318 319.4 319.3 319.6 319.2 318.4 320 327.1 331.2 334.5 335.8 336.5 336 334 331.5 329.2 327.1
292.3 293.4 294.5 295.3 295.6 294.7 292.1 289.6 286.9 282.1 278 276.1 270.7 265.6 259.6 254.2 238.9 216.4 207.7 218.6 227 234.6 243.3 253.1 254.2 258.3 267 274.3 279.6 284.5 289.1 288.3 286.6 283.6 279.5 276.9 275.9 276.1 275.8 275.7 279 287.3 292.3 295.9 297.3 296.6 294.4 292.7 290.3 284.9 274.4 281.6 288.7 293.2 295 297.3 301.1 305.7 309.2 312.1 314.8 316.3 317.1 315.5 313.5 311.8 314.6 322.2 328.9 332.4 334.9 336.6 336.7 335.6 334.5 332.2 330 327.9
286.4 287.8 289.1 290.2 290.8 289.2 286.7 283.1 278.7 271.3 266.1 261.9 258.3 256.4 248.8 231.8 218.1 203 216.4 228.8 238.8 247.4 256.3 266.5 265.6 267.2 271.6 275.5 280.2 284.5 288.1 285.9 283.7 278.9 274.2 270.4 270.4 271.7 270.4 273.6 282.2 289.2 293.2 296.9 297.2 294.4 291.5 289.5 286.6 279.7 271.9 283.7 290.1 292.6 292.3 296.1 301.6 305.7 308.7 311.3 313.1 314 313.7 310.1 305.8 308.9 319 326.8 331.2 333.4 335 336.6 336.6 335.5 334.2 333 330.7 328.5
280.4 281.9 283.4 284.5 285.7 283.8 283.5 277.1 271.1 263.6 257 247.6 241.8 240.6 234.1 219.8 203.8 212.8 229.8 241.7 250.5 258.7 266.6 274.2 274.3 274.3 276.5 279.7 280.4 283 286.9 284.4 281.6 277.2 269.7 263.4 261.5 263 271.9 281.7 287.6 291.4 295.3 295.5 293.7 290.5 286.6 283.4 280.2 273.1 273.6 279.6 284 288.1 291.9 296.9 301.3 304.7 307.6 308.6 309.7 311.2 309.2 300 301.8 313.7 323.3 329.9 332.2 334 335.2 336.6 336.6 335.3 333.8 332.4 331.2 329.1
274.1 275.9 279.2 280.3 281.7 281.3 278.8 273.2 268.4 265.4 263.8 261.5 255.3 243.5 222.1 207.1 207.3 225.4 245.3 257.7 263.9 270.8 275.4 279.6 279.4 279.9 280.4 283 283.3 284.3 286.4 284.4 282.2 277.7 267.2 253.4 264.3 275.5 282.5 286.8 290.4 293.1 293.7 291.8 288.2 284.6 280.9 277.1 273.5 268 271 278.2 284.7 290.6 295.3 298.1 301.3 302 301.9 302.1 303.1 304.1 298.8 294.6 308.7 320.6 326.5 328.6 331.2 333.7 335 335.6 335.6 334.1 332.5 331.9 330.9 329.2
267.8 270.4 274.2 278 280.2 281 278.9 275.6 275.8 275.9 275.3 273.7 270.1 258.6 226.2 203.8 213.3 232.8 256.5 267.7 273.2 278.7 282 283.6 283.6 284.2 285.2 285.8 286.3 287.2 287.2 286.1 284.1 280.8 266.1 251.7 263.4 277.6 285.6 290.1 292.7 292 289.1 285.3 281.5 278.6 272.7 267.7 263.5 268.4 279.1 287.4 290.1 293.4 296.6 299.6 298.1 296.7 295.6 294.4 293.6 291.3 287.8 302 315.6 322.1 324.7 326.9 329.4 331.9 332.6 333.3 333.5 332.8 331.6 329.6 328.7 328.1
262 268.2 274.1 278.4 281 282.4 282.8 280.9 281.2 281.4 280.3 278.5 273 251.8 221.5 201.1 215.3 237.4 259.9 272.4 277.9 282 285.1 286.8 287.8 288.5 289 288.6 288.2 288 287.5 287.9 287.3 283.5 262.9 243.8 259.5 276.3 286.8 290.5 289.3 286.4 282.4 276.8 270.8 266.3 260.9 261.9 271.2 281.3 288.8 292.1 294.2 295.9 296.8 297.8 294.8 292.5 285.3 280.9 277.8 285.4 296.6 308.4 316 319.7 322.6 324.8 326.7 328.6 329.4 329.8 330 328.9 327.3 325.8 325.2 323.9
259.4 267.6 273 277.9 280.6 283.3 284.8 286.1 286.7 287 285.6 281.2 266.3 240.6 213.3 198.1 216.6 239.8 262.2 272.8 280.3 284.1 287.1 289.2 290.5 291.3 290.4 289.2 286.9 285.4 284.9 284.6 283.7 281.1 260.5 243.4 255.3 269.9 280 283.2 282.2 278.4 271.5 264.8 259 253.8 261.8 272.6 283.1 289.1 292.7 294.8 296 296.4 296.4 294.7 292 282.8 270.6 273.2 284.8 297 304.1 310.4 313.8 317.4 319.1 320.6 322.6 324.6 325.1 325.3 324.8 323.4 322.4 321.3 320.3 318.4
258.2 265.7 271.2 275.8 278.8 281.9 284.5 286.5 286.5 286.3 284.1 277.8 255.4 229.2 203.3 197.9 219.6 242.7 265.9 275.3 281.2 285.6 289 291.5 292.4 292.1 290.6 287.7 284.5 281.9 278.8 277.4 275.7 270.6 258 236.5 245.7 252.7 264.3 272.8 270.9 267.5 261 254.1 253.9 263.5 272.9 282.8 288.3 291.8 294.1 295.9 296.4 296.4 294.1 291.3 283.3 268 265.8 277.2 288.4 298.6 304.3 310 313.6 315.5 314.6 316 318.3 319.7 320.1 320.4 319.8 317.6 316.3 314.7 313.9 313
256.3 263.1 268.9 272.9 276.3 278.9 280.6 281.9 282.3 279.2 274.7 264.2 242.9 218.9 196.1 203 224.1 246.5 266.2 275.7 281.3 285.7 290.1 292.2 292.5 290.1 288.1 285.4 280.5 275.3 271.2 268.6 265.8 256.1 242.6 229.8 231.1 235.9 246.1 255.3 257.8 253.1 248.2 253.3 262.7 274.3 283.6 288.7 291.3 293.3 295.1 295 294.9 294.9 291.8 287.5 274.7 256.9 266.4 279 290.1 298.5 304.6 309.5 312.8 312.8 311 312.1 313.5 314.6 315.2 315.4 314.8 312.5 310.1 308.1 306.7 304.7
250.8 260.3 266.1 269.7 272.8 274.1 275.2 274.7 273.3 269.9 262.8 251 229.6 206.2 190 209.5 230.5 251.2 269 277.2 283.1 287.3 291 292.5 291.2 288.1 285.5 280.7 274.7 268.9 263.4 256.3 247.5 235.8 225.4 240.4 249.8 237.9 238 242 244.6 246.7 254.8 263.9 272.9 284.8 289.6 291.5 293.3 293.5 293.9 293.9 293.5 293.4 289.4 286.1 268.4 252.1 266.1 279.9 290.4 298.8 305.2 309.6 310.9 309.4 306.2 306.2 306.9 308.5 310.1 310.4 309.7 307.1 304.4 301.1 298.3 296.2
243.6 256 262.5 265.5 267.1 267.9 268.1 266.5 263.6 256.4 244.1 229.6 212.3 194 196.3 217.9 237.6 258.3 274.5 281.2 286.2 290.2 292.3 293.2 289.9 286.2 280.8 274.9 267 260.4 253.3 240.1 229.4 220.4 236.5 254.1 263.8 257 251.5 250.9 254.3 261.6 270.2 278.3 285.5 288.9 291.4 292.2 292.4 291.8 291.1 290.8 291 291.2 289.5 285.2 263 246.5 259.1 280.1 290.6 299.2 303.9 305.9 305.4 302.2 299.8 299.6 300.2 301.9 304.7 305.7 306 302.4 298.7 295.7 291.9 289.2
242.7 246.5 256 258.7 259.8 260.4 260.1 257.2 252.2 238.8 226 210.9 194.4 188.9 206 227.2 247 266.8 279.9 285.4 289.8 291.9 292.6 291.2 287.8 283.4 275.9 265.2 252.9 245.3 236.6 225.6 215 229.6 248.9 263.7 268.1 269.4 270.2 272.7 275.4 279.8 285.6 288.1 289.2 289.8 290.2 290.4 289.5 288.1 287.3 286.9 287.2 287.5 288.1 285.6 265.1 244 251.7 268.6 284.2 293 297.9 298.9 298.7 297 295.3 292.1 293.8 296.3 300.5 302 301.3 299.4 295.2 290.8 286.1 282.5
240.4 229 245.8 251.6 252.5 252.5 250.6 247.1 240.2 224.8 208.5 193.4 187.5 195.8 216 236.4 256.6 275.7 285.3 289.5 292.5 292.7 290.5 287.7 284.8 278.8 267.8 251.2 238.5 230.5 222.3 214.9 216.7 240.1 256.7 264.7 269.3 273.3 275.8 279.3 282.9 286.7 288.3 289.4 289.6 289.2 287.7 286.5 286.2 284.1 281.8 280 281.5 283.2 283.9 283.2 270.3 244.9 241.5 255.9 273 287.3 291.3 292.8 293.9 293 291 287.8 286.2 292.2 296.3 298.4 297.5 296.5 292.1 288.4 282.5 274.3
231.9 222 228.3 238.7 240 240.2 239.3 235.9 229 210.9 194.5 186.3 188.1 206.2 226.2 247.6 269.2 282.3 288.8 291.4 291.4 288.8 286.5 283.4 280.1 271.6 256.7 242 230.2 219 212.8 208.6 219.8 240.7 255.9 263.3 269.1 274.2 277.2 281.9 285.4 288.1 289.8 289.6 289.4 287.1 283.3 280.9 278.1 275.6 273.3 271.8 274.7 277.7 278.9 277.7 271.2 251.2 235.4 245.6 264.1 280.5 284.5 286.8 288.1 287.6 284.8 282.2 280.7 288 292.2 294.2 293.9 293.1 290 286.6 281.5 273.6
211.8 209.7 207.9 213.6 217.3 221.5 224.7 223.1 216.1 197.9 184.7 181.2 195.8 214.4 234.1 253.5 272.8 282.5 286.9 287.7 285.7 283.6 278.6 274.8 268.4 257.7 243 231.8 219.8 209.3 206.3 224.2 235.4 244.2 253.1 261.4 268.1 274.2 279.5 284 287.4 289.6 290.6 290.3 288.6 285.3 279.5 271.4 268.2 266.5 262.5 261.8 266.5 271.4 273.7 272.4 267 256.3 235.7 235.9 254.7 272.9 278 279.3 279.9 277.8 275.2 273.1 275.7 284.3 289.4 291 290.5 289.9 287.3 284.6 280.5 275.8
220.3 209.3 200.3 194.1 194.1 196.6 201.7 210 205.9 187.6 180.5 186.5 203.5 222.3 240.8 256.9 268.8 274.5 277.5 278.1 275.8 269.7 263.7 259 250.6 239.8 229.3 219.1 210.5 202.7 218.3 229.9 238.2 245.3 253.4 262.5 271.4 278.1 281.8 285.2 287.8 290.2 290.7 290.3 287 283.3 278.1 268 258.6 254.1 248.9 253.5 261.8 266.6 268.6 267.3 262.2 255 239 229.6 249.5 266.9 268.2 268.9 263.8 263 264.5 267.2 277.4 283.7 286.9 287.6 287.1 286.8 285.4 282.6 279.3 275.2
236.8 227.4 218.7 210.1 203 194.9 185.3 189.2 190.2 180.7 177.2 191.6 209.6 227 244.9 257.1 265.1 267.6 267.3 262.3 256.5 249.8 243.7 237.9 232.1 225 218.3 212.5 205.8 199.4 211 222.2 234.1 244.8 253.6 263.2 270.8 276.9 281.1 285.8 288.8 290.7 289.9 289.4 287.2 282.5 278.2 270.1 260.4 248.1 239.7 249.6 256.3 260.6 262.2 262.4 257.8 250.1 232.4 227.9 249.1 261.9 263.7 257.8 250.2 260.4 268.2 273.9 279.3 283.7 284.7 284.7 284.2 283.8 282.7 280.3 276.9 271.6
241.5 238.1 234 227.1 220.7 211.3 198.7 183 181.4 177.8 181.4 198.4 215.1 232.5 247.6 255.2 257.1 258.1 254.9 249 241.4 231.5 223.7 219.1 216.3 213.9 209.9 203.7 199.7 201.9 218.4 232.9 244.8 251.9 257.4 264.5 270.6 277.9 282.1 285.8 290.1 291 290.4 289.3 287.4 283.3 279 272 263.8 253.1 237.4 240 249.6 252.8 255.6 255.6 253 242.8 223.5 228.3 247.9 257.8 255.7 245.3 253.1 266.8 273.5 277.9 281.3 281.8 282.4 282.1 281.6 280.9 280.1 277.4 272.6 266.2
238.3 236.6 236.2 234.2 231.6 225.5 211.4 192.3 178.6 177.2 189.4 207.6 223.1 236.8 246.4 248.4 249.3 247.2 242.8 235.5 225.8 215.8 211 210.1 209.2 205.8 200.5 195.9 195.3 213.7 230.6 242.9 249.6 254 260.1 267.3 273.6 279.8 285.2 288.9 292.2 291.5 290.4 287.8 285.7 283.1 278.9 272.4 263.7 254.3 241.8 227.2 235.9 238 243.2 246.5 245.7 238.4 220.1 230.6 247.5 250.1 246.1 239.2 253.7 264.7 271.5 275.8 278.5 279.5 279.8 279.5 279.2 278.5 277.4 274.7 269.9 262.9
226.4 225.1 224.7 224.3 224.7 222.2 216.7 196.6 177.5 180.6 196.7 215.1 227.4 237.9 242.9 243.3 241.1 237.6 231.1 219.8 209.3 202.4 201.3 199.5 196.9 194.4 192.2 198.8 213.9 230 243.2 248.4 248.7 251.4 257.9 265.7 274.9 280.9 286.8 291.1 292 290.3 288 284.5 281.8 279.5 277.7 272.5 266.1 256.4 245 231.7 221.4 220.3 225 234.8 237.6 232.8 216.2 229.9 239.5 238.6 231.8 241.8 252.7 261.9 268.7 273.9 277.2 279.9 278.7 277.4 276.6 276.1 274.2 271.7 267 260.1
210.7 208.8 208.4 208.8 209.7 211.8 208.7 190 175.1 183 197.9 216.7 223.9 232.3 236 236.4 233.6 228.5 218.5 203.2 193.5 189.8 188.7 187 187.4 194.8 204.5 215.5 232.3 240.8 245.9 246.7 244 245 253.9 262.6 271.5 278.6 285.2 288.3 289.5 288.3 284.7 281.2 277.1 275.1 275.3 272.8 266.6 260.3 252.9 242.4 232.3 222.5 213.4 221.3 231.1 228 214.5 220.4 223.4 226.9 237.7 249.1 257.4 265.6 271.9 275.9 278.8 280 278.4 276.4 275.3 275.9 273 270.5 265.6 259
194.6 192.1 191.5 192.5 193.4 196 195.8 183.6 173.8 180.5 189.3 202.1 211.5 218.4 223.9 225 222.3 217.4 204.3 185.5 180.6 187.5 195.1 202.2 209.1 214.8 221.4 230 237.5 242.7 245.1 242.7 234.4 235.6 247.2 254.7 265.8 275.5 282.1 286.2 287 285.1 281.4 277.7 272.3 270.8 273.2 272.3 268.6 263.1 256.8 252.1 245.8 231.9 217.9 214.3 216.9 211.9 216.2 224.8 232 242.9 250.7 258.9 264.9 272.3 275.7 279 280.2 279.6 278 276.3 273.9 276.1 274.1 271.5 267.1 262.3
196.1 194 190.7 184.5 180.8 181.1 180 178.2 173.7 174.7 178 181.9 191.8 202.3 211 213.1 211.3 205.9 188.5 179.5 188.6 200.3 209.5 215.7 220.5 225.9 231.4 236.3 240.3 242.5 242 237.1 225.4 228.3 241.4 251.7 262.1 272.6 279.3 283.3 284.2 282 278.3 271.8 264.7 263.3 269.2 271.7 269.9 265.2 260.4 253.7 242 222 207 208 213.1 218.9 229.2 237 244.6 254.3 262.5 268.9 273.8 279.2 280.8 281.7 280.4 279.2 277.8 274.7 272.8 275.9 276.3 273.8 269.8 265.1
211.9 211.2 208.5 200.7 192.2 187 182.2 177.8 174.1 172.5 173.2 173.5 176.6 185.7 197 202.5 200.7 194.4 177 180.7 195.2 203.6 208.6 214 218.8 223 226.9 230.2 232.6 234.2 233.6 231.2 217.7 226.3 238.7 248.5 257 266.3 275.1 278.9 280.5 279 273.7 265 252.4 258.2 264.4 270.5 272.7 267.5 260 251.1 229.4 210.3 204.7 218.7 230.2 236.8 245.7 254 259.6 265.1 271.2 275.2 277.2 278.8 279.1 278.6 277.6 276.3 274.9 270 271.7 275.1 275.9 275.7 272.5 268
229.4 227.8 225.5 217.4 208.6 202.7 197.8 193.5 183 173.8 170.6 170.9 171.3 174.3 181.8 189 189.8 183.6 174.5 180.1 190 192.9 194.6 198.9 204.1 208.8 215.7 219.2 222.2 223.3 223.4 223 211.8 216.8 226.2 235.9 248.9 258.8 268.1 273.7 276.1 275.8 271.5 259 242.3 248.7 258.8 265.3 269.5 267.1 258.3 242.7 219.1 202.1 211.2 229.4 243.6 250.6 258.9 264.9 269.4 271.9 272.8 272.9 273.6 274.6 274.5 273.6 272.3 271.1 269 264.4 270.8 274.8 276.2 276.2 274.2 271.2
240.3 235.9 229.5 219.8 209.7 200.5 195.2 190.8 182.5 176.1 171.2 168.3 169.5 170.2 173.9 181 181.1 176 172.1 174.7 178.5 180.7 181.9 184.5 188 192.9 198.7 205.5 209 211.2 212.2 211.4 204 208.5 216.3 228.1 243.2 253.6 263.3 268.6 271.9 272.4 268.8 259.8 237.3 233.5 243.6 257.1 264.1 262.9 254.9 233.9 210.4 199.7 216.8 235 247.3 255.3 263.9 268.1 269 269.2 267.8 267.3 267.7 268 267.3 266 264.3 261.6 259.9 261.9 270.2 274.4 276.6 276.8 275.7 272.9
244.8 234.2 219.8 206.3 195.7 189.3 184.5 181.9 178.6 176.3 172.8 169.1 168.1 169 169.3 176 176.8 172.8 171 171.4 173.1 174 175.8 178 179.9 182.7 185.9 189.7 194.9 198.7 200.7 201.6 200.2 207.3 216.1 229.2 242.8 251.6 258 262.9 266 267 265.6 260.8 243.1 223.9 228.8 243.8 258 258.5 248.3 225.6 202.4 204.1 223.7 238.6 249.4 257.4 262.6 263.3 262.5 261.3 259.4 259.3 258.6 258.2 257.1 254.2 251.3 249.7 255.2 264.7 270.5 273.9 276.1 276.9 276.8 274.4
