data/ST08.asc
ncols 200
nrows 200
xllcorner 300000
yllcorner 180000
cellsize 50
[rows 144 to 179 of 200, columns 82 to 163 of 200]
59.3 60.9 63.7 64.3 63.6 62.4 59.3 58.4 56.9 56 55.1 55.9 57.9 58.8 67.7 70.6 71.2 69.9 69.6 67.6 67.6 68.3 67.1 63 56.5 53.2 53.5 53.3 53.2 52.8 53 52.4 51.4 50.4 50 49.2 48.7 48.3 48.3 49.6 50.5 51 51.1 51.9 60.8 66.9 69.3 73.5 74.6 77.1 81.7 85.3 85.6 82.6 77.5 74 71.2 68.6 64.3 63.6 62.9 60.7 59.3 59.6 58.9 59.6 59.2 58.8 60.7 62.4 62.9 63.2 64.7 67.5 70.5 73.7 80 85.8 87.4 89.9 91.8 90.6
57.6 61.1 63.4 62.2 61.7 61.7 59.1 58.9 55.8 55.7 55.2 54.9 58.7 57.8 59.2 65.4 64.5 65.4 62.9 62.3 60.5 60.6 61.3 57.9 52.9 51.5 51.8 52 52.1 52.2 52.1 51.7 51 51 49.5 48.5 48.4 48.6 48.7 48.8 49.7 50 50.5 51.3 54.3 57.9 61.6 61.5 62.7 64.5 67.2 68.6 68.5 66 64.1 62.1 61.6 60.8 58 59.4 57.4 58.4 57.3 59 60.1 61.2 61.2 63.4 64.8 64.6 63.8 63.7 66.2 68.6 69.5 68.2 74.7 77.2 81.9 81.9 83.6 84.2
56.6 60.1 61.4 60 60 60.7 58.8 59.9 54.6 54.8 54.9 54.2 52.2 52.9 53.7 57.1 58.6 59 59.4 57.1 55.9 55.9 55.4 52.2 51.2 49.7 49.9 50.9 50.7 50.9 51.3 51 49.8 49.2 49.9 48.8 48.8 48.9 49.1 49.4 49.1 49.7 50 50 51.5 53.7 54.4 55.8 56.8 56.5 57.5 60 62.4 60.4 56.1 55.6 56.2 57.2 56.6 56.6 57.3 59 59 60.9 61.8 62.2 64.1 66.2 68.9 69.1 66.8 65.3 66.1 68.1 70.1 69.3 70.1 73 77.1 80.7 81.9 82.1
53.9 56.9 58 55.3 56.6 56.8 55.2 54.5 53 51.1 52.6 52.8 54 50.3 50.2 50.5 50.5 52.5 52.1 53.4 52.2 51.9 51.7 51 50.2 49.8 50.7 50.4 49.6 50 50.1 49.8 49 49.1 49.3 49.3 51.8 52.1 50.3 50.6 49.8 49.4 49.5 49.8 50 50.9 53.2 53.4 53.5 53.4 53.7 55.3 55.9 57.6 54.3 54.2 56.2 57.7 56.4 56.6 58 58.8 60.2 64.2 65.9 68.4 70.1 68.4 68 70.9 69.5 67.7 68.8 70.6 73.2 73 73.2 74.1 78.5 82.8 86.1 86.6
49.9 52.3 53.1 53 52 50.7 51.2 50.7 49.3 47.7 47.1 47.5 47.3 47.2 47.1 46.7 46.6 47 47.2 50.6 48.9 49.5 49.5 49.5 49.3 51.1 50.5 49.3 48.8 48.9 48.9 49 48.7 48.8 50 55 58 57 53.4 51.8 50.5 49 49.4 49.6 49.8 50.1 53.2 53.4 53.7 53.6 53.4 53.6 53.9 54.4 55.7 57.7 61.2 61.7 59.9 61.1 61.7 64.2 66.5 68.8 73.5 78.4 80 76.8 73.5 70.3 71.5 72.2 74.4 77.2 78.3 76.1 75.1 74.6 76.7 78.9 81.4 85.8
48.4 48.5 48.8 49 48.6 47.6 47.6 47.8 47.8 47.1 46.5 47.4 48 48.4 53.1 46.4 46.3 46.5 46.5 49 48.2 48.3 48.1 49.1 53.3 51 49 48.2 48.4 48.4 48.3 48.3 48.3 49.1 52.9 58.4 61.8 64.2 59.7 55.5 52.8 48.9 49.2 49.4 49.9 50.4 53 53.5 53.6 53.9 53.8 55.5 57 58.7 61.6 64.5 67 67.5 67 67.3 67.5 70.3 71.8 76.9 80.3 85.5 86.3 84.1 79.6 78.5 74.7 78.8 81.6 84.5 82.4 79 78 75.5 76.2 76.9 78.6 82.7
48.1 47.8 47.7 46.9 46.6 47.2 47.5 47.3 47.5 47.5 47.2 48 48.4 48 52.8 54.1 53.7 53.1 53.2 47.6 52.5 50.6 50 48.7 49.6 48.1 48.4 47.8 48.3 48.9 49.3 49.3 49.3 51.3 55.9 61.7 65.1 67.6 66.2 61.5 58.8 56.7 53 51.7 52 52.5 53.1 53.3 53.8 54 55.5 57.8 60.7 64 67.5 71.5 73.3 72.8 71.2 70.2 70.7 73.7 76.5 80.1 82.8 86.7 87.1 86 82.9 81.8 79.2 81.6 86.3 87.2 86.8 83.9 81.3 79.3 78.8 78.5 78.4 80.9
47.6 47.7 47.2 45.7 45.3 46.6 47.5 46.6 47.6 48.2 47.4 47.5 47.8 49 53.7 54.6 47.6 47.3 47.2 47.3 47.4 47.2 47.1 47.1 47.3 47.6 47.9 47.7 48.3 48.8 49.4 49.9 51.3 53.4 58.8 64 67 70.1 70 66.4 64.2 63 58.9 55.7 54.8 55 54.8 54.1 54.1 56.1 58.8 61.8 65.5 67.7 72.6 75.6 77.5 77.4 74.5 73.1 74.1 76.9 79.2 82.1 84.9 86.2 86.2 84.2 80.4 81.1 83.3 84 84.9 86.6 88.4 87 84.5 82.9 79.7 78.5 78.1 80.3
46.8 47.7 46.8 45.2 44.2 45.5 46.6 47.6 47.1 46.6 46.2 46.3 46.6 46.8 47 48.4 47.2 47.2 47.4 47.5 47.5 47.4 47 47.2 49 47 47.3 47.6 48.2 48.7 49.3 50.5 53.3 55.7 60.8 65.1 68.4 71.2 72 72.1 70.9 69.7 66.4 60.8 60.7 60.6 58.9 57.2 57.6 60.4 62.7 66.2 70.4 74.7 77.8 80.9 82.4 80.9 77.3 73.8 74.7 78.9 81.2 82.7 84.1 85.3 84.5 80.8 78.3 76.6 78.8 79.2 81.9 84.3 88.7 89.3 89 86.2 81.8 78.6 78.7 81.5
45.9 46.5 46.1 44.7 44.9 45.2 45.9 47.2 46.5 45.8 45 44.2 45 46.1 48.1 48.4 49.1 55.5 48.5 48.5 48.4 48.2 49.1 50.9 50.1 48.8 49.1 47.6 48.1 48.7 49.3 52.4 55.3 57.8 61.3 65.2 69.2 71.7 73.7 75.5 75.7 74.8 72.8 67.8 66.9 67.3 64.3 62.1 63.7 65.5 66.7 70 74 81.1 83.2 85.4 86.1 83 77.4 73.6 74.6 78.5 80.9 82 82.4 82.9 82.6 78.8 75.5 74.1 75.2 77.5 80.6 85.5 89 90.6 91.7 89.1 85.3 78.9 78.6 79.5
45.4 45.1 45.3 44.2 45.5 46.2 45.1 46 46 47 48.1 49.4 50 51.2 52.3 53.2 53.3 56.6 56 49.9 50 52.1 54.5 54.2 52.8 53.5 54.2 50.4 48.8 48.8 50.3 54 57.1 59.1 62.4 66.1 68.9 71.6 74.3 76.2 77.7 77.4 75.7 71.5 68.8 69.6 68.4 67.3 68.3 69.4 70.2 72.8 77.2 81.6 83.8 84.5 86.8 82.7 77.2 71.4 71.8 76.6 79.6 80.6 79.7 80.1 80.6 76.9 73.7 73.6 75.6 76.9 80.9 86.3 89.6 92.3 94.3 91.8 88.8 82.4 79 78.2
45.6 44.3 44.2 44.6 45.5 45.5 44.6 46.5 50.8 52.3 53.4 54.6 56.2 58.8 61 62.2 61.9 60.5 57.8 56.8 55.7 57.3 58.1 57.3 56 56.3 55.5 54.2 49.2 48.9 50.9 56.1 58.9 60.7 62.8 65.7 68.5 71.4 74.2 76.7 78.6 78.1 73.3 70.1 68.9 69.9 70.3 70.5 71.4 72.4 71.7 74 77.8 80.1 82.8 84 84.4 81 75.6 69.3 69.2 73.9 77 78.1 77.4 78.5 78 75.6 72.3 71.1 74.8 76.3 81.2 86 89.9 93.7 96 94.2 91.1 84.8 80.6 79.7
45.3 44.2 44.1 44.1 45.9 47.4 51.5 54.4 55.7 57 58.4 59.8 62.9 68.1 68.9 68.3 66.9 64.4 61.5 59.5 59.1 60.6 61.1 60.3 59.3 58.1 56.8 55.3 49.1 49.1 51.9 57.1 60.4 61.5 63.4 65.4 68.1 71 74.1 76.8 78.1 78 75.8 71.7 69.2 68.9 69.4 69.7 72 72.5 70.4 72.1 75.4 78.2 80.4 81.4 81.5 79.1 73.9 68.9 69.2 71.8 74.6 75.4 76.4 76.9 76.1 75.7 72.1 69.1 73.1 76.3 80.1 84.3 88.6 92.9 95.4 94.5 92 86.7 82.3 79.1
44.6 45 48.6 51.4 53.2 55.2 57.9 60.6 61.4 61.9 63.6 65.8 69.3 72.3 72.4 71.6 70.3 67.6 64.7 62 60.5 63.6 64.4 63.7 61.9 60.4 58.5 55.8 50.7 49.3 52.6 59 61.6 61.9 63.4 65.3 67.4 70.3 73.2 76.7 77.8 77 73.9 71 67.1 64.9 65.7 66.7 69.5 69.8 66.6 66.8 70.6 73.8 76.6 79.4 79.9 77.5 71.7 67.8 65.4 69.4 72.1 72.2 74 74.9 74.7 75 71.5 68.9 71.1 77.3 80.1 82.3 86.8 91.4 93.6 93 91.3 87.3 82.8 78.6
48.1 51.6 54.9 57.8 60.6 62.8 64.5 67 68 68.9 69.1 71.5 73.8 75.4 75.6 74.7 73.5 70.7 68.1 65.4 64.7 61.9 67.8 66.5 65.3 62.7 60.1 56.7 52.6 49.1 54.1 59.8 61.5 62.8 63.6 63.9 65.6 68.6 71.4 75.6 76.8 76.1 72.7 68.1 63.2 61.4 61.8 63.2 65.4 66.2 63.5 62.6 66.4 70.6 73.7 76.3 77.3 75.5 71 65.3 64.2 66.7 69.2 70 72.3 72.9 73.2 73.7 72.5 69.9 70.6 74.9 77.8 80.6 85 89.5 91.7 92 90.4 87.7 83.4 77.8
55 58.2 61.2 63.9 66.7 69.4 71.4 73.4 73.7 74.7 75.2 75.9 76.7 77.5 77.9 76.8 75.9 73.7 71.3 69.8 69.3 66.1 66.5 68.7 66 63.4 60.8 58.7 55.5 49.2 54.5 57.8 61.4 61.9 61 60.6 63.4 66.5 69.8 75.5 76.1 75.7 71.8 66.8 60.9 58.4 58.8 60.3 62.3 62.2 59.5 58.9 62.5 66.7 70.8 73.2 76 73.9 70.2 64.8 64.4 64.8 68 69.3 70.7 71.3 71.8 72.3 72.9 72.2 72.5 73.7 76.1 78.7 82.9 87.4 89.1 90.3 88.7 86.2 84.6 80.5
61.3 64.3 66.6 69.6 72.5 74.6 76.4 77.4 78 79.6 79.3 77.4 77.8 78.5 79.5 79 78.1 76.2 74.3 72.7 71 70.9 62.2 68.2 65.3 62.6 60 59.1 58.1 49.1 52.9 57.3 60.8 61.1 59.4 59.3 61.9 65.1 68.9 73.6 75.2 74 71.1 66.5 58.8 56.1 55.9 56.9 58.7 59.1 56.9 56.3 60.1 63.8 67.3 71.2 74.5 72.8 68.9 64.8 64.4 64.1 66 67.8 69.2 69.8 70.3 71.2 71.3 69.1 70.8 72.7 74.1 76.2 80.5 84.3 86.2 86.2 85.4 85.5 84.3 81.7
67.1 69.8 72.1 74.4 76.2 77.8 78.3 80.3 81.1 81.7 81.5 79.8 78.8 79.5 80.1 80.4 79 77.3 75.1 72.6 70.5 70 69 62.3 64.5 61.8 60 58.9 57.4 49.2 54 58.7 59.9 59.3 59.5 59 61.5 63.8 67.4 71.3 74 72.2 70.4 65.4 58.4 54.1 54.5 54.3 55 55.7 54.4 54.3 56.7 60.4 64 68.2 72.2 72.1 68 64.6 64.2 64.1 64.3 66.3 67.7 69.3 69.5 70.5 69.6 68.9 69.8 71.6 72.4 74.3 77.9 82.3 83.9 84.1 83.9 83.1 81.9 81.6
70.4 73 75.1 77.1 78.1 79 80.3 82.4 83.9 84.3 82.6 80.7 80.1 80.6 80.4 79 77.6 76.7 74.3 71.4 69.6 68.5 66.7 62.2 62.5 61 59.4 58.2 56 51.6 56.9 57.6 58.5 57.7 56.4 57.5 61.1 63.4 65.7 69.2 72 71.6 69.3 66.2 60 54.6 54.3 53.9 54.4 54.9 54.7 54.5 54.2 57.8 62.1 66.5 69.3 70.6 68.3 64.4 64.2 64.2 64.3 64.6 66.6 69 69.8 70.1 70.6 69.1 69.9 70.7 72 73.2 76 80.1 82.1 81.4 81 80.4 78.7 76.9
73.3 75.4 77.3 78.8 79.8 81.6 83.6 85.4 86.2 86.4 83.5 81.9 81.8 80.4 79.2 77.9 76.4 75 72.1 69.8 67.9 67.2 65.3 63.7 61.7 60.5 59 55.8 54.5 54.5 55.1 56.4 56.5 55.9 56.9 58.1 60.7 62.7 61.3 66.1 69.8 70.2 68.7 65.7 60.5 55.2 53.9 53.6 54.2 54.3 54.6 54.4 54.2 55.8 58.4 63.6 67.3 68 66.3 64.3 64.2 64.2 65.2 64.3 65.2 68.4 70.1 70.3 70.8 69.2 69.6 70.1 71.3 72 74.1 77.2 79.2 79.1 77.8 77.5 76 74.6
76 77.5 79.1 80.4 82 84.5 86.3 88.4 88.9 87.6 85.3 84.7 83.5 81.7 79.8 79 75.2 72.8 70.8 68.6 66.5 65.4 65.6 64.2 61.5 60.3 57.9 56.7 50.6 54.4 55 56 56 55.2 54.5 55.1 55.2 55.6 55.9 65.8 68.5 68.9 67.6 65.1 59.9 55.1 53.6 53.3 53.4 53.6 53.9 54.3 54.2 56 58 60 63.8 65.8 65.8 64.7 65.5 65.6 65 63.8 64.8 67.7 70.3 70.6 70.8 69.3 69.5 69.6 69.8 70.9 71.5 74.7 76.3 75.9 75.7 75.4 74.3 73.1
78.4 80.3 81.2 82.2 83.9 87.1 89 90.7 90.6 88.4 87.2 86.2 85.5 83.2 80.5 75.9 72.7 70.7 69.3 67.6 65.4 64.9 64.4 63.8 61.9 60.2 48.5 48.5 48.5 52.2 53.3 55.4 55.9 55.1 54.4 53.4 53.9 53.9 54.1 65.9 66.6 67.6 66.4 64 58.7 55 53.4 53.3 53.3 53.8 54 54.2 54.1 55.9 57.8 58.9 59.8 63.2 63.9 64.7 67 65.5 64.5 63.6 64.2 65.3 67.2 69.3 69.2 68.9 68.9 68.9 69.7 70.8 70.6 74.1 76 75.6 73.9 73.5 72.5 70.9
81 82.7 83.2 84.4 86.4 89.1 90.2 91.7 91.5 89 86.7 86.5 86.1 83.1 79.4 76.1 70.6 68.4 67.4 66.2 65.5 65.4 64.4 63.6 62.2 60.4 48.5 48.5 48.5 48.6 52.4 55.1 55.2 55.2 54.1 53.5 53.3 53.3 54.5 61.2 65.2 65.8 63.9 61.5 57.9 54.3 53.8 53.6 53.6 54.9 55.1 55.6 56 55.5 57.8 58.8 59.2 59.8 59.5 65.5 69.5 68.1 64.4 63.7 65.9 65.4 64.8 67.8 68.7 68.8 69.2 69.1 72.3 73.8 74 75.5 74.9 74.7 73.3 71.5 71.5 70.1
83.5 83.4 83.4 85.6 86.9 89.1 90.7 90.3 89.4 86.8 84.2 85.4 85.2 85 81.1 78.5 74.4 73 69 66.4 65.5 65.3 65 65.3 65.8 61.9 59.6 59.1 51.7 51.9 52.2 55 55.1 55 54.2 53.7 53.5 53.8 54.8 57.9 61.5 62.6 62.1 59.3 55.8 53.7 54.1 54 53.9 56 56.3 57 57.6 58.7 61 63 61.2 60.1 64.2 66.7 70.4 71.1 66.6 65.1 67.3 69.9 70.3 69.7 70.8 72.2 72.5 73.7 76.3 77 77.1 74.7 73.9 73.4 72.7 70.4 68.8 68
81.4 81.3 82.3 84.2 85.9 87 89.2 88.6 87.2 85 83.6 84.4 84 83.7 83.6 82.6 80.4 77.7 70.7 66.9 65.7 65.2 65.4 66.4 64.9 64.6 59 58.3 56.2 55 53.2 51.5 55.3 55 54.3 54 54.2 54.4 54.1 54.6 57.1 58.9 58.9 56.8 53.9 53.1 53.2 53.8 54.7 58.4 59.5 60.5 61.8 63 65.1 67.2 67.2 66.9 65.1 66.7 71 74.1 70 68.6 72.6 75.5 75 74.3 76.4 78.4 79 77 76.4 76.3 75.1 73.2 72.1 72.1 71.9 69.7 67.4 66.6
76.9 76.3 79.2 81.8 82.9 85 87.1 85.4 84.3 83.7 83.3 83.4 82.8 81.5 81.3 80.7 80.5 78.3 70.7 67.8 66.6 66.3 63 67 63.9 61.6 60.1 59 56.8 54.7 53.2 51.9 51.5 54.6 54.9 52.9 54.3 55 57.4 54.1 53.8 56.2 56.3 54.4 53.2 52.5 53.7 55.4 58.3 62.6 63.5 64.5 65.1 66.2 68.9 70.9 71.7 69.6 66.5 67.1 70.5 75.5 73.4 73.3 78.3 79.7 78.1 76.8 78.2 79 78.8 76.1 75.1 73.9 72.5 70.4 70.7 69.8 70.2 69.3 67.8 66.3
70.6 70.6 75.6 78.5 79.5 81.5 82.4 81.8 81.3 81.1 80.6 81.7 80.8 79.6 79.2 78.6 77.6 74.9 67.8 64.9 66.7 56.9 56.9 68.1 64 61.9 60.8 60 57.6 54.8 53.5 53.3 54 51.9 51.5 51.5 52.2 59.4 56.3 52.4 52 53.5 53.9 53.3 52.3 53.3 55 56.4 61.7 67 67.8 68.2 68.3 68.8 71.7 74.7 75 71.3 67.7 67.5 70.3 74.7 76.1 77.6 81.6 81.1 77.9 76.4 78.1 76.4 76.2 74 71.1 69.3 70 69.6 67.8 67.4 67.6 67.8 66.2 68.4
62.8 65.1 71.5 74.6 73.8 75 74.9 77.4 75.8 78.1 78.7 79.9 79 77.5 76.4 74.7 74.6 67.6 62.8 62.6 67.5 68.7 70.1 67.9 64.9 62.7 61.5 61 60.9 55.2 54.3 53.4 52.6 51.8 50.9 51.7 51.4 52.2 53.1 58.7 59.2 57.5 53.3 54 54.4 56.1 58.6 63.8 69.1 72.1 71.6 71.5 71.7 74.1 76.3 77.8 77.3 74.6 70.3 69.3 71 73.4 75.8 78.3 79.7 80.9 76 75.7 75.9 75.3 72.2 71.2 68.5 65.6 65.6 65.8 65.3 65.8 66.3 66 68.5 70.3
55.8 61.5 65.3 67.8 67.9 68.6 69.6 70 71.9 74.8 77.2 79 78.4 76.8 74.4 71.3 68.3 64.2 60.8 59.3 65.8 66.2 67.5 65.8 63.9 62.2 63.1 63.5 62.5 59.2 53.8 51.6 50.6 50.7 51.1 54.7 58.5 60.2 59.8 60 60.8 57.9 53 55.3 56.9 59.5 63.1 70 74.6 77.3 77.2 76 76.7 78.8 80.3 80.4 79.6 77.5 74.1 71.3 71.5 71.5 73.8 76.4 78.1 80.7 79.2 74 75.4 72.4 69 67.6 64.8 62.2 62.5 63 63.3 64.1 64.6 64.6 68.5 72.3
49.7 56 57.6 62.9 62.2 62.9 62.8 63.9 68.8 72.5 75.3 77.5 78.3 76.9 73.2 66.7 63.4 57.1 57 57.4 58.3 62.8 63.8 66.6 70.1 70.5 66.4 66.6 65 64.3 58.4 54.5 53 53 52.6 54.1 55.4 56.8 61.9 52.4 52.4 52.4 52.4 59.7 61.8 64.4 68.1 73.7 77.7 80.2 80.6 80 80.6 82 84.6 84.3 80.9 72.4 72.7 71.2 70.9 70.6 72.4 75 77.2 79.8 78.7 73.2 71.6 68.7 66.2 64.4 61.9 58.5 59.9 60.6 61.2 62 63.3 64.2 68.6 70.9
38.7 43.9 47.5 50.3 51 55.8 55.5 54.7 62.3 68.8 72.7 77.2 77.2 76.3 71.2 63.3 57.3 52.6 52.9 58.1 62.8 63.7 64.5 70 73.6 74.4 72.5 70.9 70 66.4 63.6 61.3 59.9 60.7 58.5 59.5 60.6 61.4 63 57 57.3 59.9 62.8 65.7 67.4 70 73.9 78.4 81.7 83 83.3 82.3 83 85 88.4 70.8 70.3 70.3 71 71.3 70.1 70.4 71.1 74.8 73 71.6 68.9 68.8 64.9 60.8 59.3 58.7 59.1 56.2 57.5 59 59.2 60 61.9 65.6 68.5 69.8
37.5 38.7 37.9 41.3 43.8 46.1 47.6 51.1 56.1 62.3 68.7 72.1 73.3 74.3 67.2 59.7 52.7 50.6 53.4 58.2 62.4 68.7 70.8 67.9 74.7 80.3 84 75.9 77.6 73 69.5 67.4 66.6 66.5 64.7 63.9 64 65.7 67.5 67.9 69.2 69.3 71.9 73.4 73.5 75.6 79 81.7 85.6 86.7 85.9 85.2 85.3 88.1 88.1 70.5 70.5 81.3 81.7 74.6 70.1 68.4 68.1 67.5 66.1 65 61.9 59.4 59.2 58.4 58.9 57.9 56.2 55.2 54.9 56 56.8 59.6 62.9 65.8 67.9 69.1
37.2 37.2 37.2 36.9 36.7 37.3 41.3 46.8 53.1 58.5 64.1 66 65.9 62.9 58.1 53.3 50.2 50.2 57.1 62.9 69.7 72.6 74.4 69.6 69.9 81.4 83.7 72.1 70.9 78.9 70.4 70 70.2 72.1 71 69.4 68.2 69.2 73 75.7 78.1 79.9 80.4 79.7 78.7 79.5 81.6 84.5 87.3 87.9 87.2 86.9 86.7 87.9 87.2 86.4 83.5 82.8 79 74.7 69.7 68 65.5 65.5 64.3 61.9 60.4 60.9 62.4 67.2 64.3 59.9 56.9 55 55.6 56.6 58.8 60.6 62.1 64.6 66.4 67.5
41.4 39.6 38 37.4 37.2 36.7 36.6 34.9 47.1 54 58.2 60.7 61.1 59.8 56.4 50.4 48 52.8 60 69.8 75.2 80.1 81.7 70.5 61.8 65.2 60.7 60.8 61.9 74.2 75.2 71.7 72.7 76.1 78.6 76.3 73.6 74.6 76.2 78.7 81.4 83.7 84.4 83.2 82.6 82.5 83.8 85.2 86.6 87.1 86.6 86.3 85.7 85.6 85.6 83.5 82.7 79.5 76.9 73.7 69.6 71.1 69 67.2 67.6 69.5 70.5 70.9 70.8 69.2 63.7 59.7 56.6 56.2 55.7 56.9 57.7 59 60.3 61.8 63.4 64.6
45 42.1 40.7 39.5 38.3 35.9 36 36.5 41.9 50.3 54.1 56.1 55.7 55.7 51.4 47 48.5 56.3 67.2 76.1 82.4 64 62.8 61.2 57.2 45.2 44.9 47.2 59.9 67.8 79.5 72 77.3 79.4 80.9 79 78.1 77.3 78.9 79.8 82.4 84.5 85.7 86 85.2 84.7 84.7 84.1 84.9 85.2 84.9 85.2 85.3 83.2 81.2 80.6 79.3 77.7 75.6 74.5 72.5 74.4 75.6 74 70.9 70.9 70.5 67.6 67.6 66.1 62.1 58.8 55.7 56.3 56.9 58.4 55.6 56.1 58 59.5 61.6 64.5
44.3 44.6 43.3 40.3 39.8 37.2 36.4 36.4 38.8 48.1 49.3 51.5 50.9 49.7 47.8 46.1 49.7 60.3 72.2 79.7 69.7 62.6 61 61.2 58.4 51.3 47.2 47.8 45.9 64.2 77.1 73.9 72.5 79.2 80.8 80.7 79 78 77.7 79.3 81.5 83.5 84.6 84.7 85.1 86.2 83.3 81.3 81 80.6 80.5 81.7 80.5 78.5 75.9 76.7 75.4 75.1 75.4 76.7 77.5 77.1 75.7 73.7 70.1 68.1 66.3 62.7 62.7 61.1 60.8 58.7 53.6 55.8 58.2 57.2 54.4 54.7 55.8 57.2 59.1 64.2
