data/ST13.asc
ncols 200
nrows 200
xllcorner 310000
yllcorner 130000
cellsize 50
[rows 70 to 104 of 200, columns 79 to 157 of 200]
133.1 134.1 139.1 145.7 152.7 160.6 170.6 176.3 182.8 188.5 193.7 199.4 202.5 205.3 207.9 209.5 210.4 210.6 212.2 224.9 242.6 255.3 269.3 281.2 287 293.9 301.3 310.1 317.9 323.5 327.4 328.9 330.2 331.8 333.1 332.8 331.7 330 326.6 323.5 321.4 319 316.6 314.1 310.6 306.6 306.6 305.5 305.9 308.5 310 308.6 305.1 301.6 294.1 289.8 286 284.7 278.8 275.9 275.8 278.9 278.4 275.5 271.3 266.2 263.6 258.3 257.6 252.7 245.5 242 240.9 242.6 248.1 250 248.2 245.8 240.6
135.8 136.8 139.9 142.9 144.2 150.1 158.1 166.5 176.8 182.4 188.5 194.2 197.3 200 202.1 204 205 204.6 208.5 217.9 233.1 250.6 260.5 271.5 276.1 284.9 294.3 302.1 309.2 314.6 319.1 322.6 325.7 328.5 331.3 332.8 331.9 330 327.1 325.8 324.7 322.5 319.9 319.8 316.2 314 313.5 312.4 312.8 313.8 313.5 310.8 306.1 301.5 295.3 290.2 285.3 282.5 276.3 273.1 272.3 270 266.8 264.9 258.2 252.7 249.2 246.4 247 244.4 241.4 235.3 231.5 233.5 236.4 238.1 238.3 235.9 232.3
136.5 139.5 142.3 145.4 146.9 150.2 153.3 160.5 169 176.9 184.2 188.8 192 194.3 196.4 198.2 199.9 198.8 204.2 214 227.4 237.5 249.7 259 262.2 273.7 283.4 290.5 297.4 302.5 309.6 313.6 320.7 328.6 332 333 331.8 328.8 326.8 323.6 323.1 322.9 321.9 321 319.3 320.3 320.2 319.9 318.9 316.1 312.6 310 305.9 300.7 294.1 285.6 277.9 272.4 270.9 267.7 260.6 252.1 246.3 247.6 244 241.7 240.2 240.3 240.5 238.7 234.7 231.2 222.7 224.3 227.6 228.9 227.4 224.7 218.4
139 141.7 145.2 148.8 151.6 154.3 156 158.3 167.7 174.6 179.2 183.4 186.4 188.5 190.6 192.5 193.7 194.7 198.5 207.3 217.8 226 232.5 241.7 250.7 260.6 271.8 279.3 286.5 290.5 298 312 321.9 329.2 335 335.7 331.3 326.2 322.3 319 318.2 319 320.2 320.9 321.1 322.7 323.3 323.3 321.2 317.1 310.6 307.6 303 296.6 289.3 281.2 272.6 265.1 261.5 256.6 249.3 235.1 225.6 225.3 224.7 224.9 224.3 227.2 228.9 226.9 227.7 225.6 216.1 217.8 219.8 219 215.8 213.5 204.7
141.6 143.9 147.8 151.7 155.2 157.6 160.9 161.8 165.7 170.1 172.8 177.8 180.7 182.9 185.1 188.3 190.3 188.5 192.8 200.6 208.7 216.8 225.1 234.4 245.6 254.6 260.3 268.7 271.8 283.8 297.2 313.3 323.6 332.7 335.7 332.5 326.2 317.5 312.5 310.3 309.2 312.2 314.7 317.3 321.9 325.1 324.3 325.3 322.5 317.1 309.3 304.6 297.6 287.5 282.6 277.2 268.6 258.6 246.4 237.9 228.7 220.4 215 213.5 211.5 210.5 208.8 208.9 210.2 213.6 213.8 210.9 203 202.8 205.6 202.4 201.5 194.4 186.1
143.1 145.4 149.7 152.4 155.5 159.2 161.1 161.5 164.1 165.3 168.5 170.9 176.9 177.7 180.3 183.4 184.4 183.9 190.1 199.1 207.9 216.5 225.9 234.9 244.1 250.5 254.1 252.9 270.5 282.1 293.5 310.7 324 331.2 332.9 326.8 316.1 310 305.2 301.1 300.3 304.3 308.2 313.4 319.8 324.1 326.8 325.4 321 315.4 308.3 302.2 295.3 282.1 277.1 271.9 264.1 253.3 237.4 224.8 216.6 210.9 208 201.8 199.9 195.8 194.9 195.1 194.8 195.7 195.4 192.7 188.5 185.8 185.2 180.3 176.8 173.5 171.2
143.4 146.7 149.7 152.5 155.5 157.8 159.9 160.6 160.7 160.8 163.2 167.4 172.2 174.5 178.5 179.9 178.4 179.8 193.6 204 213.4 219.8 228.9 233.8 240.3 244.9 242.7 249 264.7 278.7 291.1 306 319.2 325.1 324.4 318 308.6 301.2 296.5 291 289.6 296.7 301.7 310.3 320.3 327.5 328.6 326.4 321.8 314 306.8 299.9 289.5 278.6 268.2 266.7 258.4 243.8 227.9 223.3 220.3 212.8 211.5 208 207.8 207.7 205.7 202 196.2 191.2 185.4 183.9 184.6 186.8 176.6 175.3 176.6 181.1 191
143 146.3 148.9 150.4 153.7 156.4 157.9 158.4 157 156.8 158.9 162.2 166.6 170.5 173.1 173.5 173.2 178.9 193.6 201.4 207.6 216.4 223.3 229.2 235.8 238.7 230.5 248.7 257.3 267.8 283.6 297.8 313.1 319.3 317.3 309.6 299.9 291.2 283.7 277.5 279.9 289.7 299.6 308.8 318.3 323.8 325.9 325.4 321.1 313.5 305.6 296.4 284.2 272.6 263.7 258.1 252 236.8 223.6 226 228.3 227 223.7 229.2 228.5 228.1 227.4 223.3 211.7 204.3 197.8 197.3 204 202.4 194.6 192.7 199.9 206.8 212.2
142.4 146.2 148.9 151.6 155.1 155.9 156.7 156.3 154.2 154.8 156.7 158.9 162.5 167 169 169.3 171.1 179.3 188.3 194.5 202.3 210.2 217.8 224.1 228.6 225.8 233.2 243.3 252 257.3 273.9 288.3 301.3 312.1 308.3 300.5 290 278.6 270.9 267.2 279.9 289.9 299.3 308.3 315.5 321.5 324.7 323.3 320.4 313.1 306 297.4 285.8 273.7 259.2 248.2 239.1 228 228.6 235.4 238.4 237.2 235 241 243.7 244.1 239.7 234.6 225 214.8 207.9 218.6 230.1 219.9 203.2 205.2 214.4 225.8 231.6
142.9 146.4 149.7 153.1 155 155.9 155.2 153.8 150.1 152.5 156.2 159.5 161.1 161.9 163.7 165.4 169.2 176.5 183.5 188.3 197.5 205.5 212.2 217.9 221.5 217.7 228.6 234 243.7 250.8 262.1 278.7 291.7 299.3 296.2 288.2 276.6 264.7 259 265.6 281.5 291.8 301.7 308.7 314.9 317.6 320.7 320.9 320.6 315.6 309.6 303 293.7 279.9 266.1 250.9 237.7 235.1 242.2 246.1 249.2 249.8 247 250 254.2 254.4 252.7 249.5 238.4 224.8 214 222.2 235 225.3 210.7 215 226.4 237.1 249.3
143.2 146.8 150.2 152.3 153.7 153.7 151.9 149.5 150.1 154.3 156.4 158.1 158.8 159.4 159.4 161.7 165.9 169.8 175.3 186.3 195.8 202.1 207.1 210.4 211.1 208.4 216.2 227 236.5 239.7 248.1 264.7 279 285.4 283.2 271.3 259.8 250.2 261.3 278.7 287.7 296.1 302.3 307.6 310.2 313.2 316.8 320.4 321.1 318.6 314.2 307.8 298.6 282 267.6 250 240.3 245.2 254.6 259 261.9 261.2 257.7 259.4 260.6 261.2 260 255.4 250.2 231.8 222 227.1 237.8 235.8 221.3 223.7 234.1 256.4 274.2
143.3 146.7 150.2 151.5 151.4 151.1 148.9 149.2 150.9 152.6 153.9 154.2 155.2 156.2 156.6 159.5 163 166.4 174.1 187.6 194.8 198.6 200.2 203.1 202.8 200.6 209.4 218.8 227.1 232.3 237.8 249.1 261.8 270.1 264.6 253.1 242 254.6 275.4 287.9 296 301 300.6 301 302.5 305 311.6 315.2 318.9 318.8 316.4 309.1 298.7 278.9 262.7 247.1 251.2 258.3 266.1 272.1 276.4 273.8 268.8 266.3 266.9 268 265.2 259.8 250 240.3 237.7 240.8 247.7 252.2 232.8 228.4 244.4 269.8 283.1
145.4 147.2 149 149.7 149.5 148.1 145 148.7 150.3 149.1 149.9 150.1 151.6 153 154.7 157.4 158.6 165.8 177.6 185.5 190.6 192.3 192.6 195.2 194.3 195.2 204.1 212 219 225.3 230.6 235.7 246.9 253.7 247 235.8 242.9 267.5 285 298.3 300.6 297 292.7 291 293.2 299.7 305.3 310.2 316.5 319 317.4 309.1 298.5 272.9 255.2 256.3 265.4 272.9 280.1 284.4 284.2 282.8 276.9 272.7 274.8 274.1 270.4 264.1 256.6 252.6 252 252.4 257.8 258.8 250.2 240.4 252.6 276.3 287.3
144.7 146 147.3 147.5 147.4 145.8 144.4 146 146.7 146.5 146.1 147 147.9 149.4 152.3 154.1 156.6 163 171 178 179.5 184.5 186 189.4 188.1 189.8 199.4 204.7 211 218.2 224.7 228.4 231.8 237 228.9 230.4 255.1 272.4 285.9 295 292.3 287.1 281.8 278.3 282.3 289.3 297.9 309.3 314.7 320.4 321.1 311.7 293.4 272.9 259 267.5 277.5 285.6 291.4 292.9 291.4 288.9 284.1 282.3 281.1 277.7 271.1 268.2 264.4 263.1 263 264.2 270.8 262.2 248.9 251.5 261.9 275.2 290.1
143.4 144.8 144.9 144.9 144.6 143.5 140.2 141.1 142 143.2 142.3 144 145.1 146.4 149.7 151.4 154.7 159.4 164.5 166.7 170.2 177.3 181 182.3 182 183.8 192 197.8 205.2 212.1 218.3 221.9 220.1 217.4 219.7 236.7 253.2 264.3 274.2 280.4 277.5 267.1 262.3 262.6 274.4 287.2 301.8 311.4 320 325.3 325.2 318.4 304.4 277.1 266.9 278.5 289.4 297.6 298 298.7 299.1 295.3 292.9 291.8 288 282.4 274.2 274.1 273.9 273 272 273.8 277.5 263.1 253.1 256.3 265.7 276.3 291.4
142.1 142.5 142.5 142.5 141.4 138.4 135.7 135.9 138.3 138.6 139.2 141.7 143.2 144.8 149.2 152.9 155.8 156.7 159.9 162.8 168.3 173.4 175.5 176.8 178.6 182.7 187.6 193.1 198.9 206.5 211.8 215.1 211.2 205.5 218.9 232.9 243.2 252.2 257.9 258.7 255.4 249.3 254.4 256.8 256.8 288.8 311.7 318.2 325.9 330.8 330 325.7 307 285 271.2 291.5 302.8 305 312.7 310.6 310.5 309.4 306.7 304.3 298 291.1 285.7 286.3 287.1 284.8 283.3 285.3 280.5 265.6 262.2 265.5 269.6 276.7 290.2
139.7 140.2 140.3 140.2 138.1 135.3 134 135.9 134.7 135.1 136.8 140 143.7 148 152.9 156 156 156.1 157.3 160.6 164.5 168.6 170.1 171.2 173.9 178.7 181.9 186.2 191.8 198.8 207.2 208.5 202.1 201.5 216.4 226.9 232.4 238.4 242.3 240.8 234.6 239.2 248.5 238.3 241.8 273.5 316.1 326.8 335.1 339.7 335.4 328.6 313.9 293.3 274.9 303.8 307.5 315.5 321.5 321.1 323.1 323.5 321.4 318.6 313.5 305.8 300.8 300.5 298.6 298.4 293.9 290.5 284.6 274.3 275.8 277.2 277.6 280.2 289.1
137.3 137.9 137.5 136.8 135.5 131.9 129.3 131.2 131.4 132.8 136.3 141 144.8 151 152.3 153.9 153.7 153.3 154.4 158.1 161.9 164.1 164.2 168.3 171.2 174.1 176.7 181.1 186.1 190.3 198.9 200.5 193 196.3 208.1 219 222.6 227.7 228.7 226.3 233.1 238.3 236.6 236.6 236.6 263.3 301.3 333.2 338.5 346 339.9 332.2 320.7 300.8 288.6 306.4 315.4 326.9 331.6 331.8 334.1 335.2 334.6 330.6 325.4 318.6 313.3 313.7 311.6 309 305.5 299 288.3 287.3 286.5 287.2 284.9 286 287.5
133.5 134 133.4 132.7 130.4 127.3 125.4 130.1 131.4 135 137.6 143.4 146.9 150.8 151.2 150.8 149.9 150 151.1 155.2 157.9 158.3 160.9 163.5 164.2 168.3 174.4 175.7 179.7 184 188.1 186 186 190.1 200.1 203.9 204.8 206.3 213.1 233.6 240.5 236.6 236.6 236.6 236.6 254.4 293.7 332.4 341.4 343.8 341.1 333.4 321.8 305.8 301 311.2 324.7 332.9 339.7 344.7 344.6 344.3 343.3 341.7 335.8 328.5 325 325.3 326.4 319.5 313.7 305.9 296.8 293.6 293.5 291.8 290.1 288.6 285.9
128.8 128.6 128.9 127.7 124.4 125.1 128.6 133.6 135.4 138 140.7 145 146.9 148.3 147.9 146.5 144.2 146.9 149.3 152.2 153.3 154.1 154.9 157.1 159.6 163.1 166.6 168.7 172.8 177 179.7 179.9 180.7 185.9 188.3 194.9 207.9 219.2 234.7 248.5 243.2 242.3 244 240.3 236.6 258.7 299.5 338.7 342.6 343.8 340.6 333.2 321.4 309.7 309 316.6 328.4 337.8 346.4 351.3 349.9 350.7 350.9 350.6 344.9 339 333.9 332.5 330.8 328.2 321.7 311.8 305.1 301.8 299.4 297.3 295.1 291.9 287.5
125.4 122.9 123.1 120.8 122.7 127.6 132.1 135.9 136.5 138.2 140.9 144.6 146.1 145.7 144.2 143.6 143.6 144.2 145.8 148.7 149.9 150.6 153 155.3 157.2 160.5 163.3 166 169.7 171.9 176.6 186.8 196.1 207.7 217.1 222.9 231.6 247.9 258.3 268.5 281.6 294 288.4 277.5 272.3 280.2 323.1 339.8 344.4 344.8 339.6 334.2 327.1 324.1 323.5 326.4 330.6 340.5 347.9 350.9 350.2 349.2 350.9 352.1 348.1 340.2 336.8 333.4 334 331.7 327.2 317.6 310.1 307.5 304.9 302.5 299.7 295.8 289.8
120.9 119.1 118.8 121.2 126 127 130 133.3 135.9 137.8 139.7 141.6 141.8 142.4 141.4 141.6 142.9 145.4 145.2 149 150.1 152.4 155.1 157.8 159.8 162.1 165.7 169.6 175.1 178.8 187 200.4 210.5 224 239.6 248.9 260.1 276.1 289.3 298 307 316.1 321 324.8 324.3 322 329.1 342.3 347.8 348.6 344.3 341 340.4 338.7 336.6 336.8 340.3 344.9 349.5 351.1 349.2 346.4 344.7 345.8 340.9 335.7 333 332.3 334.1 332.5 331 326 319 313.9 309.2 306.1 301.7 297.7 291.2
115.7 116.1 117.8 121.8 124.3 126.8 128.1 130.7 133.9 136 139.8 137.1 136 138.1 138.8 140.6 143.7 146.1 147.8 151.1 152.3 154.5 157.2 159.8 162.5 164.7 169.7 175.2 181.5 187.2 192.1 204.3 218.5 236.5 250.5 266.5 281.7 297.9 313.6 321.3 328.1 336.5 340 341.9 340.6 338.8 339.2 347 352 352.6 351.5 350.7 351.5 350.6 348.7 349.4 348.5 349.9 351.1 350.9 346.5 341.4 337.6 333.5 331.4 328.6 326.6 327.3 328.9 330.9 331.6 330.1 323.1 317.9 312.3 307.8 303.7 298.2 290
115.1 116.3 118 118.9 120.8 124.6 126.1 127.3 130 132.1 134 133.6 134.5 136.2 139.2 142 144.8 144.9 149.3 152.4 154.6 156.5 159.2 161.9 164.6 167.2 173.5 179.5 185.6 192.1 198.6 206.6 220.4 236.5 252.6 268.9 285.3 301.5 320 335.4 344.2 351.1 356.7 359 358.2 354 355.5 361.6 362.2 361 362.9 360.7 360.2 358.9 357 356.6 354.9 353 352.6 348.5 345.9 340.9 333.5 323.3 318.6 317.7 313.6 315.1 319.7 323.4 324 323.8 323.1 318.7 312 306.9 303 297.4 288
121.8 122.7 120.7 120.4 120.7 122.4 124.8 125.3 125.6 128.6 130 133.6 135.2 138.2 140.9 144.2 145.3 146.5 149.3 151.3 155.1 158.4 160.9 163.5 166.1 169.6 176 182.1 187.8 193.4 200.7 208.2 217 232 249.7 266.1 281 296.3 314.4 330.5 345.6 353.5 360.6 370.1 371.9 368.8 368.6 370.5 374.4 375.2 375.5 371.4 368.5 366 364.5 361.3 358.6 354.5 349.7 345.5 341.5 336.8 330.5 319 310.8 304.4 301.3 300.1 302.2 306.9 308.1 310.2 310.1 309.6 307.1 303.9 298.7 293.5 284.9
130 129.6 128 127.5 126.6 127.6 130.8 131.9 132 131.6 134 137.7 140.4 143.5 145.7 148.4 149.7 151.9 153.1 152.8 153.8 158.2 162 164.7 167.6 171.6 177.4 182.7 188.9 193.2 198 204.5 212.4 225 243.1 259.9 275.6 290.5 306.6 323.2 338.2 348.4 357.7 366 374.4 376.7 377.8 377 379.9 382.8 383 379 374.8 372.3 369.3 364.8 360.1 353.3 347.2 341.2 336.4 331.9 326.4 318.3 311.6 302.3 292 289.2 288.1 289.6 295.4 295.9 299.3 299 297.6 298.1 296.7 291.9 284.4
132.9 133.7 133.2 136.2 138.5 134.2 140.6 140.1 141.1 140.7 142.3 143.8 146.2 149 150.8 152.6 154 155.4 156.8 157.5 157.8 160 161.8 165.5 168.9 172.6 176.7 180.6 185.9 189.6 193.7 198.6 207.6 215.3 232.8 251 268.5 283.1 297.5 313.8 328.9 339.5 350.5 359.9 367.4 372.9 375.9 378.6 379.7 382.9 384.7 383.6 380.8 376.8 372 366.9 361.4 353.2 344.9 334.6 328 320.9 318.5 316.6 310.4 300.8 288.3 282.2 278.6 272.5 277 275.4 278.5 280.3 281.3 287.9 290.3 289.1 284.8
132.4 134.1 135.9 136.8 139.1 140.4 142 143.3 144.8 146.3 146.6 148.1 149.9 152.2 153.6 156 157.5 159.1 160.1 160.8 162 164 165.8 167.7 171.4 174.5 174.1 172.6 180 183 183.9 188.8 197.6 212.4 223.4 240.2 258.3 273.3 288.1 302.8 316.5 329.5 341.4 350.4 356.9 363.1 368.1 371.4 374.7 376.8 381.6 381.4 381.1 376.5 371.6 367.1 361.4 352.5 340.6 328.1 317.8 309.2 307.5 310.5 307.6 299.2 285.1 269.6 267.9 258.7 253.3 253.8 257.4 260.2 258.2 272.8 278.4 282.1 282.1
130.4 132.8 134.7 136.9 138.4 139.9 142.4 144.8 146 147 148.6 150.3 152 153.5 155.4 157.1 159.1 160.8 162.1 163.7 164.9 167.5 169.9 171.1 173.9 175.4 169.8 168.3 173.4 173.8 177 185.9 197.1 211.2 221 232.2 245 260.9 276.1 290.8 303.9 315.6 329 338.8 345.1 352.2 357.3 362.7 366.2 368.7 375.8 379.4 380.8 377.4 372.3 366.3 360.2 353.9 345 336 326.1 311.7 297.6 301.2 300 291.8 280.6 262.3 252.8 246 236.4 235.1 237.1 238.7 246.1 254.6 260.8 267.1 271.7
129.3 131.6 134.2 136.5 138.4 140.4 142.4 144.9 146.4 147.8 149 151 152.2 154 155.4 157.6 159.8 161.4 163 165.3 166.2 168.7 171.1 171.4 172.8 170.1 167 164.4 165 172.2 184.6 193.9 197.8 208 217.2 225.5 233 248.1 264.1 278.6 292.9 302.5 313.6 323.7 328.2 338 341.2 349.9 357.2 361 365.8 374.4 378.1 378.9 376.7 370.8 363.9 357.5 350.7 344.5 335.9 322.9 303.5 286.9 283.3 277.2 270 258.3 253.9 254.2 248.7 240.6 227.5 223.7 226 233.4 240.8 247.4 250.6
131.8 133.4 135.3 136.9 138.9 140.8 142.7 144.7 146.3 147.8 149.3 150.5 151.9 153.2 154.5 156.4 158.8 160.6 161.9 164.5 166.3 167.7 169.7 171.1 169.4 166.4 163 160.1 163.9 173.4 182.4 186.9 193.9 203 209.6 218.1 224.2 234 251.4 267.4 281.4 291 299.2 307.8 315.4 323.3 329.8 335.5 342.6 352.4 360.5 368.4 374.5 377.2 377.1 375.8 370 363.2 357 351.4 344.8 335 319.2 299.5 286.8 276.3 271.1 275.8 277.6 275.6 269.8 259.3 249.2 234.7 218.7 214.9 219.6 228.8 225.5
133 135 136.7 137.8 139.4 141.3 143.1 144.2 145.6 147.1 148.5 149.6 151 152.3 153.7 155.2 157.6 159 160.4 162.9 165 166.4 166 165 163.2 160.2 158.1 158.3 164.3 170.7 176.4 181.4 191.1 194.6 201.3 210.3 217.8 226.1 238 254.6 267.2 278.3 285.5 293.3 301.1 308.6 314.1 317.3 323.7 342.5 353.3 360.1 369.1 374.2 376.2 376.4 375 369.8 364.6 358.2 351.6 343 332.6 319.4 306.8 300.1 298.2 298.9 299.9 293.8 283.6 272.9 259.7 242.9 229.2 212.5 202.9 207.6 203.8
132.6 134.2 136 138 140 141.1 142.1 143.4 144.8 146.3 147.7 148.6 150.1 151.5 152.8 154.1 156.4 157.6 158.9 161.4 161.7 161.8 160.3 159.1 156.4 153.5 151.9 156 162 166.8 171.7 178.6 182.6 189.2 195.8 203.4 211.8 218.5 227.5 239.1 255.6 265.5 272 277.2 283.2 290.6 293 296.3 318.7 331.8 341.9 352.2 363.8 368.8 373.7 374.9 375 373.9 369.6 364.8 357.3 348.9 340.8 332.7 326 318.4 306.7 296.7 293.7 290.4 285.4 276.9 258 239.6 222.3 204.3 198.2 195 193.2
131.7 133.3 135.1 137 138.6 140 141.3 142.7 144.1 145.5 146.4 147.6 149.2 150.6 151.9 153.3 155.3 156.1 157.3 158.5 157.8 157.3 155.9 154.8 152.3 149.8 150.3 155 158.9 163.2 168.4 172.2 175.7 183.3 191.4 198.3 205.3 210.8 215.8 224.8 238.9 250.5 254.5 254.2 270.1 273.6 268.9 291.8 307.7 321.1 334.1 345.3 355.5 362.9 370 370.9 372.4 372.4 370.3 366.6 361.4 353.8 345.7 336.8 325.9 309.5 294.5 280.8 276.4 276.7 272.3 265.7 248.9 227.9 210.9 206.4 206.6 211.8 215.7
130.6 132.1 133.9 135.4 135.6 139.4 140.8 142 143.3 144.7 145.2 146.7 148.3 149.7 151.1 152.4 154.1 154.7 155.5 154.9 154.1 152.6 151.1 149.9 147 144.4 151.1 152.7 154.4 157.8 161.2 166.1 171.8 179.6 186.7 193.3 198.9 203.9 207.1 210.9 222.2 231 233 245 255 257 257 282 297.5 313.7 325.7 336.7 348.4 356.7 361.6 364.2 365.9 367.7 366.9 364.3 359.8 353 345.2 334 316.2 296 275 264.5 261.2 262.9 261.1 252.7 235.2 215.2 215 217.5 223.9 234.7 240.5
