data/ST25.asc
ncols 200
nrows 200
xllcorner 320000
yllcorner 150000
cellsize 50
[rows 98 to 146 of 200, columns 96 to 191 of 200]
-4 -4 -4 -4 -4 -4 -4 -4 -4 -4 -4 -4 -4 -4 -4 -4 -4 -4 -4 -4 -4 -4 -4 -4 -4 -4 -4 -4 -4 -4 -4 -4 -4 -4 -4 -4 -4 -4 -4 -4 -4 -4 -4 -4 -4 -4 -4 -4 -4 -3.9 -3.7 -3.5 -3.3 -3.1 -2.9 -2.7 -2.5 -2.3 -2.1 -1.9 -1.7 -1.5 -1.3 -1.1 -0.9 -0.7 -0.5 -0.3 0 0.2 0.4 0.6 0.8 1 1.2 1.4 1.6 1.8 2 2.3 2.5 2.7 2.9 3.1 3.3 3.5 3.7 3.9 4.1 4.4 5.3 6.6 11.8 13.4 10.8 8.3
-4 -4 -4 -4 -4 -4 -4 -4 -4 -4 -4 -4 -4 -4 -4 -4 -4 -4 -4 -4 -4 -4 -4 -4 -4 -4 -4 -4 -4 -4 -4 -4 -4 -4 -4 -4 -4 -4 -4 -4 -4 -4 -4 -4 -4 -4 -4 -4 -4 -3.8 -3.6 -3.4 -3.2 -3 -2.8 -2.6 -2.4 -2.2 -2 -1.8 -1.6 -1.4 -1.2 -1 -0.8 -0.6 -0.4 -0.2 0 0.2 0.4 0.6 0.8 1 1.2 1.5 1.7 1.9 2.1 2.3 2.5 2.7 2.9 3.1 3.3 3.6 3.8 4 4.2 4.5 5.6 7 12.7 13.3 12.5 8.7
-4 -4 -4 -4 -4 -4 -4 -4 -4 -4 -4 -4 -4 -4 -4 -4 -4 -4 -4 -4 -4 -4 -4 -4 -4 -4 -4 -4 -4 -4 -4 -4 -4 -4 -4 -4 -4 -4 -4 -4 -4 -4 -4 -4 -4 -4 -4 -4 -4 -3.7 -3.6 -3.4 -3.2 -3 -2.8 -2.6 -2.4 -2.2 -2 -1.8 -1.6 -1.4 -1.2 -1 -0.8 -0.5 -0.3 -0.1 0.1 0.3 0.5 0.7 0.9 1.1 1.3 1.5 1.7 1.9 2.1 2.3 2.5 2.8 3 3.2 3.4 3.6 3.8 4 4.2 4.6 5.8 8.3 12.8 12.9 10.9 8.9
-4 -4 -4 -4 -4 -4 -4 -4 -4 -4 -4 -4 -4 -4 -4 -4 -4 -4 -4 -4 -4 -4 -4 -4 -4 -4 -4 -4 -4 -4 -4 -4 -4 -4 -4 -4 -4 -4 -4 -4 -4 -4 -4 -4 -4 -4 -4 -4 -3.8 -3.6 -3.5 -3.3 -3.1 -2.9 -2.7 -2.5 -2.3 -2.1 -1.9 -1.7 -1.5 -1.3 -1.1 -0.9 -0.7 -0.5 -0.3 -0.1 0.1 0.3 0.5 0.7 0.9 1.1 1.3 1.5 1.8 2 2.2 2.4 2.6 2.8 3 3.2 3.4 3.6 3.8 4.1 4.3 4.6 6.1 8.7 10.1 13.4 10.4 8.5
-4 -4 -4 -4 -4 -4 -4 -4 -4 -4 -4 -4 -4 -4 -4 -4 -4 -4 -4 -4 -4 -4 -4 -4 -4 -4 -4 -4 -4 -4 -4 -4 -4 -4 -4 -4 -4 -4 -4 -4 -4 -4 -4 -4 -4 -4 -4 -4 -3.7 -3.6 -3.4 -3.2 -3 -2.8 -2.6 -2.4 -2.2 -2.1 -1.9 -1.7 -1.5 -1.2 -1 -0.8 -0.6 -0.4 -0.2 0 0.2 0.4 0.6 0.8 1 1.2 1.4 1.6 1.8 2 2.2 2.4 2.6 2.8 3.1 3.3 3.5 3.7 3.9 4.1 4.3 5 6.5 10.1 12.4 12.1 10.9 7.9
-4 -4 -4 -4 -4 -4 -4 -4 -4 -4 -4 -4 -4 -4 -4 -4 -4 -4 -4 -4 -4 -4 -4 -4 -4 -4 -4 -4 -4 -4 -4 -4 -4 -4 -4 -4 -4 -4 -4 -4 -4 -4 -4 -4 -4 -4 -4 -3.8 -3.7 -3.5 -3.3 -3.1 -2.9 -2.7 -2.5 -2.3 -2.2 -2 -1.8 -1.6 -1.4 -1.2 -1 -0.8 -0.6 -0.4 -0.2 0 0.2 0.4 0.6 0.8 1 1.2 1.4 1.6 1.9 2.1 2.3 2.5 2.7 2.9 3.1 3.3 3.5 3.7 3.9 4.1 4.4 5.4 6.3 11.4 13.1 11.6 11.2 8.7
-4 -4 -4 -4 -4 -4 -4 -4 -4 -4 -4 -4 -4 -4 -4 -4 -4 -4 -4 -4 -4 -4 -4 -4 -4 -4 -4 -4 -4 -4 -4 -4 -4 -4 -4 -4 -4 -4 -4 -4 -4 -4 -4 -4 -4 -4 -3.9 -3.7 -3.6 -3.4 -3.2 -3 -2.9 -2.7 -2.5 -2.3 -2.1 -1.9 -1.7 -1.5 -1.3 -1.1 -0.9 -0.7 -0.5 -0.3 -0.1 0.1 0.3 0.5 0.7 0.9 1.1 1.3 1.5 1.7 1.9 2.1 2.3 2.5 2.7 2.9 3.1 3.3 3.6 3.8 4 4.2 4.6 5.3 7.9 9.2 13 10.4 9.5 8.6
-4 -4 -4 -4 -4 -4 -4 -4 -4 -4 -4 -4 -4 -4 -4 -4 -4 -4 -4 -4 -4 -4 -4 -4 -4 -4 -4 -4 -4 -4 -4 -4 -4 -4 -4 -4 -4 -4 -4 -4 -4 -4 -4 -4 -4 -4 -3.8 -3.6 -3.5 -3.3 -3.1 -2.9 -2.8 -2.6 -2.4 -2.2 -2 -1.8 -1.6 -1.4 -1.2 -1 -0.9 -0.7 -0.5 -0.3 -0.1 0.1 0.3 0.5 0.7 0.9 1.1 1.3 1.5 1.7 1.9 2.1 2.4 2.6 2.8 3 3.2 3.4 3.6 3.8 4 4.2 4.7 5.6 11 12.2 11.1 8.4 10.5 7.8
-4 -4 -4 -4 -4 -4 -4 -4 -4 -4 -4 -4 -4 -4 -4 -4 -4 -4 -4 -4 -4 -4 -4 -4 -4 -4 -4 -4 -4 -4 -4 -4 -4 -4 -4 -4 -4 -4 -4 -4 -4 -4 -4 -4 -4 -3.9 -3.7 -3.6 -3.4 -3.2 -3 -2.8 -2.7 -2.5 -2.3 -2.1 -2 -1.8 -1.6 -1.4 -1.2 -1 -0.8 -0.6 -0.4 -0.2 0 0.2 0.4 0.6 0.8 1 1.2 1.4 1.6 1.8 2 2.2 2.4 2.6 2.8 3 3.2 3.4 3.6 3.8 4 4.3 4.8 5.8 11.3 12.5 14.2 12.4 8.4 7.6
-4 -4 -4 -4 -4 -4 -4 -4 -4 -4 -4 -4 -4 -4 -4 -4 -4 -4 -4 -4 -4 -4 -4 -4 -4 -4 -4 -4 -4 -4 -4 -4 -4 -4 -4 -4 -4 -4 -4 -4 -4 -4 -4 -4 -4 -3.8 -3.6 -3.5 -3.3 -3.1 -2.9 -2.8 -2.6 -2.4 -2.2 -2 -1.9 -1.7 -1.5 -1.3 -1.2 -1 -0.8 -0.6 -0.4 -0.1 0.1 0.3 0.4 0.6 0.8 1 1.2 1.4 1.6 1.8 2 2.2 2.4 2.6 2.9 3.1 3.3 3.5 3.7 3.9 4.1 4.3 5 6.2 11.9 11.6 10.5 11.1 8.8 7.4
-4 -4 -4 -4 -4 -4 -4 -4 -4 -4 -4 -4 -4 -4 -4 -4 -4 -4 -4 -4 -4 -4 -4 -4 -4 -4 -4 -4 -4 -4 -4 -4 -4 -4 -4 -4 -4 -4 -4 -4 -4 -4 -4 -4 -4 -3.7 -3.5 -3.4 -3.2 -3 -2.8 -2.7 -2.5 -2.3 -2.1 -1.9 -1.8 -1.6 -1.4 -1.2 -1.1 -0.9 -0.7 -0.5 -0.3 -0.1 0.1 0.3 0.5 0.7 0.9 1.1 1.3 1.5 1.7 1.9 2.1 2.3 2.5 2.7 2.9 3.1 3.3 3.5 3.7 3.9 4.1 4.4 5.1 6.6 10.9 13.5 11.2 9.6 8.2 6.9
-4 -4 -4 -4 -4 -4 -4 -4 -4 -4 -4 -4 -4 -4 -4 -4 -4 -4 -4 -4 -4 -4 -4 -4 -4 -4 -4 -4 -4 -4 -4 -4 -4 -4 -4 -4 -4 -4 -4 -4 -4 -4 -4 -4 -3.8 -3.7 -3.5 -3.3 -3.1 -2.9 -2.7 -2.6 -2.4 -2.2 -2 -1.9 -1.7 -1.5 -1.3 -1.1 -1 -0.8 -0.6 -0.4 -0.3 -0.1 0.1 0.3 0.5 0.7 0.9 1.1 1.3 1.5 1.7 1.9 2.1 2.3 2.5 2.7 2.9 3.1 3.3 3.5 3.8 4 4.2 4.5 5.4 7.8 10.3 13.5 12.5 10.6 8.7 6.9
-4 -4 -4 -4 -4 -4 -4 -4 -4 -4 -4 -4 -4 -4 -4 -4 -4 -4 -4 -4 -4 -4 -4 -4 -4 -4 -4 -4 -4 -4 -4 -4 -4 -4 -4 -4 -4 -4 -4 -4 -4 -4 -4 -3.9 -3.7 -3.6 -3.4 -3.2 -3.1 -2.9 -2.7 -2.5 -2.3 -2.1 -1.9 -1.8 -1.6 -1.4 -1.2 -1.1 -0.9 -0.7 -0.5 -0.3 -0.2 0 0.2 0.4 0.6 0.8 1 1.2 1.4 1.6 1.8 2 2.2 2.4 2.6 2.8 3 3.2 3.4 3.6 3.8 4 4.2 4.7 5.6 11.3 14 13.5 12.9 10.2 8.3 7.2
-4 -4 -4 -4 -4 -4 -4 -4 -4 -4 -4 -4 -4 -4 -4 -4 -4 -4 -4 -4 -4 -4 -4 -4 -4 -4 -4 -4 -4 -4 -4 -4 -4 -4 -4 -4 -4 -4 -4 -4 -4 -4 -4 -3.8 -3.7 -3.5 -3.3 -3.1 -3 -2.8 -2.6 -2.5 -2.3 -2.1 -1.9 -1.7 -1.5 -1.3 -1.1 -1 -0.8 -0.6 -0.4 -0.2 -0.1 0.1 0.3 0.5 0.6 0.8 1 1.2 1.4 1.6 1.8 2 2.2 2.4 2.6 2.8 3 3.2 3.4 3.6 3.8 4 4.2 4.8 5.9 11.4 10.2 13.1 11.3 11.8 8.3 7.5
-4 -4 -4 -4 -4 -4 -4 -4 -4 -4 -4 -4 -4 -4 -4 -4 -4 -4 -4 -4 -4 -4 -4 -4 -4 -4 -4 -4 -4 -4 -4 -4 -4 -4 -4 -4 -4 -4 -4 -4 -4 -4 -3.9 -3.7 -3.6 -3.4 -3.2 -3.1 -2.9 -2.7 -2.6 -2.4 -2.2 -2 -1.9 -1.7 -1.5 -1.3 -1.1 -0.9 -0.7 -0.5 -0.3 -0.2 0 0.2 0.4 0.6 0.7 0.9 1.1 1.3 1.4 1.6 1.8 2 2.2 2.4 2.7 2.9 3.1 3.3 3.5 3.7 3.9 4.1 4.3 4.9 6.3 11.1 12.4 13.4 13.4 11.4 8.3 6.8
-4 -4 -4 -4 -4 -4 -4 -4 -4 -4 -4 -4 -4 -4 -4 -4 -4 -4 -4 -4 -4 -4 -4 -4 -4 -4 -4 -4 -4 -4 -4 -4 -4 -4 -4 -4 -4 -4 -4 -4 -4 -4 -3.8 -3.7 -3.5 -3.3 -3.1 -3 -2.8 -2.6 -2.5 -2.3 -2.1 -2 -1.8 -1.6 -1.5 -1.3 -1.1 -0.9 -0.7 -0.5 -0.3 -0.1 0.1 0.3 0.5 0.6 0.8 1 1.2 1.4 1.5 1.7 1.9 2.1 2.3 2.5 2.7 2.9 3.1 3.3 3.5 3.7 3.9 4.1 4.3 5 6.6 12.4 12.4 13.2 12.5 9.6 7.7 6.3
-4 -4 -4 -4 -4 -4 -4 -4 -4 -4 -4 -4 -4 -4 -4 -4 -4 -4 -4 -4 -4 -4 -4 -4 -4 -4 -4 -4 -4 -4 -4 -4 -4 -4 -4 -4 -4 -4 -4 -4 -4 -3.9 -3.7 -3.6 -3.4 -3.2 -3.1 -2.9 -2.7 -2.5 -2.4 -2.2 -2 -1.9 -1.7 -1.5 -1.4 -1.2 -1 -0.9 -0.7 -0.5 -0.3 -0.1 0.1 0.3 0.5 0.7 0.9 1.1 1.3 1.5 1.6 1.8 2 2.2 2.3 2.5 2.7 2.9 3.1 3.3 3.5 3.7 3.9 4.1 4.4 5.2 6.9 13 12.9 12.4 9.7 8.8 7.6 6.8
-4 -4 -4 -4 -4 -4 -4 -4 -4 -4 -4 -4 -4 -4 -4 -4 -4 -4 -4 -4 -4 -4 -4 -4 -4 -4 -4 -4 -4 -4 -4 -4 -4 -4 -4 -4 -4 -4 -4 -4 -4 -3.8 -3.6 -3.5 -3.3 -3.2 -3 -2.8 -2.7 -2.5 -2.3 -2.1 -2 -1.8 -1.6 -1.4 -1.3 -1.1 -0.9 -0.8 -0.6 -0.4 -0.2 -0.1 0.1 0.3 0.5 0.7 0.9 1.1 1.3 1.5 1.7 1.9 2.1 2.3 2.4 2.6 2.8 3 3.2 3.4 3.6 3.8 4 4.2 4.5 5.7 9.3 10.5 12.2 12.1 10 9.2 7.7 6.8
-4 -4 -4 -4 -4 -4 -4 -4 -4 -4 -4 -4 -4 -4 -4 -4 -4 -4 -4 -4 -4 -4 -4 -4 -4 -4 -4 -4 -4 -4 -4 -4 -4 -4 -4 -4 -4 -4 -4 -4 -3.9 -3.7 -3.6 -3.4 -3.2 -3.1 -2.9 -2.7 -2.6 -2.4 -2.3 -2.1 -1.9 -1.7 -1.5 -1.4 -1.2 -1 -0.9 -0.7 -0.5 -0.3 -0.2 0 0.2 0.4 0.5 0.7 0.9 1.1 1.3 1.5 1.7 1.9 2.1 2.3 2.5 2.7 2.9 3.1 3.2 3.4 3.6 3.8 4 4.2 4.6 6 10.4 10.9 12 11 12.1 10.4 7.7 6.7
-4 -4 -4 -4 -4 -4 -4 -4 -4 -4 -4 -4 -4 -4 -4 -4 -4 -4 -4 -4 -4 -4 -4 -4 -4 -4 -4 -4 -4 -4 -4 -4 -4 -4 -4 -4 -4 -4 -4 -4 -3.8 -3.6 -3.5 -3.3 -3.2 -3 -2.8 -2.7 -2.5 -2.3 -2.2 -2 -1.8 -1.7 -1.5 -1.3 -1.1 -1 -0.8 -0.6 -0.4 -0.3 -0.1 0.1 0.2 0.4 0.6 0.8 1 1.2 1.3 1.5 1.7 1.9 2.1 2.3 2.5 2.7 2.9 3.1 3.3 3.5 3.7 3.9 4 4.2 5.3 6.8 11.2 11.4 12.1 12 12.9 9.2 7.3 6.6
-4 -4 -4 -4 -4 -4 -4 -4 -4 -4 -4 -4 -4 -4 -4 -4 -4 -4 -4 -4 -4 -4 -4 -4 -4 -4 -4 -4 -4 -4 -4 -4 -4 -4 -4 -4 -4 -4 -4 -3.9 -3.7 -3.5 -3.4 -3.2 -3.1 -2.9 -2.8 -2.6 -2.4 -2.3 -2.1 -1.9 -1.8 -1.6 -1.4 -1.3 -1.1 -0.9 -0.7 -0.6 -0.4 -0.2 0 0.2 0.3 0.5 0.7 0.8 1 1.2 1.4 1.6 1.8 2 2.1 2.3 2.5 2.7 2.9 3.1 3.3 3.5 3.7 3.9 4.1 4.3 5.5 7.1 10.8 11.4 8.1 10.5 11.1 7.9 7.2 6.6
-4 -4 -4 -4 -4 -4 -4 -4 -4 -4 -4 -4 -4 -4 -4 -4 -4 -4 -4 -4 -4 -4 -4 -4 -4 -4 -4 -4 -4 -4 -4 -4 -4 -4 -4 -4 -4 -4 -4 -3.8 -3.6 -3.5 -3.3 -3.1 -3 -2.8 -2.7 -2.5 -2.4 -2.2 -2 -1.9 -1.7 -1.5 -1.3 -1.2 -1 -0.9 -0.7 -0.5 -0.3 -0.2 0 0.2 0.4 0.6 0.8 0.9 1.1 1.3 1.4 1.6 1.8 2 2.2 2.4 2.6 2.7 2.9 3.1 3.3 3.5 3.7 3.9 4.1 4.3 5.8 8.1 10.8 13 12.3 11 9.8 7.9 7.5 6.8
-4 -4 -4 -4 -4 -4 -4 -4 -4 -4 -4 -4 -4 -4 -4 -4 -4 -4 -4 -4 -4 -4 -4 -4 -4 -4 -4 -4 -4 -4 -4 -4 -4 -4 -4 -4 -4 -4 -3.8 -3.7 -3.5 -3.4 -3.2 -3.1 -2.9 -2.7 -2.6 -2.4 -2.3 -2.1 -2 -1.8 -1.6 -1.5 -1.3 -1.1 -0.9 -0.8 -0.6 -0.4 -0.3 -0.1 0.1 0.3 0.4 0.6 0.8 1 1.2 1.3 1.5 1.7 1.9 2 2.2 2.4 2.6 2.8 3 3.2 3.4 3.5 3.7 3.9 4.1 4.4 6.1 9.2 9.2 13.7 11.4 10.2 9.3 8.1 7.4 6.9
-4 -4 -4 -4 -4 -4 -4 -4 -4 -4 -4 -4 -4 -4 -4 -4 -4 -4 -4 -4 -4 -4 -4 -4 -4 -4 -4 -4 -4 -4 -4 -4 -4 -4 -4 -4 -4 -4 -3.8 -3.6 -3.5 -3.3 -3.1 -3 -2.8 -2.7 -2.5 -2.3 -2.2 -2 -1.9 -1.7 -1.6 -1.4 -1.2 -1.1 -0.9 -0.7 -0.5 -0.4 -0.2 0 0.1 0.3 0.5 0.7 0.8 1 1.2 1.4 1.6 1.8 1.9 2.1 2.3 2.4 2.6 2.8 3 3.2 3.4 3.6 3.8 4 4.2 4.6 6.5 11 14 12.9 8.8 8.4 8.7 8.1 7.5 6.9
-4 -4 -4 -4 -4 -4 -4 -4 -4 -4 -4 -4 -4 -4 -4 -4 -4 -4 -4 -4 -4 -4 -4 -4 -4 -4 -4 -4 -4 -4 -4 -4 -4 -4 -4 -4 -4 -3.8 -3.7 -3.5 -3.4 -3.2 -3.1 -2.9 -2.7 -2.6 -2.4 -2.3 -2.1 -1.9 -1.8 -1.6 -1.5 -1.3 -1.1 -1 -0.8 -0.7 -0.5 -0.3 -0.1 0 0.2 0.4 0.5 0.7 0.9 1.1 1.2 1.4 1.6 1.8 2 2.2 2.3 2.5 2.7 2.9 3 3.2 3.4 3.6 3.8 4 4.2 4.9 6.8 11.3 12.7 11.1 8.4 8.7 8.7 8.2 7.5 7
-4 -4 -4 -4 -4 -4 -4 -4 -4 -4 -4 -4 -4 -4 -4 -4 -4 -4 -4 -4 -4 -4 -4 -4 -4 -4 -4 -4 -4 -4 -4 -4 -4 -4 -4 -4 -3.9 -3.7 -3.6 -3.4 -3.3 -3.1 -3 -2.8 -2.7 -2.5 -2.4 -2.2 -2 -1.9 -1.7 -1.5 -1.4 -1.2 -1.1 -0.9 -0.7 -0.6 -0.4 -0.3 -0.1 0.1 0.3 0.4 0.6 0.8 1 1.1 1.3 1.5 1.6 1.8 2 2.2 2.4 2.6 2.7 2.9 3.1 3.3 3.5 3.6 3.8 4 4.2 5.2 7.1 11.9 10.8 11.3 8.8 8.2 8.6 7.9 7.4 6.9
-4 -4 -4 -4 -4 -4 -4 -4 -4 -4 -4 -4 -4 -4 -4 -4 -4 -4 -4 -4 -4 -4 -4 -4 -4 -4 -4 -4 -4 -4 -4 -4 -4 -4 -4 -4 -3.8 -3.6 -3.5 -3.3 -3.2 -3 -2.9 -2.7 -2.6 -2.4 -2.3 -2.1 -2 -1.8 -1.7 -1.5 -1.3 -1.1 -1 -0.8 -0.7 -0.5 -0.3 -0.2 0 0.1 0.3 0.5 0.7 0.8 1 1.2 1.4 1.5 1.7 1.9 2 2.2 2.4 2.6 2.8 3 3.1 3.3 3.5 3.7 3.9 4.1 4.2 5.5 7.7 10.8 10 10.7 8.8 8.1 8.9 7.8 7.2 6.7
-4 -4 -4 -4 -4 -4 -4 -4 -4 -4 -4 -4 -4 -4 -4 -4 -4 -4 -4 -4 -4 -4 -4 -4 -4 -4 -4 -4 -4 -4 -4 -4 -4 -4 -4 -3.8 -3.7 -3.5 -3.4 -3.2 -3.1 -3 -2.8 -2.7 -2.5 -2.4 -2.2 -2 -1.9 -1.7 -1.6 -1.4 -1.3 -1.1 -0.9 -0.8 -0.6 -0.4 -0.3 -0.1 0.1 0.2 0.4 0.5 0.7 0.9 1.1 1.2 1.4 1.6 1.8 1.9 2.1 2.3 2.5 2.6 2.8 3 3.2 3.4 3.5 3.7 3.9 4.1 4.3 5.8 8.1 10.5 10.7 9 8.3 8.6 9.5 7.8 7.1 6.7
-4 -4 -4 -4 -4 -4 -4 -4 -4 -4 -4 -4 -4 -4 -4 -4 -4 -4 -4 -4 -4 -4 -4 -4 -4 -4 -4 -4 -4 -4 -4 -4 -4 -4 -3.9 -3.7 -3.6 -3.4 -3.3 -3.2 -3 -2.9 -2.7 -2.6 -2.4 -2.3 -2.1 -2 -1.8 -1.7 -1.5 -1.3 -1.2 -1 -0.9 -0.7 -0.5 -0.4 -0.2 0 0.1 0.3 0.5 0.6 0.8 0.9 1.1 1.3 1.5 1.6 1.8 2 2.2 2.3 2.5 2.7 2.9 3 3.2 3.4 3.6 3.8 4 4.1 4.4 5.9 11.6 11.2 10.8 9.9 8.1 8.5 10.7 8.1 7.1 6.5
-4 -4 -4 -4 -4 -4 -4 -4 -4 -4 -4 -4 -4 -4 -4 -4 -4 -4 -4 -4 -4 -4 -4 -4 -4 -4 -4 -4 -4 -4 -4 -4 -4 -3.9 -3.7 -3.6 -3.5 -3.3 -3.2 -3.1 -2.9 -2.8 -2.6 -2.5 -2.3 -2.2 -2 -1.9 -1.7 -1.6 -1.4 -1.3 -1.1 -1 -0.8 -0.6 -0.5 -0.3 -0.2 0 0.2 0.4 0.5 0.7 0.9 1 1.2 1.3 1.5 1.7 1.9 2 2.2 2.4 2.6 2.7 2.9 3.1 3.3 3.4 3.6 3.8 4 4.2 4.7 6.3 11 10.1 9.9 9.4 8.2 8.3 8 7.7 7 6.4
-4 -4 -4 -4 -4 -4 -4 -4 -4 -4 -4 -4 -4 -4 -4 -4 -4 -4 -4 -4 -4 -4 -4 -4 -4 -4 -4 -4 -4 -4 -4 -4 -3.9 -3.8 -3.6 -3.5 -3.4 -3.2 -3.1 -3 -2.8 -2.7 -2.5 -2.4 -2.3 -2.1 -2 -1.8 -1.7 -1.5 -1.4 -1.2 -1.1 -0.9 -0.7 -0.6 -0.4 -0.3 -0.1 0.1 0.2 0.4 0.6 0.8 0.9 1.1 1.3 1.4 1.6 1.7 1.9 2.1 2.3 2.4 2.6 2.8 3 3.1 3.3 3.5 3.7 3.8 4 4.2 5.2 7 10.2 9.7 8.9 8.7 8.7 8.5 8 7.6 7 6.5
-4 -4 -4 -4 -4 -4 -4 -4 -4 -4 -4 -4 -4 -4 -4 -4 -4 -4 -4 -4 -4 -4 -4 -4 -4 -4 -4 -4 -4 -4 -4 -4 -3.8 -3.7 -3.5 -3.4 -3.3 -3.1 -3 -2.9 -2.7 -2.6 -2.4 -2.3 -2.2 -2 -1.9 -1.7 -1.6 -1.4 -1.3 -1.1 -1 -0.8 -0.7 -0.5 -0.4 -0.2 0 0.1 0.3 0.5 0.6 0.8 1 1.1 1.3 1.5 1.7 1.8 2 2.1 2.3 2.5 2.6 2.8 3 3.2 3.4 3.5 3.7 3.9 4.1 4.2 5.5 8.1 9.5 9.7 9.3 8.9 8.3 10.2 8.6 7.8 7.3 7.2
-4 -4 -4 -4 -4 -4 -4 -4 -4 -4 -4 -4 -4 -4 -4 -4 -4 -4 -4 -4 -4 -4 -4 -4 -4 -4 -4 -4 -4 -4 -4 -4 -3.8 -3.6 -3.5 -3.3 -3.2 -3 -2.9 -2.8 -2.6 -2.5 -2.4 -2.2 -2.1 -1.9 -1.8 -1.6 -1.5 -1.4 -1.2 -1.1 -0.9 -0.7 -0.6 -0.4 -0.3 -0.1 0 0.2 0.4 0.5 0.7 0.9 1 1.2 1.4 1.5 1.7 1.9 2 2.2 2.4 2.5 2.7 2.9 3 3.2 3.4 3.6 3.8 3.9 4.1 4.3 5.6 10.2 11.3 10.4 9.9 9.4 10 12 8.7 7.7 7.4 7.1
-4 -4 -4 -4 -4 -4 -4 -4 -4 -4 -4 -4 -4 -4 -4 -4 -4 -4 -4 -4 -4 -4 -4 -4 -4 -4 -4 -4 -4 -4 -4 -4 -3.8 -3.6 -3.5 -3.3 -3.1 -3 -2.8 -2.7 -2.5 -2.4 -2.3 -2.1 -2 -1.9 -1.7 -1.6 -1.4 -1.3 -1.1 -1 -0.8 -0.7 -0.5 -0.4 -0.2 0 0.1 0.2 0.4 0.6 0.8 0.9 1.1 1.2 1.4 1.6 1.7 1.9 2.1 2.3 2.4 2.6 2.8 2.9 3.1 3.3 3.4 3.6 3.8 4 4.2 4.5 5.8 8.5 11.3 11.6 11.4 10.2 9.7 13.6 10.3 7.7 7.3 7
-4 -4 -4 -4 -4 -4 -4 -4 -4 -4 -4 -4 -4 -4 -4 -4 -4 -4 -4 -4 -4 -4 -4 -4 -4 -4 -4 -4 -4 -4 -4 -3.9 -3.8 -3.6 -3.4 -3.3 -3.1 -2.9 -2.8 -2.6 -2.4 -2.3 -2.2 -2 -1.9 -1.8 -1.6 -1.5 -1.3 -1.2 -1 -0.9 -0.7 -0.6 -0.4 -0.3 -0.1 0 0.2 0.3 0.5 0.6 0.8 1 1.1 1.3 1.5 1.6 1.8 2 2.1 2.3 2.5 2.6 2.8 3 3.2 3.3 3.5 3.7 3.8 4 4.2 4.9 6.7 10.2 12.2 10.2 11.4 11.3 11.1 9.3 8.3 7.8 7.3 7.1
-4 -4 -4 -4 -4 -4 -4 -4 -4 -4 -4 -4 -4 -4 -4 -4 -4 -4 -4 -4 -4 -4 -4 -4 -4 -4 -4 -4 -4 -4 -4 -3.9 -3.8 -3.6 -3.4 -3.3 -3.1 -2.9 -2.8 -2.6 -2.4 -2.3 -2.1 -1.9 -1.8 -1.7 -1.5 -1.4 -1.2 -1.1 -1 -0.8 -0.7 -0.5 -0.4 -0.2 -0.1 0.1 0.2 0.4 0.5 0.7 0.9 1 1.2 1.3 1.5 1.7 1.8 2 2.2 2.3 2.5 2.7 2.9 3 3.2 3.4 3.5 3.7 3.9 4.1 4.2 5.4 7.1 11.4 11.6 7.8 9.4 11.4 12.1 11.7 8.3 7.9 7.6 7.4
-4 -4 -4 -4 -4 -4 -4 -4 -4 -4 -4 -4 -4 -4 -4 -4 -4 -4 -4 -4 -4 -4 -4 -4 -4 -4 -4 -4 -4 -4 -4 -3.9 -3.8 -3.6 -3.4 -3.3 -3.1 -2.9 -2.8 -2.6 -2.4 -2.3 -2.1 -1.9 -1.8 -1.6 -1.5 -1.3 -1.2 -1 -0.9 -0.7 -0.6 -0.4 -0.3 -0.2 0 0.2 0.3 0.5 0.6 0.8 0.9 1.1 1.3 1.4 1.6 1.7 1.9 2.1 2.2 2.4 2.6 2.7 2.9 3.1 3.2 3.4 3.6 3.8 3.9 4.1 4.3 5.8 7.5 12.2 10.3 7.6 9 9.2 11.1 12.2 8.7 8 7.7 7.3
-4 -4 -4 -4 -4 -4 -4 -4 -4 -4 -4 -4 -4 -4 -4 -4 -4 -4 -4 -4 -4 -4 -4 -4 -4 -4 -4 -4 -4 -4 -4 -3.9 -3.8 -3.6 -3.4 -3.3 -3.1 -2.9 -2.8 -2.6 -2.4 -2.3 -2.1 -1.9 -1.8 -1.6 -1.4 -1.3 -1.1 -1 -0.8 -0.7 -0.5 -0.4 -0.2 -0.1 0.1 0.2 0.4 0.5 0.7 0.8 1 1.1 1.3 1.5 1.6 1.8 1.9 2.1 2.3 2.5 2.6 2.8 2.9 3.1 3.3 3.5 3.6 3.8 4 4.1 4.4 6 8.6 11.1 10.6 7.6 9.4 9.6 10.1 12.1 8.8 8 7.5 7.2
-4 -4 -4 -4 -4 -4 -4 -4 -4 -4 -4 -4 -4 -4 -4 -4 -4 -4 -4 -4 -4 -4 -4 -4 -4 -4 -4 -4 -4 -4 -4 -3.9 -3.7 -3.6 -3.4 -3.2 -3.1 -2.9 -2.7 -2.6 -2.4 -2.2 -2.1 -1.9 -1.7 -1.6 -1.4 -1.2 -1.1 -0.9 -0.7 -0.6 -0.5 -0.3 -0.2 0 0.1 0.3 0.4 0.6 0.7 0.9 1.1 1.2 1.4 1.5 1.7 1.8 2 2.2 2.3 2.5 2.7 2.8 3 3.2 3.3 3.5 3.7 3.8 4 4.2 4.8 6.3 8.1 12 9 8.1 9.6 9.7 11.1 12 9.9 8.2 7 6.8
-4 -4 -4 -4 -4 -4 -4 -4 -4 -4 -4 -4 -4 -4 -4 -4 -4 -4 -4 -4 -4 -4 -4 -4 -4 -4 -4 -4 -4 -4 -4 -3.9 -3.7 -3.6 -3.4 -3.2 -3.1 -2.9 -2.7 -2.6 -2.4 -2.2 -2.1 -1.9 -1.7 -1.6 -1.4 -1.2 -1.1 -0.9 -0.7 -0.6 -0.4 -0.2 -0.1 0.1 0.2 0.3 0.5 0.7 0.8 1 1.1 1.3 1.4 1.6 1.7 1.9 2.1 2.2 2.4 2.6 2.7 2.9 3 3.2 3.4 3.6 3.7 3.9 4.1 4.2 5.1 6.7 11.6 12.1 9 7.6 9.7 9.3 13.5 9.6 8.3 7.5 7.1 6.7
-4 -4 -4 -4 -4 -4 -4 -4 -4 -4 -4 -4 -4 -4 -4 -4 -4 -4 -4 -4 -4 -4 -4 -4 -4 -4 -4 -4 -4 -4 -4 -3.9 -3.7 -3.6 -3.4 -3.2 -3.1 -2.9 -2.7 -2.6 -2.4 -2.2 -2.1 -1.9 -1.7 -1.6 -1.4 -1.2 -1.1 -0.9 -0.7 -0.6 -0.4 -0.2 -0.1 0.1 0.3 0.4 0.6 0.7 0.9 1 1.2 1.3 1.5 1.6 1.8 1.9 2.1 2.3 2.4 2.6 2.8 2.9 3.1 3.3 3.4 3.6 3.8 3.9 4.1 4.3 5.4 6.9 13 10.9 8.3 7.7 9.9 10 15.3 10.4 9 7.6 6.9 6.5
-4 -4 -4 -4 -4 -4 -4 -4 -4 -4 -4 -4 -4 -4 -4 -4 -4 -4 -4 -4 -4 -4 -4 -4 -4 -4 -4 -4 -4 -4 -4 -3.9 -3.7 -3.6 -3.4 -3.2 -3.1 -2.9 -2.7 -2.5 -2.4 -2.2 -2 -1.9 -1.7 -1.5 -1.4 -1.2 -1 -0.9 -0.7 -0.5 -0.4 -0.2 0 0.1 0.3 0.5 0.6 0.8 0.9 1.1 1.2 1.4 1.5 1.7 1.9 2 2.2 2.3 2.5 2.7 2.8 3 3.1 3.3 3.5 3.6 3.8 4 4.1 4.4 5.4 6.4 11.4 10.3 8.8 7.7 11 11.5 12 11.1 9.3 7.7 6.9 6.4
-4 -4 -4 -4 -4 -4 -4 -4 -4 -4 -4 -4 -4 -4 -4 -4 -4 -4 -4 -4 -4 -4 -4 -4 -4 -4 -4 -4 -4 -4 -4 -3.9 -3.7 -3.5 -3.4 -3.2 -3 -2.9 -2.7 -2.5 -2.4 -2.2 -2 -1.9 -1.7 -1.5 -1.4 -1.2 -1 -0.9 -0.7 -0.5 -0.4 -0.2 0 0.1 0.3 0.5 0.6 0.8 1 1.1 1.3 1.4 1.6 1.7 1.9 2.1 2.2 2.4 2.5 2.7 2.9 3 3.2 3.3 3.5 3.7 3.9 4 4.2 4.6 6 7.3 10.3 9.7 8.6 7.6 10.1 10 11.2 11.3 8.7 7.7 7 6.3
-4 -4 -4 -4 -4 -4 -4 -4 -4 -4 -4 -4 -4 -4 -4 -4 -4 -4 -4 -4 -4 -4 -4 -4 -4 -4 -4 -4 -4 -4 -4 -3.9 -3.7 -3.5 -3.4 -3.2 -3 -2.9 -2.7 -2.5 -2.4 -2.2 -2 -1.9 -1.7 -1.5 -1.4 -1.2 -1 -0.9 -0.7 -0.5 -0.4 -0.2 0 0.1 0.3 0.5 0.6 0.8 1 1.1 1.3 1.5 1.6 1.8 1.9 2.1 2.3 2.4 2.6 2.8 2.9 3.1 3.2 3.4 3.6 3.7 3.9 4.1 4.2 4.8 5.9 7.1 9.6 10.3 9.4 7.3 9.9 10 11.3 9.4 8.6 7.7 7.1 6.6
-4 -4 -4 -4 -4 -4 -4 -4 -4 -4 -4 -4 -4 -4 -4 -4 -4 -4 -4 -4 -4 -4 -4 -4 -4 -4 -4 -4 -4 -4 -4 -3.9 -3.7 -3.5 -3.4 -3.2 -3 -2.9 -2.7 -2.5 -2.4 -2.2 -2 -1.9 -1.7 -1.5 -1.4 -1.2 -1 -0.9 -0.7 -0.5 -0.4 -0.2 0 0.1 0.3 0.5 0.6 0.8 1 1.1 1.3 1.5 1.6 1.8 2 2.1 2.3 2.4 2.6 2.8 2.9 3.1 3.3 3.4 3.6 3.8 3.9 4.1 4.3 4.9 5.9 7.3 9 9.9 8.6 7.5 10.1 11.5 10.4 9.8 8.9 7.9 7.3 6.8
-4 -4 -4 -4 -4 -4 -4 -4 -4 -4 -4 -4 -4 -4 -4 -4 -4 -4 -4 -4 -4 -4 -4 -4 -4 -4 -4 -4 -4 -4 -4 -3.8 -3.7 -3.5 -3.3 -3.2 -3 -2.8 -2.7 -2.5 -2.3 -2.2 -2 -1.8 -1.7 -1.5 -1.3 -1.2 -1 -0.8 -0.7 -0.5 -0.3 -0.2 0 0.2 0.3 0.5 0.7 0.8 1 1.2 1.3 1.5 1.7 1.8 2 2.2 2.3 2.5 2.6 2.8 3 3.1 3.3 3.5 3.6 3.8 4 4.1 4.3 5 5.9 7.6 9 9.2 8.7 6.7 9.1 10.9 13.5 9.8 8.7 7.8 7.4 6.8
-4 -4 -4 -4 -4 -4 -4 -4 -4 -4 -4 -4 -4 -4 -4 -4 -4 -4 -4 -4 -4 -4 -4 -4 -4 -4 -4 -4 -4 -4 -4 -3.8 -3.7 -3.5 -3.3 -3.2 -3 -2.8 -2.7 -2.5 -2.3 -2.2 -2 -1.8 -1.7 -1.5 -1.3 -1.2 -1 -0.8 -0.7 -0.5 -0.3 -0.2 0 0.2 0.3 0.5 0.7 0.8 1 1.2 1.3 1.5 1.7 1.8 2 2.2 2.3 2.5 2.7 2.8 3 3.2 3.3 3.5 3.7 3.8 4 4.2 3.9 5.1 6.4 8.8 8.6 8.6 8.1 7.2 10.1 11.3 13.1 9.3 8.2 7.8 7.6 7.2
-4 -4 -4 -4 -4 -4 -4 -4 -4 -4 -4 -4 -4 -4 -4 -4 -4 -4 -4 -4 -4 -4 -4 -4 -4 -4 -4 -4 -4 -4 -4 -3.8 -3.7 -3.5 -3.3 -3.2 -3 -2.8 -2.7 -2.5 -2.3 -2.2 -2 -1.8 -1.7 -1.5 -1.3 -1.2 -1 -0.8 -0.7 -0.5 -0.3 -0.2 0 0.2 0.3 0.5 0.7 0.8 1 1.2 1.3 1.5 1.7 1.8 2 2.2 2.3 2.5 2.7 2.8 3 3.2 3.3 3.5 3.7 3.8 4 4.2 3.5 4.2 5.4 8.5 10.6 8.4 8.2 7.2 8.7 13.2 14.2 10.4 7.6 7.6 6.8 7
-4 -4 -4 -4 -4 -4 -4 -4 -4 -4 -4 -4 -4 -4 -4 -4 -4 -4 -4 -4 -4 -4 -4 -4 -4 -4 -4 -4 -4 -4 -4 -3.8 -3.7 -3.5 -3.3 -3.2 -3 -2.8 -2.7 -2.5 -2.3 -2.2 -2 -1.8 -1.7 -1.5 -1.3 -1.2 -1 -0.8 -0.7 -0.5 -0.3 -0.2 0 0.2 0.4 0.5 0.7 0.9 1 1.2 1.4 1.5 1.7 1.9 2 2.2 2.4 2.5 2.7 2.9 3 3.2 3.4 3.5 3.7 3.9 4 4.2 3.4 4.1 5.3 8.9 12.1 8.3 8.5 7.1 10.2 12.1 12.1 14.3 9.3 7.7 7.3 7.1
