data/ST29.asc
ncols 200
nrows 200
xllcorner 320000
yllcorner 190000
cellsize 50
[rows 70 to 104 of 200, columns 80 to 159 of 200]
346.4 334.3 316.4 301 279 260.7 239.2 211.6 207.2 232.2 247.2 251.3 253.7 259.1 269.7 274.6 291.8 314.3 345.7 376.5 397.9 410 421.2 425.9 429.6 434 436.5 439 441.1 442.5 444.1 445.8 447.1 449.4 451.5 453.2 454.5 455.7 456.8 456.9 456.3 455 452.6 450 445 439.9 434.9 429.6 421.8 411.4 394.5 370.6 346.2 334.7 327.2 314.8 301.4 295.7 287.6 279.5 275.6 272 267.4 262.3 258.7 252.3 241.3 226.6 214.7 195.3 183 175.9 170.6 167 163.6 160.2 157.5 155.9 153.2 149.7
332.6 316.1 299.2 280.8 264.7 247.9 221.1 195.9 208.9 216.3 223.6 238 250.6 268.3 284.3 299.2 318.4 351 370.1 391.6 407.9 418.9 424.9 428.9 432.1 434.8 437.1 438.7 440.5 441.5 442.3 443.3 444.8 446.6 448.5 450.4 452.6 454.2 455.4 455.7 455.5 454.1 451.8 448.4 444.8 439.4 434.6 428.2 420.9 412 393 373.2 353.6 340.8 331.6 319.7 305.9 298.2 290.7 285.2 280.8 276.2 273 268.8 264.1 251.4 238 223.8 205.6 189.3 180.4 176.5 170.9 168.9 161.6 157.5 154.7 153.4 150.9 146.2
314.4 297.2 279.9 264.1 249.8 227.9 202.2 201.1 224.1 240.1 249 264.2 281 293.4 309.3 328.7 352.7 365.2 387.3 404.4 417.1 422.4 426.6 430.2 433.4 435.8 437.8 439 439.2 439.1 439.7 440.6 441.6 443.7 445.6 447.8 450.1 452.1 453.4 453.9 454.5 453 451 447.7 444.2 439 434.4 428.7 421.1 412.1 390.6 369.2 355.8 345.8 336.3 323.1 311.5 302.7 295.4 289.6 286 283 280.2 274.1 262.4 248.8 234.2 217.5 195.1 186.8 181 175.7 171.1 167.6 161.1 156.3 152.3 148.9 145.5 142.4
301.6 281.7 262.8 250.6 229.5 205.9 193.5 219.9 245.3 264.2 278 291.6 306.5 321.5 340.5 356.2 371.2 389.1 405 415.8 421 424.4 428.1 431.3 434.3 435.8 437.9 438.2 437.6 436.9 436.2 437.1 438.6 440.8 443.1 445.4 447.7 450 451.4 452.4 452.6 451.3 450.1 446.7 443.3 439.1 434.5 428.5 420.9 410.4 391.7 379.1 364.4 352.2 340.9 326.6 315.8 305.5 298.8 294.6 291.1 288.8 283.7 273.8 259.8 245.2 227.1 207.8 191.9 184.4 180 175.6 169.2 165.1 160.1 156.4 153.1 147.9 142.3 128.5
278.4 260.9 247.7 226.2 206.1 189.1 210 239.5 262.3 284.9 304.4 319.7 335.8 350 363.3 377.2 394.8 407.2 415.4 420.2 423.2 426.5 429.4 432.5 435 436.3 437.8 437.2 436.4 433.5 432.2 433.7 435.4 437.9 440.4 442.7 445.2 447.7 449.3 450.5 450.9 449.8 448.8 446.4 443.4 439.2 434.7 428.2 421.8 411.6 398.8 383.1 369.4 354.9 343.6 328.5 318.9 308.9 302.3 298.6 296.4 293.4 284.4 270.5 255.7 239 218.7 201.7 190 183.5 179.8 174.1 167.5 162.8 157 155.1 153.6 147.4 142.4 136.7
257.3 246.7 225.8 205.8 187.5 201.6 230.6 255 278 305.6 329.1 347 359.7 370.3 383.7 398.2 407.4 414.4 419 422.2 425.1 427.8 430.5 433 435.5 436.8 437.8 437 435.8 431.4 423.7 430.1 432.1 434.9 437.8 440.5 443.2 445.5 446.8 448 448.8 448.7 447.3 445.6 442.8 438.9 434.1 427.9 421.4 412.8 402.7 385.2 369.9 355.1 339.8 329.4 321.1 314.5 307.3 303.5 300.9 293.6 279.9 264.8 250.6 230.3 212.2 196.7 188.3 181.9 177 171.1 164.8 159.9 156.2 152.5 149 145.1 138.9 132.7
241 222.9 205.6 188.3 191.5 222 251.7 272 297.7 328.8 350.8 364.2 376.8 389 400 406.8 411.8 416.4 420.1 423.3 426 428.6 431.3 433.6 435.6 437.1 437 436.2 435.4 431.1 420 422 426.8 430.7 435.4 438.4 440.9 442.8 444.2 445.6 446.7 446.9 446 444.3 441.3 437.7 432.7 427.2 419.3 411.1 401.3 379.4 365 350.8 333.6 326.8 321.1 316.6 311.7 307.4 301 291 276 259 245.1 220.8 205.9 193.6 187.7 181.6 175.6 169.3 164.1 161 155.5 150.1 145.2 136 127.2 115.2
214.5 198.9 184.1 185.9 209.3 239.3 268.6 285.7 310.1 334.5 356.3 372.4 386.7 397.2 403.8 409.1 413.6 417.5 421.5 424.4 427.1 429.6 432 434 435.3 436.1 436.4 436 435 432.9 423 404.6 421.3 427.7 433 435.6 437.7 439.8 441.6 443.2 444.4 445 444.3 442.6 439.7 436.4 431.6 425.7 417.7 407.3 390.6 369.8 357.1 342.3 330.4 324.5 320 317.2 312.8 305.6 297.4 284.7 270.2 255.6 235 213.5 200.8 192.1 186.9 181 174.9 169.7 164.9 161.6 156.2 150.5 145.3 135.9 125.5 117.1
188.3 176.6 185.8 196 219.7 244.8 268.9 285.3 305.1 327.4 349.2 369.4 387.2 398.6 405.7 410.3 414.5 418.4 422.9 425.7 427.6 430 432.2 433.5 434.9 435.4 435.7 435.4 434.9 433.4 427.4 407.9 407.6 423.7 430.2 432.4 434.6 436.8 439 440.9 442.3 442.7 442.4 440.9 438.5 435 429.8 423.2 413.6 399.6 377.6 360 347.9 333.4 325.2 320.9 317.9 316.7 309.5 301.7 291.2 277.5 262.7 241.2 222.2 207.8 198.1 193.1 185.3 179.4 175 170.1 164.8 161.9 157.1 151.5 145.5 135.6 121.1 111.9
177.5 191.7 208.1 217.9 217.3 235.1 252.7 271.4 290.4 310.6 332.7 360.4 383.5 398.9 406.2 410.7 414.9 420.2 423.6 426.4 428.3 430.2 431.9 433.1 434 434.6 435 434.6 434 432.8 427.4 412.5 392.7 414.6 424.5 428.6 430.9 433.1 436.3 438.4 440.1 440.5 440.1 438.7 436.6 433 428.1 419.3 407.1 385.8 365.8 350.7 335.1 326.1 320 316.7 315.4 311.5 304.4 296.8 284.2 270 254 231 215 203.6 197 191.6 185.1 179.6 173.6 168.3 163.7 159.5 154.9 150.4 144.8 135.3 119.2 109
202 218.2 234.8 249.5 246.2 244.3 250 262.1 280.9 302 331.5 357.1 382.8 399.7 406.8 411.4 416.5 421.5 424.2 426.7 428.3 429.9 431.1 432 432.7 433.4 434 433.8 433.2 431.2 426 410.7 382.9 400.6 417.7 424.5 427.6 430.9 434 436.1 437.7 438.5 438.1 435.9 433.6 430.2 424.6 412.6 392.3 370.5 354.8 340.9 327.1 320.2 314.5 313.3 311.7 306.2 299.3 290.1 277.4 261.3 241.1 221.2 208 201.4 196.7 189 184.6 176.5 171.8 167.2 162.2 157.3 152.4 146.5 140.9 131.2 120.1 108.2
229.3 245.1 263 273.9 271.1 270.6 277.1 286.9 306.7 328.2 348.1 367.6 388.3 402.2 408 413.3 418.2 421.5 424.2 426.4 427.8 429.1 430 430.8 431.5 432.2 432.8 433 431.5 429.5 424.6 407.3 380.2 387.5 408.2 418.8 423.4 427.8 431.4 433.9 435 435.8 435.5 433.1 430.8 426.3 418 400.2 373.8 358.4 343.2 328.4 319.9 313.5 308.9 309.5 305.3 300.1 293.8 282.1 268 252.3 228.3 216 206.5 201.1 195.7 187.8 181.2 176.8 172 167.4 162.2 156.7 150.5 146.1 136.8 126.4 118 110.5
254.6 270.5 284.2 296.2 299.6 301 308.6 319.7 335.7 351.8 365.5 382.3 395.3 405.2 411 415.3 418.4 421.6 423.8 425.8 426.8 427.5 428.3 429.5 430.3 430.9 431.7 431.9 430.8 428.3 424.1 409.5 381.6 369.2 390.2 408.6 418.7 425.3 428.4 430.6 432.6 433.5 432.9 430.8 427.3 421 408.4 383.2 362.1 346.9 332.7 319.2 312.3 307 305.3 303.7 299.4 295.1 286.9 272.5 257.1 242.7 222.4 211.6 204.5 199.2 194.5 187.7 181.8 176.9 172.8 166.9 162.6 156.4 151.6 146.9 138.5 122.9 112.1 108.9
276.4 296.6 311.6 324.1 330.6 336.1 341 349.3 357.7 369 381.9 395.1 402.8 409 413.5 415.8 419 421.3 423 424.5 425 425.6 426.3 427.6 428.8 429.7 430.4 430.6 430 427.2 421.9 410.9 383.4 359 372.2 392.6 411.8 420.2 424.8 427.9 430.1 431.4 430.2 427.3 422.1 411.7 393.4 368.9 350.6 336 322.2 312.5 307.4 302.8 301.7 298.3 293.8 289.6 278.8 262.4 248 232.1 215.7 208.5 203.4 198.1 192.8 188.1 183.1 178.2 172.1 168.3 164.3 160.4 155.7 151 144 133.5 112 105.5
297.4 316 333.1 346.5 356.1 364.2 367 372.2 381.5 388.2 396.2 403 407.5 411.2 413.7 416.4 418.7 420.6 422 422.7 423.3 423.7 424.3 425.6 426.9 428.3 429.1 429.4 428.7 425.5 420.4 410.7 382.9 358.3 360.9 386.6 406.2 416.3 421.6 425.3 427 427.9 426.3 422.4 413.6 397.1 376.6 355.4 339.3 324.5 312.9 306.5 301.8 299.2 296.5 291.3 286.4 280.3 268.3 253.7 236.9 222.4 212.3 204.6 200 195.4 190.5 185.9 182.6 179.1 174.5 170.3 167.1 161.5 158.3 153.5 145.6 136.1 122 102.3
305.8 327.8 348.8 362 371.2 378.5 383.8 391.5 395.1 399.8 402.6 406.3 408.9 412 414.3 416.4 418.1 419.7 420.5 420.7 420.5 420.6 421.7 423.7 425.4 426.8 427.8 428.2 427 424.4 418 405.1 375.4 352.1 354.3 378.2 400.1 412.3 419.7 422.2 423.9 423.5 421.4 414.6 403.2 383 358.3 344.2 328.4 314.8 305.6 299.8 292.8 293.1 289.3 284.8 279 270.7 258.8 245.7 227.3 216.5 210.2 204.1 199.3 195.2 188.9 186.3 181.5 177.9 173.9 170.5 166.2 161.4 156.7 152.3 144.6 135.8 125.7 114.2
304.6 329.5 354.9 368.4 379.9 388.3 394.4 397.9 401.1 403.6 405.9 407.9 409.9 412.1 414 416 416.9 417.4 418.1 417.8 417.4 417.6 419 421.9 423.9 425.4 426.6 427 424.9 422.2 416.4 402.2 370.3 348.3 346.4 368.8 393.2 406.9 416.5 419.9 420.9 419.6 416 406.7 389.3 364.3 347.2 332.6 317.2 306.1 299.6 293.8 289.9 286.4 282.7 277.1 271 261.5 248.3 235.9 222.6 213.7 208.2 201.2 197.3 192.7 185.9 182.9 180 176.3 173.3 169.7 166.3 159.9 154 149.1 141.4 133.3 122.7 112.3
296.3 326 354.3 374.5 386.5 393.1 396.6 399.7 402.3 404.5 407.1 408.8 410.4 412.2 413.8 414.1 414.6 415.1 415.1 414.4 413.8 411.8 416 420.3 422.6 424.3 425.5 425.3 423.1 419.9 414.6 400.6 370.9 346.3 339.1 361 384 403.4 413.1 417.1 417.6 415.5 409.3 396.9 377 349.1 334.3 326.2 305.5 300.3 294.5 288.7 284.4 281.3 276.4 271.7 263.5 251.8 241.4 229.9 217.1 212.1 206.5 200.6 192.3 187 184.2 180.7 177.8 174.3 171.7 168.2 164.4 158.6 151.7 147.9 138.3 126.9 119.8 113.9
293.7 321.9 352.6 375.9 388.7 394.9 398.3 401.2 403.3 405.5 407.8 409.6 411.3 411.6 411.4 410.9 411.2 411.7 411.4 410.7 410.1 406.6 414.5 418.6 421 423 424.2 423.2 420.8 417.6 413 402.7 374.1 347.4 330.8 353.8 376.6 396.8 409.5 413.9 415.1 412.5 404.9 388.7 363.5 344.8 328 313.9 301.9 295.1 289.6 284.4 279.5 276.1 270.5 263.7 255.5 244.6 234.4 225.6 217 207.8 203.3 198.5 186 182 180.9 178.1 173.8 172 168.3 165.1 161.7 158.5 152.9 147.3 142.5 129.6 121.5 115.6
294 324.2 354.1 378.3 389.5 395.7 399.3 402.2 404.3 406.3 408.2 409.9 410 409.8 409 408.2 407 407 407.2 405.6 403.1 400.7 412.9 417.2 419.8 421.6 422.4 420.3 418 414.6 409.8 400.8 379.7 349.9 327.8 349.9 370.8 389.9 405.4 410.8 411.9 409.3 398.5 382.8 353.7 337.1 320 305.7 296.8 290.9 285.8 280.3 275.7 271.8 264.6 258 248.6 239.4 230.7 221.8 213.8 206.6 200 191.7 183.8 178.9 175.2 173.8 170.4 167.8 165.3 161 159.1 153.6 153.9 149.9 141.8 136.9 124.6 121.7
301.3 330.2 357.9 379.7 390.1 396.5 400.1 402.7 404.6 406.5 408.2 408.7 408.2 406.4 405 404.6 402.2 400.4 398 393.2 388.4 403.3 412.5 415.7 418.6 419.8 418.6 416.7 413.5 409.5 403.8 391.1 375.2 354.1 325.2 345.7 370 385 401 409 409.1 405 394.2 375.2 350 329.8 310.9 302.3 294.2 287.7 282.4 276.8 272 267 258.4 252.8 243.4 235.2 227.5 218.2 209.4 203.9 198.4 191.7 185 178.1 169.3 164.9 163.4 162.3 161.1 158.8 154.3 153.6 151 148.7 140.2 135.4 130.3 122
306.7 334.6 362.1 380.2 391.2 397.1 400.2 402.6 404.9 406.3 407.5 406.9 405.4 403.4 399.4 395.1 389.4 386.6 379.8 373.4 389.6 405.8 412.4 415.1 417 416.7 414.2 410.7 406.5 400.5 387.2 373.2 361.2 346.4 322.5 345.5 369.1 383.5 400 406.8 406.4 401.5 388.1 366 347.5 325.8 306.7 298.3 291.7 285.4 279.4 272.8 268.4 263.4 257.6 248.4 238.9 230.2 222.2 212.9 207.4 200.6 194.6 189.3 181.9 176.3 171.6 166.4 161.6 154.9 156.2 154.3 152.5 150.2 147.9 146 141.5 134.3 129.7 124.6
307.2 335.1 361.3 381.2 390.9 397.8 400.5 403.3 404.1 404.8 406.2 404.8 402.3 397.1 387.7 377.8 372 363.4 359.1 380.8 395.5 407.1 411.6 413.9 414.8 411.4 407.8 403.3 392.4 380.7 366.6 357 344.1 329.9 317.6 349.3 371.8 388.7 401.5 405.7 403.9 395.4 378.9 357.7 341.2 319.8 303.3 295.9 289.5 283.1 277 269.1 265.3 258.1 252.4 243 233.9 225.1 216.9 206.5 202.2 197.2 190.4 186 178.9 172.8 169.3 165.1 161.7 158.1 153.2 151.5 148.5 146.9 145.2 141.3 136.5 132.2 129.4 126.4
310.4 338.2 363.5 382.7 392.5 398.8 401.5 403.6 404.3 402.1 403.6 401.8 396 385.4 366.5 354.5 342.9 354.7 375.8 388.3 400.3 406.9 409.4 411.1 409.6 405.1 399.3 384.9 371.8 359 349.3 336.6 324.9 314.9 331.2 357.2 376.2 393.7 402.3 405.1 401 390.7 369.4 352.6 335 316.1 303.6 296.1 289.7 281.6 274.6 269 263.1 257.3 247.7 238.2 228.4 218.9 209.1 202.6 196.7 193.1 185.9 181.9 175.5 170.4 166.5 163.2 159.7 155.8 152.3 145.7 143.5 143 138 137.3 133.8 127.9 125.2 126.6
325.8 350.4 371.3 385.4 394.8 399.2 401.9 404.1 405.2 403.1 392.2 396.9 384.9 363.6 344.7 327.5 349.8 367.3 380.8 392.8 400.5 403.4 405.8 404.6 401.7 393.7 381.5 367.1 352.9 340.2 328 316.4 310.1 324.4 345.3 365.4 382.1 394.4 403.3 403.3 397.3 383.7 362.7 347.3 327.5 312.9 303.7 297.4 290.4 283.4 276.2 268.4 260.8 252.1 245 234.6 225.4 216.3 205.4 198.2 191.7 185.5 180.8 176 168.6 166.1 162.4 159.6 156.4 151 150.6 148.3 137.8 137.2 136.6 134.3 130.9 125.7 122.5 124.2
346.1 365.5 379.8 389.6 396.1 399.9 402.7 404.8 405.6 404 399.3 383.1 365.2 342.6 322.2 326.4 354.3 371.1 379.8 389.8 395.1 397.7 397.8 395.1 388.8 378 363.4 350.3 334 318 309.1 306.4 331.4 345.2 359.9 375 391 400.5 403 400.7 394.1 372.7 357.8 341.9 323.6 311.1 304.1 298 292.5 285.2 277.2 268 258.7 247.5 240.1 228 219.7 210.1 203.5 195.8 185.9 178.8 175.2 171.2 163.5 160.4 157.8 154.5 149.7 147.8 145.9 145.1 142.2 132.2 132 129.5 126.4 125 119.5 120.5
366.3 377.5 386.7 393.1 397.7 400.6 403.5 405.2 405.8 403.6 398 373.5 346.9 324.2 303.7 329.1 346.8 363.5 370.8 378.9 385.8 387.5 385.3 378.3 369.4 359.3 347.2 330.9 314.5 303.5 314.2 330.2 349.5 365.3 373.1 386.1 398.4 402.9 402 398.5 384.6 366 351.5 335.1 320.7 311.8 305.6 300.3 294.1 287.9 278.2 266.7 253.5 242.8 233 222 213.6 207.1 201.4 191.4 185.2 179.8 169.1 162.9 159.3 155.4 152.6 147.9 145.9 143.9 142.1 141.1 139.9 135.7 125.9 123.8 122.9 119.5 118 117.4
377.7 385.8 390.6 394.8 398.7 401.8 404.7 406.2 406.1 403.4 395.4 367.3 338.6 310.8 302.6 318.3 330.7 345.1 356 360.2 366.9 369.7 364.7 358.3 351.2 340.7 327.5 311.6 296.5 306.7 329.7 345.2 367 375.4 377.2 392.1 404.8 405 402.4 396.2 375 359.7 345.9 331.8 321.2 314.7 309.2 303.4 297.5 288.8 273.5 259.3 247.4 235.6 225.7 216.6 210.4 200.7 196.2 188.9 183 176.9 171.3 162 156.4 150.3 146.9 143.7 141.4 139.9 138 138.3 135.1 133.4 127.4 118.9 119.1 116.4 113.9 114.6
384.3 388.3 392.7 396.4 399.4 402.5 405.2 406.7 405.8 403 394.7 364.4 335.2 306.3 286.6 301.9 311.5 319.4 330.6 338.8 346.7 349.4 344.7 338.7 331.4 319.5 307.1 290.1 293.8 315.3 341 360.8 370.1 382.2 381.7 390.7 408.4 407.6 401.9 391.5 367 353.2 339.6 328.1 323 318.2 312.6 306.4 298.6 283.2 265.8 252.7 240.1 228.8 219 209.7 202 197.9 189.9 184.5 180.8 174.3 164.1 162.1 157 150.1 143.6 139.3 136.3 135.1 132.8 131.4 131.1 129.9 126.4 118.3 114.5 112.7 111.6 109.7
387.3 391.3 394.3 397.2 400.1 403.1 405.2 406 405.1 402.5 394.9 365.8 339.3 312.6 284.9 278.9 289.5 297.2 305.9 317.8 325.2 328.1 326 319.4 308.8 299.1 283.9 295.9 307.9 335 353.5 367.3 375.5 385.8 384.3 392.9 411 406.8 400 378.2 358 348.5 336.6 328.5 324.4 319.6 314.5 306.2 292.2 273.1 258.2 245.8 234.1 222.4 212.5 204.1 192.5 186.9 182 176.9 175.9 169 162.5 157.2 155.9 148.4 141.1 139.3 131.7 130.3 128.4 125.5 125.9 126.4 122.9 117 111.3 109.5 108 105.4
389.2 392.2 395.3 398.1 400.7 402.7 404.3 404.5 403.6 401.1 396.8 375 349.8 323.8 299.3 275.6 269.6 277.7 288.5 296.5 308.3 311.9 308.2 298.7 287.4 278.3 292.7 303.6 330.1 350.9 371.4 377.3 383.8 385.7 384.4 398.8 410.2 403.8 388.5 363 357.9 340.5 334.1 329.2 325.4 320.2 314 304.9 287.4 267.4 252.3 238.9 225 213 204.6 195.3 187.3 181.8 177.9 173.1 168.7 164.6 160.6 154 149.7 145.4 140.6 135.8 131.9 127.7 124.2 122.1 121.2 121.8 119.5 113.8 108.3 106.1 104.9 102.9
388.8 392.6 395.3 397.7 399.7 401.6 402.4 402.4 401.2 398.8 397.7 386.5 363.4 338 313.7 289.8 271.3 255.3 264.9 273.4 282.7 285.7 282.2 273 273 284 302.4 326.6 345.6 365.3 376.6 379.3 379.1 383.4 394 408.7 407.8 396.9 371.8 357.6 345.7 332.6 329.1 325.9 322.9 319.6 312.9 300.5 281 264.1 247 227.8 209.9 207.1 197.7 189.8 183.7 178.2 172.7 168.8 164.2 160.6 156.9 152.4 148.8 140.4 136.7 134.2 132.1 126.9 122.1 119.3 118.8 116.5 114.9 109.7 107 102.9 101.5 100.2
387.5 391.5 394.3 396.6 398.6 399.6 399.9 399.3 397.7 394.9 392.9 387.1 376.9 354.6 328.6 306.7 286.3 268.1 252.6 252.7 266.2 269.9 263.8 269.3 279.9 297.1 323.8 340.2 356.4 372.1 377.6 374.2 378.6 396.4 411.2 411.1 402.7 379.5 360 345.5 332.8 326.9 324.4 322.6 320 316 308.9 295.3 276 256.9 241.3 218.1 208.5 203.1 196.3 186.8 181.5 175.7 170.9 165.7 160.3 159.2 154.1 148.5 145.8 139.9 136.6 133.5 129.7 127.7 121.3 118.7 115.8 111.8 109.8 107.1 104.3 100.4 98.9 97.6
386.2 390.2 393.4 395.6 397.3 397.7 396.4 395.6 394.1 390.8 387.8 383.7 377.2 369.5 349.2 325.2 300.6 286.4 272.6 254.1 249.7 254.4 264 279.6 293.8 313.3 334.9 348.8 361.9 374.1 377.9 377.5 390 407.3 411.3 406.4 390.4 365.1 349.8 336 326.9 322.2 319.7 318.4 314.3 310.8 303.5 286.5 271.4 249.3 232.9 211.1 205.8 200.4 194.1 186.8 178.3 174 168.5 163.8 159.3 155.1 150.4 144.3 141.8 137.4 133 131.2 127.9 125.9 121.1 117.6 113.4 110.4 107.5 104.8 101.3 98.7 96.9 96
384.3 388.5 392.6 394.6 395.7 395 393.2 390.9 387.6 384.7 381.1 377.4 372.8 367.4 357.6 335.3 307.8 289.9 271.1 253.4 242.4 259.8 276.4 292.8 310.1 329.9 346.6 363.3 374.5 388.3 395.2 397.8 404.9 412.5 408.8 398.7 372.9 354.6 340.1 327.7 322 318.2 316.4 313.5 308.8 304.2 295.2 279.7 265.9 245.2 222 209.4 203 197.7 191.5 186.3 176.2 171.8 165.9 162.8 157.3 152.2 146.9 141.4 137.9 133.3 131.7 129.3 126.1 122.6 121.1 115.7 113.2 109.4 107.1 104.3 102 98.9 96.2 93.5
