data/ST45.asc
ncols 200
nrows 200
xllcorner 340000
yllcorner 150000
cellsize 50
[rows 148 to 184 of 200, columns 83 to 165 of 200]
8.7 9.1 9.5 9.8 10 10.1 10.2 10.8 11.3 11.5 11.7 11.9 12.1 12.1 12.1 11.4 9.8 7.6 6.3 6.1 5.9 5.8 5.9 5.9 5.8 5.8 5.8 5.9 6 6.1 6.3 6.4 6.6 7.1 7 6.9 7 7.9 7.6 7.9 8 8.1 8.7 10.3 12.6 14.5 16.4 18.1 19.5 21 22.7 24.5 27.8 34.6 43.9 48.3 52.8 57.6 63 67.6 70.4 74.7 81.6 87.8 94.9 103.8 115.8 127.8 137.6 149.6 162.3 171.5 180.7 191.8 204.4 216.4 227.1 233.1 235.7 238.1 239.2 240.5 240.7
8.6 8.9 9.3 9.6 10 10.4 10.5 10.9 11.2 11.4 11.4 11.4 11.4 11.4 11.4 10.2 8.2 6.6 6.3 6.1 5.9 5.9 5.9 5.8 5.8 5.8 5.8 5.9 6 6.1 6.2 6.4 6.4 7 6.9 6.8 6.8 7.7 7.1 7.7 7.7 7.7 9.2 11.1 13.9 16 17.6 19.3 21 22.7 24.5 26.8 30 40.9 46.8 50.2 52 55.5 59.7 64.1 69.5 75.4 81.6 88.1 97 107.1 119.3 130.1 140.8 152.6 164.1 173.9 182.5 191.8 203.7 215.7 224.1 229.6 232.8 235 237.1 239.2 239.9
8.4 8.7 9.1 9.4 9.8 10.2 10.5 10.9 11 11.1 11.2 11.3 11.3 11.4 10.1 8.8 7.1 6.3 6.3 6 5.9 5.9 5.8 5.8 5.8 5.8 5.8 5.8 6 6.1 6.2 6.3 6.5 6.7 6.8 6.7 6.7 6.9 6.6 6.9 7.2 7.6 11.7 14.5 15.7 16.8 18.4 20 21.7 23.9 25.8 28.3 34.2 43.2 47.2 48.9 50 54.5 59.8 65.5 71.7 77.4 82.3 88.9 98.8 108 120.8 133.8 144.2 155.6 166.6 176 184.5 193.5 204.8 215.2 221.8 225.5 229.3 232.5 234.7 237.4 239.6
8.2 8.5 8.9 9.2 9.5 9.8 10.1 10.7 11.1 11.2 11.3 11.4 11.1 9.8 8.4 7.1 6.2 6.1 6 5.9 5.9 5.8 5.8 5.8 5.8 5.8 5.7 5.8 5.9 6.1 6.2 6.3 6.4 6.6 6.7 6.6 6.6 6.5 6.4 6.8 7.1 8 12.4 14.1 15.4 16.6 18.6 20.1 21.8 24.1 26.9 29.5 38.1 42.3 43.6 44.3 48.3 53.7 59.4 66.1 72.6 77.8 82.6 89.2 99.9 110.7 122.6 134.7 146.9 159 170.1 178.6 186.8 195.8 207.1 214 218.3 222.1 225.8 229.5 232.3 235.5 238.2
7.8 8.1 8.4 8.7 9 9.3 9.8 10.5 11.2 11.3 11.4 10.8 9.4 8.1 6.7 6.2 6 5.9 5.8 5.8 5.8 5.8 5.8 5.8 5.8 5.7 5.7 5.8 5.9 6 6.2 6.3 6.4 6.5 6.5 6.5 6.4 6.4 6.3 6.4 7 8.8 12 13 14.2 16.5 18.2 20 21.9 24 26.8 30.6 36.1 38.3 39.1 41.9 46.8 52.2 58.1 64.3 70.5 76.9 83.1 89.6 100.2 110.8 122.3 134 144.3 157.8 170.8 178.6 184.8 194.1 204.5 211.7 214.9 218.7 222.4 226.1 229.7 231.7 235.2
7.4 7.6 7.9 8.2 8.5 8.9 9.6 10.3 10.9 11 10.3 8.9 7.5 6.2 6.2 6.1 5.8 5.8 5.8 5.8 5.8 5.8 5.8 5.8 5.7 5.7 5.7 5.8 5.9 6 6.1 6.3 6.4 6.5 6.4 6.3 6.3 6.3 6.2 6.1 7.3 8.6 9.8 11.1 13.3 16.6 18.2 19.9 21.7 23.7 26.3 28.9 32.5 34 36.6 40.3 44.3 49.8 55.6 61.4 66.9 73.5 80.4 89.6 100.3 110.9 120.1 130.4 140.7 155.6 167.6 176.1 182.2 190.9 199.3 206.1 211.3 215.1 218.8 222.5 224.7 226.7 229.8
7.1 7.4 7.6 7.8 8.1 8.7 9.4 10 9.7 9.1 8.3 6.9 6.1 6.1 6.1 6 5.8 5.8 5.8 5.7 5.8 5.8 5.7 5.7 5.7 5.7 5.7 5.7 5.9 6 6.1 6.2 6.3 6.3 6.2 6.1 6.1 6.1 6.1 6.2 6.4 6.8 8.7 10.3 15.1 16.4 17.9 19.6 21.1 22.9 25.1 27.2 29.7 31.2 33.3 37.5 41.9 46.9 51.7 56.3 60.9 68.1 76 87.5 98.3 106.6 115.5 126.1 137.6 152.3 164.4 171.8 179.2 187.4 192.3 199.4 206.5 211.2 214.9 218.6 218.1 220.8 225.1
6.9 7.1 7.3 7.5 7.4 7.7 8.3 8.9 7.9 7.3 6.3 6 6 6 5.9 5.9 5.8 5.7 5.7 5.7 5.7 5.7 5.7 5.7 5.7 5.7 5.7 5.7 5.8 6 6.1 6.2 6.2 6.2 6 6 5.9 6 6 6.4 6.5 6.8 8.7 11.7 14.3 16 17.2 18.4 19.9 21.4 23.6 25.8 27.3 28.7 31.9 36 40.2 44.1 48.1 52.9 57.8 64.3 73.5 84.9 94.9 102.8 111.9 123.3 134.3 147.7 159.4 166.8 175 180.6 186.2 191.8 200.6 206.5 211 213.5 213.1 215 223.4
6.6 6.8 6.8 6.6 6.5 6.8 7.1 7.3 6.1 5.7 6 6 5.9 5.9 5.9 5.8 5.8 5.7 5.7 5.7 5.6 5.7 5.7 5.7 5.7 5.7 5.6 5.7 5.8 5.9 6.1 6.1 6.1 6 5.8 5.8 5.7 5.8 5.9 6.3 6.9 8 9.9 12.4 14 15.1 16 17.4 18.8 20.2 22 23.7 25.6 27.5 31.6 34.8 38.2 41.9 45.8 50.1 54.8 62.8 73.4 84.1 92.6 99.9 108.1 118.7 130.2 143 156.1 163.8 168.3 175 181 186.5 191.7 199.7 205.7 204.9 204.7 213.2 222.8
6.3 6.1 5.9 5.7 5.7 6.1 6.4 6.6 5.5 5.6 5.9 5.9 5.9 5.9 5.9 5.8 5.8 5.7 5.6 5.6 5.6 5.6 5.6 5.6 5.6 5.6 5.6 5.7 5.8 5.9 6 5.9 5.9 5.9 5.7 5.5 5.6 5.7 5.8 5.9 6.5 9.3 11 11.9 13.1 14.1 14.9 16.3 17.7 19 20.3 22.2 24.1 26.3 29.8 32.8 35.8 38.7 42.7 47 55.1 63 72.9 82.2 90.3 96.3 103.5 114.5 126.2 138.3 149 155.3 162.9 169.3 175.7 181.1 186.4 192.1 195.4 195.5 202.5 212.2 224.4
5.6 5.6 5.6 5.6 5.6 5.7 6.1 6.4 5.8 5.6 5.9 5.9 5.9 5.9 5.9 5.8 5.8 5.7 5.6 5.6 5.6 5.5 5.6 5.6 5.6 5.6 5.6 5.7 5.8 5.9 5.8 5.8 5.8 5.8 5.7 5.5 5.7 5.7 5.8 5.8 7 9 10 11 12 13.1 13.9 15.1 16.5 17.7 18.8 20.4 22.2 24.1 27.1 29.9 32.6 35.2 38.8 44.8 52.6 62 71 78.6 85.7 91.1 98.4 108.8 120.9 130.6 138.9 150 159.3 164.9 170.5 175.9 181.2 184.4 186.1 193.7 202 212.9 224
5.6 5.6 5.6 5.6 5.6 5.6 5.7 6 6.2 5.5 5.8 5.8 5.8 5.8 5.8 5.8 5.8 5.7 5.7 5.6 5.5 5.5 5.5 5.5 5.6 5.6 5.6 5.6 5.7 5.7 5.7 5.7 5.7 5.7 5.7 5.4 5.8 5.8 5.8 5.8 6.8 8 9.1 10.1 11.1 12.1 12.9 13.9 15.2 16.2 17.3 18.6 20.4 22.2 24.2 27 29.6 32.1 35.6 41.9 50.4 59.9 67 73.6 80.2 86.4 92.5 102.4 112.5 122.2 133 145 152.1 159.3 165.9 171 169.6 171.1 182.9 191.4 200 211.6 222.8
5.6 5.6 5.6 5.6 5.6 5.6 5.6 5.7 6 5.4 5.8 5.8 5.8 5.8 5.7 5.8 5.8 5.8 5.7 5.6 5.5 5.5 5.4 5.5 5.5 5.5 5.5 5.6 5.6 5.6 5.6 5.6 5.7 5.7 5.7 5.4 5.7 5.9 5.8 5.8 7 8.4 8.6 9.3 10.2 11.1 12.1 12.9 13.8 14.9 15.7 16.9 18.6 20.7 22.2 23.9 26.6 29.8 33.7 39.1 47 55.3 63.2 70 76.7 81.9 87.2 97.4 107.4 118.4 128.9 135.8 144.6 154 156.4 150.9 147.7 165.5 180.2 189.7 198.8 209.9 221.5
5.7 5.7 5.7 5.7 5.7 5.7 5.6 5.6 5.6 5.8 5.7 5.7 5.7 5.7 5.7 5.8 5.8 5.8 5.7 5.6 5.5 5.5 5.4 5.5 5.5 5.5 5.5 5.6 5.6 5.6 5.6 5.7 5.7 5.7 5.7 5.7 5.8 5.9 5.9 6 6.4 8.4 8.4 8.4 8.8 10.3 11.7 12.3 13 13.8 14.8 15.2 17 19.2 20.9 22.9 25.5 28.6 32.4 36.5 43.6 51.4 59.1 65.1 71.8 77.1 84.2 93.1 101 109.6 120.4 130.3 137.3 141.6 134.2 129.7 145.3 167.5 177.9 187.4 196.6 208.2 221.5
5.7 5.7 5.7 5.7 5.7 5.7 5.7 5.6 5.6 5.6 5.6 5.6 5.7 5.7 5.8 5.8 5.8 5.7 5.7 5.5 5.5 5.5 5.5 5.5 5.5 5.6 5.6 5.6 5.6 5.7 5.7 5.7 5.7 5.7 5.7 5.7 5.7 5.8 5.8 5.9 6 7.1 8.4 8.4 8.4 10.1 11.1 11.5 12.3 13.5 14.7 15.9 17.4 18.6 20 22.8 25.2 27.6 31.2 35 40 47.6 53.8 60.5 66.5 72.9 79.8 86.8 94.3 101.8 112.5 123.2 127.4 119.7 114.7 131.3 152.1 166.2 175.7 185.1 194.8 207.8 220.9
5.7 5.7 5.7 5.7 5.7 5.7 5.7 5.7 5.7 5.6 5.6 5.7 5.7 5.8 5.8 5.8 5.8 5.7 5.6 5.5 5.5 5.6 5.5 5.5 5.6 5.6 5.6 5.6 5.7 5.7 5.7 5.7 5.7 5.7 5.8 5.8 5.8 5.8 5.8 5.8 5.8 6.1 7.9 8.4 8.5 9.3 10 10.7 11.5 12.8 14 15.3 17.3 19.2 20.9 22.9 24.8 26.7 30.4 34 37.7 42.8 49.6 56.2 62 68.5 75.2 81.9 88.9 96.2 104.8 114.1 107.4 105 123.2 140.5 149.3 160.9 172.5 182.1 193 205.2 217
5.8 5.8 5.8 5.8 5.8 5.8 5.8 5.7 5.7 5.7 5.7 5.7 5.7 5.8 5.8 5.9 5.8 5.7 5.6 5.5 5.5 5.6 5.6 5.6 5.6 5.6 5.7 5.7 5.7 5.7 5.8 5.8 5.8 5.8 5.8 5.8 5.8 5.8 5.8 5.8 5.8 5.8 6.5 7.7 8.4 8.6 9 9.8 10.6 12.2 13.3 14.8 16.2 18.3 20.4 22.4 24.4 26.3 29.6 33.3 37 40.8 45 51.6 57.5 64.1 70.8 77.5 83.3 89.8 95.6 101.9 95.3 115 126.8 133.4 141.5 151 166.3 178.4 190 202.1 213.5
5.8 5.8 5.8 5.8 5.8 5.8 5.8 5.8 5.7 5.7 5.8 5.8 5.8 5.8 5.9 5.8 5.7 5.6 5.5 5.4 5.5 5.6 5.6 5.6 5.7 5.7 5.7 5.7 5.7 5.8 5.8 5.8 5.8 5.8 5.8 5.8 5.8 5.8 5.8 5.8 5.8 5.8 6 7 8.1 8.4 8.6 8.8 9.7 11.5 12.8 14.3 16 17.7 19.7 21.7 23.7 25.6 28.3 31.8 35.3 38.3 41.3 47 53.2 59.7 66.3 73 78 83.2 87.4 87.8 100.9 109.8 115.9 123.1 132.7 143.1 155.2 171.5 186.4 199.4 211
6 6 5.9 5.9 5.8 5.8 5.8 5.8 5.8 5.8 5.8 5.8 5.9 5.9 5.9 5.8 5.7 5.6 5.5 5.4 5.5 5.6 5.7 5.7 5.7 5.7 5.8 5.8 5.8 5.8 5.8 5.8 5.8 5.8 5.8 5.8 5.8 5.8 5.7 5.7 5.7 5.7 5.8 6.4 7.4 8.2 8.4 8.6 9.6 11.1 12.2 13.8 15.3 16.9 18.6 20.6 22.6 24.3 26.2 29.7 32.7 35.2 37.9 42.8 48.8 55.4 61.9 67.9 72.6 76 77.2 82.6 92.6 99.6 105.9 113.5 121.6 134.2 149 165.9 182.8 195.9 208.4
6.2 6.1 6.1 6 6 5.9 5.9 5.9 5.9 5.9 5.9 5.9 5.9 5.9 5.8 5.8 5.6 5.5 5.4 5.4 5.5 5.6 5.7 5.7 5.7 5.8 5.8 5.8 5.8 5.8 5.8 5.8 5.8 5.8 5.8 5.8 5.7 5.7 5.7 5.7 5.7 5.7 5.8 6.1 6.8 7.8 8.2 8.6 9.9 10.7 11.7 12.9 14.3 15.9 17.6 19.5 21.3 23 24.7 27.2 29.9 32.7 35.3 39.4 44.1 50.4 57.3 62.7 66.3 68.6 69.5 78.1 85.8 90.9 97.7 105.3 114.5 126.7 142.1 157.9 175.3 192.2 204.5
6.4 6.3 6.3 6.2 6.2 5.9 5.8 5.9 5.9 5.9 5.9 5.9 5.9 5.9 5.8 5.7 5.6 5.5 5.4 5.4 5.5 5.6 5.7 5.8 5.8 5.8 5.8 5.8 5.8 5.8 5.8 5.8 5.8 5.7 5.7 5.7 5.7 5.6 5.6 5.6 5.6 5.7 5.8 5.8 6.5 7.2 7.9 8.8 9.5 10.3 11.3 12.5 13.8 15 16.5 18.3 20 21.7 23.5 25.6 27.9 30.4 33.1 36.1 40.4 44.6 51.3 57.2 60.8 62.4 65.1 71.5 76.6 83.3 91.2 100.3 109.9 122.2 136.5 152.9 170.1 188.8 199
6.6 6.5 6 5.9 5.8 5.7 5.7 5.9 5.9 5.9 5.9 5.9 5.9 5.8 5.7 5.6 5.5 5.4 5.3 5.4 5.5 5.6 5.7 5.8 5.8 5.8 5.9 5.8 5.8 5.8 5.8 5.7 5.7 5.7 5.7 5.6 5.6 5.6 5.6 5.6 5.6 5.7 5.7 5.8 6.2 6.9 7.7 8.4 9.1 9.9 10.9 12.2 13.4 14.6 15.9 17.3 18.7 20.5 22.3 24.4 26.6 29 31.6 34.2 36.7 41.1 44.8 50.6 54.8 56.5 61.7 67.2 73.1 81.2 90.5 98.5 106.3 117.5 132.6 149.5 166.3 180.4 189.7
5.9 5.8 5.7 5.7 5.6 5.5 5.8 5.9 5.9 6 5.9 5.9 5.8 5.7 5.6 5.5 5.5 5.4 5.3 5.4 5.5 5.6 5.7 5.9 5.8 5.8 5.8 5.8 5.7 5.7 5.7 5.7 5.6 5.6 5.6 5.6 5.6 5.5 5.5 5.5 5.6 5.6 5.7 5.8 5.9 6.6 7.4 8 8.7 9.5 10.5 11.8 13 14.3 15.9 17.3 18.7 20.2 21.8 23.6 25.7 27.7 30.3 32.9 35.5 38.2 41.9 46.7 49.5 53 60.2 65.4 72 80 89 98.5 105.4 114.3 129.3 143.9 158 170.1 180.6
5.7 5.6 5.6 5.5 5.4 5.5 6 6 6 6 5.9 5.8 5.7 5.6 5.5 5.5 5.4 5.4 5.4 5.5 5.6 5.7 5.8 5.9 5.8 5.8 5.7 5.7 5.7 5.7 5.6 5.6 5.6 5.6 5.5 5.5 5.5 5.5 5.4 5.5 5.6 5.6 5.7 5.7 5.8 6.3 7 7.6 8.3 9.1 10.1 11.4 12.6 14.2 15.8 17.2 18.7 20.3 21.8 23.4 25.6 27.6 30 32.6 35.1 37.2 40.9 44.1 46.5 50.2 58.2 64 70.4 78.4 87.8 99.5 106.5 113.3 124.9 139.1 150.7 160.3 167.8
5.5 5.4 5.4 5.3 5.3 5.7 6 6 6 5.9 5.8 5.7 5.6 5.6 5.5 5.5 5.5 5.4 5.5 5.6 5.7 5.8 5.9 5.9 5.8 5.7 5.7 5.7 5.6 5.6 5.6 5.6 5.5 5.5 5.5 5.5 5.4 5.4 5.4 5.5 5.5 5.6 5.7 5.7 5.8 6 6.7 7.3 7.9 8.7 9.7 11 12.6 14.2 15.7 17.2 18.7 20.3 21.9 23.4 25.3 27.5 29.8 32.2 34.4 36.6 39.7 42.6 45.6 49.9 57.1 63.6 69.5 78.2 87.3 96.4 105.8 113.4 123.9 134.1 143.3 151.6 157.8
5.4 5.3 5.2 5.1 5.4 5.8 6 6 5.9 5.8 5.7 5.7 5.7 5.6 5.6 5.6 5.5 5.5 5.6 5.7 5.8 5.9 5.9 5.9 5.8 5.7 5.6 5.6 5.6 5.5 5.5 5.5 5.5 5.4 5.4 5.4 5.4 5.4 5.4 5.5 5.5 5.6 5.6 5.7 5.7 5.8 6.4 7 7.6 8.3 9.3 10.9 12.5 14.1 15.6 17.2 18.8 20.3 21.9 23.4 25 27.2 29.5 31.9 34.1 36.2 38.6 41.7 45.1 49.6 56.1 63.3 69.8 77.5 85.2 92.4 101.7 111.1 121.2 131 136.8 137.8 144
5.6 5.2 5 5.1 5.5 6 6 5.9 5.9 5.9 5.8 5.8 5.7 5.7 5.7 5.6 5.6 5.6 5.7 5.8 5.9 5.9 6 5.9 5.8 5.7 5.6 5.5 5.5 5.5 5.5 5.4 5.4 5.4 5.4 5.3 5.3 5.3 5.4 5.4 5.5 5.5 5.6 5.7 5.7 5.8 6.1 6.7 7.3 7.9 9.2 10.7 12.3 13.8 15.4 17.2 18.8 20.3 21.9 23.4 25 26.9 29.3 31.7 34.1 36.7 39.2 41.6 44.4 49 54.9 62.7 68.2 75.7 82.5 88.7 98.3 108 110.3 103.9 106.8 115.5 122.6
5.9 5.4 5 5.1 6.3 6 6 6 6 5.9 5.9 5.9 5.8 5.8 5.8 5.7 5.7 5.7 5.8 5.9 5.9 5.9 6 5.9 5.8 5.7 5.6 5.5 5.4 5.4 5.4 5.4 5.4 5.3 5.3 5.3 5.3 5.3 5.3 5.4 5.5 5.5 5.6 5.6 5.7 5.7 5.8 6.3 6.9 7.4 8.5 10.2 11.7 13.3 14.9 16.6 18.4 20.1 21.8 23.5 25 26.6 29 31.2 33.2 35.5 38.3 41.1 43.9 48.1 53.8 60.6 65.2 70.5 74.2 83.6 91.8 89.9 92.4 103.3 117.7 131.9 140.5
6.3 6.3 5.9 6.1 6 6 6 6 6 6 6 5.9 5.9 5.9 5.8 5.8 5.8 5.7 5.9 5.9 5.9 6 6 5.9 5.8 5.7 5.6 5.4 5.4 5.4 5.3 5.3 5.3 5.3 5.2 5.2 5.2 5.3 5.3 5.4 5.4 5.5 5.6 5.6 5.7 5.7 5.7 5.8 6.4 7 8.1 9.5 11.2 12.8 14.4 16.1 17.8 19.5 21.3 23 24.7 26.2 28.2 30.2 32.2 34.3 37.1 39.8 42.4 45.5 50.7 56.4 62 66.4 72.8 78.5 88.3 100.9 108.5 120.2 126.7 136.3 145.2
5.3 5.7 6 6.1 6 6 6 6 6 6 6 6 6 5.9 5.9 5.9 5.8 5.8 5.9 5.9 5.9 6 6 5.9 5.8 5.7 5.6 5.5 5.3 5.3 5.3 5.3 5.2 5.2 5.2 5.2 5.2 5.2 5.3 5.4 5.4 5.5 5.5 5.5 5.6 5.6 5.7 5.4 5.9 6.5 7.7 9 10.5 12.2 13.8 15.6 17.1 18.7 20.2 21.8 23.3 24.8 26.7 28.9 31 33.2 35.7 38.3 40.9 43.5 49.3 56.2 63.3 69.2 75.6 82.6 92 103.9 111.8 120 124.4 133.1 140.9
5.4 5.5 6 6 6 6 6 6 6 6 6 6 5.9 5.9 5.9 5.9 5.9 5.9 5.9 5.9 6 6.1 6 5.9 5.8 5.7 5.6 5.5 5.3 5.2 5.2 5.2 5.2 5.2 5.1 5.1 5.2 5.2 5.3 5.3 5.4 5.4 5.4 5.4 5.5 5.5 5.6 5.4 5.5 6.1 7.3 8.6 9.8 11.5 13 14.3 15.7 17.3 18.8 20.4 21.9 23.4 25.2 27.4 29.6 31.5 33.6 36.3 38.9 41.5 46.3 53.3 62.2 68 73.8 80.6 88.3 98.9 106 111.7 117.2 124.7 135.3
5 5.5 6 6 6 6 6 6 6 6 6 5.9 5.9 5.9 5.9 5.9 5.9 5.9 5.9 6 6 6.1 6 5.9 5.8 5.7 5.6 5.5 5.4 5.2 5.2 5.1 5.1 5.1 5.1 5.1 5.1 5.2 5.2 5.3 5.3 5.3 5.3 5.4 5.4 5.4 5.5 5.4 5.1 5.7 6.9 8.2 9.4 10.7 11.9 13.2 14.6 16 17.4 18.9 20.5 22 23.6 26 28.1 29.9 31.6 34.2 36.8 39.4 42.9 51.3 59.8 65.6 71.2 77.3 83.4 90.9 101.1 112.2 121.9 128.9 137.2
5 5.5 6 6 6 6 6 6 6 6 5.9 5.9 5.9 5.9 5.9 5.9 5.9 5.9 6 6 6.1 6.1 6 5.9 5.8 5.7 5.6 5.5 5.4 5.2 5.1 5.1 5.1 5 5 5 5.1 5.2 5.2 5.2 5.2 5.2 5.3 5.3 5.3 5.3 5.4 5.4 5.1 5.3 6.3 7.4 8.4 9.6 10.9 12.1 13.5 14.9 16.3 17.7 19.1 20.6 22.2 24.5 26.5 28.2 29.9 32.1 34.6 37.6 41.2 46.8 52.6 61.9 69.8 76.7 82.7 92.3 102.9 111.5 119.9 126.7 134.5
5.8 5.5 6 6 6 6 6 6 6 6 6 6 6 6 6 6 6 6 6 6 6.1 6.1 6 5.9 5.8 5.7 5.6 5.5 5.4 5.3 5.1 5 5 5 5 5 5.1 5.1 5.1 5.1 5.1 5.2 5.2 5.2 5.2 5.2 5.4 5.4 5.5 5.6 6 7.1 7.7 8.6 9.8 11 12.4 13.8 15.2 16.6 18 19.4 20.8 22.8 24.7 26.4 28.1 29.5 31.8 34.1 37.9 42.2 47.9 58.5 68.6 75.6 82.3 88.4 96.7 106 115.5 123.7 130.9
6.5 5.8 6 6 6 6 6 6 6 6 6 6 6 6 6 6 6 6 6 6.1 6.2 6.1 6 5.9 5.8 5.7 5.6 5.5 5.4 5.3 5.1 5 4.9 4.9 4.9 5 5 5 5 5 5 5.1 5.1 5.1 5.1 5.2 5.3 5.7 5.9 6.1 6.4 6.7 7.1 7.6 8.7 9.9 11.2 12.6 14 15.4 16.9 18.3 19.6 20.8 22.7 24.4 25.9 27.3 28.8 31.1 33.8 38.3 43.8 57.4 64.7 73.5 79.1 85.3 91.4 100.5 109.7 118.4 125.7
6.5 6.2 6 6 6 6 6 6 6 6 6 6 6 6 6 6 6 6 6.1 6.1 6.2 6.1 6 5.9 5.8 5.7 5.6 5.5 5.4 5.3 5.2 5 4.9 4.9 4.9 4.9 4.9 4.9 4.9 4.9 5 5 5 5 5 5.1 5.5 5.9 6.1 6.4 6.5 6.1 6.5 6.9 7.7 8.9 10.1 11.5 12.9 14.3 15.6 17 18.3 19.5 20.7 22.2 23.6 25 26.4 28.2 30.6 34.3 39.5 45.1 60.6 68.5 75.8 81.5 87.9 95.3 104.3 112.2 119.6
6.4 6.2 6 6 6 6 6 6 6 6 6 6 6 6 6 6 6 6.1 6.1 6.1 6.1 6.2 6.1 5.9 5.8 5.7 5.6 5.5 5.4 5.3 5.2 5.1 5 5.5 5.1 4.8 4.8 4.8 4.8 4.9 4.9 4.9 4.9 5.6 6.1 6 5.7 6.1 6.4 6.4 6 5.6 5.9 6.3 6.8 7.9 9 10.4 11.7 13 14.4 15.7 17 18.2 19 19.9 21.3 22.7 24.1 25.3 27.5 31.9 36.3 40.7 51 63.5 71.6 77.7 84.5 90.8 97.6 105.1 112.3
