data/ST59.asc
ncols 200
nrows 200
xllcorner 350000
yllcorner 190000
cellsize 50
[rows 76 to 113 of 200, columns 0 to 84 of 200]
109.3 107.8 106.8 106.5 106.6 107.6 109.6 112.6 116 118.7 119.9 120.1 119.8 118.2 115.9 113.5 110.8 109.2 107.4 105.3 103.5 99.2 96.1 95.8 98.3 102.2 106.2 108.9 110.8 111.1 110.5 109.8 106.7 105.2 104.4 103.6 103.4 102.9 102.7 102.6 102.5 103.1 103.6 103.3 103.2 102.2 100.2 98.6 97.3 79.8 39.5 -3.6 -3.6 -3.6 8.1 8.4 8.2 12.8 15.4 16.7 17 17.2 16.9 16.4 16.3 14.7 12.2 9.8 7.5 7.6 6.1 -3.6 -3.6 14.8 34.3 41.2 36.5 21 9.9 -3.6 -3.6 -3.6 7.5 52.9 91.6
105 103.4 103 103.2 104.2 105.2 107.9 112.1 115.7 117.5 118.3 118 117.5 115.8 114.1 110.5 108 106.2 104.4 102.8 101.5 98.7 95.4 94.3 96.5 101.3 105.4 108.1 109.8 110.4 110.1 108.8 106.9 104.6 103.3 102.7 102.1 101.8 101.3 100.9 100.9 101.4 101.9 101.2 100.5 100 97.2 96.2 94.8 85.5 51 23.9 -3.6 -3.6 4.2 7.8 8 8.9 11.3 11.7 12.2 12.8 13.5 12.4 11.9 10.8 9.6 8.8 7.8 5.6 -3.6 -3.6 -3.6 34.1 55.7 49.4 39.3 21.9 8.2 -3.6 -3.6 -3.6 13.6 74.2 90.8
102.7 101.2 100.4 101 101.9 102.9 107.4 110.7 113.8 115.4 115.8 115.8 115 113.7 111.7 108.5 105.3 103 101 99.2 98.4 96.5 94.2 93.6 96.1 102.2 106.7 108 108.2 108.8 109.2 109.3 107.7 104.7 103.2 102.3 101.5 100.9 100.2 99.8 99.3 99.8 100.1 99.4 98.7 97.4 96.1 94.9 93.7 89.8 68.6 36.2 -3.6 -3.6 -3.6 -3.6 6.2 7.8 8 9.5 9.7 9.2 8.8 8.3 7.7 7.5 7.9 7.1 6.6 -3.6 -3.6 -3.6 27.2 60.6 65.4 54.5 36.8 16.3 8 -3.6 -3.6 7.6 31.6 101.7 92.1
101.9 100.8 99.4 99.1 99.9 101.1 105.4 107.8 110.2 111.3 112.5 113.4 112.6 111.6 109.6 107.7 104.5 102.1 99.3 96.7 95.8 94.4 93 92.3 96.3 103.1 106.7 106.3 106.7 107.7 109.3 109.3 108.7 105.1 103 102 101.9 101.2 100.5 99.9 98.7 98.2 98.5 97.7 96.9 96.7 95.4 94.3 93.5 93.5 85.3 48.6 28.6 -3.6 -3.6 -3.6 -3.6 7.5 7.8 7.8 7.9 7.8 7.9 7.4 7.2 7.1 6.3 4.8 -3.6 -3.6 -3.6 28.4 62.8 70.6 64.8 51.7 27.1 10.5 3.9 -3.6 -3.6 15.4 52.9 103.1 94.1
101.6 100.9 99.5 97.9 97.7 99.8 102.3 105.3 106.7 107.3 109.7 111 110.2 109.8 109 108.1 106.5 104.9 102.7 99.1 95.8 92.7 91.5 91.8 95.8 102.5 105.2 104.8 106.3 107.9 109.3 109.4 106.9 104.6 102.9 103 102.3 101.6 100.8 99.7 97.5 97.2 96.8 95.9 95.4 95.2 94.7 93.8 93.2 94.9 98 80 42.9 27.1 -3.6 -3.6 -3.6 -3.6 -3.6 6.5 6.9 7.1 7.2 6.3 5.7 4.9 -3.6 -3.6 -3.6 -3.6 27.9 64.8 74.4 66.4 60.3 40.2 20.1 8.6 -3.6 -3.6 -3.6 28.7 82 95.1 96.1
101 100.3 98.6 97.1 96.8 99.5 102.8 105.7 108 108.6 108.8 108.1 108 108.3 108.2 108.5 109 107.7 106.5 103.7 99.6 94 90.5 90.5 93.1 99.8 102.7 104.4 106.6 108.1 108.3 107 105.9 104.3 102.9 102.7 102.8 102.3 101.6 100.5 98.9 97.5 96.2 95.4 94.7 94.1 93.5 93.3 94.2 96.3 99.3 98.6 87.5 45.4 28.2 -3.6 -3.6 -3.6 -3.6 -3.6 -1.5 0.1 0.8 -0.5 -2.8 -3.6 -3.6 -3.6 -3.6 33.5 72.6 82.6 71.5 62.1 50.4 30.6 13.6 5.1 -3.6 -3.6 6.6 35.8 82.9 81.1 97.1
100.2 99 97.8 96.5 95.9 99.2 101.7 105 107.2 108.2 107.2 105.5 104.9 106.1 107.4 108.5 109.9 110.3 109.1 106.8 102.1 96.8 90.3 89.1 91.8 96.5 101.6 105.3 106.5 107.4 106.4 106 105.2 104.2 103.2 102.2 101.8 102 102.3 101.6 100.2 98.8 96.8 94.6 94.2 93.4 92.8 93.3 95.7 98.2 100.3 101.5 98.2 89 54.1 38.6 24 11.4 -3.6 -3.6 -3.6 -3.6 -3.6 -3.6 -3.6 -3.6 -3.6 21 51.1 72.3 85.5 77.7 67.3 57.6 39.8 22.2 8.3 -3.6 -3.6 -3.6 15.6 44.5 89.9 101.1 97.7
99.4 98.2 97 95.5 94.5 96.9 99.9 101.4 103.3 104.7 103.7 101.7 102 104.4 106.2 107.2 109.5 110 109.7 107.9 104.4 98.2 91.8 88.5 91.3 97.6 102.8 104.8 105.9 105.9 104.9 104.8 104.6 104.3 103.5 102.3 101.4 101.7 102 101.4 100.7 99.3 98.1 95.5 93.8 92.9 92 94 96.1 98.8 101.4 103.2 102 99.5 88.7 68.1 53.1 40.8 32.4 20.7 13.1 11.1 -3.6 13.1 19.2 36.8 58.8 77.8 85.6 84 77.5 68.5 58.8 44.6 29.1 13.5 4.1 -3.6 -3.6 4.9 25.3 58.7 98.7 99.2 95.1
98 97.2 96 94.6 93.3 93.9 96.7 97.1 98.2 99.6 99.7 97.8 99 101.4 103.5 105.9 108.1 109.2 109.1 107 103 96.6 90.9 87.9 91.3 97.6 101.7 104.2 105.1 104.1 103.9 103.9 104 103.3 102.3 101 100.4 101.9 101.6 100.6 99.8 99 98.2 96.3 94.2 92.6 91.2 92.7 95.4 98.2 101.4 103.1 102.8 100.4 95.7 93.7 87.8 76.9 68.4 65.4 60.4 63.5 69.1 78.3 86.4 91.6 92.9 84.8 75.4 69.5 68.7 60.5 48.7 35 19.1 6.4 -3.6 -3.6 -3.6 12.8 35.8 84.6 99.3 94.7 91.1
96.2 96.3 95.1 93.8 92.6 91.9 93.2 93.7 94 94.3 94.6 94.1 95.5 97.3 99.8 103.4 106.4 107.8 107.1 104.8 100 94.5 90.2 86.8 92 96.4 100.7 102.6 103.4 103.1 103 103 102.5 100.8 99.7 99.4 100.2 102 101.3 99.9 98.8 97.9 97.5 96.3 95 93.3 90.8 91.5 94.7 98.2 101.8 102.6 102.4 101.3 100.1 99 96.3 93.6 93.3 92.5 90.5 89.3 89.7 94.4 100.9 100.9 92.6 73.9 66.7 65.4 61.8 53.2 40.6 26.7 14.5 3.2 -3.6 -3.6 4.4 23 42.7 97.5 99.8 92.2 90.3
94.8 94.4 94.1 93.1 91.8 90.8 90.4 90.6 90.7 90.4 91 91 92.5 94.5 96.8 100.2 103.1 104.8 104 101.6 96.6 92.9 89.1 85.6 90.6 94 97.7 99.1 100.6 101.8 101.8 100.5 99.1 97.7 97.1 97.1 100.1 102.3 101.7 100.3 99 97.5 97.1 95.5 95.1 93.3 90.6 89.1 93.4 98.1 101 101.5 101.7 100.9 99.5 98.6 96.3 94.5 92.5 90.9 88 87.9 86.4 87.3 93.5 97.1 87.2 70 64.8 63.1 58.3 50.3 34.3 21.6 6.1 -3.6 -3.6 -3.6 14.1 38.7 73.8 103.1 100.1 91.4 87.1
93.8 92.6 92.1 91.6 91.1 90.2 89.2 88.4 88.1 88.1 88.3 89.1 90.6 92.1 94.3 96.8 98.2 99.3 99.1 98.3 95 92.1 88.8 84.7 88.8 91.8 94.3 95.7 97.4 99.1 100.5 98.6 96.7 95.2 95.9 98 101.5 102.3 102.2 101.6 100.9 99 96.9 96.9 95.7 94.2 91.6 89.1 92.2 96.4 99.7 100.4 100.1 98.6 96.9 94.8 92.6 90.2 86.6 82.6 80.7 81.3 78.5 77.7 84.3 89.3 85.6 69 64.1 57.6 51.9 40.4 27.9 16.4 -3.6 -3.6 -3.6 7.6 28.4 67.4 88.6 86.7 89.4 85.5 77.7
91.7 90.4 91 91 89.7 89.8 89.3 88.8 87.4 86.2 86.4 87.2 88.8 90.3 91.8 93.8 94.8 96 95.7 94.9 92.9 90.9 88.5 85.3 85.4 89.1 91.4 93.3 95.8 97.9 98.9 97.5 95.7 94.8 96.3 99 101.1 101.6 102.7 104.2 104.4 102.8 99.5 98.3 96 95.2 93.3 89.4 89 93.5 97.8 99.3 98.2 96.7 92.8 90.5 87.5 84.4 80.5 76.4 73.6 75.1 72.3 70.3 76.4 80.9 79.4 70.5 60.2 51.7 42.9 31.1 18.9 5.5 -3.6 -3.6 -3.6 18.4 69.8 71.8 74.9 74.8 73.1 69.8 67.9
85.2 85.9 88.9 89.4 88.4 88.3 89.2 89 87.7 86 85.1 85.7 87 88.4 89.9 90.9 91.6 92.7 93.9 94.3 91.9 89.5 87.5 86 84.1 87.5 89.2 91.5 94.5 97.8 98.3 96.3 94.3 93.5 97.7 99.8 101.4 100.7 104.2 107.5 108.1 107 103 97.4 96.2 95.8 94 90.2 88.5 91.9 95 98.3 97.4 95.9 92.2 88.5 84.5 80.3 75.6 71.7 67.3 66.5 66 61.1 64.3 69.4 70 60.9 49.8 41.3 33.8 19.8 9.1 -3.6 -3.6 -3.6 13 41.1 69.9 70.2 70.1 69.3 67.2 64.2 63.8
87.5 85.3 81.1 84.3 83.8 88.1 88.4 88.4 87.6 85.8 84.4 84.9 86.1 87.3 88.6 89.4 89.6 92 93.6 92.8 90.3 87.8 85.7 85.8 82.1 85.7 88.8 90.9 94.4 96.4 95.7 94.5 92.9 93 96.3 97.2 97.6 98.8 104.9 109.5 110.4 108.3 104.2 97.6 96.6 95.7 93.7 91.3 89.4 89.4 93.9 96.3 96.4 96.9 94.9 88.3 83 78.3 74.5 70.4 66.8 59.4 56.1 52.9 52.2 55.9 56.4 46.2 36.5 29.6 19.9 8.3 -3.6 -3.6 -3.6 9.3 28 70 69.5 68.1 67 65.7 63.9 61.2 60.4
93.5 91.2 85.2 79.1 81.8 86.8 86.9 86.4 85.6 84.6 83.1 84 85.5 86.8 87.9 88.6 88.8 90.6 92.1 91.6 88.3 85.6 83.9 83.9 83.9 85.1 88.3 90.3 91.9 92.6 91.9 90.9 89.9 91.3 93.9 94.3 95 98 105.8 110.3 111.1 108.3 104.4 98.1 95.2 94.6 93 91 88.5 87.9 91.4 94 95.5 96 94.3 89.9 84.7 81.1 77 72.2 67.9 60.6 55.5 50.7 44.4 42.2 40.2 31.9 23 18.2 10 -3.6 -3.6 -3.6 4.7 20.2 71.3 71.7 72.9 71.5 68.8 65.5 62.2 59.4 59
94.8 92 84.5 79.4 79.2 80.7 80.1 81.6 82 82.1 83.5 84.1 85 85.9 86.7 87.6 89 90.9 92.4 91.2 87.1 83.9 83.4 83 81.1 83.6 87 87.5 88.6 88.8 87.8 87.5 87.5 89.3 91.9 92.6 93.5 97.7 106.9 110.6 110.6 107.2 103.2 97.8 94.1 93.3 92.7 91.2 87.8 87 90.2 91.7 93.3 94.8 94.5 92.1 88 84.9 81 76.3 72.5 67.9 63.2 58.9 53.1 42.2 28.8 19.8 14.6 10.8 5.3 -3.6 -3.6 -3.6 15.9 42.6 72 72.6 73.1 72.4 70.2 66.5 60.9 57.7 56.5
91.4 86.3 78.8 77.2 79.4 82.8 87.5 87.4 87.9 87 85.7 85.3 85.8 86.6 87.5 88.4 89.6 92.6 95 92.3 87.4 83.5 82.9 82.4 80.4 80.7 83.3 83.8 85 84.9 85.1 85.4 85.2 87.4 89.9 90.8 94.2 98.8 106.8 110.6 109.1 106.2 101.6 96.3 93.5 91.4 92.4 91.9 87.5 86.2 91.2 92.7 92.8 93.3 93.7 92.5 91.1 88.6 84 79.5 73.8 68.9 64.2 60 54.3 38.8 24 12.5 9.6 6.2 -3.6 -3.6 -3.6 10.2 30.6 73.7 73.3 73 72 71.4 70.6 67.1 62.3 57.1 54.8
86.4 78.8 75.1 79.5 86.6 94.1 92.8 91.7 91.9 91.4 89.7 88 88 88.3 88.9 89.7 91.3 94.1 96.9 93.7 88 83.4 82.1 81.3 79.5 78.8 80.1 81.3 82.3 82.7 83 83.7 84 83.9 86.4 88.2 92.2 98.7 106.3 108.3 106.9 103.3 99.6 95.3 92.6 90.8 91.3 92.2 88.3 85.7 91.6 92 91.3 90.9 91.7 90.8 90.8 86.8 86.6 82.3 73.8 68.8 62.2 56.4 46.9 28.1 16.1 8.7 7.1 -3.6 -3.6 -3.6 10.2 24.1 56.5 74.2 72.9 72.7 72 71.7 70.6 68.3 62.5 58.4 54.1
85 75.1 77.1 89.5 95.5 96.6 94.4 94.6 95.1 94.5 93.5 92.2 91 91 91.8 92.3 93.9 98.1 99.1 95.3 89 84.2 82.7 81.4 79.2 78 78.5 79.6 80.4 80.7 81.1 82 82 82.4 86.1 88.9 92.2 98.2 105.9 105.9 104.2 100.3 97.5 94.1 92 89.9 89.6 91.2 88.2 84.7 91.7 91.2 89.6 87.7 89.2 89.5 89 87.1 84.6 78.7 72.5 65.8 58.5 50.4 37.1 18.2 8.4 8.1 -3.6 -3.6 -3.6 -3.6 23.6 50.3 70.8 75.2 71.8 72.1 71.9 71.9 71.1 69.5 65.1 59.1 54.9
79.5 72.7 81.4 95.7 98.3 97.1 96.5 96.5 96.7 96.8 95.4 94.6 93.6 92.2 93.8 94.6 97.6 102.6 103.3 99.6 89.4 86 85.1 83.6 81 77.9 76.8 76.6 76.9 77.1 78.3 79.1 80.6 85.9 89.8 91.4 92.9 98.7 105.8 105.8 103.5 98.8 95.5 92.9 92.1 89.9 89.4 89.3 88 83.8 87.3 91.4 89.2 83.3 82.7 86.1 85.6 83.9 80.1 76.1 69.9 62.8 53.9 41 22 8 7.7 -3.6 -3.6 -3.6 -3.6 18.4 48.8 66.5 76.5 77 70.8 70.7 71.2 71.6 70.4 69.6 66.1 59.8 56.1
77.5 72 85.8 97.1 99.4 98.8 98.4 98.6 98.8 98.3 97.6 96.2 95 94.4 95.6 98.7 103.1 106.9 106.1 100.8 91.8 88.2 87.7 85.9 83.5 79.9 76.6 75.3 74.6 74.8 76.9 81 85.9 90 92.6 95.7 96.4 100.6 107.8 107.9 104.3 98.1 94.9 93.7 93.4 90.5 89.2 91.3 91.9 85.5 83.4 89.3 89.7 84.3 77.9 82.1 82.4 80.7 77.5 72.5 67 58.6 46.9 27.6 9.8 7.6 4.7 -3.6 -3.6 -3.6 13.2 37.3 64 72.6 76.9 76.6 72 70.1 70 70.6 69.7 68.5 66.4 62.3 57.4
73.1 73.1 91.7 98.9 100.6 100.5 100.6 100.8 100 99.2 97.8 96.8 96.2 96.8 99.6 102.3 107.1 111.4 109.2 103.5 98.8 91.8 90.5 87.9 84.9 83.3 80.9 78.1 74.4 74.3 79.2 83.9 89.4 94.7 97.2 99.6 102.4 105.9 110.5 108.8 102.5 97.8 95.2 94.8 94 91.4 89.9 92.3 92.9 89.7 83 84 88 83.7 75.1 74.2 77.1 77.1 75.1 70.3 63.1 54.1 37.1 15.4 9.1 8.1 -3.6 -3.6 -3.6 11.3 27.8 57.5 67.7 75.3 79 77.9 73.6 69.3 68.3 68.5 68.7 68.7 66.1 62.6 58.8
73.3 73.3 90.1 98.5 100.6 101.6 102.1 101.7 100.7 99.7 97.8 97.1 97.6 98.6 101.3 105.2 109.6 114.8 116.4 113.4 105.8 97.2 93.3 90 85.8 83.8 81.2 78.6 75.3 73.6 81.4 85.8 90.9 95.6 98.5 101.2 101.8 104.1 105.7 105 101.7 97.1 95.2 95.3 95.1 91.5 88.9 91.1 92.1 89.4 84.6 83.2 87.1 85.8 80.7 70.1 65.9 70 69.8 67.8 59.9 46.8 22.8 9.3 7.9 0.9 -3.6 -3.6 6.6 23.4 50.2 58.9 67 74.8 77.4 74.8 69 66.7 66.5 67.1 67.7 67.4 65.2 61.8 59.2
76 70.9 84.9 94.9 98.8 101.3 102.2 102 101.3 99.7 98.5 98.1 98.6 99.9 102.1 106.4 112.1 116.8 117.2 115.2 108.3 101.4 95.5 90.8 86.5 84 80.9 76.8 73.3 72.7 80.9 86.1 91 95 97.7 97.7 96.6 97.7 100.1 100.2 98.6 95.2 95.5 96.4 96.7 92.7 87.7 89 89.9 88.6 83.1 81 86.6 85.5 83.4 76.2 75.8 70.1 58.1 57.3 50.6 32.6 11.8 8.4 3.7 -3.6 -3.6 4.4 23.1 40.7 51 59.7 67.4 72.1 73.9 69.4 66 64.9 64.9 65.9 66.8 66.8 64.1 60.4 58.2
80.9 69.3 75.5 90.8 96 101.2 102.3 102.3 101.8 100.4 99.6 99.1 99.2 100.9 103.8 105.5 110.9 114.5 114.4 111.9 107.6 102.6 96.8 92 87.6 84.4 81.5 78.6 73.5 71 79.6 84.1 88 91.2 93 93.4 92.2 92.2 94.3 96.4 96.2 93 94.3 95.9 96.5 94.3 84.6 84.9 87.5 86 79.5 82.3 86 85.1 82.7 79.6 78.8 73.7 58.6 48.4 27.6 15.5 8.1 5 -3.6 -3.6 -3.6 24.8 36 45.5 51.9 58.1 63.8 67.2 67.9 65.5 63.4 62.6 63.4 65.2 65.1 63.9 60.6 57.7 55.7
86.5 74.7 68.6 85.2 96.1 101 102.7 102.8 102.1 101.1 100.7 100.2 99.7 100.7 102.8 105 109.1 111.5 111 109.2 107.1 102.8 98.1 94.3 89.5 86.1 83.4 80.1 76.1 71.9 77.2 80.8 85.6 88.3 89.6 89.3 88.4 88.9 92.3 93.4 93.1 91.2 92.2 94.3 96 91.8 82.5 82.2 84.2 83.7 79.7 82.8 89.2 90.9 90.8 84.9 80.5 73.7 60 45.6 20.5 6.5 4.3 -3.6 -3.6 -3.6 15.6 31.1 37.4 44.7 50.3 56.2 61.1 61.9 60.6 60.5 61.5 62.4 64 64.8 64.8 62.3 59.7 57.3 54.9
86.4 76.4 67.6 82.3 96 101.3 103.4 103.3 102.1 100.8 100.1 99.3 98.6 99 99.4 103.5 105.8 108.4 108.5 107.7 105.9 102.2 98.1 94.9 89.9 87.7 83.4 79.9 76.7 72.2 73.6 77.3 81.8 84.1 85.2 85.2 85.8 86.9 90.8 92.4 91 88 90.9 93.2 94.2 91.5 82.3 80.1 80.3 80.3 80.1 86.1 90.7 90.8 90.8 87.9 82.2 74.2 61.4 44.4 16.5 3.4 -3.6 -3.6 -3.6 8.1 24.3 31.3 38.2 44 49.2 54.3 57.9 57.6 55.7 60.4 62.3 63.9 64.8 65.6 65 62.4 60.5 58.4 58
82.5 71.3 68 83.7 97.4 101.5 103.7 103.2 101.9 100.3 98.9 97.9 97.3 97 97.9 101.2 103.5 105.8 105.9 105.1 102.3 99.3 96.1 92.6 89.3 85.7 84 82.9 79.6 74.8 68.4 72 77.7 80.2 81.2 82.5 83.6 85.6 88.8 90.2 88.3 84.6 90.5 91 90.9 88.4 81.8 78.2 79.2 78.8 80.8 87.5 90.8 90.8 89.5 86 80.5 74.6 61.8 38.9 9.6 -3.6 -3.6 -3.6 6 15.5 24.5 33.4 41.3 46.3 49 52.3 54.9 53.1 55.2 60.8 62.9 64 65.3 66.1 64.1 62.9 62.4 61.3 60.9
75.4 64.3 73.2 89.6 98.8 101.1 102.6 102.3 101 99.3 97.6 96.1 95.7 94.8 95.9 99.4 102 103.5 102.7 101.4 98.5 95.1 92.1 90.1 87.9 85.8 85.8 85.2 82.3 78.2 70.8 68.3 71.9 76.6 80.1 82.8 83.1 84.8 87.4 88.3 86 82.1 87.4 91 89.7 85.6 79.4 75.1 75.3 76.8 81.4 86.7 90.2 90.1 87.8 84 77.5 73.5 61.7 28.2 4.1 -3.6 -3.6 5.7 10.7 17 24.5 35.9 43.2 46.7 48.7 49.2 50.4 50.7 55.2 59.4 63.1 63.7 63 65 64.2 64.6 63.1 62.1 60.7
67.3 66.5 79.6 94.6 98.9 100.8 101.1 101.1 99.6 97.8 95.9 94.1 93.9 92.9 93.7 97.6 99.9 100.2 99.2 97.5 94.2 90.7 88.7 87.9 87 86.5 86.6 86.7 85.6 80.9 74.1 69.1 66.9 74.6 79.1 82.2 84.2 84.8 85.5 86.7 83.8 79.3 82.6 87.1 85.5 81.7 77.9 74.4 74.3 76.2 82.5 87.8 89.1 88.9 86.9 83.4 78.8 73 57.7 20.6 -3.6 -3.6 -3.6 8.1 11.5 16.9 24.1 35.6 42.9 45.6 47.5 47.3 41.8 51.9 54.7 58.8 61.9 61.7 62.7 63.5 64.2 63.8 62.8 61.8 60.5
63.1 72.4 85.9 95.1 98.2 99.6 100.8 100 97.6 95.9 94.2 92.6 91.4 90.5 92 95.1 96.7 96.6 95.6 92.6 90.4 88 86.4 85.7 86 86 86 85.8 85.1 81.6 75.3 70.5 65.6 68.9 76.9 80.8 83.9 86.8 88.5 87.5 83.6 76.5 78.6 80.7 80.8 78.1 75.3 73.4 74.5 78.5 85.8 89 88.2 87.3 86.5 81.8 78.7 75.9 53.2 12.7 -3.6 -3.6 6.2 7.5 11.6 16.5 23.3 33.7 39.9 43.1 44.1 42 40.1 51.1 53.7 57.6 59.5 60 61.5 62.4 61.9 61.5 60.5 59 58.4
63.8 78.9 90.2 94.7 96.8 98.1 99 97.4 94.3 92.7 91.5 90.4 89.6 88.3 89.1 92 92.8 93.3 92.9 90.9 88.4 86.3 84.6 83.8 84.2 84.9 85.2 84.9 83.4 80 76 72.8 67.2 64.4 72.8 78.5 83.7 87.6 88.6 87.7 85.6 77.1 74.8 75.8 76 73.9 72.5 72.2 74.6 81.9 87.8 88.9 87.8 86.9 85.9 82.5 78.8 75.7 50.2 7.9 -3.6 -3.6 7.6 7.6 11.2 15.6 19.8 28.5 37.1 41.9 41.7 36.2 40.6 47.5 53.1 56.4 58.7 58.1 58.6 59.8 59.7 59.2 57.7 56.4 55.9
67.8 83.3 92.4 94.3 95.4 96.5 96.3 94.5 92 89.6 88.5 87.7 87 86.6 87 89.7 90.7 91.3 91.2 89.5 87.4 85.4 83.1 81.9 82.1 83.4 83.8 84.1 82.7 80 77.2 74.4 70.4 64.3 66.6 75.5 82.5 87.3 88.4 87.5 84.5 77.2 72.2 72.7 71.6 70.8 71.5 73.1 76.8 84 88.6 88.7 87.6 86 84.7 81.3 79.7 76.1 49 5.1 -3.6 2 7.5 7.9 10.3 14.1 17.4 19.1 29 35.6 33.5 23.9 37.4 44.2 51 53.8 55.8 55.8 55.9 57.4 57.2 56.8 55.5 54.3 53.4
75 86 91.4 92.6 93.7 94.7 95 94.7 91.9 89.2 85.8 84.9 84.2 84.2 87 88.7 89.6 89.8 89.7 88.2 86.5 84.8 82.2 80.6 81.4 82 82.1 82.5 80.8 78.3 75.9 74.7 71.4 64.7 63.1 72.1 78.4 84.5 86.4 84.4 80.3 74.6 69.7 69.6 68.5 69.3 72.4 74.9 78.9 83.1 87.8 88.4 86.5 84.4 80.7 79.1 77 73.7 47 5.2 -3.6 -3.6 8 7.8 8.8 12.3 14.1 15.9 19.9 19.3 15.8 13.2 13.3 20.4 27.9 38.6 46.4 48.5 53.2 54.3 54.9 54.4 53.7 52.3 51
67.8 76.5 85.3 89 91 92.4 92.5 92.4 90.9 89.1 86 82.9 81.9 84.6 87 88.6 89.5 89.9 89.3 88 86.1 84.3 81.8 79.9 80 79.9 79.8 79.8 78.4 77.1 76 74.1 71.3 65.5 64.6 67 72.1 77.2 79.6 77.3 71.4 69.4 68.3 68.2 68.6 70.7 74.2 78.3 83.1 87.8 88 85.9 85.9 82.8 79.9 76.6 74 71.7 49.6 5.3 -3.6 -3.6 8.1 8.1 8.2 9.7 11.1 11.3 12.5 10.3 -3.6 -3.6 -3.6 -3.6 -3.6 6 25.9 39.9 42.8 49.5 51.1 51.8 51.6 50.8 49.7
57.1 61.9 71.5 84.8 87.2 88.8 89.3 89.3 88.6 86.9 84.7 82.2 81.2 84.7 86.9 88.6 89.5 89.9 89.2 87.9 86.1 83.8 81.4 78.8 76.4 76.2 74.7 74.2 75.1 76.4 76.5 74.1 70.9 67.5 62.8 64.6 65 66.2 67.8 66.7 66.2 68.3 68.2 68.3 70.1 73.3 77 82.4 85.5 88.8 89.5 87.8 86.2 82.4 80.3 77.7 74.5 73.2 58.1 15.1 -3.6 -3.6 5.6 8.1 8.1 6.9 7.3 8.5 6.4 -3.6 -3.6 -3.6 -3.6 -3.6 -3.6 -3.6 -3.6 31.3 38 44.7 48.1 48.2 48.8 48.1 45.8
61.2 54 58.5 77.2 82.1 84.6 85.4 85.4 86.8 85.6 83.2 80.5 82.4 85.3 87 88.2 89.4 89.9 89.5 88.2 86.4 83.6 81.1 78.1 74.3 73.7 72.4 72.1 72.8 73.8 73.8 72.5 71.4 66.5 59.6 58.5 60.2 63.2 63.5 64.1 67.4 72.6 73 70.7 72.9 78.2 80.4 84.6 87 88.6 89.3 88.5 86.9 84.7 79.8 76.5 76.1 74.8 70.7 32.7 -3.6 -3.6 -3.6 7.5 6.2 6.2 8.2 5.8 -3.6 -3.6 -3.6 -3.6 5.1 3.5 -3.6 -3.6 -3.6 -3.6 33.6 40.3 42.3 44.4 45.7 46 44.3
