data/ST63.asc
ncols 200
nrows 200
xllcorner 360000
yllcorner 130000
cellsize 50
[rows 38 to 75 of 200, columns 0 to 84 of 200]
88 82.1 76.4 74.4 72.9 71.5 77.4 80.6 84.5 85.3 83.2 82.3 80.6 77.5 76.9 76.5 78.4 77.7 76.7 76.7 77.2 76.6 78.3 79.8 78.5 76.7 77.6 78.8 81.1 84 87.7 93 94.2 96.7 100.3 101.3 100.9 99.8 98.1 95.8 93.4 92.1 89 86.2 85.7 86.1 85.1 83.8 82.3 80.8 79 77.2 75 73.8 72.6 71.4 70.5 69.5 69 68.2 67.3 66.2 65.8 65.8 65.7 65.8 65.8 65.8 65.9 65.9 65.8 65.7 65.5 65.4 65.2 64.8 64.4 64 64 64 63.9 63.9 63.9 63.8 65.8
105 98.1 90.4 84.9 83.4 84.1 86.8 92.7 99.8 96.9 94.1 91.8 87.5 84.5 83.5 82.3 81.1 80.4 79.3 79.8 79.7 80.7 82.4 83.7 83.2 83.4 83.7 83.8 82.1 85.2 91.2 99.3 101.5 107.5 110.1 110.5 109.8 108.7 107.1 104.8 101.4 99 95.8 92.4 91.2 90.2 87.7 86 84.6 83.1 81.6 79.6 77.6 75.5 73.7 72.6 71.7 70.6 69.8 69.2 68.3 67 65.6 65.3 65.1 64.9 64.9 65 65 65 65 64.9 64.7 64.6 64.3 63.9 63.5 63.1 62.9 62.9 62.9 62.8 63 64 65.5
109.8 110.1 108.5 103.9 101.4 100.7 104.5 108.6 107.2 106 104.8 102.1 97.1 93.1 91.2 88.9 85.6 83.1 85.5 84.4 89.2 91.3 90 89.7 91.3 93.1 94.3 87.6 83.7 87.6 98.1 108.8 112.4 118.2 119.4 120.2 119 117.8 117.4 115.5 111.8 108.1 104.3 99.3 98.3 95.7 92.7 90.1 88.6 87.3 85.9 83.5 81.4 79.3 76.9 74.5 73.4 72.3 71.4 70.6 69.3 67.9 66.5 65.1 64.6 64.2 64.1 64.1 64.1 64.1 64.2 64.1 63.9 63.7 63.3 63 62.6 62.2 61.9 61.8 62.1 62.5 62.8 63.5 64.6
110.2 110.6 112.8 114.4 116.5 116.8 114.9 114.2 113 111.9 110.8 108.8 106.3 102.3 98.9 95.3 89.9 86.8 92.7 93.7 97.7 102.5 103.6 102.3 103.7 105.1 101.1 90 86.4 95.9 108.4 114.6 121.7 125.9 127.8 128.2 126.9 125.1 123.7 122.3 120.7 120 117.3 108.2 104.2 101 97.6 95 93.3 91.9 90.2 87.5 85.3 83.1 80.5 77.8 75.8 74 73.1 72.3 71.1 69.7 68.2 66.4 65.1 63.9 63.4 63.2 63.2 63.3 63.3 63.3 63.1 62.8 62.4 62 61.6 61.4 61.3 61.7 62 62.3 62.3 62.2 63.8
110.1 111.3 112.4 114 115.8 116.8 118.5 118.7 117.2 115.9 114.7 113 110.7 108.1 106 102.1 91.4 94.1 100.9 106.3 106.3 113.9 115.3 115.6 116.6 116.8 108.3 94.6 89.7 103.1 112.6 120.7 127.5 130.9 132.1 131.9 130.3 128.8 127.5 126.1 124.6 122.8 120.3 116.7 109.4 105.6 102.2 100 98.1 96.5 94.4 91.6 89.1 86.9 84 81.2 78.8 76.2 74.8 73.9 72.9 71.4 69.3 67.7 66.4 65.2 64 62.8 62.4 62.4 62.4 62.4 62.3 61.9 61.7 61.4 61.2 60.9 61.1 60.8 61.6 61.6 61.6 61.5 60.9
109 109.8 111.2 113 114.8 116.5 118.1 119.4 119.3 119.2 118 115.6 114.2 112.5 110.7 106.1 91.1 101.6 109.4 113.6 116.3 119.7 122 122.7 124.4 123.7 114 99.5 96.1 104.7 115.8 123.4 129.5 131.1 132.5 133.2 132.1 130.6 129 127.7 126.2 124.5 122.3 119 115.3 111 107.8 105.6 103.3 101.1 98.5 95.8 93.1 90.4 87.6 84.6 81.6 79 77.1 75.8 74.6 72.6 70.5 69 67.8 66.5 65.3 63.8 62.1 61.7 61.7 61.7 61.7 61.4 61.2 61 60.7 60.5 60.9 59.4 59.9 60.4 61 63.5 60.4
107.4 108.2 109.7 111.4 113.2 115.1 116.8 118.1 119 119.8 119.5 117.6 116.5 115.6 114 103.7 100.5 103.4 114.3 117.1 120.2 123.6 126.4 127.8 128.2 126.2 122.4 107.4 100.2 105.7 117.5 125.1 129.7 131.5 132.9 133.9 134.1 132.6 130.6 129.2 127.4 125.6 124.1 121.3 118.4 116.4 114.6 112.8 110.5 107.5 104.5 101.6 98 94.7 91.3 87.8 84.6 81.9 80.1 78.4 76.2 73.8 71.6 70.3 68.8 67.3 65.7 64.1 62.3 61.4 61.1 61.1 61.1 60.9 60.7 60.5 60.2 59.9 60.6 60.7 60.4 60.3 60.1 59.9 60
105.5 106.7 108 109.5 111.7 113.6 115.3 116.7 117.6 118.5 118.9 119.1 118 116.8 115.8 104.7 114 113 116.5 119.6 122.7 126 127.9 129.3 128.2 126.4 122.4 112.4 104.9 107.9 118.8 126.1 130.4 131.7 133.3 134.1 134.3 134.1 132.2 130.4 128.6 126.8 125.4 123.3 121.5 120.3 119.4 118.9 117.4 113.8 110.8 106.6 102.9 99.4 96 92 88.5 85.8 83.6 81 78.1 75.6 73 70.8 69.2 67.6 66.1 64.3 62.6 61.5 61.1 60.6 60.5 60.4 60.2 59.9 59.6 59 58.5 60 59.7 59.4 60.3 59.3 59.4
104.2 105.6 106.8 108.6 110.5 112 113.5 115 116.2 117.2 118.1 118.3 118.2 117.3 116.3 113.8 115.2 116.1 119.1 122.1 125.2 127.8 130.1 130.3 128.8 127.2 121.9 117.2 114 108.6 119.7 126.8 130.7 132.2 133.7 134.3 134.6 134.4 133 131.2 129.4 127.4 126.3 125 123.3 122.5 121.8 120.7 120.2 119.3 115.1 111.4 107.8 104.1 100.8 96.7 93.8 90.7 87.6 83.6 80.2 77.6 74.3 71.5 70 68.4 66.6 65.1 63.6 61.9 61.5 61.2 60.8 59.9 59.5 59.2 58.7 58.1 57.7 59.2 59.3 62.9 58.5 58.5 58.4
102 104.1 106 107.6 109.2 110.6 112 112.8 113.9 115.3 116.2 116.9 117.5 117.6 117.7 115.6 115.4 118.6 121.7 124.8 127.9 130.6 131.8 131.3 129.8 128.1 126.4 124.5 120.5 114.9 120 126 130.2 132.1 133.9 134.3 134.6 134.6 133.7 131.9 130.1 127.9 126.9 125.7 124.2 123.4 122.9 122.4 121.6 120.3 119.3 116.3 112.7 109 105.5 102.1 98.8 95.2 91.7 87.8 83.3 79.1 75.5 73.1 71.2 69.2 67.4 66.1 64.6 62.9 62.1 62.2 62.1 61.2 60.3 59.3 59 59.2 59.4 57.5 59.1 57.9 57.8 57.7 57.5
99.4 101.9 104.9 106.5 107.8 108.5 109.1 110.2 111.6 113.2 114.3 116 118 119.1 119.4 117.2 118.4 121.4 124.6 127.9 130.8 132.1 133.4 132.4 131.6 130.1 128.6 127.2 126.2 121.7 121.2 125.4 130.1 132.1 133.6 134 134.3 134.3 133.6 132.6 130.3 128.5 127.3 125.8 125 123.6 123 122.6 122.2 120.9 120.1 119.3 116.4 113.5 110.3 107 103.5 99.9 94.9 89.7 85.1 80.8 77.2 74.2 71.9 70 68.2 66.9 65.5 64.9 64.2 63.9 63.4 62.5 61.7 61 59.8 58.8 58.9 58.5 58.1 57.9 57.7 57.1 56.8
94.3 99.6 102.8 104.2 104.8 105 105.8 108.5 111.1 113.4 115.5 117.5 119.3 120.2 121.1 119.2 119.9 123.5 126.7 129.9 132.4 133.6 134.4 133.7 133.5 132.4 130.9 129.1 128.4 126.8 126 125.2 130.2 132.1 133.2 133.6 134.2 133.2 131.8 130.6 129.7 128.5 126.8 125.4 124 122.8 122.3 122 121.4 121.4 120.9 120.2 119.2 116.8 114.6 111.5 107 102.7 97.4 92 87.1 82.9 79.1 75.7 73.4 71 68.8 67.3 65.7 63.7 63.8 64.6 64.8 64.2 63.5 62.8 61.1 60.3 59.8 58.5 57.8 58.1 56.9 56.5 56.4
87.3 92.9 97.9 100.4 100.4 101.2 105 109.7 112.8 115.4 117.3 119 120.7 121.8 122.3 122.1 120.1 125.5 128.7 131.5 133.8 134.6 135.4 135.2 135.2 134.6 133.2 131.1 130.3 129.3 128.8 128.3 130.6 132.4 133.5 134.2 133.3 130.4 128.9 126.9 125.1 124.9 124.3 122.7 121.3 120.2 120 120 119.8 118.7 117.5 117.6 117.5 118.1 117.7 112.9 108.7 103.9 99 94 89.4 84.8 80.9 77.3 74.8 72.4 70.3 68.1 66 63.6 63.5 64.4 65.4 66 65.2 64.5 62.2 61.9 60.7 59.1 58.9 59 59 57.7 57.2
92 85.4 90.7 94.8 101.4 105 108.2 110.8 113.8 116.3 118.2 120 121.7 123.2 124 124.8 125.8 126.6 127.7 133.2 134.9 135.7 136.4 136.9 136.9 136.3 135.6 133.4 132.3 131.6 131.5 131.4 131.8 133.3 134.5 134.6 134 131.6 127.7 124.3 121.7 119.9 118.9 115.6 113.3 111.9 113.8 115.5 115.1 115 113.5 114.1 114.8 115.7 114.2 111.6 107.8 103.9 100.1 95.4 90.1 85.5 80.9 77.6 75.3 72.6 69.9 67.7 65.6 64 63.2 64.3 65.3 66.4 67.2 66.3 64.8 64.1 62.6 60.9 60 59.8 59.7 59.5 59
100.6 100.6 95.5 96.6 105.5 108.9 108.2 111.4 114.2 116.7 119 120.7 122.5 124.3 125.5 126.4 127.4 128.6 129.9 133.5 136.1 136.8 137.5 138.2 138.9 138.3 137.6 134.9 134.1 133.8 133.7 133.5 133.5 134.7 135.5 135.1 134.7 133.3 129.8 126.7 123.6 120.6 114.3 107.8 105.5 101.3 100.6 103.8 104.9 106 108.1 108.1 105.7 101.8 105.4 106.1 104.8 102.3 98.4 92.8 87.5 83.4 79.9 76.3 74.2 72 69.4 66.8 65 63.5 62.7 63.7 65 66.2 66.8 68.4 67.3 66.3 64.7 63 61.3 61.1 61 61 61.1
104.4 104.8 103.3 99.3 101.9 107.7 108.6 111.8 114.6 117 119.4 121.5 123.3 125.2 126.9 127.9 129.1 130.3 131.5 133.2 135.3 137.5 138.6 139.1 139.7 140.1 138.6 137.8 136.2 135.4 135.3 135.3 135.4 135.9 136.6 136.4 136 135 132.9 129.9 126.7 123.1 119.7 117.4 115.1 111.3 101.4 91.3 88 90.9 91.5 91.7 90.2 90.4 92.5 97.2 99.1 99.1 94.5 90.2 84.9 80.9 77.6 74.8 72.5 70.4 67.9 65.9 64.3 63.4 62.5 62.9 64.1 65.3 66.5 68.6 69 68.4 66.9 65.4 64.5 63.8 63.8 63.4 63.4
105.8 106.8 105.4 103.9 101.6 100.3 107.1 111.8 115 117.5 119.8 122 124.2 126.1 127.9 129.3 130.2 130.5 131.1 132 134 136.4 139.1 139.9 140.4 141.4 141.4 140.2 138.3 136.9 136.9 137 137.1 137.4 137.8 137.8 137.4 136 134.7 133.1 129.8 126.6 123.7 121.1 118.2 114.4 111 105.2 93.9 82.8 81.9 82.4 81.4 82.2 82.2 86.6 93.4 93.8 90.2 86.4 82.4 78.5 75.6 72.6 70.1 68.4 66.2 64.5 63 62 61.2 62.4 63 64.2 66.6 68.2 68.4 68.8 69.6 68.2 68 67.3 66.7 66 65.2
106.4 107.4 108.6 108.7 107.3 102.8 103 109.8 113.6 116 119.2 122.3 124.5 126.5 128.3 130 129.2 129.2 129.8 131 132.9 135.7 138.8 140.3 141.7 142.8 142.6 140.6 139.4 138.5 138.6 138.6 138.7 139.1 139.2 139.1 138.4 137.1 135.8 134.5 132.3 129.1 126.2 123.8 120.1 115.6 110.2 98.4 89.4 89 88.5 87.3 82.9 79.8 77.5 76.6 84.6 88.5 86 82.3 78.7 76.4 73.5 70.6 68.4 66.5 64.9 63.3 61.6 60.4 60.7 62.4 63.2 65.8 67.2 67.9 67.9 68.7 69.4 69.9 69.8 69.3 68.8 68.3 67.6
103.7 107.6 109.4 110.7 111.9 108.9 104.4 106.8 110.7 113.5 116.7 119.9 122.7 124.7 126.5 128.2 127.2 127.6 128.1 129.8 132 134.6 136.4 138.7 140.7 141.7 141.5 140.8 139.6 139.4 139.9 140.2 140.5 140.8 140.6 140.5 139.5 138.2 136.9 135.5 134.4 131.5 128.6 125.1 120.3 114.5 103.5 100.6 105.2 102.9 102.4 99.8 93.9 89.4 81.8 75.3 78.2 83.5 81.9 78.5 75.5 73.6 71.3 68.7 66.8 64.8 63.5 62 60.4 59.8 62.7 63.8 65.4 69.1 66.3 66.5 66.9 68.6 69.3 69.5 70 70.1 69.6 69 68.5
101.5 107.3 110.9 113.7 114.8 112.5 110.3 107.1 106.8 110.6 114.2 117.4 120.2 122.2 123.9 124.9 125.5 125.8 126.9 128.8 131.8 134.1 135.2 137.4 138.3 138.4 138.9 139.2 139.6 139.9 140.2 140.9 141.5 141.7 141.6 141.4 140.6 139.3 137.9 136.5 134.9 133.1 130.5 126.7 121.6 112.6 111.5 113.7 113.2 111 109 105.1 101.5 96.9 85.7 78.5 73.3 77.6 78.1 75 72.4 70.5 68.6 67.1 65.6 63.9 62.6 61.4 60.1 59.9 63 63 64.5 65.9 64.6 64.9 66 68.6 68.9 69.3 69.9 70.6 70.2 69.2 68.2
99.8 105.8 113.2 115.7 115.8 114.1 112 111 111.4 111.7 112.3 115.5 117.9 119.7 121.2 122.6 122.7 124.9 127.1 129.2 131.1 134.1 134.4 136 136 135.6 136 136.1 136.9 139.2 139.8 141.3 142.3 142.6 142.5 142 141.1 140.1 138.6 137 135.3 133.3 130.9 127.5 123.9 120.8 118.5 117.2 115.9 114.1 111.8 108.3 103.7 100.2 89 81.1 73 71.2 72.7 70.3 69 67 65.3 64.4 64 63.1 61.8 60.8 59.4 58.6 63 62.7 63.2 64.7 64.9 64 67.9 73.4 68.6 69.5 70.4 70.2 69.5 68.5 67.4
98.5 105 112.8 116.2 115.7 115.3 114.5 114.2 114.6 115.3 116.1 116.3 116.6 117.4 119.1 121.2 123.1 125.8 127.7 130.7 133 134.9 133.9 133.7 133.2 132.6 131.3 132.7 133.7 135.8 138.3 140.3 140.9 141.6 142.1 142.1 141.5 140.5 138.9 137.2 135.5 133.8 130.9 126.9 124 122 120 118.1 116.6 115.2 113.1 109 104.4 100.8 95.7 84.4 77.4 72.4 69.1 68.1 67.5 67.7 65 63.7 62.4 61.6 60.7 59.7 59.8 58.7 62.5 61.4 62.3 62.8 63.6 63.6 64.4 65.9 69.4 70.3 69.9 69.4 68.9 67.9 66.2
95.5 102.8 110.6 114.9 116 116 115.8 116.7 117.4 117.8 117.8 117.8 118.5 119.5 121.1 122.8 124.6 126 128.4 130.9 133 133.9 132.7 131.3 129.8 123.6 126.2 128.9 127.2 130.6 134.5 136.5 137.5 138.1 138.9 139.9 140.6 139.1 137.3 135.9 135.6 133.8 130.9 128.1 125.1 122.2 120.2 118.6 117 114.1 110.9 107.5 104.3 101.6 99.1 93.1 84.5 79.3 76.6 74.4 71.8 68.8 66.1 64.5 63.3 62.2 61.1 59.8 61.5 63.5 58.1 62.1 63.1 63.4 63.8 63.8 61.2 60.5 67.1 69.8 69.4 68.9 68.4 66.1 64.4
91.6 99.1 107.5 111.7 112.9 114.9 116.2 117.2 117.5 118.3 119.1 119 119.7 122 122.8 122.6 124.8 126 127.4 128.8 130.2 130.1 129.7 127.8 125.2 110.2 108.7 116.1 118.9 123 129.1 131.3 132.5 134.1 135.2 136 136 136.5 136.9 137 136.1 134.4 131.1 128 125.3 122.6 119.8 116.5 113.4 110.2 107.7 105.6 103.5 101.2 98 93.1 87.8 83 78.4 74.4 71.7 68.9 67.1 65 64 62.9 61.6 60.1 59 61 56.9 61.1 62.9 61.9 64.1 64.2 65 65.7 66.3 69.4 69 68.5 68.1 65.7 63.1
87.6 95 101.6 105 107.8 111 113.4 115.2 116.4 117.4 118.2 117.7 119.3 121.3 122.9 121.1 120.8 121.6 121.6 122.2 123 124.1 124.7 122.9 117.7 102.2 98 101.3 105.6 116.7 121.9 122.9 125.6 130.7 132.7 133.4 132 130.4 132.6 134.2 135.8 135.2 132.1 127.1 123.5 119.6 115.9 112.6 109.5 106.2 101.9 99.6 97.5 94.3 92.2 87.3 83 80 76.8 72.5 69.8 67.4 66.1 65.5 64.3 63.3 62.4 60.8 58.9 58.9 57 57.4 61.5 61.2 64.3 64.5 65.7 66.7 66.2 67 68.6 68.2 67.7 65.3 62.7
83 89.9 95.7 99.4 101.4 105.3 109 111.7 113.3 113.6 114.8 114.8 116.8 119.2 121.2 118.6 114.8 112.4 111.5 111.7 112.6 113.5 114.5 112.2 108.7 97.9 90.6 93.7 98.3 105.5 108.7 108.7 115.8 125.6 128.2 129.4 128.1 116.1 116.9 126.9 129.6 131.4 128.2 125.3 119.5 115.6 111.8 107.6 103.5 100 95.9 93.1 90.4 87.9 86.4 81.5 78.1 75.1 72 70.3 68.4 66 65 64.5 63.6 63.1 62.5 61.8 60.7 60.1 58.1 55.8 58.7 61.1 61.4 64 64.2 64.1 65.4 66.4 67.1 67.8 67.3 64.9 62.7
78.4 84.9 89.3 90.1 93.9 98.3 102.8 103.3 107.3 108.8 108.9 108.9 112 115.4 116.1 110.8 105.7 102.9 101.3 101.2 101.1 101.8 102.6 101.4 99.4 95.7 83.9 89 94.6 98.3 97.5 98.4 108.2 117.9 118.6 114.2 111.4 102.5 101.5 115.9 122.2 125 121.9 119.7 115.7 110.2 103.9 99.5 95.6 92.2 88.9 86.2 84 81.9 80.4 76.2 73.2 71 69.3 67.6 66 64.6 63.9 63.5 63.2 62.7 62.2 61.6 60.7 59.5 57.8 55.7 57.9 61 60.5 62.1 63.5 63.1 64.6 65.8 66.3 66.9 67 65.5 64
73.5 78.1 80.7 83 84.4 89.9 95.4 97.5 100.6 100.4 98.1 102 106.1 109.7 109.3 103.6 96.7 89 89.8 90.1 91.5 91.5 91 90.8 89.8 88.3 83.1 80.5 87.5 89.6 88 92.3 103.5 105.3 105.3 103.7 102.8 96 93.7 104.8 114.3 116.9 116.3 112.6 108.1 100.2 95.6 88.7 86.8 84 82.7 81.2 79.6 76.9 74.5 71.8 70.1 68.5 67 66 65 63.8 63.4 63 62.6 62.2 61.5 60.7 59.9 59 57.3 55.4 55.7 58.5 58.9 60.4 60.9 61.5 63.3 65.1 65.4 65.6 65.6 65 64
69.7 72.3 74.6 76.3 80.2 84.3 89.2 89.9 93 91.3 89.2 93.2 97.6 102.4 101.4 96.8 90.5 84.3 80.6 83.3 84.6 85.1 84.9 83.9 81.9 80.5 79.3 77.1 80 80.5 82.9 89.3 94.5 96.1 96.2 94.3 92 87.9 88.4 99.5 105.6 107.1 107.1 102.8 98.2 92.9 88.1 82.8 81 79.5 78.1 77.3 75.1 72.9 71.1 69.5 68 67 66.1 65.1 64.1 63.3 62.7 62.1 61.4 60.8 60.1 59.4 58.8 58.1 56.9 54.9 54.3 56.8 57.7 58.9 59.7 59.5 62 62.8 63.1 63.5 63.9 63.5 61.6
66.5 68.2 69.6 71.5 75.3 78.4 80.4 83.2 84.2 83.3 82.3 84.2 90.4 93.7 94 89.3 83.8 78.7 74.9 77.2 77.8 78.2 78.7 77.3 76 74.8 73.8 73.6 74 74.7 79.6 83.3 86.5 86.7 86.9 85.2 82.8 81.5 85.5 92.5 93.6 93.1 93 90.8 87.8 84.8 81 78.2 76.4 75 74.2 74.1 72.2 70.4 68.8 67.9 66.9 65.8 64.8 63.8 62.8 61.9 61.1 60.4 59.7 59.1 58.3 57.7 57 56.5 56.1 55.1 54.2 54.5 54.4 54.9 56.4 58.1 59.4 60.2 60.6 61.2 61.8 61.6 59.2
62.9 64.1 65.4 67.5 70.5 72.6 74.9 75.8 76.2 76.3 75.9 77.5 83.2 85.1 85.6 82.3 77.9 74 71.8 70.8 71.5 72.3 73 73.1 71.9 71.4 71 70.2 69.9 72.4 75.7 77.6 80 80.5 80.1 78.7 76.5 78.3 81.9 83.7 84 84.2 83.6 82.2 79.2 77.5 76 73.7 71.8 70.6 69.7 70.3 69.7 68.1 67.1 66.2 65.3 64.4 63.4 62.4 61.4 60.6 59.8 58.9 58 57.4 56.6 55.9 55.4 55.2 55.3 55.1 54 53.1 53 53.7 55.3 56.9 57.8 58.2 58.8 59.4 59.9 59.6 57.8
58.8 60.1 61.5 63.1 65.4 67.3 69 69.7 70.2 71.2 71.2 72.1 76.5 77.5 77.4 75.7 72.7 70.3 67.7 67.2 67.3 68.1 69.6 69.1 68.4 68.5 68.3 67.5 67.7 69.6 71.3 72.9 74.5 74.8 74 72.5 71.8 74.1 76.7 77.8 78.3 77.5 76 74.2 72.8 71.5 70.7 70.5 68.5 68.8 69.2 67.6 67.5 66.2 65.3 64.4 63.6 62.7 61.8 60.9 60 59.3 58.5 57.7 56.8 55.9 55.3 54.6 54.5 54.6 54.9 55.1 54.4 53.5 52.9 52.5 53.9 55.1 56.3 57 57.3 57.5 58.1 57.6 55.8
55.9 57.2 58.5 58.7 61 62.3 63.6 64.5 65.5 66.6 67 67.7 70.7 71 70.4 69.5 67.5 65.6 64 63.7 63.5 65.1 65.6 65.1 64.8 64.5 64.6 64.5 65.2 66.2 67.6 69.1 69.7 69.7 69.7 69.2 68.9 69.5 70.9 72 72.8 71.7 70.9 70.7 69 67.3 66.6 65.7 64.8 66.5 66.8 65.9 65.6 64.9 64.1 63.3 62.5 61.7 60.9 60.1 59.2 58.1 57.2 56.4 55.6 54.8 54.4 54.1 54 54.2 54.5 54.7 54.7 53.9 53.2 52.4 52.9 53.7 54.9 55.5 56.1 56.3 56.5 55.7 54.1
53.8 54.5 54.9 56.5 57.2 58.5 60 61.5 61.6 61.9 62.8 63.8 65.2 65.3 65.4 64.4 62.6 61.4 60.7 60.4 60.6 62.7 62.2 61.6 61.2 60.8 60.4 62.1 62.9 63.6 65.1 66.4 66.8 67 66.7 66.5 66.1 66.4 66.6 67 67.5 67.5 67.5 67.2 65.5 64.3 63.8 63.4 61.6 64.2 64.6 65.1 64.9 64.5 63.7 62.9 62.1 61.3 60.5 59.6 58.7 57.7 56.7 55.8 55.1 54.4 53.9 53.6 53.4 54.1 54.6 54.7 54.7 53.4 52.2 52.6 53.1 53.3 53.4 53.7 53.9 55.2 55.4 55.2 53.4
52.2 52.8 53.1 53.9 54.1 54.7 56.4 58.2 58.7 58.8 58.9 59.3 60.3 61.2 60.9 59.8 59.4 58.3 57.7 58.3 59 60.1 59.3 58.8 58.4 58.1 58.5 60 60.5 61.1 62.5 63.3 63.4 63.8 63.9 63.7 63.4 63.3 62.9 63.4 64.4 64.3 64.1 63.7 62.5 62 61.5 60.8 59.3 61.8 62.6 63.4 64.1 63.9 63.3 62.5 61.7 60.8 60 59.1 58.2 57.3 56.3 55.3 54.6 53.9 53.5 53 52.7 53.3 54 54.6 54.3 52.5 51.7 51.9 52.1 52.2 52.2 52.4 52.9 53 54.2 54.6 52.8
50.4 51 51 51.1 51.5 52.3 53.1 54.7 55.7 55.8 55.8 55.9 56.1 56.5 56.9 56.9 56.3 55.9 55.8 56.4 57.4 57.1 56.4 56 55.8 56.2 56.9 58.1 58.3 58.7 60 60.1 60.2 60.5 60.8 61.1 60.8 60.6 60.3 60.4 61.2 61.2 60.9 60.7 60.4 60.1 59.7 59.4 57.9 59.8 60.7 61.5 62.2 63 62.9 62.1 61.2 60.3 59.5 58.6 57.6 56.7 55.6 54.8 54.1 53.5 53 52.6 52.1 52.5 53.3 54 53.5 52.2 50.9 50.9 51 51 51 51.4 52 52.1 52.2 52.9 52.6
47.7 48.7 48.8 49 49.5 50.1 50.9 51.7 52.7 52.9 53.3 53.4 53.7 53.5 53.8 54 54.1 54.1 54 54 54 54 53.8 53.5 53.9 54.6 55.3 56.2 56.4 56.5 56.9 57.3 57.7 57.8 58.1 58.3 58.5 58.6 58.6 58.7 58.8 59 59.3 59 58.6 58 57.5 57.1 56 57.9 58.7 59.5 60.3 61 61.9 61.6 60.6 59.7 58.7 57.8 56.9 56 55.1 54.4 53.7 53.1 52.6 52.1 51.6 51.8 52.5 53.2 52.7 51.6 50.5 50 50.3 50.5 50.8 50.6 51 51.1 51.1 50.8 52.3
46.4 47 47 47 47.5 48.2 48.9 49.9 50.4 50.8 51.1 51 51.3 51.1 50.9 51.2 51.8 51.7 51.7 51.9 51.9 51.6 51.3 51.6 52.3 53 53.7 54.3 54.5 54.6 54.3 54.7 55.3 55.4 56.2 56.4 56.8 56.9 56.9 57 57.2 57.5 57.8 57.1 57 56.5 55.9 55.4 55.4 56 57.1 58.3 59.5 60.8 61.6 61.5 60.5 59.6 58.6 57.6 56.6 55.5 54.6 53.9 53.2 52.6 52.1 51.6 51.2 51 51.7 52.5 51.9 50.8 49.8 49.9 50.1 50.3 50.5 50.6 50 50 49.8 49.2 48.7
