data/ST80.asc
ncols 200
nrows 200
xllcorner 380000
yllcorner 100000
cellsize 50
[rows 0 to 35 of 200, columns 81 to 161 of 200]
76.3 74.7 71.1 66.5 62 57.9 55.4 52.9 51.4 52.4 52.7 50.5 47.8 45 42.4 39.7 40.2 37.6 37.3 37.2 37.4 37.8 40.9 42.9 44.9 46.7 48.1 49.8 51.1 52.2 52.5 53 53.9 54.3 52.9 51 48.6 46.5 44.9 42.5 40.9 40.3 40.2 40.7 45.6 49.5 55 60.4 69.1 76.5 84.6 92.7 98.6 101.9 103.2 102.5 101.7 101.6 102.7 104.6 105.8 106.2 105.4 100.4 95 88.9 79.7 73 64.5 58.4 62 62.9 61.8 65.1 71.7 80 85.6 88.9 89.6 88.3 88.4
90.7 84.8 77.6 70.4 63.6 58.1 55.7 54.5 54 53.5 52.8 50.2 47.2 44.4 42.7 38.6 37.1 37.4 37.6 38.3 37.8 39.2 40.4 42.4 43.9 45.7 46.2 47.8 48.9 49.5 50 50.2 50.4 50.4 49.2 47.5 45.3 43.5 42 40.3 40 39.8 39.9 42.4 47.2 53 58.7 65.1 74.2 80.3 88.2 96 101.3 105.2 107.6 108.2 109.1 109.8 109.7 112.4 113.1 112.9 111.8 108.8 104.7 97 88.9 80.7 71.3 64.4 60.9 62.5 66.7 71.5 76.6 83.4 88.5 91.6 94.3 94.2 94.8
100.4 93.7 83.7 73.1 65.1 59.9 58.7 60.2 59.5 56.7 53.5 49.8 46.9 44.4 42.7 38.9 37 37.2 37.2 37.3 37.5 40 40.8 41.3 42.9 44.2 44.7 45.7 46.3 46.9 47.4 47.6 47.7 47.8 46.6 44.9 43.2 41.2 40 39.4 39.2 39.5 40.8 44.7 50.1 56.5 62.5 70.5 78.1 84.1 91.1 97.1 102.7 106.9 109.3 111.5 112.7 113.9 115.4 116.7 117.9 118.1 117.8 115.5 112.1 107.1 99 89.4 80.2 71.8 68.1 70.9 75.4 79.1 84 89.2 94.5 98 100.2 100.7 101.4
108.7 99.2 84 73.7 66.8 64.8 69.2 71.4 68.4 64.2 59 54.7 49.3 46.7 44.4 39.9 37.1 37.2 37.3 36.7 37.4 37.6 39.4 40.7 41.9 42.7 43.1 43.7 44.3 44.9 45.3 45.1 45.2 45.3 44.3 42.7 41.1 39.8 39.1 39.4 39.5 39.5 42.9 47.5 52.9 59.3 65.3 72.8 79.4 84.9 91 96.9 103 107.1 110.4 112.9 114.7 116.2 117.4 119.4 121.1 121.7 122 120.4 118.5 116 109.4 102.1 91.5 81.5 77.6 80.1 85.1 90.3 94.5 97.9 101.5 103.6 105.1 105.9 107.1
117.7 103.6 87.1 75.8 73.5 79.4 83.4 83.2 81.9 75.8 69.4 61.7 54.3 49.8 44.9 40 37.1 36.9 36.7 36.8 37 37.2 38.4 39.7 41 41.4 41.7 42.3 43.3 44.1 43.7 43.2 42.9 42.8 42.1 40.6 39.4 38.6 38.8 39.8 39.9 42.7 45.8 50.6 55.6 61.2 67.1 73.3 77.4 83.9 90.6 97.1 102.8 107.2 110.1 113 115.1 117.1 119.1 120.9 122.5 123.4 124.1 123.6 124.3 127.7 124.6 115.3 105.6 98.1 93.5 95.6 99.5 102.2 104.2 105.3 107.6 108.2 108.7 109.3 110
127.5 115.4 101.4 90 90.5 97.9 97.6 95.5 90.3 85.4 79.1 72.1 62.9 55.2 49.1 41.6 37.1 37.2 36.5 37.3 37.2 37.2 37.5 38.8 40 40.6 41.7 41.2 42.6 42.4 41.7 42.1 41.5 41 40.6 39.4 38.3 38.2 39.3 40.1 41 43.4 46.9 51.1 55.2 59.6 64.6 69.6 76.2 83.6 90.4 97 101.7 106 109.1 111.5 113.6 115.6 117.8 120 122 123.5 124.5 125.7 125.6 124.8 123.9 125.8 117.6 113.2 109.9 109 109.1 109.4 108.8 109.9 110 110.3 109.8 109.9 109.5
137.4 130.7 121.8 112.3 110.4 112.3 110.6 107.4 101.9 94.9 88.3 81.2 73.9 64.1 55.9 44.3 37.2 37.3 37.2 37.2 37.1 37.1 37 37.9 39.1 39.7 40.1 40 40.3 40.9 41.3 41.2 40.4 39.6 39.1 38.2 38.3 38.9 39.4 40.2 41.4 43.1 46.1 50.3 54.9 59.3 64.2 70.8 77.4 83.9 90.2 95.6 100.5 104.2 106.7 109.2 111.5 113.8 116.1 118.3 120.6 122.4 124.4 125.6 126.4 127.6 128 125.9 124.1 121.4 118.8 116.1 115.6 113.9 112.9 112.6 111.2 110.5 110 109.5 108.9
146.6 141.2 135.2 129.8 127.7 125.2 122.5 118.1 111.9 105.7 98.4 90.4 82 74 65 51.4 36.6 37 37.1 37.2 37.3 37.1 37 37 38 38.5 38.6 38.8 39.5 40.6 41 40.1 39.3 38.5 38.1 37.8 37.7 38.4 39.6 40.8 42.1 43.6 45.4 48.6 53.8 59.4 64.4 71.5 76.9 82.8 88.7 93.7 98 101.3 103.9 106.2 108.6 111.1 113.4 115.8 118.1 120.1 122.5 124.9 127.5 127.9 128.3 129.8 128.2 125.8 123.3 121.3 118.9 117.1 114.4 112.2 110.5 109.2 108.4 108.4 108.5
152.8 150.1 144 140.5 138.3 136.3 132 127.2 120.5 113.3 105 97.1 88.4 78.9 69.3 57.3 36.3 37.8 37.6 37.4 37.3 37.1 37 37.3 37.2 37.6 37.8 38.3 38.4 39.2 39.8 39 38 37.7 37.6 37.3 37.3 38 39.5 41.4 42.9 44.4 46 48.3 50 53.1 60.4 69.1 75 80.5 85.7 90.6 94.6 97.7 99.9 102.2 104.8 107.3 109.8 112.2 114.7 117.9 120.3 122.7 126 127.7 128.4 130.8 130.3 127.5 125.9 123.3 120.4 117.6 114.9 112.1 109.8 107.9 106.8 105.9 105.4
158.4 155 151.7 148.8 146 141.9 136.2 131.1 124.9 116.4 107.9 99.1 87.9 77.6 66.3 52.6 36.4 37.9 37.5 37.4 37.2 37 37.1 37.4 37.6 37.3 37.4 37.7 37.9 38 38 37.9 37.5 37.5 37.2 37.2 37.1 38.2 39.3 40.7 43.1 44.3 47.6 51.9 53.1 53 54.6 60.5 69 75.5 81.1 85.6 90.2 92.7 94.6 97.4 100.2 102.9 105.4 108 110.5 113.9 117.7 120.2 123.6 127 129.6 129.6 129.9 128.9 126.4 123.5 120 116.5 113.3 110.4 107.4 104.8 102.9 102 101.8
160.6 157.6 154.7 151.4 147.4 141.8 137 130.2 123.9 115.3 106.6 94.7 81.1 69.2 54.7 46.4 40.7 37.9 37.4 37.3 37.1 37 37.2 37.5 37.7 37.7 36.9 37 37.3 37.5 37.3 37.3 37.4 37.5 36.9 36.9 37 38.8 39.6 40.2 42.6 44.9 47.3 54.5 58.9 58 56.6 57.2 60 66.8 73.1 79.4 84.2 87 89.6 92.1 94.5 97.8 100.7 103.5 106.3 109.5 113.4 118.4 122.3 126.1 128.3 129.4 129.4 128.4 126.2 122.9 119.3 114.3 110.8 107.3 104.5 101.7 99.3 98.8 98.5
160.8 157.9 154.7 150.7 145.8 140.5 133.4 127 119.4 110.6 99.5 82.4 70.2 57.1 45 41 40.9 36.2 36.8 36.8 37.1 37.1 37.3 37.4 37.5 37.1 37 36.7 36.8 36.8 36.9 36.9 37 39.3 36.6 36.7 36.8 38.3 39.4 40.7 42.6 45.3 49.1 57 61.8 65.9 66.1 64.9 66.2 68 68.7 71.5 76.5 80.6 82.9 86.1 89 92.4 95.4 98.4 101.8 105.7 110.7 116.4 120.6 124.6 127.3 128.7 129.1 127.6 125.4 122.3 118.1 113.4 108.6 104.5 100.3 96.8 94.9 93.4 94.6
158.1 155.2 150.9 146.9 142.1 136.2 129.3 121.9 114 103.5 84.3 70.3 58.6 49.2 41.4 42 42.8 43.6 46 41.3 36.8 36.3 37.1 37.1 37.1 37 37.1 36.9 36.5 36.5 36.7 36.8 36.9 36.2 40.6 36.3 36.6 37.7 38.7 40.7 41.8 45.9 50.4 57.9 64.1 69.5 73.3 75.3 78.6 79.9 81.4 82.5 83.7 84.6 85.5 88.3 91.1 86.7 89.7 93.5 97.1 102.7 109.6 115.3 120.2 123.8 126.9 127.8 127.7 126.8 124.7 121.2 116.8 112.4 108 103.7 100 95.9 90.6 88.7 90.2
154.8 151.7 146.9 142.3 136.8 131.1 124 116.1 107.3 91.4 73.6 58.8 49.5 43.9 45.8 48.2 51.6 55.2 59.7 66 61 56.1 47.9 41.1 36.1 36.6 37.2 37 36.4 36.3 36.6 36.7 36.8 35.9 36.1 41 36.7 37.8 38.9 40.5 42.4 46.2 51.4 57.6 65.2 70.4 77.1 82.3 86.5 88.7 90.6 90.9 92.9 94.8 97.3 98.3 100.2 95.2 94.4 96.9 100.1 104.7 110.8 116.9 120.5 123.2 125.9 126.4 125.9 125.3 123 119.5 115.1 110.7 106.4 102 97.9 94.4 89.9 84 86
148.5 146.2 142.2 136.7 131 125.1 117.1 109 97.9 80.8 67.1 53.7 45.9 47.6 53.8 61 65.6 67.9 72.8 79.1 82.1 76.6 68.3 59.8 54.8 45.7 38 36.2 36.6 36 36.4 36.7 36.7 35.9 36.2 35.9 39.4 37.1 38.7 39.5 42.5 46.8 51.6 58.3 64.2 70.7 78.1 85 90.8 93.3 94.6 95.2 97.4 100.3 103 103.8 105.3 104 102.5 104.7 107.2 110.6 114.3 118.5 121.1 123.4 124.2 124.3 123.8 123.2 120.6 117.6 113.4 109.1 104.9 101.1 96 92 89.4 83.2 80.2
142 140 135.8 130.6 124.1 116.4 108.3 97.8 83.5 71.9 59.5 49.5 47.8 56.9 66.9 73.5 77.6 82.1 85.6 90.6 94.1 94.7 92.6 84 77.7 70.1 63.1 57.8 49.4 39.3 36.1 36.4 36.6 36.1 36.1 35.5 35.4 37.7 38.1 39.7 42.9 45.9 51.8 57.1 62.8 71.1 78.1 85.3 91.6 95.3 97.3 98.9 100.6 102.1 103 104.3 105.7 107.2 108.9 110.7 112.3 114.5 117.1 119.1 120.4 121.6 122.1 121.9 121.5 120.5 118.2 115.3 111.4 106.7 103 98.8 94 90.2 86.2 81.9 76.4
132.6 131.4 128.9 123.4 115.1 97.6 92 82.4 72.7 63.6 53.7 48 54.6 67.4 76.6 85.8 90.8 93.9 96.7 101.2 103.7 104.3 102.5 97.9 90.5 85.2 78.5 70 61.1 51.1 44.3 38.7 36.9 34.8 35.4 35.7 35.7 35.9 36.3 37.8 41.1 45.3 49.5 56.1 61.7 70 78.7 85.9 91.2 95.1 98.1 100.2 102 103.8 105.4 106.9 108.4 109.9 111.4 113.2 114.7 116.1 116.9 117.3 118.3 119.6 119.7 119.5 118.6 117.6 115.5 112.8 108.4 104.3 101 96.5 92.2 88.2 83.1 79.3 75.4
117.1 120.7 119.9 115 105.1 86.1 71.6 69.6 61.8 52 48.9 54 64.7 76.4 89.7 97.3 101.7 104.8 107.8 110.6 112 111.2 108 102.7 96.6 89.5 81.5 72.9 63.2 53.7 46.1 41.3 40.4 36.7 36.2 36 35 35.2 35.7 35.7 37.9 44.4 48.9 55.5 62.4 69.6 78.1 84.8 90.6 94.2 97.5 100.8 102.5 104.1 105.7 107.2 108.4 110.5 112.2 114 114.8 115.1 115.5 115.9 116.2 117.2 117.4 116.8 115.6 114.4 112.5 109.9 105.8 101.9 98.9 93.8 90.1 85.1 80.6 76.4 71.8
97.7 106.8 107.8 104.1 93.3 77.9 64.7 56.8 51.7 51.8 55.7 65 76.5 90 99.6 106.6 110.6 114.4 117 117.8 118.2 115.8 111.7 106.6 99 91.4 81.8 72.9 62.5 54.1 47 44.4 43.2 40.6 37.4 36.7 36.4 35.9 34.7 35.1 35.6 40.4 47.5 53.2 59.2 67 75.1 82.9 88.9 93.2 96.6 99.7 101.9 103.7 105.3 107 108.6 110.3 111.7 112.6 113.3 113.9 114.3 114.2 114.3 114.4 114.3 113.7 112.6 111 108.6 106.3 103.6 99.8 95.6 91.5 87.2 82.5 77.8 73.2 69.4
80.8 87.8 92.5 90.5 83.1 67.9 56.1 52.3 54.6 61.5 69 77.8 89.5 100.6 109.4 113.9 118.1 122.6 122.7 123.5 122.3 119.3 114.5 108.8 101.1 92.3 82.7 72.9 62.5 54.1 50.6 47.2 43.9 41.3 38.9 36.8 36.2 36 36.1 34.7 35.8 35.4 44.6 49.2 55.3 64.8 74.4 81.6 88.3 92.4 95.5 98.3 99.8 102.8 103.9 105.8 107.7 108.8 109.7 110.4 111 111.6 111.8 111.3 111 111.1 110.4 109.8 109 107.9 105.5 103.4 100.9 96.9 93.1 87.7 83.1 78.3 74.6 70.2 66.6
66.1 71.8 75.7 76.5 67.9 57.1 54.2 60.5 67.5 75.1 83 90.9 102.3 111.5 117.5 122.1 126.3 127.8 127.7 127.4 125.1 121.3 115.8 110 102.6 93.9 84.5 75.5 66.6 59.4 53.6 49.9 46.3 42.1 39.8 37.9 36.5 33.8 36 35.4 35.9 36.6 37 45.5 52.9 62.5 68.6 78.4 87.1 91.2 93.8 96.4 99.1 100.9 102.6 104.2 105.3 106.3 107.2 107.7 108.2 108.6 108.5 108.4 107.8 107.1 106.5 105.8 105.2 104.5 102.7 100.1 97.2 93.4 89 83.7 78.7 74.5 71 66.8 62.8
61.4 59.9 60.2 61.6 58 55.9 65.3 74.6 81.9 89.7 97.6 105.3 113.2 119.9 125.6 129.9 132 132 130.9 129 125.6 121.3 116.2 110 103.3 95.3 86.9 78.8 70.7 62.9 56.4 50.8 47 43.4 40.7 39.1 37.9 37.2 35.5 35.7 34.9 36.1 35.3 41.8 51.4 61.8 72.6 79.8 85.6 89.5 92.1 94.7 97.2 98.9 100.4 101.5 102.6 103.6 104.6 104.9 105.1 104.8 104.5 104.2 103.7 103 102.5 101.8 101.4 100.6 98.8 96.1 93.3 89.1 85.1 79.9 74.3 70 66.5 63 58.9
75.4 66.3 59.8 56.7 59.7 70.5 80.3 90.9 98.7 105.1 112.6 119.2 125.2 129.8 133.1 134.8 134.9 133.9 131.6 128.9 125.4 120.6 115.1 109.4 103.5 96.1 88.6 81.1 74.2 66.9 59.5 53.4 48.3 45.2 42.3 39.4 38.2 37.5 36.2 36.1 34.9 35.5 35.6 36.1 42.9 60.1 70.2 77.7 82.7 86.9 90.3 92.8 94.4 96.5 97.6 98.7 99.9 100.9 101.6 101.3 101.6 100.9 100.1 99.7 99.3 98.9 98.4 97.8 96.8 95.5 94.1 91.7 89.1 85.7 81.3 76.1 70.5 65.4 61.3 57.9 58.6
91 77.6 63.1 60.5 70.6 83.9 94.7 104.9 113.8 120.2 125.2 130.6 134.1 137.3 138.6 137.8 136.5 134.4 132 128.3 123.8 118.4 113.7 107.9 102.3 95.7 88 82.7 76.4 68.2 62.1 56.1 49.8 45.2 42 40 38.7 37.7 37.1 36.6 36.2 35.7 34.7 34.5 36.5 51.8 65 71.6 78 84.3 88.4 90.9 92.9 93.9 94.9 96 97.1 98.1 98.5 98 98 97.1 95.6 94.9 94.3 94.3 93.6 92.4 92.3 91.4 89.7 87 84.2 80.2 75.6 70.7 66.1 61.4 56.9 56.7 62.8
96 77.5 63.8 67.8 82 94.8 108.7 118.6 125.3 130.7 136 140.3 141.3 141.8 141.5 140.1 137.5 134.6 131.5 127.2 122.5 115.8 110.8 103.8 100.1 93.1 87.2 81.9 76.2 70.2 64.1 58.1 50.9 46.2 42.7 40.9 39.3 38.2 37 36.5 36.3 36.2 36.4 36.4 36 44 55.9 66.3 74.3 80.6 85.7 88.4 90.2 91.3 92.3 93.3 94.4 95 95.4 94.9 94.3 92.7 91 90.5 90.1 89.7 88.7 87.8 88.4 87.4 84.9 82.3 78.5 74 69.1 64.2 59.7 56 53.5 60.1 66.7
93 73.3 66.4 78.6 92.7 107 118.7 127.6 134.9 138.9 141.1 143.9 144.4 143.8 142.7 140.3 137.4 134.2 129.7 125.2 119.2 112.4 106.5 98.4 93.5 89.9 85.2 80.4 74.9 69.1 63.5 58 52.6 45.1 43.1 42.1 40 38.3 37.6 37.8 36.6 36.3 36.3 36.3 36.5 35.4 44.5 61.7 70.6 76.7 81.5 85.6 87.2 88.4 89.5 90.5 91.5 92.2 92.6 91.9 90.2 88.1 86.5 86.3 86.1 84.2 83.1 84.2 85.1 83.9 81 75.4 70.7 66.2 61.1 57.3 54.1 52.9 58.2 64.4 72.6
87.4 71.8 75.7 89.1 104 117.6 127 135.9 140.9 143.1 145 145.5 145.9 144.2 142.1 139.7 135.7 131.9 126.7 121.6 115.4 107.7 101.4 94.5 88.3 84.1 80.3 77.2 72.8 67.8 62.2 57 50.6 45 42.7 42.6 40.7 39.8 38.4 37.8 37.1 36.2 36.2 36.3 35.9 34.4 43.3 55.2 65.5 71.9 77.1 80.6 83.1 83.4 85.6 87.3 88.4 89.3 90.2 89.1 86.6 84.2 82.3 83.5 82.3 79.6 78.4 81 82.9 80.6 76.3 70.6 64.3 57.7 53.9 51.1 51.5 56.1 63 73.1 77.7
81.7 78.3 86.9 101.6 115.5 128.5 137.1 141.8 144.4 145.9 146.5 145.7 144.6 143 141.1 138.1 133.6 128.7 122.7 116.5 110.7 103.8 95.3 89.6 83.9 76.7 71.7 69.9 67.6 63.9 58.6 52.9 48.5 46.9 47.3 47 44.8 41.1 38.5 38 37.5 36.9 36.1 35.9 35.9 35.9 40.4 48.5 57.9 66.4 71.6 75.7 78 78.9 80.8 84.2 85 85.7 85.1 84.6 82 80.1 78.4 79.7 80.1 76.2 73.2 78.3 79.5 77.2 72.2 64.7 56.6 51.3 48.8 50.2 57.2 64 71.2 77.4 81.8
85.5 90.6 102.1 117 130.6 137.9 142.3 145.2 146.6 147 145.9 144.7 142.8 141.1 138.6 134.4 129.5 124.3 117.7 111.3 104.2 94.9 86.9 80.9 75.4 70.6 64.8 60.8 59.2 57 53.2 49.4 48.6 49.6 50.5 47.2 45.3 42 39.6 38.2 37.7 37.2 37.1 35.8 35.7 36 34 43.6 50.3 60.6 66.2 71 72.7 72.4 76.5 79.4 80.3 80.5 79.6 78.6 76.3 73.8 75.1 77.7 76.8 72.5 68.9 74.3 75.6 72.7 67.4 59.5 50.7 47.1 49.6 56.8 64.7 71.7 76.8 80.8 82.6
103.2 111.7 123.2 134.4 140.8 144.1 146.2 147.2 147.1 145.3 143.7 142 140 137 133.2 130 124.8 119.5 112.2 101.9 92.1 80.7 71.9 67 63.6 61.4 58.8 56.6 54.8 53.4 52.2 52.4 53.1 53.6 52.3 48.4 46.2 44.1 40.4 38.7 38.2 37.6 36.3 35.8 35.6 35.8 35.2 38.9 45.2 52.8 61.8 66.2 67.7 67.7 70.1 72.4 74.5 75.3 75.4 73.4 70.9 68.2 70.6 73 71.8 66.9 63.5 68.8 69.9 67.8 61.4 53.4 45.9 46.9 55 63.1 70.2 75.8 79.6 81.9 82.2
129 136 141.3 144.1 145.9 147.4 147.8 146.9 145.1 143 140.6 138 135.5 132.3 128.7 124.4 118.4 112.2 103.4 90.9 78.6 68.9 65.9 65 64.2 63 62.4 61.5 61.2 60.4 60.2 59.8 58.3 55.8 53.6 50.5 46.9 44.9 41.5 40 38.8 37.7 36.5 35.8 35.6 35.6 35.9 34.6 39.9 47 57.3 61.6 62.5 63.7 66.3 68.4 70.2 69.6 68.9 68 65.5 62.8 65.9 65.9 64.1 59.9 56.8 61.2 61.9 60 55 46.9 45.1 50.3 58.9 66.8 72.9 78.1 80.6 81.1 79.3
144.7 146.8 148 148.6 147.5 147.9 146.2 144 141.4 138.2 135 133.1 129.9 127.3 122.2 117.7 111.8 104.7 92.1 78.8 70.3 68.7 73.9 77 79.3 80.3 79.5 79.1 77.1 72.7 67.6 64.1 59.9 57 54.8 51.9 47.2 42.9 40.4 39.6 39.2 38 36.7 35.9 35.6 35.4 35.6 34.1 36.8 41.9 50.3 56.5 58.1 59.4 62.6 64.3 65.3 64.7 63 61.7 58.9 56.7 58.8 57.3 55.8 53.4 51.3 51.5 52.1 50.6 48.8 43.4 43.6 51.3 60.6 68.2 74 78.3 79.9 78.1 74.4
151.1 151.7 151.5 149.9 146.8 144.1 140.2 136.5 131.8 127.3 122.2 119.8 117.6 116.9 114.1 109.9 104.2 94.5 80.4 74.5 76 82 87.6 90.6 91.9 91.7 90.1 86.8 82.4 74.6 69.6 64.9 59.5 56.8 53.5 50.4 46 42.6 41.4 41 40.3 38.7 37.2 36.3 35.6 35.4 35.5 35.7 34.5 38.1 45.2 51 52 56.1 59.2 60.4 61.1 59.9 57.8 56 53.7 52.6 53.4 52.4 51 49.4 47.9 47 47 45.8 44.9 46.5 46.1 50.4 59.8 66.8 72 77 77 73.2 67.7
155.9 155 152.3 149.1 145 142.3 137.7 132.3 127.6 120.2 115.2 109.1 104.9 101.8 101.1 99 92 83.5 79.6 83.6 90.2 96 99.9 102.1 101.4 99.3 94.9 90.2 84.3 76.9 69 61.8 56.4 52.9 49.1 46.5 44.2 43.6 44.6 42.9 41.6 38.7 37.8 36.6 35.4 35.4 35.4 35.6 34.9 35.3 40.3 44.8 48.8 53.4 55.8 56.8 55.4 54 52.9 51 50.4 48.8 47.9 47.6 47 45.5 44.6 43.6 43 41.7 41.1 39.7 40.9 45.1 49.3 57.4 67.2 71.9 71.9 67.4 59.9
158.6 156.2 153.3 150.1 149.5 148.7 144.7 140 136.2 131.2 125.7 119.3 110.4 103.1 96.9 91.5 88.9 89.4 92.3 98.1 105.1 108.9 109.4 109.6 107.2 103.4 96.5 90.4 82.2 72.4 60.9 54.3 50.8 48 46.4 45 47.1 48.8 48.2 45.9 42.2 39.4 38.3 36.8 35.3 35.3 35.3 34.7 35 34.5 37.3 42.2 47.7 50.5 51.8 52.2 50.5 48.5 47.6 47.4 47.3 46.1 45.1 44 42.9 42.2 41.6 41.2 40.8 40 39.3 39 39.8 41.2 45.1 47.8 54.7 64.6 65.8 59.8 53.5
158.7 157.6 154.1 153.8 153.6 152.1 149.4 146.1 142.2 137.7 133.7 127.5 120 114.9 110.7 107.4 105 104.6 109.1 113.4 115.4 116 115.8 113.7 108.7 103.4 96.1 88 74 61.6 53.2 49.7 48.9 48.9 48.9 50.6 51.5 54.1 50.9 47.9 44.6 41 38.7 37.1 35.4 35.2 35.3 34.5 35 35.3 34.5 39.6 44.5 47.7 48.8 47.1 43.7 44.9 44.2 44.6 44.4 43.8 43 41.9 40.7 40.1 39.7 39.3 39 38.7 38 37.8 38.3 39.3 41.6 44.3 46.7 50.7 57.7 53.1 51
