data/ST82.asc
ncols 200
nrows 200
xllcorner 380000
yllcorner 120000
cellsize 50
[rows 36 to 71 of 200, columns 82 to 163 of 200]
116.1 122.2 121.9 121.2 120.8 119.6 117.7 115.7 113.3 110.7 108.6 110 111.5 114.9 116.1 116 113.6 111.1 108.5 106 104.5 102.4 100.2 102.2 103.7 103.5 103.3 102.8 104.3 106.9 108.9 111.6 114.9 115.9 116.3 115.7 115.2 114.3 113.7 115.1 115.7 113.4 111.2 110.3 107.6 103.4 109 113.2 117 121.3 124.5 127.1 127.3 127.3 127.4 127.4 127 126.7 126.4 126.1 125.7 125.6 125.8 126.1 125.4 124.8 124 123.4 122.5 121.3 119.9 119.1 117.9 117.1 117 117.8 117.3 116.6 116.4 115.2 116.1 116.1
113.3 119.6 120.4 120.8 120.7 120.2 119.1 117.5 114.9 111.7 110.4 112.4 113.8 115.5 115.8 115 112 109.5 107 104.9 103.4 101.6 101.1 104.2 105.5 105.8 105.7 105 105.4 106.7 108.8 111.7 114.8 117.4 119.4 119.2 118 115.5 117.7 119.7 118.6 116.8 113.7 110.2 106.7 106.1 112.8 119 122.5 124.9 127.7 128.7 128.7 128.6 128.6 128.6 128.5 128.2 127.9 127.6 127.3 127 126.6 126.6 125.9 125.1 124.4 123.7 122.7 121.8 120.6 119.2 117.7 117.5 118.5 119.1 118.3 117 115.8 115.9 117.3 117.2
109.8 114 115 117.5 119.4 120.5 119.9 118.1 114.7 111.6 112.4 113.6 115.2 114.9 114.4 113.6 110.7 107.8 106.1 105.5 104.9 102.6 102.7 105 106.7 107.9 108.2 107.5 107.1 107.4 108.8 111.2 114.4 120.3 123.3 123.1 121.5 119.7 121.9 122.3 120.6 117 114.2 110.7 106.3 107.4 114.1 121.9 126.7 128.4 129.2 130.1 130 130 129.9 129.8 129.7 129.3 128.9 128.6 128.3 128.1 127.5 127 126.1 125.4 124.6 123.1 121.7 120.9 119.7 118.2 118.3 119.2 119.8 118.9 117.7 116.2 115.9 117.1 117.9 117.4
106.3 108.1 110.5 115 117.4 119.8 121 118 114.6 113.6 114.5 115.7 116.1 115.6 114.7 112.6 110.2 109.4 109.2 108.8 107 103.8 103.2 105.5 107.5 108.8 110.2 110.9 110.5 110 111.4 115.6 120.8 123.4 126 125.9 122.8 124.4 125.8 123.6 120.9 117.2 115 111.2 107.3 108.1 113.9 118.4 123.5 129.8 130.8 131.5 131.4 131.3 131.3 131.1 130.8 130.5 130.1 129.7 129.4 128.7 127.7 127.3 126.3 125.5 124 122.4 120.8 119.5 118.5 118.9 119.8 120.2 119.1 118.2 117.4 116.2 116.5 117 117.1 116.9
100.8 102.8 110 113.4 115.4 117.2 118.6 117.8 115.2 115.8 116.7 117.2 117.2 116.2 114.2 112.2 110 112.7 112.3 110.3 107.1 103.9 103.7 106 108.2 109.5 112 114.7 115 116.5 117.2 120.6 126.8 128.6 129.3 129.1 128.7 128.7 127.9 124 120.6 117.9 115.7 112 108.5 108.8 112.9 116.5 120.4 129.6 132.4 132.9 132.8 132.6 132.1 131.1 131.3 131.6 131.1 130.4 129.5 128.3 127 125.6 125.1 124.4 122.8 121.2 119.6 119.2 119.1 119.9 120.2 120.2 118.8 117.4 116.6 116 116.1 116.2 116.3 116.4
98.7 105 109.3 111 112.5 114.3 116 117 116.8 117.7 118.1 118.2 118.1 116 113.9 111.9 113.3 114.8 113.5 110.5 107.1 104.2 104.1 106.5 108.8 110.8 114.1 117.7 120.2 122.5 124.6 127.2 130 130.7 130.9 130.6 130.5 130 128.8 123.9 120.5 118.5 116.3 113 109.4 109.8 114.3 122.3 127.4 131.9 133.9 134.1 133.9 133.1 132 131.2 131.4 130.5 129.9 129.3 128 126.8 125.7 123.9 123.3 122.7 121.1 120.1 119.9 119.6 119.8 120 120.2 120.2 118.8 117.4 116.5 117.2 117 117 117.1 116.3
99.4 104.1 107 108.9 110.2 111.7 113.2 114.9 116.8 118.1 118.6 118.9 118.6 117.1 114.9 114.4 115.6 115.6 113.2 110.2 107.2 105.7 104.2 106.5 109.1 114.1 117.9 121.7 124.5 127.1 129.9 131.2 132 132.4 132 131.8 131.8 131.8 127.8 123 120.6 118.8 116.4 112.6 109 112.2 117.8 126.2 132.1 135.3 135.5 135.3 134.1 133.1 132 131.1 130 129.3 128.8 128 126.5 125.1 124 122.7 121.9 121.1 120.9 120.8 120.7 120.6 120.1 119.9 120.2 120.2 118.6 116.8 117.4 118.2 117.8 117.9 117.4 116.3
98 101.6 104.6 106.7 108 109.4 111.8 114.2 115.5 116.8 118 118.9 118.6 117.3 116.6 117.1 117 115.7 112.9 110 108.1 107 105.9 106 109.2 115.4 121.7 125.9 127.9 130.4 132 133 133.9 133.1 131.6 130.2 129 128.2 126.2 121.9 119.8 118.4 115.2 111.5 111.6 115.8 123.9 131.7 137 137.3 137.1 136.3 134.6 133.5 132.4 131.2 129.8 128.3 127.7 126.5 125.1 123.9 123.3 122.1 121.4 121.6 121.9 121.9 121.8 121.7 121.6 120.4 119.9 119.1 117.8 117.4 117.8 118.4 118.8 118.6 117.5 116.4
95.7 99.1 101.9 103.8 105.4 107.8 110.6 112.5 113.9 115.2 116.4 117.3 116.3 116.5 115.8 118.1 117.6 116 112.9 110.1 109 108.1 107.2 106.3 108.5 115.1 122.8 126.4 127.4 129.5 130.4 130.3 130.9 131.1 128.9 127.4 126.1 123.6 122 119.9 117.6 115.9 113.1 110.1 114.8 121.3 129.2 134.4 137.8 138.8 138.6 137.1 135 134 132.8 131.4 129.8 128.2 126.7 125.7 124.7 123.8 123 121.7 121.9 122.2 122.6 122.7 122.7 122.7 122.7 122 120 118.5 117.6 118.3 119.1 118.6 119.1 118.9 117.8 116.8
93.5 96.6 99.5 101.1 103.4 105.8 107.7 110.5 112.3 113.6 114.8 115.3 114.2 114.2 115 116.8 117.9 116.4 113.4 110.7 110.1 109.8 108.9 107.2 108.5 114.7 122.4 125 125.3 125.3 125.9 126.1 127.3 128 127.7 124.9 123 121 119.5 118 115.6 115 113.4 111.9 116.3 124.1 130.6 136.1 138.8 139.6 139.4 137.8 135.6 134.4 133.1 131.5 129.8 128.1 126.5 125.2 124.3 123.4 122.8 122.2 122.5 122.8 123.1 123.5 123.6 123.5 123.5 122 120 118 118.5 119.3 120.2 119.5 119.4 119.4 118.3 117.3
93.1 96.4 98.5 100.5 102.4 105.1 107.1 109 110.9 111.9 113.1 113.3 112.2 110.7 111.4 112.2 111.6 111.2 110.8 110.6 110.9 110.8 110.5 108.6 109 113.8 118.7 120.9 121.7 121.5 121.4 122.5 123.7 124.7 124.8 124.3 124.3 123.2 121.8 120 120.3 118.6 116.3 113.7 116.3 123.3 128.9 134.7 138.6 138.3 138.4 138.1 136.3 134.7 133 131.3 129.6 127.9 126.3 125.1 123.8 122.8 123.1 122.8 123.1 123.4 123.7 124.1 124.4 124.4 123.4 122 120 118.5 119.5 120.3 121.2 120.9 120 119.9 118.9 117.8
92.6 95.9 97.7 99.8 101.5 104.1 106.4 108.3 110.2 111.3 112.3 111.6 110.4 108.6 108.2 109 109.1 108.8 108.4 108.2 109.4 109.9 109.8 109.6 109.4 112 114.8 117.9 118.4 117.8 118.1 119 120.1 121.3 121.5 124 126.2 127.3 125.7 124.7 124.5 121.6 118.6 116.3 115.5 120.9 126.2 131.2 133.8 136.4 136.9 136.3 135.8 134.6 132.8 131.1 129.4 127.8 126.2 124.9 123.7 122.8 123.3 122.6 123.5 124.1 124.4 124.7 125 124.7 123.2 121.8 120.1 119.4 120.4 121.4 122.2 122.3 121.4 120.5 119.4 118.3
92.3 94.9 97.2 99.2 100.8 103.2 105.8 107.7 109.6 110.7 110.6 109.5 108.1 106.2 105.7 106 106.3 106.3 105.9 105.9 106.7 108.3 108.8 109.3 109.7 110.1 113.1 116.1 116.3 114.8 114.8 115.9 116.6 117.9 120.6 124.8 128.9 131.9 131.6 130.8 128.3 123.4 122.7 122.5 116.5 119.8 124.6 128.3 129.9 132.3 134.5 135.8 136 134.4 132.6 131 129.3 127.7 126 124.8 123.6 122.7 123.3 122.5 123.2 124.1 125 125.4 125.7 124.8 123.2 121.6 120.1 120.3 121.3 122.3 123.2 123.8 122.7 121.7 120.8 120
92.1 94.4 96.7 98.5 100.2 102.2 104.8 107 107.8 108.3 108.4 107.4 105.8 103.9 103.2 103 103.3 103.5 103.4 103.6 104.2 106 108.6 109.3 109.7 110 111.3 114.2 114.3 113.8 116 117.8 119 120.4 122.9 128.2 132.5 135.8 136 135.4 133.1 129.2 128.1 125.7 119.8 117.9 121.8 124.8 126.2 128.6 132.2 134.9 135.4 133.7 132.5 130.8 129.2 127.5 125.9 124.6 123.5 122.7 123.7 124 124.5 125 125.4 125.9 126.5 125 123.4 121.7 120.1 120.3 121.3 122.3 123.2 124.7 123.7 123 122.4 121.8
91.6 93.9 96.2 97.9 99.5 101.3 103.9 105.1 105.4 105.9 105.9 105.2 103.4 102.1 101.5 101.2 100.9 100.6 101.1 102.3 104.3 108.2 111.4 113.3 112.3 112.1 113.4 112.9 114.9 118.2 121.6 123.6 124.9 122.2 127 132.3 136.9 139 139.7 138.5 134.8 132.9 130.4 126.1 122.1 118.5 118.4 121.1 123.4 126 130.3 134 133.8 132 130.3 129.6 128.9 127.4 125.7 124.5 123.6 123.1 123.9 125.1 126.2 126.7 127.1 127.1 126 124.9 123.3 121.7 120.3 119.8 120.3 121.6 123.2 124.7 124.7 124.2 123.7 123.7
91.1 93.4 95.6 97.2 98.9 100.4 101.5 102.5 103.2 103.5 103.3 102.6 101.1 100.4 99.8 99.5 99.4 100.2 103.8 105.6 110.8 115.5 119 119.3 115.3 115.7 119.8 116.8 115.4 122 126.3 129.8 130.5 127.6 128.6 136.1 140.5 141.9 141.6 140 137.8 135.3 130.1 125.1 122.4 122.4 121.1 119.8 122.9 126.4 129.5 132.8 132.6 130.6 128.7 127.6 126.9 126.2 125.5 124.6 123.7 123.7 124.8 126.3 127.7 127.8 127.5 126.4 125.3 124.2 123.1 121.6 120.5 120.1 119.9 121.7 123.3 124.7 125.6 125 124.3 124.6
90.7 93 94.3 95.4 96.8 98 99 100.1 101.2 101.3 100.7 100 99.3 98.6 98 98.7 99.5 100.9 104.3 110 117.1 122.7 127.1 125.2 118.1 122.5 127.4 122.9 116.8 125.7 131.5 134.9 136.2 133.2 132.6 138.7 143 143.7 143.2 141.8 140.1 135.8 128.9 124.1 127.1 125.1 123.2 119.7 123.2 126.7 129.7 132.2 132 130 128.6 127.5 126.9 126.3 125.8 125 124.1 124.5 125.5 126.8 128.2 128.7 127.9 126.6 125.3 124.1 122.8 121.6 120.9 120.5 120.3 121 123.4 125.2 126.2 125.4 124.7 125.3
90.2 92.1 93.1 94.2 95.1 95.8 96.9 98 99.1 99.3 98.7 98 97.4 97.2 97.4 98.5 99.6 101.7 106.3 112.3 120.2 129.5 133.9 131.1 122.1 127.3 132.8 129.3 121.4 127.3 136 139.6 139.9 138 137.3 139.7 144.5 144.7 144.4 143.1 140.5 135.7 126.2 129.4 130.1 127.3 125.3 122.2 125.5 129.3 132.7 133.9 133.5 131.2 130 127.9 127.1 126.6 126 125.4 124.9 125.4 126.4 127.6 128.8 129.5 128.8 127.5 126.2 125 123.5 121.9 121.3 120.9 120.7 121.3 123.1 125.6 126.7 125.8 125.1 125.3
89.9 91 92.2 93.4 93.6 94.1 94.8 95.9 97 97.3 96.7 96 96.1 96.5 96.8 98.1 99.7 101.7 106.3 112.3 120.7 129.4 136.9 136.5 129 133.6 138 136.3 130.2 127.1 137.5 143.4 143.3 142.3 141.1 140.5 145 146 145.6 144.2 141.1 134.5 130.4 135.1 134.4 131.1 127.9 123.5 127 131.4 135.2 136 135.5 132.7 131.3 128.8 127.3 126.8 126.2 125.7 125.7 126.8 127.4 128.3 129.4 130 129.5 128.4 127.2 125.3 123.2 122.4 121.7 121.3 121.1 121.5 123.3 125.5 127.3 126.4 125.6 124.1
89.2 90.2 91.4 92.5 92 92.6 93.1 93.8 94.9 95.3 94.6 94.7 95.2 95.6 96.1 97.8 100 101.5 106 111.5 119 127.7 136.5 139.5 136.2 139.1 141.1 141 138.2 130.1 138.8 145.1 145.7 144.9 144.1 143.1 146.1 147.3 146.6 144.4 140.6 134.9 135.8 139.6 138.7 134.5 130.3 125.5 127.6 131.3 135.8 138 136.7 134.3 132.2 129.7 127.6 127 126.4 126.2 127.2 128.2 129 129.6 130.2 130.4 130.1 129.2 127.1 124.9 123.7 122.9 122.1 121.7 121.8 122.3 123.6 125.9 127.4 126.4 124.7 123.3
88.5 89.5 90.6 91 90.5 91 91.6 92.1 92.7 93.3 93.3 93.8 94.3 94.7 95.4 97.2 99.3 101.5 104.8 110.2 116.7 124.7 134 140.3 139.8 142.1 142.8 143.1 142.7 137.4 142.7 146.1 147.1 146.5 146.4 146.5 148.3 148.2 147.8 144.8 141.3 139.7 141.3 143.7 142.9 137.6 132.1 127.2 127.7 130.8 135.5 138.8 137.6 135.5 133.2 130.6 128.1 127.2 127 127 128 129.6 130 130.5 131 129.5 128.8 128.1 126.7 125 124.2 123.4 122.6 122.1 122.6 123 123.8 126.2 126.9 125.5 124.1 122.7
87.7 88.8 89.5 89.4 88.9 89.5 90.1 90.6 91.4 91.9 92.4 92.9 93.4 94 94.6 96.5 98.7 100.3 103 108.9 115.1 120.6 128.6 137.2 141.2 143.1 144.2 145 145.4 144.7 145.9 147.6 147.8 148.1 148.4 149 149.3 149.3 149.3 147.6 145.7 145.9 146 147.7 145.2 140.5 134.7 132.1 132.6 132.3 134.7 139.7 138.7 136.3 133.8 131.3 128.9 127.8 127.9 127.8 128.9 130.6 131.5 131.4 129.7 128.1 127.3 126.6 125.5 124.9 124.4 123.8 123.1 122.9 123.5 124.2 125.6 126.3 127.9 126.5 124 122.7
87 87.5 87.5 88.1 88.4 88.9 89.7 90.4 91 91.3 91.6 92.1 92.6 93.3 93.9 95.9 97.7 98.8 101.4 105.7 110.5 115.8 122.9 130.8 138.3 143 144.6 145.8 146.6 147.2 147.8 148.1 148.2 148.9 149.4 148.5 147.5 148.3 149 148.8 149.1 148.7 148.2 148.5 144.8 140 135.9 136.2 136.5 134.9 136.1 140 139.5 136.8 134.3 132.3 130.4 129.2 129.2 129.7 130.7 131.2 131.3 130 128.8 127.5 126.4 125.5 124.9 124.4 124 123.9 123.8 124.2 125 126.1 128 128.2 128.8 126.5 123.6 122.7
86.9 86.8 87.4 89.1 88.9 89.4 89.7 90.2 90.4 90.7 91 91.4 91.9 92.5 93.2 95.1 96.2 97.7 99.9 102.7 106.8 110.7 116.3 124 134 140.3 143 145.9 146.8 147.3 148.2 148.5 148.9 147.6 145.8 144.2 143.5 145.1 147.2 149.7 149.9 149.9 149.8 146.2 142.4 139.2 137.7 137.7 138.4 138.1 139.1 140.8 140.8 138.4 136 134 132.1 130.8 130.9 131.6 132.6 132.3 131 129.9 128.8 127.5 126.5 125.7 125.4 125.4 125.3 125.2 125.1 125.6 126.9 128.7 130.2 130.7 128.8 125.9 123.6 122.9
88.6 88.8 89.5 90.3 90.3 90.8 91.5 91.7 91.9 92.3 92.7 93 92.9 92.7 92.6 94.5 96.5 98.5 100.2 102.1 104.9 108.8 113 121.6 129.7 135.7 139.1 144.4 146.2 146.5 146 145.5 144.5 142.9 141.1 139 137.4 140.4 143.3 145.5 147.2 147.8 148.2 144.8 138.5 135.6 134.9 134.6 137.6 139 139.7 142.9 142.7 140.7 138.6 136.3 134 132.6 133.4 133.9 134 132.7 131.3 129.9 128.8 127.6 126.6 126.3 126.3 126.4 126.4 126.5 126.4 127.1 129.7 131.9 132.3 130.8 127.9 125.3 123.9 122.9
90.8 91.2 91.8 92.5 93 93.4 93.9 93.8 93.8 94 94.3 94.6 94.4 93.8 93.2 93.8 97.3 99.1 100.8 102.7 105.5 109.2 113.7 117.9 123.3 129.3 133.5 139.5 140.9 142.1 141.4 140.8 139.8 138.1 136.4 133.9 130.9 135.3 137.7 138.4 139 139.3 141 140.6 136.3 130.4 129.2 129.3 132 137.6 141.9 144.7 144.6 143.2 141.1 138.9 137 136.2 136.4 136.2 134.5 133 131.6 130.3 128.9 127.7 126.9 127.3 127.4 127.3 127.3 127.4 127.5 129.4 131.7 133.1 132.6 131.3 127.2 125.6 124.2 123.2
93.5 93.8 94.3 94.7 95.3 95.9 96.4 96 95.7 96 96.2 96.2 95.4 94.7 94 93.3 95 97.6 99.1 101.9 105.9 109.3 111.9 114.4 118.2 123.2 128.3 132.9 135.7 137.1 136.1 135.1 134.8 133.2 131.5 129.3 124.5 131.1 130.8 131.4 132.1 132.2 134.2 135.3 134.1 128.3 123.7 123.6 126.8 135.6 144.4 146.8 146.6 145.7 143.7 142 140.9 139.9 139.1 137.1 134.9 133.3 132 130.6 129.2 127.8 127.9 128.4 128.6 128.1 128.2 128.3 129.5 131.5 133.8 133.8 133 131 127.9 126.4 125.1 124.2
96.7 96.9 97.9 97.8 97.7 98.4 98.5 97.9 97.6 97.8 98 97.8 97.4 96.7 96 95.4 94.5 95.3 97.5 100.3 103.2 106.5 109.1 112 114.7 118.6 121.4 124.5 126.4 129.4 129.3 127.7 128.4 128 126.5 122.9 120.9 126.6 126.3 125 125.2 126.3 129.5 130.6 130.5 127 122.1 120.1 126 135.5 145 146.9 147 146.4 144.9 143.9 142.5 140.9 139.2 137.1 134.7 133.5 132 130.6 129.1 128.5 128.7 129.3 129.7 129.3 130.2 129.1 130.7 133.2 134.6 134.5 133.6 131.6 128.6 127.1 125.9 124.9
101 101.5 101.3 100.9 98.2 98.6 99.2 100 99.8 99.7 99.6 99.5 99.3 98.7 98.3 97.3 96.5 96.2 96.5 98.8 100.5 103.6 106.1 108.9 111.7 113.9 117 119.6 120.7 122.8 122.9 120.9 121.6 122 122 119.7 117.1 120 120.8 120.3 119.4 122.6 125.9 127 127 125 121 119.6 126.6 133.3 138.7 141.3 141.5 142.8 144.6 144.4 142.4 140.1 137.8 136.3 133.8 132.6 131.7 130.5 129.3 129.5 129.5 128.4 128.5 128.6 128.7 128.8 128.9 129.8 131.1 131 129.6 127.6 126.9 127.4 125.8 123.9
103.3 103.9 103.3 103.1 103.5 102.4 102.1 102.3 102.2 102.3 102.5 102.6 102.5 102.5 102.9 101.8 98.3 97.4 97 98.4 98.5 100.7 103.1 105.8 107.6 109.7 112.5 114.9 116.2 117.4 118 116.3 116.1 117.2 117.3 116.6 114.4 115.7 115.8 115.5 116.4 120.3 122.6 123.5 123.6 122.1 117.5 120.7 124 127.8 131.4 133.2 133.9 135.6 139.2 142.4 140.2 138.2 136 134.8 133.3 132.1 128.5 128.2 131 133.2 134.8 135.6 136 136 134.4 132.7 131.7 131.9 131.9 131.8 131.5 130.3 128.4 126.6 125.2 122.6
101.5 102.1 102.6 102.8 103.1 102.8 103.3 103.2 102.9 102.9 102.2 101.6 102.1 101.5 101.4 100.9 99 98.5 98.4 98.3 100.8 103.8 106.3 107 106 105.7 107.7 110.2 111.7 113.1 114.2 113.3 111.1 112.4 112.6 112.9 112.8 111 112.3 112.3 113.9 117.1 118.6 119.9 120.4 118.5 115.5 119.4 121 120.8 123.6 125.1 126.4 128.7 133.1 135.4 135.7 134.2 131.9 128 128.4 132.9 131.6 131.3 132.7 134.6 137.6 140.6 141.1 138.7 135.4 133.2 131.6 130.8 130.8 130.6 130.2 129.8 127.8 125.6 123.5 119.8
98.5 99.1 100.6 101.7 102.1 101.6 101.4 101.4 100.8 100.2 99.6 98.9 99.1 100 100.3 99.7 98.4 98.3 98.5 98.9 99.1 98.5 98.7 99.4 100.5 102.6 104.5 106.8 108.7 110.6 112 111.6 109.4 107.8 109.8 111.8 111.3 111.8 113.8 115.1 115.9 116.4 116.7 117.2 117.7 117.5 116.4 118 118.1 118 118 120 120.9 122.8 124.6 124.2 124.4 127.5 130.5 134.5 135 134.5 132.8 132.5 133.8 136.8 139.7 148.3 148.9 142.2 138.4 134.6 131.6 130.3 129.6 129.4 129 128.3 126.7 124.7 121.5 124
95.4 96.5 98.1 99.2 99.7 99.7 99.4 98.7 98 97.4 96.9 96.4 96.5 96.6 96.5 96.5 96.8 98.4 98.9 99.7 100.2 99.4 99.6 100.2 99.8 100 100.3 101.8 103.3 105.4 108 107.9 105.8 104 105.2 106.4 106.5 105.8 109 109.2 108.4 108.2 109.2 111 112.2 112.2 112.8 114.5 115.1 115.1 115.7 118.2 119 120.1 122.2 124.1 127.9 132.7 134.5 136.5 137.1 135.3 134.2 133.9 134.5 137.8 143.6 154.1 153.5 144.7 139.8 136 133 130.2 128.5 128.3 128 126.6 124.9 122.7 123.4 125.4
92.3 93.9 95.4 96.4 97 97.5 96.6 95.9 95.3 94.6 94.2 93.8 93.9 93.9 93.6 93.4 94.4 96.5 98.2 100 101 101.4 101.6 102 102.3 102 101.8 101.1 100.5 101.4 102.7 103.2 102.9 105 106.3 106.5 107 108.3 110.4 111.4 111.8 112.3 111 110.5 110.8 111.6 111.5 112 112.4 114.5 116.4 118.1 118.9 119.7 121.8 127.4 132.4 138.7 140.8 140.6 140.4 138 136.3 134.7 135 137.8 144.6 154.2 156.2 147.3 141.4 137.3 134.3 131.2 128.6 127.5 126.9 124.9 124.3 124.9 125.8 126.7
89.3 91.1 93.1 94.2 94.8 95.2 94.4 93.5 92.5 91.9 91.5 91.2 91.3 91.2 90.8 91.6 92.6 94.6 96.1 97.9 99.4 101.3 102.7 104.7 104.2 103.9 103.7 103.4 105.6 106.3 106.3 107.9 107.2 107.9 108.8 109.6 110.2 111.5 113.3 115 115.5 115.5 114.5 113.8 113.7 113.7 113.6 113.6 114.6 115.6 117.1 118.1 119.7 121.3 122.5 130 137.1 143.1 147.1 146.8 144.4 141.1 138.4 136.4 136.5 138.1 143.8 150.5 154.2 147.2 141 136.9 133.8 131.5 129.4 127.8 126 123.8 125.7 126.4 127.2 127.7
87.4 89 90.9 92.2 92.6 92.9 92.3 91.3 90.4 89.4 88.7 88.6 88.5 88.5 89 89.9 90.8 92.6 94.1 95.8 97.8 100.6 103.5 106.7 107.3 106.6 105.2 105.2 107.4 109.7 111.5 111.3 109.1 110 110.9 111.7 112.6 114.3 116.1 117.8 118.5 117.4 116.2 115.7 115.6 115.9 115.5 115.5 115.9 116.9 118.4 119.7 121.3 123.1 125.1 133 141.3 147.6 153.5 153.1 148.2 143.9 140.4 138.6 138.5 138.4 140.5 143.8 144.7 143.5 139.1 136.6 134.5 132.3 130.2 128.2 125.1 125.9 126.8 127.6 128.4 128.8
