data/ST84.asc
ncols 200
nrows 200
xllcorner 380000
yllcorner 140000
cellsize 50
[rows 70 to 104 of 200, columns 78 to 155 of 200]
119.3 120.7 121.9 123.3 125.9 128.1 130.2 131.9 132.3 131.7 131 130.6 130.5 130.3 129.8 128.6 127.5 127 126.4 125.8 125.2 124.6 123.9 123.5 123 122.5 121.7 121 120.3 120.2 119.9 119.9 120.1 120.4 120.9 121 120.9 120.8 120.8 120.8 120.8 120.4 120.8 121.4 121.5 121.7 121.9 122.8 122.6 122.4 122.1 121.9 120.7 119.1 118.5 117 115.1 117.4 113.6 114 114.4 115.5 116.8 118.5 121.2 124.3 127.9 134.7 148.9 173.9 193.4 202.4 207.4 209.4 210.5 210.7 208.5 206
118.7 120.3 121.6 123.1 124.9 126.6 128.6 130.5 130.2 130 129.9 129.8 129.8 129.6 129.1 128.6 128 126.9 126.4 125.8 125.1 124.5 123.8 123.2 122.7 122.2 121.5 120.7 120.7 120.7 120.5 120.9 121.1 121.4 121.8 121.8 121.9 122.1 122.2 122.4 122.6 122.9 123.8 124 123.2 124.6 125.1 125.2 125 124.8 124.5 123.8 122.3 120.8 118.9 117.3 115.3 114.9 114.7 113.7 114.6 115.8 117.3 119.1 121.9 125.4 129.3 134.9 152.1 176.7 195.6 204.2 208.6 210.3 210.2 209.4 206.1 201.7
118.2 119.7 121.2 123.1 124.8 126.4 128.1 129.7 129.4 129.2 129.2 129.1 129 128.9 128.4 127.9 127.4 126.9 126.3 125.7 125 124.4 123.7 123.1 122.5 121.9 121.2 121.2 121.2 121.3 121.2 121.7 122.2 122.6 123.4 123.9 124.3 124.6 124.9 125.2 125.4 125.5 126.2 126.5 126.8 126.6 127.5 127.6 127.6 127.3 127 125.9 124.3 122.5 120.1 119.4 123.2 123.1 119.1 113.4 114.6 115.5 117.5 119.5 122.2 125.5 129.5 136.1 154 176.9 196.7 205.2 209.3 210.8 210 207.4 201.6 193.3
118.6 120.2 122.1 123.7 124.6 126.2 127.8 129.4 129.5 129.1 128.8 128.4 128.2 128.1 127.8 127.3 126.8 126.3 125.9 125.4 124.8 124.2 123.5 122.9 122.3 121.7 121.7 121.8 121.8 121.8 122.1 122.9 123.5 124.3 125.5 126.2 126.3 126.7 127.1 127.5 127.9 127.8 129 129.3 129.6 129.8 129.7 129.8 129.6 129.2 128.6 127.8 126.4 124.2 121.5 119.7 123.1 123.2 116.8 113.6 113.6 115.5 117.5 119.3 121.8 125 130 137.5 156 178.1 197.4 206.1 210.1 211 209 204.8 196.2 178.5
119.3 121.1 122.8 124.3 125 125.9 127.5 129.1 129.6 129.2 128.8 128.5 128.1 127.7 127.2 126.7 126.2 125.8 125.3 124.9 124.4 123.8 123.2 122.6 122.2 122.1 122.2 122.3 122.4 122.4 123.2 124.3 125.2 126.4 127.6 128.8 128.6 128.8 129.2 129.6 130.1 130.1 131 131.3 131.6 131.7 131.2 131.1 129.7 129.5 129.5 128.6 127.5 125.3 123.3 121.9 119.5 115.7 113.9 113.6 116.3 115.5 117.3 119 121.3 124.5 129.6 138.3 158.5 179.3 199 206.8 210.6 210.6 209.4 204.6 197.1 181.5
120.2 121.8 123.3 124.8 125.5 126.2 127.2 128.9 129.7 129.3 128.9 128.5 128.2 127.7 126.8 126.2 125.7 125.3 124.8 124.4 124 123.4 122.8 122.7 122.6 122.5 122.8 123 123.2 123.7 124.9 126 127.3 128.5 129.7 130.9 131.1 131 131.3 131.7 132.5 132.3 131.8 132.2 132.8 132.5 131.9 131 129.6 129.3 128.8 127.1 125 124 122.9 123.2 120.3 117 114.4 113.8 113.7 117 116.8 118.2 120.4 123.6 128.4 137.2 158.3 180.1 197.4 206.6 209.2 210.1 208.7 205.6 201 194.2
120.9 122.3 123.8 125.2 126 126.7 127.4 128.6 129.7 129.4 129 128.7 128.5 127.4 126.6 125.9 125.2 124.7 124.3 123.9 123.5 123.5 123.6 123.7 123.7 124 124.5 124.7 124.9 125.6 126.8 128 129 130.5 131.7 133 133.6 133.5 133.4 133.6 133.9 133.7 133.3 133.5 132.7 131.9 130.1 128 127 125.9 124.8 123.9 123.7 123 121.8 120.8 120.4 117 115.5 113.9 113.1 113.9 115.3 116.8 118.9 121.6 126.1 133.4 153.1 169.9 181.5 191 198.1 204.5 207.8 206.8 202.9 198.9
121.8 122.9 124.3 125.7 126.4 127.2 127.9 128.6 129.8 129.4 129.2 129 128.3 127.1 126.3 125.6 124.9 124.6 124.3 124 124.1 124.3 124.7 124.9 125.2 125.6 126.1 126.5 126.7 127.4 128.8 129.9 130.9 132.1 133.9 134.6 134.6 134.5 134.4 134.5 134.5 133.5 134 133.2 131.4 129.5 126.9 124.9 123 121.9 121.7 121.4 121.3 121.2 121 120 119.5 118.6 116.4 114.1 113.4 113.5 114.1 115.3 117.6 120.7 124.5 130.5 137.9 151.2 161.8 170.5 181.8 197.2 203.9 206.4 204.7 201.2
122.7 123.8 124.9 126.2 126.9 127.7 128.4 129.1 129.9 129.7 129.5 129.1 128 126.8 126 125.4 125.1 124.8 124.5 124.8 125.2 125.6 126 126.4 126.8 127.3 127.8 128.3 128.4 129.4 130.7 131.9 133.3 134.5 136.3 136.1 135.6 135.2 134.6 134.2 134.1 131 132.2 130.4 128.5 126.5 123.8 122.3 120.8 119 119.1 119.2 119.7 119.5 119.7 118.9 118.3 117.7 115.7 114.9 113.9 113 113.6 114.8 116.2 119.5 123.2 127.4 133.7 139.5 147.4 154 172 188 184.7 202.4 203.9 201.2
123.7 124.7 125.7 126.7 127.4 128.1 128.7 129.7 130.5 130.1 129.7 128.8 127.7 126.5 125.8 125.6 125.3 125.2 125.6 126.3 126.9 127.3 127.7 128.3 128.9 129.5 129.9 130.3 130.5 131.5 132.4 133.8 135.4 137.8 137.4 136.7 136.2 134.3 133.3 132.2 131.1 127.8 128.6 127.3 125.7 123.7 122.2 120.8 119.4 118.2 117.8 117.8 117.8 117.8 118.3 117.4 116.2 115.9 115.6 114.6 113.6 112.7 113.1 114.1 117.4 119.2 121.9 125.5 129.1 133.7 138 148.2 166.2 181.8 185.7 194.7 198 194.4
124.6 125.5 126.2 127 127.7 128.3 129.5 130.7 131 130.6 130.7 129.4 128 126.8 126.6 126.5 126.4 126.3 126.7 127.4 128.1 129 129.6 130.3 130.9 131.5 132 132.3 132.5 133.5 134.4 135.6 137.3 138.4 137.1 135.5 133.7 131.9 131.1 129.8 128.6 127 126.1 124.7 123.5 122 120.7 119.8 118.8 117.8 117.4 117.3 117.3 117.3 116.6 116.3 115.2 115.1 115 114.5 113.3 112.5 112.7 113.9 115.9 117.7 121 124.1 126.7 128.7 133.2 139.9 152.6 170.5 180.5 185 185.7 184.9
125 125.8 126.5 127.2 128.1 129.4 130.6 131.8 131.5 132 131.7 130.3 129 128.7 128.4 128.2 128.1 128 127.9 128.4 129.5 130.6 131.4 132 132.6 133.2 133.5 133.6 133.5 134.4 135.5 135.6 137.3 137.3 135.5 133.3 131.4 130.1 128.8 127.5 126.1 124.3 123.8 123.3 122.2 120.9 119.9 119 118.5 118.1 117.4 116.8 116.8 117 115.7 115.6 114.4 114.6 114.5 114.4 113.7 112.5 112.5 113.9 115.5 117.6 120.4 122.2 124.4 126.1 128.4 133.5 139.6 147.7 159 164.8 167.1 169.5
124.5 125.5 126.5 127.1 128.4 130 131.5 132.6 133.4 133.1 132.8 131.3 130.7 130.5 130.3 130.1 129.8 129.6 129.5 130.3 131.4 132.6 133.2 133.8 134.4 134.7 135 134.8 134.7 135.3 135.3 134.2 135.7 135.2 133.2 131 129.6 127.9 126.2 124.6 124 122.5 122.4 121.9 121.3 120.6 120 119.4 118.9 118.4 117.8 117 116.3 115.2 115.2 114.6 114.4 114.2 113.5 113 113 112.5 112.9 113.8 114.9 116.9 119.2 120.5 122.5 123.3 124.9 127.6 133 137.2 141.6 146.6 151.6 156.6
123.9 124.6 125.6 126.9 128.4 130.2 132.1 134 134.7 134.3 133.9 132.7 132.5 132.4 132.2 131.9 131.7 131.5 131.3 132.4 133.6 134.8 135.4 135.6 135.7 135.5 135.8 135.8 135.8 135.4 134.6 133.5 134.1 132.8 130.7 128.9 127.1 125.3 123.6 123.5 121.6 120.4 120.3 120.5 120.7 120.6 120.4 119.9 119.4 119.1 118.5 117.5 116.4 115.5 114.9 114.8 114.6 114.4 112.8 113.6 113.1 112.7 113.9 113.4 114 115.8 117.4 117.9 119.7 120.6 122.4 124.2 127.6 131.1 134.8 138.6 144.1 146.7
123.8 123.7 125.3 127.5 129.4 131.3 133.2 136.1 136.6 136.5 135.9 135 134.4 134.3 134 133.8 133.6 133.5 133.5 134.6 135.9 136.6 136.1 135.9 135.9 135.8 136.2 135.8 135.4 134.9 133.9 132.7 132.4 130.7 129 127.1 125.1 123.2 121.2 119.2 119 119.9 119.9 119.2 119.4 119.8 120.2 120.2 119.9 119.6 119.3 118.1 117 116.1 115.4 114.7 114.4 113.2 113 113.4 112.5 113.9 113.2 112.9 113 114.7 115.8 116.5 117.9 118.4 119.9 121.9 122.2 126.9 130.3 133.9 135.4 139.8
125.4 125.9 126.7 128.6 130.5 132.6 136.3 137.6 138.1 138.6 138.1 137.3 136.5 136.1 135.9 135.8 135.8 135.8 135.8 136.7 137.1 137.5 136.4 136.1 136.1 136.1 136.3 135.7 134.7 133.7 132.6 131.6 130.7 129.2 127.3 125.3 123.4 121.8 121.3 119.2 120.4 120.7 120.1 119 118.2 118.4 118.7 118.9 118.9 119 118.9 118.1 117.4 116.5 115.6 114.3 113.5 113.1 112.6 112.6 111.5 112.6 113.1 112.9 112.8 113.5 114.3 115.1 115.8 116 117.9 119.7 120.9 124.4 127.1 125.4 133.9 137.4
126.9 127.2 128.1 129.8 132 135.9 138.1 139.2 139.6 139.9 139.4 138.9 138.3 137.8 137.6 137.4 137.2 137 136.5 136.9 137.1 137.4 136.5 136 136.1 135.8 135.5 134.6 133.6 132.6 131.4 130.3 129.3 127.6 125.7 124.1 122.4 122 122 121.4 121.5 121.1 120.3 119.6 118.8 118.3 117.7 117.8 117.5 117.6 117.5 117 116.7 116 115.2 114.2 113.6 113.2 112.7 113.1 113.4 112.8 112.2 113.1 113.2 113 113.3 113.7 114.7 115.8 116.4 117.9 119.2 119.5 119.4 126.9 130.6 134.8
128.4 128.6 130.6 132.5 136 138.4 139.8 140.8 140.9 140.5 140 139.5 138.9 138 137.6 137.5 137.3 136.8 136.2 136.6 136.6 136.4 136 135.3 135.2 134.9 134.3 133.5 132.4 131.4 130.3 129.1 127.9 126.2 124.5 122.8 122.4 122.3 122.3 122.1 122 121.4 120.6 119.8 119 118.2 117.5 117.5 116.9 116.7 116.5 116.4 116 115.6 115.1 114.1 113.4 113.3 113.1 114.8 114.7 114.2 113.3 112.9 113.1 112.7 112.9 112.9 113.5 114.7 116.3 116.3 117.9 116.8 120.3 124.1 126.1 130.9
129.7 131 133 137.5 141 142.8 142.8 142.1 141.5 141 140.6 140 139.5 138.3 137.5 137.4 137 135.9 135.9 135.3 134.8 134.6 134.5 134.3 134.2 133.7 133 132.2 131.4 130.3 129.1 127.8 126.2 124.7 124 123.6 123.3 123.2 123 122.8 122.3 121.7 120.9 119.9 118.9 118.1 117.4 117 116.7 116.4 116 115.7 115.4 115.2 115.1 114.4 113.6 113.3 114.3 115.4 115.7 115.6 114.5 112.9 112.2 112.4 112.5 112.6 112.6 113.5 114.7 120 115.7 117.9 120 122.3 124.8 129.4
131.3 133.5 136.7 141.8 145.9 147.2 146.3 144.2 142.6 141.6 141.1 140.6 139.7 138.5 137.4 137.3 136.7 135.2 134.7 134.1 133.5 133.2 133.2 132.8 132.6 132.3 131.6 130.9 130.2 129.2 127.9 126.4 124.9 125.2 125 124.6 124.2 124.1 123.6 122.6 122.2 121.7 120.9 119.9 118.8 118 117.4 116.9 116.6 116.2 115.9 115.5 115.2 114.8 114.7 114.5 114.1 113.5 114.3 115.9 116.3 116.2 115.9 114.7 112.7 112.4 112.7 113.1 112.4 113.1 113.9 114.7 120.1 117.6 119.6 121.6 123.3 128.2
133.8 136 141 148.2 153 152.5 149.8 146.5 144.6 143 141.7 141.2 140 138.8 137.6 137.1 136.3 135.2 134.5 134.1 133.6 132.9 132.2 131.3 131 130.8 130.3 129.8 129 127.9 126.7 126 125.6 125.6 125.4 125.2 124.9 124 123 122.1 121.6 120.9 120.3 119.5 118.6 118.1 117.5 117.1 116.7 116.2 115.8 115.3 114.7 114.4 114.3 114.2 113.9 113.8 114.7 114.9 116.5 116.7 116.8 116.4 114.2 112.8 113.4 112.8 112.2 113.1 114 114.6 115.5 120.2 119.8 120.9 122.1 126.1
136.4 140.2 144.9 155.3 162.2 159 153.5 149.4 146.6 145 143.3 141.4 140.2 139 137.8 136.9 136.3 135.8 135.4 135.1 134.8 134 133.2 132.3 131.4 130.6 129.5 128.7 127.9 126.9 126.6 126.2 126 126.1 125.9 125.2 124.3 123.4 122.5 121.7 121.1 120 119.6 119 118.5 118.1 117.7 117.3 116.8 116.3 115.8 115 114.3 114.1 113.9 113.8 113.7 115 115.4 116.3 115.5 117.4 117.5 117.5 116.1 114.2 113.2 112.3 112.5 113.3 114.3 114.6 115.3 116.2 120.5 120.4 120.6 123.9
140.7 145 152.5 165.7 171.5 163.6 155.7 151.6 147.6 145.6 143.6 141.6 140.4 139.4 138.5 137.7 137.1 136.7 136.6 136.1 135.9 135.7 134.6 133.4 132.5 131.3 130 128.5 127.8 127.3 126.9 126.6 126.3 126.4 125.5 124.5 123.7 123 122.3 121.6 121 120 119.6 118.8 118.5 118.1 117.9 117.4 117 116.4 115.9 115.1 114.5 114 113.9 114.2 114.5 115.4 115.4 116.2 116.1 117.9 118.1 118.2 117.7 115.6 112.8 112 112.9 113.6 114.4 114.8 115.5 116.3 117.3 120.8 120.2 122.4
145.7 150 165.7 180.6 177.6 165 157.1 152.2 148.2 145.7 143.7 141.8 141.3 140.5 139.4 138.5 137.9 137.5 137.4 137.3 137 137.2 135.8 134.4 133.1 131.7 128.9 128.8 128.2 127.6 127 126.5 125.9 125.7 124.6 123.8 123.2 122.7 122 121.4 120.9 120.1 119.7 119.3 118.7 118.2 117.9 117.7 117.3 116.5 115.8 115.3 115 115.1 114.9 114.5 115.2 115.4 115.5 116.1 117.1 118.2 118.5 118.4 117.4 115.5 114.1 112.2 112.1 114.1 114.8 115.4 115.8 116.4 117 117.7 121 120.9
150 162.2 179.8 195 178.1 164.8 156.3 152.2 148.9 145.8 143.8 141.8 141.3 140.8 140.3 139.4 138.6 138.4 138.3 138.1 137.7 137.4 136.1 134.8 133.6 129.6 130.9 129.2 128.6 127.9 127.3 126.6 125.6 124.9 124 123.4 122.9 122.4 122 121.4 120.9 120.1 119.4 119.1 118.7 118.2 118 117.7 117.5 116.7 115.8 116.2 115.8 116.3 115.7 115 115.4 115.4 115.6 115.9 117.2 119.1 118.9 118.3 116.4 114.4 112.1 111.4 112.7 115.1 115.7 116 116.2 116.6 117.1 117.8 119.8 120.9
159.4 174 190.8 188.6 172.6 162.6 155.4 151.7 148.8 145.9 143.9 141.8 141.3 140.8 140.3 139.8 139.3 138.9 138.4 138 137.5 137.1 136.1 135.1 130.7 132.7 131.2 129.7 128.7 127.9 127.1 126.3 125.4 124.6 123.9 123.3 122.9 122.4 122 121.5 120.9 120.1 119.7 119 118.6 118.2 117.9 118.2 118.4 117.9 117 117.1 116.7 116.6 116.3 115.4 115.4 115.4 115.7 115.8 116.5 118.1 119.2 117.5 115.8 113.3 111.4 111.4 115.2 116.5 116.8 116.7 116.8 117.1 117.7 118.3 119.4 120.1
171.2 182.7 181.3 173.9 165.3 159.1 153.7 150.6 147.8 146.1 143.9 141.9 141.4 140.9 140.4 139.5 138.8 138.7 138.3 137.8 137.4 136.9 136.1 131.9 133.8 132.5 131 129.5 128.4 127.6 126.8 126 125.2 124.4 123.9 123.3 122.9 122.5 122.1 121.5 120.9 120.3 120.1 120 119.5 119.2 119 119.1 119.4 119.2 118.5 118.3 118 117.2 117.4 116.7 115.5 115.5 115.3 115 114.5 116 117.1 115.2 113.5 111.6 111.2 111.6 115 117.3 117.5 117.3 117.2 117.7 117.9 118.4 119 119.8
186.9 181.2 170.3 163.2 159 155 151.9 149.8 148.2 146.4 144.1 142 141.4 140.7 139.7 138.7 138.4 138.5 138.1 137.7 137.2 136.9 136 134.9 133.8 132.3 130.8 129.3 128 127.2 126.4 125.6 125.4 124.3 124.2 123.6 122.9 122.6 122.1 121.7 121.2 120.7 121 121.5 121.1 121 120.7 120.4 120.4 120.4 120.3 120.2 119.8 119.4 119 118.7 118.2 115.5 115.3 114.7 114.5 113.8 112.4 111.7 111.4 111.2 111.3 111.9 112.7 117.9 117.8 117.7 117.6 117.8 118 118.5 119.1 119.3
199 179.5 165.9 159.7 156.1 155.4 154.1 151.5 148.6 146.8 144.5 142.2 140.9 139.9 138.9 138.1 138 138.1 137.9 137.5 137.4 136.5 133.7 134.3 133.1 132.1 130.6 129.1 127.6 126.8 126.1 125.8 125.6 124.9 124.4 123.8 123.1 122.6 122.3 122.3 122.1 122.3 122.7 122.8 122.8 122.9 122.7 122.4 122.5 123.1 123.2 122.8 122.2 121.7 121.2 120.6 119.4 116.2 115.4 114.5 115.2 114.1 112.9 113 115.4 112.8 111.3 112.3 113.1 115.9 116.8 117.2 117.1 117.8 118.2 118.6 119.3 118.7
195.9 171.5 163.4 159.3 159.7 160.9 159.6 153.5 149.1 147.1 144.8 142.6 140.7 139.4 138.3 137.5 137.1 137.1 137.3 136.9 136.4 135.1 133.9 132.9 132 131 130.1 128.9 127.4 126.5 126.1 125.9 125.7 125.4 125.1 124.6 124 123.5 123.5 123.6 123.8 124 124 124.1 124.3 124.6 124.7 124.8 125.2 125.6 125.4 124.7 124.3 123.1 121.9 119.8 120.8 120.5 118.5 119.3 119 117.5 119.5 116.8 120.4 117 111.9 112.1 112.8 112.6 114.9 116 117.4 117.4 117.8 118.7 119.1 118.7
195.1 176.7 171.8 172.5 177 170 162.2 155.4 150.6 147.5 145.2 143 140.9 139.5 138.2 136.9 135.7 135.3 135.1 135 134.7 135.6 131.7 131.5 130.7 129.8 128.9 128 127.1 126.5 126.3 126.1 126 125.8 126.1 125.7 125.3 124.9 125.1 124.9 125.4 125.7 125.8 125.9 126 126.1 126.2 126.6 127.1 126.4 126 125.4 124.9 124.7 124.8 122.1 122.7 123.3 121.5 122.8 122.1 122.5 122.8 121.9 122.5 119.6 113.4 112.5 112.3 112.4 117.1 119.4 119.7 119.4 119.1 118.3 118.8 119.2
220.6 208.7 202.6 196.7 183.5 171.9 162.8 156.6 151.3 148.1 145.8 143.4 141.2 139.7 138.2 136.7 135.5 134.4 134 134.1 133.8 133.7 131 130.6 130 129.6 128.3 128.1 128 128.1 127.6 127.3 127 126.9 127.3 127.1 127.2 127.4 127.2 127 126.9 127.2 127.5 127.6 127.5 127.4 127.6 127.5 128.3 128 127.6 128.3 128.1 127.4 126.4 124.8 125.2 125.1 124.7 124.4 124 123.8 124.8 124.2 123.5 122.6 113.7 112.2 112.4 111.5 116.8 122.3 123.6 123.1 122.7 122.4 120.9 120
236.4 225.5 212.9 198.8 184.2 172.4 163.4 158.1 153.5 149 146.4 144.2 141.9 139.7 138.2 136.7 135.3 134.4 134 133.7 132.8 131.9 131.8 131.2 130.9 130.8 130.7 130.4 130.1 130 130.1 130 129.6 129.7 129.8 129.6 129.7 129.3 128.8 128.3 128.1 128.2 128.3 128.5 128.9 128.9 128.6 128.8 129.6 129.8 129.6 129.2 128.9 128.4 126.8 126.6 126.6 126.4 125.8 125.5 125.3 125.1 125.1 124.4 124.1 123.7 121.5 113.2 111.8 110.3 111.1 121.2 124.4 125.1 125 124.5 123.3 122.1
235.6 223.2 211.7 196.9 183.9 172.8 165.5 159.7 155.1 150.6 147.5 145.2 143 140.4 138.4 136.8 135.6 135 134.7 134.6 133.8 133.8 133.4 132.7 133.9 134.6 134.4 133.7 134 133.4 133.3 132.9 132.4 132.3 131.7 131.1 130.5 129.7 129.3 129.1 128.8 128.7 128.6 129.2 129.5 130.2 129.7 130.1 130.5 130.4 130.4 130 129.5 129.1 127.9 128 127.9 127.5 126.9 126.5 126.4 126.2 126.2 126 125.7 125.2 124.2 118.8 113.6 110.3 110.1 112.9 123 126.4 126.2 125.8 125.6 124.4
229.7 217.9 204.4 191.8 183.2 173.6 168.1 161.8 156.4 151.8 149 146.3 144.1 141.5 139 138.3 137.7 137.1 136.7 136.8 137.6 136.3 134.8 134.4 135.8 136.7 136.8 138.4 137.2 136.5 135.5 135 133.4 132.8 132.1 131.3 130.8 130.4 129.9 129.5 129.2 129 128.9 129.8 130.3 130.4 130.1 130.7 131 131 131 130.6 130.1 129.9 129.6 129.4 129.3 128.9 128.5 127.5 127.3 127 127 127.3 127.4 127 124.9 124.7 118.4 110.9 110.1 108.9 116.1 125 126.3 126.2 126.3 124.3
