data/ST92.asc
ncols 200
nrows 200
xllcorner 390000
yllcorner 120000
cellsize 50
[rows 140 to 174 of 200, columns 0 to 77 of 200]
131.2 130.2 128.2 125.4 123.6 132.7 142.6 147.7 153.1 155.4 157.8 157.9 157.1 155.4 152.8 148.2 136.5 125.2 122.3 120.7 128.4 139 143.7 146.1 146.8 147.4 147.6 146.5 145.6 145 144.3 143.6 143 142 140.5 138.9 136.9 135.1 131.2 124.1 121.9 127.2 129 126.9 125.8 128.6 129 130.9 132 132.8 133.6 133.5 133 132.5 132.6 131.7 131.2 130.8 130.3 130.7 130.8 130.8 131.5 132.3 132.9 132.9 132.9 132.8 133.6 136.7 139.2 143.1 151.4 162.5 173.6 183.7 187.7 191.3
125.7 126.3 126.8 128.1 135.3 143.5 149.4 153.1 156.4 158.4 159.2 158.6 156.8 155 152.5 148.8 140.9 125.5 121.2 120.7 126 135.8 143.3 145.4 146.1 145.9 145.5 144.8 144.1 143.3 142.7 142 141.3 140.1 138.6 137 134.7 131.4 126.9 122.5 125.1 129 129.3 130.2 129.1 127.9 128 129.6 130.3 131.1 132.2 132.2 132.1 132.4 132.9 132.4 131.8 131.2 130.7 131.3 131.3 131.6 132.3 133.1 133.6 133.4 133.3 133.3 133.5 134.6 135.8 139.2 141.7 147.8 155.5 164 170.4 173.6
132.9 130.9 135.8 138.9 146.2 151.6 154.6 157.7 158.7 158.9 159.2 158.7 156.1 154.5 152.2 148.3 143.4 126.5 123.2 121 126.3 134.5 142.2 144.7 144.8 144.8 144.1 143.2 142.5 142 141.2 140.3 139.6 137.9 133.9 131.4 127.6 125.2 124 125.5 126.8 129.3 131 130.1 129.5 129 128.6 129.1 129.6 130.2 131.2 131.8 132.1 132.5 133 133.1 132.5 132.3 131.8 132 132.4 133.3 134 134.5 135 134.7 134.5 134.7 135.1 135.5 136.9 137.1 138.8 140.6 145 149.9 155.3 157.8
145.6 146.9 148.2 149.2 153 155.4 158.5 159.7 159.4 159.1 158.8 157.3 155.3 152.9 150.3 147.5 142.9 126.2 124.1 122.1 128.8 135.9 141.5 144.2 144.2 143.5 142.6 141.7 140.8 140.3 139.8 139.1 137.6 135 129.4 126.6 127.7 129.2 129.7 130.8 129.6 130.4 131.7 131.2 130.6 130.1 129.8 129.9 130.5 131 131.7 131.8 132.1 132.6 133.2 133.7 133.6 133.5 133 133.4 134.3 134.9 135.4 135.9 136.3 136.4 136.5 136.8 137 137.3 138 138 138.8 140.9 143 144.9 146 147.6
154.4 154.8 155 156 156.9 159.6 159.6 159.6 158.8 158.2 157.1 155.5 152.8 149.8 146.7 145.4 135 124 122.4 124.8 133.8 137.7 142.7 143.5 142.9 142.2 141 140.2 139.1 138.5 138.5 137.5 135.6 131.4 127 129.9 131.9 133.1 133.9 133.1 131.2 130.2 131.6 132.2 131.7 131.1 131 131 131.3 131.9 132.4 132.1 133.1 134 134.9 135.8 136.1 136.1 135.8 136.4 137.4 138.5 138.2 138.4 138.5 138.6 138.9 139.2 139.6 139.9 140.3 141 140.9 141.2 143.4 142.6 144.2 145.5
159.8 159.7 159.2 159.5 159.2 159.2 159.5 158.5 157.8 156.7 155.4 152.9 150 146.9 138.4 129.7 124.3 123 125.2 131 138.7 143 142.9 142.2 141.6 140.9 140.3 139.6 138.7 139.4 137.6 135.9 133.8 128.7 129.3 132.6 134.9 135.1 134.3 133.4 131.9 129.7 131 132.3 132.8 132.2 132.1 132.2 132.2 132.8 132.8 133.6 135 136.4 137.3 138.1 138.4 138.4 138.8 139.4 140.6 142 141.9 141.6 140.4 141.8 142.1 142.4 142.8 143.2 143.6 144.3 144.3 143.4 143.9 145.5 146.9 148.3
162.1 161.5 161.1 161 160.3 159.3 159 158.2 156.9 155.6 153.1 150.4 147.7 141.5 128.7 124.1 124.2 126.3 131.4 137.9 144.5 144 143 142.3 141.7 141 140.3 139.6 138.5 137.9 137 134.7 132.5 128.7 132.1 134.6 134.8 134.7 133.8 133 132 130.7 131.4 132 133.1 133.3 133.3 133.3 133.4 133.6 134.4 135.4 136.8 138.2 139.6 140.4 140.7 141.2 141.7 142.6 143.9 145.2 145.7 142.9 142.8 144.9 145.3 145.7 146.1 146.5 146.9 147.6 146.3 145.5 146.9 147.8 150 150.9
162.5 161.8 161.7 161.3 160.3 159.2 158.4 157.9 156.4 154.9 150.6 146.2 144 130 125.4 124.5 127.4 131.7 136.4 144 145.1 144.3 143.2 142.4 141.7 141.1 140.4 139.2 138.1 136.6 135.8 134.2 131.5 130.9 132.6 133.8 134.5 134.2 133.4 132.3 131.6 131.7 132.3 133 133.6 134.6 134.7 134.7 134.7 135 135.9 137.2 138.6 140 141.8 143.5 144.4 145.1 145.4 146 147.4 148.7 148.2 144.8 145.6 149.4 149.9 150.2 150.6 150.9 151.3 152 150 147.4 150.3 151.3 152.5 152.9
162.3 161.3 161 160.7 159.5 158.3 156.3 157.4 153.7 153.8 147.7 141.6 132.5 125.9 126.2 127.8 136 142 144.3 143.8 145.1 144.6 143.6 142.5 141.8 141.2 140.3 138.9 137.6 135.9 134.8 133.8 132.3 130.4 131.8 133 134.2 133.7 132.8 132.7 132.6 132.5 132.9 133.7 134.8 135.9 136.5 136.2 135.9 136.2 137.8 139.6 141.5 143.3 145.1 146.4 148 148.9 148.6 149.7 151.1 152.5 151.3 147.7 149.3 153.9 154.5 155 155.3 155.7 156 155.2 153.1 149.7 153.2 155.2 154.9 155.1
161.9 160.8 160.1 159.4 158.6 157.6 156.9 155.3 148.5 148.8 137.8 133.5 128.8 126.1 128.4 137.4 143.1 145 145.5 145.3 145.1 144.9 143.9 142.6 141.9 141.2 139.9 138.5 137 135.4 133.9 132.7 131.4 131.1 131.9 132.8 133.7 133.9 133.9 133.8 133.7 133.6 134.3 135.1 136.2 137.3 138.3 138.1 137.5 136.5 139.6 142.6 144.7 146.6 148.2 149.4 151.1 152.4 153 153.8 155.2 155.8 154.8 150.2 153.6 157.8 158.9 159.7 160.1 160.2 159.9 158.4 156.3 152.8 155.4 158.7 157.6 157.6
161.5 160.5 159.4 158.6 157.9 157.1 156.2 155.1 154 150.4 144.6 136.5 129.9 126 129.2 142.4 145.1 145.9 145.7 145.3 144.9 144.9 144.2 142.8 142 140.9 139.5 138.1 136.5 134.9 133.3 132.6 132.3 132 132.9 133.8 134.9 135.1 135 134.9 134.9 135.4 136.4 137.8 138.4 139 139.7 140.1 137.9 137.5 141.3 144.5 147.5 149.9 151.3 152.6 154.4 156 157.2 158.1 158.9 159.7 157.9 152 157.1 161.2 162.6 163.5 163.8 163.4 162.9 161.8 159.7 156.4 157.2 160.3 160.3 160.1
161.6 160.1 158.7 158.1 157 156.2 155.2 154.1 153.3 151.6 146.5 138.7 130.4 126.9 127.9 139.3 144.5 145.9 145.6 145.2 144.8 144.7 144.4 143.1 142 140.5 139 137.6 136.7 135.4 134.2 133.5 133.1 133 133.9 135 135.9 136.2 136.2 136.1 136 137.5 138.5 138.8 141.1 141.7 142.3 142.4 141 138.8 143 146.3 149.3 153 154.8 156.3 157.9 159.3 160.6 161.5 162 162.9 160.9 154.3 160.5 163.5 165.2 166 166.1 165.6 165 164.4 163.1 161 159.1 160.3 161.3 161.8
161.2 159.8 158.4 157.4 156.5 155.4 154.3 153.5 152.8 152 147.4 140.7 134.1 127.9 126.5 134.4 142.4 145.1 144.6 144.2 144.4 144.6 144.3 143 141.8 140 138.1 137.6 137.5 136.2 135 134.2 134 133.9 135.1 136.4 136.9 137.2 137.3 137.3 138.5 139.6 140.6 141.7 142.5 144.4 145 145.4 144.4 141.9 144.2 148.9 152.8 156 157.6 159.3 160.9 162.7 164 165.1 165 165.2 162.1 155.2 163 165.6 167.7 168.5 168.3 167.7 167 166.3 165.5 163.7 161.3 160.7 161.6 162.5
160.3 158.9 157.7 157 156.1 155 154 153.1 152.2 150.8 148.1 143.8 137.5 130.1 126.4 132.4 140.1 143.4 143.7 143.9 144.2 144.4 144.1 142.9 141.6 140.3 139.3 137.5 137.7 137.1 135.8 134.9 134.8 135.1 136.4 137.6 137.9 138.2 138.4 139.5 140.6 141.7 142.7 144 145.9 146.5 147.3 148.4 147.8 145 145.6 150.9 155.9 157.9 159.6 161.3 162.9 164.5 166.4 167.9 167.7 166.2 162.7 157.2 164.6 168.2 169.6 170.6 170.1 169.4 168.7 167.9 167.1 165.8 163.9 161.8 162.7 163.6
159.8 158.4 157 156 154.9 154.2 153.6 152.6 151.1 147.1 145.6 143.4 139.2 130.3 126.9 130.7 137.6 142.3 143.8 144.9 144.2 144.2 144 142.7 141.6 140.8 140.7 138.6 140.4 139.3 137.8 136.5 136.1 136.2 137.6 138.6 138.9 139.2 139.3 141.3 144.7 143.9 145.7 146.4 147.7 148.8 150 151.1 151.5 149.5 146.1 152.4 158 159.9 161.7 163.3 164.9 166.4 168.1 169.2 169.1 167.8 163.7 158.7 165.4 169 171.2 171.8 171.6 171.1 170.3 169.6 168.8 167.7 165.6 163.7 164.4 165.3
159.5 158.1 156.7 155.1 153.5 153.2 151.9 151.3 150.4 144.6 139.2 134.3 131.2 130.6 129 130.7 139.3 142.2 143.8 145.1 146 145.3 144.5 143.7 142.9 142.6 142.6 142.6 141.9 140.6 138.5 137.5 136.8 137.3 138.3 140.8 141.4 141.6 143 144.5 146 149.4 147.6 148.9 149.9 151.1 152.3 153.5 154.4 153.9 147.7 153.1 158.5 161.4 163.6 165.3 166.9 168.4 169.9 169.6 168.7 167.9 163.9 160.7 167 171.1 172.4 173 172.9 172.6 172 171.2 170.4 169.6 167 165.5 165.9 166.4
159.7 157.9 156.4 155.2 153.5 150.8 149.3 148.7 147.8 143.3 135.6 132.1 134 134.1 129.4 128.5 141.2 143.2 144.5 145.5 146.5 146.7 145.8 145 144.6 144.9 145.3 144.4 142.8 140.8 140.1 139.6 139.1 137.8 139.1 141.8 143.4 144.3 145.7 146.7 148.1 148.8 150.4 151.2 152.1 153.4 154.6 155.8 156.3 156.6 151.4 151.7 159.1 162 164.9 167 168.1 169.3 170.5 170.9 170.2 169 166.3 161.2 169.1 172.5 173.5 174.3 174.1 173.8 173.5 172.9 172 170.9 168.4 168.1 168.5 168.9
159.6 157.6 156 154.5 152.9 151.5 148.1 145.9 144.4 138 133.5 137.9 141 139.1 133.4 130.8 140.1 143.9 144.6 145.7 146.2 146.8 147.7 146.5 147.8 147.6 146.9 145.2 143.5 142.5 142.7 142.3 141.8 140.3 138.5 140.7 144.1 146.5 147.5 148.9 150.2 151.7 151.4 153.2 154.3 155.6 156.9 157.8 158.2 158.3 155.4 150.9 159 162.5 165.6 167.4 168.7 169.9 171.1 171.6 171.3 170.6 168.4 163.1 168.3 173.2 174.7 175.2 175.1 174.8 174.6 174.1 173.1 172 169.2 169.1 170.5 171
158.9 156.1 154.5 153.1 150.7 148.6 149.5 142.7 139.2 135.2 139 143.1 144.1 142.8 138.4 133.7 134 143.8 144.7 145.5 146.4 147.2 150 147.3 150.3 149.2 147.5 145.9 144.3 144.6 145.3 145.1 144.5 142.6 140.7 139.8 143.2 147 149.4 150.9 152.3 153.7 155.3 154.9 156.5 157.9 159.2 159.7 160.2 159.7 157.7 150.2 159.3 163.2 166.3 167.7 169.2 170.4 171.6 172.1 172.4 171.7 170.5 166 168.3 173.4 175.7 176 176.1 175.8 175.6 175.1 174.1 173.1 170.2 170.3 171.8 172.3
157.1 155.3 150 146.9 143.1 142.1 142.2 139.5 136 138.9 143 143.2 144.3 143.7 142.7 137.2 132.8 137.9 143.6 144.9 145.2 146.9 148.9 152.3 152.1 150.7 149.1 147.3 145.6 146.7 146.9 146.7 146.9 145.4 143.3 141.9 142.7 145.9 149.8 151.7 153.5 155 156.2 157.4 157 159.1 160.4 161.4 160.9 159.7 157.6 150.8 159.8 163.8 167 168 169.5 171 172.2 172.6 173 173 172.6 168.4 168.6 173.5 175.7 176.9 177.1 176.8 176.6 176 175.1 173.5 171.2 171.9 173.1 173.6
151.7 148.2 145.2 144 144.1 142.3 140.7 138.4 138.5 143.8 144.4 144.1 144.5 145.1 143.8 141.9 135.2 136 142.2 143.6 146.5 147.4 153.1 153.8 153.7 152.1 150.4 148.7 146.9 147.9 148.1 148.3 148.5 148 146.6 143.9 142.5 145.9 149.2 152.1 153.6 154.9 156.1 157.4 158.9 160.1 160.6 161 158.7 157.1 153.7 153.2 161 163.7 166.7 168.3 169.8 171.3 172.7 173.1 173.6 173.8 173.3 170.1 170.5 173.6 175.5 177.7 178.1 177.8 177.6 177 175.7 173.7 172.9 173.2 174.4 175
146.1 146.8 148 149.3 150.7 147.9 143.7 142 141.9 145.2 145.2 145.2 145.3 144.3 144.1 143.3 138.9 136.5 141 143.7 146.4 150.1 153.1 155.1 154.7 153.1 151.5 149.9 148.3 149.1 149.6 149.9 150.1 149.8 148.3 145.6 142.6 145.2 148.6 152.1 153.5 154.8 156 157.5 159.1 160.9 160.8 159.3 157 155 155.3 158.5 160.6 163.9 166.9 168.4 170 171.5 172.9 173.8 174.3 174.6 174.1 170.9 171.3 174.1 175.8 177.6 179 178.8 178.5 178 176.5 175.7 174.5 173.9 175.6 175.5
150.2 153.6 154.3 153.9 153 149.6 147.5 146.2 143.2 143.7 144.9 145 144.9 144.7 143.9 143.1 139.5 137.4 139.3 144.4 147 150.2 155.1 156.1 155.6 154 152.3 150.7 149.5 149.4 150 150.4 150.8 151 149.9 147.5 143.9 144.6 148 151.5 153.3 154.7 156.2 157.6 159.1 160.3 160.8 159.8 158.2 157.3 159.8 161.2 162.1 164.5 167 168.6 170 171.5 172.9 173.9 174.9 175.3 174.8 172.8 172.3 174.6 176.3 178 179.7 179.3 179 178.8 177.6 176.4 175.5 174.7 175.9 176.4
155.6 156.2 156.1 154.5 153.3 150.9 147.9 146.6 145.5 145.4 144.7 144.6 144.4 144.3 143.7 143 139.5 138.9 139.4 143.2 146.6 151 156.9 157.8 157 154.6 153 151.5 150.9 150.2 150.4 150.8 151.3 151.5 151 149.5 146.5 144.6 147.2 150.2 151.8 153.6 155.6 157.4 158.8 160.3 160.5 160 158.5 158.2 161 163 164.5 165.7 167.1 168.5 170 171.5 172.9 174 174.9 175.5 175.3 174.2 172.6 174.3 176 177.7 178.7 178.8 179 179.1 178.4 177.3 176.5 175.7 176 176.8
156.8 157.2 155.6 154 152.9 151.2 148.2 146.6 147.1 146.4 144.8 144.6 144.4 144 143.5 143 142.6 141.5 139.5 142.5 146 151.2 157.4 159.9 158.5 155.9 153.6 152.9 152.2 151.4 150.8 151.2 151.8 152 151.5 151.1 149.2 146.1 146.3 147.7 149.7 151.7 153.8 155.9 157.9 160 160.3 158.9 159.1 158.6 160.5 162.9 164 165.2 167 168.5 170 171.5 172.9 174 175 174.9 174.9 175.3 174.6 174.2 175.9 177.7 178.8 178.9 179 179.1 179.1 178 177 176 176.7 177.5
157.1 156.2 155 153.9 152.6 150.8 147.9 148.6 148.8 148 146.2 145.2 145.5 144.6 144.5 144.7 144.4 143.6 141.7 140.9 144.9 150.8 157.1 162.4 161 159.4 157.2 154.6 153.6 152.7 152.8 152 152.3 152.5 152.1 151.6 149.1 147 147.8 148.6 149.3 151.5 153.8 156 158.2 159.8 160.6 160.9 159 158.2 160.3 162.5 163.6 164.8 166.7 168.5 170 171.4 172.9 174.1 174.6 175.4 176.2 175.7 175 175.2 175.9 177.6 179 179.1 179.1 179.2 178.9 178.3 177.3 176.7 177.5 178.3
156.8 155.7 154.8 154 152.6 151.9 151.7 150.9 150.3 149.2 148.1 146.9 145.9 145 144.8 145.2 145.8 144.8 142.9 141.5 143.5 148.6 155.1 162.4 165.6 164.2 162.2 159.6 156.7 155.3 155.1 153.1 153.5 153 152.6 152.2 148.8 147.9 150.5 150.9 150.7 152.3 154.6 156.6 158.1 159.4 160.3 161.4 162 159.7 160.9 162.1 163.2 164.5 166.4 168.3 169.9 171.4 172.9 174.2 175.1 175.9 176.4 176 176.1 176.2 176.4 177.6 179.1 179.2 179.3 179 178.6 178.1 177.5 177.5 178.3 178.8
156.6 155.5 154.6 153.5 152.4 150.3 151.1 152 150.8 149 147.7 146.6 145.7 145.4 145.2 145.6 145.5 145 143.8 141.7 143.1 147.3 152.5 161.3 168.1 169.5 167.3 164.3 161.4 158.4 157.2 155 154.3 153.6 152.9 150.8 148.7 149.9 152.6 152.9 152.7 153.2 154.9 156.4 157.9 159.2 160.3 161.4 162 162.7 163 163.4 164.1 164.9 166.1 168 169.9 171.4 172.8 174.3 175.1 175.8 176.6 177 177.1 177.3 177.5 177.6 179.2 179.3 179.1 178.8 178.4 177.9 177.9 178.6 179.4 179.2
156.4 155.4 154.6 153.5 152.1 151.2 152.1 152.5 152.1 151.1 150 148.7 147.4 146.1 145.5 144.9 144.8 145.1 144 142.1 143.4 146 150.3 158 171.8 176.5 174.2 170.9 167.5 163.7 160.2 157.3 154.5 153.8 153.1 151.8 150.1 150.2 153.6 154.6 154.3 154.1 153.2 154.6 157.2 159 160.4 161.4 162 163 164 164.7 165.2 165.8 166.2 167.6 169.2 170.5 172.8 174.9 175.7 176.4 177.6 179.1 178.8 178.7 178.6 178.7 179.3 179.2 178.9 178.7 178.6 178.7 179 179.7 180.5 179.7
156.3 155.5 154.7 153.9 152.5 152.4 152.6 153 152.7 151.8 150.8 149.5 148.2 147.4 146.9 146.4 145.8 145.6 143.9 142.5 143.6 146.5 151.5 159.8 173 181.9 180.5 176.3 172.4 168.5 164.2 159.9 156.2 153.7 152.9 151.8 150.4 151 154 155.8 155.7 155.5 154.6 154.3 156.6 158.4 160.1 161.6 162.6 163.6 164.6 165.4 166.1 166.6 166.4 167.5 169.3 170.8 173.2 175.4 176.3 177.2 178.7 180.3 180.9 180.8 180.7 180.6 180.1 180 180.2 180.2 180 179.7 180.1 180.8 180.8 179.8
156.7 155.5 155.3 154.1 153 153.4 153.6 153.5 153.3 152.4 151.5 150.2 149.4 148.9 147.9 146.9 145.9 145.2 143.7 143 144.4 148.6 155.4 165.2 178.1 186.1 185.5 182 176.9 172.7 168.4 164.2 159.9 155.6 152.8 151.8 151 151.4 153.4 155.5 157.1 157 156 154.9 156 157.9 159.7 161.4 163.1 164.2 165.2 166.1 166.8 167.8 167.4 167.4 169.7 170.9 173.2 175.8 177 178.3 179.9 181.5 183.1 182.8 182.7 182.2 181.5 181 181.1 181.2 180.9 180.5 180.9 181.5 180.8 180
156.7 155.3 155.2 154.3 154.5 154.5 154.6 154.2 154 153 152.1 151.2 150.1 149.1 148.1 147.1 146 145 143.5 143.6 145.5 151 161.3 174.1 185.8 188 187.3 184.8 180.7 176.1 171.5 166.9 162.2 157.6 153.4 152.1 151.6 151.9 153.6 155.3 157 158.4 157.5 156.6 155.9 157.5 159.3 160.9 162.6 164.3 165.7 166.7 167.5 168.6 169.1 168.3 168.8 171.5 173 175.6 177.5 179.5 181.1 182.7 184.3 185.4 184.2 183.4 182.8 182.2 182.1 182.1 181.7 181.3 181.7 180.7 179.9 178.5
156.4 155.2 155.3 154.9 154.8 154.9 156.2 155.5 154.8 154.2 153.6 151.9 150.4 149.2 148.2 147.1 146.1 145.1 143.9 143.9 147 153.5 164.6 177.2 184.9 187.4 187.4 185.1 182.6 177.7 172.9 168.3 163.6 159 155 152.4 152.2 152.5 154.2 155.9 157.5 159 159.3 158.5 157.7 157.1 159 160.5 162.1 163.9 165.6 167.3 168.2 169.3 169.9 169.4 169.3 171.4 173.2 175.4 177.6 179.9 181.4 182.9 184.6 186.9 185.5 184.7 184.1 183.5 183 182.9 182.5 181.9 180.5 179.4 178.4 176.4
157 155.8 155.6 155.4 155.5 156.8 157.8 157.9 156.8 155.9 155.1 153.2 151.3 149.7 148.5 147.4 146.2 145.2 144.2 144.1 147.3 152.4 164 174.6 180.6 183.2 184.7 184.4 183 180.5 175.1 169.7 165.1 160.5 156.7 153.2 152.8 153 154.8 156.3 157.5 159.2 160.1 160.4 159.5 158.9 158.6 160.1 161.7 163.4 165.1 167 169.1 170.1 170.7 170.2 170.6 171.9 172.9 175 177.3 179.9 181.4 183.3 185.5 188.2 187 186 185.4 184.8 184.3 183.3 182.5 181.7 179.8 178.1 176.3 174.4
157.4 156.8 156.3 156.6 158.6 160.4 161.6 161.3 159.9 158.4 156.4 154.4 152.5 150.6 148.9 147.8 146.6 145.5 144.9 145.3 146.9 150.5 157.1 166.6 173.6 177.1 179.6 181.2 182.5 181.4 177.9 172.6 167.2 162.2 158.5 154.9 153.7 153.6 155.1 156.2 157.8 159.4 160.5 161.1 161.4 160.7 160.1 160.3 161.2 163.1 165.1 167.4 170.3 171.2 171.6 171.3 172.2 172.9 173.8 174.3 177.2 179.9 182 184.2 186.6 189.3 188.9 188.4 187.7 187.3 187.2 185.7 182.3 181.5 179.3 176.2 174 172.1
