data/ST98.asc
ncols 200
nrows 200
xllcorner 390000
yllcorner 180000
cellsize 50
[rows 38 to 75 of 200, columns 86 to 171 of 200]
89.6 88.7 86.8 84.7 83.1 82.1 80.1 79.1 78.1 77.1 76.9 76.6 76 75.6 75.8 75.9 76 76.4 76.7 76.6 78 82.5 83.3 82.4 81 76.7 72 72.3 71.5 73.2 78 78.2 78 78.8 79.6 79.9 80.2 80.4 80.3 80.2 80 79.7 79.3 79 79.1 79.3 78.7 78.2 77.7 76.5 75.5 77.1 77.6 77.5 77.3 77.2 76.9 79.1 84.1 90.3 94.2 96.8 97.2 97.5 96.8 96.2 95.6 95 94.3 93.7 94 93.9 93.6 93.6 93.5 93.5 93.4 93.1 92.8 92.3 91.6 91.1 90.9 90.7 90.6 90.4
89.4 87.7 86 85.6 85.3 84.1 81.8 79.5 78.5 77.5 77.4 77.2 77.8 80.3 81.3 79.4 79.7 82.6 82.4 78.8 80.8 83.5 84.3 83.4 82.6 81.6 79.2 73.6 70.5 71.3 73.1 75.7 76.1 76.7 77.3 78.3 79 79 79.2 79.6 79.1 78.8 77.9 76.6 77.3 76.5 75.6 74.9 74.2 75.3 79 80 79 78.9 78.8 78.7 77.4 78.4 81.2 85.8 91.2 95 95.8 96.8 96.9 96.3 95.7 95.1 94.5 93.8 93.8 93.6 93.6 93.5 93.5 93.4 93.3 93.1 92.8 92.1 91.2 90.4 90.2 90 89.8 89.7
88.2 86.8 87 87.2 87 85.9 83.8 81.5 79.7 79.6 78.9 79 80.6 82.2 83.2 82.7 83.8 83.8 83 82 83.4 84 84.7 84.2 83.2 81.8 79.7 76.7 73.1 70.6 71.2 72.5 73.8 74.2 75.5 77.3 78.9 79.6 80 80.4 80 78.4 76.3 74.8 75 74.4 76 76.2 78.2 80.4 82 82.6 81.6 80.4 80.3 79.4 77.8 78.1 80.1 84.7 89 93.1 94 95.2 96 96.4 95.8 95.2 94.6 94 93.7 93.5 93.5 93.4 93.4 93.3 93.3 93.2 92.5 91.7 90.8 90 89.4 89.2 89.1 88.9
87.9 87.9 88 88.2 88.3 87.2 85.6 83.2 82.6 82.7 82.1 81.5 82.5 84.1 84.6 84.4 83.7 84 83.8 83.8 84 84.6 84.2 82.7 81.7 80.6 78.7 76 73.4 70.1 70.9 70.9 71.6 73.9 76.2 77.8 79.4 80.5 80.9 81.2 80.9 78.5 76.1 73.7 72.8 75.5 77.8 80.5 82.8 83 84.4 84.9 84.4 82.4 81.3 80.1 79.2 77.8 79.2 82.4 85.7 88.8 91.4 92.8 95.9 95.4 95.1 94.8 94.4 93.9 92.9 92.8 92.6 92.6 92.8 93 93.1 92.8 92.1 91.3 90.4 89.6 88.8 88.5 88.3 88.2
88.8 88.9 88.9 88.9 89.2 89.1 87.9 85.5 85.6 85.7 85.4 84.9 84.4 85.4 84.7 83.9 83.1 83.4 84 84 84 83 82 80.7 79.6 77.5 75.3 73.7 71.6 70.8 70.8 70.9 71.2 74.5 76.4 78.3 79.8 81.1 81.8 82.1 81.8 79.3 75.6 72.8 73.8 76.7 79.4 82.5 85 86.1 86.7 87.1 85.7 85.6 84.2 83.4 81.6 79.6 78.9 79.8 82.1 84.6 87.6 92.1 94.8 94.5 94.1 93.8 93.6 91.3 93.1 92.7 92.6 92.7 92.9 93.1 92.9 92.2 91.5 90.8 90 89.2 88.4 87.8 87.6 88.3
89.4 89.4 89.4 89.4 90 90.1 89.8 89.4 88.9 87.7 86.8 86.5 86.1 85.1 84.2 83.4 82.6 82.6 83.1 82.8 81.8 80.8 79.7 78.6 76.4 75.8 75.3 74.1 72.1 71.3 69.8 70.7 71.6 74 76.3 78.2 80.2 81.7 82.7 82.2 80.7 78.7 74.2 72.3 73.9 76.1 79.3 83.9 85.5 87.7 89.3 88.2 89.3 88.9 87.6 86 84.4 82.5 80.2 78.5 79.7 82.4 84.8 89.1 92.1 91.9 93.8 93.4 90.7 91.5 93.8 93.6 93.5 93.3 93 93 92.3 91.6 90.8 90.1 89.4 88.7 87.9 87.3 88.1 88.7
90.2 89.9 89.9 90.7 90.9 91 90.8 90.2 89.3 88.2 87.2 86.9 86.4 85.9 84.3 83 82.2 81.7 82.3 80.7 79.3 78.5 77.6 76.4 75.3 74.1 73 71.8 70.7 68.5 70.3 70.5 70.9 73.4 76.1 78.2 80.1 81.6 82.3 81.8 80.3 76.6 73.2 72.1 74.5 76.1 78.7 81.8 83.7 86.3 89.2 91.6 91.6 91.5 90.8 89.4 87.7 85.7 84 82.1 79.8 78.5 80.6 83.1 86.2 88.3 91.7 92.7 87.9 93.2 94.1 93.5 93.4 93.3 92.5 92.1 91.9 91.1 90.4 89.6 88.8 88.1 87.4 87.7 88.7 89.8
90.6 90.5 90.8 91.6 91.8 91.9 91.3 90.4 89.5 88.6 87.6 87.2 86.6 86.1 85.5 83.6 81.7 80.9 80.7 78.5 76.7 76 75.9 75.5 74.3 72.8 71.3 69.8 69.1 70.1 70.3 70.4 70.5 72.8 75.5 78.1 79.8 80.8 81.6 81.6 78.8 76 72.7 72.2 74.3 79.4 81.8 83.7 86.6 89.3 91.5 92 92.9 93.7 93.7 93 91.3 89.6 87.8 86.1 84 82.7 80.4 80.8 81.7 83.3 88.7 86.5 90.4 93.5 94.2 93.8 93.2 91.9 90.7 90.7 90.5 90.4 90.2 89.5 88.7 87.9 87.3 89.9 91.3 92.7
90.9 91.1 92.1 92.3 92.3 92.1 91.2 90.3 89.5 88.7 88 87.4 86.9 86.4 85.8 84.8 82.9 80.9 80.4 80.1 78.2 75.3 74.2 73.9 73.4 72.8 71.3 69.9 69.6 69.9 70.2 70.4 70.5 72 74.7 77.3 78.2 79 79.8 80.3 79 75.3 71.2 71.5 74.8 80.9 85.1 86.5 88.1 90.6 91.8 92.5 93.3 93.9 95.1 94.4 94.8 93.4 91.7 89.9 88.3 87 85 84.7 82.5 81.2 82.6 85.7 89.8 92 92.3 91.8 91.1 90.1 88.9 89.3 89.1 88.9 88.8 88.6 88.5 87.8 88.2 91.3 93.2 94.6
91.6 92 92.5 92.2 92.3 91.7 90.5 89.7 88.9 88 87.5 87.6 87.1 86.6 86.1 85.6 84.3 83.8 82.6 81.3 79.1 76.3 73 72.3 71.8 71.2 70.7 69 69.8 69.9 70.1 70.2 70.5 71.6 73.9 75.2 76 76.9 77.7 78.5 77.5 74.2 70.8 70.8 72.1 75.6 78.8 82.1 86.3 88.2 91.1 92.9 93.4 94 96 95.9 96.4 96.6 95.6 94.2 93.1 91.7 90 90.1 88.4 85.6 82.9 83.5 85.8 88.7 89.2 89.1 88.1 88.4 87.3 87.8 87.7 87.5 87.4 87.2 87.1 87 88.8 92.1 95 96.4
91.9 92.4 92.8 92.4 92.2 91.3 89.9 89 88.2 87.1 87 87.2 87.2 86.7 86.2 85.7 84.5 83.4 82.3 81.6 79.3 76.5 73.7 70.8 70.2 70 69.7 68.1 70.1 70.2 70.4 70.5 70.2 71.1 72.2 72.9 73.8 74.6 74.7 74.8 73.5 71.7 70.7 71.4 70 71.8 74.2 76.5 79.6 82.5 84.7 88.1 90.8 94.1 95.4 95 95 96 97.6 96.8 96.9 96.4 95.1 95 94.3 91.8 88.3 83.4 83.2 83.4 85.5 86 85.5 86.6 85.8 86.3 86.4 86.1 85.9 85.8 88 90.8 91.9 91.5 95.5 98
92.7 92.8 93.1 92.6 92.1 90.9 89.2 88.4 87.3 86.4 86.6 86.7 86.9 86.8 86.3 85.8 84.4 83 82 81.3 79.1 76.3 73.4 70.4 69.6 69.5 69.2 68.4 70.4 70.6 70.6 70.2 69.8 70.1 70.7 71.1 71.5 72.4 71.8 70.5 71.3 70.7 71.1 74.8 76 73.7 76.7 73.4 73.3 73.9 76.5 79.1 82.5 87.3 90.6 89.5 90.1 94.3 95.9 98.2 98.3 98.4 98.4 98.2 97.3 96.2 92.2 87.6 87.8 87.5 86.1 84.7 83.8 83.7 84.3 84.8 85.1 84.8 85.8 88.7 91.5 94.3 95.2 93.8 95.6 98.7
92.6 93 93.3 92.5 91.1 89.7 88.1 86.5 85.7 85.9 86.1 86.3 86.4 86.6 86.5 85.6 84.2 82.7 81 79.6 78.1 75.5 72.5 69.8 68.5 68.8 68.2 69.4 70.8 70.5 70.2 69.8 69.4 69.2 69.5 69.9 70.3 70.7 71 71.8 72.7 72.6 74.8 75.9 78.3 77.5 75.5 73.6 71.9 71.2 72 72.9 74.9 78.9 81.7 82.8 85.3 90.9 93 94.9 96.5 97.1 97.9 97.7 97.5 97.7 94.8 92.8 92.5 92.1 91.5 91 90.5 86.9 85.5 85.4 85.6 86.3 88.8 91.6 94.3 96.7 97.8 97.7 96 98.9
92.1 91.5 88.7 88.8 88.5 86.6 84.8 83.5 82.7 84 85 85.5 86.1 86.6 86.5 85.3 83.7 82.2 79.4 77.9 76.3 74.6 71.7 69.4 67.9 69.4 70.4 71.1 70.6 70.2 69.8 69.4 69.1 69.2 69.3 69.6 70 70.4 70.5 71.2 72.3 73.3 73.9 74.4 75.6 75.4 75.9 76.4 75.1 73.3 72.6 72 71.5 72.1 73.4 75.2 80.4 86.4 88.9 90.6 92.4 93.4 94.7 96.7 96.5 97.1 97.8 96.2 95.7 95.1 94.8 94.4 93.6 91.3 90.2 90 89.8 88.9 91.5 94 96.4 98.4 99.5 100.6 97.8 100.5
86.7 85.4 84 84.1 84.5 83.2 81.8 80.5 80.9 82.8 84.8 86.2 86.7 86.7 86.1 84.6 82.9 80.9 77.9 76.2 74.7 73.1 70.4 68.1 68.6 69.7 71.6 71.2 70.5 69.9 69.5 69.1 69.1 69.2 69.3 69.4 69.7 70.1 70.4 71 71.7 71.9 72.3 72.8 73.9 74.4 74.8 75.3 75.9 75.3 75.3 74.8 73.5 71.7 72.1 73 75.9 79.4 82.3 85.8 87.7 88.8 91 93.1 93.8 96.1 97.3 96.6 96.1 96.3 96 95.7 94.8 95.7 94.3 93.6 92.7 92.9 93.7 96.1 98.4 99.8 101 101.1 99.7 101.9
82.6 80.6 79.9 80 80 79.9 78.8 77.9 80.1 82 84 85.9 86.8 86.2 85.2 83.1 81.1 79 76.3 74.6 73.1 71.6 69.5 68.2 69 69.7 71.1 70.8 70.3 69.6 69.2 69 69.1 69.2 69.3 69.4 69.5 69.8 70.2 70.8 71.4 71.3 71.5 71.9 72.9 73.4 73.8 74.3 74.9 75.9 77.2 77.7 76.1 74.4 72.8 73 72.4 75.9 78.2 80.5 82.8 84.6 86.7 88.3 89.4 91.2 92.3 91.6 92.7 93.1 92.8 92.4 91.9 93 94.4 95.1 95.3 95 94.7 97 98.8 100.3 101.1 101.1 100.6 102.9
79 76.9 76.5 76.8 77.1 77.4 76.9 76.9 79.8 82.6 84.5 86.4 85.4 83.8 83.2 81.3 79.2 77.2 74.8 73 71.5 70 68.5 68.7 68.9 69.2 70.1 69.8 69.5 69.2 68.9 69 69.1 69.2 69.3 69.4 69.5 69.6 70 70.6 71.2 71 70.8 71.1 71.8 72.4 72.8 73.3 74 75.1 76.5 78 79 77.5 74.5 73 71.9 72.6 74.7 77.8 80.1 81.1 82.1 83.7 85 86.4 87 88.3 90 90 89.6 89.2 88.9 90.4 92.2 92.5 93 93.9 95.9 97.2 99 99.6 99.8 100.4 100.1 102.7
75.7 74.8 74.6 74.6 74.6 74.8 75 76.8 79.3 82.1 85 85.8 84.2 82.4 80.6 78.9 77.2 75.3 73.2 71.5 70 68.8 68.6 68.6 68.6 68.7 69.2 68.9 68.8 68.9 69.4 69.2 69.1 69.2 69.3 69.4 69.5 69.9 70.1 70.4 70.8 70.6 70.4 70.3 70.8 71.3 71.8 72.4 73.2 74.3 75.8 77.6 79.1 77 74.9 73.1 71.9 72.6 73.8 75.8 76.9 78.1 79.3 80.5 81.4 82.4 83.8 85.6 87.3 86.9 86.5 86.1 86.4 87.6 89.7 90.1 90.8 91.9 94.5 96.4 98.6 98.3 98.6 99.1 99.8 102.4
74.2 73.4 72.7 72.7 72.7 73.2 74.8 76.7 79 81.8 84.6 85.1 83.3 81.2 78.4 76.7 74.9 73.1 71.6 70.2 68.8 68.8 68.7 68.7 68.8 68.7 68.7 68.8 68.9 70 70.2 69.6 69.5 69.5 69.4 69.6 70.1 70.7 70.8 70.7 70.5 70.5 70.4 70.3 70.5 70.6 70.8 71.5 72.4 73.6 75.4 77.3 79.1 77.3 75.5 73.6 72 72.6 73.7 74.3 74.8 75.5 76.7 77.9 79 80 81.2 82.9 84.1 83.7 83.6 83.8 84.2 84.8 86.1 87.2 88.4 89.6 91.8 96 98 96.7 95 94 96.6 99.8
73.3 72.6 71.6 71.3 71.2 72.5 74 76.2 78.9 81.5 84 84.8 82.6 79.9 76.9 74.7 73.2 71.7 70.2 68.9 68.5 68.8 68.8 68.9 68.9 68.9 68.8 68.9 69.7 71.3 71.2 72 72 72 71.6 70.7 70.9 71.5 71.5 71.2 70.7 70.6 70.5 70.5 70.7 70.8 70.9 71 71.7 73 74.8 76.6 78.3 77.8 75.9 74.1 72.2 72.4 73.5 73.8 74.1 74.7 75.4 76.1 76.8 77.7 78.9 80.3 81 81 81.3 81.5 82 82.5 83.3 84.5 85.8 87.2 89.2 92.3 93.1 91.1 89.6 89.1 92.9 96.7
72.4 71.6 70.6 70.2 70.1 71.2 72.9 75.1 77.5 82.8 85.4 84.3 81.8 78.9 76 73.5 71.9 70.4 69 68.5 68.7 68.8 69.6 70.1 70.7 70.7 69.8 70.6 72.2 73.5 74.6 74.7 74.7 74.3 73.5 72.7 71.9 72.2 72 71.3 70.8 70.7 70.6 70.7 70.8 70.9 70.9 70.9 71.4 72.4 73.9 75.7 77.3 78.2 76.4 74.8 73.5 72.2 73.1 73.3 73.6 73.9 74.5 75.2 75.7 75.1 76.2 77.7 78.4 78.7 79 79.2 79.7 80.1 80.8 82.1 83.8 85.4 86.6 86.9 86.9 86.9 86.9 86.1 88.4 92.9
71.3 70.4 69.5 69.1 69 70.1 71.9 74.1 79.3 84.3 84.9 82.4 80.3 77.8 75.3 72.6 70.8 69.2 68.3 68.7 68.9 70.6 73.3 73.9 74.4 73.3 72.1 73.5 76.1 77.7 76.9 77.1 77 76.3 75.4 74.6 73.8 72.8 72.1 71.4 70.9 70.8 70.7 70.8 71 71 70.9 70.9 71.1 72 73.4 74.8 76.4 78.2 77.6 76.3 75 73.6 72.7 72.8 73.1 73.4 73.6 74.3 74.3 73.5 73.9 74.7 75.9 76.5 76.9 77.1 77.4 77.7 78.4 79.6 80.7 81.9 83.1 83.3 83.4 83.7 84.1 83.3 84.4 87.6
69 68.8 68.2 68 68 69.5 71.4 73.3 78.7 81.9 81.3 80.2 78.6 76.6 74.2 71.8 69.8 68.7 68.3 68.8 70.5 73.8 76.9 77.6 77.3 76 74.9 76.7 79.6 79.8 79.2 79.2 78.4 77.5 76.5 75.4 74.1 72.9 72.3 71.6 71.1 70.9 70.9 71 71 71 70.9 70.9 70.9 71.6 73 74.4 76.6 78.5 78.1 77.4 76.2 74.8 73.4 73 73.1 73.2 73.3 73.4 74.6 76.3 76.6 75.3 74.2 75.1 75.7 75.3 75.5 75.9 76.5 77.2 78 78.9 79.7 80.3 80.7 81.2 81.7 81.4 81.2 83.5
67.4 67.1 67.2 67.2 67.2 68.2 69.1 71.9 76.5 78.7 79.6 78.6 76.9 75.5 73.5 71.4 69.3 68.5 68.4 69.2 73 77.1 80.1 81.2 80.1 79.7 79.4 79.6 81.3 81.1 80.6 80 79.2 78 76.8 75.5 74.3 73.1 72.4 71.7 71.2 71 71 71.1 71 71 71 70.9 70.9 71.2 72.5 74.1 76.3 78.5 78.7 78 77.3 75.9 74.6 73.3 73.4 73.4 73.5 75.3 77.4 79.1 79.1 78.7 77.8 76.6 74.5 76.1 75 74.4 75 75.4 76.2 76.9 77.8 78.6 79 79.5 79.9 80.1 79 81.7
67.8 67.2 66.7 67.4 67.2 67.4 68 70.4 74.1 77.3 78.2 77.6 76.6 75 72.8 71.3 69.6 68.5 68.7 69.8 75.2 79.7 82.9 84 83.9 83.6 83.3 82.8 82.5 82.2 81.3 80.6 79.7 78.3 76.9 75.7 74.4 73.3 72.5 71.8 71.4 71.1 71.1 71.1 71.1 71 71 71 70.9 70.9 71.7 73.7 75.8 77.8 79.2 78.7 78.4 78.1 76.8 75.8 74.9 75 75.3 77.6 80 81 80.9 80.6 80.7 80.3 76.9 79.5 79 77.5 76.7 75.9 75.2 75 75.8 76.7 77.3 77.8 78.2 78.6 78.6 81.6
68.5 66.8 67.7 67.4 67.1 67 67.2 69.9 72.8 75.1 75.6 76.2 74.9 73.2 71.7 70.1 69.7 68.8 68.4 70.2 74.4 78.3 81.8 82.1 84.3 83.9 83.8 84.1 83.7 82.3 81.9 81.2 80.3 78.9 77.4 76 74.6 73.5 72.6 72.3 72.1 71.9 71.8 71.9 71.9 71.9 72 72 71.8 71 71.4 72.9 75 77.1 78.6 79.5 79.7 80.2 79.3 78.2 77.3 76.5 77.7 79.1 80.5 82.2 82.7 82.4 82.5 81.9 79.1 82.2 82.2 81 79.2 76.8 75.4 75.4 75.1 74.9 75.6 76 76.4 76.9 78.3 81.3
69.3 68.2 67.6 67 66.9 66.9 67.5 70.1 72.5 74.1 75 74.5 73 71.6 70.4 69.2 68.9 68.5 68.2 69 73 76.9 77.6 79.1 81.6 83.6 84 84.3 84.1 83 82.5 81.7 80.9 79.4 77.9 76.3 74.8 73.5 73.8 73.6 73.4 73.1 73.1 73.2 73.2 73.2 73.3 72.7 71.9 71.1 71.3 72.4 74.1 76 78 80.5 81.2 82 81.4 80.6 79.7 78.5 78 79.3 81 82.7 84.2 84.2 83.8 83 81.3 82.7 84.3 84 82.1 78.7 76.1 75.7 75.5 75.2 75 75 75.1 75.7 77.3 79.7
70.3 68.7 67.4 67.2 66.9 66.7 67.9 70.3 73.2 74.4 74.3 72.4 70.9 66.9 67.7 66.8 67.6 68 68.3 68.7 70.3 72.8 74.1 76 78.8 81.2 84.4 84.5 84.5 83.9 82.9 82.2 81.2 79.7 78.1 76.5 75.1 74.9 75.3 74.8 74.6 74.4 74.4 74.5 74.5 74.3 73.5 72.7 71.9 71.1 71.3 71.9 73.6 75.8 78.4 81.2 82.9 83.1 82.6 81.6 80.3 79.7 78.6 79.6 81.3 83 84.7 85.2 84.8 84.1 82.4 84 85.6 85.3 84.9 82 79.7 78.6 77.3 76.1 75.3 75.3 75.4 75.4 75.4 76.9
72.8 71.7 68.8 67.4 67 66.7 66.8 68.6 71 72 72.4 70.7 67.3 67.4 67.7 67.6 67.8 67.9 68.2 68.5 68.8 70.2 71.7 74.4 78.1 81.6 84.2 85 84.9 84.5 83.3 82.5 80.8 79.4 77.9 77.4 77.3 76.8 76.8 76.3 75.9 75.7 75.7 75.8 75.1 74.3 73.5 72.7 71.9 71.1 71.4 71.7 73.2 75.6 78.2 82.3 82.8 82.5 81 80.9 80.4 79.3 78.6 79.6 81.3 83 84.5 85 85.5 85.2 84 85.3 86.4 86.2 86 84.9 83.2 81.5 80 78.5 77.2 75.7 75.6 75.5 75.4 76.3
75.4 73.5 70.3 66.3 66.8 66.7 66.7 66.8 67 68.8 69.1 67.8 66.3 67.5 70.1 69.7 69.3 69.3 68.8 69.6 69.4 70.1 71.7 75.4 79.3 82.8 84 85.3 85.1 85 83.8 82.2 80.5 79.5 78.9 78.8 78.7 78.4 78 77.8 77.3 77 76.8 76 75.2 74.4 73.6 72.8 72 71.2 71.4 71.7 72.7 74.7 76.9 80.1 81.8 80.9 79.5 79.5 79.5 79.1 78.4 79.8 81.6 82.9 84.1 84.9 85.8 85.8 86.3 87 87.3 87.2 87 86.1 85.1 83.5 81.9 80.4 78.6 76.8 76.6 76.2 75.9 78.6
74.1 71.7 69.2 66.7 66.2 66.7 66.8 68.8 68.9 67.8 66.8 66.6 67.8 69.2 71.9 73.2 74 72.5 70.9 70.2 69.9 70.5 72.8 76.5 80.3 83.9 84.8 85.6 85.5 85.3 84 82.1 81.2 80.6 80.3 80.1 79.6 79.2 78.7 78.4 78.2 77.6 76.8 76 75.2 74.4 73.6 72.8 72 71.2 71.5 71.7 72.1 73.5 75.6 77.6 79.1 79.3 78.2 78.2 78.2 78.2 78.2 80.4 81.9 82.2 83.5 85 86.2 86.6 87.3 87.5 87.7 87.9 87.9 87.4 86.4 84.7 82.9 81.2 78.8 80.2 80 79.7 79.5 80.7
71.3 69.9 67.5 67.8 65.8 66.8 67 72.5 74 73 70.9 72.4 71 71.7 73.8 77.6 80.1 77.1 73.1 71.4 70.9 73.1 75.4 78.4 82.1 84.7 85.7 86.1 86 85.6 84.2 83.3 82.3 81.7 81.3 80.9 80.4 79.9 79.4 79.1 78.7 77.6 76.6 75.9 75.2 74.4 73.6 72.8 72 71.3 71.5 71.6 71.6 73 73.9 74.9 76.3 76.8 76.9 76.9 76.8 76.8 76.9 78.7 80.1 81 82.5 84 86.1 87.5 87.6 87.5 87.4 87.8 87.2 87.1 86.3 84.9 83.2 81.8 81.7 83.7 83.4 82.2 83.1 83.1
69.5 68.5 66.8 67.3 65.4 66.7 66.7 76.4 79.1 80.4 80.8 78.4 72.3 73.9 75.9 81.2 83.9 79.4 74.7 73.5 72.6 75.3 78.1 80.5 84 85.5 86.5 86.6 86.5 86 85 84 82.9 82.3 81.9 81.4 81 80.5 80 79.7 78.8 77.7 76.6 75.7 75 74.3 73.6 72.9 72.1 71.3 71.5 71.5 71.5 72.1 72.9 73.6 73.8 74.6 75.2 75.3 75.4 75.5 75.5 76.9 78.4 79.9 81.5 83 84.5 85.2 84.6 84.5 84.4 85.7 86.2 86.4 86.2 85 84.2 84.1 84.9 86.1 85.5 86 86.5 85.8
68.5 67 66.4 67.3 66.1 66.7 67 79.4 82.1 84.7 84.1 81.1 74.2 74.9 77.3 83.3 85.7 81.4 76.3 75.8 74.5 77.3 80.1 82.9 84.9 86.2 87.3 87 86.8 86.3 85.3 84.3 83.3 82.6 82.2 81.9 81.5 81.1 80.6 79.9 78.9 77.8 76.7 75.6 74.9 74.1 73.4 72.7 72 71.4 71.4 71.5 71.6 72.2 72.9 73.7 73.2 72.8 73.4 73.5 73.6 74.1 74.6 75.4 76.9 77.7 79.3 80.9 81.9 82.3 81.9 81.5 81.8 83.6 85.2 85.1 85.2 85.5 85.7 86.2 86.7 87.6 87.5 87.5 87.6 87.3
67.8 67.6 66.8 65.8 66.4 69.5 74.7 81.3 86.2 88 88.1 82.3 74.8 74.2 77.6 83.4 85.4 81.7 79.1 79.2 79.3 79.3 82.1 84.2 85 85.9 87.2 87.3 86.8 86.2 85.6 84.5 83.8 83.1 82.6 82.2 81.8 81.5 80.9 80 78.9 77.9 76.8 75.7 74.7 74 73.3 72.6 71.9 71.6 71.5 71.6 71.7 72.2 73 73.4 72.7 72.6 72.3 72.5 73 73.5 74.1 74.7 75.4 75.3 76.8 78.2 79.7 78.4 78.3 78.7 80.1 81.8 83.3 83.1 83.6 84.1 84.3 84.8 85.4 87.1 88 87.8 87.6 86.9
68.2 67.1 67.2 72.5 72.9 74.7 78.5 83.3 89.4 90.2 89.5 83.4 76.1 75.4 77.6 82.5 85.2 83.3 82.4 82.4 80.9 81 83.3 84.9 85.3 85.7 86.8 87.6 86.7 86.2 85.9 85 84.2 83.5 82.9 82.5 82.2 81.6 80.6 79.9 78.9 77.9 76.9 75.8 74.7 73.8 73.1 72.4 72.1 72 71.8 71.7 71.8 72.3 73 72.8 73.1 73.9 72.6 72.8 73 73.3 74 74.7 75.3 76.1 76.5 77.9 79.3 78.7 77.8 78.5 78.6 79.7 81.2 81.4 82 82.6 82.9 83.5 84.8 86.5 88.2 88.4 88.2 87.1
65.2 70.8 72.5 72.8 74.4 77.7 81.4 86.3 90.7 91.4 88.9 82.6 75.8 73.9 77.4 82.3 84.3 84.9 84.7 83.1 82 81.4 83.8 85.4 85.6 85.8 86.3 87.3 86.6 86.1 86.1 85.4 84.7 84 83.3 82.9 82.3 81.2 80.3 79.6 78.8 77.8 76.8 75.8 74.8 73.7 72.9 72.6 72.4 72.3 72.1 72 71.9 72.3 73 73.6 74.9 74.8 73.5 73.1 73.3 73.6 74.4 75 75.4 76.2 77.1 78 78.9 78.9 79.4 79.9 80 79.2 79.2 79.8 80.4 81.1 81.5 83.1 84.2 85.9 87.6 89 88.8 87.9
66.6 69.3 71.2 72.8 76.2 80.4 84.4 89.4 91.8 91.2 87.5 81.1 78 75.2 76.3 81.3 83.2 84.2 85 83.8 83.1 82.7 84.2 85.5 86.1 86.3 86.5 87.1 87.1 86.8 86.2 85.4 84.9 84.3 83.7 82.9 81.9 80.8 79.9 79.3 78.6 77.7 76.7 75.7 74.7 73.7 73.1 72.9 72.7 72.6 72.4 72.3 72.2 73 74.4 75.6 76.7 76.2 74.9 73.5 73.6 74.1 74.7 75.2 75.6 76.3 77.2 78.2 79.1 80.2 80.8 81.2 81.3 80.5 79.5 79.4 80 80.5 82.5 84.6 85.8 86.7 87.6 88.7 89.5 88.4
