data/SU01.asc
ncols 200
nrows 200
xllcorner 400000
yllcorner 110000
cellsize 50
[rows 0 to 37 of 200, columns 85 to 169 of 200]
96 95.4 94.8 95.3 96.7 97.6 98.6 99 98.6 98.2 97.4 96.5 95.9 94.9 93.5 92.4 91.3 90.2 88.9 87.5 86.1 84.1 82.3 80.5 78.5 76.5 74.3 73.8 73.6 74.1 74.5 73.9 72.8 72.6 72.5 72.3 72.1 71.1 70.4 69.7 68.9 68.2 67.5 67.1 66.8 66.5 66.1 65 64.8 65.4 65.7 66.9 68.3 69.7 70.4 70.9 71.6 72.2 72.4 71.9 71.1 70.1 68.7 67 65.5 65.2 65.5 66.1 66.1 66.2 66.4 65.3 62.8 62.3 62.1 62.5 62.9 63.4 64.4 65.7 67.6 69.6 72 74.4 78
97.8 97.2 96.9 97.4 98.5 99.3 99.4 99 98.6 97.7 96.9 96.1 94.8 93.3 91.9 90.8 89.8 88.6 87.3 85.9 84.5 82.4 80.3 78.5 76.6 75.1 74.6 75.5 76.4 76.8 76.4 75.5 74.5 73.4 73 72.8 72.6 71.9 71.1 70.4 69.5 68.6 67.7 67.1 66.9 66.8 66 64.7 64.6 64.4 64 65.2 66.7 68 69.1 70 70.7 71.1 71.3 71 70 69.1 67.6 65.8 65 64.9 64.9 64.4 64.2 64.3 64.5 64.4 62.6 61.9 62 62.3 62.7 63.2 64.1 65.5 67.5 69.5 71.8 74.4 77.7
99.7 99 98.9 99.5 100 100 99.4 98.9 97.9 96.8 95.7 94.6 93.3 91.8 90.3 89.3 88.1 86.9 85.6 84.3 82.8 80.8 78.6 76.7 76.1 77.7 77.9 78.5 79.1 78.7 78.2 77.2 76.2 75.1 73.9 73.9 73.6 72.6 71.9 71.1 70 68.9 67.8 67.1 66.9 66.9 66.4 64.9 64.8 64.2 63.4 64.1 65.4 66.7 67.8 68.9 69.9 70.1 70.4 70 69.7 68.7 66.6 64.8 64.8 64.8 64.8 64.3 63.7 63.1 62.5 62.7 61.8 61.7 61.9 62.1 62.5 63.1 64.4 65.3 67.3 69.3 71.6 74.5 77.6
101.1 100.6 100.6 99.8 99.7 99.4 98.8 97.5 96.4 95.3 94.3 93.2 91.9 90.3 88.8 87.5 86.2 85.3 84.3 82.3 81.2 79.1 77.5 77.2 79 80.4 81.2 81.6 81.4 80.6 80 78.8 77.5 76.2 75.4 75.1 74.6 73.4 72.6 71.8 70.6 69.3 68.1 67.2 67 67 66.8 65.8 64.5 63.6 63.2 63.6 64.2 65.5 66.6 67.7 68.6 69 69.4 69.1 68.7 67.5 65.4 64.6 64.8 64.8 64.8 64.3 63.7 63.1 62.4 61.8 61.5 61.6 61.8 62 63.2 64.6 65.9 65.2 66.9 69 71.1 74.4 77.6
102 101.6 100.4 99.2 98.9 98.6 97.4 96 95 93.9 92.8 91.7 90.4 88.9 87.4 85.7 84.3 83.7 83 80.6 79.3 78.2 78.8 80.1 82 83.4 84 84.3 83.2 81.8 80.8 80 78.7 77.7 76.8 76.3 75.6 74.4 73.3 72.6 71.1 69.7 68.4 67.2 67.1 67.2 67.2 65.6 64.3 63.2 62.7 62.9 63 64.4 65.4 66.2 66.4 67.7 67.9 67.9 67.6 66.2 63.7 64.7 65 64.8 64.7 64.2 63.6 62.9 62 61.3 61.4 61.7 61.9 63 64.5 66.1 67.5 67.7 66.6 68.7 70.7 73.9 77.3
102.7 101.5 100.3 99.1 98.1 97.5 96 94.5 93.4 92.4 91.3 90.2 89 87.4 86 84 82.5 82.1 81.7 79.5 79.7 81 81.5 83.2 84.9 85.7 85.7 84.6 83.1 81.8 81.1 80.5 79.8 79.1 78.2 77.5 76.6 75.4 74.2 73.3 71.7 70.1 68.7 67.4 67.3 67.4 67.5 66.2 64.8 63.9 62.2 62.7 62.3 63.1 63.3 63.5 63.9 65.9 66.1 66.1 66.2 65.1 62.5 64.4 65.1 64.9 64.7 64 63.1 62.1 61.1 61.2 61.3 61.8 63 64.1 65.8 67.4 69 70.4 68.5 68.1 69.8 73.6 75.8
102.5 101.3 100.1 99 97.7 96 94.6 93.1 91.9 90.9 89.9 88.8 87.5 86 84.6 82.7 81.5 81.2 81.5 82 83.1 84.4 84.5 85.6 87.1 86.6 85.8 84.5 83 82.1 81.5 80.3 78.7 79.2 79 78.8 77.6 76.4 75.2 73.8 71.8 70.3 68.9 67.6 67 67.1 67.2 66.9 65.8 64.3 62.6 61.8 63 62.6 62.2 61.9 61.5 62.7 64.2 64.2 64.1 64.2 61.2 63.9 64.8 65.1 65.2 63.3 62.2 61.3 61 61 61.2 62.9 64.1 65.4 67 68.7 70.3 71.9 71 68.6 68.9 71 73.5
102.3 101.1 99.9 98.2 96.1 94.2 93.2 91.7 90.4 89.4 88.4 87.3 86.1 84.8 83.2 82.2 82.3 83.3 84.9 85.3 86.4 87.4 87.8 87.9 88.6 86.8 85.6 84.4 83.1 82.4 80.9 79.3 77.7 77.9 78.5 78.4 78 76.6 75.1 73.5 71.9 70.6 69.1 67.7 67.2 66.8 66.7 66.3 65.8 64.2 62.5 61 62.1 62.8 63.4 62.9 62 61.1 61.4 62.1 61.8 61.4 60.8 62.8 64 64.2 64.1 62.8 61.4 60.9 60.9 60.7 62.2 63.9 65.2 66.7 68.3 69.9 71.6 73.3 73.6 72 70.2 70.4 70.9
102.2 100.6 98.7 96.8 94.4 92.2 91.2 90.3 88.9 87.9 86.9 85.8 84.7 83.6 83.4 84.1 84.9 86.3 87.9 88.5 89.1 89.6 89.3 88.6 87.9 86.4 85.4 84.3 83.2 81.6 80 78.4 76.8 76.6 77.2 77.8 77.6 76.3 75 73.5 72.1 70.8 69.3 67.9 67.4 66.7 65.8 65 64.6 63.8 62.2 60.8 61.1 61.9 62.6 63.6 63.2 61.4 60.5 61 60.9 60.9 59.8 60.5 62.9 63.1 63 61.7 60.5 60.5 60.2 60.8 63 66.3 67 68 69.6 71.3 73.1 74.9 75.7 74.1 72.5 71.6 71.8
102.4 99.5 97.3 95.1 93.1 91.7 91 89.5 87.9 87.4 86.8 86.3 85.8 85.8 86.1 86.7 87.9 89.2 90.1 90.3 89.7 89.2 88.7 87.9 86.6 85.5 84.4 83.3 82.2 80.6 79 77.5 75.9 75.3 75.9 76.5 77.1 76.1 75.1 73.8 72.4 71.1 69.6 68.1 67.4 66.6 65.6 64.5 63.8 63.3 61.9 60.6 60.2 60.8 61.8 63 62.2 61.7 60.4 60.3 60.2 60.2 60.1 58.8 59.7 61.8 61.8 60 59.9 59.9 59.9 61.8 65.8 69.4 70.2 70.9 71.5 73 74.8 76.6 77.9 76.2 74.6 74.4 74.5
102.7 99.9 97.2 95.3 94 93.3 92.7 91.9 90.1 90 89.8 89.2 88.7 88.8 89.1 89.3 90.4 90.7 90.2 89.8 89.4 88.4 87.2 85.8 84.7 83.7 82.6 81.6 80.9 79.7 78.1 76.5 74.9 74 74.6 75.2 76 76.8 75.6 74.3 72.8 71.4 70 68.2 67.4 66.6 65.4 64 62.5 61.6 60.8 61.4 61 60.7 60.7 60.8 60.6 60.5 59.9 59.8 59.2 59.2 59.3 58.9 58.9 59.1 59.3 59.2 59.7 59.8 61.1 64.7 68.7 72.5 73.3 73.6 73.9 75.3 76.4 78.2 80 78.4 77.8 77.4 77.1
103.1 100.5 98.2 96.1 94.9 94.6 94.3 93.7 92.5 92.3 91.6 90.7 90.6 91.1 91.5 91.3 91.1 90.4 89.6 88.8 87.6 86.4 85.1 83.8 82.8 81.9 80.8 79.8 79.1 78.2 77.1 75.6 74 72.8 73.4 74 75 75.8 74.8 73.7 72.3 70.6 69.6 68.5 67.5 66.6 65.5 64.1 62 61.6 62.6 63.2 62.9 61.7 60.6 60.7 60.4 60.1 59.7 59.2 58.7 58.2 58.5 58.3 58.6 58.8 59 58.5 58.9 60.6 64.6 68.5 71.7 75.6 76.2 76.1 76.1 77.7 79.1 79.8 81.6 80.7 80.9 80.5 79.9
103.8 101.5 99.2 96.9 95.8 95.5 95.2 94.9 94.4 93.6 92.5 92 91.7 90.2 90 89.8 89.6 88.9 87.9 87 85.4 84.3 83 81.9 81 80 79 78 77.3 76.7 75.6 74.5 73 71.5 72.1 73 73.9 73 72.7 71.6 71.1 69.5 69 68.6 67.6 66.1 65.6 64.8 63.1 63.1 64.3 65 64.3 62.6 60.8 60.5 60.3 60.2 59.7 58.9 58.5 58.1 57.9 57.8 58.2 58.6 58.3 58.4 59.9 63.9 68.1 72 75.9 78.3 78.8 78.7 78.7 80.1 81.5 82.9 83.5 83.8 84 84.1 84.7
104.8 102.5 100.2 97.9 96.7 96.4 95.6 94 93.2 93.5 93.4 91.9 90.2 88.7 88.5 88.3 88 87.1 86.1 84.9 83.3 82.2 80.9 80 79.1 78.2 77.1 76.2 75.6 74.9 74.1 73 71.8 70.5 71 71.1 71 70.1 69.8 69.4 68.7 67.8 66.7 66.4 66.1 65.3 64.9 64.4 64 64.5 65.8 66.8 64.8 62.8 61.3 60.8 60.7 60.5 59.6 60.8 60 59.1 58.6 58.4 58.3 58.5 58.6 58.8 62.3 67 70.8 74.1 76.2 78.2 80.1 80.9 81.3 82.6 84 85.3 90.3 92 92.2 91.6 91.2
105.6 103.4 101.1 98.8 96.7 95.2 93.6 92.1 92.1 92 91.8 90.4 88.7 87.3 87 86.8 86.3 85.7 84.3 82.8 81.2 80.1 79 78.2 77.3 76.4 75.3 74.5 73.8 73.1 72.4 71.5 70.3 69.5 69.3 69.1 68.2 67.3 67.4 67.1 66.5 66.2 66.3 66.6 66.3 65.7 64.4 63.8 65.5 67.8 69.4 67.2 64.8 62.9 61.8 62.3 63.3 63.7 63.6 63.4 62.4 60.9 58.8 58.3 58.2 58.3 57.8 58.6 63 66.2 69.6 72.9 76 78.1 80.6 81.8 84 86.6 90.8 97.8 100.7 100.8 99.6 98.5 97.8
105.8 103.6 101.4 98.5 95.7 93.6 91.8 90.6 90.2 90.1 89.8 88.9 87.2 85.9 85.5 85.1 84.6 84 82.3 80.7 79.1 78.3 77.3 76.3 75.5 74.5 73.5 72.7 72 71.3 70.7 70.3 69.6 69.3 69.1 68.9 67.9 67.4 67.7 67.4 67 66.8 66.5 66.3 66.4 66.1 65.2 65.7 67.7 69.9 69.6 67.1 65.1 63.3 63.8 64.8 65.7 66.7 66.7 65.7 64.2 62.7 60.7 58.4 58.1 58.1 57.6 57.1 61.7 65 68.3 71.6 74.9 78 80.6 86.3 96.2 103.1 106.2 106.7 107 106 105.4 103.6 102.7
106.2 103.7 100.9 98 95.2 92.4 90.5 88.7 88.1 88.4 87.9 87.1 85.8 84.5 83.9 83.4 83 82.1 80.5 79.2 79.2 77.3 76 75 73.9 73.3 73.1 72.8 72.5 72.2 72 71.5 70.5 70.2 70 70.2 69.2 68.3 68 67.9 67.6 67.4 67.2 67.3 67.4 67.5 67.4 68 69.4 70.7 69.1 67.1 66 65 65.9 66.9 67.9 68.8 68.3 67.3 66 64.5 62.5 60.3 58.1 57.9 57.2 56.7 59.8 64 67.3 70.6 74 76.6 87 97 105.8 109.1 111.8 112.7 111.5 109.7 108.3 106.2 105.3
106.2 103.2 100.4 97.6 95 91.8 89.9 87.8 86.6 86.7 86 85 83.2 82.5 82.3 81.8 81.4 80.3 79.4 79.1 79.7 77.8 75.9 75 75 75 74.7 74.2 73.9 73.6 73.3 72.8 72 71.6 71.4 72.6 71.5 71.5 71.1 71.1 71.3 71.4 71.5 71.6 71.7 71.5 70.8 71 70.9 71.5 70 68 67.2 67.1 68.1 69 70 70.7 70 68.9 67.6 66.2 64.4 62.1 59.9 57.7 57.4 57.1 57.7 62.4 66.6 70.3 73.5 80.2 94 102.2 107.2 109.7 111.2 112.8 111.8 109.8 107.9 107.2 105.6
107.6 102.9 100.3 97.5 94.3 91.3 89.4 87.4 86.2 85.5 83.8 82.4 81.4 81.3 80.5 80.1 79.8 79.6 79.3 79 80.1 78.3 77.1 76.8 76.7 76.6 76.2 75.7 75.3 74.9 74.7 74.1 73.5 73.1 72.9 75 73.8 75 75.1 75.1 75.4 75.7 75.8 75.9 76 75.5 74.5 73.6 73.5 72 70.6 70.3 69.8 70.4 70.6 71.2 72.2 72.2 71.6 70.5 69.3 68 66.2 64 61.5 58.5 57.2 56.6 57.3 60.5 64.7 68.9 73.1 85 94.6 97.6 107.7 109.1 110.4 110.2 109.4 108 106.6 106.3 105.5
105.6 101.9 100 96.8 93.7 90.7 88.9 87.1 85.9 84.2 82.4 83.1 85.3 87.1 86.6 85.4 83.2 80.7 79.2 79.2 80.4 79.2 78.9 78.7 78.4 78.2 77.7 77.3 76.8 76.4 76 75.5 75 74.5 75.1 77.3 76.9 78.5 79 79 79.4 79.8 80 80.1 80.3 79.1 77.4 76.5 74.3 71.7 71.5 72.1 72.6 73.5 73.9 74.1 74.3 73.8 73 72 70.8 69.6 68 65.4 62.7 59.2 57.5 57.1 56.6 58.1 62.6 67 74.3 84.8 91.3 94.6 102.5 107.7 107.5 106.7 105.8 104.8 104.4 103.5 103.2
105.1 103.1 98.6 96.2 93 90.2 88.4 86.7 85.5 84.4 85.3 88.4 90.7 91.2 89.5 87 84.1 80.7 79.5 80 81.5 81.2 80.9 80.7 80.4 80 79.5 78.9 78.4 77.9 77.4 77 76.4 76 77.5 79.6 80.3 81.9 82.6 83 83.4 83.8 84.1 84.3 82.8 81.4 78.6 75.5 74.3 72.6 74.2 74.8 75.3 75.5 76.2 76.4 75.3 74.7 74 72.7 72.3 70.3 67.5 64.9 62 58.7 57.3 57.1 57 57 60.9 69.2 76.7 77.6 84.9 91 99.2 102.4 103.2 102.2 101.2 100.8 101 100.6 100.5
105.5 102.4 98.7 94.9 92.5 90.2 88.9 88 86.4 86.1 87.4 90.5 92.7 92.6 90.3 87.8 84.5 80.7 80.5 83 83.7 83.4 83.1 82.8 82.5 82.2 81.7 81.1 80.6 80.1 79.8 78.2 77.8 77.6 80 82.1 83.7 85.3 86 86.5 87.4 87.6 87.5 85.7 84.1 80.6 77 74.9 74.4 75.5 76.9 77.6 78 78.2 78.5 77.4 76.1 75.4 73.5 71.4 71.1 69.4 66.9 64.2 61.2 58.8 57.5 56.8 56.7 57.1 59.8 67 73.2 78.8 81 88.7 93.4 96.7 98.3 97.6 96.8 97 97.2 97.9 98.2
107.7 105.2 101.9 97.7 95.2 92.2 91 89.8 87.4 87.6 89.6 92.3 94.4 93.1 89.9 86.9 83.4 81.5 83.1 86.1 86.5 85.8 85.3 85 84.7 84.4 83.9 83.3 83 82.6 82.2 80.1 78.7 80.1 82.8 85.5 87.4 88.6 89.1 89.6 90 88 87.7 85.3 81.9 78.8 76.7 76.8 77.6 78.4 79.4 80.4 80.7 80.3 79.5 78 76.8 75.4 72.8 70.2 69.8 68 65.8 63.5 60.7 58.9 57.6 56.7 56.4 57.6 59.2 65.8 71.9 76.8 81.3 85.4 88.5 91.1 93.1 92.9 93 93 92.9 95.3 95.9
110 108.4 106.2 102.8 99.6 97.1 95.2 92.5 91.6 91.7 91.2 92.3 92.8 92.6 89.8 85.8 82.6 83.2 86.6 89.3 90 89.4 88.7 87.9 87.2 86.6 86.1 85.8 85.4 85 84.6 81.8 80.2 83.1 86 88.8 91 91.5 92.1 92.7 91.3 89.5 87.6 83.6 80 79.4 79.7 80.2 81 81.8 82.5 82.9 82 81.2 80.4 78.7 77.3 74.6 72 69.4 68.5 66.7 64.5 62.3 60.8 59 57.7 56.8 56.1 56.3 58.7 64.3 70.4 74.4 78.6 81.5 84.6 87.1 88.2 88.8 88.7 88.6 89.2 92.6 93.4
114.7 112.7 110.4 107.1 103.7 100.4 98.4 96 93.8 92.6 92.6 93.4 91.1 89.9 86.3 84.4 83.5 86.7 90 92.5 93 93 92.3 91.5 90.8 89.8 88.8 88 87.3 86.9 86.5 83.1 82.9 85.9 88.7 91.9 94 94.7 95.3 94 92 89.8 86.4 82.5 80.7 82.7 83 83.8 84.5 85.3 85.4 84 83.2 82.2 80.8 78.4 76 73.9 71.3 68.7 67.2 65.3 63.1 62.2 61.3 59.3 57.9 56.8 55.9 55.5 57.8 62.7 68.2 71.8 75.7 78.1 80.7 82.7 84 84.5 84.3 84.2 86.5 89.9 90.9
119.1 116.3 113.5 110.6 107.8 104.4 101.9 99.1 95.9 93.4 92.2 91.6 90.1 88.2 85.2 84.3 86.8 90.2 93.5 95.6 96.1 96.5 95.9 95.1 94.3 93.2 91.9 91 90.2 89.5 87.7 84.3 83.6 88.2 92.1 95.3 96.8 97.9 96.9 94.7 92 88.6 85.1 82.8 83 86 86.6 87.3 88 87.9 86.5 85.1 84.5 81.7 78.7 76.3 73.9 71.7 69.7 67.7 65.8 65.5 64.7 62.5 61.7 60.3 59.5 58 56.4 55 56 61 65.6 69.3 72.6 75 77.3 78.6 79.9 80.2 80 80.3 83.8 87.2 88.3
120.5 117.8 115 112.1 109.3 106.4 102.8 99.6 96.4 93.4 92.2 89.9 88 87.7 88.8 87.5 90.2 93.6 96.7 98.7 99.1 99.5 99.5 98.6 97.6 96.5 95.1 94.1 93.3 92.3 88.3 85 87.3 92.1 96 98.2 99.7 99.5 97 94.3 91.2 87.2 84.6 84.6 86.9 89.9 90.1 90.7 89.8 88.7 87.4 85.7 82.9 79.7 76.7 74.3 72.4 71.4 70.6 69.7 68.9 68.4 66.7 64.8 62.1 62.3 61.2 59.3 57.4 55.5 55.3 57.9 63 67 69.7 71.9 73.5 74.9 76 76.3 76.2 78.1 81.2 84.5 85.8
121.8 119.2 116.5 113.6 110.8 107.5 103.6 100.3 97.1 93.9 91.5 90.3 92.2 93.8 93.3 92.7 94.4 96.9 99.6 102 102.4 102.7 102.9 102 101 99.7 98.1 95.9 94.1 91.7 88.4 87.9 90.7 95.6 99.3 101.2 101.3 100 97 93.6 90.6 88.1 87.4 89.2 91.5 92.1 93 92.4 90.6 89.4 86.8 83.8 81.1 77.9 76.2 75.4 74.8 73.9 73.3 72.8 71.3 69.5 67.9 66.2 64.5 64.6 62 59.9 58 56.2 55.2 55.6 60.1 64.3 66.5 68.1 69.8 71.3 72.4 72.8 72.9 76.1 79.3 82.2 83.4
123.1 120.5 117.9 115.1 112.3 108.5 104.7 101.1 97.8 94.5 93.4 94.7 96.5 98.2 97.6 96.4 98.1 100.2 103.3 105.4 105.8 105.9 105.8 105.1 103.4 101.1 99.5 96.7 93.9 91.5 89.8 91.5 94.1 98.8 101.5 103.5 102.6 100.2 96.9 93.5 91.8 90.9 91.6 93.7 95.3 95.5 95 94 90.6 88 85 82 80.3 79.5 79.9 78.7 78.5 77.5 76.6 74.7 72.4 70.7 69.1 67.6 66.1 66.5 63.9 61.3 58.7 56.8 55 55.3 56.7 61 62.7 64.4 66.1 67.7 68.7 69.3 71.4 74.6 77.3 79.3 80.4
124.2 121.8 119.2 116.5 113.3 109.5 105.7 101.9 98.7 96.2 94.5 97.5 101 102.7 102.1 100.9 103.1 104.3 107.1 108.8 108.8 108.7 108.6 107.9 105.4 102.9 100.3 97.5 94.7 93.7 94 96.9 99.7 102.6 104.6 105.2 104 101.3 98.6 96.5 96.1 96.3 98.6 100.5 99.2 97.6 97 93.9 90.3 86.8 84.6 83.3 83.7 84.4 83.9 82.3 81.5 78.8 77.1 75.4 73.2 72.4 71.2 69.5 69.1 68.4 65.8 63.2 60.6 57.9 55.6 55.1 55.4 56.7 58.9 60.6 62.3 64 65.1 66.7 69.9 72.4 74.6 76.3 77.4
125.2 123 120.1 116.8 112.7 109.1 105.5 101.8 98.7 95.2 96.2 101.5 105 106.6 106.2 106.9 107.9 109.4 111.4 112.8 112.6 112.6 111.8 109.6 106.5 103.7 101 98.4 97.7 97.1 97.8 100.4 103.2 106.2 107.4 107.4 106.4 104.2 102.1 105.3 110 111.4 109.8 108.6 105.5 102.6 99 94.1 91.1 91.3 89.9 90.7 90.1 89.3 87.9 86.2 83.4 80.9 78.2 76.1 74.5 73.4 72.8 70.6 71.7 70.3 67.6 65 62.4 59.7 56.9 54.8 55 54.8 54.5 57 58.9 60.6 62.2 64.8 67.5 69.7 71.9 73.3 74.4
124.9 123.4 120.1 116.1 112 108.1 104.5 101.1 98.5 96 97.6 102.6 107.5 109.8 110.9 112 113.4 115.4 116 117 116.8 115.5 114.1 111.6 108.4 105.4 103.7 102.1 101 100.8 101.9 103.7 106.7 109.7 110 110.9 110.6 110.3 113.2 118.1 120.5 120.4 119 114.5 110.4 106.4 99.8 95.2 95.2 97.8 98.5 97.3 95.9 93.2 91.1 87.7 84.7 82.2 79.7 78.6 77 76.6 75.6 75.5 74.5 72.1 69.1 66.3 63.6 60.8 58 55.3 54.6 54.4 54.5 54.5 56.1 58 60 62.9 64.8 67 69.2 70.3 71.4
125.2 123.8 119.5 115.4 111.3 107.2 103.6 101.4 99.7 99.3 100.4 102.8 107 112 115.2 116.6 117.9 121.1 120.5 121.4 121.3 119.4 117.2 113.9 110.6 108.4 106.8 106 105 105 106 107.3 111.6 116.9 117.9 118.4 118.9 120.1 124.4 126.6 127.3 126.4 122.5 118.2 112.3 105.7 99.7 99.7 103 105.2 104.9 102.7 99.4 95.9 92.5 89 85.8 83.6 81.8 80.9 80.2 80.1 78.7 79.2 77.3 74.9 71.9 68.7 65.6 62.4 59.2 56.9 56.1 55.6 55 53.8 54.8 55.8 57.8 60.2 62.1 64.3 66.4 67.3 68.5
126.6 125.2 120.2 115.6 112.3 109 106.6 104.4 102.9 102.8 103.8 106.3 109.8 113 118.3 120 121.6 124.1 124.5 126.3 125.6 123.5 121.4 118.1 115.4 112.8 113.6 112.3 111.9 110.9 113.3 117.7 126.6 128.7 128.1 128.5 128.4 129.7 131.7 132.8 131.9 128.5 123.7 118.1 111.2 105.1 103 106.7 110 111.2 109.2 104.6 100.8 97.3 93.6 90.1 88 86.8 86.1 87.1 86.8 85.7 82.2 82.3 79.8 77.3 74.6 71.6 68.3 64.4 60.9 59.5 58.8 57.1 55.8 54 53.9 54.3 55.6 57.5 59.5 61.6 63.6 64.6 65.5
128.3 126 121.7 118.3 115.5 112.9 109.8 107.3 106.3 106.7 107.5 112.8 120.2 121.7 122.5 124.3 126.1 128.7 130.2 130.7 129.8 127.7 125.5 123.2 122.5 122.2 125.4 127.4 129.5 130.7 134.1 138.9 140.4 138.5 137.4 137.5 137.2 136.5 137.6 136.8 133.9 130.3 125 118.4 112.5 110.4 108.7 111.2 114 115 111.4 106.7 102.2 98.6 94.9 92.9 92.8 98.7 98.1 95.8 92.5 89.7 86.8 84.5 81.7 79.2 75.8 72.4 69.7 66 63 62 60.2 58.5 56.8 55.2 53.5 53.7 54 55.1 56.7 58.8 60.9 62 62.7
130.1 128.3 125.7 123.1 120.2 117.1 114 111 109.8 110.2 114.8 125.5 130.6 130.1 127.1 128.9 130.8 132.4 134.3 135.7 133 132.4 130.2 129 129 130.8 135.3 140.7 144.9 147.8 149.7 149.2 147.6 145.3 143.9 142.3 141.7 141 139.8 138.7 135.8 131.9 126.1 121.2 118.1 115.4 114.8 116.7 119 119.3 114.2 109 104.3 100.3 98.3 99.4 105 106.8 105.4 101.6 96.9 92.1 88.9 85.8 82.8 78.8 75.5 72.3 69.3 67.2 65.2 63.4 61.7 59.9 58.2 56.1 53.9 52.7 53.2 53.6 54.6 56 58.1 59.4 60.1
132.7 132.1 130.1 127.9 126.3 124.6 121.3 115.6 116 121.2 132.6 138.1 139.7 136.9 133.1 135.3 135.1 136.8 137.4 137.2 137.3 138.7 136.1 135.9 136.2 140.3 144.5 148.9 153.6 156.2 156.6 153.6 151 148.1 146.7 144.1 142.7 141.3 140.3 138.1 135.3 132.5 129.9 126.2 124.1 122.5 121.8 122.2 123.4 122.9 117.4 111.9 106.7 104.3 106.9 111.2 111.8 111.5 108.5 104.5 99.4 94.2 89.9 86 82.2 78.5 75.3 72.1 68.8 66.8 66.7 65.1 63.3 61.6 59.9 57.7 55.3 53.5 52.8 53.1 53.1 54 55.3 56.8 57.5
135.3 136.1 135.5 135.5 134.9 133 128.7 122.2 129 138.6 144.4 146.8 146.2 141.2 139.9 140.4 139.8 139.9 139.7 139.4 139.9 140.5 141.2 141 142.1 147 150.9 154.4 157.8 158.9 157.4 154.4 150.8 146.8 143.4 141.5 139.8 138.8 136.3 135.3 134.5 133.2 131.8 130.1 128.4 127.8 127.6 128.5 128.2 126.8 121.6 116.2 114.5 114.4 116.7 116.9 115 111.9 107.4 103.1 98.1 93.4 89.3 85.4 81.6 78.2 75 71.8 68.6 66.8 67.1 66.6 65 63.3 61.7 59.5 57.6 55.8 54.4 52.7 52.6 52.5 53.7 54.9 55.8
