data/SU04.asc
ncols 200
nrows 200
xllcorner 400000
yllcorner 140000
cellsize 50
[rows 0 to 34 of 200, columns 79 to 157 of 200]
124.2 118.8 110.4 108.5 118.1 121 122.9 124.9 128.4 133.3 136.4 138.3 140.5 142 143.1 142.7 142.2 140.6 140.5 140.5 139.6 140.1 140.8 141.7 142.3 143 143.7 145.2 147.1 149 150.5 151.7 153 154.3 156 157 157.8 157.8 157.3 157.6 156.8 156.3 155.5 154.9 156.3 160.1 162.3 164.2 165.5 166.3 166.4 166.1 165.4 164.4 163.1 160.9 158.4 154.9 152.8 150.7 147.9 145.4 142.2 138.3 137.4 142.3 146.3 148.6 150.4 151.3 151.3 151.1 150.9 150.2 148.7 146.1 142.9 139.9 136.1
123.8 119 111.5 108.2 113.2 117.4 118.9 122.1 126.3 131.5 135.7 138.3 140.9 142.3 143.4 144 143.8 143.5 143.5 143.5 143.5 143.9 144.5 145 145.6 146.2 147 148.2 150.1 151.1 152.1 153.7 154.8 155.3 155.8 156.4 156.2 155.2 154.6 154.6 153.9 153 152 153 156.9 159.6 161.8 163.8 164.9 165.4 165.5 165.1 164.4 163.7 162.5 161 158.6 156.2 154.1 152.1 149.6 147.6 144.1 140.2 135.3 139.7 144.7 146.9 149.2 149.8 150 149.8 149.6 149.2 147.2 144.3 141.2 138 134.7
125.4 120.3 114.4 108.5 109.4 112.7 117.6 121.8 126.2 131 135.5 139.1 141.3 142.7 143.9 144.7 144.4 144.2 144.1 143.9 144.4 145.4 146.5 147.7 148.7 149.2 150.1 151.3 152.4 153 153.7 154.4 154.6 154.6 153.8 154.2 153.6 152.5 151.9 151.5 150.4 150.4 150.4 153.9 157.4 159.4 161.4 163.1 163.8 164.1 164 163.7 163.2 162.3 161.2 160.1 159 157.3 155.5 153.5 151.3 149 146.2 142 136.9 135.1 142.6 145.3 147.5 148.4 148.7 148.5 148.3 147.7 146.1 143.1 140 137.7 134.4
126.4 121.6 117.3 110.9 107.9 110.6 116.6 121 126.1 131.8 136.1 139.3 141.4 142.5 143.8 144.4 143.9 143.2 143.9 143.9 144.9 146.3 147.6 149.2 150.3 151.1 152 152.8 153.4 154 154.2 154.2 154.2 152.6 151.5 151.5 150.8 149.8 149 147.8 146.7 147 151.6 154.8 157.2 158.8 160.4 161.9 162.4 162.4 162.2 161.8 161.4 160.6 160 159.1 158 156.6 155.2 153 150.5 147.8 145.2 143.2 139.8 134.4 138.7 143.7 145.8 147.1 147.2 147 146.9 146.3 145.2 143.6 141.3 139.1 136
127.4 123.3 119 114.2 108.7 107.7 114.7 120.7 127.1 132.4 136.9 139.1 140.7 141.6 142.8 143.2 142.9 141.7 142.3 143 144.8 146.2 148.2 149.7 151 152.1 152.9 153.3 153.6 153.6 153.1 152.6 151.6 150.7 149.4 148.7 147.9 146.6 145.3 143.8 144.8 148.1 152.2 155 156.4 157.7 159.1 160.5 160.6 160.7 160.1 159.8 159.3 158.5 158 158.2 156.9 155.8 155 152.1 148.7 146.1 143.4 141.5 140 134.9 135.9 142.1 144.6 145 145.3 145.2 145.2 144.9 144.1 143 141.4 139.9 137.6
126.1 123.8 119.7 114.7 109.3 107 113.8 121.8 127.9 133 136.5 138.8 140 140.9 141.6 141.1 140.7 139.8 140.2 141.7 143.8 145.5 148 149.8 151.1 152.4 152.8 152.9 152.4 151.5 150.3 149.9 149 148 147.1 145.9 144.2 142.8 141.7 143.3 147 150 152.8 154.4 155.5 156.6 157.7 158.4 158.6 158.7 158.2 157.6 157 156.4 156.1 157.4 156.7 155.9 155.1 152 148.6 145.3 141.9 139.2 136.9 133.2 134.6 140.7 141.8 142.5 143.2 143.4 143.5 143.3 142.9 142.4 141.5 140.5 138.1
123.4 122.2 119.8 115.1 110.1 106.9 114.4 122.8 128.7 133.4 136.1 138.3 139.1 139.7 139.8 138.9 138 137.5 138.2 140.3 142.6 145.2 147.5 149.9 151.1 151.8 151.9 151.1 150.3 149.3 148 147.1 146.3 145.3 144.1 142.6 140.7 138.9 141.4 145.8 148.7 150.8 152.3 152.7 153.6 154.7 155.8 156.2 156.2 156 155.4 154.8 154.3 153.8 155.4 157.1 156.8 156 155.2 151.9 148.6 145.2 140.9 136.4 134.1 131.1 134.1 138.9 139.7 140.4 141 141.1 141.1 141.8 141.5 141.1 140.4 139.6 138.4
119.5 119.6 118.2 113.8 109.2 106.3 115.8 124.8 130 133.2 135.4 136.9 137.7 137.9 138 137.1 136 135 137.2 139.5 141.9 145.1 147.3 149.6 150.5 151.1 149.9 149 148.3 147.1 145.8 144.6 143.5 141.9 140.4 139.2 137.5 140.4 143.7 147.4 148.5 150.5 151.3 151.7 152.2 152.9 153.8 153.7 153.5 153.2 152.7 151.9 151.2 152.3 155 156.8 156.5 156.1 155.3 151.9 148.5 144.2 139.8 136.2 132.8 130.1 132.4 136.6 137.5 137.8 137.9 138.2 138.4 139.1 139.8 139.4 139 138.5 137.3
114.9 114.9 113.7 111.2 108.5 109.2 118.1 125.9 131.2 132.8 133.3 134.6 135.9 135.8 135.7 134.2 133 132.2 136.1 138.8 141.9 144.9 147.2 149.2 149.8 149.9 148.3 147 146.1 144.8 143.4 141.8 140.2 138.3 136.5 135.4 137.8 142.2 145.8 147.5 148.2 149.9 150.3 150.7 151.2 151.5 151.2 150.9 150.7 150.5 149.8 149.1 149.5 152.6 155.5 157.1 156.8 156 155.4 152.2 148.8 145.1 141.8 137.1 133.4 129.5 129.6 132.8 134.3 134.7 134.9 135.1 135.3 136.8 137.7 137.7 137.2 136.7 135.6
116 113.2 112.4 108.7 107.4 111 120.3 127.1 131.3 131.8 132.2 132.8 133.8 134 133 130.9 130 132.3 135.3 138.4 141.9 144.9 147.3 148.4 148.6 148.5 146.9 145.2 143.4 141.8 140.1 138.5 137.1 135.2 133.3 136.6 140.4 144.1 146 147.1 148 148.9 149.3 149.4 149.5 149.2 148.5 148.3 148 147.6 146.8 146.3 149.6 153 156 157.1 157.6 156.8 156.1 154.2 150.9 147.9 145.1 140.6 135.9 131.7 129.1 128.5 129.8 131 131.1 131.2 132.1 133.9 134.9 135.6 135.4 134.9 134.3
118.2 115.2 111.8 108.2 106.2 113.2 121.7 127.7 130.4 130.8 131.2 131.7 132.3 131.3 129.3 127.2 129.5 132.6 135.9 139.4 142.3 145 147.4 147.5 147.2 147.1 144.9 142.6 140.3 138.5 136.8 135.2 134 132.1 135.2 138.1 142.1 144.4 145.5 146.5 147.4 147.4 147.4 147.5 147.5 146.7 145.9 145.6 145.2 144.7 143.7 146.3 150.4 153.5 156.4 157.2 157.9 157.5 156.9 156.2 153 150.5 147.9 144.1 140.2 136.4 132.5 129.9 127.8 127.4 127 128 128.9 130.1 131.5 132.5 133.5 133 132.5
118.8 115.8 111 107.4 107 115 122.5 127.9 129.5 129.8 130.2 130.6 130.3 128.3 125.7 126.6 129.9 133.2 136.7 140.2 143.5 144.9 147.2 147.1 146.8 145.2 142.5 139.9 137.6 135.5 133.5 131.8 130.9 133.4 137.1 140 143.5 144.2 145.1 146.2 146.2 145.9 145.6 145.5 145.1 144.2 143.4 142.8 142.3 141.7 142.5 146.7 151 154.4 156.8 157.6 157.9 157.6 157.2 156.8 155.6 153 150.5 148.3 145.3 141.4 138.2 135.5 132.9 130.3 128.8 126.8 125.3 125.1 126.9 128.8 129.3 130 130
119.4 115 109.9 106.1 107.7 115.4 122.8 127.3 128.6 128.9 129.3 128.8 126.7 124.8 123.9 127.3 130.9 134.1 137.6 141.1 144.6 146.1 146.7 146.6 145.5 143.2 140.5 137.8 135.1 132.6 130.6 128.5 131.5 135.7 138.9 141.8 143.7 144 144.7 145 144.9 144.3 144 143.2 142.1 141.3 140.4 139.1 137.6 139.8 143.8 147.3 151.4 155.3 157.3 157.7 157.9 157.6 157.2 156.8 156.2 155.2 153 151.5 149.2 146.9 144 141 138.4 135.5 132.7 131.1 128.5 127.2 124.5 124.1 125.1 126.3 126.7
118.6 114 108.8 105.9 108.1 116 123 126 127.6 128 127.2 125.6 123.5 121.5 125 128.5 132.3 136 138.7 142.1 144.6 145.5 145.6 145 144 141.3 138.6 135.8 133.1 130.4 128.3 129.5 133.8 137.5 139.5 141.5 142.9 143.5 143.9 143.6 143.2 142.5 141.8 140.2 139.1 138.1 137.3 135.8 137.7 141.9 146 149.5 153 156.2 157.6 157.7 157.9 157.7 157.3 156.9 156.3 155.3 154.2 152.5 151.2 149.8 147.7 146 143.3 139.9 137.1 135.3 132.5 130.5 127.8 125.3 123.1 123 123.5
117.2 112.8 107.9 104.9 108.4 117.2 122.8 125.4 126.4 125.9 123.3 121.9 119.9 122.7 126.3 130 133.7 137.5 140.6 143.4 144.1 144.4 144.4 143.4 142.1 139.4 136.7 133.9 131.2 127.5 127.1 131.7 135.8 137.9 138.8 140.8 142.1 142.5 142.5 142.2 141.4 140.4 138.7 137.2 136.1 135 134.1 135.9 139.9 144 148.1 151.6 154.5 156.6 157.2 157.5 157.9 157.8 157.4 156.8 155.9 155.3 154.3 153.3 151.9 150.6 149.2 148.2 146.2 144.2 141.7 139.3 136.5 133.7 130.8 128 125.8 124.6 123.4
115.2 111.6 107.2 105 110.3 118.4 122.5 123.7 124.3 123.5 120.9 118.1 120.5 124 127.6 131.4 135.2 138.9 142.5 143.1 143.4 143.3 142.8 141.9 140.2 137.5 134.7 131.9 128.2 124.5 128.4 133.5 137.4 138.4 138.9 140 141.3 141.5 140.9 140.2 139.2 137.5 135.8 134.1 132.4 131.2 134.3 138.2 142.2 146.3 150.3 152.9 155.2 156.5 156.7 157.1 157.3 156.7 156.1 155.5 154.2 153.2 152.6 152.1 151.6 150.1 148.7 147.8 147.1 146.6 145.1 142.6 139.6 137.4 134.5 132.2 131.1 130 128.8
112.4 109.4 106.3 105.1 112.7 118.5 121.4 122.1 122 120.1 118 118.3 121.9 125.4 129.6 133.5 137.4 141.2 142.2 142.7 142.6 142.5 141.5 140.4 138.3 135.6 132.8 129.4 126.1 125.8 130.4 135.3 137.5 138.6 139.3 139.9 140.1 139.5 138.9 137.7 136.3 134.6 132.9 131.3 129.8 133.5 137.3 141.1 145 149 151.6 153.8 155.8 156.1 156.3 156.6 156 155.3 154.8 153.6 152.5 151 150.5 150.2 149.6 149 148.3 147.6 146.9 146.7 146.4 144.8 143.2 141.7 139.6 137.8 136.5 135.4 134.2
109.5 107.2 104.9 107.2 114.2 117.5 120.2 120.1 118.3 117.2 116 119.8 123.4 127.1 131.3 135.5 139.5 141.1 141.9 141.9 141.8 141.5 140.4 138.8 136.4 133.6 130.6 127.2 123.8 127.5 132.5 135.5 137.1 138.6 138.3 138 137.7 137.1 136.5 134.9 133.5 131.8 130.1 128.3 131.8 135.8 140.3 144 148 150.6 152.8 154.9 155.4 155.8 155.8 155 154.3 153.5 152 150.6 149.3 148.4 148.6 148.3 147.7 146.7 146.3 146.8 146.8 146.8 146.7 146.6 145.9 144.4 143.2 142.5 141.9 140.7 139.5
107.9 106 104.6 110.4 114.3 117.2 117.1 116.4 114.3 115 118 121.3 125 129.4 133.6 137.7 140.4 141.3 141.5 141.1 141 140.4 138.7 136.6 134.4 131.7 128.5 125.2 123.1 129.2 133.1 134.7 135.9 136.3 135.9 135.5 135.2 134.7 133.7 132.1 130.6 128.7 126.8 130.9 135 138.6 142.8 147 149.8 151.9 154 154.5 155 154.6 153.6 152.7 151.7 150.4 149 147.6 146.2 145.2 145.7 146.3 145.1 143.9 143.8 144.3 145.2 146.5 147.1 147.1 147 146.6 145.5 144.8 144.1 143.5 143.4
106.3 104.5 105.6 111.3 112.3 113.1 112.7 112.3 114.2 117.2 120.2 123.5 127.7 131.8 136.1 139.5 140.7 141.3 140.9 140.6 140.2 138.7 136.5 134.4 132.2 129.6 126.3 122.8 123.9 130.2 132.2 133.2 134.4 134 133.6 133.2 132.7 132.3 130.9 129.2 127.3 125.3 129.4 133.6 137.7 141.8 145.7 149 151 153.1 153.7 154 153.9 152.7 151.6 150.5 149.3 147.5 145.3 144.4 143.2 141.9 142.6 143.4 142.3 141 141.3 142 144.6 145.8 146.9 147.6 147.5 147.2 146.8 146.4 146 145.6 144.8
104.7 104.2 106.4 107 108.3 109.8 112.3 113.7 116.5 119.5 122.4 126.7 130.8 134.9 138.6 139.8 141 140.7 140.3 139.8 138.5 136.4 134.2 132 129.9 127.6 124.1 120.6 124.2 130.2 131.1 132 132.3 131.9 131.6 131.2 130.8 129.5 127.7 126.1 124 127.8 131.9 136.1 140.2 144.4 148.6 150.4 152.2 152.9 153.3 153.6 151.9 150.3 149.2 148.1 146.9 145.1 141.7 140.2 139.3 138.7 140.2 140.4 139.4 138.2 138.8 141.6 144 145.1 146.3 147.5 147.6 147.5 147.2 146.7 146.3 145.5 144.9
104.7 104.6 107.2 110.5 112.2 114.1 116.2 116.7 118.8 121.8 125.5 129.6 133.4 137 138.9 140 140.2 139.7 139.3 138 136.2 134 131.8 129.7 127.5 125.3 122.3 119.1 125 129 129.8 130.6 130.6 130.2 129.8 129.1 127.8 126.5 125 122.9 126.2 130.1 134.3 138.4 142.6 146.7 149.3 151.1 152.2 152.7 153.1 152.3 151.1 148.5 146.8 145.7 144.5 142.6 139.1 136.3 135.5 136.4 137.7 137.3 136.4 135.7 138.7 142.2 143.3 144.9 146.5 147.1 147.2 147.1 146.8 146.5 146.1 145.3 144.6
104.5 106.4 110.8 113.8 116.4 118.2 119.8 121.3 122.9 124.4 127.9 132.1 135.9 138.2 138.8 139.6 139.1 138.7 137.4 135.8 133.8 131.6 129.5 127.3 125.1 122.9 120.2 119.3 124.4 127.7 128.5 129.1 128.8 128.5 127.4 126.1 124.9 123.6 122.3 124.8 128.3 132.3 136.6 140.7 144.9 148.4 149.9 151.6 152 152.4 152.2 151.2 150.1 147.7 145.1 143.3 142.1 140.2 136.7 134.3 133.2 133.7 134.8 134 133.5 135.5 139.3 141.7 143.4 145.1 146.4 146.7 146.8 146.7 146.4 146.2 145.6 145 144.4
105.3 107.9 112.2 115.6 117.9 120.2 122.5 124 125.5 127.1 129.5 133.6 137 138.1 138.7 138.5 138 136.8 135.2 133.6 131.5 129.3 127.1 124.9 122.7 120.5 118.1 119.2 123.8 126.2 126.9 127 126.8 125.9 124.4 123.2 121.9 121.1 123.6 127 130.5 134.6 138.8 143.1 147.2 149.1 150.6 151.3 151.7 151.6 151.4 150.2 148.8 146.8 144.2 141.6 139.7 137.8 134.8 132.6 130.8 131.1 132.1 131.9 131.8 135.6 139 141.8 143.7 145.2 146.3 146.3 146.4 146.4 146.1 145.8 145.1 144.4 143.2
104.5 108.2 112.2 115.4 118.4 121.3 123.9 126.6 128.2 129.7 132.1 134.8 137.1 137.7 137.7 136.6 135.7 134.3 132.8 131.2 129.7 127.4 125.2 122.9 120.7 118.5 116.8 118.5 122.6 124.3 124.7 124.5 124.1 123.4 122.6 121.1 120.4 122.9 126 129.2 133.6 137.9 141.6 145.4 148.2 149.7 150.6 151 150.9 150.7 150.2 149.2 147.7 146 143.4 140.8 138.2 135.7 133.5 131.3 129.1 128.6 129 129.9 131.7 135 138.3 141.3 143.4 144.9 145.9 145.9 146 145.9 145.4 144.9 144.4 143.4 142.1
103.4 107.3 111.1 115 118.9 122.5 125.1 127.7 130.3 132.4 134.6 136.3 136.7 136.8 135.6 134.4 133.3 131.9 130.3 128.7 127.3 125.6 123.3 121.1 118.9 116.9 116 118.8 121.6 121.9 122.1 121.8 121.4 120.6 119.9 119.4 122.2 125.2 128.3 132.4 136.6 141.1 144.8 147.4 148.7 149.9 150.3 150.2 150 149.3 148.1 147.2 146.4 145.2 142.5 139.7 136.8 134.7 132.5 130.3 128.1 126.7 126.2 127.7 131.4 134.6 137.9 141 142 143.5 144.9 145.4 145.5 145.2 144.7 143.9 143.2 142.1 141.1
103.3 107.2 110.7 115.1 119.2 123.1 126.4 129 131.6 134.1 135.4 135.6 135.8 134.5 133.3 132.1 131 129.5 127.9 126.3 124.9 123.5 121.5 119.3 117.2 115.8 115 117.8 119.3 119.3 119.3 119.1 118.7 117.9 119.8 122.2 124.8 128.1 132.2 136.3 140.5 143.9 146.1 148.1 149.2 149.3 149.4 149.2 148.3 147.1 146 145 144.2 143.2 140.9 138 135.3 133.5 131.6 129.3 127 125.3 124.8 127.2 131 134.5 137.8 140.8 141.9 142.8 143.8 144.6 144.7 143.8 143 142.3 141.3 140.2 139.2
102.8 106.4 110.4 115.5 119.5 123.5 127.4 130.3 132.9 134.4 135 134.4 134 132.4 131.2 129.9 128.7 127.1 125.5 123.8 122.4 121.1 119.7 117.5 116.1 114.6 114 116.1 116.9 117.1 116.8 116.5 118 120.3 122.7 124.9 127.9 132.1 136.2 140.3 143.9 145.7 147.5 147.3 148.2 148.3 148.4 148 146.2 144.4 143.2 142.8 142 140.8 138.9 136.4 134.1 132.1 130.1 128.1 125.8 124.1 123.3 126.7 130.5 134.4 137.6 140.6 141.8 142.7 143.7 143.9 143.6 142.3 141.4 140.7 139.4 138.2 137.1
102.4 106 111 115.8 119.7 123.7 127.7 131.6 133.6 134.1 134.6 133.4 132.2 130.4 129.1 127.6 126.1 124.6 123 121.4 120 118.7 117.4 116 114.5 113.2 113.5 114 114.6 115.4 116.9 118.5 120.7 123.2 125.6 128.5 132 136.1 140.3 143.3 145 146.8 147.2 146.8 147 147.4 147.5 145.8 144.1 142.3 140.4 140.1 139.7 138.3 136.5 134.7 132.6 130.5 128.5 126.6 124.6 123.1 122.3 126.1 130 133.9 137.5 140.4 141.6 142.6 143.1 143.2 142.5 141.3 139.9 138.9 137.4 136 134.8
102.3 106.1 111.3 116 120 124 128.2 132.4 133.1 133.6 133.6 132.3 130.3 128.1 126.5 125 123.7 122.2 120.6 119 117.7 116.4 115.2 113.9 112.3 113.1 115.3 115.3 116.6 118.1 119.7 121.2 123.5 126.2 129.7 133.5 136.9 140.5 142.7 144.9 146 146.9 146.9 146.4 145.8 146.3 145.4 143.5 141.7 139.8 137.8 137.2 137.1 136.9 135.6 133.9 132.1 130 128 125.9 123.9 121.7 121.7 125.5 129.4 133.3 137.2 140.2 141.5 142.2 142.5 142.1 141.3 140.4 138.9 137.4 135.5 133.9 132.4
101.9 105.6 111 116.6 121.2 125.8 130 132.4 132.8 133 131.5 130 128.3 125.9 123.9 122.4 121.2 119.8 118.1 116.7 115.3 114.1 112.9 111.7 112.6 115.3 117.1 117.7 119.3 121.1 123 124.9 127.6 130.5 134.5 137.8 140.9 142.6 144.7 145.8 146.5 146.6 146.6 146 145.3 145.3 143.1 141.2 139.2 136.8 135.2 134.2 135.5 135.1 134.7 133 131.4 129.9 127.9 126 123.6 120.7 121.2 124.9 128.7 132.7 137.3 140.1 141.2 141.6 141.7 140.9 140.2 139.5 138.5 137 135.1 133.2 131.5
101.3 104.8 111 117.2 122.4 127.6 130.5 132 132.4 131.4 129.8 128.2 126.2 123.8 121.3 120.1 118.7 117.3 115.8 114.4 113 111.7 110.6 112.3 114.9 117.6 118.8 120.3 122.4 124.9 127.2 129.1 131.5 134.8 137.9 141 142.8 144.6 145.4 146.1 146.2 146.3 146.2 145.5 144.8 143.4 140.9 138.6 136.2 134.2 132.7 131.6 133.5 133.2 132.8 131.7 129.9 128 126.8 125.4 123.1 120.4 120.2 124.3 129.7 134.5 137.7 139.9 140.4 140.9 140.9 140.4 139.7 139 138.1 136.5 134.7 133.1 131.7
101.1 104.4 111.2 117.7 123.1 127.8 130.7 130.7 130.5 129.9 128.1 126.1 123.9 121.4 119.4 117.8 116.3 114.9 113.5 112.1 110.7 110 112.4 114.8 117.2 119.9 121.3 123.6 126.2 128.8 131.2 133.3 135.6 138.3 140.8 142.5 144.1 144.7 145.4 145.6 145.8 145.9 145.6 144.8 144 142 139.4 136.2 133.5 131 129.4 129.6 131.2 130.4 129.9 129.3 127.5 125.9 124.9 123.8 122.1 119.1 119.9 125.3 130.8 134.7 137.8 139.1 139.7 139.9 139.9 139.6 139 138.4 137.7 136.1 134.7 133.4 131.8
101 104.2 111.4 118.7 124.2 128 129.9 129.8 129.5 128 126 123.9 121.6 119.5 117.8 116.4 115.1 113 111.4 110.2 109 112.5 114.9 117.4 119.8 122.2 124.9 127.5 130.1 132.6 135.1 137.4 139.4 140.7 142.5 143.5 144.1 144.7 145.1 145.2 145.2 145.2 144.8 144 142.8 140.6 137.5 135.6 134 131.3 127.2 127.3 127.9 127.2 127.3 126.9 125.1 124 123 121.9 120.2 117 121.2 126.6 131.9 135.1 137.5 138.2 138.8 138.9 138.9 138.4 137.9 137.3 136.8 136.2 135 133.7 132.1
101.1 105.6 113.8 120.5 125.4 128.3 129 129 127.6 125.7 123.8 121.7 119.7 117.9 116.4 114.7 112.8 111.3 109.9 108.7 111.3 114.9 117.4 119.9 122.3 124.9 128.5 131.2 133.8 136.5 138.7 140.1 140.9 142.3 142.9 143.3 144 144.5 144.5 144.5 144.5 144.2 143.9 143.1 141.6 138.8 137.4 135.4 133.3 131.2 128.4 123.3 124.7 124.5 124.6 124.4 123.2 122.1 121 119.7 117.2 117.2 122.9 128.5 132.7 135.7 136.5 137.3 137.7 137.4 136.3 136.5 136.4 135.8 135.4 135 134.4 133.5 132.7
