data/SU17.asc
ncols 200
nrows 200
xllcorner 410000
yllcorner 170000
cellsize 50
[rows 140 to 174 of 200, columns 78 to 155 of 200]
229.8 225.1 222.7 221.9 220.9 219.4 214.3 210.5 204.4 198.2 193.7 191.3 188.9 186.2 183.2 180 177.1 174.5 171.8 169.8 167.4 166.7 169.9 179.4 189.3 192.6 195.3 197.4 199.7 200.2 199.7 197.8 194.6 189.1 183.7 177.2 170.8 167.2 165.4 164.8 163.8 162.8 161.8 160.4 158.6 156.4 154.4 153.9 155.1 155.6 158.2 159.9 167.4 174.4 181.6 185.5 190.3 191.5 192.4 191.6 191.6 189 186.5 183.3 180 179.1 181.1 185.3 186.9 186.7 185.9 184.3 181.4 177 172 166.7 161.8 158.1
231.4 228.1 225.4 225 223.2 220.6 216.7 213.2 210 205.8 202.7 200 196.5 193.5 190.1 185.8 182.8 179.7 175.9 172 169.2 166.9 165.2 164.8 173.8 182.3 187.9 192.3 195.7 198.3 199.3 198 195.2 192 187.7 182.4 178.3 175.1 173.1 171.6 170.4 169.6 167.5 164.6 160.9 158.7 156.1 154.2 152.6 153.2 154 155.5 159.5 166.3 173.9 180.1 185.9 189.8 193.2 193.5 194.1 194.3 191.6 189.3 187.8 186.5 188 188.7 188.5 187 186 183.7 180.7 175.8 170 163.9 158.7 155.6
229.4 225.8 222.6 222.2 221.3 218.9 216.5 214.2 212 209.8 208.2 206.9 203.3 199.8 196 191.2 187.2 183.4 179.7 175.7 171.7 170 168.1 165.1 163.5 168.3 177.5 183 188.7 192.8 196.7 197.8 196.5 194.2 191.7 187.5 185.7 183.8 182 180.2 178.7 176.9 173.7 170 165.4 161.2 158.9 156.5 154.8 152.5 152.3 151.8 154 159.4 165.7 173.6 181.8 188.6 192.7 195.4 196.4 197.4 196.4 195 193 192.5 191.7 191.1 187.6 186.3 184.1 181.4 177.5 172.1 166.1 161.2 155.7 153
225.2 221.1 217.7 216.9 216.9 216.7 214.3 212.4 211.5 210.2 209.2 208.4 206.8 203.8 199.7 195.6 191 186.7 183.2 179.8 176.4 173.1 170.5 167.4 165.2 162.5 165 173.8 181.6 186.6 191.3 194.6 195.9 195.4 193.4 192.6 191.1 189.6 188.1 186.9 185.5 183.4 179.7 176.6 172.8 168.4 164.1 160.6 157.4 155.2 153.7 151.9 150.9 153.4 158.3 166.8 175.9 184.4 191.4 195.7 198.2 199.2 199.1 198.7 197.1 195.6 194.4 191.6 188.1 184.6 182.4 177.7 172.3 166.5 159.8 154.9 152.8 152.1
215.6 216 213 211.7 211.1 211.8 212.6 211.6 210.8 209.3 209.2 208.2 206.7 204 199.4 195.9 191.8 187.5 183.8 180.8 177.7 174.6 172.8 169.9 167.2 164 161.3 166.1 173.8 179 184.3 189.2 193.3 194.8 195.1 193.4 192.8 192.8 192.1 191.2 189.8 187.7 185.7 182.5 179.5 175.7 171.3 166.5 161.5 157.7 154.9 152.9 151.6 150.9 154.8 161 169.8 180.6 190.2 194.6 198.1 199.5 200.6 199.9 198.4 196.4 195 191.9 188.5 184 178.4 173.2 166.4 159.6 159.3 160.2 161.8 162.8
196.6 200.7 203.9 205.3 203.4 204.7 206.3 206.7 207.7 205.7 204.5 203.9 203 199.5 195.6 192.5 189 185.1 181.8 179 176.7 174.6 172.3 170.3 168.3 165.1 162 161 166.7 172.3 177.6 182.4 187.4 190.8 192.9 193.6 192.6 192.6 192.5 192.1 191.1 191.1 189 187.9 186.2 182.7 178 172.5 166.8 161.2 156 153.9 152.5 151.2 151.7 157.6 166.4 177.1 188.4 193.1 197.7 199.6 201.1 201 199.5 197.5 195.5 190.9 185.9 181 174.6 171.2 170 167.9 168.2 171 172.2 172.2
196.5 191.9 189.4 191.1 192.4 194 196.6 197.3 198.2 196.8 195.3 194.7 193.1 192.1 188.3 186.6 184.5 181.4 178.5 176.3 174.2 172.2 170.6 169.1 167.6 166.1 163.3 160.3 161.8 165.8 170.9 176 180.5 184.4 186.4 188.8 191.2 191.9 192 192 191.9 192.4 192 191.3 190.4 187.4 183.5 177.5 170.9 164 158.6 154.9 153.3 151.3 150.2 155.2 162.4 174 185.9 192.4 196.4 199.4 200.9 201 199.5 197.4 195.3 191.9 186.1 181.4 179.8 178.5 177.3 175.7 173.9 178.9 179 178.8
200.6 196.6 192.9 188.3 185.9 184.8 185.1 186.7 188.2 187.7 186.2 185.5 184.6 183.8 181.6 180.2 179.1 176.6 175.4 174 171.9 169.9 168.4 166.9 166 165 163 160.4 158.6 161 164.8 169.3 173.4 177.8 180.1 182.3 184.6 187.5 189.2 191 192 192.9 193.3 192.8 192.3 190.5 186.2 180.7 173.8 166.6 160.1 155.5 153.2 151.4 150.2 152.8 158.7 171.2 184.2 190.9 194.9 198.4 200.2 200.2 199.2 197.4 195.1 192.8 189.5 187.6 185.4 184 183 182.3 181.3 182.7 181.6 180.6
205.4 200.7 196.6 191.5 187.1 185.4 182.3 180.6 180.5 180.3 179.6 178.6 176.1 175.8 175.9 175.1 173.9 172.4 172.3 171 169.5 167.8 166.7 165.8 164.9 163.9 162 159.9 158.6 158 159.6 163.3 167.6 171.9 173.3 175.6 177.8 180.4 184.7 189.7 191.7 193 194 194.2 193.8 191.3 187.8 181.7 174.8 166.5 160.1 155.7 153.3 151.6 150.8 150.2 156.3 169 181.5 189.5 194.5 197.9 199.6 198.9 198.1 197.4 195.4 193.3 191.2 189.7 188.3 187.2 186 185.6 185 184.2 182.9 181.9
209.8 204.8 199.8 194.7 189.3 185.8 182.9 180.3 179.7 178.5 176.5 175 173.7 173.8 172.2 170.7 170 169.4 169.1 167.9 167.2 166.5 165.6 164.7 163.8 162.7 160.9 159.3 158.1 157.4 157.5 159.6 162.7 166.6 167.8 169 171 174.5 181.3 187.2 191.2 192.7 193.5 194 193.7 191.2 188.3 182.4 175 166.7 160.2 155.6 153.3 151.7 150 149.8 156 169.3 181.1 189.1 194.1 197.2 198.4 197.4 196.6 195.7 194.3 193.2 191.3 190 188.9 187.8 186.9 186.4 185.7 185.1 184.2 182.7
209.5 203.9 198.7 193.4 189 185.9 183.4 181.6 180.4 179.2 178.1 176.5 175.1 173.9 171.4 170.5 169.4 168.3 167.2 166.7 166 165.3 164.6 163.6 162.7 161.6 160.7 159.9 158.8 157.9 157.3 156.9 158.1 161.3 162.4 163.6 165.2 170.9 178 184.4 187.3 190.9 192.8 193.5 193 191.7 188.9 182.9 175.4 166.8 160 155.7 152.6 151.3 149.8 150.2 157.3 172.1 182.4 189.5 194.3 196.7 197.7 196.7 195.3 194.1 193.1 192.1 191.1 190 188.8 187.7 186.6 186.5 186 185.5 185.1 184.1
205.5 201 195.9 191.4 188.7 185.9 184.2 183 181.8 180.6 179.3 178 175.8 173.5 172 170.8 169.7 168.6 167.6 167.1 166.1 164.7 163.5 163.3 164.2 165.1 165.8 164.9 162.2 159.5 157.7 156.2 156 156.3 158 159.7 161.3 164.5 171 178 182.7 186.4 190.6 192.9 192.4 191.1 188.1 182.1 175 166.6 159.8 155.4 151.7 150.1 148.9 150.9 161.2 174.7 184.4 190 194.1 196.6 196.9 196.4 194.4 192.1 190.8 189.7 188.6 188.2 187.5 186.4 185.3 185.9 186.6 186.1 185.8 185.6
201 198 193.9 190.9 187.8 186.3 185.6 184.5 183.3 182.2 181.1 178.2 176 174.2 172.8 171.8 170.8 169.8 169.3 168 166.8 166.5 169.2 171.6 174.8 176 174.2 168.7 164.6 161.8 159.4 156.8 156 154.9 154.6 156.1 157.6 160.7 163.9 170.9 178.1 182 187.8 191.2 191.8 190.4 187.4 181.5 174 166.4 159.8 155.1 150.8 149.1 148.2 152.9 165.9 177.2 185.8 190.3 194.6 196.8 196.6 196.1 193.6 190.5 188.4 187.3 186.1 185.4 185 184.6 184 184.4 185.4 186.6 186.5 186.4
198.5 194.5 191.9 190.4 189.3 188.9 188.3 186.8 185.3 184.1 181.3 179.7 177.8 175.9 176.9 177.5 176.7 176.1 173.4 172 174.7 177.1 180.7 184.9 187.1 185.4 180.9 174.9 170 165.1 162.3 159.9 157.1 155.9 154.6 152.8 154.3 157 159.6 163.1 171.7 179.5 185.4 189.4 190.5 189.4 185.6 180.7 173 165.2 159.4 154.8 150.1 148.5 148 154.9 168.7 179 186.4 191.7 195 196.7 196.7 196.1 193.5 190.3 186.9 184.8 183.7 182.6 182.2 181.8 181.3 183.9 185.4 186.7 186.8 186.7
199.3 197.3 196.3 196.4 198.8 197.7 193.9 192.6 189 186 184.5 182.9 180.9 182.5 185.5 186.7 186.4 183.3 178.1 180.9 185.2 187.7 190.1 193.6 193.8 191.9 186.8 181.2 176.6 171.8 166.9 164.3 160.3 158.7 157.1 154.2 151.8 153.1 155.2 157.2 163.3 171.9 180.9 185.4 188.2 186.7 183.5 177.2 171 164.5 159.2 154 149.4 148.1 149 157.3 170.3 180.9 186.7 191.6 195.1 196.4 197.5 196.6 193.9 191.1 187.9 184.3 182.1 180 179.3 178.8 179.8 183.2 184.7 185.9 186.7 187
210.7 210.1 210.3 209.1 208.7 206.3 203.5 200.9 196.9 193.1 189.6 187 187.9 190.8 194 196 193.9 189 184.9 189.6 194.5 196 197.9 198.9 198.4 196.6 192.4 187.4 182.4 177.6 172.8 168 163.9 161.5 159.1 156 153.5 151.8 151 152.8 156.3 164.8 174.4 180.9 182.8 182.3 177.4 173.4 167.9 163.3 158.4 153.6 148.9 147.6 149.7 160.2 172.9 182.6 187.5 192.4 195.3 196.5 197.2 196.5 195.4 193 189.2 186.7 185.1 182.8 179.5 176.6 177.3 180.9 183.3 184.4 184.8 185.9
225.6 224.5 223.5 221.7 218.9 215.4 212.6 208.8 204.5 200.7 197 194.5 195.8 199.3 202 201.8 198.7 194.4 192 196.3 199.3 200.7 201.9 201.9 201.2 199.5 196.6 192.1 187.3 182.3 177.5 172.7 167.9 163.9 160.9 157.8 155.1 153 151.8 150.7 152.5 157.3 165.9 173.1 176.8 175.4 171.3 167.7 165.4 161.3 156.4 151.7 148.2 147.5 150.6 162.8 174.8 183.4 188 192.1 194.8 196 196.9 196.5 196.2 193.9 191.8 189.4 188.2 185.8 182.3 178.1 175.2 177.2 180 182.3 183 183.9
235.5 234.1 232.5 230.1 227 223.9 221.2 217.6 212.5 208.4 204.8 201.9 203 205.5 206.1 205.4 203.3 199.7 198.3 201 203.2 203.5 203.1 202.8 202.2 200.5 197.7 194.4 190.7 185.7 179.3 173.8 168.3 165.1 162.2 159.5 156.7 154.3 152.7 151.2 150.6 153.4 158.9 164.6 167.8 167.3 165.6 163.4 161.4 159.2 154.8 150.4 147.4 146.8 152 166.5 177.6 183.3 187 191.1 193.2 194.5 196.1 196.2 196.1 194.7 193.5 191.9 189.7 186.8 183.4 178.8 174.9 173.7 176.1 178.4 180.1 181.4
241.3 239.9 238.4 236.3 233.2 230.1 227.4 223.3 217.8 213.8 211.6 209.3 209.1 209.8 210 208.6 206.7 204.5 204.1 204.9 205.5 204.4 204.1 203 201.1 199.3 196.6 194 190.7 185.7 179.5 173.2 169.4 165.2 161.8 158.6 156.4 154.5 153.1 151.7 150.2 150.4 153.6 156.4 160.1 160.1 159.1 158.9 157.8 155.8 153.1 149.1 146.6 145.7 156.7 170.8 180.5 184.1 186.2 190 191.6 192.9 194.9 195.5 195.5 195.6 194.5 193.1 190.7 187.8 184.5 180.1 175.9 172.3 172.6 174.3 176.2 178.4
245.9 244.3 242.5 240.3 237.4 234 230.9 227.8 222.5 218 215.3 213.2 212.2 212.5 211.7 210.5 209.2 207.3 207.7 207 206.4 205.1 203.5 201.4 199.4 196.1 193.7 191.5 187.2 182.4 176.1 170.8 166.6 162.1 160 157.6 155.7 154.3 153.1 151.8 150.6 149.5 150 151.7 153.2 154.3 154.5 154.6 153.9 153.8 150.9 147.5 145.8 148.4 162 174.6 181.8 184.8 186.9 188.5 189.5 191.6 193.7 194.9 195 195.3 194.8 193.6 191.6 188.7 185.4 181 176.2 172.3 168.5 169.5 171.7 174.2
247.5 246.5 244.8 242.8 240.3 237.5 234 229.8 225.9 220.8 218 216.9 216 213.5 212.7 211.6 210.5 209.4 208.4 207.5 206.4 204.2 201.8 199.1 195.9 192.5 189.5 186.1 181.9 175.4 169.9 166.3 162.9 161.3 159.7 157.3 155.5 154.7 153.7 152.4 151.2 150 149.1 148.5 149.5 150.4 150.7 151.1 150.6 150.6 149.6 146.4 145.7 152.6 167.3 177 181.8 184.2 184.9 184.6 185.7 189.7 192 194.4 194.6 195 194.8 193.9 192.1 189.2 186.1 181.9 176.9 173.8 171.5 167.3 166.9 169.6
247.5 246.7 244.7 241.9 240.1 237.7 234.2 230.6 227 224 221.1 218.3 215.5 212.1 211.4 210.8 210.2 209.2 208.4 207.2 205.2 202.9 201 196.2 192.3 189 185.5 180.6 175.5 170.3 168.3 167.6 165.8 162.8 161.4 159.1 157 156.1 154.8 153.2 152.1 150.9 149.9 149 148 148 148.1 149.1 148.8 148.3 146.9 145.1 148.1 158.4 170.7 177.3 180.7 181.8 181.3 180.7 183.5 187.5 190.5 192.9 194.4 194.7 194.5 193.8 192.3 190 186.8 183.6 180.7 177.9 175.1 171.1 165.6 164.4
246.9 245.5 244 241 238.2 235.1 232.2 229.2 226.4 223.5 220.4 217.4 214.4 211 209.9 209.3 208.5 207.2 206.3 206.2 204.3 202.4 200.6 197.9 192.3 186.9 183.3 180.5 178.6 176.7 177 173.1 169 165.1 162.9 160.9 158.7 157.3 155.9 154.2 153.2 152.3 150.6 149.6 148.6 147.7 147 147.1 146.9 145.6 145.2 146.2 149.4 161.2 169.9 175.5 178.6 179.1 178 177.8 181.6 185.7 189.4 192 193.3 194 194.2 193.5 192.4 190.6 188 184.6 181.2 177.9 175.5 172.3 167.6 160.3
245.1 243.5 241.3 238.6 235.3 232.3 229.3 226.2 223.4 219.9 216.9 213.9 211.6 209.3 207.7 206.4 205.1 203.9 203.3 203.1 202.8 201.9 200.1 197.6 194.9 191.7 189.5 187.3 185 184.2 181.9 178.2 172.9 168.1 165.9 163.7 161.8 159.5 157.6 156.6 154.7 153.6 151.9 150.4 149.8 149 147.8 146.7 145.4 144.8 145 146.3 148.4 157.2 167.6 172.5 177 176.3 171.1 177.4 180 184 187.8 190.7 192.1 192.9 193.5 193.3 192.2 190.4 188.5 185.1 181.7 177.6 173.3 169.8 167 159.6
243.4 240.9 238.1 235.5 232.5 229.4 226.4 223.2 220.7 217.4 213.7 211.7 209.6 208.6 206.7 204.4 202.6 200.8 199.6 199.8 199.5 199.2 198.8 198 196 194 191.9 190.9 190.2 188.6 185.5 182.2 178 173.9 172.8 168.7 166.4 164.1 161.2 159.1 157.2 156.1 155.2 154.3 151.8 150.3 149.1 147.7 146.4 145.1 144.7 144.4 145.8 150.7 160.9 168.4 172.6 169.9 170 176.5 178.3 182.2 185.9 188.9 190.8 192 192.9 192.9 192 190.6 188.5 185.7 181.8 176.7 171.9 168 164.1 158.1
243.7 241.8 238.9 236.3 233.9 230.6 227.3 224.6 221.8 218.5 215.2 212.5 209.8 207.9 206.1 203.8 202.3 200.8 199.2 196.6 195.7 195 195.9 197 196.2 195.2 194 193.1 192.2 190.4 188.4 185.7 183.2 180.9 178.1 174.4 171 168.7 166.2 163.9 162 161 159.7 158.3 156.7 155.4 155.3 152.6 150 147.5 146.5 145.3 143.9 146.1 152.8 163.4 166.9 164.4 167.7 172.2 176.4 180.3 183.9 186.4 188.3 190.3 191.9 192.1 191.9 190.7 188.5 186.2 181.4 176.6 171.6 167.3 165 159.2
243.9 242.2 239.8 237.5 235.2 232.7 229.5 226.7 223.4 220 216.7 213.9 211.4 209.9 207.9 205.5 203.7 202.2 200.3 197.4 193.9 192 193.4 194.7 195 193.9 193.6 193.3 192.5 191.7 189.9 188.5 186.7 184.7 182.8 179.7 176.8 175 174.4 173.2 171.2 169.6 168.1 166.7 164.7 163.5 162.4 159.8 157 152.9 147.2 145.4 143.7 144.1 146.7 155.7 159.9 159 162.2 168 174.6 178.4 179.9 183.3 185.7 188.2 190.3 191 191 190.7 188.6 186.8 182.7 177.9 173.6 170.8 168.3 161.9
243.7 242.2 240.9 238.8 236.4 234 231.8 228.7 225.6 222.5 219.6 216.9 214.1 212.8 210.6 208.2 205.8 203.6 201 198.1 194.3 191.4 189.6 192.1 192.1 191.5 190.6 192 192.2 191.8 191.1 190.3 190.1 188.1 186.3 184.9 183.6 183.4 183.3 182.8 181.6 180.2 178.3 176.5 173.7 171.8 169.4 166.5 162.9 157.1 151.4 146.5 145.2 143.4 144.7 148.1 152.9 153.1 157.1 164.6 171.1 174 175.6 179.3 183 186.1 188.3 190.2 190.2 190.3 188.9 187.1 184 180.2 176.9 174.2 170.7 163.5
242.2 241.3 240.4 239.7 238.3 236.5 234.6 231.4 228.2 225.1 222.4 219.7 217 214.4 211.8 208.9 206 203.1 200.3 197.1 194.5 191.6 189.6 187.7 187.9 187.5 187.1 190.2 189.4 191.7 191.6 191 191.1 191 190.1 188.5 187.9 188.4 188.3 188.1 187.7 187.5 186.1 184.9 183.7 181.5 176.4 172.9 167.1 161.4 155.2 149.6 148.1 145.4 142.7 144.7 147.6 149.1 152.9 161.1 165.9 168.8 171.5 175.7 179.1 182.3 185.9 187.7 189.1 189.9 189.1 187.8 186.2 183.5 180.3 177 173 166.3
240.3 240.4 238.8 237.5 237.5 237.6 237.4 234.2 231 227.8 225.3 222.2 218.4 214.1 210.5 207.3 204.4 201.5 198.7 196 194.3 193.2 191.8 190.3 188.7 186.6 184.6 184 185.1 188.6 190.6 191.3 191.1 191.1 191.3 192 191.2 190.8 192 192.2 192 191.5 190.8 189.4 187.5 184.6 181 176.9 171.1 165.2 158.8 152.3 148.1 144 141.7 142.1 144.1 145.4 148.7 155.3 160.3 163.4 168.4 172 175.2 178.4 181.8 184.2 185.7 188.5 188.5 187.8 187 185.4 183 179.6 175.7 170.6
237.2 237.6 236.4 235.4 235.4 235.6 236 235.2 233.2 229.8 226 222.2 218.3 213.5 209.5 206.2 203 200.4 198.8 197.8 196.5 195.3 194.1 192.9 191.5 189.5 187.8 185.9 183.2 184.1 187.5 189.5 190.5 190.5 190.8 192 193.5 193.8 193.8 194.9 195.8 195 193.3 191 189 186.9 183.7 179 174.1 168.2 161.5 154.6 148.9 144.7 141.2 141.2 141.7 143.3 143.3 147.6 152.8 159.9 164.3 168.1 171.6 174.7 177.7 180.7 183.3 186.4 187.4 187.3 186.7 186.2 184.1 182 178.2 173.5
234.3 234.4 233.8 233.4 233.7 234 234.4 234.7 232.2 228.6 225.5 222.1 217.9 213 208.8 206.4 204.6 202.9 201.3 200.2 198.7 197.5 196.3 195.1 193.9 192.3 190.4 188.5 185.3 182.1 182.6 184.7 187 189.9 190.2 191.6 193 194.5 196 196.6 196.3 195.3 193.6 191.4 189.4 187 184.4 179.6 174.4 168.5 161.3 154.9 149.8 145.6 144 141.2 140.8 141.3 140.6 141.8 146.7 152.8 157.8 162.4 167.1 170.4 173 176.1 179.1 182 184.9 186.4 186.5 186.6 185 183.7 181.1 177.7
231.5 230.9 229.9 230.6 231.1 231.4 231.7 231.9 231.1 227.8 224.8 221.7 217.4 213.3 211.4 209.3 207.5 205.5 203.9 202.6 201.1 199.7 198.5 197.3 195.3 193.8 192.9 191 187.8 184.9 181.8 180.8 183.4 186.3 189.5 191.2 192.8 194.3 195.8 196.6 196.4 195.2 193.9 191.5 189 186.5 183.9 179.3 174.3 166.7 160 153.1 151.1 149.7 148 144.9 142.9 141.5 140.4 140.5 141.6 145.1 150.8 156.2 161.1 163.8 166.6 169.6 172.6 175.6 179.2 183.8 185.1 185.3 186.3 185.1 184.1 181.8
227.6 226.5 225.4 226.9 227.7 228.5 228.8 229 229.1 227.1 224.1 221.9 220.2 216.3 214.9 212.6 210.4 208.3 206.5 205 203.5 202 200.6 198.8 196.8 195 194.3 193.4 190.6 187.7 184.6 181.3 179.7 182.6 186 189.9 191.9 193.9 195.6 196.3 196 195 193.3 190.8 188.4 186.1 182.1 176.6 170.9 164.7 159.4 157.9 156 154.1 152.2 148.9 146.2 144.8 143.3 141.1 139.7 140.2 143.9 149.5 154.1 157.2 160.2 163.2 166.3 169.3 173.7 178.3 182.7 183.3 185 185.9 185.3 183.7
223.6 222.2 221 222.9 224 224.8 225.6 226.1 226.3 226.6 224.2 222.3 220.5 218.3 215.6 214.3 212 210 208.3 206.9 205.2 203.6 201.5 199.6 198.3 196.3 195.2 193.8 192 190.1 187.5 184.5 180.2 179 182.8 187.1 190.4 192.7 194.4 195.6 195.5 194.5 192.6 190.1 187.5 185.1 180.8 174.7 170.9 168.4 166.4 163.8 161.3 159.1 156.3 153 149.7 148.1 145.9 143.1 140.9 139.7 139.1 141.1 145.5 149.8 153.9 157 160 163.6 168.2 172.3 176.8 180.9 182.9 184.7 185 185.4
