data/SU18.asc
ncols 200
nrows 200
xllcorner 410000
yllcorner 180000
cellsize 50
[rows 0 to 35 of 200, columns 82 to 163 of 200]
146.3 146 146.1 146.2 146.4 146.6 146.4 146.4 146.2 145.7 146.5 142.5 140.9 146.8 147.7 144.9 144.4 143.9 143.8 143.5 143.2 142.8 142.3 141.3 140.8 140.8 139.8 138.4 137 134.8 132.4 129.5 125.3 121.2 118 116.9 117.7 117.2 116.7 116.1 115.5 114.2 112.4 112.8 111.6 112.2 115.7 120 122.7 124.3 125.9 126 127.3 126.1 124.8 123 118.7 117.8 117.1 114.3 113.1 112.2 109.5 107 105.6 104.9 104.8 105.3 105.2 103.6 103.9 102.6 102.5 102.5 104.3 108.9 112.2 115.6 117.1 118.2 118.9 120.1
145.3 145.6 145.6 145.7 145.9 146.9 145.7 145.6 145.6 147.1 144.7 147.5 147.9 140.7 144.4 147.2 144.1 143.5 143.2 142.8 142.5 142.1 141.7 141.1 140 138.9 137.9 137 135.4 134.1 132 128.9 124.5 120.6 119 118.9 119.7 120.1 119.8 121.4 120.9 118.8 117.1 115.1 113.6 113.5 117.4 121.6 124.7 126.2 126.9 126.7 126.5 126.6 124.4 122.2 120.7 119.7 119.9 117.7 116.6 115 112.2 109.1 108.3 107.9 107.5 107.6 107.1 106.6 105 103.1 102.7 102.5 104.2 108 111.4 114.4 115.4 116.3 117.2 117.8
144.3 144.6 144.9 145.2 145.8 146.7 145.6 145.6 145.6 146.6 144.3 143.8 144.8 146 140.9 141.2 146.3 142.9 142.4 142 141.7 141.4 141 140.2 139.3 137.9 135.9 135.2 133.8 132.1 130.9 125.2 122 122.1 123.7 123.8 124.4 124.8 124.2 125.2 124.3 122.8 121.3 118.1 115.8 115.6 119.9 124.2 126.6 127.4 127.5 127.3 127.2 127 125.7 124.4 123.6 122.3 121.2 119.8 118.5 116.5 114.7 112.5 111.3 110.8 110.4 110.1 109.2 107.9 106.1 104.3 102.8 102.5 104.9 108.1 111.5 112.8 113.5 114.4 115.3 116.2
143.6 143.8 144.5 144.9 145.2 145.5 145.5 145.4 144.9 144.2 143.6 143.3 143.2 142.8 143.4 142.8 140.1 145.4 141.6 141.3 141 140.6 139.9 139.1 138.4 137.3 135.2 133.9 130.8 127.4 124.8 124.3 124.6 126.9 128.2 128.7 128.7 128.7 128.5 128.3 127.3 126.4 124.2 120.8 116.7 119.1 122.8 126.8 127.6 128.2 128.1 127.9 127.7 127.1 126.2 124.8 124 122.7 121.2 119.4 117.8 116.8 116 115 113.9 112.8 111.7 110.7 109.6 107.8 106.1 104.3 102.5 102.5 106 109.2 111.1 111.4 112.1 112.8 113.5 114.3
143.1 143.7 144.2 144.6 144.9 145.1 145.3 145.2 144.9 144.4 144 143.5 143.3 143 142.7 141.8 140.8 139.7 144 140.4 140.1 139.6 138.8 138 137.5 136.7 134.7 132.4 129.2 127.1 128.4 129.2 131.1 131.3 130.9 131.1 131 130.7 130.8 130.4 129.8 129.3 127.6 123.8 122.1 123.7 127.5 128.2 128.2 128.2 128.5 128.3 127.9 127.2 126.5 125.3 124.2 122.8 121 119.3 117.5 115.7 115 114.9 113.9 112.9 111.9 110.8 108.5 106.8 105.1 103.6 103.3 103.6 107.1 109.2 110 110.2 110.7 111.4 112.1 112.9
142.1 143.2 143.6 144.3 144.5 144.7 145.2 145.7 145.5 145.1 144.8 144.3 143.8 143.3 142.5 141.7 140.9 140.5 139.6 141.9 139.4 138.8 138.2 137.1 135.5 134.8 131.9 129.5 131 132.6 133.4 133.2 133.8 133.9 133.4 132.9 132.6 132.3 132.1 131.7 131.4 131 130.1 127 128 129 129 128.9 128.9 128.8 128.8 128.6 127.9 127.2 126.5 125.8 124.5 122.7 120.9 119.1 117.5 115.9 114.7 115.2 113 112.1 111.3 109.2 107.6 106.1 104.6 103.4 103.8 104.8 107.5 108.2 108.8 108.9 109.3 110 111.1 112.4
140.3 141.3 142.2 142.8 143.5 143.9 144.7 145.5 145.6 145.6 145.5 145.2 144.7 143.9 139.5 139.4 139.2 140.5 140.2 139.5 142.3 139 138.2 136.3 134.3 132.3 133 133.6 134.2 136.1 135.6 135 135.1 134.6 134.1 133.5 133.3 133.1 132.9 132.7 132.5 132.2 131.6 130.8 130.5 130.3 130.2 130.2 130.1 129.5 128.9 128.6 127.9 127.2 126.5 125.8 125 123.4 121.8 120.3 118.7 117 115.4 115.5 113.3 111.1 110.2 108.6 107.1 105.5 104 103.7 104 105.1 106.8 107.2 107.4 107.5 108.3 109.5 110.8 112.1
137.9 139.4 140.4 141.1 141.8 142.8 143.6 144.1 144.4 144.3 144.4 144.7 145 142.4 143 138.8 138.8 140.6 140.8 140 139.4 141.6 138 135.7 135.3 136 137.5 137.6 137.6 137 136.5 135.9 135.4 134.8 134.2 133.5 133.8 133.8 133.6 133.4 133.4 133.3 132.9 132.2 131.7 131.2 130.7 130.1 129.6 129 128.4 128.4 127.9 127.2 126.5 125.8 125.5 124.6 123 121.4 119.8 118.2 116.5 115.7 113.6 111.4 109.4 108.3 106.5 105 103.6 103.9 104.3 105.3 105.7 105.6 106.3 107.3 108.4 109.5 110.6 111.9
134.6 136.7 138.2 139.4 140.3 141.3 142.1 142.4 142.7 143 143.3 143.7 144.1 142.8 143.5 134.5 134.5 140.6 141.5 140.3 139.2 139.2 141.2 137.6 137.2 139 138.9 138.2 137.6 137 136.4 135.9 135.3 134.7 134 133.3 133.5 133.9 134.2 134 133.8 133.5 133 132.3 131.5 130.8 130.2 129.6 129.1 128.5 128 128.1 127.9 127.2 126.4 125.7 125.6 125.4 124.2 122.5 120.9 119.3 117.7 116 113.9 111.6 109.7 108 106.3 104.5 103.8 104.2 104.5 104.7 104.9 105.3 106.3 107.3 108.4 109.5 110.7 111.8
131.8 133.7 135.1 137.6 139.3 140 140.6 140.9 141.2 141.6 141.8 142.3 141.8 142 141.9 134.5 134.5 140.5 141.2 141.3 140.4 140.5 139.1 141.1 139.2 139.5 138.5 137.8 137.3 136.7 136.2 135.8 135.2 134.6 133.9 133.2 133.2 133.6 134 134 133.7 133.3 132.8 132.1 131.3 130.3 129.7 129.1 128.6 128 127.6 127.7 127.8 127.1 126.4 125.8 125.6 125.4 125 123.2 121.5 119.7 118 116.1 114 111.7 110 108.3 106.1 104 104 104.3 104.6 105.1 105.5 105.6 106.3 107.4 108.4 109.6 110.7 111.8
126.4 127.7 131.3 135.7 137.1 138.3 139.1 139.5 139.8 140.3 140.7 140.5 138.2 140.8 140.4 134.5 134.5 140.2 140.9 141.3 140.9 139.8 138.8 138.7 139.9 139 138.1 137.5 136.9 136.4 135.9 135.5 135 134.4 133.7 133 132.9 133.3 133.8 133.8 133.6 133.1 132.5 131.9 131 130 129.2 128.6 128.1 127.5 127.2 127.3 127.4 127.1 126.4 125.8 125.7 125.4 124.6 123.3 121.6 119.8 117.9 116 114.1 112 110 107.8 105.6 104.3 104.9 105.4 105.7 106.2 106.4 106.7 106.4 107.4 108.5 109.6 110.7 111.8
120 121.3 125.3 131.7 134.4 136.8 137.9 138.3 138.7 139.1 138.5 139.2 138.3 139.9 139.5 134.5 134.5 140 140.7 141 140.1 139.1 139.1 138.3 138.2 138.6 137.7 137.1 136.6 136.1 135.6 135.1 134.6 134 133.5 132.9 132.6 133.1 133.2 133.1 132.8 132.4 132.1 131.7 130.8 129.8 128.8 128.1 127.6 127 126.9 127 127 127.1 126.4 125.9 125.7 125 124.2 123.3 121.6 119.7 117.9 116 114 111.8 109.6 107.3 105.1 104.8 105.5 106.1 106.7 107.1 107.4 107.7 107.2 107.4 108.5 109.6 110.7 111.5
115.3 118.7 123.4 128.8 132.7 134.8 136.5 137.2 137.7 138.1 138.5 138.4 138.4 139.1 138.9 134.5 134.5 139.5 140.3 139.4 139.2 139.1 139 135.7 137.8 137.8 137.3 136.7 136.1 135.6 135 134.4 133.9 133.5 133 132.5 132.2 132.3 132.4 132.2 131.8 131.5 131.1 130.7 130.3 129.6 128.6 127.6 127.1 126.5 126.5 126.6 126.7 126.7 126.3 126 125.4 124.6 123.6 121.9 121 119.7 117.8 115.7 113 110.9 108.9 106.8 104.7 105.4 106 106.4 106.9 108 108.4 108.7 108.2 107.7 108.5 109.6 110.4 111.1
114.3 119.9 127.5 131.2 132.8 133.7 134.9 136 136.7 137.2 137.6 136.1 137.9 137 135.3 134.5 134.5 139.4 138.6 138.6 139.7 139.2 138.8 138.2 143.3 137.9 137.4 136 135.6 135.3 134.3 133.6 133.2 132.7 132.2 131.7 131.4 131.4 131.5 131.1 130.7 130.3 129.9 129.5 129.1 128.7 128.3 127.4 126.6 126.1 126.2 126.2 126.3 126.4 126.3 125.8 124.6 122.8 121 119.3 119 118 116.3 114.5 111.9 109.9 108 105.9 105 105.5 105.9 106.4 106.8 108 109.2 109.7 109.3 108.7 108.5 109.2 110 110.8
111.9 117.3 123.5 128.9 131.3 131.7 132.5 133.6 135.2 135.7 136 134.5 136.9 136.9 137.5 138.3 138.8 139.4 137 135.6 142.3 140 137.6 137 135.5 133.2 137.5 136.3 135.3 134.6 133.6 132.9 132.4 131.9 131.4 130.9 130.7 130.4 130.5 130 129.6 129.2 128.7 128.3 127.9 127.6 127.2 126.8 126.2 125.7 125.8 125.9 125.9 126 126.1 125.1 123.1 121.1 119.1 117 116.4 115.2 113.3 111.7 110.5 108.6 106.5 105.3 105.1 105.5 105.9 106.3 107.5 109.5 110.6 110.5 110.2 109.6 109.2 109.6 110.1 107.5
107.8 110.8 114.7 120 124.2 125.8 128.4 131.3 132.9 133.8 134.1 131.4 134.1 136.4 134.5 136.1 138.4 138.1 135 137.7 142.5 140 135.7 136.6 133.1 133.1 133.2 136.9 135.1 133.8 132.9 132.2 131.6 131.1 130.5 130.2 129.9 129.7 129.4 129 128.6 128.1 127.7 127.2 126.7 126.3 126 125.6 125.2 125.3 125.4 125.4 125.5 125.6 125.6 125.3 124.6 123.4 121.4 118.7 115.6 113.2 111.1 109.9 108.5 107 105.8 105.6 105.3 105.5 106 106.6 108.8 111 111.4 111.2 111 110.3 110.1 110.3 107.7 107
105.2 106 108.9 112.6 114.7 116.6 118.4 120 121.7 123.7 125.2 126.6 127.4 127.8 128.8 130.1 133 132.6 132.4 134.5 135.2 134 134.9 135.6 133 133 133.1 132.9 136 133.5 132.1 131.5 130.8 130.2 129.6 129.3 129 128.7 128.4 128 127.5 127.1 126.8 126.5 126 125.3 124.6 124.3 123.9 124.4 124.9 125 125.1 125.1 125.2 125.1 124.4 123.7 123 120.7 116.4 114 111.8 110.1 109 107.7 106.5 105.8 105.6 105.6 106 107.4 107.6 110.6 111.9 111.9 111.8 110.9 110.4 109.8 107.9 107.5
102.8 104.2 106.3 107.4 108.4 110.6 112.8 116.7 120.8 124.6 126.3 127.9 128 129.8 130.9 131.9 133.3 133.1 132 132.6 133.9 134.7 134.8 134.9 133.4 132.9 132.9 132.4 132.7 133.7 132.1 130.7 130.1 129.4 128.7 128.2 127.9 127.7 127.4 126.9 126.6 126.3 126.1 125.8 125.3 124.5 123.8 123.1 122.6 123.3 124.2 124.6 124.6 124.7 124.8 124.8 124.2 123.5 122.9 121.3 119 116.5 113.9 112.3 110.9 109.5 107.9 106.6 105.8 105.6 106.1 106.9 107.1 108.7 110.3 111.4 111.7 111 110.2 109.5 107.8 107.5
101.1 102.8 105 104.1 105 106.1 108.3 110.4 113.7 116.2 120.1 122.3 123.2 126.7 128.1 129.2 131 131.7 131.2 132.8 133 132.6 132.8 133.2 133.1 132.8 132.3 131.8 131.2 130.9 131 130.8 129.2 128.4 127.8 127.3 126.9 126.5 126.2 126.1 125.9 125.6 125.4 125.1 124.5 123.8 123.1 122.4 121.6 122.4 123.2 124.1 124.2 124.3 124.3 124.4 123.9 123.6 122.7 121.5 120.5 118.6 116 114.6 113.1 111.2 109.4 107.9 106.8 105.8 106.2 106.4 106.6 107.2 109.3 110.8 111.3 111 109.9 109.2 108.2 107.4
99.9 100.2 101.5 101.8 102.7 103.6 105 106.2 107.3 109.6 111.6 114.3 116 119.9 121.2 123.6 128.7 128.9 127.9 130.8 130.9 130.9 131.3 131.1 131.1 132.3 131.5 129.9 130.1 128.5 128.4 128.6 129.5 127.5 127 126.5 126.1 125.7 125.3 125.1 125.2 125 124.7 124.3 123.8 123.1 122.3 121.5 120.9 122 122.6 123.2 123.8 123.8 123.9 123.9 123.7 123.8 122.8 121.7 120.7 119.4 118.1 116.6 114.9 113 110.9 108.9 107.5 106.2 105.8 106.2 106.5 107.2 109.2 110.3 110.7 111 109.9 108.9 107.9 107.4
98.9 98.9 99.7 100.3 100.8 101.3 102.5 102.3 105.2 106.4 107.8 109.3 110.4 113.2 114.5 119.2 121.5 122.3 121.9 128.5 129.1 129.4 129.7 129.6 129 129.5 129.8 129.9 129.7 129.3 128.2 128 128.1 129.4 126.4 125.6 125.2 124.8 124.4 124.2 124 124.2 124 123.6 123.1 122.3 121.6 120.5 120.2 121.5 122 122.6 123 123.2 123.4 123.3 123.1 122.9 122.3 121.3 120.5 119.5 118.1 116.8 115.6 113.8 111.4 109 108.7 106.8 106 106 106.5 107.3 109.4 110.3 110.6 110.6 109.7 108.2 107.9 107.4
97.9 97.9 98.5 99 99.1 99.3 100.6 101.8 103.3 103.7 104.4 105.5 106.3 107.7 108.5 110.9 113.6 114.9 119.4 126.2 127.4 127.7 128 127.9 127.2 127.5 128.3 129.5 129.1 128.3 127.9 127.8 128.7 130.4 129.7 125.9 124.6 123.6 123.2 123.3 123.1 123 123.1 122.8 122.4 121.7 121.1 119.9 118.3 120.4 121.3 121.9 122.3 122.6 122.5 122.4 122.2 122 121.5 120.6 119.8 118.9 117.9 116.8 115.4 113.5 111 108.7 109.1 107.4 106.2 106.1 106.6 107.6 109.7 110.5 110.8 110.5 109.6 108.3 107.9 107.5
96.9 97.1 97.3 97.5 97.7 98.1 99.2 100.2 101 101.4 101.8 102.4 103.2 104.4 105.3 106.5 107.9 109.7 114.1 119.1 123.4 125.5 126.3 126.1 124.9 126.3 126.1 126.9 126.5 127 125.4 125.4 124.6 125.2 124.8 124.5 124.2 123.2 123.1 122 122 122 122 121.8 121.6 121.3 120.8 120 117.5 119.8 120.7 121.1 121.7 121.7 121.5 121.4 121.2 121 120.1 119.5 118.9 118.1 116.7 115.4 114.1 112 109.8 108.3 108.9 107.2 106.5 106.5 106.8 108 109.7 110.5 110.9 110.5 109.8 108.2 108 107.5
95.7 95.7 95.8 96 96.3 97 98 98.4 98.8 99.1 99.5 100.2 100.9 101.8 102.9 104.2 105.4 107.1 110.4 112.6 116.6 120.4 120.8 122.7 123.9 124.9 125.4 124.9 124.6 125.2 123.9 123.7 123.6 124.4 124 123.6 123.5 122.7 122.3 121.6 121.2 120.7 120.7 120.5 120.4 120.2 120.2 119.1 116.9 119.7 120.4 120.9 120.8 120.5 120.2 120 119.8 119.6 118.5 117.8 117.1 116.2 114.7 113.4 112 110 108.8 108 108.1 106.7 107.1 107 107.1 108.4 109.8 110.4 110.6 110.5 109.5 108.9 108.3 107.8
95.3 94.9 94.8 94.9 95.4 96.1 96.7 97.2 97.6 97.7 97.9 98.6 99.3 99.8 101.4 102.8 104.3 106.3 108.7 112.5 115.2 117.5 120.2 122.8 123.3 124.2 124.6 124.1 124 123.9 123.8 123.1 123.1 123.2 123.1 122.8 122.7 122.2 122.1 121.3 120.5 119.3 119.6 119 119.2 119 119 117.5 117 119.4 119.9 120.1 119.9 119.3 119 118.7 118.5 117.9 116.7 116.7 115.3 113.9 112.3 111.1 109.7 108.5 107.9 107.7 107.7 107.1 107.7 107.8 107.7 108.2 109 109.7 110.1 110.5 109.3 109 108.5 108.4
94.1 93.8 93.9 94.4 95 95.5 95.9 96.3 96.6 97.1 97.3 97.5 97.8 98.9 100.4 102 103.5 106.4 110 114.6 119.4 121 122.6 122.5 122.6 123.2 123.7 123.4 123.2 122.9 122.3 121.8 121.6 121.7 122.1 121.9 121.8 121.8 121.8 121 120 119.3 118.8 118.5 118.4 117.2 116.5 116 117.4 118.9 119.2 119.3 119 118.2 117.8 117.5 117.7 118 116.7 116.3 114 112.3 111.2 110.2 109 108.4 108.1 108.2 108.2 108.5 109.1 109 108.8 108.5 109.3 110.1 110.3 110.2 109.3 109.1 108.8 109
93.4 92.9 93.4 93.9 94.5 94.8 95 95.4 95.7 95.7 95.9 96.8 97.6 99.3 100.8 102.4 104.9 107.7 112.7 116.2 120 122.3 122.3 122.2 122.1 122.1 122.8 122.6 122.1 121.4 120.7 120.3 119.9 119.9 120.1 121.1 118.7 118.7 118.6 120.8 120.1 119.6 118.3 117.6 117.5 117.4 116.3 115 114.7 117.7 118.4 118.6 118.1 117.3 116.7 117.2 117.7 117.4 116.8 116.1 114 112 110.8 109.9 108.9 108.6 108.2 108.4 109 109.6 110.4 110.3 109.9 109.6 110.2 110.8 111 109.9 109.5 109.2 109.2 109.3
92.5 93.3 93.4 93.5 94.1 94.2 94.4 94.6 94.8 95 95.7 96.7 97.6 99.7 101.6 103.6 106.2 111.6 115 119.4 120.6 122.2 122.4 122.3 122.1 121.9 122 121.4 120.9 120.3 119.6 119.4 119 119.2 119.3 119.5 118.7 118.6 118.5 120.7 121.1 119.3 118 116.6 116.7 116.7 115.2 114.5 115.3 116.8 113.2 113.7 117 116.3 116.2 116.6 116.8 116.7 116.1 115.4 114.2 111.6 110.9 110.2 109.3 109 109 109.8 110.4 111 111.6 111.6 111.3 111 111.3 111.9 112.1 110.5 110 109.9 109.7 109.7
92.4 93.4 93.7 93.7 93.6 93.7 93.8 94 94.3 95 96 97.1 98.7 101.3 104.5 108.6 110.2 112.5 117.3 120.9 122.1 122.5 122.7 122.6 122.5 122.3 122.1 121.5 120.7 120 119.4 119.3 118.5 118 116.6 118.8 118.5 118.5 118.4 120.4 120.8 119.1 116.7 115.6 115 114.8 113.6 113.1 114.3 115.2 115.3 115.9 111.8 111.2 114.6 115.1 115.6 115.6 115.4 114.5 113.6 112.5 111.3 110.4 110 109.7 109.9 110.9 111.5 112 112.4 112.6 112.6 112.4 112.5 112.5 111.4 110.3 108.5 108.5 108.5 108.5
92.4 93.1 93.2 93.6 93.7 93.4 93.3 94 94.9 96.6 98.2 99.1 101.6 106.4 111.9 116.5 116.8 116.3 118.1 121.1 122.5 122.9 123 122.9 122.8 122.5 122.2 121.9 120.9 120.2 120.1 119.8 119.4 118.6 117.6 116.6 116.1 118.8 118 116.4 115.3 115.1 115.5 115.1 114.1 113.9 113.3 112.6 112.1 112.1 112.7 113.6 114.4 113.7 112 110.2 114.2 114.4 115.1 115.1 113.4 112.3 111.6 110.8 110.1 109.9 110 111.4 111.8 112.4 112.8 112.6 112.8 112.8 112.7 112.6 111.5 110.8 108.5 108.5 108.5 108.5
92.4 92.7 92.9 93.5 95.1 95.9 95.6 97.6 99.8 101.2 101.7 102.7 107.9 112.7 118.1 120.2 120.5 120.3 120.2 121.2 123.2 123.3 123.2 123.2 122.9 122.5 122.2 121.9 121.2 120.4 120.7 120.5 120.2 119.4 118.6 117.8 117.2 116.5 116.1 115.8 115.9 115.6 115.7 115.5 114.6 114.7 114.5 113.5 112.8 112.4 111.4 111.3 111.6 111.3 111.1 111 110.3 109.5 113.7 113.9 113.3 112.6 112.2 111.2 110.2 110 109.8 111.1 112 112.5 112.5 112.6 112.8 112.9 112.9 112.1 111.4 109 108.5 108.5 108.5 108.5
91.9 92 92.1 92.8 94.7 96.5 98.1 102.9 108.2 111.1 109.7 108 111.2 116.4 118.9 120.1 120.9 121.3 122.3 122.9 124 123.6 123.5 123.4 123 122.6 122.3 122 121.6 121.2 121.4 121.3 121 120.2 119.5 118.3 117.4 117.7 117.5 117.2 116.7 117.2 117.1 116.8 116.3 116 115.7 114.8 113.9 112.8 111.6 110.9 110.5 110.6 110.2 110.8 110.5 110.2 109.2 111.9 113 113 112.4 111.2 110 109.6 109.3 110.7 111.6 112 112.3 112.6 112.7 112.9 112.2 111.7 111.8 111.3 110.5 110.1 109.9 109.3
91.1 91.3 91 91.5 93.8 95.7 98.6 107.9 116.4 117.4 115.5 113.4 112.8 117 118.8 120.5 122.5 122.7 123.4 124.1 125.4 125.1 124.4 124.1 123.6 122.9 122.4 122.1 122 122.3 122.2 121.9 121.2 120.6 119.7 118.9 118.1 118.1 117.9 117.6 118.4 118.6 118.3 117.9 117.4 116.8 116 115.1 114 113 112 111 110.5 110 109.6 109 108.8 108.7 108.6 108.9 108.6 112.5 111.9 110.7 109.5 109 108.9 110.3 111.2 111.6 111.8 112.1 112.3 112.5 111.4 111.5 111.6 111.6 109.8 109.1 108.8 108.8
90.6 90.6 90.5 92 93.5 95.4 98.4 106.1 115.5 117 117.9 117.3 116.3 118.4 119.5 121.2 123.3 123.6 124.2 124.8 125.1 125 124.7 124.4 123.8 123.1 122.6 122.4 122.3 122.9 123 122.3 121.5 120.9 120.3 119.6 118.8 118.6 118.5 118.8 118.9 119 118.6 118.2 117.5 116.7 115.9 115.2 114.2 113.1 112.2 111.4 110.7 110 109.4 109.1 108.9 107.8 107.8 108.3 108.7 108.2 111 109.5 108.6 108.2 108.5 109.8 110.8 111.2 111.4 111.5 111.7 111.7 110.7 111.2 111.4 111.4 109.4 108.7 108.6 107.9
90.4 90.8 91.2 91.9 93.4 95 96.8 99.7 106.3 113.7 116.7 117.7 119.2 120.4 121 121.2 122.7 123.1 123.3 124.1 124.4 124.7 124.6 124.4 124 123.3 122.8 122.6 122.9 123.2 123.1 122.9 122.1 121.2 120.5 120 119.4 119.1 119 119.2 119.3 119.2 118.2 117.9 117.5 116.7 115.9 115.3 114.3 113.3 112.6 112 111.3 110.7 110.3 109.9 109.3 108.5 108 107.3 107.4 108 108.2 108.5 107.7 107.4 107.8 109.1 110.2 110.5 110.7 110.9 111.1 111.1 110.2 109.6 109.4 108.6 108.3 108.1 107.7 106.9
90.4 90.9 91.9 92.4 93.4 94.2 95 96.4 98.7 105.8 111.9 116.4 117.8 120.1 121.4 121.5 121.9 122 122.4 123.1 123.8 124.1 124.2 124.3 123.9 123.3 122.9 122.5 122.8 122.8 122.8 122.5 122.1 121.5 120.8 120.2 119.8 119.4 119.4 119.3 119.3 118.4 117.8 117.6 117.4 116.7 116 115.3 114.5 113.8 113.2 112.6 112 111.6 111.2 110.6 110 109.4 108.9 108.5 107.4 106.9 105.9 107.1 107.7 106.8 107.2 108 109.3 109.7 109.9 110.1 109.9 109.9 109.8 109.3 108.6 108.5 108.1 107.7 107.1 105.9
