data/SU22.asc
ncols 200
nrows 200
xllcorner 420000
yllcorner 120000
cellsize 50
[rows 108 to 143 of 200, columns 0 to 81 of 200]
85.2 86.3 88.1 90.4 92.8 96 99.8 108.8 117.6 125.9 133.2 138.5 142.7 144.7 145 142.7 140.3 137.4 134.8 132.4 129.4 127 124.6 122.3 119.9 118 117.6 116.4 116.7 114.4 115 117.7 120.2 121.4 123.1 125.1 126.3 125.1 126.3 125.5 123.2 120.7 119.3 117.6 116.7 115 111.1 107.7 104.6 105.2 105 105.7 104.5 103.2 102.1 97 97.8 103.2 106.2 107.7 108.2 107.3 104.8 102.6 100.1 96 91.3 86.6 82 81.1 80.9 87.7 96.8 99.2 101.7 103.5 105 105.9 106.6 106.2 106.5 106.9
84.5 85.3 87.2 88.9 90.5 93.5 98 107.6 117 125 133.1 138.7 143.6 144.9 144 141.4 137.5 134.3 131.2 127.4 125 122.3 119.9 117.5 115.2 112.1 112.2 111.4 110.6 110.2 113.1 114.5 116.2 117.4 119 120.7 123 122.2 124.7 124 122.5 120.1 118 116 114.5 113.2 109.6 106.1 105 101.7 100.9 100.7 100.7 100.3 99 96 93.9 99.2 103.1 104.6 106.6 105.8 105.1 103 101.1 97.3 94.7 87.9 82.5 79.5 81.7 89.6 95.5 98.7 100.5 101.8 102.4 103 103.7 103.3 103.7 104
83.8 84.4 85.5 86.2 87.3 91 97.8 106.4 117.1 125.5 134.3 139.6 144.4 144.4 144 137.7 133.4 130.2 126.5 122.9 120.5 117.9 115.2 112.8 109.6 107.3 107.6 106.4 106.1 106.9 111.3 111.3 112.5 113.5 115 117 119 120.8 120.4 120.7 121.3 119.3 117.3 115.4 112.4 110.1 108.6 107.7 106.8 103 100.4 97.1 96.2 95.6 95.8 94.1 91.1 95.7 101 103.4 104.7 103.9 103.7 102.2 100.5 98.8 94.8 88.2 83.6 78.8 82.1 89.1 93.5 97.6 98.9 98.9 99.5 100.1 100.8 101.3 100.7 100.5
81 81.6 82.9 85.3 89.1 95.6 102.3 109.3 117.8 128.5 136 141.3 145.7 146.3 146.4 141.8 136.6 131.7 127.8 124 118.1 116.5 115.7 115.1 114.5 113.5 111 107.7 104.8 108.4 114.8 113.6 109.2 110 111.5 113.5 115.3 116 116.2 117.3 117.9 118.1 116.2 114.5 111.5 108.9 108.8 108.8 108.5 105.8 102.8 99.6 97 94.9 92.1 90.8 88.8 93.5 98.2 102 102.6 102.3 102.1 101.3 99.7 97.2 93.7 88.2 82.1 77.2 81 87.5 91.9 94.3 96.3 96 96.6 97.6 97.6 97.6 97.6 97.4
77.2 79.6 82.9 86.1 90.1 97.5 105.3 117.2 125.6 133.9 138.9 144 147.6 148.2 149 146.9 144.4 140.5 134.5 128.4 123.5 120.9 119.9 118.4 116.4 114.2 111.5 109.2 110.4 115.9 118.9 119.2 112.4 107.6 107.7 109.8 111.2 112.1 112.7 113.3 113.6 113.9 115.2 113.4 110.4 106.6 107.4 108.8 108.7 106.4 103.9 101.3 98.4 96.3 93 90.3 87.8 90.2 94.3 98.5 100.2 100.5 100.5 100.4 98.3 96 93.8 88.4 82.5 76.4 78.3 84.6 89.8 92.4 93.6 92.5 94.4 94.4 94.4 94.1 94.2 94.4
78.5 81.1 83.5 86.1 89.7 99.3 112.3 121 129.4 136.8 141.9 146.6 149.9 150.6 151.4 149.5 146.3 143.4 138.8 133.9 129.8 125.4 122.1 119.2 116.6 113.9 110.4 106.1 111.3 110.4 113.2 116.8 114.3 107.3 104.9 105.9 107.9 108.7 109.8 110.5 111.2 111.1 112.8 111.9 109 106 105.8 108.3 108 106.9 104.6 102.2 98.9 97.3 95.7 92.5 88.8 85.9 90.2 94.9 96.7 98.2 98.4 98.6 97 95 92.5 87.5 81.2 75.1 77.6 81.7 87.7 89.9 90.9 89.4 90.3 90.7 90.6 90.5 90.6 91.2
80.6 82.9 85.3 88 96 106.8 115.7 124.4 132.2 138.1 143.1 147.7 150.9 153.5 153 151 149 146.5 141.7 137 132.4 127.9 123.4 119.6 116 112.8 108.7 105.3 105.1 103.5 103.1 107.5 107.8 100.4 100.9 102.3 104.1 105.3 106.8 108 109 109.9 110.4 108.8 106.6 104 103.6 106.8 107.2 106.2 105 103 99.6 98.8 97.2 95.6 92.2 87.1 84.6 89.7 92.6 95 96.8 96.9 95.2 93.4 91.5 87.2 80.9 74.9 77.4 81.2 85.2 86.8 88 87.9 87.3 87.7 87.4 87 87.1 87.9
82 84.6 87 91.6 101.5 110.9 117.6 127.2 133.7 139.4 144.2 148.6 150.8 152.9 153.6 151.3 148.9 147 143 138.3 133.8 129.1 123.7 119.1 115.5 112.1 108.4 105.8 104.1 102.2 100.1 100.4 100.1 96 97.1 99 100.6 102 102.8 104.8 106.1 106.6 106.3 106 105.1 101.8 101.7 105.2 106.1 104.9 103.7 102.2 101.4 100 98.1 96.2 93.4 88.4 83.2 79.9 86.7 91.6 94.3 95.1 93.7 92.2 90.6 87.4 81.1 75.9 72.9 77.2 81.6 83.8 85.2 85.5 85.6 85.5 84.5 84 83.6 84.4
83.5 86.1 89.4 96.9 105.8 113.8 122.2 128.7 134.3 139.7 144.3 147.5 149.8 154.2 151.6 150.8 148.7 146.9 144.2 139.7 135.1 129.8 124.4 119.5 114.9 113 111.5 109.6 107.4 104.8 102.2 99.9 96.7 93.7 93.8 95.5 96.7 98.2 100.2 100.5 103 103.3 103.2 103.1 102.7 99.4 100.6 104.1 104 103.1 100.2 99.7 99.2 98.5 97.2 95.9 94.4 89.4 84.7 80.3 80.8 87.5 91.4 92.9 92.5 91 89.3 87.4 82.1 77.2 74.2 73.5 78.1 80.5 82.8 83.2 83.2 82.9 81.5 81.1 80.6 80.8
84.9 87.8 93.7 100.3 108.2 117.3 122.1 128.8 134.5 139.2 143 145.7 148.4 149.3 149.7 149.5 148.6 146.8 144.9 141 135.9 130.5 125.2 120.5 118.6 116.9 115.5 112.6 109.9 107.6 104.9 102 99.1 96 92.2 92.2 92.8 94.9 97 97.9 98.5 99.5 100 100.2 99.1 96.6 100 101.8 101.7 100.5 97.6 97.1 96.5 96 95.1 93.8 92.5 90.6 85.8 81.1 78.4 84.2 89.1 90.7 90.5 89.8 88.1 86.8 83.6 78.6 75.7 71.5 75 78 80.8 81 80.5 80 78.4 77.9 77.6 78.3
86.8 91.2 98.7 106.4 112.7 118.9 123.2 128.6 134.5 137.5 141.6 143.8 145.6 146.8 147.2 147.2 147.3 145.8 143.7 140.6 137.1 131.9 127 123.5 121.7 119.6 117.2 114.3 112.2 110.1 107.6 104.3 101.3 98.8 94.8 91 90 91.3 93.7 94.6 95.4 95.7 96.6 96.7 95.6 96.1 100.1 100.9 99.2 96.7 95 94.5 93.9 93.4 92.9 91.7 90.4 89.1 85.8 81.9 77.5 81.6 86.2 88.5 88.4 87.9 87.5 86.2 84.2 79.5 73.5 70.6 72.6 75.5 78.7 78.1 77.1 77 75.8 75 76.8 78.3
90.4 95.7 103.2 109 115.5 120.4 124.7 129 134.3 135.7 140.1 141.2 142.7 144.2 144.7 145 145.1 144.6 142.3 139.7 136.3 132.4 128.7 125.3 122.4 120 117.4 115.3 112.9 110.3 108.4 106.1 103.2 101.7 97.4 93.2 89.4 88.3 90.4 91.4 92.2 92.6 92.6 93.2 93 96.4 98.7 98.2 96.5 94 92.3 90.5 89.9 89.4 89.5 89.2 88.2 86.9 84.2 80.9 77.1 78.6 83.3 86 86.3 85.9 85.4 85.7 84.1 78.7 73.6 69 70.2 73.6 76.4 75.2 74 73.6 75.4 75.8 78.8 83.1
93.2 99.4 105.6 111.4 116.6 120.8 125.2 129.8 132.8 134.3 134.9 136.5 138.4 140.4 142.4 142.7 143 142.5 141.2 138.8 135 130.3 126.1 122.6 120.2 117.3 114.5 112.2 110.7 109.4 108.1 107.4 106.5 104.6 99.6 94.1 88.9 88.1 87 88.1 89 89.1 89.4 89.3 91.7 95 96.1 95.4 93.8 91.3 89.7 87.7 85.7 85.6 86.3 85.8 85.2 84.6 82.7 79.6 76.7 75 81 83.1 83.6 83.7 84.2 84.8 83.8 79.4 75.9 72.2 68.4 69 74 73 71.7 72.3 75.2 79 83.5 84.8
95.5 101.5 107.3 112.1 117 121.7 125.6 128.3 131 132.4 132.4 133 134.2 136.5 139.9 140.4 140.3 139.7 138.8 136.8 133.1 128.2 123.4 120.2 117.3 114.6 111.6 109.2 107.5 105.9 106.9 107 106.6 105.6 101.7 97 90.7 89.7 86.3 85.5 85.8 86.1 86.4 86 89.1 90.8 93.2 93.6 91.6 88.6 86.5 84.5 82.5 82.4 83.1 82.5 81.9 81.2 81 78 75 74.1 76.8 80.3 80.8 81 81.9 82.9 82.8 80.5 76 71.8 67.8 68 70.5 70.4 70.6 73.8 78.9 82.9 85.1 85.1
96.7 101.9 107.4 111.9 116.3 120.2 123.7 126.2 128.9 129.7 129.9 130.8 131.2 133 135.8 138.2 136.4 136 135.8 134.4 131.6 126.5 121.1 117.5 114.3 111.8 108.8 106.2 103.5 102.4 103.3 107.9 107.5 106.7 104.6 100.1 94.4 92.1 89.3 86.6 84.2 83 83.3 84.3 86.6 88 88.2 90.1 88.9 86.8 83.6 81.4 79.4 79.2 79.8 79.2 78.3 78.2 78 76.1 73.6 72.6 73.6 76.4 77.5 78.9 79.9 80.9 80.9 79.7 75.2 71.2 67.2 66.9 68 68.8 71.8 77.2 81.3 83.4 83.7 83.2
97.1 102.4 107.3 111.1 114.8 118.7 121.8 124.1 126.4 126.8 126.4 126.8 127 130.1 132.4 131.2 131.5 133.3 134.2 132.3 129.5 125.3 119.9 115.6 112.5 110.6 108.4 106.9 105.9 105.1 104.9 108.7 108.3 107.2 105.2 102 98.4 95.2 92 89.2 86.7 84.3 81.8 81.7 83 85.1 85.5 85 84.8 84 81.4 78.2 76.3 76.1 76.3 75.4 75.3 75.2 74.9 74.5 72.3 71.2 72.5 73.7 74.7 76.2 77.8 79 80.1 79.4 75.3 71.4 67.4 65.8 66.4 68.5 73.5 78.1 80.8 81.9 82.1 81
97.2 102.5 106.4 110 113.5 117.2 119.9 122 123.3 123.3 122.4 122.6 124.1 127.2 129.6 128.7 129.2 131.6 131.8 130.8 128 125.5 119.9 116 113.4 111.2 109.8 108.5 107.5 107.3 107.9 109.4 108.1 106.8 105.1 103.3 100.7 98.4 95.3 92.9 90.3 88 84.9 81.7 79.5 81.3 81.8 82.7 81.4 82.2 78.5 76.4 74.2 73.5 72.7 72.6 72.2 72.1 72.3 72.5 70.8 70.3 69.8 70.8 71.9 73.2 74.8 76.4 79.4 78.4 75.3 71.7 67.6 64.7 65.9 70.3 75.2 77.5 79.2 80.1 80.1 78.9
97.3 102.1 105.6 109 112.4 115.2 117 118.8 120.5 120.1 118.4 118.3 121.3 124.5 128.1 129.2 129.6 129.4 129.3 129.2 126.6 124.3 120.5 117.4 115 113.4 111.9 110.4 109.1 108.8 109.1 108.6 107.7 106.5 104.7 102.7 101.8 100 97.9 97.2 94.3 91.4 88 84.4 80.9 78.9 79.3 79.6 78.8 78.2 76.2 74 73.3 73.7 72.3 71.8 71.6 70.8 69.8 70.1 69.1 69.4 68.2 68.3 69.1 70.2 71.8 73.7 75.6 75.4 72.9 69.8 66.7 64.5 65.8 69.5 73.2 75.4 77 77.9 78.2 77.3
97.5 101.2 104.6 107.3 110.3 112.4 114.2 115.8 117.6 117.4 114.9 115.1 118.2 121.6 125.9 129.2 127.8 127.5 127.3 127 125.5 123.2 121.3 119.2 117.3 115.7 114.2 112.1 109.9 108.8 108.5 107.6 106.7 105.8 104.1 102.3 101.5 100.7 99.2 97.8 96.1 93.3 89.7 86 82.8 80.2 78.5 78.1 77.6 76.2 77.1 76.6 79.1 76.9 75.6 73.4 73.3 72 70.4 68.9 68.2 68.2 66.7 66.3 66.8 67.4 69.1 70.5 71.1 71.3 70.5 67.9 65 63.1 63.6 67.2 70.2 72.6 74.3 75.3 75.5 75.9
96.6 99.8 102.5 105.2 107.5 109.6 111.5 113.1 115.2 114.5 111.7 112.2 115 119.1 124.2 126.6 126.2 125.9 125.7 125.4 123.9 122.2 121.4 120.6 118.6 116.4 114.2 112 109.8 108.2 107.5 106.6 105.7 104.8 103.3 102 101.2 100.3 99.5 97.3 97 93.6 91.3 87.7 84.7 82.7 82 81.6 80.3 79 79.4 79.1 82 79.9 77.1 75.2 74.8 73.2 71.9 70.3 68.8 67 65.3 64.7 64.9 65.7 66.2 66.6 67.3 68.4 67.4 65.9 64.1 62.3 63.2 64.4 67.2 69.8 72.3 73.2 72.8 72.7
94.6 97.6 100.7 102.8 104.7 106.8 108.8 111.3 113.5 112.9 108.9 109.1 112.4 117 121.6 124.2 124.6 124.4 124.1 123.9 122.3 120.9 120.3 119 116.8 114.9 112.7 110.5 108.3 107.1 106.3 105.5 104.7 103.8 102.7 101.9 101 99.7 98.4 98.1 96 93.2 91.5 89.4 87.7 86.5 85.6 84.2 82.8 81.6 83.1 83.1 81.3 81.2 78.9 77.2 76.3 75 73.4 71.7 70.1 67.7 65.3 64.6 63.9 63.8 63.8 63.8 64.1 65.5 64.2 63 62.4 62.4 62.4 63.4 66 69.8 71.4 71.2 70.2 69.8
93.3 96.3 98.4 100.1 101.9 103.6 106.9 109.9 111.1 110.1 106.8 107.9 112.6 119.3 121.1 122.9 123.3 122.9 122.6 122.3 120.9 119.7 119.2 117.3 115.1 112.8 110.6 109 106.8 105.8 104 102.7 102.2 101.8 101.3 100.6 98.8 97.5 96.5 95.3 93.6 92.3 90.8 90.5 90.8 89.1 87.4 86.1 84.8 84.3 84.3 86.1 85 81.9 81.6 79.3 77.9 76.3 74.6 72.2 70.7 67.8 65.4 64.8 64 63 62.5 62.1 62.5 62.5 61.7 61.5 61.3 61.5 62.2 62.7 66.2 68.9 69.7 69.1 68.5 66.3
91.9 94.9 95.9 97.2 98.3 102.4 106 107.3 108.2 106.4 103.2 106.7 112.6 117.3 121.1 122 122 121.6 121.2 120.8 119.3 117.9 117.1 115.6 113.4 111.1 108.9 106.6 104.8 102.2 101.3 100.4 100.8 99.7 99.2 98.3 96.6 95.5 94.2 92.9 91.5 91.8 90.7 91.1 91 90.3 89.1 87.9 86.8 86.6 87.7 91.2 90.4 85.3 81.3 80.4 78 76.4 76 72.7 70.5 68 65.5 65.2 64.3 63.3 63.1 62 61.1 61 61 60.8 60.6 60.2 60.7 63.1 66.3 67 67.1 66.5 65.6 64
90.6 93.4 93.4 95.7 98.3 101.6 104 105.3 105.3 103 100.3 106.2 112 117.4 120.3 121.1 120.5 120 119.1 117.4 115.6 114.8 114.2 113.6 111.6 109.4 107.2 105.3 103.1 99 97.9 97.2 97.3 97.4 96.9 95.8 94.5 93.2 91.8 90.4 89 91.7 91.2 91.6 91.1 90.9 90.8 89.9 88.9 89.1 90 92.8 90.4 86.2 82.1 79.5 77.9 75.2 73.4 71.3 69.3 67.7 63.7 66.1 65.4 64.1 63.6 62.8 62.1 60 60 60 59.7 59.1 59.9 62.9 63.4 65 64.5 63.7 62.7 62.7
89.4 90.9 91.3 94.5 97.7 100 101.9 102.5 101.8 99.5 101.2 106.7 112.2 117.4 119.9 120 119.3 118.2 115.4 113.6 112.1 111.7 111.4 111 109.6 107.8 106 104.1 101 97 94.5 93.5 93.5 94.2 94.9 93.5 92 90.5 89 87.5 86.8 87.7 91.1 92.9 93.6 92.2 91.6 91 90.9 91 89.9 89.2 87.2 83.4 80.5 77.9 76.4 73.4 71.5 69.9 70 69.9 69.1 68.5 67.2 65.4 63.9 64.5 64.2 63.1 60.8 60.1 58.2 58.3 59.3 60.9 63 64.3 61.9 59.5 59.9 60.6
88 88.5 90.8 93.6 95.8 98 99.8 99 97.8 96.6 100.7 106.7 112.2 117.8 118.2 118.6 117.6 115.9 112.5 110.1 108.8 108.5 109 108.1 106.8 105.5 104.6 102.2 98.8 94.6 91.3 89.5 90.1 91.7 92.8 91.9 90.1 87.9 86.1 84.5 84.5 86.7 89.7 92.9 93 92.6 92.1 91.5 90.9 90.7 89 88 84.6 80.9 78 76.2 73.8 74 72.9 72.6 72.1 71.3 70.6 69.8 68.8 67.8 66.8 66.1 65.7 65.2 62.8 59.6 57.9 57.9 57.9 59 62.4 62.2 60.4 58.4 57.8 57.6
85.5 87.4 90.1 92.4 93.7 95.9 96.4 95.5 94.7 95 100.5 106.3 112 118.5 116.7 116.6 115 112.5 109.6 106.5 105.5 105.6 106.6 105.3 104 102.8 101.7 99.1 95.5 93.2 89.6 86.9 87.8 88.6 90 90 88.4 85.9 83.8 82.8 84 87.5 89.9 91.3 92.9 92.4 92.3 92 91.5 90.6 88.5 85.3 82.9 81 79 76.9 75.3 74.8 74.1 74.3 73.2 72.2 71.4 70.6 69.6 68.7 67.9 66.2 64.2 63 61.4 59.4 57.8 57.3 57.3 59 62 62.1 60.3 58.2 56.8 56.5
84.2 86.3 88.5 90.6 92.2 93.7 93 92.5 92.2 95.6 101.1 107 112.9 117.9 115.8 114 112 109.1 106.3 103.5 102.3 102.8 104.1 102.9 101.7 100.6 99.4 96.9 95.2 93.5 89.9 86.9 84.6 85.4 87.7 87.1 85.9 84 82.1 80.8 83.1 87.2 91.1 91 90.2 90.1 89.9 89.8 90.7 91.2 89.4 86 83.8 81.8 79.7 76.5 76 75.5 74.7 74.1 74.1 73 72.1 71.3 70.5 69.5 69.1 67.6 65.4 65.6 62.8 60 57.5 56.8 56.8 59.2 62.3 61.1 60.1 58 55.9 55.8
82.5 84.1 86.3 88.1 89.7 90.3 90.9 90.2 92.5 97.8 103.8 109.4 114 116.2 113.8 112 109.3 106.2 103.4 100.9 99.2 100.1 101.4 100.6 99.4 98.5 97.1 93.6 92.7 93.1 90.6 87.4 84.6 82.6 84.6 84.9 83.9 82.3 80.5 78.8 82.9 87.6 91.7 89.8 88.8 87.7 87.6 88.9 89.8 90.3 89.1 86.7 83.7 81.7 81.1 79.4 75.8 74.7 73.2 73.6 75.3 73.9 72.9 72.1 71.2 70.5 70.3 69.7 67.2 66.4 63.4 60.3 57.4 56.5 56.8 59.6 63.8 62.4 59.3 57.1 55.2 56.7
81.1 82.5 84.2 85.7 86.5 86.7 87.2 89.9 94.3 100.8 106.4 111.9 114.3 115.3 112.7 110.9 108.1 104.3 100.6 98.4 96.5 97.4 98.5 98.3 97.4 96.4 94.5 91 90.5 90.8 89.5 87.3 84 81.8 81.7 82.6 81.9 79.9 78 77.7 82 86.2 89 87.5 86.5 87.1 86.6 87.8 88.5 89.1 88.4 85.6 82.7 80.4 77.6 76.5 73.8 74 72.2 71.5 71.5 73 73.6 72.7 71.5 72.6 72.3 71.8 68.2 65.9 62.9 60.2 57.9 56.1 55.9 57.7 61.8 60.6 58.3 55.9 55.1 58.2
79 80.1 81.3 82.8 84.1 84.9 87.9 91.7 96.9 102.5 108.3 112.4 114.6 114.3 111.9 109.8 106.8 103.1 99.5 96.2 94 94.6 95.4 95.1 94.3 93.5 92.1 88.7 88.4 87.6 86.8 86.2 83.3 81.2 78.3 79.4 79.9 78 76.4 76.5 80.5 84.8 85.8 84.6 82.3 83.5 84.1 85.1 86.6 88 87.3 82.8 80.5 78.6 77.3 75.1 71.5 71 70 68.7 69.2 70.2 71.7 73.8 73 74.5 75.5 74.5 69.5 65 62.7 59.9 58 56.7 55.4 56.1 57.2 57.8 56.3 54.9 55 58.6
77 78.2 79.3 80.9 84.1 87.2 91 94.3 98.7 102.8 106.1 110.6 113.3 113.8 111.3 108.7 105.6 102 98.5 95.1 91.8 91.5 92.1 91.6 90.9 90.3 89.7 87 86.7 84.4 83.8 83.2 82.4 79.8 76.7 76.5 77.3 76.7 73.9 76.3 79.4 82.2 82.2 81.5 78.8 79.4 79.9 78.8 82.2 87.8 86.2 80.9 78.9 77 76.8 75.7 73.5 70.5 67.7 66.4 67.2 67.6 71 72.1 75.7 75.4 75 74.6 70 64.9 62.6 62.4 62.6 59.2 55.4 55.6 56.4 56.4 55.8 54.3 54.8 57.7
76.3 78.8 81.6 83.9 87.5 93.2 98.3 101.2 104.8 108.7 110.6 109.6 109.2 111 109.8 107.5 104.5 100.9 97.4 94.1 91.2 89.3 88.8 88.2 87.6 87.1 86.5 85.6 84.5 80.6 80.7 80.2 79.3 77.5 75.3 75.3 75.2 73.7 72.5 74.4 76.6 78.8 78.7 77.9 76.7 74.5 74.7 75 82 86.3 86.2 80.2 76 76 76.4 75.9 72.7 70.4 67.8 65.9 65.7 70.4 70.2 66.6 64.9 73.7 72.7 73.8 69.5 67.7 66.5 65.3 65.4 60 56.8 54.8 55.4 55.2 54.8 53.8 54.1 55.9
78.4 81.8 85.1 87.9 94.3 101.2 105.6 108.2 111.7 113.2 114.4 113.3 112.2 109.4 108 105.1 102.4 99.8 96.5 93.7 90.8 88.8 87.2 86.3 85.6 84.8 84 83.2 81.4 79 77.7 77 76.3 74.4 73.4 72.8 72 71.4 71.4 72.1 73.6 75.6 76.8 77.5 75.4 71.9 70.8 74.2 80.9 84 83.1 77.7 74.4 75.6 76.5 76 73.1 70.2 67.9 66 64.4 64.8 65.2 74.9 66.3 73.6 73.6 71.3 71 70.7 69.1 67.4 65 59.9 58.9 58.3 57.7 54.8 54.1 53.4 53.4 54
80.3 83.8 88.4 95.5 101.7 106.9 111.1 112.3 113.6 114.9 115.1 114.3 112.2 108.6 106 102.7 100.1 97.7 95.7 92.9 90.2 89.1 88 86.4 84.4 82.5 80.9 79.5 79.5 78.2 76.9 75.6 74.8 73.7 73 70.7 69.9 69.8 70 70.1 71.5 72.8 74.1 74.9 73.4 71.4 69.6 72.6 78.5 81.8 79.4 74.4 72.9 74.7 77 75.7 74 70.1 67.4 65.4 63.5 65.1 64.2 70 74.4 74.6 75.8 76.2 69.9 71.1 69.2 67.3 64.9 63.1 59.9 62.6 62.8 62.2 56.1 53.6 53 52.9
81.7 87.9 95.6 101.6 107.8 110.7 113.2 115.1 116.1 116.3 115.6 114.1 112.5 108.8 106.6 104.2 99.7 96.7 95.3 93.3 91.8 91.5 89.9 88.2 86.1 84.9 84.7 83.2 81.4 79.5 78.7 77.9 77.1 75.5 73.9 72.2 70.6 69.5 68.9 68.2 69.2 70.1 71.1 72.2 70.6 68.8 68.4 71.9 75.7 76.5 73.9 69.9 70.8 74.1 76.8 75.6 74.2 70.4 66.6 64.1 62.5 66.4 70 71.1 72.8 76.8 81.8 79.1 76.2 67.5 68.6 66.4 64.6 62.6 61.9 62.3 63 62.6 60.3 54.2 52.4 52.3
