data/SU38.asc
ncols 200
nrows 200
xllcorner 430000
yllcorner 180000
cellsize 50
[rows 70 to 104 of 200, columns 78 to 155 of 200]
150.7 146 148.8 153.2 156.9 158.4 158.2 158 157.9 157.3 156.1 155 153.9 153.2 152.6 151.8 151 150.8 150.7 150.6 150.7 150.7 150.6 150.5 149.2 148.3 147.6 146.9 146 144.6 143.3 142.1 139.5 137.3 135.2 133.1 130.6 128.6 128.2 127.9 129.5 131.4 133.2 134.4 135.6 137.6 138.4 139.1 140 141.8 142.4 142.5 141.1 139.4 137.6 135.8 133.8 131.8 129.7 127.5 124.6 121.8 119.2 117 114.8 112.6 110.4 108.4 106.8 105.5 105.3 105.2 104 102.5 102.4 102.7 102.5 101.9
153.1 150.7 151.9 155.1 157.7 160.3 160.1 159.8 159.1 158.2 157.1 155.7 154.5 153.4 152.8 152 151.9 151.8 151.6 151.5 151.5 151.5 151.4 150.1 148.1 146.4 145.7 145.1 143.8 141.7 140.1 138.8 135 133.2 133 132.8 131.6 130.4 130.4 130.7 131.8 133.9 135.5 136.7 137.8 139.4 140.2 141 141.8 143 143.4 142.1 140.8 139.6 138 136.2 134.2 132.2 129.8 126.8 124 121.2 118.4 116.1 113.9 111.7 109.7 107.9 106.5 105.9 105.6 105.3 105.5 104.4 103.3 103.3 102.7 102.1
156.1 153.7 157.5 158.7 159.5 161.4 161.5 160.8 160.1 159.1 158.2 156.9 155.5 154.1 153.1 153 152.9 152.7 152.6 152.5 152.4 152.3 150.9 148.8 147 145.2 143.8 143.2 141.7 139.9 138.1 135.9 134.8 134.9 135 134.5 134 133 133 133.8 134.6 136.3 137.9 138.9 140 141.1 142 142.8 143.5 144.2 143 141.5 140.1 138.9 137.8 136.6 134.7 132.1 129.1 126.3 123.4 120.6 117.7 115.2 113 111.1 109.2 107.6 107 106.3 105.9 107.1 107.6 106.5 105.4 103.8 102.9 102.3
160.8 159.1 160.7 161.2 161.9 162.8 162.7 161.8 160.7 160.1 159.1 158.1 156.7 155.3 154.9 154.8 154.5 154 153.8 153.6 153.4 151.7 149.7 147.6 145.8 144 142.2 141.3 139.7 138 138.3 138.2 138 137.6 136.4 135.8 135.4 135 135.8 136.9 137.7 138.8 140.1 141.2 141.4 141.6 142.3 143 143.5 142.5 141.9 140.9 139.4 138.3 137.1 135.9 133.8 131.2 128.5 125.7 122.8 120 117.1 114.4 112.5 110.8 109.2 108.6 108 108.1 108.1 109.2 109.8 108.7 107.5 106.1 103.9 102.8
165.1 163.9 163.5 164 164.5 164.8 163.3 162.3 160.5 160.2 159.8 159.1 157.9 157 156.8 156.7 156.3 155.8 155.2 155 152.9 150.6 148.4 146.5 144.7 142.9 141.1 139.4 139 139.4 140.2 140.8 140.2 139.1 137.9 137 136.6 136.2 136.8 138.1 139.5 140.9 141.1 141.3 141.6 141.8 142.5 142.6 141.7 140.8 139.9 139.4 138.8 137.6 136.4 134.1 131.5 128.9 126.4 123.9 121.4 118.6 115.8 113.8 112.4 110.9 111.2 111.2 111.6 111.6 111.5 111.4 111.9 110.7 109.5 108.3 106.2 104
167.8 169.8 169.6 167.8 167.7 166.1 164.2 162.5 161.3 160.7 160.1 159.6 159.1 158.3 157.5 156.9 156.7 156.4 156 153.8 151.5 149.2 147.2 145.4 143.7 141.9 140.2 139.2 140.2 140.7 141.2 141.5 141.4 140.5 139.3 138.3 137.8 137.7 138.1 139.1 140.5 141.4 141.8 141.7 141.7 142 141.7 140.8 139.9 139 138.1 137.5 136.8 135.6 134 131.7 129.1 126.6 124 121.6 119.1 116.6 114.1 113.8 113.1 113.3 115.2 115.4 114.5 114.6 114.6 114.6 113.9 112.7 111.5 110.3 108.5 105.6
174.5 175.9 173.6 172.6 170.6 168.1 166.1 164.9 164.1 162.6 162 161.5 160.3 159.2 158.4 157.4 156.9 156.2 154.5 152.1 149.7 147.6 146 144.3 142.8 141.4 140.6 140.5 141.3 141.5 141.9 142 141.8 141.7 140.8 139.6 139.1 139.1 139.6 140.1 141.3 142 142.5 142.4 142.3 141.3 140.1 139 138.1 137.2 136.3 135.6 134.4 133.1 131.2 129 126.8 124.2 121.7 119.2 116.9 116.9 115.9 115 114.4 116.9 119.2 119 117.7 117.3 117.3 117.3 115.5 114.3 113.1 111.3 108.7 104.8
181.4 181.7 179.3 177.2 174.8 172.5 170.3 169.7 169.6 167.6 165.6 163.3 161.6 160.3 159.4 158.4 156.9 154.9 153.1 150.6 148.1 146.8 146.3 145.1 143.7 142.3 142 141.8 142.4 142.4 142.6 142.4 142.3 142.1 142 141 140.3 140.5 141 141.5 142 142.5 143.2 142.5 141 140.1 139.4 138.3 137.2 136.1 135 133.5 131.9 130.7 128.5 126.2 124 121.8 120.2 120.3 120.3 119.2 117.9 116.6 117.8 120.5 123.2 122.5 121.2 120 120 119.1 117.2 115.9 113.8 111.2 107.3 105.8
189.1 187.6 186.5 184.7 182.5 180.2 177.9 176.4 174.8 172.5 169.4 166.5 164 162 160.3 158.8 156.7 154.5 152.5 149.9 148.1 146.4 146.2 145.9 144.6 143.4 143.3 143.2 143.3 143.4 143.1 142.9 142.7 142.6 142.4 142.3 141.5 141.9 142.5 143.1 143.5 144 143.6 141.8 140 138.9 138.7 137.6 136.5 135.4 134.4 132.9 130.9 129.3 127.8 126.1 124.4 123.4 123.5 123.7 122.5 121.2 119.5 117.2 120.7 124.4 126.9 126 124.6 123.3 122.7 120.8 118.8 116.4 113.9 111.3 106.6 109.3
195.6 195.3 194 192.1 190.1 187.8 185.4 182.3 179.7 176.2 172.5 169.3 166.5 164 161.7 158.9 156.6 154.3 152.1 150 147.8 146.2 145.9 145.7 145.5 144.7 144.6 144.3 144.7 144.3 144 143.6 143.2 143.2 143.2 143.2 143 143.5 144 144.6 144.7 144.3 143.7 141.9 140.1 138.9 137.8 136.9 136.1 135.4 134.8 133.6 132.2 130.6 129 127.7 127.2 126.3 126.3 125.6 124.3 122.1 119.9 119 123.7 128 129.2 128 126.8 125.6 123.6 121.1 118.7 116.4 114 110.9 106.1 112.3
203.1 202.6 201.3 199.5 197.6 195.2 190.6 186.8 184.2 180.4 177.1 173.8 170 166.2 162.3 159.1 156.1 154 151.8 150 148.4 147 147 146.7 146.4 144.9 144.2 145.1 147.1 147.3 147 146.6 146.4 146.3 146.4 146.3 145.4 145.3 145.7 145.3 144.9 144.5 143.7 141.9 140.4 139.3 138.6 137.8 137.1 136.4 135.5 134.3 133 131.6 130.2 128.7 128.9 129.2 128.5 126.7 124.9 123.2 121.5 124.6 127.6 130.9 130.5 129.2 128 126.8 123.9 121.4 118.8 116.3 113.9 110.4 106.3 113.5
210.5 209.9 208.6 207.1 204.6 200.4 195.7 191.2 188.4 184.7 181.6 176.4 171.8 166.8 162.4 159 155.6 153.5 151.6 150.2 148.9 148.5 148.5 148.4 147.2 145.7 145.6 147.2 149.2 150.3 150 149.7 149.6 149.5 149.5 148.7 147.9 147.1 147.6 145.9 145.1 144.7 143.8 142 140.8 140.2 139.6 138.8 138.1 137.4 136 134.9 133.8 132.4 131 129.6 130.3 130.7 129.1 127.3 125.5 124.2 124.7 128 131 131 130.9 130.5 129.3 127.1 124.2 121.6 119.1 116.6 114 109.9 108.2 117
217.1 217.3 216.2 213 208.6 204.3 200.5 196.3 192.6 188.7 183.9 178.9 172.4 167.5 161.6 158.6 156.1 155.5 153.8 151.6 151 150.9 150.1 149.5 148.1 147.2 148.5 150.5 151.4 153.3 153.1 153 152.9 153.1 152 151.1 150.3 149.2 148.6 146.9 145.3 144.9 143.8 142.3 141.7 141.5 140.7 139.7 139.1 138.3 136.5 135.5 134.5 133.2 131.8 130.6 131.5 131 129.4 127.8 126.2 125.4 128.1 130.9 130.9 130.9 130.9 130.9 130.3 127.5 124.6 121.9 119.4 116.8 114 109.6 111 117.8
223.8 224.3 221.4 217.9 213.1 208.4 204.1 200.4 195 189.9 185 178.5 169.7 164.6 159.9 159 160.5 160.1 156.6 153.1 153.6 153.9 151.8 150.4 149 149.9 151.5 154.4 156.6 158.6 159.7 160.2 159.8 158.6 155.9 154.6 153.3 151.1 149.4 147.8 146.1 145.1 143.9 143.2 143.1 142.9 141.7 140.7 140.1 138.8 137.2 136.2 135.2 133.9 132.5 131.7 132.5 131.2 129.7 128.1 127.5 127.6 129.2 130.9 130.9 130.9 130.9 130.9 130 127.8 124.9 122.2 119.7 116.8 113.9 109 112.5 119.1
230.1 230.7 226.1 222.7 217.9 213.1 208.3 204 197.9 191.1 183.7 176.1 167.5 164.3 162 163.8 164.8 161.9 157.2 154.9 156 156.5 153.3 152.4 152.4 153 155.8 161.7 164.3 166.3 166.9 166.4 165.9 163.1 160 158.7 155.6 151.8 149.5 148.2 146.9 145.4 144.8 144.6 144.5 144 142.7 141.7 141.1 139.3 137.8 136.8 135.8 134.7 133.3 132.8 132.7 131.3 130 128.9 128.5 128 128.8 130.4 130.9 130.9 130.9 130.9 129.2 127.3 125.2 122.5 119.7 117.1 114.6 109.6 113.1 118.9
235.4 234.3 231.5 227.6 222.8 218 213.1 207 199.8 192.2 184.8 175.7 174.4 169.7 167.2 171.4 170.4 163 157.3 158.4 161.6 160.1 157.2 156.3 156.4 160.1 166 169.8 172.3 173 172 171.5 171.2 167.6 164.1 161.3 156.2 152.6 150.3 149.3 148.5 148.2 146.4 146 145.9 145.1 143.8 142.7 141.6 139.7 138.4 137.4 136.4 135.4 134.1 133.9 132.8 131.5 130.4 129.7 129.3 128.8 128.5 130 130.9 130.9 130.9 130.2 128.5 126.6 124.6 122.5 120.4 117.9 115.5 109.9 111.6 117.9
236.8 236.1 234.9 231.6 227.5 222.5 215.9 209.4 202.4 197.5 188.2 183.1 180.5 176.2 173.5 175.7 168.3 160.1 160.2 163.4 167.8 163.9 161.5 162.6 162.8 169.3 175.7 177.4 179.1 178.9 177.3 176.3 174.9 171.2 167.2 161.7 158.1 155.6 153.8 152.6 151.9 152.1 149.9 148.3 147.3 146.1 144.8 143.7 142.1 140.2 139 138 137 136 134.9 134.3 133 132.2 131.3 130.6 130 129.6 129.2 129.6 130.9 130.9 130.9 129.5 127.8 126 123.9 121.7 119.5 117.7 114.6 108.7 111.9 117.2
238.1 237.3 236.6 233.2 229.7 225.7 218.8 213 207.4 200.9 193.2 191.6 185.6 181.1 176.2 173.4 163.2 162.7 165.2 168.5 173 169.6 170.1 170.9 172 178.5 183 185.1 186.3 184.8 183.6 181.8 179.3 176.3 172 167.4 163.9 161.3 157.3 155.8 156.2 155.8 154.5 153 151 148.5 146.1 144.5 142.6 140.7 139.6 138.6 137.6 136.6 135.6 134.7 133.9 133.1 132.3 131.6 130.9 130.4 130 129.7 130.8 130.9 130.4 128.7 127 125.3 123.2 121 118.8 116.6 112.7 108.4 114.3 119.4
239.1 238.3 237.3 234.8 230.2 226.7 223.4 216.8 210 204.7 202.6 196.9 190.7 184.5 178.1 167.8 169.1 171.9 172.3 173.6 176.8 175.6 175.7 178.5 180.6 186.7 191.1 192.3 193.5 192.6 189.7 186.6 184.4 181.7 177.3 173.8 170.4 167.1 164.9 163.4 161.8 160.2 159.2 157.6 155.2 152.6 150 147 143.8 141.3 140.3 139.6 138.8 138 136.7 135.7 134.9 134.1 133.3 132.6 131.8 131.2 130.7 130.4 130.3 130.9 129.7 128 126.3 124.6 122.5 120.3 118 115.6 110.5 111.4 118.1 121.9
240 239.1 237.9 235.8 233.2 227.4 225.6 219.5 216.1 213 205.7 198.1 190.8 184.8 175.6 173.1 179 178.7 181.5 181.9 183.7 182.8 184.4 187.7 190.5 197.9 199.8 200.6 201.3 199.7 196.6 193.5 190.4 187.4 184.2 180.9 177.7 174.2 171.7 169.8 168 166.2 164.7 161.6 159 156.4 153.8 150.6 147.3 143.9 142.4 141.6 140.5 139.2 137.9 136.6 135.8 135 134.3 133.5 132.8 132.1 131.5 131.2 130.9 130.6 128.9 127.3 125.6 123.9 121.5 119.2 116.8 112.9 107.5 115.4 119.2 122.2
240.7 239.9 238.5 236.4 234.3 231.7 228.5 225.6 221.3 216.6 210.7 203.8 196.1 189.2 175.5 183.3 186.8 188.7 189.6 191.3 192.1 191.7 194 197.3 200.2 204.1 208.9 209.1 208.1 206.8 203.8 200.7 197.8 195 192.3 189 185.7 182 178.9 176.7 174.5 172.4 169.1 165.7 162.7 160.1 157.5 154.1 150.8 147.3 144.3 143 141.7 140.4 139.1 137.8 136.8 136 135.2 134.5 133.8 133 132.3 131.9 131.2 130 128.4 126.7 125.1 122.9 120.5 118 115.7 109.8 112.3 117.9 120.2 122.6
241 240.7 239.1 237 235 233 229.9 226.9 224.3 220.1 214.2 208.3 202 186.9 188.7 193.8 194.9 197.1 197.8 199.5 201.2 201.8 203.9 207.2 208 212.2 215.5 214.6 213.9 213.6 210.9 208.1 205.4 202.5 200 197.1 193.8 189.8 186.4 183.9 181.7 177.5 173.5 170.2 166.7 163.9 161.2 157.6 154.3 150.8 147.9 145.8 143.6 141.6 140.3 139 137.7 137 136.2 135.5 134.8 134 133.2 131.7 130.5 129.4 127.8 126.2 124.2 121.9 119.5 117 113.2 109.2 116.1 118.5 120.9 123.6
241.3 241.2 239.9 238 236.1 234.1 231 228.4 225.7 223.2 217.7 211.7 203.9 191.8 199.2 203.1 203.9 205.7 206 207.6 209.2 211.1 213.9 215.4 216 218.4 219 219.6 219.4 218.8 218.4 215.8 213 210.1 207.5 204.9 201.7 197.6 194.2 191 187.4 182.8 178.2 174.6 171.1 167.7 164.7 161.2 157.8 154.8 151.9 149.7 147.5 145.3 143.2 141 138.9 137.9 137.2 136.4 135.6 134.8 133.8 131.9 130 128.7 127.3 125.5 123.2 120.8 118.4 114.8 108.4 114.5 117.2 119.8 122.4 125.2
241.8 240.7 239.3 237.9 236.5 235.2 232.8 230.3 227.8 225.3 221.9 215.8 207.8 202.7 208.5 212.3 213.1 214 214.2 215.4 216.2 218.1 219.8 221.4 220.7 220.9 221.4 221.9 221.5 220.6 220 219.9 219.2 216.6 214.2 211.5 208.4 205.1 201.1 197 192.3 187.7 183.2 178.5 175 171.5 167.7 164.3 161.4 158.4 155.3 152.8 150.5 148.1 145.8 143.5 141.2 139 137.5 136.9 136.4 135.6 134 132.1 130.2 128.3 126.8 124.5 122.1 119.8 116.3 110.3 113.5 116.9 118.7 121.3 123.9 126.5
241.4 240 238.6 237.4 236.3 235.3 234.4 232.4 230 227.3 224.1 219.5 212.8 212.7 217.5 219.6 221.6 220.1 220 220.3 220.7 221.2 222.4 223.5 223.5 223.3 223.4 223.6 223.4 222.2 221.7 221.5 220.7 219.8 218 215.9 212.5 209.2 206.3 201.9 197 192.2 186.5 181.2 177.7 172.6 169.5 166.3 164.3 161.2 158.2 155.1 152.3 150 147.7 145.3 143.2 141.1 138.8 136.7 136.1 135 132 130.4 128.6 126.9 125.4 122.6 120.3 116 109 110.2 116.8 118.7 120.4 122.8 125.5 127.7
240.8 239.7 238.5 237.3 236.2 235.3 234.7 233.6 231.8 229.3 226.2 223.1 221.6 220.8 221.9 222.9 224.3 223.4 223.8 224 224.5 225 225.2 225 224.8 224.7 224.5 224 224.1 223.7 221.5 220.2 220.8 219.9 218.5 217 215 212.9 210.9 207.7 203.4 196.3 189.5 183.9 178.8 173.9 171 168.2 166.5 164.1 161 158 154.9 152.1 149.5 147.2 145.3 143.1 140.9 138.6 136.3 133.8 130.7 127.7 126.1 124.4 123.1 121 115.2 110.7 113.3 111.4 117.8 120.6 122.3 124.3 127.4 128.9
240.7 239.6 238.4 237.3 236.1 235.4 234.7 234 232.8 231.6 229.5 226.6 226.2 225.5 225.4 226.3 226.9 226.8 227.3 227.2 226.5 225.2 224.3 224.9 225.1 224.6 224.5 224 222.3 220.4 218.7 218.6 214.8 213.5 211 207.3 202.5 199.4 204 204 203.6 198.4 191.8 184.8 179.4 175 171.6 168.6 166.3 164.4 162.9 160.8 157.7 154.8 151.9 148.4 145.9 141.5 139.4 137.2 134.4 131.2 129.1 126.3 123.3 121.9 119.1 112.7 110 118.1 116.5 115.6 117 120.6 123.4 125.8 129.3 130.1
240.7 239.5 238.4 237.2 236.2 235.5 234.8 234.1 233.4 232.6 231.8 230.4 230.2 229.7 229.3 229.3 228.6 227.3 227.5 227.2 226.1 224.8 223.7 214.3 209.4 218.9 219.7 219.9 217.7 216.6 211.5 206.3 201.5 197.1 193.6 189.9 185.1 184.6 184 184.6 186.8 193.1 187.4 182.8 177.9 173.3 170.5 167.8 166.1 164.1 162.1 159.3 155.9 153.3 149.9 146.7 143.1 140.8 137.8 135 131.6 128.2 125.8 123.9 121.3 112 108.3 112.3 118.3 121.8 120 119.7 121.8 122.1 122 125.6 129.6 130.9
240.6 239.4 238.3 237.1 236.2 235.5 234.9 234.2 232.5 232 231.4 231.8 231.6 231.8 230.8 228.5 226.2 224.9 225 224.9 223.3 220.5 213 196.4 191.4 201.8 206.2 211.9 205.4 202.6 197.5 189.1 184.2 179.6 177.4 175.7 172.3 173.3 168.3 169.6 170.3 177 182.1 177.8 174.9 171.4 168.4 165.5 163.5 160.3 159.2 155.5 152.5 149.1 145.8 143.6 140 137.4 134.9 132.1 128.8 125.4 122.2 120.4 114.8 116.1 117.4 117.3 119.4 121.7 122.3 123.5 124 124.6 124.7 124.5 128.5 131.5
240.3 239.4 238.2 237.1 236.3 235.6 234.7 232.9 231.5 231.2 230.6 231.7 232.3 231.9 231 228 225.1 222.5 222 220 217 210.2 202.4 184.3 177.6 183.5 187.8 194 194.9 189 183.5 179.1 175.7 171.7 171.6 167.8 163.3 161.3 156.7 156.7 152.5 158.7 169.7 172.8 170 168.7 166.1 163.4 160.7 156.8 152.7 150.2 146.1 141.4 136.9 135.2 133.5 132.5 129.8 127.7 124.9 121.9 119.5 119 118.8 120.3 120.4 120.5 121.9 123.2 124.9 125.2 127.4 129.2 127.8 125.7 127.3 132.5
239.4 239.3 238.1 237.1 236.4 235.2 233.4 231.6 230.6 230.4 230.6 231.1 231.4 231.3 230.5 227.6 224.6 221.6 218.8 211.4 204.3 195.4 188.9 179.5 167.2 166.6 172.6 178 184.5 183.1 177.7 174.4 168.8 168.2 164.4 159.5 154.4 149.9 146.9 143.5 143.2 140.6 150.6 163.8 168.4 165.6 163.1 160.6 158.1 150.8 143.9 143.4 138.4 135.9 131.2 127.9 126.9 125.9 124.6 122.6 120.5 120.1 120.4 120.6 120.3 121.8 122.7 123.7 125.1 126.4 128 130.2 132.3 132.2 131 128.9 126.7 132.2
238.5 238.5 238.1 237.1 235.7 233.9 232.2 230.8 229.9 229.6 229.6 230 230.3 230.4 229.6 227.2 224.2 221.4 215.7 203.5 191.5 181.2 178 174.2 168.5 165.7 161.2 161.5 165.9 172.2 174.6 170.4 165.8 163.8 157.8 153.4 148.6 145.5 143.7 143.2 143.9 142.5 138.9 148.3 164.8 162.4 159.4 158.4 152.5 145 138.6 134.5 131.4 129.4 126.4 124.4 124.2 123.8 122.9 122.1 122.7 122.8 122.5 122.1 121.9 123.4 125.1 127 128.9 130.9 133.1 135.1 136.4 135.2 134.1 131.9 130.4 129.7
237.5 237.4 237.4 236.7 235.4 234 232.4 230.6 229.7 228 226.9 227.6 228.5 229.1 228.2 226.8 224.1 220.7 213 204.8 200.6 196.5 191.1 185.7 179.1 171.9 164.7 161.4 160.2 157.2 160.8 164.7 168.6 161.8 155.2 148.7 145.9 144 149.2 154.9 152.4 147.3 142.8 138 151.6 159.5 154.8 151.8 146.6 139.8 134.4 129.2 127.8 126.6 125.4 125.9 124.9 123.9 124.8 125 125.6 126 125.7 124.6 123.6 125.3 127.5 129.9 131.8 135.1 139.5 141 139.8 138.6 138.4 136.8 135 132.4
235.7 235.6 235.7 236.4 235.4 234.1 232.3 230.5 229.1 226.1 224.4 225.4 226 226.3 227 227.2 224.5 223.6 218.6 215.2 211.8 206.8 202.7 196 186.5 177.7 173.7 171.5 167.3 160.3 156.9 154.5 161.7 162.5 155.5 148.7 145 156.8 164.7 162.4 157.8 152.6 145.8 139.5 137.2 154.5 156.3 148.2 141 136 131.7 128 127.1 128.1 129.1 128.6 126.1 127.4 128.7 127.9 128.5 129 127.5 126 125.4 127.2 129.8 132.8 135.8 139.2 145.2 146.1 143.7 143.4 144.3 140 136.6 134
233.8 233.7 234.2 234.9 234.8 233.2 231.7 230.1 228.1 225.5 223.3 223.2 223.5 224.1 225.6 227 226.4 225.5 224.1 220.7 218.8 215.8 209.4 202.7 191.5 185.7 181.9 177.3 171.7 166.6 161.1 154.5 150.9 153.7 153.3 148 159.5 168.2 167.6 164.2 160.1 155.1 148.8 142.3 135.8 144.4 151.7 145.1 137.4 131.6 128.7 127.7 129.3 131.2 132.1 130.1 128.2 130.9 132.4 131 131.3 131.7 130.3 128.4 127.1 129.1 132.3 137 140.9 143.6 148.2 150.4 149.6 149.1 148.5 144.1 139.6 134.8
