data/SU39.asc
ncols 200
nrows 200
xllcorner 430000
yllcorner 190000
cellsize 50
[rows 38 to 75 of 200, columns 85 to 169 of 200]
96.8 96.3 95.5 94.8 93.5 92.1 90.7 88.6 84.9 84 84.1 86.2 88.2 88.6 90.3 91 90.7 90.1 89.5 90.7 90.9 90.9 90.9 90.9 90.9 90.6 90.4 91 91.4 89.5 89.4 89.6 89.9 89.5 88.9 87.9 86.7 85.9 85.5 85.2 85.1 84.2 82.9 81.5 80.1 78.7 79.2 80.5 81.7 82.1 84.2 86 85.9 87.4 87 86.7 86.7 86.2 86.8 86.7 86.4 84.7 84.5 84.3 86.2 88.1 88.8 89 88.8 89.9 90.9 91.4 91.3 90.5 89.7 89 88.5 88.1 87.5 85.6 84.8 85.7 87.7 87.9 88.1
95.9 95.4 95.2 94 93 91.7 90.5 88.4 84.4 84.1 84.7 87.7 89.6 89.7 90.1 90 89.9 89.9 89.8 89.8 89.8 89.9 90 90 90.1 89.8 89.6 90.1 90.5 89.7 89.1 89.2 89.4 88.8 88.3 87.6 86.7 86.1 85.8 85.7 85.6 85.4 85.1 83.7 82.8 82 82.8 83.9 85.4 86.1 86.4 86 85.3 84.8 85.3 85.7 85.7 86.5 86.9 86.4 86 85.6 84.1 84.6 85.5 87.5 86.8 86.1 87.1 89.5 89.6 90.1 89.9 89.6 89.1 88.4 87.9 87.4 87 85.9 84 86 86.3 86.3 86.4
94.8 94.4 93.9 93.4 93.6 92.7 90.9 87.6 84.2 84.6 87.1 89.6 90.9 90.9 89.9 89.1 89.8 89.7 89.4 89.3 89.4 89.3 89.4 89.4 89.5 89.2 89 89.1 89.5 89.1 89.1 88.8 88.8 88.1 87.7 87.3 86.7 86.4 86.1 86.1 86 85.8 85.5 85.3 85.1 84.8 84.8 85 87.6 88 87.1 86.2 85.1 84 84.2 84.9 85.5 85.9 86.3 85.8 85.4 85.3 83.9 84.8 85.5 86 85 84.6 86.3 87.1 87.3 88.1 88.8 88.5 87.9 87.5 87.1 86.7 86.3 85.7 84 84.6 84.9 84.9 84.8
93.7 93.4 93.4 94 94.4 91.6 89.3 86.2 85.8 86.9 89.1 89.8 90.2 90.6 91 89.4 89.8 89.4 88.9 88.9 88.7 89 88.8 88.8 88.8 88.6 88.4 88.3 88.5 88.7 88.7 88.5 88.1 87.4 87.1 86.8 86.5 86.5 86.5 86.1 85.7 85.6 85.5 85.3 85 84.7 85.4 86.4 86.9 87.1 86.9 86.1 84.1 84.2 84.5 84.5 84.6 85.5 85.9 85.1 84.8 84.3 83 83.9 84.1 84.2 83.8 84.2 85.5 86 85.3 85.6 86.6 87.3 86.8 86.4 86.2 85.9 85.3 84.5 84 84.1 83.8 83.7 83.7
93.1 92.4 92.8 92.8 92.1 89.6 89 88.5 89.1 89 89.4 89.9 90.3 90.8 90.6 89.8 89.5 89.2 88.7 88.4 88.1 88.3 88.6 88.3 88.2 88.9 88.3 88.6 88.7 88.7 87.8 87.9 87 86.5 86.2 85.7 85.4 85.5 85.3 85.8 85.6 85.5 85.5 84.8 84.5 84.5 85.3 85.5 85.7 86 85.8 85.4 84.2 84.7 84.7 84.7 84.5 85.4 85.8 85.4 84 82.7 82.4 81.8 82 82 82.2 83.1 84.1 84.6 84.8 84.7 84.9 85.3 85.7 85.5 86 85.9 85.3 84 84.3 84.3 83.4 83 83
93.5 92.7 92.3 91.4 90.4 90.1 90.2 90.8 90.2 89.6 89.7 90.2 90.6 90.8 90.2 89.6 89.1 88.9 88.5 87.9 87.5 88.8 88.6 88.1 87.3 86.7 86.2 88.5 88.7 88.7 86.9 86.9 85.9 85.6 85.1 84.6 84.4 84.5 84.5 84.7 85.2 85.6 85 84.2 84.1 84.4 84.7 84.7 84.8 84.9 84.5 84.2 84.6 84.9 84.7 84.5 84.2 85.6 85.7 84.9 83.6 82.4 81.5 80.3 80.5 80.5 80.9 81.8 82.6 83.2 83.4 84.1 84.4 85.2 85.3 85.8 86.6 86.2 84.8 84.3 84.4 84.3 83.4 82.5 82.2
93.9 93.9 94.8 93.8 92.6 92.3 92.3 91.9 91.2 90.4 90 90.5 90.9 90.4 90 89.2 88.7 88.3 88.6 87.4 86.4 87.1 87.1 86.5 85.7 84.8 86.5 87.4 88.3 87.6 86.4 85.8 85 84.6 84 83.5 83.3 83.2 83.4 84.3 84.6 85 84.9 85.5 83.6 83.8 83.9 84 84.2 84.2 83.9 83.9 84.5 84.3 84 84 83.9 85.4 85 84.2 82.9 81.5 80.6 80.8 79.6 79 79.4 80.4 81.1 81.8 82.1 83.1 84.5 85.5 86 86.7 86.9 86.4 85.6 85.3 84.6 83.8 82.8 82.2 84.5
95.3 95.8 95.4 95.2 94.5 94.2 93.7 92.1 91.9 91.4 90.7 90.8 90.7 90.3 89.9 88.9 88.6 88.8 88 86.5 85.8 85.8 85.6 84.9 84.1 84.2 84.4 85.1 84.7 84.8 85.9 84.7 84 83.5 82.9 82.4 82.3 82.5 83 83.7 84.1 84.1 83.9 83.7 83.3 83.1 84.2 83.5 83.7 83.6 83.3 83.8 83.7 83.6 83.4 83.1 83 84.4 84 83.4 82.2 80.9 79.8 79.8 79.3 78.6 78.8 79 79.7 80.4 81.2 82.3 83.8 84.9 85.9 86.7 86.9 86.2 85.7 84.8 84.1 83.5 83.4 85.8 82.1
96.6 97 97.1 96.4 95.8 95.9 94.5 92.6 91.6 91.4 91.2 91 90.5 90.1 89.7 89.7 89.2 88.5 87.9 87.1 86.2 85.2 84.2 84.1 84.1 84.2 84.3 85 84.1 83.7 83.9 83.5 83 82.4 81.8 81.3 81.2 81.7 82.6 83.2 83.4 83.2 83.3 82.9 82.6 82.5 82.9 83.1 83.8 82.9 83.1 83.2 83.1 83 82.7 82.4 83.2 83 82.7 82.2 81.4 80.3 79 79 78.7 78.3 78.3 78.6 78.7 80.4 80.3 81.5 82.6 83.8 84.9 85.9 86.3 85.9 85.4 84.3 84.3 86.3 83.4 81.3 82.5
98.1 98.8 98.7 97.6 96.5 95.3 94.8 93.3 91.6 91.1 90.9 90.7 90.1 90.4 89.3 88.9 88.4 88.7 88.2 87.1 86 85.1 84.2 84.1 84.1 84.2 84.3 84.8 83.8 82.6 82.5 82.4 81.7 81.3 80.7 80.2 80.4 81.3 82.2 82.7 82.5 82.6 82.5 82.1 81.8 81.9 82.2 82.4 82.5 83 82.8 82.3 82.5 82.3 82.1 82.8 83.7 83 82.2 81.3 80.5 80.5 80.4 79.8 78.6 77.6 77.8 78.4 79.1 79.8 79.5 81.2 82.3 83.4 84 85.2 85.6 85.1 85.4 86.2 83.9 81.9 80.8 81.4 82.6
99.5 99 99 98.2 97.4 95.9 94.3 93.6 92.2 90.8 90.6 91.4 90.3 89.3 88.5 87.9 87.4 87.8 87.8 86.5 86 85.2 84.3 84 84.1 84.2 84.3 84.6 83.5 82.4 81.4 81.3 80.5 79.9 79.5 79.2 80 80.9 81.7 81.8 81.9 82 81.4 81.2 81.1 81.3 81.5 81.6 81.8 82.1 82.2 81.7 81.8 81.9 82.1 82.1 82.7 82.4 81.8 81.2 80.6 81 80.5 79.3 78.1 77 77.4 78 78.9 79.5 79.3 81.1 82 82.8 83.1 84.4 85.1 85.6 86 84.7 82.9 82.2 81.9 81.6 83
100.2 99.6 96.2 96.1 96.1 95.9 94.9 93.2 92.3 92.3 90 89.2 89.3 88.7 88.1 87.4 87 86.7 87.2 85.5 85.5 85.3 84.4 84 84.1 84.2 84.3 84.4 83.3 82.2 81.1 80.2 79.8 79.6 79.8 79 79.2 80.5 81.1 81.2 81.3 81.4 80.2 80.3 80.3 80.6 80.8 81.1 81.4 81.6 80.8 80.6 81.7 82.1 81.7 80.8 81.8 81.4 81.2 81 80.8 80.1 79.7 78.8 77.7 76.5 76.9 77.8 78.7 79.2 79.7 80.8 81.7 82.2 83.9 83.6 84.3 83.9 83.4 82.9 82.1 80.5 81.4 80.9 82.4
99.7 99.7 96.7 96.4 96.6 96.1 94.8 94.1 92.5 90.5 89.9 89.1 88.7 88.1 87.6 87 86.7 86.3 86 85.3 84.6 84.6 84.4 84 84.2 84.6 85 84.5 83.9 82.8 81.7 81.3 81.1 81 80.6 79.1 79 79.6 80.3 80 80.3 80.7 79.3 79.5 79.8 80 80.4 80.7 81 81.1 80.5 80.1 79.9 80.2 80.4 80.7 80.3 80.8 80.6 80.1 79.6 79.2 79 78.3 77.2 76.5 77.2 77.7 78.6 78.9 80 80.9 81.3 81.6 81.5 81.2 83.1 82.5 82.1 81.8 81.2 79.5 81.1 80.4 81.9
99.6 99.9 99.4 99 98.7 97.5 96.2 94.6 93.3 91.2 89.9 89.1 88.4 87.9 87.6 87.4 87.1 86.7 86.4 85.7 84.9 84.7 84.8 85.1 85.3 85.7 85.9 84.6 84 83.4 82.5 82.4 81.9 81.3 80.5 79.3 79 79.2 79.8 79.4 79.1 79.3 79 79.3 79.7 79.9 80 80.3 80.6 80.7 80.2 79.9 79.5 79.8 80.1 80.1 79.6 79 79 79 78.8 78.7 78.8 78.3 77.1 76.7 77.9 78.3 78.8 79.2 79.9 79.8 79.5 79.4 79.3 79.6 80.5 80.8 80.5 80.7 80.8 80.7 80.5 80.2 81.4
99.6 99.6 99.7 99.3 98.3 97.2 96.1 94.9 93.5 92.2 89.5 89 88.5 88.3 88.2 88.1 87.8 87.5 87.2 86.7 86.5 87.5 88 87.2 86.4 86.8 85.9 84.8 84.2 83.8 83.2 82.4 81.7 81.2 80.4 79.7 79.2 79 79.3 79.1 79.5 79.8 79.1 78.5 79.5 79.9 80.1 80.2 80.2 80.3 79.6 79 79 79.3 79.4 79 78.2 78 77.9 77.7 77.8 77.9 77.8 77.1 75.9 76.7 78.1 77.4 78 78.7 79.4 79.6 79.3 79.1 79.1 79.9 80.1 80 80 80 80.6 80.6 80.8 80.5 81.2
99.4 99.7 99.7 98.8 97.8 96.9 95.8 94.9 93.8 92.9 89.7 89.5 89.3 89.2 89.1 89 88.9 88.6 88.3 88.4 88.4 88.3 88.3 88.3 88.1 87.4 86 85.1 85.1 84.8 84 83.2 82.4 81.5 80.8 80.2 79.7 79.2 79.3 79.7 80.1 79.9 79.3 78.6 78.4 79.5 80.1 80.3 80.4 79.4 79.1 78.4 77.4 77.6 77.8 77.6 77.1 76.7 76.6 76.6 77.1 77.3 77.2 77 74.9 76.5 76.5 76.5 77.2 77.9 78.5 79 79.4 79.4 80 80.1 81.1 79.5 79.4 80.6 80.2 79.7 80.7 81.1 81.1
98.6 99.3 99.4 98.4 97.4 96.4 95.5 94.5 94.1 93.8 91.3 90.7 90.3 90 90 89.9 89.8 89 88.4 88.2 88 88.2 88.5 88.5 88.2 87.9 86.6 85.3 85.8 85.6 84.8 84 83.1 81.9 81.3 80.9 80.4 79.9 79.7 80.3 80.7 80.1 79.4 78.7 78.1 78.4 79.7 80.2 78.8 78.5 78.7 77.4 76.3 76.5 76.5 76.3 75.8 75.4 75.3 75.9 76.4 76.7 76.6 76 74.7 75.1 74.6 75.7 76.4 77 77.5 78 78.6 79.4 80.8 81.5 81.3 80.7 80.4 79.9 79.5 79.2 79.4 80.5 80.1
97.9 98.6 99 98 97 96.1 95.2 94.6 94.2 94 93.7 91.9 91.3 90.8 90.6 90.7 90.8 89.6 88.2 87.8 88.1 88.3 88.6 88.7 88.4 88.3 87.2 85.8 85.4 85.8 85.6 84.6 83.4 82.3 81.7 81.6 81.1 80.9 80.6 80.2 81.1 80.2 79.5 78.9 78.2 77.5 78.5 77.9 77.4 76.8 76.6 75.5 75.3 75.8 74.8 74.5 74.3 74.1 74.6 75.1 75.7 76.1 75.7 75 74.2 75.2 74.1 74.9 75.6 76.2 77 77.7 78.4 79.2 80.4 80 79.7 79.5 79.3 79.1 78.6 78.2 78.9 79.9 79.3
97.2 97.8 98.5 97.9 97 96.4 96.1 95.8 94.6 94.2 93.9 92.4 91.9 91.5 91.8 91.8 91.6 90.2 88.8 88.2 88.2 88.4 88.7 88.9 88.7 87.8 86.6 85.6 85.5 86 85.6 84.9 83.7 82.6 82.2 82.3 81.8 81.8 81.5 81.5 81.4 80.9 79.5 78.9 78.2 78.2 78.1 76.1 75.1 74.7 74 74.6 76.6 75.8 75.1 75 74.5 74.5 74.8 75.1 75.4 75.6 75.3 75 74.7 74.5 74.4 74.7 75.3 76.1 76.8 77.5 78.3 79 80.1 79.3 79 78.6 78.2 77.8 77.6 77.5 78 78.3 78.2
96.5 97.4 97.9 97.9 97.4 96.9 96.4 95.9 95.1 94.3 93.9 92.6 92.1 91.4 92.2 91.8 91.3 90.5 89.1 88.9 88.9 88.9 88.9 89 88 86.9 85.8 85.6 86 85.6 85.2 84.7 84.1 82.9 82.6 82.7 82.5 82.8 82.9 82.6 81.9 81.7 80.7 78.7 78.4 78.2 78 76.2 74.6 74.5 75.5 76.4 77 76.8 76.7 76.6 76.4 75.1 75.2 75.3 75.4 75.2 74.9 74.6 74.4 74.2 74.2 74.6 74.9 75.8 76.8 77.4 78.1 78.8 78.6 78.2 77.9 77.7 77.5 77.2 77 76.8 77.1 77.2 76.8
96.1 97.1 97.4 97.3 97.1 96.6 96.1 95.4 94.6 93.9 93.2 92.6 91.8 91.1 91.6 91.4 91 90.2 89.4 88.7 89 89 89.1 88.7 87.5 86.3 85.9 86.1 85.7 85.2 84.7 84.3 83.8 83.2 83 83.1 83.2 83.5 83.8 82.7 81.8 81.2 80.7 80 79.3 79.1 79 76.8 75.8 75.1 75.7 76.7 77.4 77.5 77.5 77.6 77.7 77 75.4 75.1 75 74.8 74.5 74.3 74.1 73.9 73.8 74.3 74.8 75.1 76.4 77.3 78.1 78.8 77.8 77.6 77.4 77.2 77 76.8 76.6 76.4 76.2 76.3 76.5
96.3 96.3 96.3 96.3 95.9 96.2 95.6 94.9 94.1 93.4 92.6 92.3 92.1 90.8 90.9 90.6 90.1 88.8 87.8 88.2 88.7 89.1 88.7 88.2 87.1 85.8 84.4 85.5 85.1 84.7 84.3 83.8 83.3 83.3 83.1 82.7 82.8 83 83.2 81.9 81 80.8 80.6 80.3 80.2 80 79.6 77.4 76.8 76.1 75.9 76.9 77.4 77.5 77.5 77.5 77.3 77 76.3 75 74.7 74.5 74.2 74 73.8 73.6 73.5 74 74.5 75 75.7 76.9 77.9 76.8 77.1 76.9 76.7 76.5 76.3 76.1 75.9 75.7 75.7 76.1 76.3
95.2 95.1 95.1 95.1 95.2 95.8 95.1 94.4 93.6 92.8 92 91.7 91.7 90.1 90 89.5 88.9 87.6 86 89.1 86.3 87.4 88.5 87.8 86.5 85.1 84.2 83.5 84.3 83.9 83.5 83.2 82.9 82.7 82.4 82 81.7 82.1 82.6 81.4 80.8 80.6 80.6 80.6 80.5 80.8 80.2 78.5 77.8 77 76.3 77.1 77.4 77.5 77.4 77.1 76.9 76.6 75.7 74.8 74.5 74.2 74 73.7 73.5 73.3 73.1 73.7 74.2 74.7 75.2 76.3 77.4 76.3 76.4 76.2 76 75.8 75.6 75.4 75.4 75.4 75.3 75.2 76
94.5 94.4 94.3 94.3 94.5 94.8 94.7 93.8 93 92.2 91.4 91.2 91.3 89.8 88.6 88.1 87.6 86.4 84.7 86.4 86 85.1 85.6 85.8 85.2 84.5 84 83.4 82.8 83.1 82.8 82.3 82.4 82 81.8 81.4 80.8 80.9 81.9 81 80.7 80.3 80.2 80.2 80.3 80 79.5 79.4 78.7 78 77.3 77.2 77.4 77.2 77 76.7 76.5 76.2 75.2 74.6 74.3 74 73.7 73.4 73.2 73 72.8 73.3 73.8 74.4 74.9 75.5 75.8 75.8 75.6 75.5 75.3 75.1 75 75 75 75 75 74.9 74.7
93.8 93.7 93.6 93.7 93.8 94.2 94.3 93.4 92.5 91.6 90.7 90.6 90 88.3 86.6 86.2 85.8 84.8 83.5 83.9 84.2 84.2 84.4 84.3 84.5 83.8 83.4 83.1 82.6 82.2 81.8 81.1 81.8 81.7 81.2 80.8 80.2 79.8 81.2 80.9 80.5 80.2 79.9 79.8 80.6 79.7 79.5 79 78.6 78.1 77.7 77.3 77 76.8 76.6 76.4 76.1 75.9 74.9 74.5 74.1 73.8 73.5 73.2 72.9 72.7 72.5 73 73.5 74 74.5 74 74.5 74.9 74.9 74.7 74.6 74.6 74.6 74.6 74.6 74.6 74.6 74.5 74.3
93.1 93 93.1 93.1 93.2 93.6 93.9 93 92 91 89.8 88.2 87.6 85.9 85.2 84.6 84.2 83.5 83 82.8 83 83.2 83.1 83 83 83.1 82.7 82.3 82 81.5 80.8 80.1 81.1 81.2 80.6 80.2 79.6 79.2 80.5 80.8 80.4 80.1 79.7 79.6 80.6 79.8 79 78.6 78.1 77.6 77.1 77.1 76.6 76.4 76.2 76 75.8 75.3 74.7 74.3 73.9 73.6 73.3 73 72.7 72.4 72.1 72.6 73.1 72.9 72.9 72.9 73.5 74.2 74.8 74.3 74.3 74.2 74.2 74.2 74.2 74.2 74.2 74.1 74
92.4 92.4 92.5 92.5 92.6 92.9 92.8 92.2 91.2 89.9 88.4 86.7 85.1 84.5 84.2 84 83.2 82.4 82.2 82 81.9 81.8 81.8 81.7 81.6 82.1 81.9 81.6 81 80.2 79.6 78.9 80.1 81 79.9 79.4 79.3 79.4 79.6 80.4 80.8 80.8 80.8 80.3 79.7 79.1 78.5 77.9 77.4 76.8 76.7 76.9 76.2 76 75.8 75.6 75.4 74.9 74.5 74.1 73.7 73.3 73 72.7 72.5 72.2 71.7 71.5 71.4 71.5 72.2 71.8 72.5 73.2 74.4 74.3 74.3 74.3 73.8 73.8 73.8 73.8 73.8 73.8 73.6
91.7 91.8 91.9 92 92 91.8 91.7 91.3 90 88.6 87 85.3 84.5 83.8 83.4 83 82.7 81.7 80.7 80.6 80.5 80.5 80.4 80.3 80.3 80.6 81.1 80.4 79.5 78.6 77.8 77.7 78.8 79.5 78.3 77.9 77.9 78 78.2 78.9 79.7 80.4 80.3 79.3 78.7 78.2 77.7 77.2 76.6 76.4 76.3 76.6 75.8 75.6 75.4 75.2 75 74.7 74.3 73.9 73.5 73.1 72.8 72.5 71.8 71.2 70.8 70.6 70.4 70.8 71.3 70.7 71.5 72.2 73.9 73.9 73.8 73.8 73.7 73.7 73.6 73.4 73.4 73.4 73
91.2 91.3 91.3 91.2 90.9 90.7 90.5 90.4 89 87.3 86.1 85.2 84.3 83.5 83.1 82.7 82.2 81.2 79.8 79.2 79.2 79.1 79 79 79.1 80 80.1 79 78.3 77.8 77.2 76.8 76.6 77 77.1 76.6 76.5 76.6 76.8 77.6 78.3 79.2 79.3 78.2 77.6 77.2 76.9 76.5 76.2 76.1 75.9 76.4 75.6 75.2 75 74.8 74.5 74.1 73.8 73.5 73.1 72.8 72.1 71.3 70.7 70.1 70 70.2 70.3 70.4 70.4 70.4 70.5 71.5 73.4 73.4 73.3 73.3 73.2 73.2 73.1 73.1 73 73 72.3
90.6 90.6 90.3 90 89.8 89.6 89.5 89.4 88.8 87 86 85.1 84.2 83.4 82.8 82.4 81.9 81.3 80.1 79.5 79.6 79.7 79.8 79.8 79.9 79.5 79.7 78.4 78.6 79 78.6 78 77.2 76.8 76.7 76.9 76.4 75.1 75.5 76.3 77.3 78.3 78.1 77.3 76.6 76.3 76.1 75.8 75.8 75.7 75.7 76.2 75.4 74.8 74.5 74.3 74 73.5 73.2 72.9 72.6 72.4 71.8 71 70.2 69.3 69.1 69.8 70.2 70.3 70.4 70.4 69.9 71 73 72.9 72.8 72.8 72.7 72.7 72.6 72.6 72.5 72.4 71.7
90 89.7 89.4 89.1 88.8 88.6 88.4 88.4 88.3 87.2 86.2 85.3 84.3 83.3 82.5 82.2 81.9 81.7 80.8 80 80.2 80.4 80.6 80.6 80.7 80.3 79.5 79.5 80.1 80.3 79.8 79.2 77.7 77.6 77.5 77.6 76.8 75.3 74.4 75.4 76.4 77.4 77 76.3 75.8 75.6 75.4 75.1 75 75.1 75.4 76 75.1 74.4 74.1 73.8 73.5 73 72.6 72.3 72 71.6 71.4 70.6 69.5 69.3 69.1 69.2 69.6 70.1 70.3 69.4 69.7 71 72.5 72.4 72.4 72.3 72.2 72.2 72.1 72 71.9 71.9 71.5
89.2 88.9 88.6 88.3 88 87.8 87.7 87.5 87.3 87.5 86.5 85.5 84.5 83.5 83.3 83.1 82.9 82.6 81.8 81.1 81 81.1 81.2 81.4 81.5 81.2 80.9 81.1 81.2 80.9 80.7 80 78.2 78.2 78.3 78.4 77.3 76.2 75.5 74.8 74.3 75.9 76.1 75.5 75.1 74.9 74.7 74.3 74 74.5 75.2 75.4 74.6 74 73.7 73.4 73.1 72.5 71.7 71.1 71.2 70.2 70 69.9 69.7 69.2 69.2 69.1 69.4 69.8 70.3 70.2 70.3 71.4 72.4 72.3 72.2 72.1 72 71.9 71.8 71.8 71.7 71.6 71.3
88.3 88 87.7 87.4 87.1 86.6 87 86.8 86.9 87.6 86.6 85.6 84.6 84.2 84.1 84 83.8 83.5 82.9 82.3 82.1 81.9 82 82.1 82.2 82.1 81.6 81.5 81.6 81.5 81.3 80.5 79.3 79.2 78.9 79 77.9 77.2 76.5 75.8 75.1 74.3 74.1 74.8 74.4 74.2 73.9 73.7 73.5 74.1 74.9 74.7 73.8 73.1 73 72.9 72.7 72.1 70.6 69.5 69.8 69.2 69.5 69.7 69.7 69.3 69.3 69.2 69.2 69.6 70.4 71 70.9 72 72.5 72.3 72.2 72 71.9 71.8 71.6 71.6 71.5 71.1 70.7
87.5 87.1 86.8 86.6 86.1 85.4 86.1 86.1 86.6 87.2 86.7 85.7 85.2 85.1 85 84.8 84.7 84.4 83.8 83.5 83.2 83 82.9 83 83 82 81.7 81.6 81.7 81.8 81.9 81.3 80.7 80.1 79.8 79.5 78.8 78.1 77.3 76.5 75.8 75.6 75.4 75 74.2 73.6 73.2 73 73 73.3 74.2 73.7 72.9 72.3 72.2 72.1 72 71.3 69.9 69 69 69.7 70.4 70.7 70.1 69.3 69.1 69 68.8 69.8 70.2 71 71.7 72.2 72.3 71.5 71.5 71.5 71.8 71.6 71.5 71.4 71.2 70.8 70.5
86.8 86.4 86 85.7 85.1 84.2 84.9 85.5 85.8 86.6 86.8 86.1 86 85.9 85.8 85.7 85.6 85.3 84.6 84.3 84.1 84 83.9 83.8 82.9 82.4 81.8 81.1 81.1 81.2 81.3 81.6 81.8 81.1 80.8 80.2 79.5 78.8 78 77.3 77 76.8 76.5 75.6 74.7 74 73.4 72.9 72.6 72.6 72.8 72.4 71.9 71.5 71.4 71.2 71 70.8 69.4 69 69 69.4 70.2 70.7 70 69.5 68.8 68.5 68.7 70 70.1 70.6 71.3 71.5 71.6 70.8 70.5 71.1 71.7 71.5 71.2 71 70.8 70.5 70.4
86.2 85.8 85.4 85.6 84.8 84.5 85.1 85.5 85.7 86.2 87.1 86.9 86.8 86.7 86.5 86.4 86.2 86 85.3 84.9 84.7 84.5 84.3 83.3 82.8 82.3 81.7 81.1 80 80.1 80.6 80.6 81 81.4 81.5 80.8 80.1 79.5 78.8 78.4 78.2 77.7 77 76.1 75.2 74.5 73.9 73.3 73 72.7 72.3 71.8 71.4 70.9 70.4 70.2 70 69.9 69.1 69 69 69.1 69.6 70.2 69.8 69.2 68.7 68.8 68.7 68.7 69.2 70.1 70.6 70.8 70.8 70.3 70.5 71.1 71.6 71.2 71 70.7 70.5 70.4 70.3
85.5 85.4 85.1 84.8 84.6 85 85.5 85.7 85.9 86.5 87 87.2 87.1 86.9 86.7 86.4 86.2 86.1 86 85.6 85.2 84.7 83.5 83.1 82.6 82.1 81.6 81.1 80.1 80 79.6 79.6 80 80.1 80.3 80.5 80.3 80.9 79.8 79.3 78.7 78.4 77.6 76.7 75.8 75 74.4 73.8 73.4 73.3 72.9 72.4 72 71.7 71.2 70.7 70.2 69.7 69.1 68.5 68.3 68.2 68.8 69.6 69.6 68.8 68.3 68.1 67.9 68 68.2 69.1 69.7 69.9 70.3 70.5 70.9 71.3 71.5 71 70.8 70.6 70.4 70.1 70.4
84.5 84.2 84.5 84.5 84.8 85.4 85.8 85.9 86.2 86.7 87.1 87.4 87.2 86.9 86.6 86.4 86.3 86.2 85.7 85.3 84.9 83.8 83.3 82.5 82.2 81.8 81.3 80.8 80.4 79.8 79.2 78.8 79 79.3 79.5 79.6 79.8 80.4 80.8 80.5 79.2 79 78.1 77.2 76.6 76.2 75.6 74.3 73.8 73.8 73.5 73.1 72.7 72.3 72 71.6 71 70.5 69.7 69.1 68.5 68.1 69.1 69.1 68.9 68.3 67.8 67.5 67.3 67.1 67 67.2 67.4 67.6 70.1 70.6 71.1 71.3 71.4 71 70.7 70.5 70.3 70.1 70.2
