data/SU43.asc
ncols 200
nrows 200
xllcorner 440000
yllcorner 130000
cellsize 50
[rows 74 to 110 of 200, columns 83 to 165 of 200]
118.5 119.5 119.4 119.3 118.3 117.1 116 114.6 113.1 112.4 112.2 111.5 110.8 110 109.1 108 106.7 105.3 103 100.6 98.4 96.4 94.3 93.1 92.1 91.5 91 90.4 89.7 89 89.1 90.4 91.7 93 94.3 95.6 95 94.3 93.7 94.4 95.4 96.3 97.3 98 98.7 99.2 98.7 97.7 96.2 93.7 92.9 93.1 94 95.7 97.5 98.6 99.4 99.9 100 99.7 99.5 99.5 100.1 100.4 100.6 100.8 100.5 99.7 99.6 99.6 99.6 100.1 102.4 104.3 105.1 104.4 103 102.2 101.9 101.2 100.7 100.2 99.6
118.7 119.6 120.5 120.5 121 120.3 119 117.6 116.1 114.8 113.6 112.8 111.5 109.7 108.6 106.9 105.8 104.4 102.5 100.2 97.6 95.2 93.8 93.3 93.3 93.2 92.2 90.8 90.1 89.8 90.5 91.6 92.9 94.3 95.7 97.2 96.7 95.9 95.6 96.5 97.9 98.7 99.6 100.4 101.3 101 100.4 98.8 97.3 95.1 95.4 95.8 96.2 97.1 98.6 100.2 101.2 101.8 102 101.7 101.7 101.9 102.4 102.6 102.7 102.4 102.7 102.2 102.3 102.2 102.3 102 102.8 104.8 105.7 104.9 103.8 102.1 101.1 100.1 99.3 98.8 98.2
118.2 119.1 121 121.6 122.1 121.9 121.4 120 118.4 116.5 114.8 113.5 111.4 109.5 107.5 105.6 104.2 102.9 101.3 99.1 96.8 95.1 95.1 94.9 94.9 94.8 93.5 91.9 91 91 91.9 92.8 94.2 95.7 97.3 98.8 98 97.3 97.6 98.6 100.6 101.4 102.1 103.1 103.8 103.4 102.1 99.7 98.4 98 98.5 98.7 98.9 99.6 100.9 102.1 103 103.8 104 103.9 104.1 104.3 104.6 104.5 104.3 104.1 104.4 104.5 104.4 104.3 104.2 103.8 103.5 105.1 106.1 105.5 103.9 102.1 100.1 98.2 97.7 97 96
117.6 118.6 120.6 122 122.8 123.3 123.1 121.7 120.1 118.3 116.5 114.1 111 108.4 106.4 104.4 102.4 100.8 100 98 96.4 96.6 97 97.2 97 96.1 94.5 92.9 92.3 92.2 93.1 94.2 95.6 97.2 98.8 100.4 99.3 99.3 99.5 101 104.1 105.4 106.4 106.8 106.4 105.7 103.5 101.6 100.9 101 101.5 101.9 102.1 102.9 103.8 104.6 105.2 105.7 106.1 106.1 106.1 106 105.7 105.7 105.7 105.7 105.5 105.2 104.8 104.6 105.1 104.8 105.1 105.4 106 105 104 102.2 99.9 97.4 96 94.8 93.9
117.1 118.2 120 121.4 122.3 123.1 123.2 122.5 121.4 119.9 118.1 115.6 112.3 109.4 106.4 104 101.6 100.1 99.4 98.3 98.3 98.9 99.2 98.9 98.3 96.9 95.1 93.9 93.3 93.7 94.6 95.8 97 98.6 100.1 101.5 102.3 102.5 101.8 104.2 107.8 109.1 109.8 109.5 108.8 107.7 105.3 104.9 104.3 104 104.4 104.9 105.5 105.9 106.3 106.7 107 107.3 107.2 107.1 106.9 106.5 106.1 105.7 105.6 105.4 105.1 104.8 104.4 104 104 103.7 103.4 103.5 104.5 103.8 102.8 101.5 99.1 96.6 94.4 93 92.8
116.5 117.7 119.5 120.8 121.7 122.9 122.9 122.9 122.1 121 119.8 116.9 114.3 111.6 108.6 106 103.8 102.4 100.9 100.4 100.3 100.8 101.1 100.3 99.4 97.6 95.7 94.5 94.7 95.4 96.3 97.3 98.4 100 101.4 103.1 104.9 106.6 106.3 107.1 110.3 112 112.4 112.2 111.2 110 108.9 107.8 107.6 107.7 107.6 107.8 108.2 108.4 108 107.8 107.9 107 106.9 107.1 106.8 106.4 105.9 105.4 105 104.6 104.2 103.8 103.4 103 102.6 102.2 101.7 101.3 101.3 101.1 100.8 99.8 97.9 95.4 92.8 91.6 92.9
115.9 117.1 118.9 120.2 121.4 122.8 122.8 122.9 122.4 121.8 120.7 118.7 116.3 114.3 111 108.3 106 104.4 102.9 102.5 102.4 102.8 102.5 101.5 100.1 98.2 96.4 95.7 96.4 97.1 97.9 98.9 100 101.3 103 105.3 108.1 110.3 109.9 110 112.4 114.1 114 113.7 113.3 112.1 111 110.2 109.9 109.8 109.7 109.7 109.2 109 108.7 108.5 107.5 106.4 106.4 106.6 105.6 105.5 104.8 104.1 103.4 103 102.6 102.2 101.8 101.4 101 100.3 99.8 98.8 98.5 98.2 97.9 97.5 95.8 93.8 91.2 91 93.7
115.6 117.2 118.7 120 121.3 122.6 122.6 122.7 122.5 122 121.2 119.7 117.6 115.9 113.5 110.7 108.5 106.7 105 105 104.9 105.1 104.1 102.7 101 99.1 98.1 97.5 98.1 98.8 99.5 100.6 101.7 103.6 106.4 109.7 111.4 113.8 113.2 112.1 113.7 115 114.9 114.6 114.3 113.9 112.9 111.7 111.4 111.2 111.1 110.4 109.4 108.9 108.6 108 106.9 105.8 105.8 105.1 104.4 103.7 103 102.3 101.6 101.2 100.8 100.4 100 99.6 99.1 98.1 97.2 95.9 95.1 95.3 95.1 94.9 93.5 91.1 89.6 92.6 95
116.1 117.7 119.2 120.3 121.2 122.4 122.5 122.6 122.5 121.9 121 119.8 118.1 116.6 114.8 113.1 111.2 109.6 108.3 107.8 107.7 106.8 105.9 104.1 101.9 100.5 99.6 99.8 100.1 100.7 101.6 102.6 103.9 105.8 109 112.6 113.8 116 115.9 114.9 115.3 115.9 115.4 115.2 115 114.5 113.2 112.7 111.9 111.1 110.8 109.8 108.6 107.4 107 106.8 106 105.2 104.2 103.2 102.4 101.9 101.3 100.5 99.9 99.5 99.1 98.7 98.3 97.9 97.1 96.1 94.6 93 91.7 91.5 90.6 90.1 88.8 88.6 90.7 93 95.8
116.7 118.2 119.4 120.3 120.7 121.4 121.4 121.3 120.9 120.6 120 118.6 117.3 116.2 115.1 113.8 112.7 111.6 110.9 110.2 109.6 108.6 107.8 105.7 103.7 102.3 102.1 102.1 102.2 103.4 105.3 106.3 108.8 110.8 111.8 114 116.8 117.7 118 117.5 116.8 116.5 116 115.8 115.1 114.5 113.4 112.2 110.9 109.9 108.8 108.3 107.3 106.4 105.5 104.6 103.5 102.8 101.9 101.1 100.5 100.1 99.5 98.8 98.1 97.7 97.3 96.9 96.5 96.1 95.2 94.4 92.6 90.6 88.8 87.5 86.8 87.1 88.8 90.3 92.9 94.6 96.9
117.5 118.7 119.2 119.9 119.9 119.6 119.4 119 118.5 118.2 117.8 117.3 116.2 115.2 114.3 113.6 112.9 112.1 111.5 110.9 111 110.8 110 108 106.5 105.8 105.4 105.4 105.4 107.7 110.9 113.3 114.7 115.3 115.1 116.2 117.2 119.1 119.4 118.7 117.9 117 116.2 115.6 115 114 112.3 110.8 108.8 107.8 107.1 106.4 105 103.8 102.4 101.6 101 100.3 99.4 98.5 98.2 97.9 97.5 96.8 96.1 95.8 95.3 94.8 94.1 94.2 93.5 92.6 90.6 88.7 87.2 86.5 87.6 90.2 92.1 93 94.4 96.1 97.9
117.8 118.9 119.2 118.6 118.2 117.3 117 116.6 116.2 115.8 115.3 115 114.6 114.1 113.1 112.6 112.4 112 111.6 111.7 111.8 112 112.2 110.8 110.1 109.7 109.6 110 110.2 110.8 114.7 117.2 118.3 118.3 117.8 117.8 116 119 119.7 118.6 117.5 116.4 115.2 113.9 112.7 112.1 110.9 109.2 106.7 105.4 104.8 104.2 102.6 101.2 100.2 99.2 98.5 97.8 96.8 96.4 95.9 95.6 95.2 94.5 93.6 93 92.3 92 92.4 92.1 91.8 90.6 88.8 87.1 85.4 85.8 88.8 91.8 93.4 94.7 95.8 96.7 97.5
117.8 118.5 117.7 116.3 115.2 114.6 114.1 113.7 113.6 113.5 113.2 112.8 112.5 112.1 111.5 111.1 111.1 111.5 112.3 112.5 112.6 112.8 113.2 113.7 113.5 113.3 114.6 115.1 115.1 114.6 117.1 119.1 119.8 119.8 119.5 118.1 114.9 118.1 118.5 117.2 116 114.6 113.1 111.6 110.6 110.2 109.4 107.1 104.6 103.1 102.4 101.9 100.4 99.3 98.1 97.1 96 95.2 94.7 94.2 93.8 93.4 92.9 92 91.1 90.4 90 90.1 90.3 90 89.7 89 87.7 86.2 84.8 86.5 88.7 91.4 92.8 94.3 95.3 95 95.6
117.1 116.5 115.7 114 112.3 111.8 111.4 110.9 110.8 111.1 111 110.7 110.3 109.9 109.5 109.2 109 110.5 111.5 112.2 112.9 113.7 114.3 115 115.9 116.7 117.4 118.3 119 118.7 119.2 120.6 121.2 121 120.5 119.7 114.9 117.9 116.4 115.6 114.2 112.7 111.2 109.5 108.5 107.9 106.4 104.9 102.8 100.9 100.1 99.7 98.5 97.4 96.2 95.1 93.9 93 92.6 92.2 91.7 91.2 90.6 89.9 89.1 88.4 88.1 88.2 88 87.7 87.4 86.5 85.7 84.9 84.5 86.2 88.5 90.2 91.4 92.8 93.1 92.3 94.9
114.5 113.7 113 111.7 109.9 108.9 108.4 107.9 108.1 108.4 108.7 108.5 108.2 107.7 107.2 106.9 108 109.4 110.8 111.5 112.1 113 114.5 115.5 117.6 118.9 120 120.9 121.5 121.2 121.2 121.6 121.4 121.5 121 119.9 114.5 117.2 114.9 113.8 112.3 110.8 109.3 107.5 105.7 105 103.6 102.7 101.5 99.6 98.3 98 97.4 96.7 95.3 93.8 92.6 91.4 91 90.6 90.1 89.7 89 87.9 86.8 86.4 86.2 86.1 85.8 85.5 85.2 84.1 83.2 82.6 83.4 85.9 87.7 88.9 90.1 90.3 90.2 92 95.2
111.7 111 110.2 109.2 107.7 106.2 105.7 105.5 105.6 105.8 106 106.3 106 105.5 104.9 105.5 106.9 108.4 109.8 110.7 111.3 112.2 113.9 116.3 118.5 120 121.3 121.8 122 122.3 122 121.3 120.6 120.9 120.7 119.3 114.5 117.3 113.7 111.8 110.2 108.6 107.1 105.5 103.9 102.7 101.7 100.8 99.9 98.1 97 96.2 95.6 95.2 93.6 92.6 91.3 90.1 89.4 89 88.6 88.2 87.6 86.7 85.5 85 84.4 83.9 83.6 83.3 82.9 81.8 81.2 80.3 81.7 84.5 86.1 86.9 87.5 87.4 88.6 91.9 95
108.9 108.2 107.4 106.7 105.8 104.3 103.5 103.2 103.3 103.5 103.6 103.8 103.8 102.8 102.8 104.4 105.9 107.3 108.8 109.9 110.5 111.5 113.9 116.1 118.3 119.9 121.1 121.6 122 122.3 121.8 121 120 120 120 118.8 114.3 117.1 114.6 112 109.2 107.1 105.2 104.2 103.2 101.4 100.1 99.2 98.1 96.9 95.9 94.9 93.9 93.3 92.6 91.4 90.7 90 89.6 88.8 88.1 87.2 87.4 87.4 87 86.2 84.8 83.8 83 82.9 82.9 82 81 80.1 80.3 82.4 83.9 84.2 84.6 85.6 88.2 91.2 94.3
106.1 105.4 104.6 103.8 103.3 102.6 101.2 101 101.1 101.2 101.5 101.9 101.7 101 101.3 103.3 104.9 106.3 107.7 109.1 109.9 110.8 112.9 115.2 117.4 119.1 120.5 121.3 121.7 121.9 121.7 120.7 119.7 118.9 118.4 117.9 113.8 115.3 115.3 113.8 111.5 109.1 106.7 104.7 102.6 102.2 100.6 98.9 97.3 96.3 95.4 94.5 93.7 93 92.5 92.3 92.5 92.7 92 90.7 89.9 89.2 89.5 90.5 90.6 89.5 87.8 87 86.1 85.9 85.6 84.7 83.1 83.8 82.9 79.8 81 82 82.8 85.3 87.9 90.5 93.6
103.2 102.6 101.9 101.4 101 100.6 99.6 98.7 98.9 99.3 99.6 99.7 99.5 99.2 100.5 102.3 103.8 105.2 106.6 108 109.3 110 111.9 114.2 116.4 118.3 119.8 121 121.5 121.4 121.3 119.2 117.7 116.3 115.8 115.6 112.9 114.9 114.5 113.6 112.5 110.4 108.1 106 104.3 102.7 101.3 99.8 98.8 98 97.1 96.3 95.7 95.1 94.6 95.4 95.5 95.5 94.5 92.8 91.8 91.8 92 92.8 92.9 92.1 90.8 89.6 88.9 88.8 88.3 87.6 88.3 85.9 84 78.5 79.8 80.7 83.4 85.9 88.4 90.4 92.9
100.6 99.9 99.9 99.4 99 98.5 97.6 97.1 97.1 97.4 97.7 97.5 97.9 98.7 99.7 101.1 102.7 104.1 105.5 106.9 108.3 109.3 111.1 113.1 115.4 117.9 119.5 120.9 121.1 120.9 120.7 118.5 116.3 114.1 113.2 113.3 111.9 113.2 113.3 113.2 112 110.8 109.2 107.5 105.7 104.1 102.5 100.8 100.9 100.3 99.4 99 98.1 97.4 97 98 98.9 98.4 96.9 95.1 94.4 94.2 93.6 93.7 93.9 93.3 92.5 91.8 91.3 90.9 90.4 89.8 87.5 85.4 83.4 79 77.5 80.5 83.6 86.6 88.5 90.4 92.3
98 97.5 97.7 97.7 97.2 96.7 96 95.8 95.7 95.6 96 96.7 97.5 98.3 99.1 99.9 101.4 103 104.4 105.8 107.2 108.6 110.5 112.5 114.8 117.5 119.4 120.8 120.9 120.6 120.1 118.4 116 113.1 110.2 110.2 110.8 110.9 111.3 111.7 111.6 110.6 108.8 107.9 106.3 104.9 103.4 102.7 102.9 102.4 102.7 102 101.1 100.1 100 101.1 101.1 100.2 98.8 97.3 96.7 95.7 95.1 94.9 94.4 93.9 93.4 92.9 92.4 91.8 91.2 90.7 88.5 85.6 82.6 79.4 76.1 79.8 82.9 86.4 88.4 90.2 91.7
95.6 95.2 95.4 95.7 95.4 94.9 94.8 94.5 94.3 94.7 95.7 96.4 97.2 98 98.8 99.2 100.2 101.9 103.4 105.1 106.8 108.6 110.3 112.2 114.5 117 119.2 120.7 120.7 120.3 119.2 117.5 115.1 112.5 109.4 107 109.3 108.2 108.9 109.7 110.3 110 108.3 107.4 106.4 105.5 104.4 104.7 105 105.4 105.6 104.8 103.7 102.8 102.9 103 102.5 101.2 99.6 98.1 97.4 96.6 95.9 95.4 94.8 94.2 93.5 92.9 92.5 92.1 91.7 91.2 89.7 86.9 83 78.9 75.7 78.9 82.3 85.3 87 88.5 89.8
93.2 92.9 93.2 93.4 93.6 93.6 93.6 93.6 93.7 94.2 95.3 96.3 97.2 98 98.5 98.6 99.9 101.5 103.3 105 106.8 108.5 110.3 112 114.2 116.7 119.1 120.4 120.4 119.6 117.9 115.9 113.3 110.4 107.9 105.7 107.8 105.7 106.9 108.1 108.4 108.5 107.8 107 106.1 105.6 105.5 105.7 105.9 105.9 106 106.1 105.7 105 104.7 103.9 102.7 101.2 99.6 98.2 97.4 96.6 95.8 95 94.4 93.7 93.1 92.5 92.1 91.9 91.7 91.2 90.1 87.9 84.1 80.4 76.6 76.6 81.1 83.4 84.9 85.9 87.7
90.7 90.7 91.1 91.9 92.9 93.7 94.4 94.4 94.6 94.8 95.3 96.7 97.8 98.9 99.4 99.4 99.9 101.6 103.3 105 106.8 108.4 110.1 111.9 113.9 116.4 118.7 119.5 120.5 118.4 116.5 114.1 111.2 108.3 106.3 104.2 106.4 103.6 105 106.2 106.5 106.5 106.2 105.7 104.9 104.4 104.5 104.6 104.8 105 105.2 105.3 105.4 105.3 104.5 103 101.9 100.9 99.7 98.2 97.1 96 95.1 94.1 93.2 92.6 91.6 91.4 91.7 91.5 91.3 91.1 90.3 88.7 85.7 81.9 78 77.5 78.7 80.9 82.6 84.1 85.7
89.7 90.5 91.4 92.5 93.3 93.8 94.8 95.8 95.9 96 96.2 96.7 97.5 99.1 99.9 100.2 100.5 101.5 102.8 104.5 106.2 108.2 110 111.7 113.8 116.1 118.1 119.2 120.3 117.7 115.1 112.1 109.1 106.4 104.5 103 105 102 103.3 104.4 104.6 104.6 104.1 103.7 103.2 102.9 102.9 103 103 103.3 103.3 103.4 103.8 103.9 103.4 102.1 101.1 100.1 99 97.8 96.3 94.9 93.6 92.2 91.2 90.4 89.7 89.6 90.1 90.7 90.7 90.5 90.4 89 87.2 83.7 80 76.1 75.8 78.1 79.7 81.8 85.7
91.1 92.3 93.5 94.7 95.1 95.9 96.9 97.5 97.6 97.6 97.7 97.7 98.1 98.6 99.5 100.2 101.3 102.3 103.2 104.2 105.5 107.6 109.7 111.8 113.9 116.2 118 119.4 120 117.9 114.9 111.8 108.5 105.5 103.3 101.5 103.5 100.1 101.6 102.5 102.8 102.5 102.1 101.7 101.1 100.6 100.6 100.6 100.7 101 101.3 101.5 101.7 101.8 101.7 101.2 100 98.8 97.7 96.5 94.8 93.1 91.7 90.4 89.3 88.4 88 87.9 88.4 88.9 89.5 89.9 89.7 89 87.9 84.6 81.4 76.1 72.9 74 78.1 82.2 86.3
93.6 94.2 95.7 96.8 97.3 98 98.8 99.1 99.3 99.3 99.2 99 99.1 99.4 99.9 100.6 102.1 103 104 105.2 106.4 108.5 110.9 112.8 114.7 116.9 119.1 120.1 120.3 118.5 115.9 112.8 109.8 106.6 103.6 101.3 102.3 98.5 99.6 100.4 100.8 100.6 100.2 99.9 98.7 98.3 98.3 98.3 98.3 98.6 99 99.3 99.5 99.7 99.6 99 98.1 96.9 95.7 94.4 93.1 91.6 89.9 88.5 87.4 86.6 86.3 86 86.8 87.4 88 88.4 88.6 88.3 87.5 85.6 83 78.8 74 72.7 77.3 81.7 87.6
95.3 95.8 97.3 98.4 99.4 100.1 100.5 100.8 101 101 100.7 100.5 100.4 100.5 101 101.8 102.8 104 105.3 106.6 108.7 109.9 112.1 114.4 116.2 117.9 119.7 120.9 120.9 119.8 117.4 114.7 111.7 107.9 104.2 101.6 101.7 97.5 97.2 97.8 98.1 98.3 98.4 97.6 96.3 95.9 96 96 96 96.2 96.5 96.8 97.1 97.2 97.1 96.7 95.9 95 93.7 92.4 91 89.6 88.3 86.7 85.6 84.9 84.3 84 85.1 85.9 86.5 86.9 87.2 87.4 86.9 85.6 83.2 79.4 74.5 73.2 77 84.5 90.4
95.2 97 98 98.8 100.2 101.1 101.6 102.3 102.7 102.5 102.2 102 101.8 101.9 102.6 103.5 104.4 105.7 107.5 109.7 111.5 112.9 114.3 115.9 117.4 118.8 120.2 121.5 121.6 120.9 118.8 116.2 113.4 109.2 105.2 102.6 101.4 97.5 95.7 95.2 95.4 95.5 95.7 94.8 94 93.2 93.2 93.1 92.9 92.8 93.4 94 94.3 94.4 94.3 94 93.7 92.7 91.3 90 88.7 87.5 86.2 84.9 83.7 82.5 82 81.9 83 84.1 85 85.5 85.7 86 86 85.3 82.1 78.1 74 72.9 76.6 85.1 91.3
94.3 96 97.6 99.2 100.2 101.7 102.3 103.1 103.8 104 103.8 103.5 103.3 103.4 104.6 105.9 106.7 108.4 110.6 112.7 114.3 115.5 116.9 117.3 117.5 118.7 120.1 121.6 122.1 121.4 120.2 118.1 114.8 110.7 107.1 103.9 101.8 98.1 96.5 94.9 93.7 93.5 93.4 92.8 91.9 90.6 90.5 90.2 89.8 89.7 90.1 90.6 91.2 91.5 91.5 91.2 91.2 90.4 88.7 87.2 85.9 84.6 83.3 81.9 80.6 79.4 79.8 79.8 80.9 82.1 83.2 84 84.3 84.5 84.3 83.5 80.3 77.6 73.3 72.4 75.5 84.3 90.7
93.4 95 96.6 98.2 99.7 101.2 103.2 103.8 104.6 105.3 105.3 105.1 104.9 105.1 106.5 107.9 109.4 110.3 113 115.4 116.5 117.8 118.5 118.8 119 119.1 119.9 120.6 121.4 121.1 120 118.4 115.4 111.8 108.6 106 103.2 99.6 98.2 96.4 94.6 92.9 91.6 90.7 89.9 89.5 88.9 87.7 86.9 86.3 86.7 87.4 88.1 88.4 88.7 88.4 88.6 88 86.3 84.6 83 81.7 80.4 78.8 77.6 76.5 76.7 77.6 78.7 79.9 80.9 81.5 82.1 81.7 81.1 80.6 79.4 76.9 72.2 71.8 75.3 84.4 90.5
92.5 94 95.5 97 98.6 100.4 102.5 104.5 105.6 106.2 106.8 106.7 106.9 107.5 107.6 109.3 111.5 113.2 115.5 117.3 118.7 119 119.1 119.3 118.7 118.4 118.2 118.7 119.1 119.3 118.7 117.3 115 111.5 109.3 107.8 104.8 103.5 100.8 98.4 96 94.3 92.8 92.4 92.3 91.9 91.4 90.5 89 87.9 85.6 84.5 84.7 85 85.7 85.9 86 85.6 83.9 82.1 80.4 78.9 77 75.8 75.1 74.1 74.1 73.2 75 76.4 77.6 78.2 78.6 79.3 78.8 78.2 78 75.3 70.4 72.4 78.6 86 90
92.9 93.8 95.4 97.1 98.8 100.7 102.3 103.9 105.8 107.4 108 108.8 109.3 110.1 110.3 111.4 113.5 115.6 117.4 118.6 119.4 119.1 119.3 118.8 117.9 117.3 116.7 116.1 116.4 116.6 116.4 115.6 114.5 111.6 110 108.8 106.2 104.8 102.7 100.4 97.7 95.9 95.1 95.3 95.5 95.3 94.7 93.1 91.4 89.7 88.4 86.7 84.8 83.2 82.5 83.2 83.3 82.4 80.5 79.5 78.7 78.8 79.7 80.5 80.2 78.1 76 75 71.8 72.2 73.5 74.3 74.8 75.6 76.4 76 76.6 71.7 70.2 74.9 81.6 87.4 90.1
93.8 94.3 95.5 97.1 99.2 101.1 102.7 104.3 105.9 107.5 109.2 110.3 111.6 112.9 112.9 113.6 115.2 117.2 118.3 119.2 119.8 119.5 119.1 118.2 117.3 116.4 115.5 114.3 113.7 113.7 113.8 113.3 112.5 112 110.9 109.7 107.6 106.4 104.7 103 101 99.7 99.4 99.8 100 99.1 98.1 96.1 94.3 92.9 91.5 89.9 87.5 85.1 83.1 82 81.3 81.1 80.9 80.8 81.6 83 84.3 84.7 83.9 82.1 80.3 78.4 75.5 73.1 71.2 70.4 71 71.9 72.8 72.6 69.7 68.9 73.6 78.7 84.8 88.1 89.8
95.6 95.4 95.7 97.3 99.6 101.4 102.9 104.5 106 107.6 109.4 111.6 113.5 115 115 116.2 117.4 118.3 118.8 119.2 119.2 118.9 118.3 117.6 116.7 116.1 115.7 113.8 111.7 111 110.9 110.8 110 110.2 109.7 109.1 108.7 107.7 107.2 106.3 104.7 104.1 103.8 104 102.4 101.3 100.3 99.2 97.8 95.9 93.7 91.4 88.7 86.1 84.7 84.3 83.8 83.7 83.7 83.5 85.4 86.3 87.3 87.4 87 85.8 84.3 82.1 80.1 78 74.7 71.6 69.4 69 68.3 66.7 66.3 70.6 77.2 82.7 86.3 88.4 89.2
97.4 97.2 97.1 97.4 99.2 100.8 102.7 104.3 105.9 107.5 109.8 112.1 114 115.8 117 117.6 118.3 118.6 118.7 118.4 117.8 117.3 116.9 116.6 116.4 115.9 115.7 114.7 112.5 110 108.6 108.1 107.9 108 107.9 107.8 107.6 108.5 107.8 107.6 108 107.5 106.9 105.7 104.2 102.9 101.8 100.7 99.2 96.7 93.8 91 88.7 87.2 87.3 87.2 86.8 86.4 86.4 86.7 87.7 88.3 89.1 89.1 88.6 87.6 86.2 84.4 82.5 80.6 78.3 75.4 72.3 69.8 67 65.9 69 74.7 80.4 83.8 86.4 87.4 88
98.4 98.7 98.3 98 98.7 100.1 102.1 104 105.6 107.9 110.2 112.9 114.6 116.5 117.8 118.5 118.8 118.5 117.7 116.2 115.2 114.4 114.2 114.9 115.3 115.5 115.5 115 113.4 111.1 109.1 106.7 106.3 106.3 106 106.5 106.3 107.9 108.2 108.5 109.1 108.3 107.5 106.4 105.3 104.3 102.8 101.4 99.7 96.5 93.7 91.8 90.6 90.1 89.9 89.2 89.2 89.4 89.1 89.6 89.9 90.2 91 90.8 89.9 89 87.4 85 82.4 80.5 78.8 77.1 74.2 70.6 66.3 64.3 70.9 77.2 81.7 83.8 85.7 86.4 86.3
