data/SU57.asc
ncols 200
nrows 200
xllcorner 450000
yllcorner 170000
cellsize 50
[rows 108 to 143 of 200, columns 0 to 80 of 200]
124.3 124.6 125.9 125.9 125.9 125.7 125.9 125.2 124.1 123 122.1 121.4 120.6 119.8 120.5 119 119.4 118.9 117.5 116.1 115.7 115.3 113.5 112.9 113.4 115.3 116.1 114.5 114.9 115.3 114.2 114.7 114.2 115.5 117.2 117.4 118.5 120.8 124.1 125.7 127.1 129.6 131.8 131.3 129.3 123.2 120.5 118.2 115.4 118.6 121 121.4 121.7 121.1 120.6 120.5 120.4 119 116.8 114.5 112.2 108.9 105.6 101.7 96.6 92.8 89.1 85.8 83.3 81.7 80.3 79.2 78.9 78.6 78.2 78.6 82.3 87.2 90.6 91.4 92.7
124.1 124.1 124 124 124.8 124 124.9 124.4 123.8 123.1 122.3 121.6 120.8 120 120.6 120.9 119.2 119.4 119 117.7 116.1 115.3 113.3 112.1 113.3 114.5 116.4 117.3 117 116.4 115.9 115.5 115.3 117.4 119.9 119.4 120.4 122.8 124.4 125.9 126.4 125.2 124.6 129.6 131.2 126.2 123.1 120.8 114 116.7 121 121.2 121.5 120.6 120.6 120.6 120.5 119.4 117.2 114.7 111.8 108 105.6 101.3 96.1 91.8 87.7 84.8 82.9 80.5 79.4 79.2 78.7 78.6 78.6 79 83.3 87.8 89.2 89.6 90.6
124.2 124.2 124 124 124.2 124.2 123.8 123.5 123.2 123.1 122.3 121.5 120.7 120.3 120.6 120.9 120.4 119.4 120.4 119.6 117.2 115.2 113.7 112 113.5 115.9 118.5 119.9 118.6 118.1 118.1 117.7 118 118.9 119.1 120.5 123 125 124.9 125.2 124.8 123 123.8 126.6 130.2 129.3 125.9 122 114.6 114.2 117.8 119.8 120.3 120.4 120.5 120.5 120.4 119.5 116.6 114.6 110.9 107.1 104 100.4 95.7 91.6 87.6 84.5 81.7 79.5 79.5 79.4 79 79.1 79.1 80 84.5 87.6 88.3 88.4 89.1
125.2 124.2 124 124 124 123.2 122.7 122.2 121.7 121.8 121.9 120.8 120.1 120.5 120.9 120.9 121.2 120.7 120.5 120.3 117.9 115.1 113.5 113.1 115.6 117.6 119.6 120.7 120.3 120.1 120.2 120.2 119.4 119.1 119.2 121.6 124.9 125.5 124.5 122.3 121.6 120.9 122.1 125.4 128.4 127.5 126.2 122.7 117.7 113.7 114.4 115.3 116.4 118 120 120.2 120 118.6 115.3 112.6 111.2 106.5 104.1 101 97.9 92.8 87.3 83.7 81 79.3 79.6 79.5 79.2 79.4 79.4 80.8 84.5 86.1 87.4 87.6 88.2
125.9 125.3 124 124.3 123.9 123.1 122.3 121.8 121.2 120.2 120.2 120.2 119.7 120.5 120.8 120.6 121.4 121.7 120.8 120.1 116.6 114.7 114.2 114.3 119.6 119.9 121.3 122.2 121.6 121.4 121.3 120.9 120.5 120.6 121.1 122.6 124.3 125 122.7 119.5 119.3 119.1 121 124.5 126.5 126.4 125.8 124 121.2 115.2 114.4 113.6 113 113.7 114.3 116.5 118.2 117 114.8 114.8 111.8 108.8 105.5 102.3 99.2 94.4 88.6 84.1 81.2 79.5 79.6 79.6 79.5 79.7 79.7 81.8 83.7 84.7 85.8 86.6 86.9
125.9 125.9 125 124.7 123.9 123 122.2 121.4 120.8 120.2 119.6 119.4 120.1 119.2 119.2 120.9 122.8 122.1 121 117.5 115.5 115 114.7 116.3 120.1 121.3 123.9 123.9 123.4 122.3 121.9 121.5 121.1 120.9 121.4 121.9 123.3 123.1 121.2 119.2 118.2 117.7 118.8 122.2 124.7 125.9 125.6 124.4 121.8 119.1 115.3 111.4 109.8 109.8 110.5 112.6 115.3 115.9 113.3 111.8 111.3 109 105.8 102.5 98.6 94 89.2 84.8 81.1 79.2 79.2 79.6 79.7 79.9 80.1 81.5 83.1 84 85.1 85.5 85.5
126 125.9 125.7 124.6 124.4 123.5 122.7 121.8 120.9 120 120 120.4 120.6 119.9 116.2 115.5 122 119.9 115.6 115.9 116.9 116.6 116.1 118.7 121.1 122.8 125.5 125.8 125.2 123.7 122.7 122.1 121.6 121.1 121.6 121.7 121.8 121.1 120.8 119.6 117 115.8 115.9 118.2 119.7 120.5 121.7 121.7 121 120.6 115.5 110.1 106.6 105.9 106.7 108.1 110.7 110.9 110.1 107.8 109 108.2 105.6 102.4 99 94.3 90 85.4 81.2 78.9 78 78.1 78.5 79.1 80.5 81.7 82.6 83.5 84.1 84.4 84.7
126 125.8 125.3 124.2 124.2 124.2 123.3 122.4 121.7 121.2 120.9 121.2 121.1 120.2 118.7 118 119.2 117.8 115.8 117 117.8 119.6 120.9 122.5 122.9 124.9 126.8 128.1 127.2 125.2 123.7 122.5 120.7 119.8 121.2 120.6 120.8 120.5 120.8 118.9 116.5 114.2 114.1 115.9 117 118.1 118.7 119.8 120.8 120.3 115.4 111.2 105.1 103.5 102.9 103.4 104.1 103.5 102.6 104 106.5 106.1 105.4 102.4 99.5 95.4 90.9 86.3 81.7 79.1 78 78.2 78.6 79 80.4 81.4 82.3 82.7 83 83.3 83.6
126 125.9 125.9 125.7 124.3 124.3 124 123.2 122.9 122.4 122.3 122.2 121 120 120 119.3 119.1 117.4 117.6 118.2 119.3 120.7 123.8 125.6 125.4 126.9 128.4 130.9 132.8 129.9 124.1 121.4 119.7 119.3 119.2 119.5 119.8 119.9 119.1 118 116 115.8 114 114.2 115 115.9 116.4 117.4 115.6 114 112.5 109.8 105.7 101.7 99.7 99 99 98.1 97.2 99.2 105.6 105.5 104.1 101.5 99.7 96.6 92.3 87.8 83.4 79.4 78.1 78.4 78.7 79 80.1 81.1 81.3 81.6 81.9 82.2 83
125.7 125.9 125.8 125.5 124.9 124.4 124 124.2 124 123.7 123.3 122.1 121 119.9 119.7 119.4 119.1 119 118.7 118.4 119.7 121.4 125 125.8 127.6 129.7 132.9 139.3 139.2 133.2 126.7 121.7 119.1 119.3 119.8 118.9 118.2 118 117 116.2 115.2 115.8 115.3 113.8 112.3 112.1 111.4 110.2 108.9 107.8 108.4 107.1 105.5 101.9 98.9 98.5 96 94.8 94.3 94.5 98.2 101.6 101.5 101.2 101 97.6 94 89.9 85.5 80.8 78.4 78.5 78.7 78.9 79.1 79.9 80.2 80.5 80.8 81.1 82.4
125.3 125.9 125.6 125.4 125.6 126.2 125.5 125.3 125.2 125.1 123.5 122.1 120.7 120.6 120.6 120.3 120 119.2 119.2 119 119.5 120.3 122.9 125.8 128.4 132.9 136.7 136.9 137.1 132.7 126.4 122.3 120 119.5 118.9 118 116.8 116.3 115.1 115 116 116 115.1 112.9 110.5 108.9 108.1 106.3 105.1 104.9 104.6 104.9 104.3 99.5 99.2 98.9 99.1 96.4 94.3 94.1 94.1 95.1 99.2 100.3 100.6 98 94.6 91.1 87.4 82.6 79 78.7 78.9 79.1 79.3 79.1 79.4 79.7 80 80.3 82.2
123.4 124.8 125.8 126.6 127.4 127.6 126.8 125.9 125.7 125.5 123.8 121.5 121.4 121.4 121.1 120.7 120.1 119 118.9 117.3 119.6 119.2 120.3 123.6 127.9 131.7 132.5 128.5 129.5 129.7 127.3 123.5 120.9 119.2 117.9 117.1 116 116.1 114.8 114.1 114 114 114.4 112.6 110.2 108.1 106.1 104.8 104.1 103.6 103 104.6 101.5 99.2 99 101 103.6 101.9 98.5 96.1 94.1 90.5 91.9 96.7 98.2 97 94.8 91.4 88.5 85.1 81.7 79 79.1 79.3 79.2 78.8 78.9 79.1 79.4 79.7 82.7
121.9 124.1 126.1 128.4 129.3 128.8 128.2 126.9 125.9 124.8 122.7 122.2 122.1 121.7 121.4 121 120.4 119 119.2 117 118.2 119 119.5 119.5 124.3 128.2 128.5 126.2 126.1 126.1 124.7 123.8 121.8 120.4 119.4 117.3 115.2 114.4 114.2 114 114 114 114.2 113 110.2 108.9 107.9 109.2 111.9 113.5 111 107.6 103.8 101.9 102.2 104 108.9 107.1 104.3 101.3 97.3 90.3 89.1 94.4 96.5 96.6 94.6 91.3 87.9 85.7 82.9 79.8 79.4 79.4 78.9 78.5 78.5 78.6 78.9 79.8 84.3
122.7 125.2 127.4 129.7 130.4 130.4 129.4 127.9 126.3 124.6 122.8 123.6 122.5 122.1 121.6 121.2 120.7 120.1 120.5 118.2 117.2 117.5 119 119.9 119.8 124.6 125.2 125.3 125.8 124.1 124 122.9 121.4 120.2 119.6 117.4 115.2 115.6 115.9 115.8 115.6 116 115.7 115.4 114.5 112.8 111.4 114.4 117.8 118.6 117.1 114.8 111.2 108.1 105.9 105.4 111 108.4 106.1 102.6 100.1 95 88.9 91.2 95.7 95.5 92.8 89.8 86.4 84.1 82.6 80.2 79.6 79.1 78.7 78.3 78.1 78.2 78.6 80.9 85.2
123.6 125.6 127.5 129.7 131.3 132.5 131 130.2 128.8 127.1 126.1 124.8 123.4 122.6 122.2 121.5 120.4 120.2 119.8 117.7 117.1 117.3 118.5 119.7 120.4 122.1 123.8 125.6 125.9 124.8 125.1 123.7 121.5 119.7 118.3 115.6 115.7 116 115.9 115.5 114.8 114.3 115 115.9 116 116 117.4 119.9 121.5 121.8 120.9 119.6 116 111.7 110.1 109.9 111 108.4 106 102.5 98.4 94.4 89.1 89.2 92.8 92.8 90.4 87.5 84.8 83.2 81.5 80.1 79.3 78.7 78.3 78 78 78 78.9 81.8 85.3
122.7 124.8 126.9 130.1 135 136.1 136.3 136.9 134.8 132.2 128.8 127 125.1 123.3 122.6 121.2 119.7 119.4 119.4 117.9 117.1 117.3 118.3 119.5 120.4 120.6 122.3 124.9 125 125.7 125.8 124.7 119 115.3 114.6 115.8 116 116 115.9 113.8 112.8 114 115.5 116 116 116 119.4 121.1 121.9 122 121.7 121.4 120.5 113.9 111.3 110.9 111 108.3 105.8 102.7 99.4 93.6 88.8 88.3 90.1 91.2 89.2 86.5 83.8 81.6 80 79.4 79 78.4 78 78 78 78.1 79.6 83.1 86.5
121.5 123.9 126.6 133 137.5 140.2 140.9 140.4 141.2 137.2 131.9 130 127.6 124.2 122.7 121.3 120.3 119.8 119.6 118.7 117.3 117.5 118.2 118.9 119.1 119 121.6 123.8 123.9 126.6 127.7 124.9 119.3 115.4 114.1 114.2 114.8 115 113.5 111.1 110.5 112.7 114.4 115.5 116 116 117.1 120.9 121 120.8 121.3 121.5 120.3 113.6 111.2 111 109.9 107.8 105.5 102.7 99.2 94.6 89.2 85.9 87.6 89.7 88.3 85.5 82.4 80.1 79.1 78.8 78.4 78 78 78.4 78.5 78.6 80.9 84.3 87.7
120.9 122.8 125.8 129.1 133.5 137.2 139.7 142.4 143.8 140.3 135.8 132.6 129.1 124.1 122.8 122.2 122 121.7 120.2 119.5 118 118 118.5 118.8 119.1 119 121.5 124 124.3 129.2 131 127.3 124 118.9 114 112.4 111.4 110.7 109.3 109.1 109.1 110.9 112.1 112.8 113.3 113.5 114.4 117.8 115.9 116.5 115.3 115.3 113.2 110 109.1 108.5 107.2 106.2 103.9 99.5 94.6 92.8 89.6 84.6 85.6 87 86.6 84 81 79.5 78.8 78.3 78 78 78.1 78.1 78.6 79.1 82.5 85.9 89.1
120.2 119.9 121.6 124.2 126.5 132.4 138.3 143.4 144 141.3 138.1 133.6 129.8 124.6 124.6 125 124.6 123.1 121.1 119.4 118.8 119 118.6 118.7 119 119.5 121.9 124.9 127.5 130.7 131.5 130 125.3 115.7 112.6 111 109.5 109.1 109.1 109.1 109.1 109.4 109.6 109.9 110.7 110.5 109.5 109.8 108.8 108.8 108.2 106.9 106.4 105.7 104.8 104.6 104.4 103.9 102.8 99.2 94.6 90.8 88.3 84.5 84.1 85.3 85.3 83.3 80.9 80.6 78.5 78.1 78 78 78.1 78.1 78.2 80 84.3 87.9 91.4
117.7 118.1 118.6 120.6 124.6 128 136.9 140.1 141.8 141 140.4 136 131.6 129.5 130.2 129.8 126.5 124.3 122.4 120.6 119.9 119.8 119 119 119 120.5 122.6 124.6 130 131.3 131.6 130.3 122.6 114.4 112.3 110.9 109.4 109.1 109.6 109.1 109.3 108.1 107.9 107.5 107.9 109.5 107.7 105.8 105.8 105.8 105.1 104.2 104 103.4 104.1 104 103.4 103 101.7 100.2 96.9 92.8 89 85.3 83.6 82.7 82.3 80.7 79.3 78.6 78.3 78.2 78 78 78.1 78.1 78.9 81 85.5 89.2 91.8
116.3 116.3 116.7 119.3 125.6 131.6 134.4 136 140.9 141.7 141.7 140.6 136.8 136.2 135.7 133.4 129.5 126.1 124.2 122.2 120.8 120.4 120.4 119.2 119.2 121.1 122.5 125.4 130 130.9 131 127.3 121.1 115.1 112.9 111.6 110.5 109.1 110.4 109.2 108.7 107.2 105.3 104.3 104.2 103.8 103.5 103.5 103.9 104.3 103.6 103.5 103.6 103.4 104 103.8 102.6 102.2 101.9 101.5 101.1 97 92 86 82 79.9 79.5 79.1 78.9 78.5 78.2 78.1 78.1 78 78 78.6 79.7 83.8 86.4 88.6 90.5
115.5 114.6 115.3 119.7 123 130 130.3 131.5 137.1 141.8 142.7 141.6 140.4 139 137.6 135.4 132.1 128 126.1 123.1 122.1 121.1 120.7 120.2 119.5 119 120.2 124.2 127.5 129.5 127.8 122.1 117.5 115.7 113.6 112.9 111.8 110.9 110.3 111 108.8 106.4 104.2 103.9 103.6 103.2 103.1 103 103.6 104.1 104.9 104.2 104.1 104.1 104.1 103.5 102.1 101.3 101.2 101.6 101.3 99 94.7 88.1 83.4 79.2 79.1 79.1 78.8 78.5 78.1 78.1 78.1 78 78.3 79.1 80.3 85.2 85.3 86.7 88.6
114.1 114.6 116.5 119.7 122.1 124.7 125.4 127.5 135.6 140.9 141.5 141.1 140.5 139.2 138.4 136.5 134.1 130.3 126.2 124.4 123.3 121.7 121 120.1 119.3 119.1 118.9 121.3 123.1 122.5 120.4 118.6 116.6 115.3 114.3 113.7 113.4 112 110.6 111 109.4 107.2 104.6 103.8 103.4 103.1 103 103.3 104.5 105.6 109.9 110.4 110.3 110.2 109 104.6 101.1 100.8 100.9 101.3 101 98.9 95.3 89.3 86.1 83.2 81.2 79.5 78.8 78.4 78.1 78 78 76.3 76.8 78.5 80.2 83.1 84.2 85.7 87.5
112.8 114 115.2 117.4 119.7 120.3 120.4 124.7 130.8 140.7 141 141 140 139.9 139.1 137.6 135.5 131.6 127.8 124.5 123 121.4 120.6 119.8 119.1 118.8 118.6 120.2 119.6 120.3 119.1 118 116.9 115.7 114.3 114.3 114.9 112.5 110.9 110.5 110.1 107.6 105.1 104 103.6 103.1 103 103.5 105.2 110.7 115 116.3 116.1 116 112.6 106.5 98.7 98.6 99.5 100.7 100.2 97.7 95.4 94.2 90.6 87 84.8 82.9 80.7 80.1 78.2 76.6 76 75.7 76.2 77.6 79.5 83.2 85.6 86.7 88.7
112.5 113 114.1 114.6 116.9 118 118.9 123.7 130 138.8 140.9 140.7 139.7 139.9 139.3 138.1 136.3 132.7 128.8 125.6 123.7 122.2 120.8 119.8 119.4 118.9 118.5 118.7 119.5 119.3 118.5 117.7 117.5 116.7 115.7 115 115.8 113.3 110.8 109.2 109.6 107.5 105.2 104.1 103.7 103.5 103.5 104 105.4 109.6 116 116 115.3 113.1 108.2 101.1 96.8 96.3 97 98 98.2 96.9 96.6 96.2 94.5 90.4 87.5 85.3 83 80.4 77.9 76.2 75.3 75 75.9 77.5 79.6 84.4 85.6 87.4 89.4
111.5 111.9 113 114.4 115.8 117.4 119.9 123.6 129.8 134.3 137.2 139.6 139.3 138.8 138 136.1 133.7 130.2 126.5 124.7 122.5 122 121.5 120.5 119.9 119.4 118.8 119.2 120.4 120.2 119.2 118.7 118.5 118.2 117.2 115.8 115 113.4 111.6 109.8 108.7 107.7 106 105.1 104 103.9 103.9 104.1 104.1 106.1 109 109.4 108.6 106.3 101.7 98 95.9 93.2 95.2 95.6 96.1 96.5 96.5 96.5 96 90 87.6 85.6 83.3 80.8 78.1 76.1 75 74.4 75.3 77.2 79.3 81.1 84.7 86.2 88.9
110.3 110.8 112.3 113.7 114.6 116.4 118.6 121.6 125 128.2 132.9 137.1 138.1 137.1 135.2 132.3 128.2 125.8 123.3 121.5 121.7 121.2 120.7 120.3 120.1 119.4 118.8 119.6 120.9 120.7 120.4 119.3 119.4 119.9 119.9 118.7 115.7 114.5 113.4 111.8 109.7 108.7 108.4 107.7 106.3 104.7 105.7 105.1 104.1 104.2 105 104.6 103.6 102.5 100.2 97.4 94.6 89.3 89.4 92.1 93.1 96 96 96.2 93.6 89.8 87.8 85.7 83.4 80.9 78.3 76 74.6 74.3 74.8 76.9 78.7 80.2 82.4 84.2 86.5
109.3 110.3 111.8 112.8 113.6 115 116.5 118.5 120.1 123.8 129.9 133.9 134.5 132.7 129.7 126.7 124.3 122.4 121.4 120.8 120.8 120.5 120.2 120 119.8 119.5 119 120.2 120.6 120.3 120.1 120.3 121.5 123.2 123.4 122.3 122.5 121.1 120.3 118.6 113.5 110.8 110.7 110.6 109.9 108.2 107.2 105.7 104.2 102.8 102.4 102.5 102.5 100.6 99.2 97.2 93.9 89.9 88.5 89.1 89 91.4 93.4 93 90.4 89.1 87.8 85.9 83.4 80.9 78.3 76.1 74.8 74.1 74.5 76.3 78.2 79.7 81.7 85.2 88.3
109.1 110.3 111.1 111.9 112.6 114.1 114.2 116.6 119.9 124.9 129.6 129.4 128.4 126.3 124 122.3 120.4 119.7 120.1 120.4 120 119 118.7 118.8 119 119.3 119.4 119.9 120.6 121.6 122 123.3 124.9 126.1 127.2 128.4 125.9 125.4 122.4 120.9 115 111.1 111.3 111.1 110.9 109.8 107.5 105.8 104.1 101.3 101.3 101.4 101 100.4 100.5 98.1 95.8 93.5 89.5 89.1 88.5 89 89.5 88.7 88.5 88 86.8 85.6 83.4 80.8 78.5 76.8 75.5 74.6 74.1 75.8 77.7 79.7 81.7 84.9 88.3
108.5 109.6 110.7 110.9 111.5 112.2 113.1 115.5 119 122 123.8 123.6 120.8 119.5 117.7 117.5 116.3 116.6 116.4 115.8 116.1 115.5 115.8 117.2 117.5 118 118.9 119.9 120.8 122.3 123.4 124.9 126.3 128.6 131.6 134.5 131.5 127.4 122.1 116.7 109.3 110.7 111.2 111.1 111 108.9 106.7 105.2 103.2 99.9 100.7 100 98.8 98.7 98.3 98 96 95.9 95.7 91.7 89.3 87.9 86 85.6 86.4 86.8 86.3 85 82.9 81.2 79.8 77.2 74.9 74.2 74.1 75.5 77.9 79.1 80.3 82.5 85.9
108.3 109.3 110.3 110.3 110.2 110.4 111.9 113.9 115.6 116.9 116.6 116.6 115 114.6 113.9 113.3 113.6 114.2 113.9 113.8 113.9 114 115.1 115.7 116.3 117.6 118.7 119.2 120.9 122.9 124.7 126.1 127.5 130.1 135.7 136.7 131.8 126.9 120.3 113.4 108.2 107.9 108.7 109.6 110.3 106.2 105 103.5 102 100.3 98.3 97.4 96.2 97.2 96.9 96.4 96.2 96 95.9 94.8 90 87.3 84.8 84.1 84.3 84.9 84.9 83.5 82.2 80.6 79.3 77.4 75.4 75.1 74 73.8 74.9 76.9 78.6 80.3 82.6
108.1 108.9 109.1 109.2 109.2 109.3 110.4 111.3 112.6 115.2 113.8 109.4 111.1 112.5 112.2 111.7 112.3 112.6 113.7 113.7 113.9 114 114 114.4 115.9 117.4 118.9 120.5 122.1 123.6 125.5 126.8 128.8 135.4 139.8 136.3 129.1 124.3 119.4 111.6 106 105.5 104.2 105.6 103.3 102.5 102.6 101.6 100 99.2 97.6 95.4 94.5 95.5 95.6 95.2 94.9 96 94.4 92.9 90.4 87.8 85.1 85 83.7 82.9 83.1 82.2 81.7 80.4 78.9 77.2 75.5 75.9 74.1 74 74.1 75.6 77.1 79 79.8
107.3 107.9 108.1 108.3 108.2 108.3 108.4 109 109.6 109.4 109.2 109.2 110.1 110.7 110.5 110.2 111 112.4 113.3 113.8 113.9 114 114 115.6 116.3 117.8 119.2 120.9 122.5 124.1 125.6 127.1 130.7 137.6 140.1 132.1 126.3 120.8 115.2 108.8 105.4 103.4 101.4 99.7 99.1 99.7 100.7 99.6 98 97.8 96.6 95 94.2 94.4 94.3 93.3 93 91.5 90.5 90.1 89.3 87.3 85.8 83.7 81.9 81 81 81.3 81.2 80.2 78.1 76.4 75.1 75.3 74.5 74.2 74.2 75.2 76.6 78.5 81.4
106.9 107.3 107.4 107.6 107.6 107.3 107.4 107.5 107.8 108.4 108.9 109 109.4 109 109.1 109.5 111 112.6 113.3 113.8 114 114.9 115.8 117.1 117.9 118.5 119.9 121.3 122.8 124.1 125.7 127.4 129.9 137.6 140.3 129.6 125 120 116.2 112.7 109 104.4 102 100.4 101 100.1 99.2 97.7 96.6 96.3 95.5 93.6 92.3 93.3 93.6 92.2 90.2 89.1 88.5 87.2 86.3 85.5 83.8 81.7 79.8 79.4 80.5 80.7 80.4 79.6 77.2 75.8 74.6 74.6 74.5 74.3 74.4 76.6 78.1 79.5 81.4
106.6 107 106.8 107 106.9 106.7 106.8 107.1 108.3 109.6 109 109 109.1 110.7 110.3 110.1 111.3 112.9 114.2 114.6 115.5 116.4 117.3 118.8 119.8 120.1 120.9 122 123.4 124.4 125.8 127.6 130.2 137.3 142.1 132.7 125.9 121.5 119.8 115.8 113.2 110.8 107.6 100.4 101 101 99.9 96.9 95.3 95.6 94.6 92.3 91 91.6 92.3 90.4 89.3 87.5 85.3 84.1 84.2 84.5 83.7 81.3 79.2 79.1 79.8 79.8 78.7 77.5 76 74.8 74.3 74.3 74.3 74.2 75.4 77.6 80.2 82.5 84.6
107.1 106.7 106.7 106.3 106.3 106.5 106.8 107.8 108.8 110.4 109.9 109.3 110.9 111.8 112.6 112.4 112 113.5 115.3 116.1 116.9 118.1 118.6 120 121 121.5 122.4 124 124.9 126.1 125.9 126.7 129 136.8 142 135.4 127.7 123.3 120 116.1 115.1 113.1 109.3 100.3 99.1 100.5 100.7 96.6 94.8 94.2 93.4 91.6 89.5 89.3 89.9 89.5 89.1 86.9 85.1 84.2 84.3 84.5 84.5 82.1 79.8 79.2 78.4 78.5 77.2 76.5 75.4 74.5 74.3 74.4 74.2 74.2 78.1 80.8 84.2 87.1 88.6
