data/SU67.asc
ncols 200
nrows 200
xllcorner 460000
yllcorner 170000
cellsize 50
[rows 152 to 189 of 200, columns 0 to 85 of 200]
53.6 54.1 56.3 58.4 59.6 62.4 67.5 72.7 78.5 84.8 85.8 85.9 88.4 90.7 91 90.5 91 88.9 87.3 86.1 86 84.6 82.9 80.6 78.4 75.5 72.1 68.5 64.7 60.1 55.9 54.2 55.2 65 72.6 85.1 86.2 83.4 76.6 72 78.1 84.8 86.1 82.9 76.3 68.4 62.7 58.7 56.3 54.4 52.9 51.7 51.6 51.5 51.6 51.4 51 50.6 50.2 49.4 48.4 47.4 46.8 46.7 46.6 46.5 46.4 46.3 46.1 45.9 45.6 45.4 45.3 45.2 45.4 45.4 45.3 45.2 45.2 45.1 45.1 45 45.2 46 46 44.4
54.1 56.9 59.2 58.9 59.6 64.8 69.1 74.7 79.7 84.4 83.3 85.6 88 90 91 91 89.5 87.6 86.3 85.6 84.6 82.9 80.4 78.4 76.6 73.1 70.2 66.8 63.2 59.1 54.9 54 59.9 68.2 77.6 86.7 87.3 83.8 77.6 75.9 85.7 87.8 85.8 79.4 72.3 65.4 61.3 58.6 56 54.1 52.3 51.5 51.2 50.9 50.8 51.2 50.9 50.3 49.1 48.3 47.4 46.6 46.5 46.4 46.3 46.2 46.1 45.9 45.8 45.7 45.6 45.4 45.3 45.3 45.2 45.2 45.2 45.1 45.1 45.1 45 45 45 45.3 44.3 44.1
56.9 59.7 60.1 59.8 62.3 68.1 72 77.1 80.7 79.7 79.9 84.3 85.9 87.1 87.4 87.1 86.3 84.4 83.4 82.9 82 79.7 75.9 74.5 73 70.2 67.4 64.6 61.3 57.8 54 58.6 65.8 72.7 82.3 87.4 86.4 84 79.6 80.3 86.6 87 85.4 78.9 71.4 64.5 60.4 57.5 55.9 54 52.5 52 51 50.3 50 51.1 50.8 49.1 47.6 47.1 46.6 46.5 46.4 46.3 46.2 46.1 46 45.8 45.7 45.6 45.5 45.4 45.3 45.3 45.2 45.2 45.2 45.1 45.1 45.1 45 45 45 45 45.5 46
60.7 62.1 62.4 63.5 68 71.3 73.9 75.9 76.9 74.4 73.9 77.2 80.2 82.3 82.5 83.1 82.6 80.3 79.7 79 76.3 74.1 71.7 70.4 68.2 67.3 64.5 61.7 58.9 55.6 54.9 62.9 69.6 76.7 85.4 87.1 86.4 84.5 81.8 80.2 86 86.2 85.2 79.1 72 65.6 60.5 57.4 55.7 54 52.8 52.1 51.3 50.5 49.7 50 49.2 48.2 47.3 46.7 46.6 46.6 46.5 46.4 46.3 46.2 46.1 46 45.8 45.7 45.6 45.4 45.4 45.3 45.2 45.2 45.2 45.1 45.1 45.1 45 45 45 45 45 45.8
63.3 64.3 65 68.3 71.5 70.9 72.1 71.2 70.5 68.2 67.3 70.3 73.5 76.6 76.8 76.6 77 76 75 73.6 71.8 69.8 67.8 66.7 64.1 63.7 61.2 58.8 56.1 54.1 55.8 64 70.8 77 81.9 86 86.2 86.2 85.8 83.9 86 86.2 84.1 79.4 74.4 67.8 61.7 57.7 56 53.7 52.8 52.1 51.4 50.6 49.9 49.6 48.7 47.8 46.9 46.7 46.6 46.7 46.6 46.5 46.4 46.3 46.2 46.1 45.9 45.8 45.6 45.5 45.4 45.3 45.3 45.2 45.2 45.1 45.1 45.1 45 45 45 45 45 45
67.2 69.6 71.1 70.8 71.3 68.7 67.6 65.8 65.6 64.4 62.2 62.3 66.8 71 72 72.2 72.5 71.9 71.1 69.1 67.5 65.8 64.4 63.3 60.7 59.5 57.7 56.2 54.8 54 56.7 61.1 66.7 73.1 79.2 86 86.4 86.7 86.4 85.6 85.9 86.4 85 81 75.5 69.3 62.4 57.9 55.3 53.2 52.6 52 51.4 50.7 50.2 49.1 48 47.3 46.7 46.7 46.7 46.8 46.7 46.6 46.5 46.4 46.3 46.1 46 45.8 45.7 45.6 45.5 45.4 45.3 45.2 45.2 45.1 45.1 45.1 45 45 45 45 45 45
70.9 71 70.9 69.7 67.8 64.8 64.1 64 63.6 63 61.7 59.6 59.3 65.5 66.7 67.5 68.2 68 66.5 64.5 62.9 61.5 61 60.1 59.3 58.6 57 56 55.9 55.9 60 64 70 75.2 82.1 86.4 87.8 87.1 86.4 86 86.3 86 86 80.4 74.9 67.5 62 57.3 54.4 53 52.5 51.6 51.2 50.6 49.8 48.6 47.4 47 46.8 46.7 46.7 46.9 46.8 46.7 46.6 46.5 46.3 46.2 46 45.9 45.7 45.6 45.6 45.5 45.4 45.3 45.2 45.2 45.1 45.1 45 45 45 45 45 45
70.9 71 69 69.8 67.9 66.7 67 67.1 64.8 64.1 65.8 65.1 59.9 60.7 61.6 62.4 63.4 63.1 61.2 59.5 59.3 59.3 59.2 59.1 59.3 58.9 57.3 56.8 57 58.5 62.8 68.1 75 80.2 85.8 87.9 89.3 88.1 86.4 86 85.5 85.9 86 78.7 73 65.7 60 56.6 53.4 52.8 51.9 50.9 50.7 49.7 49.1 48.4 47.6 47.2 47 46.7 46.8 46.9 46.9 46.8 46.7 46.5 46.4 46.2 46 45.9 45.8 45.7 45.6 45.5 45.5 45.4 45.3 45.2 45.1 45.1 45 45 45 45 45 45
70.4 69 71 72.7 73 72.3 72.1 70 69.3 71.5 71.6 69 65.7 61.6 58.3 58.8 58.8 59.2 58.8 58.8 58.7 59.1 59.1 59.1 60.6 59.2 58.1 57.6 58 59.8 63.3 71.1 78.5 84.1 86.8 88.8 89.2 87.8 86.2 85.1 80.5 80.5 80.1 76.8 69.7 64.5 58.7 55.7 53.1 52 51 50.5 49.5 49.4 48.7 48.1 47.7 47.5 47.3 47.1 47 47 47 46.9 46.7 46.6 46.4 46.2 46.1 45.9 45.9 45.8 45.7 45.6 45.5 45.5 45.4 45.3 45.2 45.2 45.1 45.1 45.1 45.1 45 45
73.3 76.2 78.5 79.2 79.8 79.9 76.2 73.3 76.2 78.1 77.4 74.6 72.2 71.3 68.2 63.2 59 59.4 62.2 60 59.2 60.3 61.5 65 64.5 59.8 58.9 58.4 61.1 62.2 65 71.1 78 84.2 87.3 89.6 89.9 88.9 87.3 86.1 81.4 76.8 74.3 72.3 67.7 64.8 57.3 52.9 51.5 50.6 50.7 50 49.5 49.2 48.5 48 47.9 47.8 47.6 47.5 47.4 47.3 47.1 46.9 46.8 46.6 46.4 46.3 46.1 46 45.9 45.8 45.8 45.7 45.6 45.5 45.5 45.4 45.3 45.3 45.2 45.1 45.1 45.1 45.1 45.1
79.8 83.2 86.1 86.4 85.9 83.1 79.2 76.9 82.7 86.7 83.5 79 78 78 78.4 76.8 72.1 67.4 68.2 64.4 63.2 62.5 64.7 65.8 64.7 59.9 59.6 60 63.5 67.7 70 70.8 77.1 85 88.6 89.7 89.9 89.8 88.5 86.1 80.4 74.9 71 67.9 64.8 60 54.7 51.4 49 49 49.9 50 49.5 48.9 48.4 48.2 48.1 48 47.9 47.7 47.5 47.3 47.2 47 46.8 46.6 46.5 46.3 46.2 46.1 46 45.9 45.8 45.8 45.7 45.7 45.6 45.5 45.5 45.4 45.4 45.2 45.2 45.1 45.1 45.1
83.5 87.4 89 86.5 85.8 82.7 79 81.3 87.7 90.7 90.1 87.7 85.8 83.8 85 83.6 79.8 75.9 72.7 69.3 66.6 67.6 68 65.9 62.8 60 59.2 62.2 68.1 72.8 77.1 74.6 76.3 85.5 88.4 89.9 89.9 89.8 87.7 85.3 78.6 73.5 68.7 64.8 61.6 57.3 53.6 51.1 49.3 49.6 49.6 49.9 49.4 48.7 48.6 48.5 48.3 48.1 47.9 47.7 47.5 47.4 47.2 47 46.9 46.7 46.5 46.4 46.2 46.2 46.1 46 46 45.9 45.8 45.8 45.7 45.7 45.6 45.6 45.5 45.3 45.2 45.2 45.2 45.2
84.1 86.5 89.5 87.4 85.3 82.4 79.3 83.3 88.3 89.7 91 91 90.5 89.6 86.6 86 83.2 79 74.5 71.5 71.2 71.1 68.5 65 59.3 59.2 59.2 65.7 72.7 80.3 87.6 80.4 78.1 85.9 88.2 89.7 89.6 88.6 87.2 84.1 78.5 72.9 67.7 63.6 59.4 54.9 52.4 50.7 49.2 49.4 49.4 49.4 49.2 49 48.8 48.6 48.4 48.2 48 47.8 47.6 47.4 47.2 47.1 46.9 46.7 46.6 46.4 46.3 46.3 46.2 46.2 46.1 46 46 45.9 45.8 45.8 45.7 45.7 45.7 45.5 45.3 45.2 45.2 45.2
86.3 88.1 89.6 88.9 86.5 83.5 83.3 84.8 86.9 91 90.9 90.8 89.1 87.1 84.9 82.4 80.4 77.9 74.4 70.1 68.5 66.7 64.2 60 58.7 58.9 63 70 77.3 88.4 91.3 85.8 83.7 86.5 88.4 89.1 88.3 86.9 85.2 81.4 76 70.7 65.7 62.1 56.8 53.2 50.5 49.1 48.8 49 49.2 49.3 49.2 49 48.8 48.6 48.4 48.2 48 47.8 47.6 47.5 47.3 47.1 47 46.8 46.6 46.5 46.3 46.3 46.3 46.3 46.2 46.2 46.1 46 46 45.9 45.9 45.9 45.9 45.7 45.4 45.3 45.3 45.3
88.2 89.7 90.5 90.7 87 84 85.7 87.5 89.9 90.8 90.8 90.7 89.4 87 84.9 81.8 78.2 74.9 72.3 69.3 67.1 64.3 60.7 59.3 58.4 59.8 67.3 74.2 81.7 90.5 91.6 90.4 86.5 86.3 87.9 87.7 87 85.8 80.2 77.3 73.3 68.7 63.6 59.2 53.5 51.6 49.2 48.8 48.7 48.9 49.2 49.3 49.3 49.1 48.9 48.7 48.5 48.3 48.1 47.9 47.7 47.5 47.3 47.2 47 46.8 46.7 46.5 46.3 46.2 46.2 46.2 46.2 46.2 46.2 46.2 46.1 46 46 46 46 45.8 45.6 45.4 45.3 45.3
89.6 90.7 90.7 90 87.2 85.6 87.6 89.2 90 90.5 90.8 90.8 90.2 88.5 86.5 83.7 79 75.2 73.1 71 68.3 65.2 61.6 59.4 58.9 63.6 70.5 77.5 86.1 91.4 92.3 91.3 88.6 85.7 86.1 85.8 85.6 82.4 75.9 71.3 69.1 65.6 61.2 55.8 51.9 50.8 49.4 48.8 48.7 48.9 49.2 49.3 49.3 49.1 48.9 48.7 48.5 48.3 48.1 47.9 47.7 47.6 47.4 47.2 47 46.9 46.7 46.6 46.4 46.2 46.2 46.2 46.2 46.2 46.2 46.2 46.2 46.2 46.2 46.2 46.2 46 45.8 45.6 45.4 45.4
90.7 91.1 90.2 89.6 88.8 88.8 89.6 90.7 91 91.1 91 90.7 89.3 87 84.3 81.2 77.6 74.2 71.8 69.4 66.9 64.1 61.4 59.2 62.1 67.9 74.1 82.3 89.2 92.7 92.9 91.5 88.7 85.7 83.9 82 81.1 77.6 71.8 66.7 64.6 62.2 57.8 54.7 51.9 50.2 48.9 48.6 48.7 48.9 49.2 49.3 49.3 49.2 49 48.8 48.6 48.4 48.1 47.9 47.8 47.6 47.4 47.3 47.1 46.9 46.8 46.6 46.5 46.3 46.2 46.2 46.2 46.2 46.2 46.2 46.2 46.2 46.3 46.3 46.3 46.2 46 45.7 45.5 45.4
90.9 91 89.3 89.1 90.7 89.5 90.5 91 91.1 91.2 90.9 89.6 87.5 84.2 81.1 77.5 74.1 71.7 69.5 67.1 64.7 62.1 59.8 59.4 64.9 72 79.2 84.5 90.6 92.7 92 90.9 88.4 83.7 80.1 77.2 77.1 73.4 67.8 63.6 61.2 58.2 54.9 53.5 51.7 49.6 48.6 48.8 48.9 49 49.2 49.3 49.3 49.2 49 48.8 48.6 48.4 48.2 48 47.8 47.6 47.5 47.3 47.2 47 46.8 46.7 46.5 46.3 46.3 46.3 46.3 46.3 46.3 46.3 46.3 46.3 46.4 46.4 46.5 46.3 46.1 45.9 45.7 45.5
90.8 91.2 89.1 89.5 91 91.1 91.1 91.1 91.1 91.2 90.1 88.2 85.3 82.3 78.9 75 71.3 69.2 67.2 64.8 63.9 60.2 59.1 64 69.7 77.8 85.3 88.6 90.4 91.2 90.6 88.5 85 80.2 75.8 72.1 68.6 67.4 64.3 60.1 57.4 54.9 53.2 52 51.1 49.1 48.7 48.8 48.9 49.1 49.2 49.3 49.3 49.1 49 48.9 48.7 48.4 48.2 48 47.9 47.7 47.5 47.4 47.2 47 46.9 46.7 46.6 46.4 46.4 46.4 46.4 46.4 46.4 46.4 46.4 46.4 46.4 46.5 46.6 46.5 46.3 46.1 45.9 45.7
91.1 89.6 89.1 90.2 91.1 91.1 91.2 91.2 91.2 90.4 88.3 86.2 82.9 79.6 76.9 73 69.6 67.2 64.9 63.8 63.3 62.1 64 68.8 76.1 83.7 89.5 91.5 91.7 90.6 88.1 85.7 81.6 76.7 71.9 67.9 64.3 62.7 59.1 55.6 53.9 52.4 51.2 50.2 49.7 48.7 48.6 48.7 48.8 49 49.1 49.2 49.3 49.2 48.9 48.8 48.7 48.5 48.3 48.1 47.9 47.7 47.6 47.4 47.3 47.1 46.9 46.8 46.6 46.4 46.4 46.4 46.4 46.4 46.4 46.4 46.4 46.5 46.5 46.6 46.6 46.6 46.4 46.2 46 45.8
91 89.9 90.2 91.2 91.1 91.2 91.2 91.3 91.3 90.4 87.9 84.8 81.6 76.9 74.4 71.4 68.1 65.6 64.3 63.2 63 64.3 67.7 71.8 78.9 87.7 90.9 91.3 91.3 88.9 85.6 81.4 77.3 71.9 67.9 64.9 60.9 59.2 56.5 54 52.8 50.8 49.3 49.6 49.1 48.7 48.5 48.6 48.7 48.8 48.9 49 49.1 48.9 48.9 48.8 48.6 48.5 48.3 48.1 48 47.8 47.6 47.5 47.3 47.1 47 46.8 46.6 46.5 46.5 46.5 46.5 46.5 46.5 46.5 46.5 46.5 46.6 46.6 46.6 46.6 46.5 46.3 46.1 45.8
90.4 91.2 91.5 91.3 91.2 91.2 91.2 91.3 89.9 89.1 87.4 84.5 80.3 76.7 73.9 70.4 66.7 64.2 63.5 63.2 64.8 69.6 71.8 73.4 79.2 87.6 90.6 90.7 88.6 84.9 80.5 76 71.6 67.9 64.8 61.8 58 54.3 54.2 53.2 52 50.8 50.1 49.2 48.8 48.5 48.4 48.5 48.6 48.6 48.7 48.8 48.8 48.8 48.8 48.7 48.5 48.4 48.3 48.2 48 47.8 47.7 47.5 47.3 47.2 47 46.9 46.7 46.5 46.5 46.5 46.5 46.5 46.5 46.5 46.5 46.6 46.7 46.7 46.7 46.7 46.7 46.4 46.2 45.8
90.8 91.6 91.6 91.5 91.4 91.3 91.2 90.9 88.6 86.5 85.2 83 78.6 74.5 71.6 68.7 65.5 64 63.4 64.6 69.5 75.4 77.1 79 81.6 88.3 90.8 89.7 86 79.5 73.8 69.1 66.4 63.8 61.8 58.7 55.2 53.8 52.9 51.9 51.2 50.4 50.8 49.1 48.9 48.6 48.3 48.3 48.4 48.5 48.5 48.7 48.6 48.6 48.7 48.6 48.5 48.3 48.2 48 48 47.9 47.7 47.6 47.4 47.2 47.1 46.9 46.7 46.6 46.6 46.6 46.6 46.6 46.6 46.6 46.6 46.7 46.7 46.7 46.7 46.7 46.7 46.6 46.2 45.8
91.2 91.9 91.7 91.6 91.5 91.4 91.3 89.8 87.2 83 80.2 79.4 76.3 72.7 69.4 66.5 64.1 63.6 64.8 69.3 73.5 81 86 86.6 87.6 90.8 90.7 87.3 81.7 73.9 67.5 64.3 63.5 59.9 57.8 55.5 54.5 53.3 52.6 51.4 50.4 49.4 49.5 49.3 49.1 48.8 48.4 48.2 48.2 48.3 48.4 48.4 48.4 48.5 48.5 48.5 48.4 48.2 48.1 47.8 47.8 47.8 47.8 47.6 47.4 47.3 47.1 47 46.8 46.6 46.6 46.7 46.7 46.7 46.7 46.7 46.7 46.7 46.7 46.7 46.7 46.7 46.7 46.6 46.2 45.8
92.1 91.9 91.5 90.9 91 91.1 91 89.1 86.4 82 78.1 76.3 73.5 69.9 67.4 64.6 63.6 64 70.5 75.4 77.4 82.1 88.5 90.7 90.9 90.8 88.9 85.1 79 73.6 68.4 66.3 65.3 62.4 56.6 54.6 53.7 52.9 52.2 51.5 50 49 49.6 49.5 49.3 49.1 48.7 48.3 48.2 48.2 48.2 48.2 48.3 48.3 48.4 48.4 48.3 48.2 48 47.7 47.5 47.6 47.6 47.6 47.5 47.3 47.2 47 46.8 46.7 46.7 46.7 46.7 46.7 46.7 46.7 46.7 46.7 46.7 46.7 46.7 46.7 46.6 46.4 46.2 45.8
91.8 91.4 90.9 90.1 90 89.3 88.4 86.8 83.2 79.5 76.7 72.7 69.8 67.6 65.2 63.6 63 66.9 76.1 81.9 85.2 84.3 88.9 90.3 91 91 88.7 84.6 81.2 78 75.9 72.2 69.6 62.5 55.5 54 53.1 52.4 51.7 51 50.3 49 49.7 49.6 49.4 49.3 48.9 48.8 48.6 48.3 48.3 48.2 48.1 48.2 48.2 48.3 48.2 48.1 47.8 47.5 47.3 47.3 47.3 47.4 47.4 47.4 47.2 47 46.9 46.8 46.8 46.8 46.8 46.8 46.7 46.7 46.7 46.7 46.7 46.7 46.7 46.6 46.4 46.2 46 45.8
91.8 91.3 90.6 88.9 87.1 86 85.1 83.3 79.7 77.1 74.3 69.7 67.6 65.6 63.9 63 63.4 71.1 81 87 89.8 89.6 89.4 90.3 90.9 90.9 89.5 86.7 85.9 83.7 80.9 77.4 70.2 61.4 55 53.9 53.1 52.4 51.8 51.2 50.6 50.2 50.1 49.6 49.5 49.2 49.6 49.5 49.2 48.9 48.6 48.3 48.2 48.1 48.1 48.2 48.1 47.9 47.7 47.4 47.1 47.1 47.1 47.1 47.1 47.2 47.2 47.1 46.9 46.8 46.8 46.8 46.8 46.7 46.7 46.7 46.7 46.7 46.6 46.6 46.6 46.4 46.2 46 45.8 45.7
92.1 91.3 90.5 89.7 86.7 84.3 83 79.4 77.8 74.4 72.1 69.5 68.1 65.3 64.3 63.4 65.1 74.2 84.9 89.3 91.2 91.2 91.2 90.8 91.2 90.9 89.7 87.4 86.7 84.5 80.5 75.5 67.4 59.5 54.9 54 53.3 52.6 52 51.4 50.8 50.3 50.3 49.7 49.3 49.1 50.3 50.2 49.8 49.4 49.1 48.8 48.6 48.3 48.1 48 48 47.8 47.5 47.2 47 46.9 46.9 46.9 46.9 46.9 46.9 47 47 46.9 46.8 46.8 46.7 46.7 46.6 46.6 46.6 46.6 46.6 46.6 46.4 46.2 46 45.9 45.8 45.8
92.4 91.5 90.5 90.5 88.5 86.6 84.8 81.4 79.6 75.4 72.8 70.8 68.1 65.4 64 63.8 67.2 76.2 86.1 90.1 91.4 91.4 91.4 91.4 90.3 89.3 88.1 86 84.4 81.2 77.4 69.4 63.5 57.6 54.7 53.8 53.3 52.9 52.3 51.7 51.1 50.5 50.4 50.2 50 49.4 50 50.7 50.3 49.9 49.5 49.3 49 48.8 48.5 48.3 48 47.8 47.6 47.4 47.2 47.1 46.9 46.8 46.8 46.8 46.8 46.8 46.8 46.8 46.8 46.8 46.7 46.7 46.6 46.6 46.6 46.6 46.6 46.4 46.2 46.1 46 46 45.9 45.9
92.6 92.2 91.1 91 88.9 87.2 86 83.1 79.6 76.1 72.7 69.8 66.5 64.7 65.6 69.4 72.9 75.8 85 90.2 91.2 91.4 91.4 91.4 89.1 86.6 84.2 78.6 74.9 73.1 69 64.3 59.2 55.7 54.3 53.3 52.9 52.6 52.3 52 51.4 50.8 50.5 50.4 50.7 50.8 50.7 50.5 50.3 49.9 50 49.7 49.5 49.2 48.9 48.3 48.2 48 47.8 47.6 47.4 47.3 47.1 47 46.8 46.7 46.7 46.8 46.8 46.7 46.7 46.7 46.7 46.6 46.6 46.6 46.6 46.6 46.4 46.3 46.3 46.2 46.1 46.1 46 46
92.8 92.1 91.3 89.8 87.7 86 84.3 81.3 77.2 73.9 71.4 67.8 65 64 70.3 76.8 80.4 82.3 84.4 90 90.7 91.4 91.4 90.8 88.4 79.8 76 69.9 67.9 64.6 62.5 59.7 55.2 54.4 53.7 52.8 52.5 52.2 51.9 51.6 51.4 51.1 50.6 50.7 51 51.3 51.6 51.1 50.5 50.2 50.4 50.2 49.8 49.3 48.7 48.5 48.4 48.2 48.1 47.9 47.7 47.5 47.4 47.2 47.1 46.9 46.8 46.7 46.7 46.7 46.6 46.6 46.6 46.6 46.6 46.6 46.6 46.6 46.5 46.4 46.4 46.3 46.2 46.2 46.1 46.1
92.2 91.4 90.6 88.1 85.1 83.2 81.5 79.1 74.5 71.1 68.6 66.2 64.2 67.1 74.5 83.3 86.4 86 87.2 89.8 90.7 91.2 91.2 91.1 89.6 85.5 80.7 75.3 68.5 62.8 58.2 55 54.1 53.5 53.2 52.5 52.2 51.9 51.6 51.3 51 50.9 51 51.3 51.6 51.8 51.9 51.4 50.8 50.2 50.8 50.2 49.7 49.2 48.9 48.7 48.6 48.4 48.3 48.1 47.9 47.8 47.6 47.5 47.3 47.2 47 46.9 46.7 46.6 46.6 46.6 46.6 46.6 46.6 46.6 46.6 46.5 46.5 46.5 46.4 46.4 46.3 46.2 46.2 46.3
91.8 90.8 88.9 86.9 84.3 80.8 78 76.1 72.4 69 66.2 64.1 64.9 69.5 76.4 83.4 87.3 88.3 89 90.7 89 89.2 90.7 89.9 88.1 86.6 83.6 79.4 68.6 60.1 55.1 54 53.6 52.6 52.5 52.1 51.8 51.6 51.5 51.4 51.2 51.3 51.8 52 52 52 52 51.6 50.9 50.2 50.1 50.1 49.6 49.2 49.1 48.9 48.8 48.6 48.5 48.3 48.2 48 47.8 47.7 47.5 47.4 47.3 47.1 47 46.9 46.7 46.6 46.6 46.6 46.6 46.6 46.6 46.5 46.5 46.5 46.4 46.4 46.4 46.3 46.3 46.3
91.4 89.8 87.8 85.7 83.3 79.6 74.8 73 69.6 67.9 66 65.1 66.7 68.8 74.4 80.2 84 86.2 89 89.6 88.2 88.2 88.3 89.1 85.2 83.2 80.3 74.6 65 57.4 54.8 54 53.2 52.6 52.1 52.1 52 51.9 51.7 51.6 51.6 52.1 51.9 51.7 51.8 51.8 51.8 51.3 50.6 49.8 49.3 49.8 49.5 49.4 49.3 49.1 49 48.8 48.7 48.5 48.4 48.2 48.1 48 47.9 47.7 47.6 47.5 47.3 47.2 47 46.8 46.8 46.7 46.7 46.5 46.5 46.5 46.5 46.4 46.4 46.4 46.4 46.4 46.3 46.4
90.7 87.8 85.3 83.2 80.4 77 73.4 70 68.6 67.6 68.5 70.3 70.7 69.1 71.7 77.7 82.8 86 89.1 91 89.6 88.2 88.2 88.2 85.1 80 73.2 67.2 59.9 55 53.6 53.4 52.6 52.2 52.2 52.2 52.2 52.1 51.9 52 52.1 51.9 51.7 51.5 51.4 51.4 51.3 51 50.7 50 49.2 49.7 49.7 49.6 49.4 49.3 49.1 49 48.9 48.6 48.6 48.5 48.5 48.3 48.2 48.1 48 47.8 47.7 47.5 47.3 47.1 46.9 46.9 46.8 46.5 46.5 46.4 46.4 46.4 46.4 46.3 46.4 46.4 46.4 46.4
87.8 84.9 82.1 78 75.5 72.9 70.3 69.1 68.6 69.3 73.9 75.4 73.1 69 69.6 77.5 82.1 85.8 89.4 90.4 89.3 88.4 88.2 88.2 85.8 81.3 72.2 62.8 57.5 54.8 53.6 52.7 52.2 52.2 52.2 52.3 52.3 52.3 52.3 52.1 51.9 51.7 51.5 51.4 51.2 51.1 50.8 50.7 50.6 50.3 49.2 49.8 49.8 49.7 49.6 49.4 49.3 49.1 48.9 48.6 48.6 48.5 48.5 48.4 48.4 48.4 48.3 48.2 48 47.8 47.6 47.4 47.2 47 46.8 46.5 46.4 46.4 46.3 46.4 46.4 46.4 46.4 46.4 46.4 46.4
83.9 81.3 78.1 74.8 71.9 69.2 68.8 68.7 71.6 75.5 80.2 79.1 75.4 70.1 69.8 77.7 82 85.3 88.9 90 89.9 89 88.2 87 83 77.7 70.3 62.5 56.1 54.5 53.7 53 52.7 52.7 52.7 52.5 52.4 52.3 52.3 52.1 51.9 51.7 51.5 51.6 51.6 51.5 51.2 50.9 50.6 50.3 49.4 49.8 50 49.8 49.7 49.6 49.4 49.1 48.7 48.6 48.6 48.5 48.5 48.5 48.4 48.4 48.3 48.2 48.1 47.9 47.7 47.5 47.5 47.3 46.8 46.5 46.3 46.3 46.2 46.3 46.3 46.4 46.4 46.4 46.4 46.4
80.1 76.6 73.6 72.1 70.4 69 70.4 75.2 79 82.8 81.7 79.9 74.5 69.6 72 79 82.3 85.9 88.8 90 89.9 88.4 86.4 83.2 78.2 71.8 66.3 59.2 55 54.4 53.6 53.1 52.8 52.7 52.5 52.4 52.3 52.2 52.3 52.2 52 51.8 51.7 51.8 52 51.9 51.7 51.4 51 50.6 50.1 49.6 50.1 50 49.8 49.7 49.4 49 48.7 48.7 48.6 48.6 48.5 48.5 48.4 48.4 48.3 48.2 48.1 47.9 47.7 47.8 47.8 47.6 47.4 46.5 46.3 46.2 46.2 46.2 46.3 46.4 46.6 46.7 46.6 46.4
