data/SU70.asc
ncols 200
nrows 200
xllcorner 470000
yllcorner 100000
cellsize 50
[rows 0 to 39 of 200, columns 0 to 90 of 200]
41.3 39.3 45.3 48.3 50.8 49.3 44.2 38.2 32.7 29.1 29.1 33.1 36.9 38.2 38.6 38.5 37.9 37.3 36.5 34.8 33.1 31.4 30 29.5 30 30.6 31.2 31.4 30.6 30.3 31.1 31.6 31.5 32 32.8 33.6 34 34.2 34.5 34.9 35.4 36.1 36.7 37.4 37.6 37.8 37.7 38.8 39.9 40.9 41.9 42.9 43.4 43.6 43.6 43.5 43.3 43.1 43.2 42.8 42.7 48.1 51.2 53.3 53.5 52.2 49.4 45.7 41.8 37.8 33.9 30 27.4 27.2 27.2 27.7 28.2 28.8 29.3 30.4 32.9 34 34.8 35.3 35.2 34.3 32.9 32 31.2 30.5 31.1
37.3 45.6 49.3 50.8 51.5 50.7 44.8 38.6 32.5 28.6 29 32.3 35.8 36.8 37.3 37.2 36.6 36.2 35.6 34 32.3 31 29.7 28.4 29 29.6 30.4 31 31.1 30 29.7 30.1 30.2 31 31.8 32.5 33 33.1 33.1 33.4 34.4 35.1 35.7 36.2 36.1 36.1 36.6 37.7 38.5 39.3 40.2 41.2 41.7 42.2 42.4 42.4 42.3 41.4 40.9 40.4 43.6 47.7 51.2 53 52.8 51.4 48.9 45.5 41.2 37.4 33.9 30.5 27.1 27.1 27.3 27.8 28.2 28.7 29.2 30.5 32.6 34.6 34.2 33.7 33.2 32.5 32.2 31.9 31.3 30.9 30.6
39.6 48.9 50.7 52 52.3 51.2 46.3 38.4 32.9 28.2 27.8 30.9 34.2 35.6 36.1 35.9 35.6 35.3 34.5 33.3 31.9 30.5 29.1 27.7 28.1 28.5 29.6 30.9 31.1 29.6 28.3 28.5 29.2 29.9 30.7 31.5 31.8 32.1 32.1 32.7 33.5 34.3 35.1 35 35 35 35.5 36.4 37.1 37.9 38.7 39.4 40.1 40.8 41.1 41.3 41.2 40.1 39.4 39.8 44 48.2 51.1 51.9 51.5 49.9 47.6 45 41.6 38.1 34.6 31.3 27 27.1 27.4 27.8 28.3 28.6 29.3 30.1 32.1 33.1 32.3 31.9 31.5 31.4 31.6 31.8 31.9 31.9 31.2
44.9 50.1 50.9 51.7 52.5 51 46.9 38.4 32.3 26.1 25.9 29.9 32.4 34.8 36.2 35.6 35.2 34.6 33.5 32.3 31.1 29.9 28.5 27.1 26.1 27.3 28.7 30 30.1 29 27.6 27.3 28.1 28.9 29.7 30.4 30.7 31 31.4 32.3 33.2 34.1 34.2 34 33.9 33.9 34.5 35.2 35.9 36.7 37.5 37.9 38.7 39.4 39.7 39.9 39.8 38.7 37.7 39.4 44.1 48.3 50.3 50.1 49.7 48.4 46.1 43.7 40.8 37.8 34.8 31.4 27.4 26.6 27.4 27.8 28.1 28.6 29.2 29.5 30 30.8 30.5 30.1 30.4 31 31.7 32.3 32.8 32.8 32.3
48.9 49.8 50.2 51 51.2 50.8 44.9 38.2 31.4 25.5 26.4 29.3 32 35.2 36.4 35.4 34.6 33.4 32.3 31.3 30.1 28.9 27.7 26.6 24.8 26.1 28 29.5 29.1 28 26.7 27.1 27.7 28.3 28.8 29.4 30.1 30.7 31.4 32.2 33.1 33.4 33.3 33.1 32.9 33 33.4 34.1 34.9 35.6 36.2 36.5 37.2 37.9 38.3 38.4 38.4 37.3 36.1 39 43 46.7 48.5 48.4 47.7 46.1 44.2 41.8 39.4 36.7 34.2 31.2 27.3 26.4 27.1 27.5 28 28.3 28.6 29 29.3 29.6 29.4 29.9 30.5 31.5 32.1 32.8 33.6 33.6 33.3
48.4 49 49.2 49.4 49.4 48.2 43 36.5 30.3 24.8 26.7 30.4 34.2 37.1 37.1 35 33.4 32.2 31.1 30.3 29.1 27.9 27 26.3 24.3 25.4 27.4 28.3 27.9 27.2 26.1 26.8 28.1 28.7 29.3 29.8 30.5 31 31.8 32.5 33.1 33.2 33.2 33.3 32.8 32.3 32.6 33.1 33.8 34.5 34.8 35.1 35.7 36.5 36.9 36.9 36.9 36.1 35.1 38.4 41.4 44.5 46.4 46.2 45.6 43.7 41.8 39.8 37.6 35 32.6 30.5 27.3 26.2 26.7 27.2 27.5 27.7 28 28.3 28.6 28.8 29.2 29.8 31.1 32 32.7 33.7 34.1 34.4 34.3
46.8 46.9 47.1 47.2 47 45.5 41.1 34 27.9 24.6 27.7 32.4 36.8 39.7 38.8 35.8 32.9 31.7 30.7 29.2 28.3 27.5 26.8 26 24.9 24.8 26.5 27 26.4 26 25.9 26.2 26.9 27.6 28.3 28.8 29.7 30.9 31.9 32.7 33.2 33.6 33.6 33.3 32.7 32.1 31.8 32.3 32.8 33.1 33.4 33.8 34.1 34.7 35.4 35.5 35.5 34.9 34.7 36.9 39.6 42.4 44 44 43.3 41.4 39.4 37.5 35.5 33.7 32 30.3 27 26.1 26.7 27.1 27.3 27.6 27.8 27.9 28.1 28.3 28.9 30 31.6 33 34.1 35.7 37 36.8 36
44.9 45 45.1 45.2 44.2 42.1 38.1 31.6 27.2 24.9 29.4 35 39.1 40.7 39.8 37.4 35.2 33.2 31.9 30.2 28.8 27.9 27.2 26.6 24.4 24.9 25.8 25.6 24.9 24.9 25.2 25.5 25.8 26.4 27.1 27.3 27.8 29.2 30.5 32.4 33.2 33.8 33.7 33.2 32.6 32 31.5 31.3 31.5 31.9 32.3 32.5 33.2 33 33.2 33.7 33.8 33.3 33.9 36 38.4 40.2 41.4 41.4 40.7 39.4 37.7 35.8 34 32.8 31.5 29.6 26.2 26.1 26.5 26.9 27.2 27.4 27.7 27.9 28.1 28.2 28.8 30.6 32.4 34.1 36.3 39 41.9 42 40
43 43.1 43.1 43 42 39.6 35.4 30.4 25.6 25.1 30.8 38.4 40.1 40.5 40.4 39.2 38.3 36.1 33.8 30.9 29.1 28.1 27.5 26.2 24.3 24.1 24.4 24.2 23.9 24.5 25.5 26.2 26.1 25.8 25.9 26.3 26.7 27.8 29.9 31.7 32.9 33.6 33.7 33.1 32.6 32.1 31.5 31.3 31.1 30.9 31 31.4 32.4 32.2 31.9 31.8 32.1 32.4 32.9 35.1 36.6 38.2 38.7 38.6 37.7 36.4 35.1 33.7 32.9 31.8 30.5 29 25.8 26 26.3 26.7 27 27.2 27.5 27.8 28.1 28.3 29.4 31 33.3 36.4 39.2 42.8 44.7 45 43
41 41 41 41.2 39.9 37 32.5 27.3 24.4 25.7 32.1 38.1 39.6 40.5 40.5 40 39.2 37.9 34.9 31.5 29.1 28 27.1 25.7 24.4 23.4 22.8 22.7 24 25.5 26.3 27.1 27.5 27.2 27.1 27 27.2 28 29.8 31.4 32.5 32.7 33.3 33 32.3 31.6 31.2 31.3 31.1 31 30.9 30.7 31.6 31.3 31.1 30.9 30.6 30.9 31.6 32.9 34.5 35.6 35.9 35.9 34.7 33.4 32.7 32.4 31.8 30.9 29.1 26.9 25.6 25.8 26.1 26.5 26.8 27.1 27.3 27.6 27.9 28.7 30.3 31.8 35 38.4 41.8 44.3 45.3 45.1 43
39.5 39.6 39.8 39.8 38.4 35.5 30.3 25.2 23.8 26.8 32.7 37.7 39 39.8 39.9 39.7 39.1 37.6 35.3 32.1 28.8 26.9 26 25.1 23.9 22.6 21.5 22 24.9 26.8 27.1 27.7 28.6 28.6 28.6 28.8 28.9 29.3 30.5 31.3 31.7 31.8 31.6 31.6 31.1 30.9 30.6 31 31 31.7 31.6 31.1 30.7 30.6 30.4 30.1 29.8 29.7 30.3 31 32 32.5 33 33 32 31.7 31.4 31.2 30.7 29.8 28.2 26.4 25.3 25.6 26 26.3 26.6 26.9 27.1 27.3 27.6 29.1 30.6 33.5 37.5 40.6 43.2 44.8 46.1 44.8 43.1
38.2 38.4 38.4 38.5 36.9 33.6 28.1 23.9 23.3 25.8 31.8 36.6 38.2 38.8 39.3 39 38.3 36.7 34.5 31.2 28.6 26.8 25.2 24 23.1 21.8 21 23.4 25 26.6 27.6 28.2 28.6 29 29.1 29.3 29.5 30.3 30.5 30.7 30.9 31.2 31 30.9 30.6 30.3 30 30.5 31 32.4 32.4 31.9 30.8 29.8 29.6 29.3 29.1 29.2 29 29.6 30.1 30.4 30.7 30.9 30.7 30.4 30.2 30 29.7 28.5 27 26.9 25.2 25.5 25.8 26.1 26.4 26.5 26.6 26.8 28 29.5 31.8 34.8 38.1 41.2 43.5 44.7 46.5 45.6 42.8
36.4 36.5 36.5 37 36.1 33.3 28.1 23.8 22.9 26.3 33.2 35.1 36.8 37.5 38.4 38.5 38.1 36.5 35.4 33.2 31.3 29.6 26.8 24.8 23.9 21.5 21.4 23.6 24.9 26 26.6 27.1 27.5 27.8 27.9 28.7 29 29.9 30.1 30.2 30.4 30.6 30.6 30.4 30 29.5 29.3 30.4 32.1 33.5 33.4 32.4 32.1 30.9 30.2 29.8 29.4 28.9 28.5 28.3 28.7 28.9 29.1 29.2 29.4 29.2 28.9 28.7 28.5 27.3 26.9 25.6 25.4 25.6 25.8 26 26.6 26.9 27 27.1 28.7 30.7 33.5 36.2 39.9 41.8 44 44.4 46 44.5 42.4
34.4 34.6 35.4 35.4 34.8 33.3 30.5 27.7 25.8 26.8 31.7 33.6 35.3 36 37.2 38.1 37.8 38.4 37.7 36 35.3 32.8 29.6 26.1 24.3 21.9 19.5 22.9 24.2 24.6 25.1 25.6 26 26.3 26.5 26.6 27.6 28.3 29.1 29.3 29.5 29.5 29.6 29.1 28.8 28.3 29.4 31.6 33.9 35.2 35.4 35.1 33.8 32.2 31.4 31 30.6 29.7 29.3 29.1 27.8 27.6 27.7 27.7 28.2 28.6 28.3 27.9 27.5 26.8 26 25 25.2 25.5 25.7 25.9 26.4 27.1 27.6 27.7 29.3 31.5 34.9 38.2 42.4 44.1 44.6 44.9 43.9 42.6 41.6
32.7 33.1 33.9 34 34 33.3 31.1 26.1 21.8 24.2 29.9 31.9 33.7 34.7 36 37.2 37.8 38.6 38.9 38.4 37.9 35.7 31.7 27 24.5 22.4 19.5 22.2 23.3 23.5 23.6 23.7 24.2 24.7 24.5 24.8 25.4 26.3 27.3 27.9 27.8 27.8 27.7 27.3 26.9 28.9 32.2 35.4 37.4 38 38.1 36.7 35.1 33.6 33.2 33 33 32.7 32.4 30.9 28.9 28.3 27.7 27.3 26.9 27.6 27.8 27.4 26.8 26.1 25.4 24.9 25.1 25.3 25.5 25.8 26.3 27 27.6 28.2 29.7 32 36.3 40 43.2 45.2 45.3 45.3 43.3 41.3 40.3
31 31.7 32.2 32.7 33.2 33.3 31.2 26.3 21 23.7 29 30.6 32.2 33.4 34.3 35.3 37.5 38.6 39.9 39.7 38.9 36.9 32.2 26 23.3 21.5 19.4 22 22.2 22.3 22.4 22.7 22.8 23.1 23.4 23.1 23.5 24 25.2 25.4 25.4 25.5 26.4 27.7 28.8 33.6 38.1 40.9 41.1 41.2 40.7 39.8 37.9 37.1 36.5 36.8 37.5 37.7 35.8 32.7 30.5 29.3 28.7 28.1 27.4 26.6 27.2 26.6 26 25.4 25 24.8 24.9 25.2 25.4 25.6 26.2 26.8 27.5 28.1 29.9 32.2 36.1 40.9 43.7 45.2 45.4 45.2 43.5 41.1 39.3
29.5 30 30.7 31.4 32.2 32.7 31.2 27.5 20.8 22.6 28.9 30 30.7 31.5 32.5 34.1 36.2 38 39.3 39.6 38.8 36.7 32.1 25.7 22.8 21.2 19.7 21 21.2 21.5 21.6 21.8 21.9 22.2 22.3 22.1 22.1 22.1 22.3 22.8 25 26.5 29.6 31.8 36 40.5 42.6 42.9 43.8 44.2 44.1 44 43.9 44.1 43.1 43 42.8 41.4 38.9 34.6 31.6 29.9 29 28.2 27.6 27 26.3 25.9 25.4 24.9 24.7 24.7 24.7 25 25.2 25.4 26.1 26.7 27.4 28.3 30 32.5 35.8 40.4 43.7 45.2 45.5 44.9 43.6 41.3 39.1
27.6 28.5 29.4 30.2 31.1 31.5 31.1 28.8 20.8 19.8 28.9 29.1 28.4 28.8 31.5 33.5 35.5 37.1 38.1 38.4 38.3 36.2 32.7 26.8 22.9 21.1 20 20.3 20.4 20.6 20.7 20.9 21.1 21.2 21.4 21.8 22.1 22.1 22.1 24 28 32.2 35.9 37.3 40.6 42.7 43.1 43.2 43.7 43.8 44.5 44.5 44.7 45 45.4 45.1 44.7 43.9 39.3 34.9 31.6 29.8 28.6 28.2 27.5 26.7 25.6 24.3 24.1 24.6 24.7 24.6 24.6 24.7 24.9 25.2 25.7 26.6 27.3 28.4 30.5 33.5 37.2 41.3 43.7 44.7 44.7 44.2 43 41.1 38.9
25.7 26.2 27.2 28.4 29.4 30.1 30.3 29.1 21.2 19 23.9 27.8 27.1 27.6 30.6 32.4 34.1 35.5 36.5 36.9 37.1 36.2 33.7 28.4 23 21.3 20.2 19.4 19.5 19.6 19.8 20.1 20.3 20.5 20.4 20.4 21 22.1 22.1 25.8 30.6 37.2 40.2 41 42.3 42.6 42.9 43.1 42.8 42.6 43.1 43.8 44.6 45.3 45.2 44.8 44.5 41.6 39.2 34.4 31.2 28.9 27.8 27.7 27.2 25.9 24.7 23.2 23.7 24 24 24.2 24.3 24.5 24.6 25 25.5 26.4 27.6 29.8 33.1 36.3 40.7 42.8 43.5 43.3 43.2 43 41.9 40.5 38.5
23.9 24.5 25.7 26.8 27.5 28.3 28 27.3 26.8 18.7 18.7 25 24.7 26.8 29.7 30.9 32.4 33.5 34.8 35.6 36 35.7 33.9 30 24.3 21.6 20.5 19.8 18.2 18.8 19.1 19.4 19.5 19.7 19.8 19.8 20.6 22 23.6 27.4 33.5 38.8 40.6 41.2 41.2 41.2 41.7 42.1 42 41.8 42.4 43.4 44.2 44.6 44.6 44.4 44.2 41 36.9 33.7 31.1 29 27.8 27.3 26.3 26 24.7 23.4 23.9 23.5 23.7 24 24.4 24.3 24.4 25.3 25.8 27.3 29.5 33.5 37.5 40.9 42.9 43.5 43.7 42.6 41.7 41.6 40.6 39.7 37.9
22.6 23.2 24.3 25.1 25.8 26.2 26.2 26.5 26.4 23.3 18.6 21.2 23.1 25.6 29 29.7 30.1 30.9 32.4 34.1 34.8 34.7 33.5 29.8 25.5 22.8 21.1 19.9 18 18.1 18.4 18.6 18.8 18.9 19 19.2 20.7 22.5 24.3 28.5 32.9 37.5 40.4 41 40.1 40.1 40.2 40.4 40.7 41 41.7 42.9 43.8 43.8 43.8 43.8 40.2 39.3 37.1 34.4 32.4 29.7 28.2 25.9 25.4 25 24.6 23.6 24 23.5 23.9 24.3 24.3 24.9 25.4 26.8 28.2 29.4 32.8 37.4 41.8 43.9 44.4 43.9 42.6 41.3 40.3 40.2 39.3 38.4 37.2
21.1 21.9 22.7 23.5 24.3 24.7 25.2 25.5 25.8 25.3 21 22.4 22 25.2 28.2 28.7 28.4 28.8 30.4 32.1 33.5 33.6 33.2 30.6 27.4 24.7 23.5 22 19.9 17.7 17.6 17.8 18 18.2 18.4 19.2 21.5 23.5 25.3 28.3 31.6 35.8 38 39.7 39.1 38.9 38.9 38.9 39.1 40.4 41.5 42.5 43.2 43.1 43.2 43.3 41 39.9 37.8 36 34 30.4 26.8 24.7 24.4 24 23.6 23.3 22.3 23.5 24.2 25 26.6 28.2 29.9 31.3 32.7 34.1 36.7 41 43.4 45.2 45.6 43.8 42.1 40.8 39.7 39.2 38.1 37 36
19.8 20.2 21 21.8 22.6 23.3 23.7 24 24.2 24 23.2 21.8 21 24 27 27.7 27.4 27.6 28.8 30.5 31.8 32.5 31.9 30.3 28.1 26.6 25.6 24.1 21.9 19.9 17.7 17.3 17.4 17.7 17.9 18.7 21.9 23.9 27.8 31.8 34.1 36.2 37.2 38.7 38.2 37.4 37.6 38.1 39.1 40.7 41.8 42.4 42.7 42.9 42.5 41.6 41.9 41.2 39.9 37.5 34.3 29.8 26.4 23.7 23.4 23.1 23.2 23.3 23 25.1 25.8 28.6 31.3 33.6 35.5 36.9 38.4 40 40.8 42.2 44.8 46.2 46.1 45 43 41 39.5 38.4 37.2 36.1 35
18.4 18.7 19.4 20.1 20.9 21.5 22.1 22.5 22.7 22.5 22.2 21.2 20.8 22.5 25.2 26.5 26.8 27 27.3 28.9 30.1 30.8 30.3 29.2 28 27.4 26.9 26 24.2 22 19.8 17.8 16.5 16.7 17.2 18.3 21.6 25.2 29.5 33.1 34.5 36.1 37.1 37.9 37.4 36.6 36.5 37.9 39.5 41 41.5 42 42.3 43.1 42.8 43.1 42.2 40.9 39.2 36.7 33.9 29 25.1 23 22.7 23 23.2 23.3 23.8 24.7 28.7 32.5 36.2 38.2 40.7 41.7 43.2 44.2 44.4 45.3 46 46.6 46.4 45.4 44.2 42.3 40.3 38.9 37.8 36.6 35.3
17.4 17.7 18.3 18.9 19.4 19.9 20.3 21 21.2 20.9 20.6 20.3 19.9 21.6 24.2 25 25.2 26 26.6 27.3 28.2 28.8 28.6 27.6 27.1 26.9 26.3 25.8 25.1 23.4 21.4 19.2 17.9 16.9 16 15.5 21 25.5 28.8 30.2 30.5 34.7 36.4 37.4 36.8 35.9 35.6 37.3 39.2 40 40.8 41.4 42.2 43 42.7 42.2 41.6 39.7 37.8 35.2 32.7 27.6 24 22.4 22.2 22.5 23 24.4 26.3 28.1 32.8 35 41 43.5 45 47.4 47.8 46.7 46 46.3 46.7 46.7 46.3 45.6 44.7 43.3 41.8 40.1 38.9 37.9 36.8
16.8 17 17.7 18.2 18.4 18.9 19.3 19.8 19.9 19.5 19.2 18.8 18.5 20.7 22.8 23.5 23.6 24.1 25 25.9 26.5 27.1 27.3 26.8 26.2 25.9 25.6 25.1 24.6 24.1 22.4 20.4 19.4 18.4 17.4 15.6 19.5 22.7 23.4 28.6 31.9 35.9 36.1 36.7 36.8 35.6 34.3 36.2 37.3 37.4 37.9 40.5 41.9 42.5 42.1 41.6 40.4 38.3 36.3 34 30.1 25.2 22.5 22 21.8 22.1 23.1 25.3 28.4 31.8 34.7 37.5 43.8 48.2 49.5 51.5 53 51.9 50 46.7 46.6 46.3 46.1 45.7 44.8 44 42.4 41 40.3 39.6 38.6
16 16.6 17.2 17.6 17.5 17.9 18.4 18.8 18.7 18.5 18.1 17.7 18 18.4 19.9 22 22.8 23.6 23.9 24.5 25.2 25.8 26 25.5 24.9 24.4 24.4 24.1 23.7 23.6 23.1 21.5 20.5 19.2 19.1 19.2 19.7 22.7 25.6 29.3 32.9 35 35.7 36.3 36.7 36 34.7 34.1 34.3 34.3 37 40.4 41.5 41.9 41.4 40.5 39.2 37 34.7 31.7 27.5 23.4 22.2 21.8 21.4 21.5 24.5 27.1 30.3 33.6 36.5 38.8 44.5 49 51.8 54.7 56.1 56.5 56.4 51.8 48 45.4 45.3 45.3 44.9 44.1 43.2 41.8 41.1 40.4 39.6
15.6 16.1 16.6 17 16.8 17 17.4 17.7 17.4 17.4 17 17 17.4 17.8 18.4 20.3 21.4 22.1 22.4 23.1 23.8 24.4 24.7 24.2 23.6 23.1 22.6 22.9 22.9 23.3 22.9 21.8 20.5 19.4 16.7 15.5 21.1 23.5 25.6 29 32.3 33.9 34.6 35.1 35.7 35.3 33.8 33.1 32.1 34.9 37.9 40 40.9 41.3 40.5 39.2 38 35.6 32.7 29.5 24.8 22.5 21.8 21.4 21 22.7 25.7 28.8 32.1 35.2 38 40 44.6 49.4 51.9 55.7 58.9 61.5 59.9 56.3 52.8 48.5 44.6 44.8 44.4 43.7 43.1 42.5 41.8 41 40.3
15 15.6 15.9 16.3 16.2 16 16.5 16.5 16.2 16.2 16 16.4 17 17.7 18.2 18.8 19.8 20.6 21 21.7 22.4 23.1 23.4 22.9 22.3 21.8 21.3 21.7 22.1 22.3 22.3 21 20.1 18.5 16.7 15.1 17.6 23.3 26.1 29.2 30.9 32.4 33 33.5 34 33.6 32.7 33.1 33.2 35.7 38.2 39.6 40.5 40.5 39.3 38.1 36.6 34 31.3 28 23.6 22 21.4 21 20.4 23.7 26.7 30.3 33.3 36 38.6 40.3 42.5 48.4 52 55.7 59.2 62.3 62.2 60.1 57.1 51.4 47.2 44.4 43.8 43 42.7 42.4 41.9 41.5 41
14.8 14.9 15.3 15.7 15.6 15.3 15.5 15.2 15 15.2 15.3 15.7 16.2 16.7 17.2 17.7 18.2 19 19.7 20.3 21 21.7 22.1 21.6 21.1 20.6 20.2 19.7 21 21 21 20.5 19.4 17.2 15.4 14.5 16.8 21.9 25.8 28.1 29.7 31 31.5 31.9 32.4 32.2 30.9 31.3 33.7 36 37.6 39 39.1 39.1 38 36.4 34.8 32.3 29.3 26.1 22.7 21.5 21 20.5 22.1 24.6 27.7 31.1 33.7 36.6 39 40.5 42 47.2 50.5 55.7 59.4 61.6 63 61.8 58.3 52.9 49.3 44.7 43.1 42.9 42.6 42.4 41.9 41.3 40.7
15.1 14.7 14.9 15.1 14.9 14.7 14.6 14.6 14.6 14.7 14.8 14.9 15.3 15.8 16.2 16.7 17.3 17.8 18.5 19.1 19.8 20.5 20.9 20.6 20.1 19.7 19.2 18.8 19.1 19.8 19.8 20.1 18.3 16 14.8 14.8 17.5 22.5 25.5 27.1 28.7 29.4 30.1 30.6 30.6 30.1 29.2 30.3 32.6 34.7 36.3 37.3 37.2 37.2 36 34.5 32.7 30.3 27.4 24.3 21.9 21.1 20.5 20 22.8 25.9 29 31.7 34.5 37.3 39.4 40.8 42.3 44.9 49.8 54.2 58.3 60.7 62.4 61.7 56.7 49.8 46.1 43.9 43 42.8 42.5 42.2 41.4 40.8 40.1
15.5 14.9 14.6 14.6 14.4 14.2 14.1 14.2 14.2 14.3 14.3 14.3 14.5 14.9 15.4 15.9 16.6 17.3 17.5 18.1 18.8 19.4 19.3 19.5 19.2 18.8 18.3 17.9 17.2 16.8 16 15.3 16.7 15.1 14.8 17.3 20.4 23 25 26.3 27.3 27.9 28.6 29.2 28.6 26.8 28.4 29.6 31.4 33.3 34.8 35.5 35.5 35.7 34.4 32.8 30.8 28.2 25.5 22.8 21.4 20.8 20.1 20.6 24.3 27.2 30 32.5 35.2 38 39.7 41.2 42.7 43.9 45.3 48.9 54.6 59 60.5 59.6 54.3 46.5 43.3 42.9 42.6 42.4 42 41.7 41.3 40.4 39.7
14.9 13.9 14.1 14.1 13.8 13.6 13.5 13.7 13.7 13.8 13.8 13.9 13.9 14.1 14.5 15.2 15.9 16.7 16.6 17.1 17.8 17.8 17.8 18 18.1 17.8 17.2 16.8 16.6 16.8 16.2 15.4 15.7 15.7 16.5 19.4 21.7 23.6 24.6 25.8 26.4 26.9 27.6 27.1 26.4 26.2 27.5 28.8 30.3 31.9 33.7 34.4 34.5 34.7 33.2 31.3 29.3 26.6 23.9 22 21 20.3 19.5 22.5 25.4 28.2 31 33.5 35.9 38.7 40.1 41.5 42.5 42.5 40.6 46.4 52.4 56.8 57.6 56.2 52.4 46.4 42.5 42 41.7 41.5 41.4 41.2 41 40.5 40.1
14.8 13.3 13.6 13.5 13.3 13.1 13 13.1 13.3 13.3 13.3 13.4 13.4 13.4 13.8 14.6 15.3 16 16.1 16.1 16.4 16.2 16.3 16.5 17.1 17 16.4 16.3 16.1 16.3 16.4 16.6 16.9 18.2 18.8 20.3 22.1 23.3 24.3 25 25.5 26 25.9 25.3 24.9 25.8 27.1 28.2 29.3 31.1 32.9 33.4 33.6 33 31.2 29.4 27.5 25.1 22.4 21.2 20.5 19.8 19.2 23.4 26.2 29.3 32 34.5 36.8 39.1 40.4 41.6 42.3 42.3 40.9 45 49.3 52.7 53.4 52.8 48.5 44.4 41.6 41.2 40.9 40.7 40.5 40.3 40.2 40.4 40.8
15 13.6 13.3 12.3 12.8 12.7 12.5 12.7 12.8 12.9 12.9 13 13 13 13.2 14 14.7 15.4 15.5 15.2 15.1 14.9 15.2 15.9 16.5 15.8 15.5 15.6 15.8 15.1 14.9 16 17.4 18.7 20.1 21.3 21.8 22.6 23.4 24 24.4 24.9 24.6 24.3 24.9 25.8 26.6 27.3 28.4 30.2 32 32.5 32 30.9 29 27.2 25.3 22.9 21 20.6 20 19.2 21.1 24.9 27.2 30.1 33.1 35.5 37.7 39.2 40.2 41.4 42 42 41.1 43 46 48.7 50 49 43.4 41.5 40.6 40.4 40.1 39.9 39.7 39.5 39.5 39.6 40.1
14.7 14.2 13.6 13 11.6 12.6 12.3 12.4 12.5 12.6 12.6 12.7 12.7 12.8 13.1 13.6 14.3 14.8 14.8 14.4 14.2 14.3 14.6 14.8 15.2 14.5 14.3 12.7 14.9 15.2 16.3 17.5 18.4 19.3 20.2 20.7 21.1 21.6 22.4 22.9 23.4 23.8 23.1 23.1 24.2 24.8 25.3 26.1 27.4 29 30.4 30.6 30.2 28.8 26.9 25 23.2 20.8 20.3 20 19.6 18.9 23 26.2 28.8 31.1 34.3 36.1 38 39.7 40.1 40.6 41.2 41.3 40.8 39.1 43.2 45.7 46.1 42.7 40.2 39.5 39.5 39.5 39.2 39 38.9 38.8 38.4 38.7 39.3
15 14.3 13.7 13.2 12.9 11.2 12 12.2 12.2 12.3 12.3 12.3 12.4 12.7 12.9 13.2 13.9 14 14.1 13.6 13.8 14.3 14.7 14.7 14 13.3 14.1 15.5 15.9 16.5 17.1 18.1 18.5 19 19.6 20 20.4 20.8 21.3 21.8 22.3 22.3 21.8 22.7 22.9 23.5 24.1 25 26.4 27.8 28.6 28.5 27.7 26.2 24.6 22.9 21 19.8 19.5 19.3 19 18.3 24.1 27.5 30.7 33.3 35.8 36.9 38.4 39.7 39.9 40.2 40.4 40.6 40.3 36.7 38.1 40.7 40 39.1 38.3 38.3 38.3 38.3 38.4 38.3 38.1 38 37.3 37.2 37.6
15 14.4 13.9 13.4 12.9 12.4 12.1 11.8 11.9 11.9 12 12 12.3 12.5 12.8 13 13 13.1 13.2 13.5 13.9 14.3 14.7 14.6 13.3 13.2 14.4 16.1 16.7 17.4 18 18.3 18.5 18.7 19 19.3 19.7 20.1 20.5 20.9 21.3 20.8 20.8 21.3 21.6 22.3 22.9 24.2 25.7 26.9 27.1 25.9 25 23.6 22 20.4 19.3 19.3 19.2 19 18.8 22.5 25.6 28.9 32.6 35.2 37.1 38.2 38.7 38.7 39 39.2 39.4 39.4 39.4 36.7 38.1 37.9 37.5 37.4 37.2 37.2 37.1 37.1 37 36.6 36.9 36.8 36.1 36 35.9
15.1 14.5 14 13.5 13.1 12.6 12.3 11.7 11.6 11.6 11.7 11.8 12.1 12.3 12.5 12.5 12.2 12.3 12.8 13.2 13.6 14 14.4 14.2 13 13.2 14.3 15.6 16.2 16.9 17.2 17.6 17.8 18 18.3 18.7 19 19.3 19.7 20.1 20.3 20.3 20.5 20.7 20.9 21.1 22.1 23.6 25.2 25.6 25.1 19.5 19.3 21.1 20.1 18.7 18.4 18.1 18.3 18.6 18.9 24.6 28.1 31.5 34.2 35.8 36.8 37.2 37.5 37.7 37.9 37.9 37.9 37.9 37.9 38.1 37.4 37 36.4 36.1 36 36.3 36.2 35.9 35.4 34.8 34.8 35.4 35.1 34.6 34.6
15.1 14.6 14.2 13.7 13.3 12.8 12.4 11.7 12.1 10.5 11.4 11.6 11.9 12 12 11.9 11.4 12 12.5 12.9 13.3 13.7 13.8 13.6 12.6 12.2 13.7 15.1 15.8 16.1 16.4 16.7 17.1 17.4 17.6 18 18.3 18.6 19 19.2 19.4 19.5 19.6 20 20.2 20.4 21.5 23 24.5 24.1 23.7 18.8 18.7 18.7 18.2 17.9 17.8 17.9 17.7 18.3 21.3 27 30.8 32.9 34.5 35.5 35.6 35.9 36.1 36.4 36.4 36.5 36.5 36.5 36.7 36.6 36.5 36 35.5 34.8 34.9 35.1 35 34.6 33.8 33.2 32.7 33 33.5 33.4 33.2
