data/SU78.asc
ncols 200
nrows 200
xllcorner 470000
yllcorner 180000
cellsize 50
[rows 108 to 143 of 200, columns 0 to 82 of 200]
145.9 145.6 146.5 145.5 143 141 139.7 138.5 137.2 136 135 133.9 132.9 132.2 131.5 130.9 130.2 128.6 125.7 123.3 120.3 118.9 118.2 121.1 123.9 125.9 127.2 127.6 127.7 127.3 126.8 126.3 125.6 124.9 124.1 123.2 121.6 119.2 113.8 107.5 100.7 110.6 119.6 121.5 120.9 121.9 124.3 125.8 126.7 127.1 127.4 127.2 127.1 127.6 128.2 128.7 129.3 129.2 128.9 128.6 128.1 127.4 126.6 125.6 122.9 118.2 114.3 112.9 111.1 111.6 112.5 111.5 109.2 103.6 101.3 97.5 92.5 86.3 80.7 78 73.4 67.6 63.1
143.3 142.8 143.1 143.4 141.6 140.1 138.8 137.6 136.4 135.2 134.4 133.4 132.4 131.6 130.8 130.1 129.4 128 125.4 123.7 120.9 117.4 114.7 118.7 122.4 124.7 125.9 126.4 126.5 126 125.6 125.2 124.6 123.6 122.5 121.4 120 117.5 112.3 104.8 100.4 112.9 118.9 119.5 118.2 121.3 122.8 123.5 124.5 125 125.9 126.4 126.4 127 127.6 128.4 129.2 128.8 128.5 128.1 127.8 126.8 125.7 123.9 122.3 120.2 120.9 119.9 118.1 117.6 118 119 120.1 118.7 116.3 111.7 108.1 103.4 97 90.5 83.5 72.4 65.8
141.6 140.6 140.6 140.9 140.5 139.1 137.9 136.6 135.5 134.5 133.7 132.9 132 131.2 130.4 129.6 128.9 128.8 126.2 124.1 121.7 118.4 113.5 115.1 120.1 122.8 124.5 125 125.2 124.9 124.5 124.2 123.9 122.6 120.1 118.7 117.4 114.9 109.6 101.7 101.8 112.6 116.3 115.8 116.1 116.1 118.7 120.3 121.6 123.1 124.7 125.5 126.1 126.8 127.6 128.4 129.2 128.4 128 127.5 127.2 126.9 126.4 125.5 124.6 125.2 125.6 125.1 123.2 122.2 122.3 121.8 121.5 121.7 119.8 116.9 113.4 109.7 107.4 102.7 95.3 85.1 71.3
140.8 139.6 138.6 138 138.3 138.2 136.9 135.7 134.7 133.8 133 132.2 131.4 130.8 130.2 129.5 129 129.1 127.7 125.2 123 120.4 116.2 111.4 117.3 120.4 122.5 123.4 123.8 123.8 123.4 123.2 122.9 122.1 119.4 116.6 115.1 112.8 107.6 98 101.9 108.4 111.6 111.5 117 116.1 120.5 123.5 125.7 126.3 127 127.8 127.4 127.8 128.3 128.8 128.9 127.9 127.4 126.9 126.6 126.4 126.9 127.3 127.5 127.3 127.5 127.2 125.8 124.8 125.2 124.7 123.9 122.9 121.5 119.7 116.6 113.5 110.4 106.5 101.5 95.3 85.8
140.6 139.5 138.4 137.3 136.2 136.4 136 135 134.1 133.2 132.3 131.5 130.8 130.3 129.8 129.3 129.3 129.4 128 126 123.4 122.2 118.8 114.3 111.9 117.2 120.1 121.6 122.3 122.6 122.2 121.9 121.5 120.9 119.5 116.6 114.7 111.2 104.3 96.8 101.2 106.9 107.4 111.6 116.7 121 124 126.8 129.3 129.6 129.9 130 130 129.7 129.2 129.2 128.6 127.7 127 126.5 127 127.4 127.9 128.6 128.5 128.1 127.6 127 125.9 124.9 125.2 125 123.9 123.1 121.7 120 116.7 113.5 111.6 109.3 104.8 101.1 95
141 140.3 139.4 138.4 137.5 136.3 135.7 134.7 133.7 132.8 131.8 130.9 130.1 129.6 129.2 129.2 129.2 129.2 128.5 126.5 123.9 123.9 122 117.4 112.8 109.1 114.6 117.8 119.3 119.9 120.4 120.4 119.9 119.4 118.3 116.3 113.7 108 101 97.2 105.5 110.3 114.6 118.8 122.5 125.5 127.8 130.1 131.5 132.1 132.1 132.1 131.9 131.6 130.9 129.9 128.9 128.1 127.4 126.9 127.5 128.1 128.7 129.1 128.9 127.7 126.5 125.2 124 122.7 122.5 123.4 123.1 121.7 120.1 118.3 116.1 113.4 111.5 109.8 107.2 104.2 101
141.6 140.9 140.2 139.5 138.8 137.1 135.7 134.5 133.3 132.4 131.4 130.4 129.4 129.2 129.2 129.2 129.2 128.9 128.6 126.7 126.5 125.6 123.7 120.5 115.8 111.9 107.4 110 113.7 115.3 116.7 117.1 116.9 117.3 116.7 115.1 112.1 106 97.9 99.4 109.4 115.7 121.1 126.1 128 129.4 130.6 131.7 133.2 133.9 134 133.9 133.8 133.4 132.3 131.2 130 128.9 127.8 127.3 127.9 128.5 128.9 128.9 128.3 126.3 124.4 122.6 120.9 119.9 118.9 119.5 120.2 119.7 117.7 115.2 112.8 110.7 109.2 107.9 106.6 104.5 101.2
142.1 141.6 140.8 140.1 139 137.3 136.1 134.8 133.6 132.1 131.2 130.2 128.9 128.4 128.5 128.7 129 128.7 128.5 128.3 127.7 126.7 124.4 122.4 119.6 115.6 111.2 107 105.5 108.9 110.7 112 113.1 114.1 114.3 112.8 109.3 103.5 94.9 100.9 111.3 120.1 126.3 129 130.5 131.5 132.7 133.8 134.8 135 135.1 135.3 135 134.4 132.9 131.8 130.6 129.5 128.3 127.3 127.8 128 127.9 127.4 126.3 124.1 122.1 119.8 117.5 116.5 114.8 114.6 115 114.9 113.4 111.5 108.5 106.2 105.2 104.4 103.9 101.8 99.5
142 141.7 141.4 140.3 139.1 137.6 136.4 134.9 133.4 132.1 131.1 129.9 128.4 127.5 127.3 127.8 128.3 128.8 128.5 128.5 128.5 127.8 126.4 124.9 122.6 119.3 115.8 112.2 108.3 103.7 101.7 103.3 105.5 107.9 109.5 108.3 105.5 99.3 94 100.9 111.7 122.1 127.8 130.4 132.2 133.4 134.5 135.3 135.5 135.7 135.8 135.6 135.3 135 132.9 131.5 130.3 129.2 128 126.9 126.6 125.6 125.1 124.3 123.1 121.3 119.3 117 114.7 113.1 111.5 111 110.5 109.7 108.7 106.9 103.6 100.8 99.7 99.3 98.8 96.5 93.8
141.8 141.4 140.8 140.1 139.1 137.8 136.2 134.6 133.3 132 130.9 129.4 127.9 126.6 126.4 126.9 127.5 128.1 128.6 128.6 128.6 128 127.5 126 124.4 122 119.6 116.2 113.4 111.3 107.9 103.3 99 99.2 99.9 99.6 97.9 94.5 93.5 102.1 112.3 122 128.8 131.7 133.5 135.3 135.8 136 136.2 136.3 135.9 135.5 135.1 134.9 133 131.2 130.1 128.9 127.6 126.5 124.7 122.9 121.5 120.7 119.7 118.1 116.2 113.9 111.7 109.7 108.4 107.7 107.4 106 104.6 102.8 99.8 96.1 94 92.1 91.2 88.9 86.7
141.5 140.7 140.1 139.4 138.6 137.3 136 134.6 133.2 131.9 130.4 128.9 127.4 125.9 125.6 126 126.9 127.9 128.4 128.6 128.5 128.2 127.8 127.1 125.6 124.1 122.6 120.6 118.6 116.9 115.1 112.1 108.8 106 102.8 99.2 94.7 92.9 94.6 103.1 114 123.1 129.6 132.9 134.8 136 136.6 136.7 136.7 136.2 135.6 135 134.4 134.1 132.8 130.9 129.8 128.6 126.9 125 122.9 120.7 119 118.3 117 114.9 113.2 110.9 109.1 107.1 105.5 104.4 104.2 103.3 101.9 100.3 97.9 93.8 90.9 89.8 87.9 86.7 86.4
140.6 139.9 139.4 138.6 137.9 136.4 135.1 134.3 133 131.3 129.9 128.4 127.2 126.4 124.6 124.1 125.7 127.3 128.5 128.3 128.2 128.1 128 127.3 126.7 125.1 123.8 122.8 122.3 121.1 119.7 117.7 115.5 112.5 107.9 99.9 95 90.2 95.1 106 117 125.8 131.6 134 135.4 135.8 136.3 136.3 135.6 134.9 134.1 133.4 132.8 132.3 130.8 129.6 128.6 126.5 124.5 122.4 120.3 118.2 117.1 116.6 114.5 112 110.5 109.9 107.4 105 103 101.6 100.2 99.6 99 98.2 97.1 93.9 91.4 90.7 91.1 90.9 89.9
139.1 139 138.6 137.9 137.1 135.6 134.3 133.7 132.6 131.3 130.6 129.9 129.2 128.5 127.3 123 122.8 125.2 127.3 128 127.8 127.9 128.1 127.7 127.1 126.2 125.2 124.1 123.5 123 122 120.1 117.4 114 106.8 98.2 92.6 90 97.3 107.9 118.1 128.1 133.4 134.7 135.2 135.4 135.5 135.3 134.6 133.8 133.1 132.3 131.4 130.3 129.2 128.1 126.3 124.2 122.2 120.2 118.2 116.1 115.6 114.7 112.4 110.1 108.3 107.6 106.4 103.5 101 100.2 98.9 97.1 95.5 95.4 95 95.2 94.4 93.2 94.2 93.9 93
137.1 137.9 137.7 137.2 136.3 134.8 133.4 133.1 133.3 133.3 132.5 131.9 130.9 130 129.1 126 122 121.3 124.6 126.4 127.4 127.2 127.1 127.6 127.2 126.4 125.8 125.1 124.4 123.6 122.2 120.3 117.6 113.5 104.9 96.7 90.9 90.4 100.8 111.7 121.9 129.1 132.6 133.7 134.2 134.4 134.3 134.2 133.5 132.4 131.3 130.2 129.1 128 126.7 125.3 123.8 121.8 120.3 118.5 116.6 114.7 113.6 113 111.1 108.8 106.6 105.5 104.1 102.9 103 102.9 101.7 99.9 97.3 94.6 95.8 98.3 98.1 97.4 96.7 96.2 95
135.1 136.6 136.5 136.3 135.5 134.2 133 132.9 133.9 133.8 133.2 132.2 131.3 130.3 129.5 126.8 124.5 121.1 120.1 123.2 125.2 126 126.4 126.9 126.8 126.3 125.7 124.9 124 123.4 122.3 120.4 117.9 114 106 96.5 90.6 91.7 102.2 112.5 122.2 128.5 130.8 131.4 132.1 132.8 132.7 132.3 131.1 130 128.9 127.8 126.5 124.3 122.6 121.2 120.1 119.6 118.2 116.8 114.8 112.9 111.7 111.1 109.8 107.6 105.8 104.8 104.5 104.4 104.9 104 102.4 100.6 98.4 98.5 100.3 101.4 101.7 100.2 98.8 98.3 96.9
133.1 134.6 135.5 135.5 135.1 133.9 132.8 132.1 133.3 134.1 133.5 132.6 131.6 130.7 130 129.2 127.5 125.7 121.7 117.2 122.1 122.8 125.3 126 126.7 126.3 125.5 124.5 123.7 122.5 121 119.5 117 114.6 109.1 99.1 91.4 89.9 100.4 109.7 117.8 123.9 127.5 129 129.7 130.8 130.9 130.2 129 127.6 126.5 125 123 120.8 118.3 116.6 116.2 116.8 116.2 114.9 113 111.1 109.8 109.2 108.5 107 106.2 105.9 105.7 106 105.6 104.5 102.7 100.9 100.4 101.4 102.5 102.9 102.6 102.2 101.5 100.4 98.8
130.4 132.6 134.3 134.7 134.7 133.6 132.4 131.8 132.8 134 133.8 132.9 131.9 130.8 129.6 128.8 128.5 127.9 126.5 123.1 115.8 117.1 121.9 125 125.9 126.2 125.3 124.3 122.9 121.1 118.9 117.5 116 114.2 110.1 102.6 93.9 89.5 90.6 100.8 110.4 116.2 120.7 125 127.2 128.6 128.8 128.1 126.7 125.2 123.5 121.4 119.5 117.3 114.3 112.8 113.7 115 113.7 112.3 111 109.2 108 107.4 107.1 107 106.6 106.4 106.2 106 105.5 104.4 102.9 101.4 102.2 103.1 103.7 103.6 103.2 102.8 102.4 101.7 100.5
125.7 128.3 131.8 133.6 134 133.2 131.9 132.3 133.5 134.1 133.6 132.5 131.5 130.4 129.1 128 128.6 128.5 127.7 123.7 121 115 116.3 121 124.5 125.8 125.3 123.7 122.1 119.7 116.8 115.4 113.8 112.2 109.3 104.3 96.7 91.4 87.6 90.7 100.2 108.6 115.2 120.4 124.8 126.4 126.6 125.9 124.1 122.2 120.3 117.8 115.7 114 111.6 109.7 111.5 112.1 111.1 109.7 108.4 107 106.3 106.2 106 106.2 106.3 106 105.8 105.4 104.8 104.2 102.8 102.3 103.1 103.6 104.5 104.1 103.7 103.3 102.9 102.4 101.3
120.2 123 129.4 132.7 133.2 133.6 132.4 132.1 132.8 133.5 133.3 132.2 131.1 130 128.6 127.6 128.6 129.2 127.1 125.2 123.6 119.4 114.1 113 118.2 123.2 123.3 122.1 120.7 118.5 115.1 111.1 110.1 108.4 106.1 103.1 98.6 91.8 87.4 85.7 91.9 100.4 109.8 117.6 122.4 124.1 123.7 122.9 121.5 119.7 117.1 112.7 111.1 109.6 108.4 108 108.7 109.4 108.7 107.5 106.3 105.1 104.8 105 105.2 105.5 105.6 105.6 105.3 104.8 104.2 103.6 102.7 103.1 103.6 104.1 104.8 104.5 104.2 103.9 103.5 102.7 101.4
113.2 118.7 124.4 130.5 132.4 132.8 132.8 132.4 131.9 132.7 133 131.9 130.6 129.2 128.8 128.5 129.4 129.9 128.9 127.1 125.4 122.5 118.9 112 108.7 116.4 120.5 119.8 118.5 116.2 113 108.6 104.3 102.8 99.8 96.7 93.1 89.4 87.5 85.5 84.6 95.2 106.3 115.2 120.3 121.2 120.5 119.8 118.9 117.1 114.8 111.1 107 105.4 104.4 106.5 107.5 107.8 107.1 105.8 104.6 103.6 103.8 104.3 104.5 104.8 104.9 105.5 105.7 105.1 104.4 103.8 103.2 103.7 104.2 104.7 104.9 104.7 104.4 104.1 103.8 102.9 101.4
107.8 112.7 119.3 125.6 131 132.1 132.4 132 131.4 130.9 131.7 130.6 129.3 128.8 129.5 130.2 131 131.5 130.9 128.7 126 123.9 120.9 117.3 109.2 107 113.8 116.8 116.1 113 108.4 103.1 99.5 96.5 93.1 92.7 92.5 91.3 89.5 86.9 83.7 92.6 104.1 112.5 116.7 117.6 117.2 116.5 115.9 114.8 113.2 110.8 106.8 103.7 100.7 104.1 106.2 105.9 105.3 104.2 102.9 102.1 103.3 104.4 104.6 104.8 105.4 106.1 106.6 106 105.3 104.5 103.8 104.3 104.7 104.8 104.8 104.6 104.4 104 103.5 102.8 101.2
103.5 106.4 114.4 121.4 128.7 131.6 132.1 131.5 131.1 130.9 130.6 130.2 129.7 129.5 131.2 132.1 132.8 132.7 131.4 129.1 126.3 124 121.3 117.4 113.7 108.5 105 110.3 112 108.1 101.8 98.6 95.8 95.8 98.7 100.5 99.8 95.9 90.3 87.1 84 87.8 102.2 109.6 112.9 113.7 113.6 112.4 111.1 112.2 110.7 108.7 107.9 106.8 101.8 99.5 103.4 103.2 101.9 99.4 100.9 103.4 104.5 105 105.4 105.8 106.4 107 107.5 106.7 105.9 105.1 104.4 104.5 104.6 104.7 104.6 104.5 104.3 103.6 102.9 102.2 100.9
101.6 100.8 107.9 116.8 126.7 130.6 131.7 130.4 130.7 130.3 130.5 130.4 130 130.3 131.9 133.2 133.8 133.4 131.9 129.4 126 122.5 119.7 116.3 116.1 114.5 109.4 103.8 100.6 98.9 98.3 98.6 101.7 105.5 108.3 108.1 105.4 97.8 91.4 87 84 83.8 98.7 105.3 108.6 109.1 108.9 107.1 106.5 108.5 108.2 107.4 106.6 105.7 102.5 96.2 98.9 97.6 97 102.6 104.9 105.8 106 106.2 106.4 106.8 107.5 108 107.7 107 106.1 105.2 104.4 104.4 104.5 104.6 104.4 104.2 103.7 103 102.3 101.6 100.7
102.2 96.7 100.5 111.5 123.5 128.6 129.7 128.5 128.9 129.8 130 130.2 130.2 130.2 131.4 132.4 133.3 133.2 132 129.7 126.4 124.4 121.2 121.2 121 119.8 116.5 113.8 110.6 110.1 109.2 109.8 112.7 115.1 115.1 113.2 107.8 98.7 92 87.3 84.2 83.3 94.5 102 103.7 104 102.9 101.4 103.6 105.2 105.6 104.7 103.1 101.6 99.5 94.1 93.3 97.3 103.3 106.4 106.7 106.8 107.1 107.4 107.6 107.8 108.1 107.4 107.1 106.5 105.6 104.7 104.2 104.2 104.2 104.2 104 103.7 103.1 102.6 102 101.4 101.2
102.6 97.1 98.1 110.5 121.1 127.3 128.7 127.5 127.2 128.9 129.3 129.4 130.1 130 130.8 131.9 132.9 132.5 131.3 129.6 128.7 127.8 126.4 125.5 125.4 124.7 123.5 121.5 120 120.5 119.3 119.5 120.6 120.9 119.6 115.9 110.2 102 92.9 87.9 84.3 83.6 92 98.1 98.6 98.1 96.8 97.1 100.6 102 102 100.3 98.5 96.8 92.6 89.8 96.2 102.3 106.6 107.6 107.6 107.9 108.1 108.2 108.1 108 107.7 106.9 106.3 105.6 104.9 104.4 103.9 103.8 103.7 103.7 103.4 103.1 102.8 102.3 101.8 101.2 101.2
100.3 95.9 95.4 108.2 117.8 124.9 128 126.9 125 126.9 128.3 128.1 127.9 128.7 130.3 131.4 132.2 131.8 131.3 131.5 130.9 130.2 129.5 128.8 128.7 129 128 127.1 126.5 126.2 125.5 125.3 125.3 123.7 121.1 117.8 112.6 105 95.1 88.5 84.5 83.6 89.8 93.8 93.9 92.5 91.3 93.9 96.1 96.9 97 94.7 92.4 88.4 87.6 94.3 100.2 106.6 108.1 108.3 108.3 108.3 108 107.7 107.3 106.9 106.7 106.1 105.5 105.1 104.6 104.1 103.7 103.5 103.3 103.1 102.7 102.3 102 101.7 101.4 101.1 101.1
101.5 96.7 95.4 106 116.5 124.1 126.4 125.6 122.7 123.4 123.9 125.5 126.2 127.8 129.6 131 132.2 132.5 132.2 132.2 131.9 131.3 130.8 130.2 129.7 130.1 129.3 128.3 127.9 127 126 125.4 125.1 123.8 122 119.3 114.4 108.8 99.7 90.4 84.6 81.9 85 88.2 88.6 87.4 87.1 88.8 89.8 90.6 90.4 88.5 84.1 85.7 93.4 100.4 105.2 108.1 108.4 108 107.6 107.2 106.9 106.5 106.1 105.7 105.6 105.1 104.6 104.5 104.7 104.2 103.7 103.5 103.3 102.4 101.8 101.4 101.1 100.8 100.5 100.2 100.7
103.7 97.7 96.3 103.9 114.7 122 124.2 122.2 119.6 123.3 126.4 127.4 127.1 128.5 129.4 130.6 131.8 132.5 132.7 132.6 132.2 131.8 131.5 131.1 130.8 130.1 129.3 128.5 127.6 126.7 125.8 124.8 123.7 122.5 121.1 118.6 115.1 111.1 104.2 96 87.3 81.7 80.6 82.2 82.4 81.9 81.8 81.8 82.5 82.6 82.9 80.7 83.9 91.7 99.9 105.7 107.8 108 107.4 106.9 106.4 106.1 105.7 105.3 104.9 104.6 104.5 104.2 103.7 103.5 103.9 104.3 103.8 103.5 102.9 102.1 101.2 100.6 100.3 99.8 99.3 99.4 99.9
104.5 99.7 94.8 102.9 111 117.5 118.7 119.1 120.7 126.2 128.6 129.1 129.1 129.2 129.5 130.3 131.5 131.8 132 131.9 131.7 131.3 130.8 130.3 129.7 129 128.2 126.9 125.5 124.6 123.7 122.6 121.5 120.5 119.1 117 114.2 111.6 107.8 102.6 94.9 87.7 81.7 78.9 78.2 77.9 77.7 78.5 78.4 76.7 76.1 81 90 98.2 104 107.2 107.3 106.9 106.3 105.8 105.4 104.9 104.5 104.1 103.7 103.5 103.3 103.2 102.8 102.7 102.8 103.2 103.8 103.3 102.4 101.5 100.7 99.6 99.2 98.6 98.2 98.6 99
105 98 93.6 99.8 107.7 111.7 113.2 115.9 122.5 127.4 129.3 129.4 129 129.2 129.5 130 130.6 130.9 131 130.8 130.4 129.9 129.6 129.2 128.6 127.9 127 125.6 123.8 122.5 121.6 120.5 119.5 118.5 117 115.4 113.1 110.9 109 107.2 104.7 99.1 90.7 85.2 82.6 80.7 80.7 80.7 78.7 74.9 74.1 80.4 89.9 98.9 103.6 106 105.9 105.5 105.2 104.8 104.3 103.8 103.3 102.9 102.6 102.4 102.2 102.1 101.9 101.7 101.7 102.6 103.2 102.7 101.3 100.4 98.8 97.9 98.1 97.7 96 96.3 96.9
106.8 98.9 92.5 96.6 102.3 106.7 110.6 118.6 125 127.9 129.4 128.9 128.8 129.1 129.4 129.5 129.8 129.9 129.8 129.3 128.7 128.1 127.7 127.4 127.1 126 125.4 124.4 122.5 120.6 119.5 118.5 117.5 116.4 114.9 113.1 111 109.8 108.7 108.5 107.3 105.6 102.5 98.3 94.9 92.5 91.8 89.9 85.6 77.2 73.8 75.3 84.3 95.6 100.5 103.3 104.3 104 103.8 103.5 103.1 102.7 102.2 101.8 101.4 101.1 100.5 100.8 100.7 100.5 100.2 101 101.9 101.8 100.3 98.4 96.4 96.3 96.6 96.8 94.5 92.9 94.1
108.6 100.6 94.6 93.6 98.9 104.4 110.6 120.9 125.4 127.6 128.3 128.4 128.3 128.2 128.4 128.5 128.3 128.1 127.7 127.2 127 126.4 125.8 125.5 125 123.9 122.7 121.6 120.1 118.3 117.3 116.5 115.5 114.3 112.8 111.1 109.9 108.7 108 107.6 106.8 105.9 104.5 102.9 101.5 100.4 98.9 95.7 88.2 79.8 75.3 72.9 77.4 87 95.7 99.9 102.7 102.6 102.4 102.1 101.8 101.4 101 100.5 99.3 98.1 99.4 99.7 99.3 98.8 98.3 99.7 100.4 99.9 98.9 96.2 93.9 92.8 94.8 95.1 93.5 89.4 91.9
110.8 104.2 97.2 92.1 96.3 101.8 108.7 119 123.9 125.4 126.6 127 127 126.9 126.8 126.6 126.4 126 125.5 125 124.4 124.2 124 123.6 122.8 121.7 120.3 118.9 117.5 116 115 114.3 113.5 112.2 110.7 109.4 108.4 107.6 107 106.5 105.9 105 103.4 102.7 102.2 101.4 100 96.9 91.5 83.3 77.7 72.9 72.7 79 88.5 96.8 100 101.2 101 100.7 100.4 100.1 99.7 99 97.3 93.6 96.7 97.9 97.1 95.5 94.7 98.1 98.6 98.1 96.9 93.6 90.4 89.9 92.9 92.9 91.9 85.9 87.3
112.1 107.1 100.3 94.4 92.6 98.2 105.1 114.1 120 123.1 124.8 125.2 125.2 125 124.9 124.7 124.4 123.9 123.4 122.9 122.2 121.6 121.4 121.1 120.5 119.1 117.8 116.4 115.1 113.7 112.8 112.4 111.9 110.2 108.5 107.6 106.1 105.9 106 105.4 105 104 103.3 102.3 101.3 100.6 100 97.6 92.7 86.7 81.5 74.8 71.7 73.8 82.2 92.2 96.9 98.4 99.1 98.5 98.2 97.9 97.8 97 94.2 89.3 94.4 95.8 95.2 92.4 93.2 95.6 96.3 95.9 94.9 92.3 88.7 86.3 89.8 90.6 88.9 83.6 81.3
112.7 108.6 102.6 96.5 91.8 93.9 100.2 107.5 114.6 120.7 122.9 123.2 123.4 123.2 123 122.7 122.2 121.7 121.2 120.7 120.1 119.3 118.9 118.6 118.4 117 115.7 114.4 113.1 111.7 111.4 110.9 110.3 108.8 106.7 105.2 104.1 104.2 104.3 104.4 104 103.2 102.2 101.2 100.1 99.5 98.9 97.6 94.3 90.2 84.5 78 72.7 70.9 77 87.5 94.6 95.3 96.2 96.1 95.5 95.2 95.1 94.2 91.4 85 89.9 93.2 92.7 89.7 90 92.7 93.5 93.3 92.5 91.1 87.2 81.8 85.5 86.6 85.5 80.8 75.2
111.6 107.3 102.6 98.2 93.5 90.3 94.1 101.2 109.1 116.7 121.3 121.6 121.4 121.3 121 120.5 119.9 119.4 118.9 118.5 118 117.3 116.9 116.6 116.5 115.7 114.3 112.9 111.6 110.2 109.3 109 108.3 106.5 104.6 103.6 102.6 102.9 103.1 103.1 102.6 102 101 100 99 98.3 97.7 97.1 95.1 92.8 87.9 80.5 74.3 71 72.6 82.6 90.8 93.2 93.1 91.9 91.4 91.3 90.8 90.1 87.7 82 87.1 90.5 90 86.9 86.9 89.9 90.8 90.7 89.8 87.7 84.5 79.8 80.7 82.5 82.5 79.1 71.2
