data/SU84.asc
ncols 200
nrows 200
xllcorner 480000
yllcorner 140000
cellsize 50
[rows 0 to 37 of 200, columns 85 to 169 of 200]
135.3 133.9 134.1 136 140.1 140.7 141.4 145.8 141.2 133.5 127.3 124.8 123.2 121.8 118.6 115.8 113.7 111.6 108.3 104.9 103.6 102.2 99.3 97.6 95.3 94 90.9 89.3 91 97.2 100.8 101.1 102.7 104.4 104 104.1 104.3 103.5 101.8 100.4 98.4 98.9 101 101.4 102.1 100.8 99.3 99 98.9 98.5 96.8 94.7 94.1 93.3 90.8 86.9 85 83.6 82.2 81.2 81.1 81.3 80.4 79.3 77.8 75.7 74.2 74.2 74.4 74.6 73.5 71.8 71.4 71.3 71.2 71 70.8 70.7 70.6 70.6 71 71 71.1 72.4 73.8
136 137.2 138.2 140.8 143.8 147.6 146.7 140.8 137.8 132.4 129.7 130.1 131.4 125.9 119.5 116.3 112 108.5 105.6 102.4 100.1 96.6 94.7 93.8 90.6 90.8 90.4 89.2 89.9 95.5 97.9 98.4 99.7 101.1 101.7 101.6 101.7 101 99.2 97.4 95.8 96.7 98.9 99.2 101.7 100.5 99.8 99.6 99.3 99.3 99.9 98.4 97.7 95.2 93.1 89.7 88.6 87.4 84.7 84.4 83.5 83.3 82.4 81.1 79.6 77.2 75.4 75.2 75.4 74.8 74 73.2 71.8 71.7 71.5 71.4 71.2 71 70.9 70.8 71 71.2 71.5 72.2 73.7
139.2 142.4 144.9 147.1 149.3 159.2 160.5 147.5 139.1 134.5 131.2 134.6 135.2 128.3 118.1 112 107.6 104.4 103.5 101.4 99.5 100 97.1 94.4 92 90.8 90.1 88.3 88.6 92.4 94.5 95.8 97.2 98.2 97.6 98.6 99.1 98.5 96.5 94.7 94.4 95.6 96.1 98.4 100.1 100 99.9 99.8 99.6 99.7 100.3 100.9 99.2 96.8 95 93.5 92.2 90.5 87.7 87.3 86.9 85.4 83.2 81.5 79.8 78.2 77 76.6 75.7 74.8 73.9 73.1 72.3 72 71.8 71.7 71.6 71.4 71.2 71.1 71.5 72.1 72.8 73.1 74
143.7 149.7 156.6 162.8 162.8 170 169.4 159.5 144.3 137.7 134.1 146.5 139.4 125.5 116.7 111.8 108 103.9 102.6 101.9 101.6 101.5 98.5 96.5 95.6 91.8 90.1 87.6 87.8 88.7 91.6 93.3 94.5 95 94.1 95.6 96.3 96.1 94.4 92.1 91.6 93.7 94.4 95.2 96.6 98.9 99.2 99.4 99.7 100 100.5 101 101 99.5 97.6 96.1 94.8 93.2 91 90.8 89.2 86.1 83.7 81.7 79.9 79.2 78.5 77.1 75.2 74.6 73.8 73 71.9 71.7 71.7 71.6 71.5 71.3 71.2 71.3 71.8 72.4 73 73.7 74
150.2 156.8 166.1 168.2 165.6 165.8 164.6 160.2 154.6 144.3 138.3 142.2 136.1 130.7 122.3 116 113.8 108.2 104.9 103.1 102.3 101.7 99.3 97.7 96.1 94.5 89.7 86.6 85.2 84.3 87 89.9 90.8 91 92.7 93.5 93.5 93.2 92.3 90.1 89.4 90.3 92.1 93.8 94.4 96.1 97 97.3 97.5 98.7 100 101 100.7 98.4 97.7 95.9 94.8 93.8 92.5 91.5 89.9 86.8 84.3 82.3 80.3 80.3 79 76.9 74.8 74.1 73.5 72.5 71.4 71.4 71.5 71.5 71.4 71.3 71.1 71.5 71.9 72.5 73.1 73.7 74
162.1 166.4 166.3 165.9 162.1 162 159.8 155.4 152.4 146.1 140.2 136.5 135.9 133.3 128.9 122.2 117.8 114.7 109.2 104 102.4 101.5 99.4 97.4 95.4 93.4 88.8 86.4 84.3 84.1 84.1 86.9 88 88.2 89.9 90 90.2 90.1 89.7 88.1 87.9 88.6 90.1 91.4 92.2 93.4 94.7 95.1 96 97.1 98.3 97.6 96.8 95.5 95.5 95.6 95.4 94.1 92.7 91.2 89.8 87 86.1 83.4 80.8 80.6 78.8 76.7 74.6 73.5 72.9 72.1 71 71.1 71.2 71.3 71.3 71.2 71.3 71.7 72.2 72.6 73.1 73.8 74.1
167.9 166.7 165.3 161.1 158 155.4 153.3 151 147.5 143.4 139.8 136.7 134.1 130.8 127.1 122.8 119.9 116.4 111.9 104.9 102.3 100.6 98.6 96.6 94.7 91.6 88.8 86.5 84.1 83.7 83.8 83.9 85.2 85.1 87 86.7 86.7 86.9 86.7 85.8 85.9 86.9 87.4 87.9 90 91.2 92.2 91.9 92.2 92.8 94.3 93.4 93 92.6 94.7 95.9 95.7 94.2 92.7 91.1 89.6 87.4 85.4 82.8 80.8 79.5 78.2 76.6 74.4 72.9 72.3 71.6 71 71 71 71.2 72.3 72.7 71.9 72 72.4 72.8 73.2 73.8 74.1
167.2 166.1 162.1 160.1 154 150.2 147.9 147.3 145.3 139.2 136.6 134.4 132.1 128.3 124.9 119.7 116.7 115.4 109.5 106 103 99.7 97.7 95.7 93.9 91.4 88.9 86.7 84.4 83.7 83.1 83.2 82.7 82.4 83.5 84.8 84.4 84 83.6 85.3 84.1 84 84.1 84.8 86.5 88.7 89.2 88.9 86.5 87.5 90.2 90 89.8 89.5 92.2 93.1 93.7 93.2 91.8 90.4 88.9 86.9 84.6 82.2 80.3 78.5 77.1 76.1 74.8 72.8 72 71.4 72.7 72.6 72.6 72.7 72.7 72.7 72.9 73.1 73.4 73.2 73.4 73.9 74.1
166.6 164.6 159 154.7 150.9 149.2 143.6 141.4 140.4 136.9 133.4 132.5 131.6 128 125.3 121.6 115.9 113.7 108.9 106.6 102.3 98.7 96.8 95 93.4 91.4 89 86.8 84.6 83.8 82.9 81.6 81.3 81.5 80.7 81.6 82.4 82 81.4 82.5 81.4 81.3 82 82.8 84.6 86.3 86.4 86 83 82.1 86.4 86.6 86.5 86.6 90 90.7 91.3 91.9 90.7 89.2 87.7 86.1 83.8 81.6 80.4 77.6 76.6 75.9 74.8 73.5 72 72.3 72.3 72.4 72.4 72.5 72.6 72.5 72.6 72.9 73.2 73.4 73.7 74 74.1
161.7 159.1 156.4 149.9 146.2 144.8 141.4 137.4 135.5 133.7 130 129.1 129.7 128 125 122.1 117.7 114.6 112 108.4 104.1 100.1 95.8 92.9 92.6 91.2 89.3 87.3 85.3 83.5 82.1 80.7 79.9 80.5 79.7 79.3 80 79.6 80 80.3 79 79.2 79.9 80.8 82.6 84.2 83.8 83.2 80.8 79.1 81.8 83.2 83.5 84.1 86.3 88 88.7 89.4 89.3 87.9 86.4 84.9 83.1 80.8 79.3 78.2 76.4 75.6 74.5 73.3 72 72.1 72.1 72.2 72.3 72.4 72.4 72.4 72.4 72.6 72.9 73.2 73.5 73.5 73.3
159.4 155.7 151.5 146.5 142.5 140.2 139 135.7 132.2 129.6 126.8 124.8 126.3 125.7 122.7 120.5 116.3 114.4 110.1 108.1 105 100.5 96.2 93.3 91.2 90.6 89.2 86.9 84.5 82.4 81.1 79.7 78.7 78.6 78.8 77.5 77.3 78 79.1 79.2 77.4 77.5 77.8 78.9 80.5 81.8 81.2 80.5 80.7 80.3 81.1 81.6 82.1 83.2 83.5 85 85.7 87.3 87.1 85.5 84.6 83.7 82.2 80.3 80.1 78.7 76.9 75.4 74.3 73.1 72 72 72 72.1 72.1 72.2 72.3 72.3 72.3 72.4 72.6 72.9 73.2 72.8 72.4
156.7 153.5 149.2 145 141.9 139.6 134.7 132.9 132 129.7 126.6 123.9 122.3 122.5 120.6 118.7 114.8 111 108.5 106.4 104 100.3 96.9 94 91.1 89.5 88.1 85.8 83.5 81.3 80.1 78.9 78.3 77.6 76.9 76.3 76.2 76.3 77.5 77.8 76.6 76 76.1 76.8 78.3 79.2 78.6 78.8 79.3 79.2 79.3 79.9 81.3 82.3 82.6 82.9 84 85.6 86 86 84.6 82.8 81.7 80.7 80.4 78.7 77.1 75.5 74.1 73.1 72.1 72 71.9 71.9 72 72.1 72.2 72.2 72.2 72.1 72.4 72.7 72.6 72.1 72.3
153.5 151.2 147.3 143.7 142.4 139.5 134.3 130.1 130 129.7 127 122.9 118.9 118.1 117.7 116.8 113.1 109.7 107.6 105.4 103.1 100.6 97.1 94 91.2 89.7 87.3 84.7 82.5 81 79.5 78.6 78 77.4 76.8 76.3 75.7 76.1 76.3 76.5 76.1 75.1 75.7 75.9 76.2 76.7 77.2 77.7 78.2 78.6 79 78.8 80.4 81.3 81.5 81.8 82.8 84.1 86.1 85.9 85.2 83.1 81.8 80.6 79.4 78.3 77.1 75.5 74.2 73.1 72.1 72 72 71.9 71.9 71.9 72 72.1 72.1 72 72.1 72.4 72 72.1 72.3
150.4 148.8 145.6 142.6 140.7 136.5 132.5 128.9 127 127.8 126 122.2 118.4 114.6 115 113.7 111.2 108.8 106.6 104.5 101.9 98.6 95.4 92.8 91.2 90 87 83.9 82 80.4 79 78.5 78 77.5 76.9 76.3 75.5 75.3 75.7 75.2 74 74 75.3 74 74 75.6 76.1 76.6 77 77.3 77.5 77.6 79.4 80 80 80.7 81.5 83.4 85.6 85.6 85.2 83.5 82.1 81.3 80.4 78.7 77 75.4 74.1 73.2 72.1 72 72 71.9 71.9 71.9 71.9 72 72 71.9 71.9 71.8 72 72.2 72.4
150.2 147.6 144.7 141.8 138.9 135.7 132.1 128.5 124.2 121.8 122.1 119.3 118.2 114.9 110.6 110 109.6 107.8 105.7 103.1 99.8 96.6 93.9 91.6 89.8 87.8 85.8 83 81.4 79.8 78.8 78.4 77.9 77.5 76.9 76.3 75.6 74.6 74.9 74.5 74 74 74.8 74.5 74 74.4 75 75.5 75.7 76 76 76.1 77.2 78.2 78.4 79.1 80.3 82.1 84.4 86.1 86.1 83.9 82.5 81.5 80.6 78.7 77 75.3 74.1 73.2 72.2 72 72 71.9 71.9 71.9 71.8 71.8 71.9 71.8 71.8 71.8 72 72.2 72.3
148.2 146 143.1 140.1 137.1 135 131.8 128 124.2 119.2 117.8 116.1 115.3 113.6 108.8 108 108.3 106.5 105 101.1 97.8 96 93.7 90.8 88.6 86.6 84.4 82.4 80.8 79.2 78.7 78.2 77.8 77.3 76.9 76.4 75.7 74.7 74 74 74 74 74.2 74 74 74 74 74.3 74.5 74.6 74.4 74.5 74.9 75.9 76.8 77.7 79.1 80.4 83 85.8 85.7 84.4 83.1 81.8 80.8 78.9 76.9 75.2 74 73.2 72.2 72 72 71.9 71.9 71.9 71.8 71.8 71.8 71.8 71.8 71.8 71.9 72 72.2
144.6 143.9 141.3 138.3 135.2 133.1 131.1 128.4 125.3 122 118.5 115.2 113.4 109.4 107.2 105.9 106.4 105.8 103.7 99.7 97 95.4 92.3 89.3 87.8 86.2 84.1 82.3 80.5 80.4 79 78.1 77.6 77.2 76.7 76.3 75.5 74.5 74 74 74 74 74 74 74 74 74 74 74.1 74.2 74.3 74.2 74.2 74.1 74.8 76 77.3 78.8 81.4 84.1 84.4 83.7 83 82.2 81.1 79.1 77.1 75.2 74 73.1 72.2 72 72 71.9 71.9 71.9 71.8 71.8 71.8 71.8 71.8 71.8 71.8 71.9 72
143.1 142.2 139.9 136.9 134.4 131.9 129.6 127.3 124.7 121 117.5 114.7 111.5 108 105.4 103 103.1 104 102 98.2 96.4 94.6 91.7 88.8 86.6 85.1 83.7 81.7 79.7 79.4 79.2 78.8 77.5 77 76.6 76.1 74.1 74 74 74 74 74 74 74 74 74 74 74 74 74 74 74 74 73.9 73.9 74.2 75.3 77.3 79.7 81.7 82.1 81.8 81 80.2 79.3 78.9 77.1 75.3 74.1 73.2 72.2 72 72 72 71.9 71.9 71.9 71.8 71.8 71.8 71.8 71.8 71.8 71.9 71.9
140 140.1 137.9 135.4 132.8 130.5 128.1 125.8 121.3 118.6 115.8 113.1 110.6 107.9 105.7 103 99.8 100.2 99.4 97.3 95.4 93.2 91.5 88.6 86 83.8 82.8 80.9 79.5 78.4 78 77.8 77.5 77.2 76.4 75.6 74 74 74 74 74 74 74 74 74 74 74 74 74 74 74 73.9 73.8 73.7 73.7 73.8 74.2 74.9 77.6 79.2 79.7 80.8 80.8 80.4 80.1 79.1 77.5 75.1 74.6 73.6 73.2 72.6 72 72 71.9 71.9 71.8 71.8 71.8 71.8 71.8 71.8 71.8 71.9 71.9
135.8 136.6 135.4 134 131.2 127.8 124.5 121.1 119.3 116.9 114.1 111.4 109.1 107.2 105.2 102.4 99.7 98.8 97 96.2 93.9 91.8 90.2 88.4 85.6 83.8 81.8 80.5 79.3 78.1 77.7 77.4 77 76.6 76.2 75.2 73.9 74 74 74 74 74 74 74 74 74 73.9 73.9 73.9 73.8 73.7 73.6 73.5 73.5 73.5 73.5 73.9 74.4 74.9 75.9 77.1 78.4 80.6 80.6 80.5 78.7 76.6 75.2 74.8 74.4 74.1 73.8 73.2 72.8 72.4 72.1 71.8 71.8 71.8 71.8 71.8 71.8 71.9 72.1 72.3
132.1 131.8 133 131.8 129.9 127 123.6 119.9 117.3 114.9 112.5 109.9 108 106 104.1 101.4 100 97.2 94.5 94.8 92.5 90.3 88.7 87.2 85.3 84.6 81.9 80 78.7 78.1 77.7 77.4 77 76.7 76.3 75.3 74 74 74 74 74 74 74 74 74.1 74.2 73.8 73.7 73.6 73.6 73.5 73.4 73.3 73.3 73.3 73.3 73.5 74.1 74.3 74.3 74.4 76 78.2 80.3 79.5 77.1 75.5 75 74.5 74 73.8 73.5 73.1 72.9 72.6 72.3 72 71.8 71.8 71.8 71.8 72 72.2 72.4 72.7
131.6 129.3 129.5 129.2 128 125.8 122.7 119.1 116.8 114.1 111.5 109.1 107.2 105.2 103.2 101.1 98.9 96.7 94.5 92.9 90.8 89.1 87.9 86.7 85.8 84 81.5 79.5 78.7 78 77.6 77.3 77 76.7 76.4 75.2 74 73.8 74 74 74 74 74 74.2 74.3 74.4 73.9 73.5 73.4 73.3 73.2 73.2 73.1 73.1 73.1 73.1 73.2 73.6 73.7 73.9 74.3 74.8 76.4 77.8 77.2 75.8 75.3 74.7 74.2 73.7 73.4 73.1 72.8 72.6 72.4 72 71.8 71.8 71.8 71.8 72 72.3 72.5 72.7 73
132.5 129 125.5 125.4 126.2 124.3 121.4 118.2 116.3 114.2 111.5 109.3 107.1 105.1 103.1 101.1 99.4 97.2 94.9 92.6 90.4 88.3 86.8 86.2 85.6 83.2 80.8 79.3 78.6 77.9 77.6 77.3 77 76.6 74.7 73.8 73.2 74.4 74.9 75.1 75.4 75.3 75.3 74.7 74.5 74.5 74.1 73.7 73.2 73.1 73 73 72.9 72.9 72.9 72.9 72.9 73.2 73.7 74.2 74.6 74.6 74.4 75 75.2 75.3 75 74.5 73.9 73.4 73 72.7 72.5 72.3 72.2 71.8 71.8 71.8 71.8 71.8 72.2 72.6 72.8 73 73.3
130 127.4 125.6 121.1 123 122.7 120.2 117.3 115.3 113.4 111.4 109.3 107.3 105.1 103 101.3 99.9 97 94 92.1 89.9 87.7 86.2 84.7 83.5 82.6 80.6 79.2 78.5 77.9 77.6 77.3 76.3 75.2 74.6 73.9 73.6 75.4 76.5 76.6 76.8 76.7 76 75.4 75 74.7 74.3 73.8 73.2 72.9 72.9 72.8 72.8 72.8 72.8 72.8 72.6 73.6 74.1 74.3 74.2 74 73.8 73.9 74 74 74.1 74.2 73.6 73.1 72.6 72.3 72.2 72 71.9 71.8 71.8 71.8 71.8 72 72.4 72.8 73.1 73.3 73.6
126.9 124.5 124.8 120.6 119.4 119.4 118.8 116.3 114.3 112.1 110.2 108 105 102.9 101.1 99.7 99.1 95.9 93.3 91.4 89.4 87.2 85.6 84.2 83 81.9 80.5 79 78.5 77.9 77.6 76.4 75.8 75.2 74.6 74 75 76.5 77.7 77.9 78 77.4 76.4 75.5 75.1 74.5 73.8 73.2 73 72.9 72.8 72.8 72.8 72.7 72.7 72.6 72.3 73.3 74 73.9 73.7 73.5 73.3 73.1 73 72.9 72.9 73 73 72.8 72.3 72 71.9 71.8 71.8 71.8 71.8 71.8 71.9 72.2 72.6 73 73.4 73.6 73.9
123.7 121.6 121.6 118.6 116.3 116.1 116.6 115.1 112.8 110.6 109 107.1 104.5 101.6 98.6 96.9 96.8 94.8 92.6 90.7 88.7 86.7 85 82.7 81.3 80.9 80.1 78.9 78.3 77.7 77.1 76.5 75.8 75.2 74.6 73.9 75.6 77.4 78.8 79.1 78.9 77.9 76.9 76 75.1 74.4 73.8 73.1 73 72.9 72.8 72.7 72.7 72.7 72.7 72.2 72.1 73 73.2 73.3 73.2 73 72.8 72.6 72.5 72.4 72.3 72.2 72.1 72 71.9 71.7 71.7 71.7 71.8 71.8 71.8 71.9 72.2 72.6 72.9 73.3 73.7 73.9 74.3
119.9 118.8 118.7 116.6 114.9 113.8 114.2 113.6 111.4 109.4 107.7 106 102.8 101.2 99 95.2 94.1 93.9 92 90 88 85.9 83.2 80.8 79.2 79.1 79 78.8 78.4 77.9 77.2 76.4 75.8 75.2 74.5 74.4 76.3 78.2 79.7 80.3 79.4 78.5 77.7 76.4 75.7 75 73.6 73.2 73 72.9 72.8 72.7 72.6 72.6 72.4 71.8 71.8 72.2 72.5 72.6 72.5 72.5 72.3 72.2 72 71.9 71.9 71.8 71.8 71.8 71.8 71.7 71.7 71.7 71.7 71.8 72.1 72.9 73.1 73.3 73.4 73.6 73.9 74.3 75.2
116.4 115.1 115.8 115.5 113.6 111.5 110.5 109.8 109.3 107.8 105.8 102.9 99.2 99.8 99.3 96.6 94.2 92.5 90.4 88.4 86.4 84 80.3 79.4 79.3 78.7 78.3 78.1 78 77.8 77.5 77 76.1 75.1 74.5 75 77 78.9 80.6 81 80.2 79.4 77.7 77 76.3 75.1 73.5 73.4 73.2 73 72.8 72.6 72.6 72.5 72 71.4 71.3 71.5 71.7 72 71.9 71.8 72 72 72 71.9 71.9 71.9 71.8 71.8 71.8 71.8 71.7 71.7 71.9 72.2 72.8 73.9 74.7 74.9 75 75.2 75.4 75.4 76.5
111.8 113.1 116 114.5 112.7 110.7 109.3 107.1 105 103.2 102.3 99.3 98.5 98 98.3 96.9 93.9 90.8 88.8 86.8 84.8 81.6 79 78.8 78.3 77.8 77.7 77.5 77.3 77.2 77 76.9 76.6 75.8 74.9 75.7 77.6 79.6 81 80.7 80.9 78.9 78.2 77.6 76.6 74.6 73.7 73.5 73.3 73.1 73 72.8 72.6 72.3 71.9 71.6 71.1 71.1 71.1 71.3 71.6 71.8 71.9 71.9 72 72 71.9 71.9 71.9 71.9 71.8 71.8 71.8 72.1 72.4 72.7 73.5 74.8 75.7 76.5 76.6 76.8 77 76.9 77
106.5 109.2 110.9 112.7 112.5 111.3 110.2 108.4 104.4 101.9 99.2 97.7 96.3 94.7 95.6 94.9 92.8 89.4 87.1 85.1 82.7 79.3 78.4 77.7 77.4 77.2 77 76.9 76.7 76.5 76.4 76.2 76.1 76 75.5 76.3 78.2 80 80.9 81.3 79.9 79.3 78 76.8 75.4 74 73.8 73.6 73.4 73.2 73 72.8 72.5 72.3 72.1 71.9 71.5 71.1 71.1 71.4 71.7 71.7 71.8 71.8 71.9 72 72 71.9 71.9 71.9 71.9 72.1 72.4 72.6 72.9 73.2 74.1 75.5 76.6 77.5 78.2 78.4 77.4 78.5 78
103.1 106.2 107.1 109 110.6 111.2 110.3 108 105.4 103.3 100.6 98.5 95.9 93.8 92.9 91.4 89.9 87.6 85.3 82.9 80.4 78.8 77.9 77.1 77 76.9 76.7 76.6 76.5 76.4 76.3 76.2 76 76.2 76.7 76.8 78.6 80.1 80.7 81.4 80.9 79 77.4 76.8 76 75.2 74 73.6 73.4 73.2 73 72.7 72.5 72.2 72 71.8 71.7 71.7 71.7 71.7 71.7 71.7 71.7 71.7 71.8 71.9 72 72 72 71.9 72.3 72.7 73 73.2 73.4 73.6 74.8 76.2 77.4 78.4 79.3 80 79.5 79.6 79
99.4 102 103 105.9 108.7 109.6 109 107.5 104.5 102.6 100 98 95.9 93.1 89.4 88.5 87 85.4 83.5 81.3 79.2 78.3 77.5 77.1 76.9 76.8 76.7 76.5 76.4 76.3 76.2 76.1 76 76.5 77 77.4 78.9 79.8 80.3 80.8 81.1 78.7 78.7 78.3 77.4 75.7 75 74 73.4 73.2 72.9 72.7 72.4 72.2 71.9 71.7 71.7 71.7 71.7 71.7 71.7 71.7 71.9 71.8 71.8 71.9 71.9 72 72.1 72.5 72.9 73.3 73.5 73.7 73.9 74.1 75.5 76.9 78.2 79.2 80.2 80.9 79.5 80.7 81.2
97.3 96.9 100 106 107.4 107.8 107.1 106.5 104 100.8 98.5 96.8 95.1 92.2 89 87 85.4 83.9 82.4 80.3 78.7 77.9 77.3 77.1 76.9 76.7 76.6 76.5 76.3 76.2 76.1 76 76.4 76.9 77.4 77.8 78.8 81 81.1 81.2 81.2 80.1 80.3 78.4 76.5 74.6 73.9 73.6 73.5 73.1 72.9 72.6 72.3 72.1 71.8 71.7 71.7 71.7 71.7 71.7 71.7 71.7 72.1 72.6 71.9 71.9 72 72.7 72.8 73.2 73.6 73.8 74.1 74.5 74.9 76.9 77.6 78.2 78.9 80 80.8 81.7 79.9 83.5 83.6
99.2 95.1 97 103.2 105.7 105.6 105 104.3 102.9 100.3 98.1 96.3 93.7 90.8 87.9 85.6 83.9 82.4 81 79.7 78.3 77.5 77.3 77 76.8 76.6 76.5 76.4 76.3 76.1 76 76.2 76.7 77.2 77.7 78.2 79.8 82.4 83 83.1 82.4 81.3 80.2 78.8 77.5 75.7 74.4 74.2 73.7 73.6 73.1 72.7 72.4 72.1 71.8 71.7 71.7 71.7 71.7 71.7 71.7 71.7 72.2 72.7 72.5 72.1 73.4 73.3 73.6 74 74.8 75.1 75.5 75.9 77.9 80.3 81.1 81.7 82.3 83.2 83.9 85 86.9 86.4 86.4
102.1 98.4 94 97.5 99.2 101.8 102.4 101.4 101 99.7 97.1 95 92.2 89.3 86.8 84.6 82.5 81 79.8 79.1 77.8 77.5 77.2 77 76.8 76.6 76.4 76.3 76.2 76.1 76.1 76.6 77.1 77.6 78.1 78.5 80.7 83.6 84.9 84.4 82.6 80.6 79.9 78.6 77.2 75.5 74.9 74.4 73.9 73.6 73.6 73.2 72.7 72.2 71.8 71.7 71.7 71.7 71.7 71.7 71.7 71.8 71.9 72.8 72.9 73 73.7 74.1 74.9 76 76.3 76.6 76.9 78.8 81.5 83.6 84.6 85.2 86.1 87.2 88.3 88.7 87.8 89.4 89.2
102.8 98.7 94 94 93.2 96.5 98.8 99.2 98.5 96.5 94.6 92.6 90.7 87.9 86 83.7 81.2 79.7 79 78.2 77.6 77.4 77.2 77 76.8 76.5 76.3 76.2 76.1 76 76.4 76.9 77.4 77.9 78.5 79.1 81.6 85.1 85.9 83.9 81.9 80.1 79.2 78.3 76.9 75.5 74.4 74.6 74.2 73.7 74.1 73.7 73.2 72.7 72.3 71.7 71.7 71.7 71.7 71.7 71.9 72.1 72.3 73.8 73.9 74.3 74.8 75.7 76.9 77.6 77.8 78.7 80.1 82.4 85.1 87 87.9 88.9 91.2 92.4 94 94.1 93.3 92.7 92.4
102.8 98.1 96 94.5 89.8 90.2 95.2 96 96 94.1 93 90.3 88.9 87.1 85.1 82.8 80.3 78.9 78.3 77.6 77.6 77.4 77.2 77 76.7 76.5 76.3 76.1 76 76.3 76.8 77.3 77.8 78.3 78.8 80 84 87.1 86.6 85.2 83.6 81.9 80.1 79.4 78.1 77 75.9 74.5 74.4 73.9 74.1 74.2 73.7 73.2 72.7 72 71.7 72.2 72.1 72.1 72.2 72.5 72.8 74.5 75.5 76.3 77.2 78 78.8 80.3 82.1 83.9 84.5 86.1 88.7 91.3 94.7 96.7 97.1 97.7 98.4 98.2 97.6 96.2 96.1
102.2 100.9 100 96.8 92.9 89.1 89.8 94 95.9 94.1 93.1 91 88.9 86.3 83.8 81.8 79.5 78.4 77.7 77.1 77.4 77.2 77.1 76.9 76.7 76.5 76.3 76.1 76.1 76.6 77.1 77.6 78.1 78.6 79.2 81.6 85.4 89.2 88.9 87.8 86.5 84.7 82.6 80.7 79.5 78.5 77.4 76 74.6 74.1 74.1 74.6 74.2 73.7 73.1 72.4 72.2 73.9 73.2 73 72.8 73.4 74.9 77 78.3 79 79.8 81.4 82.9 85.2 87.3 89.1 88.8 92 95.5 96.8 99.1 100.5 101 101.3 100.9 101.4 100.8 100.1 99.8
