data/SU88.asc
ncols 200
nrows 200
xllcorner 480000
yllcorner 180000
cellsize 50
[rows 0 to 37 of 200, columns 0 to 85 of 200]
155.4 152.3 149.9 148.6 147.8 147.2 146.7 146.3 146.9 147.6 148.3 148.8 146.6 147.7 149.4 149.5 147.9 146.7 143.4 137.4 131.5 129.3 123.1 113.6 114.6 116.2 118.8 118.8 117.7 115.9 115.1 111.4 105.7 101.6 99.3 96.7 93.7 93.8 102.8 119.6 132.8 138.3 141.2 141.4 140.7 137.4 131.1 128.6 133 136.8 139.6 141 142.7 143.4 144.2 143.3 142.7 141.1 140.2 136.6 132.1 125.4 119.5 119.1 116.8 117.7 123 126.6 127.2 132.7 130.8 131.7 131 129.6 131 127.8 126.9 125.7 123.2 119.1 110.5 101.4 94.3 89.3 90.1 99.3
156.5 155 152.6 150.9 150.4 149.3 150.1 149.4 147.4 146.3 146.7 146.8 146 146 147.5 147.7 148.2 147.9 146.6 141.9 135.6 131.9 128.8 122.9 114.4 113.5 113.8 113.6 112.2 109.6 109 106.1 103.4 102.1 101.6 102.3 100.4 93.6 94.6 111.9 131.2 136.4 140.4 141.1 140.3 136.6 130.5 124.2 130.6 134.1 136.5 138.3 140.4 142 142.7 143.2 143.4 142.4 141.3 138.7 135.6 131 126.4 121.5 117.6 114.5 114.1 121.6 123.9 125.9 128 128.6 127.8 126.1 124.9 125.5 124.4 123.1 121.7 116.8 107.9 99 92.7 88.2 89.7 97
158.5 156.7 154.8 152.9 151.3 150.7 151 150.4 149.2 147.4 144.9 145.7 145.8 146 146 146.2 148.3 149.2 148.6 145.9 141.6 134.2 131.5 128 121.5 114.9 113.4 114.9 116.7 115.5 114.3 114.3 115.3 115.6 116.4 114.2 102.7 93.3 93.4 106.1 128.4 133.5 137.1 139.7 139.8 136.2 130.7 123.2 126.1 131.3 133 134.5 137 139.9 141.3 141.8 142.3 142.5 141.8 140.6 138.1 135.9 132.6 129.1 124.7 119.2 114 115.3 121.6 123 124.4 124.4 123.2 121.4 120.7 121.6 121.5 121 119.7 114.6 107.2 98.6 92 85.7 87.2 92.8
159.1 157.2 156 154.8 153.2 153.4 152.9 152.1 151.1 149.1 146.6 144.2 144.5 145.6 145.5 146 148.6 150 150.6 149 146.4 142.1 136.1 131.8 127.2 123.2 122.2 122.5 126.4 127.1 126.2 125.8 126.3 124.5 120 118.2 105.2 93.8 93.1 103.1 123.9 129.3 134.1 138.2 139.7 137.2 131.9 122.7 121 125.5 128.5 130.7 134.3 136.9 139.2 140.4 141.7 142.7 142.2 141.3 139.3 137.7 135.6 132.6 128 121.9 115.7 109.1 114.9 119.1 119.5 118.8 117.6 115.5 115 115.9 117.6 117.1 116.8 114.8 109 102.4 95.2 87.2 84 88.1
159.4 158.3 157.1 156.3 155.5 155.3 154.4 153.4 152 151 148.4 145.8 143.8 142.8 144.7 146 148.2 149.8 150.9 150.7 148.3 146.3 143.4 138.1 135.3 132.3 130.7 133 133.9 132.2 131.3 132 131.1 127.3 121.7 117.8 109.6 96.6 93 98.8 113.9 123.3 131.1 137.2 139.8 137.8 133.7 126.1 118.9 119.1 122.4 127.1 131 133.8 136.8 139.8 141.6 142.2 142 141.6 141 138.9 137 134.7 129.9 122.8 118.3 113.5 108.4 112.5 114.2 113.2 111.2 108.9 108.9 110 111.9 111.6 112.6 111.5 111 106.2 100.7 93.9 84.1 83.8
161 159.4 158.5 157.5 155.9 155.9 154.3 152.9 151.7 151 148.7 146.2 144 140.3 142.8 145.5 146.4 148.2 149.8 150.2 149.7 147.7 146.9 145.5 142.8 140.3 138.6 138.4 136.4 134.5 133.4 132.7 131.2 126.5 121.3 117.5 111.1 98.5 92.9 94.4 108 120.6 130.4 135.2 135.2 136.5 134.7 129.4 122.1 114.9 117.1 123.2 126.5 131.3 135.8 138.6 140.9 141.3 141.3 141.2 140.9 139.1 136.8 134.8 131 127.9 124.2 118.3 105.9 105.8 106.8 106.1 104.3 102.7 101.4 103.1 105.1 106.5 108 108.3 108.5 106 102.6 97.5 88.9 82.5
161.2 159.4 159.6 157.8 156.1 155.8 154 152.5 151.5 150.6 149.1 146.7 144.2 140.3 140.1 142.7 145.1 146.5 147.8 148.4 148.6 148.9 148.6 148.2 147.6 146.1 144.8 143.5 139.9 137.2 135.5 132.9 130.9 124.9 119.5 115.2 110.3 97.8 90.7 90.5 103.4 117.5 128.1 134.6 136.1 136.7 135.4 130.6 125.1 115.4 112.5 117.6 123.1 128.8 133.9 136.8 139.4 140.6 141 141 139.6 138.8 137.7 135.6 134.7 132.2 128 122.2 111.3 102.6 99.3 99.1 98.9 98 96.4 96.4 98.2 99.2 100.5 101.8 101.8 102.9 100.5 94.4 88.6 86.1
161.2 160.7 160.2 158.2 156.4 155.7 153.6 151.7 151 150.2 148.8 146.2 143.8 140.3 139.1 139.8 141.8 144.1 145.7 146.5 147 147.8 148.1 148 148.1 147.6 146.8 146.2 146.4 141 138.4 133.9 130.8 125 118 113.3 108.8 99.1 90.4 88.5 97 111.9 124.7 133.4 136.8 137 135.9 131.2 124.9 115.5 109.2 113.3 120.7 125.6 130.8 134.9 137.8 139 140.1 139.6 139.4 139.2 138.5 136.1 135.5 134.9 131.1 125.5 119 114 108.1 102.2 99.7 98 95.3 94.2 93.9 93.8 93.1 93.2 93.3 92.3 90.5 88.2 85.5 83.6
162.4 161.6 160.4 159.3 156.5 154.3 152.3 150.2 148.8 147.3 146.6 144.5 142.1 139.9 137.8 139 138.5 140.5 143.3 145 146 146.5 146.8 146.9 147.1 147 146.5 146 144.4 142.2 140 136.5 132.8 126.3 119.7 114.2 109.6 98.7 95.3 90.4 89.9 104.3 122.4 131.5 137.1 137.6 135.6 131 125.3 116.8 107.1 109.5 115.9 121.6 127.8 132.9 136.4 137.7 138.6 138.5 138.7 138.4 135.9 135.9 136.3 136.5 134 131.2 127 124 121.1 116.7 112.9 104.6 102.5 98 94.6 93 90.5 89 88.9 87.6 84.8 83.9 82.8 80.4
162.4 161.1 160.4 159.4 156.9 155.1 152.6 149.5 148 145.4 144.7 144.1 141.2 139.6 139.7 138.3 135.2 136 139.4 141.2 143.2 145.2 146 146 146 146.1 144.8 144.3 143 141 139.1 136.9 132.6 127.9 123.4 117.7 112.4 101.6 97.2 94 89 98.1 118 130.4 135.9 136.2 135.1 130.3 123.9 117.6 108.8 105 110.6 118 125.5 131.5 134.4 135.9 136.9 137.1 137.6 135.9 136 136 136.3 136.9 136.2 134 132.8 131.4 128.5 125.8 124.1 120.9 115.6 110.2 106.2 102.3 97.4 94.8 92.1 89.7 88.4 87 86.4 86.7
162.4 161.3 160.2 159.5 157 155.3 152 149.6 148.7 146.6 144.4 144.4 144.2 144 142.7 140.3 136.5 134.6 134.7 137.2 139.5 141.2 141.9 142.8 142.6 142.1 142 140.8 141.9 140.4 138.2 135.9 132.6 128.6 125.6 120 114.6 105.6 97.1 94.2 89.3 94.4 115 129.5 134.9 136.1 134 129.3 122.5 115.6 108.5 104 108.3 117.7 125 128.9 131.7 133.5 134.1 134.7 135.6 135.3 136.1 136.1 136.4 136.9 137.1 136.3 135.7 134.6 133 131.5 129.7 128.6 125.9 121.4 118.5 115.2 112 107.8 105.6 103.6 98.2 96.5 94.9 95.2
162.3 161 160.2 160.2 157.5 154.7 153.1 150.9 149.5 147.5 145.6 145.5 146 146.3 144.5 142.7 139.3 135.5 133.7 134.4 137.1 138.2 139.1 138.4 137.9 137.4 137.5 137.6 138.1 138.9 136.9 134.8 132 128.5 123.7 119.3 114.5 105.1 97 92 88.6 94.7 116.1 128.3 132.8 134.9 133 128.6 122.8 114.3 106 100.5 106.6 115.7 121.3 125.4 127.8 129.6 130.6 131.1 133.7 134.4 135.3 136.2 136.5 136.7 136.9 137.1 136.4 136 135.3 133.6 131.8 130.5 127.2 123.9 121.1 118.9 117.3 114.3 112.2 110.7 106.9 105.7 101.7 97.6
162.1 160.9 160 159 157.2 154.6 153.2 151.8 150.3 148.4 147.4 147.9 147.8 146.9 145.1 143.1 140.1 136.5 133.5 131 133.7 135.8 136.2 134.6 133.2 132.7 132.6 132.3 134.9 136.6 135.4 133.2 130.5 127.1 122.2 117.7 112.7 103.1 95.1 90 88.5 97.5 117.3 128.1 132.1 133 130.9 127.7 122.8 115.9 107 99.3 103.3 112.1 115.9 117.7 120.4 124.5 125.2 127.4 131.4 134.1 135.2 136 135.9 136.1 136.3 136.7 136.7 136.3 136 134.3 132.2 129.7 127.5 124.3 120.2 116.7 115.2 112.3 110.4 108.4 105.7 103.1 99.8 94.8
161.9 160.9 159.5 158.1 156.9 154.5 153.1 152.4 150.9 150 149.7 149.6 149 147.3 145.7 143.5 140.5 137.1 134.3 130.5 129.1 130.2 130.1 129.3 125.4 124.6 125.5 127.2 129.3 133.3 133.3 131.3 128.6 124.6 119.7 115.2 109.4 100.5 93.3 89.3 88 101 118.4 127.3 130.9 131 128.8 124.9 120.8 114.8 106.6 98 99.9 107 107.9 109.2 112.1 116.1 122.4 127.5 131.8 134.6 135.7 135.7 135.2 135.6 136.1 136.4 136.5 136.1 135.8 134.2 132.3 129.9 126.1 121.5 115.2 110.4 108.4 105.2 103.9 101.8 99.5 96.5 93.4 89.2
161.5 160.3 158.7 157.4 156 154.4 153.7 153 151.6 151.1 150.5 150.4 149.8 148.3 146.7 144 141 138.1 136 134.2 130.7 128.9 128.2 127.6 126.8 125.1 122.6 119.7 122.7 129 130.9 128.8 126.3 122 116.9 112 105.9 99 91.7 86.8 88 103.1 118.3 127.5 130 129 125.8 121.6 117.4 112.8 105.6 96.8 95.8 100.5 102.1 107.3 113.6 119 125.7 130.1 131.6 133.9 135.9 135.7 135.1 135.4 135.8 136.1 136.2 136 135.6 134.2 132.3 129.4 123.9 117.6 110.2 104.6 101.3 97.6 94.6 92.1 91.1 89 85.9 84.1
160.4 158.4 157.1 156.1 154.9 154.5 154.2 153.5 152.7 151.8 151 150.7 150.6 149.4 147.3 144.9 142.3 140.6 138.5 137.1 135.2 135.1 134.3 134 133.7 130.8 127 122.6 119.1 122.2 127.2 127.1 124.9 120.5 113.8 108.1 104.5 98.9 92.2 84.9 88.2 101.9 117.3 126.4 127.5 125.4 121.5 117.5 113.2 109 103.8 96.2 92.7 96.1 103.1 112.2 120.2 125.5 130.4 131.3 132.7 134.1 134.2 134.1 134.7 135 135.5 135.8 136 135.8 135.5 133.7 131 128.5 123.4 117.1 114.1 112.7 107.3 101.4 96.2 89.8 84.7 80.4 79.8 78.5
159 157 155.8 155.7 153.9 153.5 154 153.6 153.2 152.6 151.7 151.1 150.9 150.6 148.5 146.2 143.9 142.9 141.3 140 139.1 138 136.6 136.5 136.2 133.8 130.3 126.2 119.9 116.5 122.8 125.8 123.8 119.2 114 105.7 100.9 97.2 91.7 84.7 87.1 99.1 115.5 123.9 124.8 121.2 116.9 112.9 108.8 104.8 101.4 95.9 90.5 96.5 104.2 113 122.5 128.1 131.5 133.7 133.8 133.7 132.5 132 133.1 134.1 134.8 135.5 135.7 135.7 135.5 134.4 132.1 129.6 125.2 121.9 119.6 115.9 110.6 104.3 99.4 92.9 86.5 78.9 75.9 73.4
158.1 156 155.2 152.8 152 152.5 153.1 153.6 153.1 152.7 152.2 151.6 151.2 150.3 149.1 147.5 145.5 144.7 143 141.7 140.7 140.5 139.1 138.1 137.3 134.9 131.6 127.2 121.1 116.1 117.4 122.5 122.2 118.4 113.5 107.2 99.2 94.7 90.8 85.6 85.4 97.1 113.3 120.2 120.1 116.9 112.6 108 103.9 100.5 97.8 95.1 89.2 95 103.4 115.4 124.4 129.6 132.4 133.6 133.2 132.7 130.9 130 131.5 133.2 134 134.6 135.1 134.9 134.5 133.8 132.5 130.7 127.5 125.4 121.7 116.6 110.1 102.7 97.1 90.7 85.1 79.6 73.4 70.1
157.3 155.2 153.4 151 149.5 150.9 151.7 152.6 153.1 152.6 152.2 151.7 150.9 150 148.9 147.5 146.2 145.9 144.2 143.2 141.7 141.1 139.7 138.7 137.3 135.3 132 127.8 123.5 118.1 114.4 117.7 119.8 117.8 113.3 106.4 98.6 93 89.4 85.4 84.4 96 111 116.4 114.9 112 107.9 103.1 99 95.8 93.7 90.7 89 96.4 108 120.8 127.4 130.3 130.5 132.2 132.3 131.7 129.6 129.7 130.9 132 133 133.7 134 133.7 133.4 132.8 132.1 130.6 129 126.4 122.5 117.3 110.5 102 94.8 88.2 81.4 77.1 71.9 68.1
156.4 154.5 151.6 149.3 149.2 150.5 151.1 152 152.2 152.5 152 151.4 150.7 149.9 148.7 147.3 146 144.6 143.9 142.9 141.5 141 139.7 138 136.7 134.7 132.5 128.7 124.9 120.3 114.7 114.7 117.9 117.1 111.7 104.7 97.3 92 88 84.9 85.4 99.3 110.1 111.9 110 106.6 102.9 99 95.1 91.2 88.7 87.7 90.9 103 114.8 124 128.1 130.2 130.5 130.5 130.4 130.6 127.6 127.5 129.4 131.1 132.3 132.8 132.9 132.6 132.3 131.7 131.1 130.8 129 126.9 122.9 117.6 109.9 102.3 93 85.1 78.2 74.5 70.6 65.7
155.6 153.8 151.6 149.3 148.5 149.2 150.3 151.1 151.4 151.6 151.7 151.1 150.4 149.7 148.5 147.1 145.7 144.3 143.3 142.2 140.4 138.5 136.8 136.2 135.4 133.9 131.7 129.2 126.1 122 117.6 114 115.8 116.6 111.2 104.6 97.6 91.9 85.9 83.7 90.2 104.5 108 107 105 100.8 98.5 96 92 87.8 84.3 88.5 99.1 111.2 119.6 124.9 128.7 130.3 130.5 130.5 130.4 129.8 125.5 124.7 127.8 130.1 131.5 131.6 131 130.7 130.6 130.5 130.3 131 130.7 127.2 122.8 116.2 107.3 98.3 89.6 84.6 77.4 73.1 69 64.5
154.8 153.6 151.9 149.3 146.3 146.3 148.6 150.7 151.1 151.1 150.7 150.8 150.2 149.4 148.3 146.9 145.5 144.1 142.6 141 138.6 136 133.7 133 132 131.6 130.8 127.9 125.6 122.6 119.2 114.1 113.9 115.6 112.2 104.8 98.1 91.3 84.6 83.1 94.1 101 103.4 103.3 100.8 97.2 94.6 90.9 86.9 83.9 84.3 95.7 105.2 112.7 118.7 124.1 128.1 130.3 130.5 130.5 130.5 129.3 125.1 121.4 125.7 128.2 129.9 129.7 128.9 128.2 126.8 128.2 129.1 130.9 131 127.5 123.6 117.8 107.6 100.3 91.2 83.7 76.2 71.4 68.1 64
153.3 152.5 151.5 149.6 145.8 143.1 146.3 148.8 149.7 150 150.1 150.8 149.8 148.7 148.2 146.8 145.4 144 141.8 140.2 136.3 133.2 129.7 129.7 128.4 127.6 126.9 125.5 121.6 119.2 116.6 112 111.3 115.9 115.6 106 98.3 91.5 84.8 83.8 91.4 96.1 96.9 96.3 96 93.3 88.7 85 82.3 83.3 87.8 98.8 102.6 108 114.6 120.9 126.2 129.2 131.2 132.2 132.1 129.9 125.4 119.1 122.9 126.2 128 128 127.3 125.1 121.5 123.6 127.2 129.9 130.8 128.4 124.5 119.6 113.1 104.3 95.5 85.3 76.8 70.4 64.6 64.3
152.4 151.1 150.6 148.3 145.5 141.1 143.1 146.3 147.9 148.3 149.4 149.7 149.1 148.4 147.5 146.7 145.3 143.7 141 138.4 134.3 133.7 131.4 130.8 127.7 124.3 124.1 120.9 119 117.5 113.5 110.8 109.6 116 117.1 108.7 100.1 92.4 85.5 81.7 86.9 91 90.6 89.8 89.1 87.2 84.4 81.9 79.8 81.1 91.3 95.1 95.8 100.4 109.4 116.8 123.2 127.3 130.8 131.8 131.7 129.4 125 117.6 118.5 123.5 125.5 125.2 123.3 120.1 116.2 122.2 125.8 128.9 130.2 128.8 125.3 121.4 115.5 106.3 97.1 87.1 77 70.1 64.5 62.8
151.5 151.1 148.5 147 144.8 139.9 139.3 143.1 146.1 147.4 148.5 149 148.6 148.1 147.3 146.4 145.5 143 139.9 137.7 136.4 136.4 136 134.9 133.3 130.5 126.3 122.7 120.2 117.8 114.2 110.5 109.4 115.6 119.6 116 104.8 94.6 87.2 79.7 82.4 87 87.5 86.6 84.3 82.1 81.7 80.7 78.9 81.7 88.2 88 89 94.9 102.7 111.1 119.5 124.7 129.2 130.9 130.9 129 125.3 117 114.1 118.9 120.9 120.8 118.2 114.7 114 119.6 124.3 127.8 128.8 127.8 125 121.1 115.4 109.8 100.8 91.9 81 71.6 64.8 63.6
150.4 149.4 148.1 145.9 143 139.3 138.8 141.3 145.1 146.4 147.6 148.6 148.2 147.8 147 146 145 142.4 140.3 139.6 140.5 139.3 138.2 137.2 136.4 134 131.2 125.9 122.7 119.4 116 111.5 109 114.3 121.1 120.3 112.8 100.9 91.5 83.1 79.2 82.5 84.2 82.3 80.2 80 78.6 77.8 75.4 78.6 81.9 81.6 84 89.3 97.3 107.4 116.7 123.6 128.3 129.5 130.5 129 126.2 120.9 112.2 110.7 113.6 114.2 111.9 108.9 111.3 116.3 120.1 125.6 127 126.4 124.2 120.4 115.8 110.6 103.6 95.4 87.3 75.6 68.1 62.6
148.3 147.6 146.3 144.9 141.6 137.2 135.7 139.5 143.6 145.5 146.5 147.5 147.2 147.2 146.6 145 144.5 143.2 141.8 140.6 140.5 140.7 139.2 138.2 137.4 135.7 132.6 128.6 123.7 120.4 117 112.4 108.7 112.6 122.4 123.1 119.3 110.5 98.6 87 82.2 78.9 78.5 78.9 78.5 78.4 76.2 74 74 74.3 75.5 76.8 79.4 84.8 94 105.7 115.6 122.1 126.9 128.4 128.5 127.2 127.1 124.4 116.8 108.7 104.7 104.6 103.1 103.1 108 111.9 115.7 119.9 125.2 124.8 122.6 119.3 115.3 109.9 104 97.4 90 85.6 76.1 67.8
145.4 145.8 144.5 142.9 140.4 136 134.6 139.9 143.1 144.6 146 146.8 146.7 146.6 146.1 145.1 144.4 143.1 142.3 141.7 141.3 141.1 139.5 138.9 137.4 135.6 132.7 129.9 124.6 122 119.3 114.2 108 109.9 119.4 123.8 123.7 119.8 109.6 94.9 91.7 90.5 86.5 85.7 83 81.2 80.8 76.6 75.2 73.3 73 73.5 73.8 82.8 92.4 103.3 112.4 118.2 123.8 127.1 126.9 126.6 127 126.1 121.8 114.7 106.6 103.2 97.3 98.8 102.4 106.3 110.9 115.5 119.9 122 121.3 118.6 114.8 109 103.3 97.9 92.5 88.3 81.7 76.9
143.1 143.3 142.7 140.8 137.6 135 135.3 140.5 143.5 145.6 146.3 146.4 146.3 146.3 146.3 146 145.3 144.1 143.6 142.8 142.3 141.3 140.3 139.2 137.3 135.5 132.7 130.6 127.2 124.1 121.4 116.1 107.5 106.1 115.3 121.8 125.9 126 121.6 113.7 101.6 99.4 97.3 96.1 95 94 94.4 92.3 86.3 79.6 75.4 72.6 70.4 77.4 89.3 99.4 107.5 113.8 120.3 125.5 127.4 127 127.2 126.4 123.9 118.6 113.4 107.5 99.6 94.5 93.9 99.9 106.2 112.5 117.4 120 119.5 116.9 113.4 108.4 103.2 97.9 91.4 86.2 81.2 77.7
140.8 140.8 140.5 138.5 134.1 132.1 136.6 141.3 144.4 145.9 146 146 146 146 146 146.1 146 145.6 144.8 143.8 142.8 141.2 140.9 139.1 137.3 135.4 133.2 131.8 128.9 126.6 123.4 117.7 108.6 104.1 110.6 118.8 125.2 127.8 127.8 123.7 119.3 116.3 114.4 112.5 110.6 106.9 104 100.3 94.8 89.2 80.7 75.2 70.3 71 81 91.7 101 110 118 123.6 127.1 127.6 127 126 122.5 119.6 116 109.5 105.2 97.9 89 91.1 100.8 109.4 115.1 117.8 117.3 114.7 112 108 103.6 99 94.6 88.2 80.3 75
137.8 138 137.8 135.1 130.5 131.3 138 142.1 143.9 144.9 145.7 145.9 145.9 146 146 146 145.9 145.7 145.8 144.3 142.5 140.8 140.5 139.1 137.1 135.1 134 131.3 128.7 127.3 124.9 119.8 110.5 104.1 105.9 115.8 123.2 127.6 129.9 129.4 126.9 124.4 123.2 122 117.4 113 109.7 103.9 98 92.7 86.4 79.5 73.7 69.1 73.9 84.1 96.6 108.3 116.6 121.8 125.7 127.3 126.9 123.9 119.2 116.4 113.1 108.2 104.6 98.2 89.3 88.1 95.4 106.6 114.6 116.1 116 113.5 110.5 106.8 103.1 99.9 94.4 88.9 80.6 74.9
134.6 135.7 135.3 131.6 129.3 131.8 139 142.2 144 144.6 146 145.9 146 146 146 146 145.9 146 145.4 144.1 142.1 140.3 139.2 138 136.5 135.5 133.2 130.5 129.1 127.9 126 121.2 113.5 104.7 102.4 111.9 120.1 126.3 130.4 131.1 130.7 129.5 127 125.1 122.1 117.2 111.7 105.5 98 92.9 86.9 81.3 74.8 69.4 70.1 81 95.3 107.5 115.6 119.2 123.1 125.9 126 122.1 116.7 110 106.1 102 101.4 94.9 87.3 85 92.2 104.2 113.7 115.6 114.1 111.6 108.6 105.5 102 99.2 94.5 88.9 80.2 74.9
131.2 133.5 131.6 126.4 126.6 133.6 139 142.4 144 144.5 145.9 145.5 146 146 146 146 146 146 144.3 143.3 142.2 140.2 138.7 137.3 135.7 134.3 131.5 130.3 128.8 127.2 125.9 121.5 115.1 106.8 99.3 107.3 117.1 124.2 128.5 130.8 131.5 131 129.4 126.5 123 118 112.8 105.9 97.4 91.8 86 80.7 75.4 69.5 69 78.9 94.8 106.8 111.5 115.6 119 122.3 123.7 122.1 118 110.7 101.5 96.1 92.7 88.4 83.7 80.9 88.9 103.3 112.5 113.1 111.4 109.4 107 104.2 100.7 97.3 93.7 88.4 80.8 74.5
127.4 130.9 129.2 122.8 127.9 134.2 139.1 142.2 143.8 144.7 146 145.2 145.6 146 146 146 146 145.3 143.9 142.4 140.9 139.7 138 136.5 134.9 132.2 128.5 125.7 126.5 126 124.6 121.7 116.8 109.2 100.3 104 114.4 121 126.4 130.9 132.1 131.6 130.7 127.5 124 118.8 113.5 107.3 98.4 91.6 85.3 80 74.7 70 68.8 77.9 94.3 104.7 106.9 110.3 113.9 117.4 120.5 121.4 118.8 114.4 106.7 97.9 90.7 83.9 79.8 79.5 86.5 102.6 111.1 111.2 109.6 107.5 105 102.5 99.8 95.2 92.4 86.8 81.3 75.6
124 126.9 123.8 121.6 129.7 135.4 139.5 141.8 143.2 144.3 145.5 144.6 144.5 144.7 144.9 145.4 145.6 144.9 143.5 142 140.9 140.1 138.2 136.3 134.4 131.8 127.5 124.3 122.8 123.3 123 121.5 117.9 111 101.7 99.8 110.5 118 123.8 130.5 132.6 132.2 131.1 128.4 124.9 119.6 114.3 107 99.7 93.5 87 80.5 74.1 69.8 68.6 77.1 94.6 99.8 100.7 103.6 107.6 112 116.3 117.8 117.5 114 108.4 101.6 93.1 83.3 77.7 78 85.3 101.3 108.4 108.5 107.7 105.6 103 100.6 97.5 94.6 92.1 88.9 84.1 78.1
121.2 122.9 119.3 123.8 130.7 135.7 138.7 140.6 142.4 143.4 143.7 142.9 143.9 144.2 144.4 144.7 144.8 144.4 143.1 142.4 141.4 140.3 138.4 136.8 135.5 133.9 131.3 126.2 119.8 119.3 120.3 119.4 117.1 112.3 104.5 99.1 104.5 114 122.2 129.7 133.2 132.8 131.5 129.2 125.6 120.4 114.5 106.9 98.8 93.1 87.2 80.6 73.9 68.7 67.5 77.4 91.4 93.4 92.8 95.8 100 105.8 110.5 114.6 115.2 110.9 105 97.2 89.3 82.8 75.7 75.6 84.3 101.3 106.4 106.2 104.6 101.9 100 97.8 94.6 92.4 90.5 89.5 86.2 81.9
119.3 118.5 120.2 126 131.5 135.5 137.9 139.7 141 142.1 142 141.8 142.8 143.6 143.8 144.2 144.3 143.8 143.1 142.1 141 139.9 139.1 138.1 136.8 135.4 132.4 128.1 122.1 120 114.5 113.9 112.7 110.7 104.5 98.8 98.5 108.9 120.1 127.8 132 133.1 131.7 129.6 126.2 121.2 114.6 107.3 97.9 91 84.6 79.8 73.9 67.9 66.2 77.2 88.1 87.1 85.3 87.5 91.8 97.8 103.7 109.1 111.3 107.3 99.8 91.1 83.3 79.2 74 74.7 83.4 98 103.7 103.4 100.9 98.3 94.9 93.9 92.2 89.7 87.9 88.2 86.6 84.9
119.7 117.1 118.9 126.6 131.7 134.7 137 138 137.5 138.9 140.5 140.8 141.8 142.8 143.2 143.5 143.5 143.4 142.7 141.9 141.1 139.9 139.1 138.4 137.7 135.7 133.4 130.3 128.1 124.3 121.3 115.9 110.5 105.3 102.9 98.4 94.4 104.8 118.8 126.8 131.6 132.2 131.1 129.4 125.5 120.8 114.2 107 97.2 88.3 82.4 77.3 72.2 67.1 65 75.7 81.9 81.1 78.7 80.7 83.6 88.2 97.6 104.7 107.6 103.2 95.8 86.1 78.2 74.6 71.2 74.6 83.1 96.1 101.6 100.3 97.4 94.2 91 90.5 89.7 85.4 85.2 86 87 85.8
