data/SU93.asc
ncols 200
nrows 200
xllcorner 490000
yllcorner 130000
cellsize 50
[rows 74 to 110 of 200, columns 0 to 83 of 200]
219.6 206 191.3 179.7 172.1 162.1 156.4 156.9 158 154.8 148.9 151.5 156 157.1 156.2 153 148.5 145.1 144.1 143.1 141.4 135.9 130.8 126.4 122.3 119.1 116.7 114.8 113.2 112.9 112.2 111.1 112.2 112.3 113.9 113.5 111.6 109.7 108.4 106.2 103.4 101.8 102.4 104.7 104.8 101.6 98.2 94.2 91.6 88.4 86.9 86.2 85.7 85.4 85.8 86 85 84.1 83.7 83.5 83.4 83.5 83.6 83.6 84.3 85.5 85.9 83.6 79.7 76.5 67.7 68.3 78.7 91.1 96 95.1 93.3 92 92 92.2 92 91.9 91.4 90.9
216 199.4 185.8 177.7 171.4 167.4 163.1 166.1 164.2 159.6 155.9 156.8 162.3 165.8 164.3 158.3 153.2 150.7 149.6 148.6 146.3 142.2 137.1 129.8 125.2 121.4 119 117 115.3 114.1 114.6 116.5 117.4 116.8 116.7 115.1 112.8 110.5 108.9 106.7 104.1 102.4 103.2 105.2 106.2 103.1 98.6 94.4 92 89.2 87.1 87.2 86.8 86.9 87.2 87.4 86.4 85.1 84.2 84.2 83.9 83.5 83.5 83.6 84.4 85.6 83.7 80.8 77.6 74.1 64.4 73 84.9 95.2 96.5 95.7 93.8 92.1 90.8 91.5 91.3 89.7 87.7 87.1
218.6 201.3 189.6 184.9 181.9 170.5 166.3 177.6 167.4 162.8 161 162.5 174.9 176.4 170.9 162.1 157.7 155.5 154.6 153.6 150.3 147.1 142.1 134 128.8 123.8 121.7 119.6 118.3 118.5 120.7 122.9 122.1 120.4 117.7 114.8 111.4 109.3 107.7 106.2 104.6 103.7 104.6 106.4 106.1 104.1 100.9 100.4 97.9 94.3 91 89 87.6 87.7 88.9 89 87.9 86.7 86 88.9 84.4 84.2 83.9 83.6 85.3 86.1 83.5 80.3 77 70.2 64.1 78.8 92.3 97.6 96.1 94.6 93.8 92.2 90.7 89 88.8 85.3 84.2 83.6
225.9 210.8 197.8 190.7 180.3 171.2 174.1 177.4 170.9 167.1 166.6 167.8 178.4 185.4 177.3 168.9 164 161.1 160.2 158.1 154.5 149.8 144.2 136.9 130.3 124.8 125.4 125 123.4 125 127.4 126.6 123.1 119.3 115.8 112.6 109.7 108.4 107.5 106.7 105.8 105.1 105.6 106.7 107 105.7 105.3 105.7 101.5 98 96 93 90.6 90.2 90.6 90.7 90.2 92.3 95 86.5 84.6 83.9 83.8 84.8 85.7 85.3 82.7 79.4 75 64.3 68.2 81.7 96.4 97.3 95.3 94.2 94 92.6 91 91.2 90.1 87.7 86.2 84.6
229 216.5 203.8 191.6 179.7 177.1 181.4 177.9 175.8 173.1 173.5 175.4 182.5 193.7 184 175.6 169.4 167.4 166.7 162.4 156.6 150.9 144.5 136.6 130.7 129.6 133 132.9 130.9 130.2 130.4 127.3 122.7 117.8 114.1 111.6 109.7 108.7 107.8 106.9 105.7 105 105.9 106.8 107.1 107.4 107.9 107.7 105.7 104.1 101.5 98.9 95.2 92.8 91.5 97.3 90.5 89.2 87.7 86.1 85.5 86 86.1 86.1 85.6 83.4 81 78.1 72.3 64.2 73.4 86.5 97.2 96.3 96.1 95.8 94.1 92.4 90.7 91 90.9 89.6 87.6 86.3
235.6 222.1 205.9 192 186.3 186.5 185.6 183.4 180.9 181.5 181.5 186 192 200.7 196.1 182.8 177.1 175.3 179.1 166.8 158 152.2 145.2 136.4 132.2 135.3 139.9 139 134.5 132.3 130.1 126.9 121.6 116.8 114.1 111.8 110 109 108.1 107 105.8 105.2 106 106.3 106.8 107.4 107.9 107.3 107.6 107.4 104.6 101.1 99.5 94.8 92.1 91.1 90.5 89.6 88.1 87.9 86.8 85.9 86 86.1 84.4 81.9 79.9 77 68.3 67.3 78.6 90.4 96.5 97.8 96.4 96.1 95.6 93.1 90.5 90.7 88.7 87.8 86.5 86.5
243 226.8 209.1 200 197.8 197.9 195.8 189.6 188.8 190.4 193 196.2 200.9 209.5 212.6 198.6 189.6 190.2 179.8 166.5 158.3 152 145.7 138.9 135 138 139.7 138 134.6 130.5 128.6 125.6 120.4 116.8 114.7 112.6 110.2 109.1 107.1 106 105.2 104.9 105.3 105.6 107 107.5 107.7 105.3 105.6 104.4 101.3 100.1 94.7 92.4 90.8 89.9 89.7 90.1 90.2 89.8 88.8 87.8 87.1 85.5 83 80.5 79.4 71.3 67.9 75.7 85.9 97 97.8 96.5 95.8 95.8 95.8 92.5 89.8 87.8 86.9 85.6 85.2 86.2
253.4 231.4 218 212.4 216.5 214.6 206.7 200.5 203.7 205.6 208.9 211.7 214.4 219.9 219.6 204.8 195.9 188.9 175.6 164.2 156.9 150.7 146.2 140.8 138 138 136.6 134.5 131.6 128.4 126.2 122.8 120 118.7 116.3 114 111.1 108.6 105.9 104.7 104 103.8 104.2 105.1 106.9 107.5 106.8 103.8 102.6 102.6 100.5 95.8 91.1 89.3 89.5 89.1 89.3 91.1 92.2 91.7 90.5 88.6 86 84.2 81.8 77.9 71 68.9 70.9 84 94.6 100.7 98.8 97.3 95.8 94.4 91.4 89.8 86.6 83.9 84.1 84.3 81.9 79.4
262.2 242.6 230 231 237.3 226.2 219 219.8 221.3 223.5 226.5 233.2 236.5 230.2 212.1 199 189 180.3 170 162.6 155.8 148.6 146.5 143.4 140.7 138.8 136.2 134 132.9 129.3 126.2 124.3 122.3 120.7 117.8 115.2 112 108.8 106 104.1 102.4 102.2 102.1 102.8 103.9 104 102.9 99.4 96.1 96.7 93.8 90.2 87.6 86.1 86.3 85.2 89.3 92 93.4 92.4 90.5 88.4 85.9 83 80 69.3 69 74.5 83.9 95.6 102.1 101 99.3 96.9 94.4 92.5 90.1 90.2 90.3 88.8 86.8 83.7 79.9 78.9
256.6 247 246.9 250.4 249.1 245 240.8 236.3 233.6 234.3 238.1 239.5 239.9 237.1 222 207.7 189.8 177.8 167.6 160.1 158.7 155.1 149.7 146.3 142.7 140.2 139.2 138.4 135.9 131.9 129.4 127.6 124.7 121.8 119 115.9 112.6 109.3 106.4 103.8 102.1 100.3 100.4 100.8 102.1 104.7 98.3 96.4 91.8 89.4 87.4 84.7 85.8 86.3 85 79.2 86 93.4 93.5 91.8 90.2 88.2 85.1 82.2 74.6 69.3 78.7 87.6 98.3 103.5 101.3 99.5 97.6 94.9 94.3 93.9 94.5 94.4 94.3 91.4 87.3 84.2 80.1 82.4
242.5 238.7 242.5 251.7 255 250 239.1 233.7 227.6 226.9 231 236.8 238.5 228.5 219.8 206.8 188.5 176.9 169.4 166.8 163.3 158 152.5 148.4 145.4 144.1 143.4 142.2 139 134.6 132.6 128.9 125.4 122.4 119.4 116.6 113.3 110 107.1 104.9 103.1 100.9 98.6 99.1 103.3 97.2 93.7 89.3 88 90 89.8 89.4 89.4 88.2 86.7 84.1 82.6 92.6 92.6 91 89.7 87.9 84.5 80.2 69 75.6 87.4 100.8 104.9 103.4 101.1 100.2 97.6 95.7 96 96.6 96.3 96.1 93 88.4 84.2 83.2 86.9 88.4
230.9 227.3 231 238.2 244.4 240 230.9 224.2 219.2 219.6 227.4 238.8 236.8 222.8 206.4 198.1 188.3 179.6 172.5 167.2 162.2 157.8 154.1 150.6 148.4 148 147 143.9 140.3 136.7 132.8 129.1 125.8 122.7 119.8 117 114 110.7 108.3 106.8 104.3 101.9 101.9 100.7 93.9 90.5 91.4 92.9 92.4 92.2 91.8 91.5 91.1 90.1 88.7 85.6 80.1 91.5 91.7 90.2 89 87.4 83.8 78.2 69.3 77 94.2 102.4 104 103.8 101.2 101.1 98.8 96.8 97 96.8 96.4 95.4 89.6 86 87.5 91 92.2 91.3
218.6 213.4 218.8 230.4 237.1 229.4 220.5 215.1 212.8 219.4 229.3 240.1 232.6 212.8 199.8 193.6 184.6 177.8 172.3 167 161.9 157.7 153.3 150.6 149.9 149 145.7 141.9 138.5 136 132.7 129.9 126.6 123 120.2 117.3 114.5 111.7 109.5 106.9 104.7 104.9 101.3 100.1 98.4 96.6 95.8 94.5 93.8 93.4 92.9 92.4 92.1 91.4 90.7 88.5 76.9 82.6 90.1 89.2 87.9 85.7 82.4 73.8 68 79.3 86.7 97.9 102.3 102.8 101.2 101.1 100.7 99.8 98.9 96.9 95.8 93.6 89.7 90.5 94.6 95.2 95 92.8
210.2 206.4 214.1 225.8 226.1 218.2 211.4 207.9 210.6 220.5 233.4 245.8 237.7 217.7 203.9 192.9 186.7 177.7 172.9 167.4 161.7 157 152.3 149.8 147.2 144.9 141.7 138 134.5 132.1 130.5 128.8 125.5 122.8 119.7 116.8 114 111.4 108.9 106.5 104.3 103.5 102.6 101.2 99.8 98.2 96.6 95.9 95 94.5 94 93.5 93.1 92.1 91.1 89.9 84.1 76.8 85.2 88.1 85.8 83.3 80.2 71.1 73.5 82.6 85.3 97.4 101.7 101.3 101.5 101.1 101.1 101.1 98.3 96.5 94.8 90.5 89.6 95.9 96.1 96.1 96.1 94.4
205.5 201.7 211.4 220.7 215.5 208.4 204 204.7 212.6 225.7 239.5 253.5 252.1 232.7 214.2 199.9 190 180.5 173.1 165.9 159.4 157.7 152.4 148 144 141.1 138.3 134.9 131.7 129.2 128.1 126.6 125 122.3 119.2 115.8 113.2 110.8 109 107.1 104.9 103.9 103 101.9 100.5 98.9 97.2 96.2 95.4 95.2 94.7 94.2 93.5 91.7 90.6 89.9 87.8 78.9 74.6 81 75.6 74.4 72.4 68.6 82.7 89 96 101.3 103.1 103.8 101.3 101.1 101.1 99.8 96.1 93.3 89.4 89.3 92.2 96.1 96.1 96.1 96 96.1
202.1 197.4 203.3 210.7 206.2 201 200.5 206.6 217.2 231.5 245.9 256.4 255.9 241.6 225.8 208.6 196.4 185.6 176.8 169.6 164.7 160 154.7 149.1 143.1 139.4 136.7 134.4 131.4 128.7 126 124.5 123 121.4 118.9 115.9 113.5 111.2 109.9 108 105.6 104.3 103.4 102.4 101.2 99.6 97.9 96.3 95.5 94.9 95.2 94.5 93.6 91.9 90 88.6 87.1 83.2 73.5 73.5 76.4 74.1 76.8 85.4 92.5 99 104.2 104.8 101.7 101.1 101.3 101.1 98.6 96.1 94.1 93.1 90.9 93.3 96.1 96.1 96.1 95.9 95.9 96.1
198.1 194.1 196.3 198.5 198.5 196.4 201.2 210.4 223.3 239.7 253 256.4 243.3 227.8 212.2 203.8 197 187.4 181.7 175 168.2 162.5 156.1 150 142.8 137.8 135.2 133.5 130.8 128.1 127.1 126 124.7 122.6 120 117.2 114.4 112.2 110.7 108.6 107 105.2 103.9 102.8 101.8 100.2 98.1 96 94.2 92.1 93.3 93.1 91.8 89.8 87.6 85 83.7 76 78.5 83.5 81.6 74.9 83.9 89.6 97.8 105.2 105.8 104.9 100.9 99.8 99.8 98.9 95.4 93.6 93.9 93.9 96.1 96.2 96 95.9 96.1 95.8 95.9 94.4
194.5 190.8 191.5 193.4 194.1 197 205.1 215.7 230.8 246.3 253.7 246.9 230.3 213.9 201.1 192 187.4 182.8 181.2 184.9 175.1 164 156.3 149.6 142.4 137.1 134.2 132.4 130.6 129.9 129.9 128.8 125.9 123.6 120.9 118.2 115.5 112.7 111.2 109.3 107.8 106.1 105 103.8 102.2 100.3 98.4 96.2 95.2 92.9 86.2 90.1 88.8 86.9 85.1 81.5 73.7 79.4 84 85.8 80.7 77.4 83.7 90.8 99.7 104.8 104.7 104.2 101 98.8 98.7 99.4 97.5 95.4 94.8 95.6 95.2 96.2 96.1 94.3 92.4 95 92.6 91.6
190.3 188.1 188.3 190.9 194.6 199.4 210.1 223.6 238.2 252.3 252.6 241.2 218.7 200.4 189.4 182.6 178.3 174.9 173.1 172.7 169.2 160.7 155.1 148.3 141.6 136.7 133.6 131.8 132.1 133.4 132 129.6 126.9 124.3 121.9 119.2 116.5 114.4 112.2 110 108.4 106.9 105.6 104.1 102.2 100.2 98.4 97.5 96.6 94.4 91.6 89 80.8 83.1 77.8 77.4 81.7 85.2 87.2 87 83.9 81.1 82.7 90 99.6 105.1 106 104.9 102.3 101.2 100.8 100.6 101.1 99.3 98.1 94.8 92.7 92.5 90.3 88 87.8 89.3 87.1 92.3
188.2 186.7 188.7 190.7 195.9 204 216.4 229.9 244.9 253.2 251.2 232.7 212.9 195 186.5 173.6 172.4 168.9 165.7 163.4 160.9 156.7 152 146.8 140.2 134.9 132.5 131.2 132.2 133.9 132.2 129.4 126.4 123.8 121.4 119 115.3 115 112.8 110.6 108.8 107.1 105.2 103.6 101.8 100.2 98.2 98.1 97 94.6 91.7 88.8 84 79.3 80.5 85.1 87.7 88.3 89.6 88.1 87.2 85 83.4 90.1 99.1 105.1 105.9 105 104 103.3 102.2 101 100.1 100.8 97.7 91.7 89 87.6 86.7 87.3 84.6 84.3 86.4 90
185.8 186.6 189.9 194.1 201.8 210.3 223.9 237.7 250.6 250.9 246.9 225.2 210.3 200.5 187.5 174.6 168.7 164.4 158.8 154.7 153.2 151.9 147 143 138.8 133.1 130.4 128.5 128.2 129 129.2 128.9 126 123.3 120.6 113.4 116.6 114.9 113 111.1 108.9 106.4 104.2 102.7 100.9 99.1 97.9 97.6 96.3 94.2 89.9 86.1 80.8 77.1 88.6 90.6 91.6 92 91.2 89.5 89.7 87.4 85 91.2 100.4 105.6 107 106.3 105.4 103.9 103 101.8 101.2 96.8 93.8 89 87.2 85.3 84.2 85 84.8 83.5 84.1 86.3
184.3 187.5 193.7 200.7 210 220.5 232.8 245.7 249.1 248.6 237.6 217.4 205.8 196.3 183 171.5 165.8 160.7 151.8 149.6 146.3 146.7 143.6 139.8 136 130.3 126.5 124.4 123.4 123.7 124.5 126.2 125.2 122.5 114.5 116.5 115.8 114.3 112.4 110.5 108.4 105.7 103.2 101.7 100.2 98.2 96.7 96.2 95.4 91.4 86.8 82.7 78.6 87.9 92.1 93.9 94.2 94.7 94.8 93.6 91.9 91.4 88.8 93.8 103.8 107.2 108.4 107.6 105.5 104.2 103.3 101.6 99.3 92.2 86.8 85.2 84.1 82.7 82.1 83.2 83.1 82.1 82.1 82.1
183.7 190.9 197.8 209.5 222.7 233 242.3 244.3 244.7 241 229.5 214.3 199.4 187.9 178.3 171.9 166.6 160.6 149.4 144.2 142.2 142.4 140.5 136.9 132.7 126.8 123.4 120.6 116.7 116.7 119.5 122.1 123.4 115.8 116.3 113.1 112.8 113.5 111.8 109.8 107.4 104.7 102.2 100.7 99.2 97.6 95.2 94.3 92 86.9 81.9 79.9 85.8 80.1 88.2 92.8 96.2 97.1 97.7 97.4 94.8 91 90.4 98.3 105.2 108.5 109.2 108.4 106 102.5 100.1 98.4 92.8 87.3 85.2 84.4 82.8 81.3 79.2 81.2 81.3 79.3 79.3 79.8
185.2 195 204.4 219.4 230.9 234.9 238.1 238 237.9 236.3 228.2 220 214.4 199.5 187.8 175.6 169.7 162.3 154 142.5 141 139.6 137.8 134.3 129.2 125.4 122.5 119.8 114.8 113.9 115.3 116 116.5 118.2 114.8 110.8 110.4 111.9 110.2 108.1 105.8 102.4 101.1 99.5 98 96.7 90.9 90.1 85.2 83 81.5 90.5 93.4 90.7 86.9 88.1 95.3 97.9 98.2 98.1 95.9 92.3 95.5 102.4 106.8 109.6 109.9 108.9 106.6 104.3 100.3 91.7 87.4 85.5 83.6 82.9 81.9 80.4 78.3 79.7 79.7 78.6 79.2 79.8
188.1 199.5 212.2 226.1 231.9 235.3 233.3 230.7 232.1 236.4 229.3 220.6 210.8 200.4 186.1 176.2 168.5 161.8 153.1 146 141.9 138 134.3 131.8 128.4 125.8 123.1 120.2 117.5 114.7 110 117.2 110.5 112.2 112 109 106.9 108.4 106.7 105.9 102.8 101.5 100 98.3 96.1 93.1 88.7 84.3 81.3 82.2 87.5 95.2 94.9 94.4 92.2 90.7 89.7 96.5 98.3 98.1 95.8 94.6 100.8 107.2 110.4 110.3 110.7 107.9 104.1 101.6 97.2 91.1 84.7 82.1 80.9 81.2 80.7 79.3 77.2 78.1 78.2 77.4 78.2 79.5
192.9 203.7 215.9 226.7 231.9 228.5 223.2 223.1 226.8 234.1 230.1 218.3 203.8 190.1 181.5 174.3 167 160 152.9 149.3 145.2 140.6 135.8 131.7 127.9 124.8 122.5 120.1 117.3 113.9 118 109.4 103.7 104.6 105.9 105.9 103.1 101.5 99.9 98.7 97.5 96.7 97 94.7 90.2 85.1 85.1 85.9 84.3 84.2 89 96.2 96.8 97.2 97.8 97.2 97.4 99.6 99.7 98.9 100.2 100.8 105.7 111.1 111.8 111.4 109.4 105.1 100.8 96.7 92.3 87.9 81.9 79.6 78.1 78.9 79 77.8 76.5 76.4 76.7 76 77.4 78.4
196 207.4 218.3 224.4 222.8 217.3 214.4 217.9 224.5 230.2 228.9 213.9 200.1 190.1 181.5 173.5 166.2 159 153 153.7 147.4 140.8 135.8 131.2 128.4 124.8 121.5 119.1 116.7 118.7 111.8 109.3 104 97.6 96.4 97 95.2 95.2 92.9 90.4 88.1 87.6 87.7 85.8 89.4 96.1 95.3 90.9 87.7 88.1 93.5 98.1 99 100.7 101.8 101.9 102.5 103 103.1 102.8 103.7 106.8 112.2 113 111.7 109.6 106 101.1 95.6 91.4 87.8 83.6 78.9 75.4 75.6 76.3 77.3 76.9 75.5 74 75.9 75.7 76.5 77.3
197.9 209.9 217.9 221.6 216.6 211.9 206.2 217.8 222.6 230.7 225.4 209.9 196.1 187.6 179.5 172.2 165.2 157.5 149.7 147.4 143.8 137.4 132.8 129.6 128.2 124.6 120.8 117.9 118 113.6 111.6 109 106 101.8 94.6 97 96.2 98 100.2 100 99.3 96.1 89.2 96.6 99 98.2 100.9 97.3 91.8 91.8 99.1 100.8 101.7 103.9 105.2 105.9 107 109.5 110.2 109.5 110.9 114.4 115.9 113.7 110.7 107 101.8 96.8 92 87.4 83.9 80.4 76.1 74.2 74.1 74 75.6 76.4 75.8 75.8 72.3 74.1 75.9 77.2
197.9 210.4 217.6 216 210.8 207.3 201.5 214.4 219.8 225 219 205.8 193.2 184.3 176.6 168.6 161.1 152.8 145.1 140.1 138.3 134.6 130.3 127.3 127.2 124.2 120.6 118.3 115.9 113.9 111.5 109.5 104.9 97.5 100.9 102.4 103.9 104.3 103.8 102.4 100.3 92.3 97.8 100.3 99.6 99.2 100.8 103.8 101.7 101.3 101.7 102.6 104.8 107.4 110.8 112.5 114.4 117.8 118.7 116.8 116.4 114.6 115.2 111.4 107.7 103.4 98 92.5 87.6 83.5 80.2 76.1 74.1 74.5 75.4 74 73.9 74.5 76.1 76.5 73.9 70.7 75.4 76.4
199.2 210.9 215 211.4 207.5 199.8 199.8 210.6 213.7 215.2 210.7 202 192 182.8 174.8 167.2 159.3 151.3 143.4 136.3 132.8 129.2 127.8 125.5 124.9 123.3 120.7 117.2 115.5 113.1 110 106.4 100.1 100.2 103.4 106.4 106.7 105.1 104 102.5 96.1 98.5 100.5 101.1 100.3 99.6 100.5 102.6 104.6 103.3 102 103.3 106.8 110.6 116.1 120.2 122.5 123.4 122.1 119.9 118 115.4 111.3 107.5 103.9 99.6 94.6 89 84.8 81.4 78.8 76.8 76.9 77.1 75.8 74.3 73.7 73.1 74.2 75.3 74.4 69.3 73.5 74.9
201 207.6 209 205.8 202.2 194.8 196.7 204.3 207.6 206.7 202.3 197.6 191 183.4 174.8 167.1 159.1 151.2 146 139.2 133.2 129 124.8 120.2 122.5 123 118.4 116.4 114.5 110.5 105.7 97.5 104.1 107.8 108.1 108.5 107.4 105.6 104.3 100.6 100.5 101.8 101.8 102.2 101.3 100.4 100.3 100.8 100.8 101 101.3 104.4 106.7 110.5 117.4 123.9 124.9 124.3 121.6 118.5 112.9 108.8 104.7 102.1 98.5 95.9 91.2 86.9 83.9 81.6 79.3 80.6 80.1 78.9 76 73.8 72.5 71.9 71.7 72.8 71.3 69.7 71.8 74.1
202.6 203.5 201.1 198.3 196.8 189.2 190.5 199.1 201.9 201.4 198.9 194.4 188.9 182.6 174.8 166.9 159.2 153.4 148.2 141.4 133.7 127.2 122.4 118.2 123.6 117.7 117 114.9 111.1 102.6 101.4 107.4 110.5 111.7 110.5 109.9 108.8 106.9 104.1 102.9 103.5 103.9 103.4 103.3 102.3 101.6 101.5 100 99.7 99.7 99.6 102 103.9 107.3 111.9 117.6 121.4 122.8 119.5 114.4 108 102.3 98.2 97.3 95.9 92.9 89.7 86.7 83.8 82.2 80 79.9 80.7 79.7 76.4 73.6 71.2 69.2 69.6 69.6 69.6 69.2 71.5 73.3
201.4 197.4 192.3 189.3 187.8 184.1 183.3 189.1 194.2 196.9 196.5 194.2 189.9 181.2 173.2 166.2 160.2 155.4 149.3 140.3 132.2 126 122.8 120.2 117.3 112.2 112.3 107.7 101.2 106.7 111.7 113.5 115 115.5 113.9 112.1 110.2 108.3 106.5 105.9 106.2 105.6 104.9 104.2 103.1 102.4 102 100.1 98.6 98.4 97.9 98.7 100.6 102.9 106.2 110.6 112.7 113.9 113.9 109.1 103.4 96.8 93.2 93.3 92.9 92 90.1 86.7 84.3 82.9 81.7 79.1 79.8 80 78.3 76.6 75.5 74.9 74.1 69.1 64 69.3 72.9 74.6
196.8 190.6 183.8 181.6 181 181.4 183.8 189.7 194.3 197.9 199.5 197.6 192 183.6 173.9 169.2 162 154.3 146.1 136 129.6 124.5 122.2 122.1 116.1 113.7 107 107.5 111 115.2 116.7 118.1 119.3 118.9 117.4 114.1 111.3 109.9 109.2 108.3 107.7 107 106.3 105.6 104.6 103.8 102.5 100.4 98 97.1 96 95.6 95 95.6 100.4 104.3 106.7 106.7 105.5 102.1 97.9 92.8 90.8 91 91.3 90.8 90.4 87.2 84.2 83.6 82.4 79.6 79.6 79.3 79.2 77.8 76.2 76 75.4 71.4 64.5 69.5 73 75.7
194.7 188.7 180.1 177 176.6 181.1 188.4 194.7 197.6 201.1 200.6 198.9 193.3 184.1 173.4 157.3 154.7 146.9 140.1 132.6 127.8 124.1 125.5 118.5 114.4 107.7 112.2 114.7 117.4 119.9 121.2 122.5 123.6 122.6 120.3 115.9 112.8 111.9 111 110 108.7 107.7 107.4 106.9 105.9 104.6 102.9 100.4 97.9 95 93 90.4 89.9 89.3 93.4 98.7 100.1 100.6 98.4 95.9 93.1 89.3 89.8 90.2 90.1 90.8 90.4 88.1 86.4 85.3 83 80.9 78.9 78.1 76.6 75.3 74.2 74 73.7 70.7 64.3 69.3 74.2 75.9
194.5 187.8 178.2 175.2 174.4 180.4 188.8 198.5 202.3 203 200.2 195.2 188.6 178.9 167.1 155.1 144.1 137.6 133.7 131.2 127.6 124.9 120.9 116 111.1 112 119 119.5 121.4 124 126.2 127.5 128 125.4 122.5 117.3 115.1 114.9 114.6 112.7 110.4 109.1 108.8 108.3 107.2 105.1 102.6 100.1 97.6 95 90.5 86.9 85.4 85.6 87.4 91.3 95 94.7 92.2 90.2 88.4 87.9 88.8 89.5 89.7 90.8 91.6 92 90.4 88.1 84.1 80.5 77.8 75.7 73 72.6 71.8 71.2 70.4 70.7 64.6 68.1 73.8 75.7
194.1 188.8 178.7 174.7 172.5 178.5 188.2 199.3 204.9 204.6 200.2 190.8 183.5 176.4 166.7 159.6 148 140.3 135 130.4 127.1 127.7 118 111.3 115.9 119.7 122.1 122.5 125.9 129.2 131.8 132.8 133.3 130.4 126.4 122.3 119.4 118.9 118 115.9 113.1 111 110.1 108.8 107.6 104.9 102.2 99.7 97.3 95.2 93.2 90.7 86.7 83.9 82.9 85.8 89.4 90.3 89.6 87.4 85.9 85.5 85.9 88.5 90.6 92.7 94.2 94.7 93.6 89.6 85.6 80.7 76.4 73.5 69.3 68.2 66.7 62.4 61.1 62.9 62.9 65.4 71.4 70.6
