data/SW32.asc
ncols 200
nrows 200
xllcorner 130000
yllcorner 20000
cellsize 50
[rows 0 to 37 of 200, columns 85 to 169 of 200]
-1.7 -1.7 -1.7 -1.7 -1.7 -1.7 -1.7 -1.7 -1.7 -1.7 -1.7 -1.7 -1.7 -1.7 -1.7 -1.7 -1.7 -1.7 -1.7 -1.7 -1.7 -1.7 -1.7 -1.7 -1.7 -1.7 -1.7 -1.7 -1.7 0.6 19.2 51.8 65.8 76 83.9 88.7 92.5 95.7 98.7 103.1 105.1 107 108.5 110.1 111.7 113.4 115.5 116 115.9 115.8 115.7 115.6 115.2 113.3 110.9 107.3 103.9 100.9 103.1 104.3 104.7 103.8 99.3 98.5 101.1 100.3 97.5 96.3 96.4 97.6 98.8 101.2 105.6 110.4 116 120.8 123.5 126.8 129 130.6 133.1 136.3 137.8 138.4 138.3
-1.7 -1.7 -1.7 -1.7 -1.7 -1.7 -1.7 -1.7 -1.7 -1.7 -1.7 -1.7 -1.7 -1.7 -1.7 -1.7 -1.7 -1.7 -1.7 -1.7 -1.7 -1.7 -1.7 -1.7 -1.7 -1.7 -1.7 -1.7 -1.7 1.1 19.9 51.3 63.4 72.5 81 86.8 90.8 93.9 97.5 101.6 104.2 106.4 107.8 109.6 111.5 113.3 115.4 115.5 115.7 115.8 115.7 115.6 115.5 115.6 113 109.9 107.7 105.3 105.2 106.2 106.4 105.4 102.4 100.1 103.2 104 103.2 99 98.2 98 98.8 99.9 102.8 107.6 112.4 117.1 121.4 124.1 125.8 127 127.9 129.7 131.6 132.4 133.1
-1.7 -1.7 -1.7 -1.7 -1.7 -1.7 -1.7 -1.7 -1.7 -1.7 -1.7 -1.7 -1.7 -1.7 -1.7 -1.7 -1.7 -1.7 -1.7 -1.7 -1.7 -1.7 -1.7 -1.7 -1.7 -1.7 -1.7 -1.7 -1.7 4.8 52 58.9 65.9 72.3 78.5 84.4 88.3 92 95.8 99.7 102.4 105 107.2 109.2 110.8 112.2 113.8 114.9 114.6 115.2 115.8 115.7 115.6 115.7 114.6 112.7 111.4 109.1 107.5 108.1 108 107.2 105.3 102.6 105 106.1 106.2 104.4 102 99.6 99.2 100.5 100.3 102.1 106.7 111 115.1 118.7 119.5 120.3 119.8 122.3 124.2 125.7 127.9
-1.7 -1.7 -1.7 -1.7 -1.7 -1.7 -1.7 -1.7 -1.7 -1.7 -1.7 -1.7 -1.7 -1.7 -1.7 -1.7 -1.7 -1.7 -1.7 -1.7 -1.7 -1.7 -1.7 -1.7 -1.7 -1.7 -1.7 -1.7 -1.7 21.5 66.3 66.8 66.8 69.7 74.5 80.6 85.4 90 94 97 100.1 102.8 105.3 107.8 108.7 110.2 111.7 113.3 113.5 114.1 114.7 115.3 115.6 115.2 115.4 115.6 114.8 113.4 112.1 111.3 109.9 109.2 107.6 104.6 105.9 107.9 108.4 107.4 106.9 106.1 102.6 102.5 103.1 102.8 103.5 107 109.5 111.6 112.3 114.1 119.5 122.4 125.5 127.1 130.6
-1.7 -1.7 -1.7 -1.7 -1.7 -1.7 -1.7 -1.7 -1.7 -1.7 -1.7 -1.7 -1.7 -1.7 -1.7 -1.7 -1.7 -1.7 -1.7 -1.7 -1.7 -1.7 -1.7 -1.7 -1.7 -1.7 -1.7 -1.7 6.1 41.3 62.3 65.6 64.1 65.6 69 73.9 81 86.6 91.5 94 97.5 100.7 103.6 105.6 106.7 108.2 109.7 111.2 112.5 113.1 113.6 114.2 115.5 115.5 115.9 116.3 116.3 115.9 115.7 114.6 112.5 110.7 108.7 106 108 110.6 110.8 109.9 111.3 109.3 106.3 104.3 105.9 106.3 105.6 105.2 106.3 108.7 114.5 119.9 124.4 127.2 129.4 131.5 134.4
-1.7 -1.7 -1.7 -1.7 -1.7 -1.7 -1.7 -1.7 -1.7 -1.7 -1.7 -1.7 -1.7 -1.7 -1.7 -1.7 -1.7 -1.7 -1.7 -1.7 -1.7 -1.7 -1.7 -1.7 -1.7 -1.7 -1.7 0.9 24.2 51.9 62.7 62.7 61.5 62.3 64.5 68.1 74 80.8 86.3 90.4 94.1 97.6 100 102.9 104.8 106.4 108 109.6 111.1 112.5 113.8 114.4 115.5 116.2 116.6 117 116.9 116.7 116.4 116.2 115.5 113.5 112 109 110.3 111.1 112.8 113.2 113.5 112.3 108.2 106.8 108.5 109.4 110.3 109.3 108.9 110 115.8 121.9 126.2 128.8 131.5 134.1 137.2
-1.7 -1.7 -1.7 -1.7 -1.7 -1.7 -1.7 -1.7 -1.7 -1.7 -1.7 -1.7 -1.7 -1.7 -1.7 -1.7 -1.7 -1.7 -1.7 -1.7 -1.7 -1.7 -1.7 -1.7 -1.7 -1.7 -1.7 1 23.6 51.8 65.2 60.6 58.3 58.5 59.5 63.2 67.5 73.2 79.9 85.5 89.8 94.4 97 100.9 103.5 105.1 106.7 108.2 109.7 111 112.5 114 115.5 116.3 117.1 117.7 117.7 117.4 117.2 116.9 116.4 115.6 113.5 111.9 112.1 113.4 114.3 114.6 115 114.2 112.2 110.4 111.2 112.5 113 111.3 109.9 110.6 114.7 119.6 124.8 128.8 131.8 135 138.3
-1.7 -1.7 -1.7 -1.7 -1.7 -1.7 -1.7 -1.7 -1.7 -1.7 -1.7 -1.7 -1.7 -1.7 -1.7 -1.7 -1.7 -1.7 -1.7 -1.7 -1.7 -1.7 -1.7 -1.7 -1.7 -1.7 -1.7 0.4 21.3 46.4 53.5 55 53.3 53.2 53.2 57.5 62.5 66.7 73.2 80.5 85.8 91.7 94.8 99 101.7 103.9 105.4 106.9 108.2 109.8 111.7 113.5 115.2 116.1 117 117.8 118.6 118.2 117.6 117 116.5 115.7 114.9 113.5 113.4 113.9 114.8 115.5 116 115.6 114.9 113.8 113.5 114.6 115.8 115 113.3 112.8 114.1 118 123.3 127.3 131.2 134.6 137.7
-1.7 -1.7 -1.7 -1.7 -1.7 -1.7 -1.7 -1.7 -1.7 -1.7 -1.7 -1.7 -1.7 -1.7 -1.7 -1.7 -1.7 -1.7 -1.7 -1.7 -1.7 -1.7 -1.7 -1.7 -1.7 -1.7 -1.7 0 21.4 39.9 42.7 47.6 48.5 48.8 48.2 50.3 54.1 58.4 64.3 75.1 82 88.4 92.8 97 100 102.2 104.4 105.9 107.2 108.8 110.8 112.8 114.7 115.9 116.9 117.8 118.1 117.6 117 116.1 115.8 116.3 115.7 114.6 113.5 114.6 115.4 116 116.7 116.8 116.7 116.3 116 116.6 117.8 119 117.7 117.6 116.3 117.7 122.1 125.2 129.4 133.6 137
-1.7 -1.7 -1.7 -1.7 -1.7 -1.7 -1.7 -1.7 -1.7 -1.7 -1.7 -1.7 -1.7 -1.7 -1.7 -1.7 -1.7 -1.7 -1.7 -1.7 -1.7 -1.7 -1.7 -1.7 -1.7 -1.7 -1.7 0.2 13.3 31.4 36.8 46.2 50.5 48 44.6 51.7 61.1 63.4 64.5 69.2 77.3 85 90.8 95.1 98 100.2 102.4 105.2 106.1 107.9 109.6 111.6 113.6 115.4 116.2 116.7 117.2 117 116.4 115.2 115.6 116.3 116.7 115.8 115 115.2 115.9 116.8 117.7 117.8 118.5 118.9 118.7 118.6 119.7 120.9 122.1 122.2 121.8 121.2 122.7 124.4 127.3 131.1 135.7
-1.7 -1.7 -1.7 -1.7 -1.7 -1.7 -1.7 -1.7 -1.7 -1.7 -1.7 -1.7 -1.7 -1.7 -1.7 -1.7 -1.7 -1.7 -1.7 -1.7 -1.7 -1.7 -1.7 -1.7 -1.7 -1.7 -1.7 0.1 4.6 17.9 34 47.3 55.9 49.5 43 48 57.3 65.8 68.8 72 76.3 83.1 88.6 93.5 96.3 98 100.7 103.6 105.1 106.9 108.7 110.5 112.4 113.8 114.6 115.1 116 116.4 115.1 114.7 115.5 116.3 116.1 115.3 115.9 116.4 117.1 117.9 118.6 119.4 120 120.6 121.3 121.3 121.5 122.6 123.7 125.2 126.2 126.6 126 127.3 128.8 128.8 133
-1.7 -1.7 -1.7 -1.7 -1.7 -1.7 -1.7 -1.7 -1.7 -1.7 -1.7 -1.7 -1.7 -1.7 -1.7 -1.7 -1.7 -1.7 -1.7 -1.7 -1.7 -1.7 -1.7 -1.7 -1.7 -1.7 -1.7 -1.1 1.3 11.4 21.8 40.2 47.9 42.4 40.2 41.4 52.1 63.6 69 71.5 72.3 77.9 86.5 91.1 94.1 96.2 98.5 101.3 103.8 105.9 107.6 109.2 110.4 111.8 113 113.5 114.4 114.7 113.4 113.7 114.4 115.2 115.5 115.8 116.5 117.9 118.4 118.7 119 119.3 119.9 120.5 121.6 122.6 123.2 124.2 125.2 126.8 128.2 129.5 130.3 131.3 132.4 133.4 133
-1.7 -1.7 -1.7 -1.7 -1.7 -1.7 -1.7 -1.7 -1.7 -1.7 -1.7 -1.7 -1.7 -1.7 -1.7 -1.7 -1.7 -1.7 -1.7 -1.7 -1.7 -1.7 -1.7 -1.7 -1.7 -1.7 -1.7 -1.7 -1.7 3 12 19.8 26.9 35.3 42.1 44.9 44.5 56.6 63.4 67 66.9 73 83.3 88.1 91.6 94.7 95.9 98.7 100 102.4 105.2 106.8 108.2 109.1 110.5 111 110.7 108.9 109 110.9 112.4 113.6 114.8 115.6 116.2 117.4 118.4 118.7 119 119.3 119.8 120.4 121.5 122.8 124.4 125.4 126.4 128.5 129.9 131.4 132.7 133.9 135.3 136.8 136.5
-1.7 -1.7 -1.7 -1.7 -1.7 -1.7 -1.7 -1.7 -1.7 -1.7 -1.7 -1.7 -1.7 -1.7 -1.7 -1.7 -1.7 -1.7 -1.7 -1.7 -1.7 -1.7 -1.7 -1.7 -1.7 -1.7 -1.7 -1.7 -1.7 1.3 17.1 28.9 37.7 54.4 59.1 55.4 49.3 48 55.5 59.7 62.6 69.9 79.4 85.3 88.6 91.6 94 95.7 96.5 98.6 101.4 103.1 104.8 106.5 107.2 107 104.7 107.9 110.1 110.2 110.5 112.5 113.9 115 116 116.9 117.9 118.7 119 119.2 119.6 120.4 121.5 123.1 124.6 125.8 127.2 129.3 131.4 132.9 134.5 136.1 137.5 138.9 139.9
-1.7 -1.7 -1.7 -1.7 -1.7 -1.7 -1.7 -1.7 -1.7 -1.7 -1.7 -1.7 -1.7 -1.7 -1.7 -1.7 -1.7 -1.7 -1.7 -1.7 -1.7 -1.7 -1.7 -1.7 -1.7 -1.7 -1.7 -1.7 -1.7 0.5 22.2 50.1 53.2 59.1 65.1 63.7 58.1 50.3 50.1 53.4 60.5 65.9 73.2 80.7 85.6 87.4 90.5 91.7 92.5 95 97.6 99.4 99.6 101 102.3 103.9 107.5 110.6 112.4 113.7 113 113.5 113.6 114.2 115.6 116.5 117.4 118.4 119 119.2 119.5 120.3 121.8 123.3 124.7 126 127.8 129.8 131.8 133.8 135.7 137.7 139.3 140.9 142.2
-1.7 -1.7 -1.7 -1.7 -1.7 -1.7 -1.7 -1.7 -1.7 -1.7 -1.7 -1.7 -1.7 -1.7 -1.7 -1.7 -1.7 -1.7 -1.7 -1.7 -1.7 -1.7 -1.7 -1.7 -1.7 -1.7 -1.7 -1.7 -1.7 -1.7 18.3 43.1 55 59.9 64 65.9 66.7 59.4 50.3 50.7 57.7 62.6 67.7 75.1 79.9 82.8 84.6 86.7 91.1 93.3 95.2 97.6 98.9 100.8 103.9 106.1 109.4 111.3 113.4 114.8 114.8 114.8 114.8 114.8 115.3 116.2 117.1 118 118.9 119.2 119.4 120.5 122 123.4 124.9 126.4 128.4 130.4 132.4 134.1 135.9 138.3 140.6 142.6 144.5
-1.7 -1.7 -1.7 -1.7 -1.7 -1.7 -1.7 -1.7 -1.7 -1.7 -1.7 -1.7 -1.7 -1.7 -1.7 -1.7 -1.7 -1.7 -1.7 -1.7 -1.7 -1.7 -1.7 -1.7 -1.7 -1.7 -1.7 -1.7 -1.7 -1.7 18.2 36.6 47.8 55.9 61.2 67.9 70.8 67.5 59.5 53.9 53.3 56.8 62.2 67.1 75 82.1 86.8 90.2 93.4 95.2 96.9 98.9 101.1 104.4 106.3 108.5 110.5 112 113.5 115.2 115.4 115.4 115.3 115.5 115.6 116.1 116.9 117.8 118.7 119.4 119.4 120.4 122 123.6 125.1 127 129 131 132.6 134 136.5 139.3 141.7 143.6 146.6
-1.7 -1.7 -1.7 -1.7 -1.7 -1.7 -1.7 -1.7 -1.7 -1.7 -1.7 -1.7 -1.7 -1.7 -1.7 -1.7 -1.7 -1.7 -1.7 -1.7 -1.7 -1.7 -1.7 -1.7 -1.7 -1.7 -1.7 -1.7 -1.7 -1.7 9.6 29.6 46.1 53.8 61.2 68.5 72.4 71.2 67.5 63.5 58.7 55 57.4 63 73.5 82.5 88 91.6 94.5 96.2 97.7 100.7 103.5 105.8 107.6 109.6 111.4 113.4 114.3 115.4 116 115.9 115.9 116 116 116.5 117 117.7 118.6 119.3 119.7 120.6 121.6 123.2 125.2 127.4 129.6 130.8 132.2 134.4 137.1 140.1 142.7 145.5 148.8
-1.7 -1.7 -1.7 -1.7 -1.7 -1.7 -1.7 -1.7 -1.7 -1.7 -1.7 -1.7 -1.7 -1.7 -1.7 -1.7 -1.7 -1.7 -1.7 -1.7 -1.7 -1.7 -1.7 -1.7 -1.7 -1.7 -1.7 -1.7 -1.7 -1.7 6 29.3 49 54.7 61.9 69.7 75.9 77 77.5 73.4 68.5 63.8 59.5 59 67.7 81.7 88.3 91.8 94.2 96.7 98.4 101.2 104.3 106.7 108.5 110.3 112 114.4 115.9 116 116.3 116.4 116.4 116.4 116.4 116.9 117.4 117.9 118.5 119.2 120 120.9 121.9 123.4 125.7 127.9 129.1 130.4 132.6 134.8 137.7 140.7 143.8 147.8 151
-1.7 -1.7 -1.7 -1.7 -1.7 -1.7 -1.7 -1.7 -1.7 -1.7 -1.7 -1.7 -1.7 -1.7 -1.7 -1.7 -1.7 -1.7 -1.7 -1.7 -1.7 -1.7 -1.7 -1.7 -1.7 -1.7 -1.7 -1.7 -1.7 0.8 10.4 30.6 49.1 58.2 62.7 71.4 78.2 80.5 82.4 79.6 74.1 71.1 67.2 59.3 62 74 84.7 89 92.1 94.9 97.7 101.5 104.9 107.2 109.1 110.8 112.6 114.3 115 115.4 116.2 116.6 116.9 116.8 116.8 117.3 117.8 118.4 118.7 119.5 120.2 121.2 122.5 124.2 126.2 127.6 128.9 130.8 133 135.4 138.4 141.4 145 149.6 152.9
-1.7 -1.7 -1.7 -1.7 -1.7 -1.7 -1.7 -1.7 -1.7 -1.7 -1.7 -1.7 -1.7 -1.7 -1.7 -1.7 -1.7 -1.7 -1.7 -1.7 -1.7 -1.7 -1.7 -1.7 -1.7 -1.7 -1.7 -1.7 0.1 2 16.1 36.4 52.9 62.1 65.6 73.6 79.9 82.6 83.5 82.2 77.7 73.8 70.1 63.5 58.7 65.7 77.5 85 91 94.1 97 101 104.3 106.8 109.3 110.8 111.9 113.1 113.7 114.6 115.8 116.5 116.9 117.3 117.2 117.7 118.3 118.9 119.2 119.7 120.6 121.7 123.4 125 126.4 127.6 129 131.2 133.4 135.8 138.8 141.9 145.9 151 155.4
-1.7 -1.7 -1.7 -1.7 -1.7 -1.7 -1.7 -1.7 -1.7 -1.7 -1.7 -1.7 -1.7 -1.7 -1.7 -1.7 -1.7 -1.7 -1.7 -1.7 -1.7 -1.7 -1.7 -1.7 -1.7 -1.7 -1.7 -1.4 0.8 5.6 23.9 47.9 59.9 66.1 70.1 75.5 81.3 83.9 84.9 83.4 80.3 76.3 71.5 64.8 59 62.4 71.6 81.7 89.7 93.1 96.5 100.1 103.1 105.7 108.2 109.7 110.8 111.9 112.8 113.9 115.1 116.3 116.8 117.2 117.6 118.2 118.8 119.5 119.6 120 120.8 121.6 123.8 125.8 126.7 127.6 129.3 131.6 133.8 136.1 139.2 142.5 146.4 150.5 156.3
-1.7 -1.7 -1.7 -1.7 -1.7 -1.7 -1.7 -1.7 -1.7 -1.7 -1.7 -1.7 -1.7 -1.7 -1.7 -1.7 -1.7 -1.7 -1.7 -1.7 -1.7 -1.7 -1.7 -1.7 -1.7 -1.7 -1.7 -1.7 0.4 10.3 30 52.7 68.1 74.2 76.9 78.9 82.8 84.7 85.4 85 82.3 77.5 72.6 66.4 62.2 62.1 67.6 78.3 87.5 91.6 95.2 98.8 101.7 104.4 106.9 108.5 109.6 110.6 111.8 113 114.1 115.3 116.2 116.6 117.6 118.2 119 119.8 119.7 120.1 120.7 121.5 122.9 124.7 125.8 127.1 129.2 131.4 133.7 136 139.8 143.2 146.5 149.9 155.4
-1.7 -1.7 -1.7 -1.7 -1.7 -1.7 -1.7 -1.7 -1.7 -1.7 -1.7 -1.7 -1.7 -1.7 -1.7 -1.7 -1.7 -1.7 -1.7 -1.7 -1.7 -1.7 -1.7 -1.7 -1.7 -1.7 -1.7 -1.7 -1.7 7.8 33.9 56.2 73.7 79.1 81.8 83.6 83.8 85.2 86.4 86.2 83.5 79.1 73.6 67.8 63.2 62.8 66.7 74.9 83.4 89.5 93.7 97.3 100.1 102.9 105.7 107.1 108.1 109.3 110.6 111.6 112.7 114.5 115.6 116.4 117.6 118.5 118.8 119.4 119.4 120 120 120.9 122.1 123.4 125.1 126.9 128.7 131 133.3 135.6 138.9 141.9 145.2 148.6 152.9
-1.7 -1.7 -1.7 -1.7 -1.7 -1.7 -1.7 -1.7 -1.7 -1.7 -1.7 -1.7 -1.7 -1.7 -1.7 -1.7 -1.7 -1.7 -1.7 -1.7 -1.7 -1.7 -1.7 -1.7 -1.7 -1.7 -1.7 -1.7 -1.7 9 38.2 60.7 74.6 81.8 84.6 85.8 86.3 86.8 87.4 86.7 85.4 81.9 77.5 71.6 64.8 64.1 66.3 72.3 77.9 85.5 90.7 95.4 98.8 101.7 103.6 105.3 106.5 107.4 108.6 110.3 111.7 113.6 115.3 116.5 117.7 118.8 119.1 119.2 119.2 119.1 119.3 120.4 121.8 122.7 124.7 126.6 128.4 130.6 132.9 135.2 137.5 141 143.1 146.5 151.1
-1.7 -1.7 -1.7 -1.7 -1.7 -1.7 -1.7 -1.7 -1.7 -1.7 -1.7 -1.7 -1.7 -1.7 -1.7 -1.7 -1.7 -1.7 -1.7 -1.7 -1.7 -1.7 -1.7 -1.7 -1.7 -1.7 -1.7 -1.7 -1.7 19.7 45.2 64.3 76.1 82.9 86.2 86.6 86.9 87.5 87.8 87.4 86.3 83.6 80.5 75.8 69.1 65.2 64.6 69 72.6 79.2 86.9 92.5 96.8 99.8 101.7 102.4 103.4 104.6 106 108.2 110.2 112.3 114.1 115.8 116.9 117.9 118.3 118.5 118.3 118.2 118.8 120 121.6 123.2 125 126.4 128.1 130.1 132.4 134.6 137.1 139.8 141.9 144.4 148.5
-1.7 -1.7 -1.7 -1.7 -1.7 -1.7 -1.7 -1.7 -1.7 -1.7 -1.7 -1.7 -1.7 -1.7 -1.7 -1.7 -1.7 -1.7 -1.7 -1.7 -1.7 -1.7 -1.7 -1.7 -1.7 -1.7 -1.7 -1.7 -1.7 21.7 52.8 70.6 79.1 83.6 86 87.3 87.6 88.1 88.3 88.2 86.7 84.5 81.5 78.3 72.5 66 63.6 66.5 69.8 76.5 81.3 88.3 94 97.1 98.5 98.7 100.1 101.3 102.6 106 107.7 109.5 111.3 113.1 114.8 116.2 117.1 117.5 117.2 117.7 118.5 120.2 122.4 123.4 125.5 127 128.4 129.7 131.8 134 136.3 138.9 141.1 142.8 146.2
-1.7 -1.7 -1.7 -1.7 -1.7 -1.7 -1.7 -1.7 -1.7 -1.7 -1.7 -1.7 -1.7 -1.7 -1.7 -1.7 -1.7 -1.7 -1.7 -1.7 -1.7 -1.7 -1.7 -1.7 -1.7 -1.7 -1.7 -1.7 -0.4 17 47.6 74.8 80.3 81.9 84.2 86.4 87.8 88.7 88.7 88.8 87.2 85.2 82.7 79.2 74.6 69 64.6 64.4 67.4 70.6 74.9 81.5 89.8 93.4 94.9 95.2 95.7 97.3 99.4 102.6 104.5 106.6 108.4 110 112.3 113.7 114.9 116.2 116.8 117.5 118.2 119.9 122.1 123.3 125.4 127.1 128.3 129.7 131.2 133.4 135.7 138.3 140.6 142 145.1
-1.7 -1.7 -1.7 -1.7 -1.7 -1.7 -1.7 -1.7 -1.7 -1.7 -1.7 -1.7 -1.7 -1.7 -1.7 -1.7 -1.7 -1.7 -1.7 -1.7 -1.7 -1.7 -1.7 -1.7 -1.7 -1.7 -1.7 -1.7 -1.7 13.9 41.3 56 68.2 75.9 82.6 84.8 87 88.2 89 89.1 88.4 86.4 84.1 80.8 77.3 72.3 67.7 64.6 65.5 68.1 70.4 75.8 82.3 87.2 89.5 90 91.5 94.7 96.8 98.4 101 103 104.6 106.5 109.3 111.1 112.9 114.7 115.2 116.5 117.8 119.3 121 122.7 124.7 127 128.2 129.6 131.3 133.4 135.3 138 140.7 141.2 143.5
-1.7 -1.7 -1.7 -1.7 -1.7 -1.7 -1.7 -1.7 -1.7 -1.7 -1.7 -1.7 -1.7 -1.7 -1.7 -1.7 -1.7 -1.7 -1.7 -1.7 -1.7 -1.7 -1.7 -1.7 -1.7 -1.7 -1.7 -1.7 -1.7 -1.7 15.9 36.4 52.6 65.9 78.1 83.8 86.4 87.6 89.1 89.6 89.6 87.6 86 84.4 80 75.1 70.1 66.5 65.9 67.2 68.1 69.5 73.2 77.6 81.3 81.9 86.5 90.8 93.5 95.5 97.4 99.1 100.5 102.7 105.3 109 111.3 113.2 114.9 116.2 117.4 118.9 120.4 122 124.1 126.4 128.1 129.5 131.6 133.8 135.8 137.9 140.3 141.4 142.6
-1.7 -1.7 -1.7 -1.7 -1.7 -1.7 -1.7 -1.7 -1.7 -1.7 -1.7 -1.7 -1.7 -1.7 -1.7 -1.7 -1.7 -1.7 -1.7 -1.7 -1.7 -1.7 -1.7 -1.7 -1.7 -1.7 -1.7 -1.7 -1.7 -1.7 -1.7 15.9 34.7 54.8 72.1 83 85.4 86.4 88.7 90.3 90.3 90.1 89.4 88.8 85.8 80.6 75.6 70.4 67.9 68.1 67.4 68.2 69.8 71.8 74 78.2 83 87.2 88.4 89.6 91.1 96.4 100.5 102.9 104.7 108.3 110 111.7 113.6 115.6 117.1 118.5 120 121.6 124 126.3 128 129.4 131.8 134.4 136.4 138.4 140.3 142 143.9
-1.7 -1.7 -1.7 -1.7 -1.7 -1.7 -1.7 -1.7 -1.7 -1.7 -1.7 -1.7 -1.7 -1.7 -1.7 -1.7 -1.7 -1.7 -1.7 -1.7 -1.7 -1.7 -1.7 -1.7 -1.7 -1.7 -1.7 -1.7 -1.7 -1.7 -1.7 1.4 22.2 44.2 65.9 78.9 83.6 84.9 87.1 89.2 90.4 91.3 91.4 91.7 89.8 86.7 81.7 76.8 71.6 70.3 69.2 69.6 70.1 69.4 71.7 75.3 78.7 80.9 81.8 81 89.3 97.5 100.3 103 104.5 107.2 108.9 110.8 112.9 115 117.1 118.9 120.3 121.9 124.1 126.4 128.1 129.5 131.8 134.1 136.1 138 139.8 143.3 145.4
-1.7 -1.7 -1.7 -1.7 -1.7 -1.7 -1.7 -1.7 -1.7 -1.7 -1.7 -1.7 -1.7 -1.7 -1.7 -1.7 -1.7 -1.7 -1.7 -1.7 -1.7 -1.7 -1.7 -1.7 -1.7 -1.7 -1.7 -1.7 -1.7 -1.7 -1.7 -1.7 8.4 32.3 53.2 71.4 79.9 82.9 84.9 87.2 90.4 91.1 91.1 91.5 91.8 90.8 86.7 82.6 77.8 74.2 73.4 72.7 71.3 71 71.2 73.3 75.1 76 77 78.5 87.3 94.8 98.5 102 104.5 106.7 109 111.3 113.1 115.2 117.6 119.8 121.4 122.9 124.8 126.6 128 129.6 131.4 133.5 135.7 137.7 141.1 144.6 147.1
-1.7 -1.7 -1.7 -1.7 -1.7 -1.7 -1.7 -1.7 -1.7 -1.7 -1.7 -1.7 -1.7 -1.7 -1.7 -1.7 -1.7 -1.7 -1.7 -1.7 -1.7 -1.7 -1.7 -1.7 -1.7 -1.7 -1.7 -1.7 -1.7 -1.7 -1.7 -1.7 1.4 22.7 45.4 66.1 75.6 80 82.4 86 89.3 90.9 90.9 92.2 92.9 92 90.5 86.4 81.9 78 74.3 74.3 73.3 73.3 73.2 73.8 75.1 75.6 76.4 77.8 81.3 86.2 90.6 100.3 103.6 106.9 109.4 111.9 114.3 116.8 119 120.7 122.4 124 125.4 126.4 128 129.7 131.4 133.2 135.6 138.6 142.6 146 148.9
-1.7 -1.7 -1.7 -1.7 -1.7 -1.7 -1.7 -1.7 -1.7 -1.7 -1.7 -1.7 -1.7 -1.7 -1.7 -1.7 -1.7 -1.7 -1.7 -1.7 -1.7 -1.7 -1.7 -1.7 -1.7 -1.7 -1.7 -1.7 -1.7 -1.7 -1.7 -1.7 -1.7 16.6 48.8 66.3 70.2 73.1 77.7 81.7 86 88.9 91 91.8 92.6 92.3 91.2 89.6 86.7 82.7 78.5 75.8 77.6 76.3 75.1 76.1 76.5 77.2 77.2 78.4 79.8 83.1 91.3 98.1 102.6 106.2 109.4 111.8 114.8 118 120.2 121.6 123.1 124.6 125.8 127.3 128.9 130.5 132.1 133.5 135.9 138.8 143 148.5 155.1
-1.7 -1.7 -1.7 -1.7 -1.7 -1.7 -1.7 -1.7 -1.7 -1.7 -1.7 -1.7 -1.7 -1.7 -1.7 -1.7 -1.7 -1.7 -1.7 -1.7 -1.7 -1.7 -1.7 -1.7 -1.7 -1.7 -1.7 -1.7 -1.7 -1.7 -1.7 -1.7 -1.7 9.7 38 59.4 57.2 62.6 69.7 74.6 79.6 84.2 87.3 89.9 91.2 92.7 92.8 92.2 90.6 87.5 83.3 79.9 78.7 79.3 80.2 79.3 78.1 78.8 78.6 79.2 79.5 82.5 88.8 95.9 101.6 105.4 109.4 111.8 114.6 117.9 119.9 121.4 122.9 124.6 126.3 128.2 129.7 131.3 132.9 134.3 136.2 138.8 145.4 155.8 165
-1.7 -1.7 -1.7 -1.7 -1.7 -1.7 -1.7 -1.7 -1.7 -1.7 -1.7 -1.7 -1.7 -1.7 -1.7 -1.7 -1.7 -1.7 -1.7 -1.7 -1.7 -1.7 -1.7 -1.7 -1.7 -1.7 -1.7 -1.7 -1.7 -1.7 -1.7 -1.7 -1.7 7.9 24.6 33.8 36.5 45.9 54.1 63.1 69.5 78.9 83.9 87.5 90.1 92.4 94 94.9 93.9 92.2 90.1 85.8 82.9 82.3 81.8 81.1 79.8 80.3 80.1 79.9 80.7 82.2 86.8 91.9 98.9 103.5 107.8 111.7 114.5 117.8 119.6 121.1 122.7 124.3 125.9 128.1 130 132 133.6 135.2 137.3 141.9 149.6 164 176.9
-1.7 -1.7 -1.7 -1.7 -1.7 -1.7 -1.7 -1.7 -1.7 -1.7 -1.7 -1.7 -1.7 -1.7 -1.7 -1.7 -1.7 -1.7 -1.7 -1.7 -1.7 -1.7 -1.7 -1.7 -1.7 -1.7 -1.7 -1.7 -1.7 -1.7 -1.7 -1.7 -1.7 -1.7 4.8 12.2 17.4 29 40.6 50.4 60 70.1 79.4 84.1 88.2 91.9 93.7 95.5 96 95.7 93.6 90 86.6 84.8 83.9 82.9 81.5 81.6 81.2 81 82.2 83.7 85.9 90.5 94.9 99.4 104.5 110.1 113 117.1 119.2 120.8 122.4 124 125.6 127.1 129.6 131.7 133.7 135.7 138.8 145 152.8 169.4 182.2
