data/SW63.asc
ncols 200
nrows 200
xllcorner 160000
yllcorner 30000
cellsize 50
[rows 144 to 179 of 200, columns 0 to 80 of 200]
52 51.2 49.9 47.9 46 40.3 39.1 43 46.2 48.3 50 51.7 53 52.7 52.7 52.9 53.6 54 53.4 51.4 49.2 47.1 43.7 44 45 49.6 53.1 55.2 57.2 57.9 60.1 64.5 68.3 70.1 71.4 71.9 70.3 68.5 67 65.5 63.1 60.6 60.2 56.4 56 57.2 58.1 58.4 58.4 58.9 58.9 59.4 61.2 62.7 64.4 65.7 66.3 67.7 67.7 68.8 68.8 69 69 69.1 68.9 70.1 72.6 76.2 79.9 83.6 86.2 87.3 88.2 89.4 90.4 92 93 94.6 96.4 98 100.4
48.1 46.8 45.9 45 43.6 40.2 38.9 40.1 42.5 43.4 44.8 45.9 46.6 46.1 45.2 46.1 47.6 47.9 43.8 40.4 39.5 43.9 45.3 44.8 49.4 53.5 55.6 57.9 60.1 62.6 64.3 66.6 69.8 73.2 75.3 75.5 75.5 74.4 72.9 71.1 69 66.1 64.4 59 60.8 64.6 64.6 62.2 61.5 61 62.6 63.2 66.4 69.3 72.7 73.2 73.2 72.9 75.6 74.4 72.4 71.5 70.9 70.7 70.5 70.8 72.1 74.8 77.8 80.4 82.2 83.7 84.9 86.9 86.8 88.5 89.7 90.2 91.6 94.4 96.5
43.6 42.2 41.2 40.1 39.8 39.9 38.3 38.7 38.8 38.9 39.2 40.1 40.3 39.9 39.3 38.9 38.9 39.1 40.1 41.4 43.6 46.4 47.4 47 46.7 51.9 56.8 60.9 63.6 65.6 67 69 71.4 74.7 75.6 77.2 78 77.7 76.8 75.1 73.3 70.4 65.2 58.8 61.6 66.7 68.7 70.3 68.9 68.3 69.3 70.6 74.4 77.5 78.5 79 80.4 80.7 81.3 81.8 81 79.4 78.6 77.1 75 72.4 73.2 73.9 75.1 77.9 78.9 80.1 82.5 84.6 83.9 84.3 87.6 90.2 91.6 93.5 95.6
40.7 38.7 38.4 38.4 38.2 38 37.9 38.3 38.5 38.1 37.9 38.1 38.2 38.4 38.5 38.6 40.3 42.1 44.9 46.1 46.9 49.9 51.7 52.2 50.1 48.9 55.6 61.8 65.8 68 69.9 70.9 73.1 74.7 76.3 78.5 80.1 80.5 79.2 77.1 75.1 72.9 67.9 61.3 60.6 66.1 69.5 72.1 73.6 75 75.6 78.5 80.9 81.8 82.6 83.2 84.6 85.8 85.8 86.5 86 84.9 84.3 83 80.2 76.8 74 75.1 76.4 77.7 78.7 78.9 81.1 83.3 84.1 88.2 91.1 94.4 95.5 95.5 97.5
38.3 38 37.9 37.9 38.1 38.1 38 38 38.1 37.8 37.8 37.9 38.1 38 39 40.5 42.8 45.6 48.8 51.4 51.9 53.2 56 57 57.9 56.5 53.9 61.2 66 69.5 70.4 72.4 74.2 75.2 78.2 80.4 81.3 81.5 81.1 79.9 78 76.1 72.3 66.7 61.2 64.5 69.7 71.8 75.4 77.1 79.2 80.9 83.1 84.9 85.2 86.2 87.3 88.4 89 89.5 90 89.6 88.2 86.2 83.9 80.8 76.7 76.7 78.1 79.2 79.7 80.9 82.3 84.3 87.4 91.2 95 96.4 97.9 97.7 99.6
36.4 37.7 37.9 38.2 38.3 38.2 38 37.8 37.8 37.9 38.1 38.4 38.7 39.8 41.5 43.9 46.6 49.8 53.1 55.7 57.2 57.6 60 62.2 63 61.8 59.4 58.2 63.1 68.2 70.7 73.4 75.4 76.6 79.3 81 81.9 82.3 82.2 81.3 81 79.2 75.7 68.5 66.8 64.8 64.5 70.6 74.6 77.1 79.4 81.5 84.2 86.2 86.8 88 89.4 90.7 91.2 91.4 91.7 91.5 90.9 88.3 85.7 82.4 79.1 78.5 80.4 81.3 82.4 83.4 84.4 87 90.4 92.9 96.2 98.1 100.7 100 101.9
35.5 37.1 38.4 38.7 38.7 38.6 38.4 38.3 38.5 38.5 38.7 39.6 40.9 42.4 45.3 48.5 53.8 55.4 57.5 60.2 61.6 62.6 64.5 66.9 66.8 66.2 65 62.5 61.4 64.6 67.8 71.5 75.2 77 79.8 81.1 82.1 83.1 83.3 82.3 80.8 80 74.9 71.3 73.4 71.7 67.4 67.2 71.5 75.3 78.2 81.3 84.2 86.2 87.5 88.8 90.5 92.5 93.7 93.8 93.2 92.6 91.8 89.8 87.5 83.8 80.3 79.3 82.7 85.1 85 86.3 87.3 88.9 91.2 93.6 96.6 100 101.4 102.9 104.6
35.2 37.3 39 39.4 39.3 39.2 39.1 38.9 39.3 39.6 40.7 42.4 43.7 45.3 48.8 53.6 57.3 59.5 59.5 62.8 65.8 66.6 68.3 70.1 69.6 69.1 69.2 68.2 68.3 66.7 66.2 69.1 73.7 76.7 79.2 81.5 82.7 84.1 84.2 83.2 81.3 78.1 74.3 77.9 77.5 76.1 73 69.6 68.9 71.5 75.7 79.5 82.4 85.6 87 88.4 90.8 93.9 95.1 94.9 93.8 93.1 92.2 90.5 89.2 85.7 82.2 80.9 84.2 85.4 87.2 88.6 90 90.8 93.3 95.5 98.2 100.5 102.3 104.1 105.4
36.8 38.2 39.6 39.9 39.9 39.8 39.7 39.6 39.8 41.1 42.9 45.1 46.6 49.3 52.4 56.3 59.8 62.7 65 67.2 68.9 69.2 70.7 71.7 72.8 72.7 72.9 74 72.5 72.1 70.8 72.5 74.6 76.8 79.3 81.3 83.5 84.8 84.2 82.9 80.6 78.4 78.9 80.6 81.1 79.3 76.9 75.1 71.2 69.6 72.8 76 79.7 83.5 86.1 87.6 90.4 93.1 94.7 94.1 93.6 93.2 92.4 91.8 90.8 87.8 83.8 82.8 84.6 86.2 89.1 90.6 91.9 93.2 95.5 96.9 99.4 101.4 102.4 104.5 106.3
38.5 39.1 39.2 39.4 39.5 39.6 39.7 39.8 40.3 42.2 44 45.9 47.7 51.3 54.5 58.9 62.1 64.7 66.4 70 70.6 70.5 72.9 74.2 75.5 75.7 76.1 75.7 76.1 75.5 76.1 76.1 77.3 78.8 80.8 82.5 83.7 85.7 84.2 84.1 83.1 81.9 81.8 82.2 82.9 82.1 80.3 78.8 76.9 74.9 74.4 74.3 77.1 79.2 82.9 86.3 88.5 90.7 91.8 91.8 91.6 92 91.5 90.8 90.2 87.9 83.9 85.7 86 88.6 90.7 92.3 93.9 95.5 96.9 98.4 100.5 101.6 102.6 103.8 106.1
40.5 40.4 39.9 39 39.3 39.6 39.6 39.4 39.3 42.6 46.1 46.6 49 52.8 56.8 60.7 64.3 65.7 67.3 70 70.8 72.3 74.7 75.9 76.4 77 77.8 78.1 78.6 78.7 79.2 78.6 79.7 80.4 82.1 83.8 85.5 85.7 85.3 84.9 85.3 84.8 85 85.3 85 83.8 83.4 82.4 81.1 79.7 74 78.5 80 80.6 78.9 83.5 85.4 86.7 90.2 90.2 90.3 90.7 91 90.2 89.6 87.1 86.5 87 88.1 90.1 92.2 93.8 95.3 96.7 98.1 99.7 101.3 103 102.4 103.4 104
42.6 42.1 41.2 40.3 39.6 39.2 39 39 39.2 41.8 45.9 48.5 51.7 55.2 58.9 61.5 65.3 65.9 67.9 69.5 70.7 72.8 74.8 76.2 77.3 78.3 79.3 79.6 80.1 79.6 81 81 80.9 81.4 83.1 85 86.2 86.4 86.2 85.9 86.2 86.6 86.8 86.8 86.7 86.2 85.8 85.2 85.4 82.7 79.7 80.8 83.5 84.6 84.5 84.3 83.9 85.4 88.2 89.2 90.5 91.2 92 91 89.5 89 88.1 88.7 90.1 91.4 93.5 95.1 96.7 98.1 99.2 100.1 100.6 103.7 103.8 102 101.3
44.5 43.9 43 42.1 41.3 39.8 39.1 39 38.9 40.8 45.5 49.2 52.4 56.4 59.5 61.8 63.2 65.7 67.3 69.3 70.8 72.6 74.9 76.7 77.6 78.6 79.3 80.7 81 81 81.1 81.1 81.1 82.2 83.5 84.4 86 86.4 86.7 86.8 87.4 88 88.4 88.3 87.8 88.4 87.6 87.4 86.4 85.9 82.9 83.2 86 87.3 88.6 88.8 89.1 89.4 89.6 91.2 92.4 93.2 93.6 93 91.3 90.1 90.5 90.9 92.3 93.8 95 96.4 98 99.5 99.3 99.3 99.6 100.9 100.3 100 100.5
46.7 45.7 44.9 44.3 44.1 42.3 40.3 38.9 38.9 39.7 45.4 47 51.2 55.7 58.2 60.7 60.8 63.2 64.7 67.3 69.9 71.3 73.9 75.9 77 77.9 78.5 79 79.6 80.5 81 81 81.1 81.8 82.7 84.1 85.6 86 86.3 86.8 87.3 87.9 89.3 90.2 88.9 90.3 89.3 89.5 89 87.9 84.9 85.7 87.8 89.8 91.3 91.9 92.5 92.9 92.8 93.7 94.9 95.1 95.5 94.8 94.3 93.5 92.9 93.5 94.7 95.9 96.8 98.1 99.5 100.9 99.8 99.6 99 98.7 98.2 98 99.2
49.3 47.8 47.2 46.4 45.4 44.2 42 40.2 38.9 39.1 42.4 44.9 48.4 52.9 55.6 56.8 58.1 59.7 61.6 64.8 67.3 69.5 71.7 74.2 75.2 76.3 76.8 76.9 77 77.9 79.3 80.6 80.3 80.3 80.7 82.6 84.5 85.2 85.8 86.2 87.2 87.8 89.2 90.6 90.9 91 90.1 91 90.9 90.4 88.2 88.6 89.9 91.7 93.8 95.2 95.7 95.9 96.1 96.2 96.8 97 97.1 96.6 96.8 96.2 95.5 95.8 96.9 97.9 98.8 99.9 100.8 100.9 100.8 100.4 99 97 96.4 96.3 97.6
51.7 50 49 48.1 47.2 45.5 43.8 42.6 40.9 39.7 40.6 42.5 44.8 48.6 52.2 53.2 55.7 57.6 59.4 62.3 64 65.8 68.2 69.6 71.1 72.8 73.3 73.3 73.8 75.1 76.7 77.3 77.2 77.5 78.8 80.6 82.2 82.7 84.8 85.6 86.8 87.4 87.8 89.4 90.8 90.7 90.4 90.7 91 91 89.6 90.4 92.2 93.4 95.4 96.8 97.7 98.5 99 98.6 98.7 98.9 98.8 98.5 98.5 98.8 98.4 98.3 99.1 99.6 100.1 100.5 100.7 100.8 100.8 100.5 98.6 96.2 93.9 94.4 95.7
54.1 52.6 51.6 50.6 49.6 49 46.8 45.5 43.8 42 40.8 42.4 43.3 44.9 47.7 50.7 53.3 55.1 57 59.1 59.3 59.9 63.5 65.5 67.2 68.8 69.1 69 69.6 70.9 72.4 73.1 72.9 74.1 77.3 78 79.8 80.3 82.6 84.5 86.2 86.8 86.4 87.5 89 89.9 90.6 91 90.6 90.7 90.8 92 93.7 95.2 96.2 98 99.5 100.8 100.6 100.6 100.5 100.6 100.4 100.2 100.2 100.8 100.7 100.4 100.6 101 100.7 100.4 100.4 100.6 100.9 99.6 97.9 96 93.9 94.2 95.4
56.7 55.3 54.3 53.2 52.8 52.8 50.7 47.4 45.2 43.4 42.4 42.6 43.3 43.7 44.6 46.8 48.7 50.1 52.6 55.3 55.8 55.4 56.2 59 59.9 61.4 62.2 61.1 62.3 64.8 65.5 66.1 66 68.3 71 74.3 76.5 77.8 80.5 82.5 84.2 86.1 84.9 86.4 87.8 88.6 91 91 89.7 90.3 90.8 93.2 94.8 96.2 97.6 99.2 100.6 101.4 102.2 102.1 102.1 101.9 101.7 101.4 101.7 101.9 101.8 101.8 101.9 101.5 101.1 100.9 100.6 100.4 100.8 98.4 96.5 94.6 92.2 91.3 94.4
59.3 58 56.9 56.1 56.2 56.2 54.6 49.7 47.2 44.8 44 43.3 43 43.1 43.5 44.3 44.6 46.8 48.7 50 50.5 49.1 49.9 53.8 54 54 54.3 57.2 58.9 58.9 58.9 60 63.5 64.2 64.7 68.1 70.7 75.2 77.3 79.3 80.6 81.2 83.2 84.6 86.6 87.6 89 89.2 89.1 89.4 91.2 93.6 95.7 97 98.3 99.8 101.2 102.1 102.9 103.5 103.3 103.1 102.9 103.2 103.3 103 102.8 102.9 102.4 101.9 101.5 101.3 101.1 100.7 99.7 97.2 94.3 92.4 89.7 89.1 91.5
62 60.8 59.6 59.4 59.4 58.8 56.8 53.5 50.4 48.7 46.8 44 43.2 43 43 43.9 46.1 46.7 48.7 49.5 48.9 50.9 54.1 57.1 58.8 58.3 59.8 61.5 63.9 65.7 67.9 68.8 69.7 69.9 70.1 69.3 69.2 69.4 70.5 74.4 76.4 77.2 79.1 81.4 84.2 86.1 86.7 85.4 86.5 88.4 90.7 93.4 95.9 97.7 98.7 100.1 101.4 102.8 103.6 104.4 104.7 104.4 104.4 105 104.9 104.1 103.8 103.7 103.6 102.6 101.9 101.7 101.4 100.6 99.8 97.3 94.3 91.4 88.9 88.6 89.5
65.4 64.4 62.8 62.7 62.6 61 58.4 57.1 54.7 52.9 50.6 47.4 43.4 43 43.1 43.6 45.2 49.2 51.7 53.7 55 56.2 59.6 62.6 64.5 66 66.5 67.8 69.5 71.7 73.8 75.9 77.5 78.5 78.2 75.4 73.9 70.7 70.1 70.3 70.9 73.9 75.6 77.4 79.4 82.3 82.9 82.4 84.3 87.3 90.5 93.3 96.1 98.1 99.9 100.5 101.9 103.2 104.2 105.1 105.6 106.1 105.4 106.1 106.1 105.9 104.8 104.9 104.8 103.8 102.7 101.9 101.4 101.3 100.4 97.4 95.1 92.1 88.5 86.3 87.4
69.1 67.5 66.1 66 65.6 63.6 60.8 59.8 59.2 57.2 54.6 51.1 46.2 44.3 43.4 43.7 45.4 50.8 53.8 56.2 58.2 60.4 63.8 66.1 67.8 69.6 71.1 72.5 73.6 76.5 78.9 80.9 82.7 83.8 83.8 82 80.7 79.4 77.5 77.4 76.5 75 74 74.1 76.7 78.8 78.9 80 82.5 85.7 89.4 92.3 95.5 97.9 100.2 101.1 102.4 103.4 104.4 105.2 106.1 106.1 106.1 106.1 106.1 106.1 106.1 105.8 105.7 104.4 103.2 101.9 101.1 100.7 98.7 96.6 94.7 91.9 88.5 84.1 85.8
72.1 70.5 69.5 69.1 67.9 66.1 64.9 63.7 62.4 60.8 58.1 54.5 50.6 48 44.1 44.1 44 49.7 54.6 57.6 60.1 63.4 66.6 69.1 71 72.8 73.9 76 78 80.3 82.4 84.1 85.9 86.6 86.8 86.3 85.5 84.7 83.9 83.6 83.7 81.9 79.3 77.7 78.6 80.2 80.1 79.9 81.6 84.7 87.8 91 94.7 97 98.6 100.8 102 103 104 104.7 105.6 106.1 106.1 106.1 106.1 106.1 106.1 106.1 106.1 104.6 102.9 101.6 100.2 98.7 96.7 94.9 93.3 90.6 87.6 83.9 83.9
75 73.6 72.6 71.6 70.3 69.1 68 66.8 65.4 63.6 61.2 58.5 54.7 49.3 46.5 45.5 45.6 48.3 53.2 56.7 60.9 64.2 67.8 70.3 72.8 76.1 76.4 78.3 80.1 81.8 84.9 86.2 86.6 87.3 87.5 87.9 88.1 87.8 87.6 87.4 87.1 86.4 85.4 84.8 83 84.3 84.5 83.9 84 83.8 85.5 87.7 93.3 96 98 100.2 101.3 102.4 103.3 104.2 106.1 105.6 106.1 106.1 106.1 106.1 106.1 106 105.2 103.8 102.3 100.8 99.3 96.8 93.9 91.6 89.9 88.3 85.9 84.8 81.8
78.5 76.6 75.1 74.1 73 72 71 69.9 68.4 66.4 63.7 60.4 55.8 48.9 49.8 48.9 48 48.3 49.3 54.6 59.5 62.9 66.8 70.5 73 76.2 77 78.6 80 81.7 84.2 85.8 86.4 87.3 88.1 88.7 89.4 89.7 89.2 88.6 89.3 89.3 89.2 88.6 87.1 87.8 88 87.4 86.5 86 86 87.8 90.4 95.4 97.6 100.4 100.8 101.7 102.5 103.2 104.4 104.6 105.8 106.1 106.1 106.1 106.1 106.1 104 102.7 101.4 100 98.2 95.8 92.5 89.4 87.6 85.6 86 85.9 81.2
81.3 79.1 77.6 76.5 75.4 74.3 73.3 71.5 69.7 67.2 63.2 60.3 52.4 49.3 54.7 55 49.3 48.9 48.9 51.9 57.9 61.3 64.8 68 70.5 73.9 75.9 77.3 78.3 80 82.3 84.2 86.3 87.4 88.4 89.6 90.1 90.1 90.5 90.2 91.1 91.1 91.1 91.1 89.4 90 90.1 90.2 90.1 89.6 89.8 89.1 89.5 94.6 95.5 97.6 99.9 100.7 101.4 102.2 103 103.9 105.3 106.1 106.1 106.1 106.1 104.9 104.1 102.4 101 99.3 97.3 95.2 92.6 89.5 86.6 84.5 83.5 83.7 81.6
83.8 81.6 80.1 78.9 77.8 75.9 74.2 72.5 70.2 66.6 62.4 56 54.7 55.5 58.8 58.6 55.3 50.5 48.7 48.9 53.5 57.9 61.5 65.1 67.7 70.4 73 74.8 76.3 78.8 81.9 84.1 86.1 87.2 88.1 88.9 90.2 91.2 91.6 91.9 91.8 91.6 91.9 91.8 90.7 91.5 92.1 92.3 92.4 94.1 94.6 94.5 93.7 93.7 93.9 95.8 97.8 99.7 100.4 101 102.4 103.6 104.8 105.7 105.4 105.4 105.4 104.3 102.9 101.9 100.1 98.1 96.1 93.8 91.7 89.2 86.4 82 78.9 78.6 77.1
85.9 84 82.5 80.6 78.5 76.2 74.6 72.9 70.5 66.5 61.9 53.6 54.3 60.1 62.1 61.2 59.5 55.7 50.3 49.2 52.3 54.7 58.5 61.3 63.6 66 68.7 71.5 75.6 78.2 80.9 83.1 85.2 86.7 87.5 88.4 89.5 90.8 91.6 91.9 91.7 91 91.3 92.1 92 92.6 94 94.3 95.6 96.1 96.3 95.8 95.3 94.8 94.7 95.3 97.3 99.1 98.9 100.3 101.6 102.9 104.2 105.6 104.1 104.1 104.8 104.2 102.4 100.8 98.8 96.4 94 91.6 89.5 87.8 85.4 82.3 78.5 74 74
87.6 85.7 83.1 81.1 78.9 76.8 74.9 72.2 69.3 65.6 59.9 54 56.8 63.3 64.6 63.5 61.5 58.5 54.8 49.5 49.6 51.5 54.8 57.4 59.7 62.2 65.4 69.8 74.4 77.2 79.3 81.8 84.3 85.8 86.5 87.9 89.1 90.1 90.7 90.9 91 90.3 90.8 91.7 92 93.2 95.6 96.1 95.7 96.1 97.3 97.2 96.7 96.4 96.6 96.4 97.8 99.5 99.8 100.1 101.4 102.6 103.4 104.2 104 103.5 102.9 102.5 101.6 99.8 97.3 94 91.3 89.6 86 84.8 82 78.1 75.4 74.2 73.7
88.9 86.5 83.5 80.6 78.3 76.3 73.6 70.6 66.6 61.8 58.7 57.6 62.7 67.1 67.7 66.1 63.7 61 57.4 52.8 49.4 49.4 51.8 54.2 56.7 60.5 64 68.6 73 76.6 78.3 79.8 82.5 83.8 84.7 86.3 87 88.3 89.2 89.5 90.6 89.6 90.7 90.9 90.4 92.3 94.2 96 95.2 96.5 97.5 98.2 98 98.2 99.3 99 99.4 100.3 100.1 100.5 101.2 102.2 103.1 104.1 103.4 102.7 102.2 101.5 100.8 99.6 95.5 94.1 91.2 88 84.4 80.2 78.9 75.7 73.4 72 70.4
89.8 86.4 82.9 79.6 75.6 72.7 69.8 66.4 63.9 60.3 58.9 63.4 68 70.9 70.7 68.6 66.3 63.2 59.9 55.9 52.5 50.3 51.5 53.3 54.2 57.7 61.3 66.1 70.8 73.9 76.7 78.3 80.2 81.6 82.9 84.6 85.1 86.7 87.4 87.9 88.2 87.9 88.3 87.9 88.7 89.9 92.2 93.6 95.2 96.6 97.8 98.4 99.1 100.1 101 101.2 100.4 100.6 101 101.7 102.1 102.9 103.8 103.7 103 102.3 101.6 101.1 100.3 99.6 98 96.1 93.8 89.8 86 82.8 80.2 78.1 76.2 73.7 69
88.3 84.2 81 77 73.1 70.4 67.6 64.6 64 63.6 66.1 70.3 73.2 73.7 74.6 73.6 69 65.7 62.4 55.9 54 52.4 52.8 53.5 54 55.2 58 62.4 66.9 71.2 74 76.2 77 79.3 80.8 81.6 81.8 83.5 85.3 85.6 85.2 85.4 85 85.2 85.9 88.5 90.5 93.2 95.1 97 98.2 98.8 99.5 100.5 101.2 101.6 101.7 101.6 102.1 102.9 103.3 103.6 104 103.3 102.9 102.5 102.1 101.6 100.9 100.3 100.3 99 96 92.2 88.4 86 84 81.7 79.3 74.7 69.2
87.2 83 79 74.8 73.8 72.1 69 67.7 67.1 68.9 71.7 75 76.2 76.6 75.7 74.8 70.9 66.9 62.7 55 54.2 54.8 55.1 54.2 55.7 54.2 54 59 63.3 67.5 71.3 73.2 74 76.2 78.1 78 78.1 79.7 81.3 81.8 81.4 81.1 81.5 82.9 85.2 88.1 90.7 92.9 95.7 97.4 98.9 99.2 100 100.8 101.5 101.9 102 102.2 102.8 103.5 103.7 104 104.1 103.9 103.5 103.1 102.6 102.4 101.7 101.6 101 100.4 98.2 94.4 90.6 89.4 86.6 84 81.4 76.1 69.6
86.8 82.9 79.5 77.1 75.5 73.9 72.9 72.2 72.3 73.7 75.6 77 78.2 78.6 77.2 75.5 72 68.3 62.8 55.6 55.5 57.2 58.7 58.4 59.1 55.2 54.1 56.8 59.8 63.9 68 69.7 71.2 73.1 74.7 74.7 74.5 75.9 76.4 77.1 76.7 77.5 78.4 80.5 84.1 87.9 90.8 92.5 95.5 98.4 99.8 99.6 100.4 101.2 101.8 102.1 102.4 102.6 103.1 103.3 103.6 103.8 103.9 103.9 103.9 103.6 103.2 103.1 102.9 101.9 101.3 100.7 100.1 96.3 93.2 90.8 88.4 86 82.9 78.1 70.6
86.6 82.7 81.3 79.9 78.4 76.8 76.4 76.2 76.8 77.5 78.1 79 80.2 80.4 78.4 76.3 72.3 66.8 60.7 57.8 59.4 61.6 62.3 62.4 61.1 59.7 56.4 57.6 58.6 60 64 65.6 67.8 70 71.1 70.5 70.5 70 71.4 73.5 74 74.8 77.4 78.9 82.6 86.3 89.4 92.3 95.1 97.9 100 100.1 100.4 101.3 101.7 102 102.2 102.5 102.6 102.9 102.9 103.2 103.2 103.4 103.6 103.8 103.8 103.6 103.4 102.5 101.5 100.9 100.4 98.1 95.1 92.4 89.1 87.2 83.4 79 71.7
86.3 84.9 84.2 83 81.4 80.9 80.6 80.1 80.3 80.8 81.2 81.4 82.4 81.9 79.9 77.2 72.1 65.5 58.9 60.1 63.5 65.2 65.4 65.1 63.7 61.6 60.4 59.2 59 58.9 60 61.8 64.8 65.8 66 66.3 67.2 67.9 69.4 73.3 74 77.4 79.1 80.9 83.3 89 89 91.7 96.1 96.6 99.2 99.3 100.5 100.9 101.3 101.5 101.7 101.8 101.9 102.2 102 102.2 101.9 102.1 102.2 102.4 102.9 103.4 103.3 103 101.7 101.2 100.5 100.3 97 93.7 90.5 87.2 83.1 78.3 71.4
