data/SW64.asc
ncols 200
nrows 200
xllcorner 160000
yllcorner 40000
cellsize 50
[rows 152 to 189 of 200, columns 85 to 169 of 200]
80.7 81.5 82.4 83.5 84.5 84.9 85.1 84.7 83.9 82.6 81.4 80.2 79.2 78.5 77.3 76.7 76.3 76.2 77 77.8 78.2 78.3 77.8 77.7 77.6 77.3 76.8 76.5 75.6 75.4 74.5 72.6 70.9 71 71 70.2 69.6 69.7 70.7 73.2 75.9 78.3 81.1 83.9 85.7 86.3 87 88.3 89.3 90.3 90.5 90.6 89.9 88.1 87.6 86.5 87.6 91.1 94 96 97.8 99 99.7 100.2 100.5 100.8 100.9 99.8 93.3 91.1 90.5 93.2 88.8 81.8 80.9 80.4 66.8 65.3 77.2 85.4 90.9 96 99.5 100.5 101.7
80.3 80.6 81.5 82.4 82.6 82.8 83.1 83.1 81.9 80.5 79.9 79.2 78.2 76.8 75.4 73.4 73.6 73.6 74.3 75.1 76 77.2 78.3 78.3 77.9 78 78.1 77.9 78.2 77.8 77.1 76.5 74.8 74.6 73.6 72.2 70.9 70.3 70 71.3 73.8 76.5 79.3 82.1 85 85.8 87.8 89.3 90.4 91.5 92.1 92.2 91.8 91 89.8 88.7 87.9 90.1 93.2 96 98.1 99.4 100.1 100.5 100.5 96.2 94 95.7 100.9 98.6 95.3 92 86.6 84.4 80.7 75.8 68.8 67.9 77.8 83.5 90 95.2 98.5 99.5 100.6
80.3 80.4 79.9 80.2 80.5 80.8 81 80.8 79.8 78.4 77.7 77.4 76.6 74.8 72 70 69.5 70.7 72 73.4 74.9 76.3 77.3 78.4 79.1 79.2 79.8 80.3 80.2 79.9 79.6 79.5 78.8 77.4 77.2 75.3 73.9 72.9 72 71.4 72.2 74.6 77.5 80.3 83.2 85.9 87.8 90 91.5 92.6 93.4 93.8 93.5 93 92.9 92 90.9 89.9 93.2 96.1 98.1 99.5 97.9 96.2 97.5 101.5 101.5 101.1 100 98.9 96 92.7 91.2 89 86.5 82.4 75.5 67.9 71.8 82.8 89.9 94.5 97.7 98.3 99.1
78.8 78.1 77.7 77.2 77.6 77.9 78.5 78 77.2 76.5 75.9 74.8 73.3 71.3 68.2 65.1 64.8 65.8 68.2 71 72.6 74.4 76.3 78.5 80.1 80.5 81 81.3 81.6 81.2 81.2 81 81.3 80 80 79.1 77.1 76.2 75.5 74.6 74.1 73.6 75.6 78.5 81.7 85.3 88.1 90.5 92.4 93.7 94.6 95.3 95.2 95.3 95.4 95 93.9 92.8 92.7 96.3 96.6 98 101.3 102 102.3 102.4 102.2 101.8 100.9 99.4 96.8 95.6 94.6 92.9 90.3 86.6 80.5 71.6 68.2 82.1 88.9 94.1 96.9 96.4 95.5
75.2 74.8 74.4 74.2 74.6 75.4 76.2 75 74 73.5 72.9 71.4 69.7 66.9 63.4 60.7 59.5 61 63.6 66.7 69.7 72.8 75 77.6 80.1 81.6 81.8 82.2 82.5 82.4 82.3 82.6 82.9 82.9 82.7 82.6 81.2 80.4 79.8 78.6 77.2 75.7 75 76.6 80.6 84.7 88.5 90.9 93.2 94.8 95.7 96.5 97 96.9 96.9 96.8 95.9 96.3 96.1 98.6 96.9 99.7 100.5 101.3 102.2 103.1 102.9 102.5 101.8 100.6 99.8 98.7 97.7 96.3 93.9 90.4 87.2 80.6 70 79.7 87.1 90.3 90.7 89.8 90.9
71.2 70.8 70.5 70.3 71 71.9 72.8 72 70.9 70.1 68.7 67.2 64.7 61.6 58.3 56.2 54.8 54.2 58.2 62.1 66.1 69.9 73.8 76.5 79.7 81.1 82.1 82.8 83.1 83.5 83.8 84.1 84.4 84.5 84.6 85.1 85.3 85.1 84.9 83.7 82.4 80.2 77.6 77.2 79.4 83.8 88.3 91.3 93.6 95.7 97.2 98.3 99.1 96.4 95.4 96.3 99.4 98.3 96.2 95.9 95.7 99.4 100.4 101.3 102.3 103.6 103.4 103 103.1 102.8 101.8 101.2 99.7 98.6 97.4 95.5 93.2 89.1 80.1 71.6 75.1 76.9 80 83.3 85.6
66.6 65.7 65.5 65.5 66.4 67.3 68 67.9 66.8 65.1 63.7 62.4 59.4 56.1 53.8 52.1 50.6 50.6 51.6 55.6 60 65.5 70.7 75.9 78.6 79.9 80.8 81.8 83.4 83.6 83.9 84.3 84.9 85.8 86.9 87.1 87.8 87.3 87.7 87.5 86.5 84 82.3 78.6 78.8 83.2 87.5 91.9 94.7 97.3 97.7 94.2 95.3 100.4 100.8 100 99.8 99.4 97.5 96.1 96.3 98.7 100.6 101.7 103.4 104.2 104 103.6 104.2 104.1 103.9 103.1 102.2 101.1 100.1 99.4 97.1 92.9 87.6 79.1 73.7 72.3 73.3 76.6 82.1
61.3 60.4 59.8 59.8 60 60.5 61.8 61.7 59.9 58.1 57.7 55.5 52.4 51 49.6 49.1 48.7 49 49.7 51.5 53.9 58.7 64.7 72.6 76.7 77.3 78.9 79.9 81.3 82.4 83.8 84.6 85.2 86.3 87.4 88.5 89.6 90 90.3 90.4 89.4 88.5 86.7 83.4 80 81.5 87.6 91.6 93 93.4 98.9 100.1 100.6 100.7 101.1 100.8 100.5 100.3 99 97.8 97.2 98.7 101.2 102.8 104.1 104.8 104.5 105 105.4 105.2 105.1 105 104.7 104 102.8 101.6 99 95.3 90.6 84.8 76.4 77.7 76.6 76 76.4
55.7 55 54.4 53.8 53.9 54.1 54.8 55.2 53.7 51.5 49.7 48.8 48.8 48.9 48.5 48.7 48.9 52.5 50.6 50.6 51.8 53.2 55.1 60.9 67.5 72.3 74.4 76.1 77.9 79.8 82 83.8 85.8 87.1 88.3 89.5 90.5 90.9 91.2 91.5 91.1 90.3 89.6 87.1 83.7 81.7 92 92.7 94.2 97.2 98.8 100.1 100.7 101 101.3 101.6 101.3 101 100.4 99.6 98.8 99 101.3 103.8 104.6 105.3 105.1 106.3 106.5 106.4 106.3 106.5 106.6 106.2 105.4 103.4 100.7 97.2 92.5 81.3 89.1 88.9 86 83 82.1
49.1 49.2 48.8 48.2 47.8 47.4 47.3 45.9 45.5 46.6 46.9 47.6 48.7 48.5 48.7 49 50.9 55.2 57.5 57.2 55.1 54.1 53.2 53.5 56.7 62 68.3 72.4 75.4 77.9 80.1 81.9 82.5 87.9 89.1 89.9 90.5 91.3 91.7 92.2 92.3 91.7 91 90.2 90.9 85.1 83.7 88.1 93 96.3 98 99.5 100.2 100.3 101.4 101.8 102.2 101.9 101.2 100.4 99.8 100 101.8 104.4 105.4 105.9 106.5 107.7 107.7 107.7 107.9 108 108.1 107.1 106.2 104.6 102.2 97.7 86.8 93.7 95.2 95.6 93.7 89.9 88.1
43.4 43.7 44.4 44 42.9 41.9 43.1 43.9 44.4 44.9 45.6 46.9 47.8 48.7 51.2 56.1 60.2 64 66.1 66 64.3 62.1 59.6 55 54.8 56.6 62 66.4 70.9 74.3 77.5 78.9 79.2 79.5 82.3 83.2 90.5 91.3 92.1 92.7 90.1 88.5 90.2 93.1 90.8 88.9 83.7 85.2 89.7 94.1 95.9 97.6 99.2 100.2 101.3 102 102.9 102.6 102 101.6 101.3 101 102.7 105.1 106.5 106.7 107.8 109 109.1 109.2 109.4 109.6 109.2 108.2 107.1 104.9 101.9 92.9 92.9 99.6 99.4 99.5 98.4 96.4 93.6
40 40.3 41.6 41.9 42 42.5 43.6 44.1 44.3 44.9 46.2 47.7 49.4 52.3 59.1 63.9 67.7 71.1 72.5 73.9 71.4 70.4 68 64.1 57.5 56.5 59.2 63.1 67.9 71.2 74 76.2 76.8 83.1 89.3 83.7 85 87.8 86.1 86.7 90.1 95.3 94.9 94.3 92.7 90.9 88.9 85 87.8 90.7 93.1 95.3 98.1 99.7 101 102.2 103 102.8 103.3 103.4 103.1 102.5 103.3 106.1 108.1 108 108.9 109.8 110.3 110.4 110.6 110.5 110.2 109.5 108.4 105.2 100.6 92.4 97.6 103.3 103.6 103.6 101.9 100.5 98.1
39.3 40.7 41.9 42 42.4 43.1 44.2 45.7 46.7 49.1 50.5 50.2 51.6 57.5 64.3 68.1 71.9 75.2 76.7 76.4 76.9 77.6 76.7 74.5 68.2 59.2 58.2 60.1 63.1 67 71.3 74.9 75.4 78.4 88.3 83.5 85.7 85.4 87.5 95.9 96.4 96.1 96.1 95.4 94.4 92.3 90.3 88.5 87.4 88.5 91.1 94.1 96.9 99 100.5 101.6 102.8 103.9 104.5 104.6 104.8 104.4 104.6 109.1 109.4 109.2 109.8 110.4 110.9 111.5 111.5 111.3 111.1 110.7 109.6 106.9 104.2 96.7 98.9 105.1 106.6 105.6 104.4 103.5 101.1
39.8 41.5 42.9 43.9 43.2 45.3 48.3 51.9 56.7 59.8 59.9 59.4 57.6 58 62.9 68.7 73.9 76.7 78.2 79.4 80.3 81.2 80.5 78.7 76.6 66.9 58.7 59.2 60.2 63.3 67.2 71 75.7 75.2 83.3 83.7 85.1 92.1 94.8 95.1 96.7 97.4 97.4 96.7 95.8 94.4 93 91.8 90.5 88.6 89.7 92.7 95.6 97.8 100.1 101.5 102.9 104.1 105.5 105.8 106 106.1 109.1 110.3 109.9 109.7 110.2 110.7 111.3 112.1 112.5 112.3 112 111.7 110.7 109 106.3 105.1 99.1 106.7 107.7 108.4 107.2 106.6 106
41.3 42.8 45.5 47.4 51.6 53.8 57.9 60.7 63.2 65.2 66.9 66.8 64.7 62.3 63.1 67.9 72.7 75.7 78.6 80.9 81.7 83.3 83.6 82.2 79.9 75.3 68.9 61.9 60.2 60.9 65.2 80 81.3 75.6 83.4 84.8 87.2 93.4 95.2 96.9 98.8 99.1 98.9 98 97.1 96.3 95.3 94.5 93.6 92.2 91.1 91.9 94.7 97 99.3 101.6 102.9 104.1 105.8 106.7 106.9 107.5 110.6 110.6 110.2 109.9 110.6 111.3 112 112.7 113.1 113.4 113.1 112.8 112.5 110.8 109.6 106.5 104 109.2 111.1 111.1 110.2 109.7 108.8
42.8 46 50.2 53.5 55.9 58.8 61.8 64.8 67 68.5 70 71 70.1 69.1 68.4 68.7 70.8 74.8 79 81.3 83.4 84.8 85.6 85 82.8 79.6 74.5 65.3 67.7 76.4 80.7 79.6 75.2 75.6 79 86.4 88.7 93 96.1 98 99.2 100.1 99.9 99.1 98.2 97.4 96.7 96.5 96.6 96 95.1 93.2 93.9 96.1 98.5 101.1 103 104.4 106.1 107.7 108.6 109.6 110 110.3 110.4 110.4 111.2 112 112.7 113.3 113.7 114.1 114.2 114 113.8 113.1 111.7 109.6 108.8 110.7 113.7 113.7 113.1 112.8 111.6
44.1 46.2 50.9 54.6 58.2 61.3 64.2 67 69.2 71 72.7 73.7 74.6 75.5 74.2 73.7 73.2 74.7 78.2 81.6 84.2 85.2 86.3 86.4 85.4 83.3 78.3 76.9 80.2 77.2 68.1 62.2 65.7 72.9 82.1 85.2 90.7 93.3 96.3 98 99.3 100.1 100.4 99.9 99.5 98.7 98.4 98.4 98.5 98.5 98.2 96.8 95.1 95.7 97.6 100.2 102.9 105.1 107.3 108.5 109.3 110 110.2 110.3 110.4 110.9 111.7 112.6 113.4 113.9 114.3 114.7 115.1 115.4 115.4 115.2 113.8 113.2 112.4 113 116.5 117.7 118.4 115.6 113
46.3 46.7 48.7 52.9 57 61.7 65 67.8 70.4 72.6 74.6 76.1 77.4 77.8 77.8 77.7 77 78.1 79.7 82.7 85.1 86.1 87.4 87.8 87.6 82.7 80.8 79.1 70.7 71.9 73.2 72.4 64.8 67.9 75.4 83.2 89.2 93.1 95.9 97.7 99.4 100 100.8 101 100.7 100.4 100.2 100.3 100.5 100.4 100.2 99.8 98.7 96.8 96.9 98.7 102.9 105.8 108.2 109.2 109.9 110.6 110.9 111 111.1 111.6 112.4 113.2 114.1 114.3 114.9 115.4 116 116.7 117 117.1 116.5 116.2 115.9 115.4 117.4 118 118.7 119.1 118.1
53.2 51.6 49.2 50.5 55.9 61.2 65.1 68 71.1 73.8 75.8 77.8 79.1 80 80.4 80.4 80.5 81.3 82.2 83.9 85.9 87.3 88.8 82.8 82.1 88.8 88.9 86.9 85.2 84.3 78.9 77.3 73.6 66.2 69.9 77.1 85.8 93.2 95.5 97.3 99.2 100.4 101.2 101.4 102.4 102 102.8 102.4 102.4 102.3 102.1 101.6 100.5 99.7 97.4 98 103.3 107.5 108.1 109.3 110.6 111.3 111.7 111.8 112 112.4 113.1 114 114.6 114.8 115.1 116.2 116.8 117.5 118.1 118.6 119.2 119 118.7 118.5 119.3 120.1 120.8 120.9 119.7
58.8 56.7 54.1 51.2 54.1 59.7 63.9 67.5 71 74.2 76.2 78.1 80.7 81.6 82.6 83.2 83.3 83.8 84.5 85.8 87.4 84.4 85.9 91.1 91.3 91.4 92.4 94.4 98.8 98.7 93.6 85.1 76 72.4 67.3 73.2 81.4 88.6 94.7 98.2 99.9 100.8 101.6 102.6 104.2 105.3 105.5 103.8 104.1 104 103.9 103.3 102.5 101.8 100.6 99.1 101.7 107.7 108 109.2 110.5 111.8 112.4 112.5 112.9 113.3 113.8 114.7 115.1 115.4 116.3 116.9 117.7 118.4 119.3 120 120.6 120.8 121.5 121.3 121.7 122.1 122.6 122.2 122
64.7 62.6 59.8 56.7 55.6 56.6 61.3 65.3 70.3 73.8 76.2 79.1 81.8 83.3 84.3 85.6 86 86.5 87 85.2 88.9 90.9 91.8 92.6 92.9 93.6 94.2 96.1 98.6 98.7 100.3 92.2 84.1 76.9 70 72.2 81.6 87.9 99.9 99.6 100.7 102.3 103.3 104.7 105.2 105.2 105.5 104.9 105.6 105.5 105.4 105.2 104.6 104.1 103.4 102.3 101.2 104.3 108.2 109.3 110.6 111.9 112.9 113.2 113.6 114.2 114.6 115.4 115.6 116.7 117.5 118.1 119 119.7 120.6 121.4 121.8 121.8 122.2 123.1 123.7 123.9 117.9 125.2 125.4
69.6 68 66.1 63.2 61.2 60.1 60.9 61.5 66.4 72.4 76.3 79.7 82.8 84.7 85.7 87 86.4 85.3 91.1 92.7 92.3 92.5 93.2 94 100 97.4 97 98.2 98.6 98.9 95.6 92.7 89.3 87.1 72.3 72.8 83.7 86.5 100.4 101.2 101 102.8 104.5 104.9 105.4 105.9 105.4 106.1 107.1 107 106.8 106.7 106.6 106 105.3 104.1 103 104.4 108 109.5 110.9 112.3 113.3 113.9 114.2 114.7 115.4 116 116.9 118 118.7 119.7 121 121.3 122.1 122.8 123.1 123.3 122.9 118.2 123.9 127.1 127.9 128 128.1
72.8 71.2 69.9 68 67.3 66.9 67.8 67.9 67.7 70.9 75 78.5 81.6 83.8 83.9 84.4 91.7 92.1 93.6 94 93.1 93.6 94.6 95.4 100.3 99.7 98.5 98.7 97.3 96.2 94.8 93 91.2 89.4 78 73.5 83.1 86.9 92.3 97.7 100.1 102.5 104.7 105.1 105.7 106.3 106.3 107.1 108.3 108.2 108 107.7 108 107.7 107 105.9 104.7 104.7 107.6 109.7 111.1 112.7 113.8 114.5 115.1 114.8 115.8 117 118.2 119.3 119.9 120.6 122.2 122.6 123.7 125 119 124.3 127.7 128.1 128.5 129.4 130.4 131.1 130.7
74.8 73.8 73.2 72.6 72.7 73 73.2 73.4 72.7 71.9 72.8 77.3 82.3 83.3 88.7 90.1 91 92 93.5 94.3 93.9 94.8 95.7 96.6 99.8 99.4 98.7 97.9 97.1 96.3 94.9 93.5 91.2 89.4 82.1 75.5 80.3 86 91.7 95.8 99.5 102.5 104.7 105.6 106.4 107.3 108.1 108.5 108.8 109.2 109 109.2 109.4 109.5 108.4 107.3 106.2 105.6 107.3 109.7 111.5 113.1 114.4 115.2 116 115.8 116.4 118 118.9 119.7 124.2 122.8 120.1 119 125 127.2 128.1 128.7 129.7 130.3 130.7 132 133.1 134.7 134.3
76 76.3 75.9 75 74.9 75.6 76.4 76.8 76.1 76.9 79.8 80.1 81.7 85.3 88.9 89.7 90.5 91.9 93.3 94.6 95.1 96 96.9 98.3 98.6 98.9 98.3 97.9 96.9 96.1 95 93.7 91.8 90.4 85.4 77.6 78.9 84.8 88.8 94.8 99.4 102.9 104.6 105.7 107 108.1 108.8 109.1 109.5 109.8 110.4 110.7 111.2 110.9 109.8 108.7 107.7 107.6 108.6 110.5 112.1 113.8 115.2 115.9 116.8 117 117.5 119.1 119.9 120 125.4 125.6 126 125.8 127.1 128.6 129.5 130.4 131.6 132.7 133.2 134.6 135.9 137 137.8
75.9 76.2 76.6 77.2 76.4 77.1 78.2 79.2 76.6 79.2 75.9 78.1 81.2 85 89.2 89.6 90.8 92.2 93.6 94.9 95.8 96.7 97.6 98.3 98.2 98.3 97.9 97.5 97.1 96.2 95 93.3 91.5 89.7 86.3 79.6 79.2 83 87.1 92.9 98.9 102.7 104.6 106 107.9 109 109.4 109.8 110.5 111.2 112 113.1 113.4 112.3 111.3 110.2 110.2 109.8 110.2 111.7 113.1 114.7 116.1 116.8 117.7 118.6 119.6 122.6 123.3 124.3 125.5 126.1 126.4 128.3 129.6 130.3 132.2 132.5 133.6 134.8 135.7 137.1 138.5 139.5 140.3
75 75.7 76.4 77 77.9 75.8 74.1 79.9 80.5 76.4 80.4 79.9 81.3 84.6 87.4 89.6 91.5 92.9 94.3 95.3 96.2 97.1 97.9 98.5 98.4 98.1 97.7 97.3 96.9 96.3 93.7 91.5 89.6 88 85.2 80.8 79.6 81.6 86.3 92 97.7 102.2 104.6 106.2 108.2 109.7 110.5 111.2 112 112.7 113.5 115.2 114.8 114.4 112.8 111.7 112.6 110.9 110.4 114.1 114.2 115.5 117 118 119 120.4 122.2 123.2 123.7 124.6 125.4 128.1 129.6 131.5 132.9 133.1 133.9 135.6 136.4 137.3 138.3 139.7 141.7 144 146
72.8 73.9 75.2 70.7 70.9 78.7 79.6 80.5 80.2 81.7 82.2 82.7 82.2 84.8 87.2 89.9 92 93.5 94.9 95.7 96.6 97.4 98.3 98.6 98.5 98.2 97.8 97.4 96.9 96.1 94.1 90.9 88.4 86 83.5 81.7 80.8 80.7 85 92 97.5 101.6 104.6 106.5 109.2 111.1 111.8 112.6 113.4 114.2 114.9 115.2 114.7 114.3 113.8 113.5 115.2 111.3 111.2 114 116.4 116.8 118 118.9 122.3 122 123.2 125.6 127.5 127.5 127.6 128.9 130.6 134.2 133.9 134.5 135.7 137.9 140.4 141.8 143 144.6 146.6 149.1 150.9
69.5 68.4 69.5 75.1 76.8 78.4 79.3 80.4 81.4 82.7 83.5 84 84.5 85.4 87.7 90.5 92.3 94.2 95.3 96.2 97 97.8 98.7 98.8 98.5 98.3 98 97.5 96.7 95.8 94.4 91.4 87.8 85.9 84.7 82.7 82.2 81 85 91.7 97.7 102.3 105.2 108.3 111.1 112.4 113.2 113.9 114.7 115.5 116.4 116 115.7 114.6 114.2 113.7 115.1 112.4 111.2 111.5 119 118.1 121.8 123.2 123.1 121.9 126.6 130.5 127.6 128.4 129.8 131.6 133.3 136.2 135.9 137.7 140 142.3 145.1 148.2 149.4 152.2 156.2 156.6 159.9
66.4 68.2 71.5 74.4 76.1 77.7 79.1 80.6 81.8 83.3 84.9 85.4 85.8 87.1 88.7 91.5 92.9 94.7 95.8 96.6 97.5 98.3 99 99 98.7 98.4 98.1 97.3 96.4 95.6 94.7 91.6 87.7 88.8 90.4 86.9 83.1 81.9 84.7 90.6 98.1 101.9 106.2 109.2 112.7 113.7 114.5 115.3 116.1 117.8 117.6 117 116.9 116.5 116.2 114 114 115.6 117.8 117.2 117.5 119.3 121.6 124 125.6 127.2 128.6 129 129.8 130.9 132.4 134.4 137.7 139.7 141.9 143.3 146 148.1 149.1 153.5 158.9 164 169.4 171.2 173.8
63.2 66.6 70.1 73.3 75.4 76.7 78.5 80.8 82.2 84 86.2 86.7 87.7 89.2 90.4 92 94 95 96.1 97.2 98.1 98.7 99.2 99.7 99.3 98.9 98.7 98.6 97.2 96 94.4 91.6 88.7 90.2 93.1 92 88.4 83.3 84.1 90.2 99 102.4 106.9 109.9 112.9 114.3 115.2 116.3 118.2 119.2 118.7 118.1 117.9 117.8 116.8 116.4 116.8 116.3 115.6 115.9 117.1 119.4 122.8 125.7 128.5 130.1 129.7 131.4 133.5 135.6 136.7 141.4 144 147.1 147.5 150.3 153 154.7 157.5 163.4 171.1 179.1 184.7 188.7 193.2
62.2 64.9 68.4 71.6 73.9 75.1 77.4 80.1 82.6 84.6 86.9 88.2 89.9 91.1 92.2 93.7 94.8 95.8 96.8 97.8 98.4 98.9 99.4 100.1 100 99.5 99.2 99.1 98.7 97.2 95.1 92.8 90.3 92.5 94.8 96.2 93.6 86 83.6 88.2 99.4 103.9 107.5 111.8 113.6 114.9 116.3 117.1 118.8 119.6 119.3 118.9 118.5 117.9 116.7 115.5 115.7 113.4 113.2 114.9 117.2 120.2 123.7 128.1 130.9 132.5 135.5 136.3 138.9 141.9 146.1 149.8 156.4 159.6 160.2 162.5 164.5 168.4 172.4 179.9 188.8 196.5 203.5 205.6 208.5
63.6 65.4 67.3 68.7 71.5 73.7 76.4 79.2 82.2 85.2 87.5 89.4 91.3 92.8 93.8 94.8 95.9 97 97.8 98.4 98.7 99 99.6 100.3 100.7 100.4 100.6 100.4 100 98.7 96.5 94 92.3 95.5 97.7 98.9 97.2 92 86.8 86.2 95.9 103.8 108.9 113.9 114.4 115.6 117 117.8 119 119.7 119.7 119.2 118.2 118.1 116 114.9 112.8 112.7 114 116.3 118.5 121.2 125 129.9 133.3 136.2 140.7 143.9 148.7 152.4 158 164.1 171 176 175.8 177.4 181.6 185.7 190.3 197 205 215.6 218.2 215.5 213.6
66.5 67.4 69 70.4 71.7 73.8 76 78.9 82 85 88 90.1 92.1 94.2 95.5 96.1 96.9 97.8 98.4 98.7 99 99.8 100.5 101 101.4 101.6 101.8 102.1 101.5 100.1 98.1 95.2 97 99.4 100.4 100.5 101.6 96.2 89.8 85.6 97.2 105.5 110 114.5 115.3 116 117.6 118.4 119 119.1 119.3 119.4 114.5 119.2 115.5 113.8 113.1 113.5 115.1 117.3 120.1 123.2 126.4 131.2 136.1 141 145.7 152.1 158.2 165.4 172 178.3 183.2 187.1 190.3 192.6 194.5 199.8 205.5 211.5 217.7 223.8 223.9 217.9 213.6
69.9 70.8 71.3 72.8 73.5 73.9 76.2 78.7 81.8 85.1 88.1 90.4 92.5 94.7 96.1 97.1 97.8 98.3 98.8 99.3 99.9 101.1 102 102.7 103.2 103.3 103.4 103.5 102.6 100.7 98 96.7 98.5 101.8 104.3 104.9 104 98.9 93.3 88 100.3 108 111.7 114.7 116.5 117.8 118.6 118.6 118.7 118.3 113.7 119.7 118.4 116.8 116.1 114.6 114 114.5 116.2 118.8 121.5 124.5 128.3 132.5 137.8 144.2 154.3 161 169.4 177 183.2 189.2 191.1 195.1 197.5 199.8 203.9 208.8 212.2 214.4 219.5 222.2 220.8 216.2 212.6
73.8 74.3 74.3 75.2 75.5 75.3 76.7 79.1 82.6 85.5 87.9 90.3 92.6 94.7 96.5 97.5 98.5 99.1 99.6 100.2 101.2 102.4 103.4 104.2 104.9 105 104.9 104.6 104.1 102.2 99.1 98.1 100.4 103.7 107.1 107.8 106.9 102.8 97.1 89 97.3 108.2 111.7 115.8 117.5 117.8 119.1 119 113.1 118.9 118.8 119.2 118.2 117.1 116.5 115.4 115.4 115.5 117.4 119.7 122.5 126.3 130 134.5 140 148.4 160.6 170.9 179.1 188.1 194.8 198.4 200 201.4 203.3 204.4 207.2 209.9 211.4 214.1 216.2 218.4 216.8 213.5 209.7
77.3 77.6 77.8 78.4 78 78.7 78.5 79.6 82 84.5 87 89.7 92.5 94.6 96.7 97.9 99.2 99.9 100.5 101.4 102.6 103.7 104.7 105.6 106.3 106.2 105.9 105.7 105.4 103.7 101.4 99.5 102.5 105.9 108.4 111.6 116.1 107.1 102.2 89.4 98.1 108.8 111.7 116.6 117.7 117.5 114.7 118 118.5 119 119.1 119.4 119.4 118.7 117.6 116.5 116.2 116.5 118.1 120.6 124.3 127.9 131.6 137.3 144.1 153.7 165.1 177.6 189.2 197.6 203.9 203 202.6 203.3 202.9 204.4 205.9 208.2 210.5 212.6 213.7 213.5 211.8 209.8 206.6
79.7 80.7 81 82 83.1 83.2 81.4 81.2 82.4 84.4 87.2 90 92.7 94.8 96.9 98.4 99.8 100.8 101.5 102.7 103.9 105.1 106 106.8 107.5 107.4 107.1 106.8 106.5 105.2 103.5 101 105 108.2 110.7 113.5 116 110.9 105.2 90.9 93.6 106.8 111.6 114.3 115.8 116.3 117 117.2 118.4 119 119.8 120.5 120.5 120.3 119.2 118.1 117 117.4 118.7 120.9 124.7 128.8 133.2 140 147.9 157.9 170.2 184.1 194.8 201.4 201.8 200.7 200.4 200.7 201.8 202.8 204.8 206.9 208.8 209.7 209.7 208.1 207.2 205.5 202.3
