data/SW71.asc
ncols 200
nrows 200
xllcorner 170000
yllcorner 10000
cellsize 50
[rows 37 to 73 of 200, columns 85 to 169 of 200]
68.5 71 72.9 73.9 75 75.6 76.1 76.8 78.5 80.1 80.7 80.9 81.1 81.3 81.5 81.4 80.9 80.4 80 79.5 79 78.4 77.5 76.6 75.9 74.6 73.8 74.4 76.3 78.1 79 78.8 78.8 79.2 79.6 80 80.5 80.9 81.1 80.8 80.9 81.2 80.8 80.2 79.7 79.1 78.4 77.9 77.3 76.8 76.3 75.8 75.3 74.7 73.3 72.9 71.9 71 70 68.9 67.8 66.5 64.9 63.7 62 63.4 65 66.2 65.1 60.4 62.6 63.3 62 59.6 61 61.1 60.1 56.9 55.1 50.9 45.4 35.6 24.3 13.5 18.8
69.5 71.7 73.6 74.9 76.2 77 77.5 78 78.6 80.1 80.7 80.9 81.1 81.3 81.5 81.1 80.7 80.2 79.8 79.3 78.8 78.2 77.2 76.3 75.2 73.8 73.1 74.1 75.7 77.8 79.2 79 78.9 79.3 79.7 80.1 80.5 80.6 80.5 80.3 80.2 80.3 80.3 79.8 79.2 78.6 78.3 78 77.5 77 76.4 75.9 75.4 75 74 74.1 73.4 72.4 71.5 70.3 69.2 67.9 66.3 65.6 65.4 67.2 68.7 68.8 65.4 65.4 65.7 65.2 64.1 62.2 63.3 62.9 62.2 61.5 55.2 49.9 36.9 21.5 3.7 1 1
72 74.2 75.7 76.3 77.3 78.4 78.9 79.5 79.9 80 80.8 81.1 81.3 81.5 81.5 80.9 80.5 80.1 79.7 79.3 78.8 78.2 77.2 76.3 75.1 73.3 72 73 74.5 77.1 78.8 78.8 79 79.4 79.7 80 80.1 80.1 80.2 80 80.1 79.8 79.7 79.3 78.8 78.4 78.1 77.9 77.6 77.1 76.6 76.1 75.6 75.2 75.4 75.4 74.7 73.8 72.7 71.5 70.3 69.4 68 67.1 67.9 69.9 70.1 69.4 67.8 67.7 66.8 65.9 65.2 65.1 65 64.5 63.5 61.1 56.3 46.1 28.1 3.9 -1.6 -1.6 -1.6
75.1 76.9 78.3 78.9 79.3 79.8 80 80.2 80.4 80.5 80.7 81.3 81.5 81.7 81.4 80.8 80.4 80 79.6 79.2 78.8 78.5 77.9 77.2 75.6 73.6 71.5 72.2 73.5 74.9 76.3 77.6 78.1 79.2 79.5 79.7 79.3 79.4 79.8 79.8 79.9 79.7 79.3 78.9 78.6 78.2 77.8 77.5 77.5 77.2 76.7 76.2 75.7 75.5 75.9 76.2 75.4 74.4 73.3 72.2 71 69.8 68.9 69.7 69.2 70.3 70.4 69.6 68.9 68.6 67.5 66.3 65.6 65.4 66 65.2 63.1 59.7 57 44.7 27.6 2.5 -1.6 -1.6 -1.6
79 79 80 79.8 80.3 80.4 80.4 80.6 80.8 80.9 80.8 81.5 81.8 81.6 81.4 80.6 80.2 79.8 79.4 79.1 78.8 78.8 78.8 78.2 76.2 74.2 72.3 70.8 71.3 72.3 73.7 75.1 76.7 78.1 79.3 78.9 78.5 78.6 78.7 79 79.4 79.4 78.9 78.5 78.4 78 77.6 77.1 77.2 77.2 76.8 76.4 76.1 75.9 76.2 76.7 75.9 74.9 73.6 72.7 71.6 70.6 70.2 70.9 71.5 71.4 70.2 69.5 69.2 68.7 67.4 66.3 65.8 65.5 65.8 64.7 63.4 60.2 56.8 47.3 31 13.7 -1.6 -1.6 -1.6
82.8 81.7 81.4 81.2 81.1 81 81 81.1 81.3 81.3 81.3 81.2 81.8 81.6 81.3 80.5 80.1 79.8 79.5 79.2 79 79.1 79.3 78.8 76.8 74.7 72.5 68.9 68.9 69.9 71 72.6 74.8 77.3 78.1 78.1 77.7 77.8 78.2 78.7 79.1 79 78.4 78 77.9 77.8 77.4 76.9 76.8 76.9 77 76.7 76.4 76.1 76.2 76.4 76.5 75.6 74 73.1 72.2 71.5 71.3 71.7 71.5 71.6 70.2 69.8 69.4 68.7 67.4 66.3 66.1 65.8 65.2 64.5 63.8 62 58.4 49.6 34.1 17.4 -1.6 -1.6 -1.6
79.8 82 81.5 81.4 81.4 81.7 81.6 81.5 81.7 81.8 81.7 81.6 81.4 81.3 81.2 80.5 80.2 79.9 79.6 79.4 79.2 79.3 79.5 79 77.9 75.9 73.8 71.2 68 66.8 68.4 70.5 72.6 75 77 77.2 76.9 77.2 77.9 78.4 78.7 78.6 77.8 77.5 77.4 77.3 77.4 77.3 77.1 76.9 77 76.9 76.6 76.5 76.6 76.7 76.7 75.3 74.2 74 73.2 72.6 72.5 71.9 71.2 71.1 71.1 70.1 69.7 68.8 67.5 66.2 65.5 64.9 64.3 63.6 62.9 62.6 59.3 52.1 40.6 21.7 1.4 -1.6 -1.6
76.2 79.4 81.2 81.6 81.7 82.1 82.2 82.2 82.2 82.2 82 81.6 81.5 81.3 81.3 80.8 80.2 80 79.7 79.5 79.4 79.6 79.7 78.7 77.7 76.7 75.3 73.6 70.5 67.4 66 68 70.2 72.3 75.1 76 76.2 76.9 77.6 78.1 78.4 78.3 77.4 77 76.9 76.8 77.1 77.5 77.4 77.3 77 77.1 76.8 76.8 76.9 76.5 76 74.9 74.1 73.9 73.8 73.6 72.4 71.6 71.1 70.9 71.8 70.9 70 68.7 67.2 66 64.9 64 63.3 62.7 61.3 62.1 58.7 53.3 44.7 26.3 7 -1.6 -1.6
74.1 77.2 79.9 81.6 81.9 82.4 82.9 82.8 82.7 82.5 82 81.7 81.6 81.4 81.3 80.8 80.2 80 79.8 79.6 79.7 80.1 80.1 79.1 78.3 77.4 76.6 75.9 73.4 69.9 67 65.3 65.9 68.4 71.6 73.1 75.2 76.3 78 77.7 78 77.9 77 76.5 76.4 76.4 76.8 77.2 77.7 77.5 77.4 77.2 77.1 76.8 76.3 75.8 75.3 75 74.1 73.8 73.5 72.9 71.8 71.4 71.3 71.9 71.5 70.8 70.3 69.1 67.4 66.2 65 63.9 62.9 61.1 59.2 59.3 58.4 54.7 49.6 34.2 12.3 -1.6 -1.6
71.9 75 77.7 80.4 80.8 82 82.4 82.6 82.5 82.5 82 81.9 81.7 81.4 81.1 80.5 80.1 79.8 79.6 79.4 80.4 80.9 80.9 79.8 79.1 78.3 77.8 77.7 75.6 72.2 69.2 64.8 61.8 62.9 66.4 70.8 73.8 75.2 76.6 77.1 77.6 77.6 76.4 76 76 76.1 76.5 76.9 77.4 77.7 77.6 77.5 77.3 77 76.5 76 75 74.8 74.2 73.4 73.2 72.1 72 72 71.6 71.9 71.6 71 70.7 69.6 68.1 66.7 65.4 64.3 63.3 61.4 58.8 57.2 56.9 55.8 50.4 39.6 17.6 -1.6 -1.6
70.5 73.6 76.6 79.8 81.4 81.5 81.6 81.8 82.1 82.2 82.1 81.8 81.4 81.1 80.7 80.2 79.9 79.7 79.4 79.4 80.3 80.8 81.3 80.7 79.6 78.8 78 77.8 77.3 75.5 72.6 68.8 63.2 57.4 60.3 67.1 71.3 74.2 75.4 75.9 76.2 76.6 76.3 75.7 75.6 75.8 76.2 76.6 77.1 77.5 77.8 77.7 77.5 77.4 76.9 75.6 74.6 74.2 73.8 73.1 72.6 72.7 72.9 72.7 71.8 71.5 71.3 71.4 71.1 70.2 68.8 67.4 66 64.7 64 61.9 59.1 55.5 53.6 52.4 50.4 45.1 22.8 -1.6 -1.6
69.6 72.7 76 80.2 81.1 81 80.7 80.7 80.8 81.2 81.3 81 80.8 80.5 80.3 80.1 79.8 79.6 79.4 79 79.6 80.2 80.7 80.8 80 79.2 78.5 77.7 77 76.2 74.6 71.6 65 60.4 55.4 62.2 67.9 72.6 74 74.4 75.2 75.8 75.6 75.4 75.1 75.5 75.9 76.3 76.8 77.2 77.6 77.9 77.7 76.9 76.2 75.5 74.9 74.3 73.7 73.1 73 73.4 73.2 72.7 71.7 72 72.3 72.3 71.7 70.8 69.4 68.1 66.7 65.7 64.5 62.3 59.1 54.9 50.5 47.7 45.6 44.5 32.5 15 1.6
69.2 72.3 76.1 79 80 79.7 79.5 79.4 79.5 80.3 80.3 80.1 79.8 79.6 80 80.2 79.9 79.5 79 78.6 79.2 79.7 80.3 80.8 80.3 79.4 78.6 77.9 77.3 76.5 74.8 72.8 68.8 64.7 56.9 53.4 60.7 69.5 72.9 73.9 74.5 74.9 74.7 74.6 74.7 75.2 75.6 76.1 76.5 76.9 77.3 77.7 77.1 76.4 75.6 75.1 74.9 74.5 73.9 73.3 72.8 73 72.8 72 71.9 72.3 72.7 72.2 71.8 71.2 70 68.7 67.6 66.4 65.1 62.6 59.1 54.1 49.2 43.7 32.6 30.9 26.3 23.1 25.5
68.7 72.1 74.7 77.7 78.2 78.5 78.3 78.2 78.5 79.4 79.2 79.1 78.8 79.4 80 80.1 79.7 79.2 78.7 78.2 78.7 79.3 79.8 80.2 79.7 79.2 78.6 78 77.4 76.7 75.7 73.9 71.9 66.6 60.3 53.1 53.4 64.5 70.7 73.5 73.8 74.1 74 74 74.3 74.9 75.4 75.8 76.2 76.5 76.9 77 76.6 75.8 75.1 74.8 74.6 74.5 74.1 73.5 73 72.6 72.3 72.3 72.3 72.7 72.5 72 71.6 71.1 70.7 69.6 68.2 66.8 65.6 63.4 60 54.8 48.2 37.6 26.8 12 5.7 5.5 18.8
68.5 71.7 73.7 75.9 76.4 77.3 77.5 77.6 77.9 78.8 78.4 78.1 78.3 79 79.7 79.8 79.3 78.9 78.4 77.9 78.2 78.8 79.3 79.6 79.1 78.6 78 78 77.4 76.8 76.1 75.2 73.8 71.7 66.5 57.8 49.9 58.4 64.9 69.9 72.7 73.2 73.4 73.4 74 74.6 75.2 75.4 75.7 76.1 76.4 76.4 76 75.2 74.6 74.5 74.3 74.1 74 73.6 73.1 72.7 72.6 72.5 72.6 72.7 72.3 71.8 71.4 71.1 70.7 70.1 69 68 67.1 65.3 61.6 54.1 46.2 29.8 19 1.6 -1.6 -1.6 -1.6
68.6 72.2 74 75.1 75.8 76.7 77 77.1 77.3 77.4 77.1 77.1 77 77.6 78.4 79.1 79 78.5 78.1 77.6 77.8 78.3 78.7 79 78.6 78 77.8 77.7 77.4 76.9 76.4 75.8 75.7 74.7 73.2 64.2 54.2 47 57.5 65.6 69.1 70.9 71.6 73.2 73.8 74.5 75 75.2 75.3 75.6 75.8 75.8 75.5 74.7 74.3 74.1 74 73.8 73.7 73.5 73.3 73.1 72.9 72.8 72.9 72.5 72 71.6 71.3 71.1 70.7 70.4 69.5 69.1 68.2 66.5 61.1 54 47 30.3 6.2 -1.6 -1.6 -1.6 -1.6
70.2 72.6 74 74.9 75.5 76.1 76.4 76.3 76.3 76.2 76.1 76.1 76 76.3 77 77.8 78.4 78 77.4 77.1 77.2 77.7 78.2 78.4 78 77.6 77.5 77.4 77.4 77 76.7 76.3 75.9 75.2 73 65.3 56.3 46.8 54.2 62.3 65.9 69.1 71.2 72.8 73.7 74.2 74.8 75.3 75.2 75.2 75.2 75.1 75 74.1 74 73.9 73.8 73.6 73.5 73.4 73.2 73 72.7 72.5 72.7 72.3 71.8 71.5 71.4 71 70.7 70.2 70.5 69.9 68.5 66.8 63.3 53.9 40.1 17.8 1.1 -1.6 -1.6 -1.6 -1.6
70.7 72.1 74 74.9 75.5 75.7 75.7 75.7 75.5 74.9 74.9 74.8 74.8 74.8 76 76.9 77.1 76.5 75.8 76.3 77 77.2 77.7 77.8 77.4 77.3 77.2 77.1 77 77 76.8 76.3 75 73.8 69.8 63.6 58 46.9 48.1 60 64 66.6 71.1 72.6 73.4 74 74.5 75.1 74.9 74.5 74.4 74.4 74.4 74.1 73.9 73.8 73.7 73.5 73.4 73.3 73.1 72.9 72.6 72.7 72.8 71.9 71 71.6 71.4 70.9 70.5 70.3 70.5 69.4 68.8 68.6 65 54.7 32.8 4.8 -1.6 -1.6 -1.6 -1.6 -1.6
71 72.6 74.2 74.6 74.8 75 75.2 75.1 74.6 74.1 73.5 73.4 73.4 73.5 74 75.3 75.7 75.1 74.5 75.6 76.5 76.8 77.1 77.2 77 76.7 76.4 76.4 76.6 76.7 76 76.1 75.9 74.4 71 66.2 60 50.8 37.2 48.7 53.9 64.2 69.9 72 72.9 73.6 74.2 74.2 74 73.7 73.8 74 73.8 74 74 73.8 73.6 73.5 73.3 73.2 73 72.8 73 73.3 72.9 72 71 70.4 71 70.8 70.4 70.5 70.6 70.2 69.6 68.6 60.5 44.9 27.3 -1.6 -1.6 -1.6 -1.6 -1.6 -1.6
71 72.4 73.2 73.8 74 74.3 74.5 74.2 73.7 73.1 72.6 72.1 71.9 71.7 71.4 71.9 72.3 72 73.2 75 76 76.5 76.9 76.8 76.3 75.8 75.8 75.8 75.8 76.3 76.3 76.3 76.7 75.4 73.5 71.1 66.2 60.3 48.2 38 38.9 57.9 68.1 70.5 72.2 72.9 73.4 73.4 73.3 73.3 73.4 73.6 73.5 74 74 73.9 73.7 73.5 73.3 73.1 73 73.3 73.6 73.9 73.1 72.3 71 70.5 69.9 70.7 70.6 71 71.4 71.6 72.2 67.4 50 33.2 15.6 -1.6 -1.6 -1.6 -1.6 -1.6 -1.6
70.7 71.5 72.3 73.1 73.1 73.4 73.6 73.1 72.4 71.9 71.4 70.9 69.5 69.1 68.6 68.3 69.3 70 71.8 74.5 75.7 76.3 76.6 76.4 75.5 75.1 74.4 74.4 75.4 76 76 76.4 77.2 76.7 75.9 73.8 71 65.3 52.6 41 34.9 52 67.3 68.7 72.1 71.8 72.8 73.2 73.1 73.1 73.1 73.2 73.4 73.9 74.2 73.9 73.7 73.5 73.3 73 73.4 73.7 74 74 73.3 72.5 71 70.5 69.8 69.4 70.4 71.1 71.4 71.6 70.8 65.8 49.2 28.7 4.2 -1.6 -1.6 -1.6 -1.6 -1.6 -1.6
70.3 71 71.5 72.2 72.3 72.5 72.4 71.9 71.2 70.6 70.1 69 67.6 66.9 66.7 66.6 66.9 68.2 70.6 73.3 75.3 76.1 76.2 75.9 74.9 74 73.3 74.1 75.6 75.4 75.4 76.4 77 77.2 76.6 74.9 72 67.8 55.5 40.6 29.9 52.4 63.3 66.5 68.8 70.5 71.9 72.6 73 72.9 72.9 72.9 73.3 73.8 74.3 74 73.8 73.4 72.9 73.2 73.6 73.9 74 73.6 73.1 72.7 71 70.3 69.6 68.8 69 69.6 69.8 69.8 70.1 65.7 49.8 26.1 -1.6 -1.6 -1.6 -1.6 -1.6 -1.6 -1.6
70 70.7 71.5 71.7 71.8 71.8 71.3 70.8 70.3 69.3 68.8 67.1 65.7 64.7 65.3 64.8 65.4 66.9 69.5 72.2 74.1 74.7 75.4 75.6 74.5 72.8 71.6 73 74.1 74.1 74.6 75.6 76.3 76.2 75.2 74.2 71.6 68.9 58 39 25.3 43.8 58.2 65.9 67.5 69.2 70.6 71.8 72.3 72.7 72.5 72.7 73.3 73.9 74.4 74 73.4 72.9 72.5 73.4 73.8 73.8 73.8 73.3 72.9 73 71.5 70.6 69.9 69.2 67.8 67.8 68 68.6 68.5 64.2 47.6 26.1 -1.6 -1.6 -1.6 -1.6 -1.6 -1.6 -1.6
69.5 70.4 70.9 71 71.5 71.5 70.6 69.8 69.2 68.5 67.5 65.2 63.4 62.4 63.5 63.8 64.8 66 67.5 69.4 70.8 72.3 73.2 74.4 74.1 71.6 70.3 71.2 71.4 72.8 73.9 73.7 75.1 75 74.1 73.2 70.1 67 60.7 43.4 25.7 29.2 50.1 65.7 66.1 67.8 69.3 70.8 71.6 72.1 72.1 72.8 73.2 73.4 73.8 73.2 72.7 72.2 72.7 73.5 73.6 73.6 73.4 73.1 73.2 73.3 72.4 71.1 70.4 69.3 67.8 66.4 67 66.7 66.4 60.8 45.8 25.7 -1.6 -1.6 -1.6 -1.6 -1.6 -1.6 -1.6
68.9 70 70.2 70.6 71.2 71 70.2 69.3 68.5 67.7 65.6 62.9 59.5 57.5 60.3 62.4 64 65 66.2 67 67.4 69 70.5 71.4 72.2 70.2 68.3 68.5 69.5 70.9 71.7 71.6 73 73.6 73.4 72.5 69.3 65.5 59.5 47 29.1 16.6 42.1 64.7 64.5 66.4 68 70.2 70.9 71.4 72.3 72.6 72.5 72.5 72.1 72.4 72.1 72.4 72.6 73.1 73.3 73.4 73.2 73.4 73.5 73.5 73.2 71.9 70.8 69.2 67.5 65.8 64.4 64.6 65.2 61.2 44.8 24.1 -1.6 -1.6 -1.6 -1.6 -1.6 -1.6 -1.6
68.9 69.1 69.2 69.7 70.3 69.8 68.8 68.2 67.6 66.3 63.8 59.8 56.4 54 60.2 62.7 64.3 64.9 64.5 65.2 64.7 65.4 66 68.2 69.1 67.7 65.9 66.3 67.6 68.7 68.6 69.2 70.1 70.1 71.4 70.8 67.7 64.4 60.6 50.7 28.7 15 30.1 51 61.6 64.5 67.5 70 70.2 71.4 72.2 72.9 71.8 71.3 71.1 71.4 71.9 72.2 72.5 72.8 73 73.1 73.3 73.3 73.4 73.5 73.5 72.6 70.6 68.5 66.7 64.8 63.2 62.7 64.5 64.7 52.6 25.1 0.6 -1.6 -1.6 -1.6 -1.6 -1.6 -1.6
68.3 67.8 68 68.3 68.1 67.6 67.6 67.1 66.2 66.1 63.7 61.9 57.7 52.2 60.2 63.2 65.1 65.1 64.5 61.8 61.7 62.4 62.8 63.7 65.5 65.3 62.3 63.3 65.8 65 62.6 64.2 60.5 62.3 62.7 68.6 66.4 63.8 59.4 50.9 32.4 16.7 14.2 41.9 52.9 59.6 67.1 67 69.8 71.7 71.9 72.2 71.3 70.4 70.4 70.5 71.5 71.8 72.1 72.4 72.8 72.9 73.1 73.2 73.3 73.4 73.4 72.7 70.9 68.4 66.3 64.4 62.2 59.9 63 62.6 43.4 19.3 1 -1.6 -1.6 -1.6 -1.6 -1.6 -1.6
66.8 66.4 66.6 66.6 65.8 64.8 62.2 60.1 58.5 53.7 53.2 53.7 55.8 45.7 57 60.6 60.6 61.1 63.4 60 44.9 57.4 58.3 58.5 61 60.6 53.8 53.5 57 50.3 49.1 40.5 24.5 35.4 31.2 51.2 69.1 63.3 58.1 47.9 30.8 4.2 1.9 5.7 30.8 52 62.8 66.1 70 71.8 71.8 71 69.7 68.5 69.2 69.7 70.7 71.4 71.7 72.1 72.4 72.7 72.9 73 73.2 73.3 73.1 72.3 70.7 68.6 66.2 63.8 60.5 57.8 60.2 58 32.9 12.3 -1.6 -1.6 -1.6 -1.6 -1.6 -1.6 -1.6
61.9 61.9 61.7 63.3 61.1 56.6 47.5 26.9 27.1 20.2 27.4 28.5 31 31.5 42.8 37.3 32.4 23.8 31.3 20.9 6.4 43.9 52 52.1 55.7 55.5 39.6 32.7 31.9 25.2 20.2 27.6 0.7 -1.6 -1.6 35.2 60.4 64.6 46.7 36.4 17.6 -1.6 -1.6 -1.6 14.9 39.8 56.1 66.4 70.2 72.7 70.6 68.3 66.7 65 67.8 69.1 70.3 71.2 71.6 71.9 72.2 72.5 72.6 72.6 72.7 72.6 72.1 71.9 70.1 69 67.3 64.3 60.7 55.4 52.2 43.6 24.8 1.8 -1.6 -1.6 -1.6 -1.6 -1.6 -1.6 -1.6
45.6 39.4 42.3 49.3 35.9 19.2 17.3 1.2 0.5 0.3 1.1 0.9 1.1 0.6 7.9 3 0.9 0.9 1.7 -1.6 -1.6 -1.6 19.5 31.2 51.1 52.7 23.7 1.9 -1.6 -1.6 -1.6 -1.6 -1.6 -1.6 -1.6 -1.6 39.9 44 -1.6 -1.6 -1.6 -1.6 -1.6 -1.6 -1.6 -1.6 43.9 66.6 69.4 70.3 70.8 63.6 61.4 59.3 67 69.2 70.1 71.3 71.5 71.8 72.1 72.1 72.5 72.4 72.4 72.1 71.5 71.5 71.3 70.7 68.8 66.1 62.6 52.1 37 35.9 20.8 -1.6 -1.6 -1.6 -1.6 -1.6 -1.6 -1.6 -1.6
4.2 1.4 -1.6 3.6 1.7 -1.6 -1.6 -1.6 -1.6 -1.6 -1.6 -1.6 -1.6 -1.6 -1.6 -1.6 -1.6 -1.6 -1.6 -1.6 -1.6 -1.6 -1.6 1.9 38.7 46.3 37.8 1.9 -1.6 -1.6 -1.6 -1.6 -1.6 -1.6 -1.6 -1.6 -1.6 14.9 -1.6 -1.6 -1.6 -1.6 -1.6 -1.6 -1.6 -1.6 36.8 62.7 67.1 67.6 65.2 59.8 53.9 61.6 68.8 69.4 70 71.3 71.4 71.7 71.9 71.7 72.1 72.3 72.2 72.2 72.1 72.1 72 71.5 70.3 67.8 64 58 33.4 17.5 8.1 1.1 -1.6 -1.6 -1.6 -1.6 -1.6 -1.6 -1.6
-1.6 -1.6 -1.6 -1.6 -1.6 -1.6 -1.6 -1.6 -1.6 -1.6 -1.6 -1.6 -1.6 -1.6 -1.6 -1.6 -1.6 -1.6 -1.6 -1.6 -1.6 -1.6 -1.6 -1.6 28.8 41 41.6 -1.6 -1.6 -1.6 -1.6 -1.6 -1.6 -1.6 -1.6 -1.6 -1.6 -1.6 -1.6 -1.6 -1.6 -1.6 -1.6 -1.6 -1.6 -1.6 28.5 60.8 64.8 63.1 56.5 52.6 47.1 62.4 68.4 69.7 70.3 71.2 71.3 71.6 71.5 71.3 71.7 72.2 72.2 72.2 72.2 72.2 72.2 71.7 70.7 68.7 66.4 50.7 20.7 12 -1.6 -1.6 -1.6 -1.6 -1.6 -1.6 -1.6 -1.6 -1.6
-1.6 -1.6 -1.6 -1.6 -1.6 -1.6 -1.6 -1.6 -1.6 -1.6 -1.6 -1.6 -1.6 -1.6 -1.6 -1.6 -1.6 -1.6 -1.6 -1.6 -1.6 -1.6 -1.6 -1.6 5.4 36.4 35.9 -1.6 -1.6 -1.6 -1.6 -1.6 -1.6 -1.6 -1.6 -1.6 -1.6 -1.6 -1.6 -1.6 -1.6 -1.6 -1.6 -1.6 -1.6 -1.6 -1.6 32.5 51.3 42.1 31.7 39.1 40.9 63.1 68.4 69.8 70.7 71.2 71.2 71.3 71.1 70.9 71.3 71.6 72.2 72.2 72.3 72.3 72.2 71.7 70.6 69.5 64 36.3 10.9 -1.6 -1.6 -1.6 -1.6 -1.6 -1.6 -1.6 -1.6 -1.6 -1.6
-1.6 -1.6 -1.6 -1.6 -1.6 -1.6 -1.6 -1.6 -1.6 -1.6 -1.6 -1.6 -1.6 -1.6 -1.6 -1.6 -1.6 -1.6 -1.6 -1.6 -1.6 -1.6 -1.6 -1.6 -1.6 24.3 27.2 1 -1.6 -1.6 -1.6 -1.6 -1.6 -1.6 -1.6 -1.6 -1.6 -1.6 -1.6 -1.6 -1.6 -1.6 -1.6 -1.6 -1.6 -1.6 -1.6 -1.6 -1.6 -1.6 -1.6 -1.6 -1.6 56.5 66.5 68.4 69.5 70.6 71 70.9 70.7 70.5 70.3 70.5 70.8 71.4 72 72.3 72.1 71.6 70.4 69.3 57.5 31.2 2.9 -1.6 -1.6 -1.6 -1.6 -1.6 -1.6 -1.6 -1.6 -1.6 -1.6
-1.6 -1.6 -1.6 -1.6 -1.6 -1.6 -1.6 -1.6 -1.6 -1.6 -1.6 -1.6 -1.6 -1.6 -1.6 -1.6 -1.6 -1.6 -1.6 -1.6 -1.6 -1.6 -1.6 -1.6 -1.6 -1.6 -1.6 8.2 -1.6 -1.6 -1.6 -1.6 -1.6 -1.6 -1.6 -1.6 -1.6 -1.6 -1.6 -1.6 -1.6 -1.6 -1.6 -1.6 -1.6 -1.6 -1.6 -1.6 -1.6 -1.6 -1.6 -1.6 -1.6 38.3 62.8 67.2 68.6 69.7 70.5 70.4 70.3 70.1 68.3 69.4 69.5 70.1 70.6 71.1 71.5 70.3 69.5 68.1 49.1 31.9 -1.6 -1.6 -1.6 -1.6 -1.6 -1.6 -1.6 -1.6 -1.6 -1.6 -1.6
-1.6 -1.6 -1.6 -1.6 -1.6 -1.6 -1.6 -1.6 -1.6 -1.6 -1.6 -1.6 -1.6 -1.6 -1.6 -1.6 -1.6 -1.6 -1.6 -1.6 -1.6 -1.6 -1.6 -1.6 -1.6 -1.6 -1.6 -1.6 -1.6 -1.6 -1.6 -1.6 -1.6 -1.6 -1.6 -1.6 -1.6 -1.6 -1.6 -1.6 -1.6 -1.6 -1.6 -1.6 -1.6 -1.6 -1.6 -1.6 -1.6 -1.6 -1.6 -1.6 -1.6 32.1 60.8 67.3 67.9 68.8 69.7 69.9 69.9 69.6 67.4 66.5 64.6 67.7 67.4 69.2 69 69.3 67.9 59.8 43.5 23.2 -1.6 -1.6 -1.6 -1.6 -1.6 -1.6 -1.6 -1.6 -1.6 -1.6 -1.6
-1.6 -1.6 -1.6 -1.6 -1.6 -1.6 -1.6 -1.6 -1.6 -1.6 -1.6 -1.6 -1.6 -1.6 -1.6 -1.6 -1.6 -1.6 -1.6 -1.6 -1.6 -1.6 -1.6 -1.6 -1.6 -1.6 -1.6 -1.6 -1.6 -1.6 -1.6 -1.6 -1.6 -1.6 -1.6 -1.6 -1.6 -1.6 -1.6 -1.6 -1.6 -1.6 -1.6 -1.6 -1.6 -1.6 -1.6 -1.6 -1.6 -1.6 -1.6 -1.6 -1.6 30.2 63.1 66.8 66.9 67.8 68.7 69.4 69.3 67.7 65.4 50.1 44.1 38.7 45.3 43.8 50.5 62.9 65.7 52.6 33.9 7.4 -1.6 -1.6 -1.6 -1.6 -1.6 -1.6 -1.6 -1.6 -1.6 -1.6 -1.6
