data/SW74.asc
ncols 200
nrows 200
xllcorner 170000
yllcorner 40000
cellsize 50
[rows 111 to 147 of 200, columns 0 to 81 of 200]
71.1 78.2 84.6 87.6 89.5 92.2 95 97.7 100.4 102.2 104.2 105.7 109 111.6 113.9 115.8 117.6 118.8 119.4 119.6 119.1 118 117.6 116.7 115 114.4 113 112.9 111 109.6 109.1 108.8 107.9 106.6 105.3 104.3 102.7 100.4 98.3 95.8 94.6 95.3 96.1 97.4 95.3 102.3 104.2 106.2 108.3 110.4 109.4 109.5 109.6 109.7 110.4 110.8 111.3 112.2 113.3 114.9 116.4 117.6 119 118.8 118.2 117.8 116.7 114.9 112.7 110.7 107.9 105.1 102.4 99.4 95.8 93.4 91.1 89 86.3 82.5 80.2 83.6
69 70.6 75.1 78.8 83.5 88.4 93.6 97.4 99.4 101.6 104 106.4 109.1 111.5 113.4 115.4 117.1 118.5 119.7 120.1 120.4 120.3 120.4 120.9 119.7 117.5 116.6 115.1 112.9 110.7 109.7 109.3 108.3 107 105.7 104.4 102.8 100.6 98.4 95.7 95 95.8 96.8 94.4 101.2 103.2 104.8 106.6 108.7 110.8 109.2 109.2 109.1 109.2 109.1 108.9 109 109.9 111.1 112.7 114.4 115.9 117.3 117.2 117.1 116.2 114.7 113.2 111.3 109.1 106.5 103.8 101.2 98.5 95.9 92.6 89.5 87.1 84.3 81.6 78.8 79.3
80.4 74 70.8 79.4 84.9 90.1 94.9 98.3 100.1 102 103.9 106.7 109.5 111.4 113.2 115 116.8 118.3 119.9 120.6 121.2 121.6 122.3 123 122.5 120.8 118.9 117 114.8 112.6 110.5 109.9 108.7 107.4 106 104.4 103 101.1 98.9 97.2 96 96.2 94.6 98.3 101 103.3 105.4 106.6 107 107.7 109 109.3 108.8 107.8 106.9 106.3 106.7 107.6 109.2 110.9 112.7 114.7 115.5 115.9 115.7 114.5 113 111.5 109.7 107.5 105.2 102.4 99.7 97.1 94.4 91.3 89.2 86.2 83.6 80.9 79 77.5
84.9 81.9 77.5 75.3 83.8 89.2 95.1 97.9 99.5 101.5 104 106.6 109.3 111.7 113.7 115.6 117.4 119 120 120.2 121.4 122.5 123.7 124 123.8 122.7 120.7 118.7 116.6 114.5 112.3 110.4 108.9 107.3 105.7 104.1 102.8 101.4 99.4 98 95.3 95.8 98.3 99.4 101 102.6 104.6 106 106.5 107.1 108.1 107.3 106.4 105.2 104.3 104 104 105.7 107.6 109.3 111.3 113.7 114.4 114.7 114.4 113.1 111.5 110 108.2 105.9 103.8 101.1 98.4 95.6 92.9 90.4 88.8 86.2 83.9 81.7 79.2 78.2
88.2 87.4 85 80 80.1 85.4 90.4 93.8 96 98.2 101.6 105.2 108.2 111.6 114.2 116.1 117.9 119.7 120 120.4 121.5 122.5 123.1 123.6 123.7 122.8 121.2 119.1 117 114.9 112.9 111 108.7 107 105.3 104 102.6 101.2 99.8 95.5 97.8 99.1 99.8 100.4 102 103.3 104.8 105.7 105.7 106 106.3 105 104 102.7 102 101.6 101.8 104.1 105.9 107.7 110.1 112.5 113.5 113.6 112.8 111.5 110.1 108.4 106.6 104.3 102.3 99.9 97.1 94.3 91.9 90 88.3 86.4 84.2 82.5 81.3 80.4
92.1 91 90 87.1 83.9 80 82.2 84.1 87.9 91.3 96 101.6 106.4 110 113.6 116 117.7 119.7 120.3 120.9 121.3 121.9 122.6 123.2 123.5 122.9 121.5 119.4 117.4 115.4 113.8 111.7 109.2 107 105.3 103.8 102.5 101.2 97.6 100.2 100.4 100.7 101 101.6 103.1 104.5 105.7 105.9 105.8 105.8 104.8 103.4 102.1 101 100.2 99.9 100 101.2 103.8 106.7 109.3 111.9 111.8 112.3 111.4 110 108.6 106.8 105 102.8 100.8 98.6 96.3 94.1 92.1 90.2 88.4 86.7 85.3 84.3 83.5 82.7
95.7 95.3 95.5 94.3 91.5 89.5 90.3 94 94.5 94.9 91.1 94.6 102.2 107.6 112.4 114.9 117 119.3 120.1 119.9 120.6 121.5 122.1 123.2 124 123.4 122.2 120 117.8 116.1 114.4 112.2 110.1 106.9 105.5 103.6 101.7 100.4 102.4 102 102.1 103 102.8 103.5 109.1 105.8 106.7 106.5 106.2 105.4 104 102.7 101.3 99.6 98.5 98.5 98.3 99.2 102.8 106.6 109.8 111.2 111.1 111 110 108.8 107.4 105.3 103.4 101.4 99.4 97.4 95.7 93.9 92.1 90.5 89.2 87.9 87.1 86.4 85.7 85.3
99.3 99.1 99.4 98.8 98 96.8 95.1 97.9 97.5 97.6 95.9 94.4 93.8 102.4 108.2 111.6 114.8 117.4 118.8 119.4 120.4 121.4 122.3 123.9 124.5 124 123.1 121.4 118.8 116.7 114.8 112.7 110.6 108.2 105.9 104.6 105.4 104.8 104.2 103.8 104.4 104.9 103.9 110.1 105.9 106.3 106.9 106.8 106.8 105.3 103.8 102.3 100.9 99.2 96.6 96.2 96.4 97.7 101.4 105.8 109.8 110.8 110.9 110.9 110.3 108.4 106.4 104.1 102.1 100.1 98.1 96.1 94.6 93.4 92.3 91.4 90.3 89.7 89 88.5 88.3 88
101 101.2 102 102 101.7 101.5 101.9 103 102.7 102.1 102 100.8 99.3 97.2 104 110.1 113.8 115.5 117.8 119.8 120.7 121.5 122.6 123.5 124.1 123.9 123.3 121.4 118.9 117 112.1 110.8 109.6 109.5 107.8 107.2 106.3 106 106.6 106.2 106.7 109 105.2 106.4 107.7 108.1 107.8 107.8 107.3 105.7 104 102.3 100.7 97.8 94.2 92.8 93.5 96.3 100.2 103.7 107.3 109.8 110.9 110.7 110.7 108.7 106.2 103.7 100.8 98.8 96.8 95.2 94.4 93 92.5 92.7 92.3 91.7 91 90.7 90.5 90.2
101.1 101.9 103.1 104.7 105.4 105.6 106.3 106.9 106.8 106.1 105.9 105.8 104.2 101 100 106.7 110.8 113.6 116.4 118.8 119.7 121.5 123.3 124.2 121.8 116.3 115.6 114.7 116.3 117.8 115.6 114.1 112.4 111.2 109.6 108.4 107.8 109.5 110.9 108.9 107.9 108.3 109 109.6 109.6 109.6 109.5 108.7 107.8 106.2 104.5 102.8 101 99.1 96.7 91.7 91.2 94.7 98.8 102.2 105.4 107.8 109.7 110.8 110.5 108.9 106.2 102.9 99.5 97.6 95.6 94.6 94 93.4 94.2 94.4 94.2 93.6 93.2 93 92.8 92.5
100.3 102.5 103.3 105.9 107.9 108.8 109.1 109.3 109.3 109.2 109.1 108.7 108 106.1 105.8 103.4 107.5 111.5 114.1 115.8 116.2 115.9 115.7 117.3 122.9 123.8 123.3 122.3 121 119.2 117.2 115.7 114.3 115.1 111.9 111.5 110.1 111.1 111.3 111.5 111.7 111.6 111.4 111.7 111.5 111.3 110.9 109.6 108.4 106.7 105 102.7 100.7 98.7 96.5 92.7 87.6 91.8 95.9 99.9 103.3 105.2 107.7 109.3 110 108.2 105.7 102.1 98.6 96.3 94.7 94.3 93.8 93.6 95.4 96.1 96.2 95.6 95.4 95.2 95 94.7
98 101.6 102.8 106.2 109.2 110.2 110.4 110.6 111 111 111.7 111.3 111.3 108.9 106.8 112.2 114.5 114.7 113.8 111.3 114.6 118.3 120.7 122.2 123.2 124.2 123.6 122.9 119.5 120.5 118.8 117.4 116 115 114 113.7 113.1 113.2 113.4 113.6 114.2 114 113.7 113.6 113.3 113 112 110.7 109.5 107.9 105 102.3 99.9 97.2 95.1 92.5 88.2 90.2 93.5 96.5 99.4 101.9 104.3 106.9 108 107.3 104.8 101.8 97.9 94.8 92.9 93.1 93.4 94.4 96 97 97.9 97.8 97.7 97.5 97.3 97.2
93.3 98.9 101.7 104.9 108.7 110.3 110.8 111.8 112.4 113.2 113.5 112.7 112.5 112.8 109.6 106.3 106.5 107.7 109.2 111.9 113.8 115.8 118.5 121.7 123 121.2 124.6 124.4 124.1 123.3 122 120.5 118.8 117.5 116.5 115.9 115.5 115.2 115.7 116.4 116.7 116.4 116.3 116 115.4 115 113.6 112.4 111.2 108.1 105 102.2 99.2 95 92 89.7 86.9 86.4 89.9 93 95.7 98.8 101.6 104.3 105.6 106.1 104.1 101.6 97 93.2 91.1 91.9 92.3 94.5 96.5 97.6 99 99.6 99.9 99.7 99.5 99.9
89.9 95.2 98.7 102.1 106.4 108.9 111.1 111 111.2 114.6 115 115.1 114.6 112.9 111.2 109.6 109.9 111.1 112.2 113.6 115 115.2 117.4 119.1 123.2 125 125.6 126.4 126.7 126.1 124.9 123.8 122.5 120.7 119.5 118.4 117.9 118 118.5 119.1 119.1 119.2 119.3 119.1 119.8 119 116.3 114.8 112.4 109.7 106.4 102.3 98 93.2 91.3 90.4 84.7 82.6 85.1 88.3 91.5 95.1 98.8 101.7 104.5 104.8 103.3 100.7 95.6 91.3 88.7 90 92.8 94.6 96.6 98.3 99.9 100.7 101.2 101.6 101.7 102.5
96.1 98.5 102.6 108.3 109.7 108 110.7 112.7 114.4 115.6 115.9 116.1 116.2 115.4 113.6 112.3 112.9 114.5 115.9 116.8 118.1 116.6 117.9 119.9 123 125.4 127 128.4 129.2 129 129.3 127.6 126.1 124.2 122.8 121.8 120.9 120.9 121.4 121.9 122.2 122.6 122.9 123.1 122.5 121.4 119.5 116.7 113.5 110.3 106.2 101.9 96.7 94.4 94.8 92.9 90.6 85 81 83.6 86.7 91 95.4 99 102.1 102.3 101.4 99 93.7 87.7 86.6 89.8 92.6 94.6 96.4 98.1 99.7 101 101.3 101.7 103 104.3
101 101.6 108.8 101.3 103.9 107.3 110.5 113.5 115.1 116.8 118.2 118.3 118 117.7 115.9 114.2 115.9 117.3 120.2 119 119.5 120.2 120.7 121.2 123.5 125.4 128.4 130 132.6 133.3 133.7 132.6 129.4 127.1 125.8 125.2 124.4 124.3 124.6 124.8 124.9 125.2 125.6 125.8 124.6 123.5 121.2 117.8 113.8 110.4 106 101.5 99.2 98.3 98.7 96.6 94 90 86.2 79.1 80.6 86.2 89.6 93.8 96.6 97.3 96.6 95.3 91.2 84.7 83.6 88 91.4 92.2 94.6 96.6 98.4 99.8 100.8 101.6 101.9 103.2
107 105.2 102.4 102.4 103.8 108.3 110.7 114 115.8 117.6 119.3 121.9 121.7 119.9 118.7 118.5 121 119.5 120.6 121.7 122.2 122.7 122.9 123.4 125.3 127.1 129.7 132.1 134.6 136.7 137.5 135.9 132.8 130.5 129.1 128.6 128.4 128.6 128.8 128.1 127.7 127.9 128.3 128.1 126.7 125.3 122.9 118.9 115 111.4 107.6 103.4 102.3 102.8 102.4 100.8 97 93.2 89.1 86.8 78.1 79.6 83.6 87.3 88.8 89.1 88.7 88.7 86.2 80.4 80.4 85.1 89.1 89.2 91.5 93.3 95 96.3 97.6 98.4 99.2 101
104.1 103.1 103.2 102.8 108.1 109.2 112.9 115.3 117 118.8 120.6 121.5 121.9 121.8 121.6 127.1 126.2 124.7 124.1 124.2 124.8 125.3 125 125.7 127.4 129.5 131.7 134.1 136.6 139 140.3 139 136.7 134.7 133.4 133.1 133 132.9 132.3 131.7 131.1 130.6 131.4 130.4 129 126.9 124.5 120.9 117.3 113.8 110.3 107 106.2 106.2 105.5 103 99.1 95.5 91.9 87 78.4 77 77.8 79.8 79.7 79.9 80.8 82.1 80.8 75.9 75.5 79.6 84.9 85.4 85.9 88.1 90 91.3 93 94.2 95.5 97.6
106 105.8 106.1 107.9 107.6 111 114.7 117.4 118.9 120.7 121.8 122.5 124.1 124.2 123.6 123.7 123.7 124.9 125.9 126.6 127.2 127.8 127.3 128 129.7 131.8 133.9 136.2 138.6 140.3 141 141.1 140.7 138.8 138.3 136.8 136.3 136.1 135.3 134.8 134.3 134.1 134 132.8 130.9 128.5 126.2 123 119.7 116.1 113.1 110.5 109.8 109.4 108.4 105.2 101.3 97.5 88.5 82.9 78.2 78.3 78 79.1 77.6 73.9 75.1 75.1 73.8 71.8 70.8 73 77.2 78.4 80.5 82.7 84.4 85.9 88.1 88.9 90.7 93
109.4 109.5 109.6 108.6 107.5 111.8 115.7 118.4 120.5 121.7 122.4 124.5 125.4 125.7 125.6 126.3 126.7 127.6 128.4 129.2 129.8 130.3 130.3 130.7 131.5 132.7 135.1 137.2 138.8 140.2 141.2 141.7 142.3 141.8 140.4 139.4 139.4 139.1 138.3 137.4 136.4 136.2 135.9 135.2 133 130.7 128.2 124.5 121.1 118.1 116.5 114.3 113.6 112.8 111.9 108.8 104.4 99 88.3 78.3 79.5 84.9 88.2 86.6 82.2 77.4 71.9 71.9 70 69.2 69.2 67.3 67.8 69.4 72.9 75.9 77.8 80.8 82.3 83.4 85.7 88.1
111.9 112.2 111.9 110.5 110.8 112.8 116.1 119 121.3 123.3 124.5 125.6 126.7 127.4 127.7 128.4 129.3 130.2 130.9 131.7 132.4 132.9 133.2 133.3 134.1 135.2 136.2 137.4 138.7 140 141.3 142.1 142.9 143.4 142.6 142.3 141.5 140.7 140 139 137.9 137 137.5 136.8 135.2 132.9 129.8 125.9 123 120.5 119.2 118.4 117.7 116.9 115.4 112.3 107.1 97.3 81.6 80.3 89.6 96.2 97.7 94.9 91.4 87.6 80.2 78.1 77.8 77 74.9 71.2 66 65 64.7 68.5 72.4 75.5 75.9 78.1 80.6 82.6
114.5 114.8 113.9 113.6 113.2 115 116.2 119 122.3 123.9 125.1 126.4 127.7 129.1 130.4 131.6 132.8 133.7 134.2 134.8 135.3 136 135.9 135.9 136.7 137 136.8 137.5 138.7 139.9 141 143 144 144.3 143.9 143.1 142.1 141.2 140.5 140 138.6 136.3 136 139.5 137.6 135 131.1 128 126.1 124.2 123.1 122.5 121.9 120.2 118 115.3 108.9 97.6 83.3 92.9 100.3 102 102.7 99.4 95.5 91.5 86.8 83.5 81.1 80.3 77.5 73.9 70.5 66.9 63.6 63.3 67.6 68.8 69.9 71.7 75 77.1
116.2 117.5 117 116.5 116.1 116.2 116.6 119.5 121.6 124 125.6 127.5 129.2 131.3 133.3 135.1 136.2 137.2 137.7 138.3 139.2 139.4 138.9 138.4 137.7 137.4 136.9 137.4 138.5 139.5 140.9 143.3 143.8 144 142.7 142.2 141.4 140.7 140.3 139.7 142 145.9 140.2 144 143.3 136.4 133.2 130.7 129.3 128.2 126.9 126 124.6 122.3 119.9 116.6 112.3 95.8 83.5 98.9 102.1 104.9 104.7 102.1 99.5 94.6 89.8 85.8 83.8 82.5 79.4 75.8 72.1 68.8 65.7 62.8 61.4 63.5 64.9 67.2 69.4 72.3
118 118.7 118.5 118 118 117.9 118.7 120.2 122.2 124.1 126.5 128.6 130.8 133.5 135.7 137.3 139.6 140.7 141.2 142 142.9 143.1 142.2 140.3 140.2 139.5 139.4 138.8 138.5 138.6 139.1 140.6 140.6 140.4 140.7 140 139.5 140 139.8 139.4 143.3 146.9 144 141.3 143.5 136.8 135.2 133.2 132 130.9 129.7 127.8 125.7 122.9 120.2 115.7 111.7 92.4 86.2 100.4 104 105.7 105.2 103.5 100.7 97.2 93 88.3 86.1 83.8 79.7 76.4 72.7 69.9 66.1 62.7 61.4 59.9 60.6 62.7 65 68
119.2 119.3 119.4 119.9 120.2 121.4 121.1 121.8 123.5 125 127.3 130.3 133.4 135.9 137.8 139.7 142 144.1 144.9 145.8 146.7 146.9 146 145.1 143.3 141.5 140.3 139 138.4 138.4 138.2 137.9 136.6 135.9 136.6 136.5 137.7 137.6 137.9 137.7 140.4 146.3 140 140.2 145.3 137.8 135.5 134.3 132.9 131.9 130.2 127.8 124.4 121.1 117.3 112.3 108.4 88.5 87.7 99.7 104.8 105.6 105.2 103.7 101 97.7 93.4 89.9 86.8 83.4 80 76.9 73.4 70.8 67.2 63.8 62 60.2 58.2 58.6 60.9 63.7
119.6 119.8 120.2 121.1 122.2 122.7 123.9 124.3 124.8 126.2 129.3 131.9 135.3 137.7 139.8 142.4 144.8 147 148.5 149.5 150.2 150.8 150.5 149.3 145.8 142.6 140.8 139.2 138.3 138 137.7 136.3 134.1 132.8 132.9 133.1 133.1 133.5 134.3 136.1 136.8 137.5 138.8 140.4 140.6 138.1 136.1 135.1 133.8 132.5 130.2 127.4 123.4 116.7 112 108.2 103.8 88.2 90.4 98 103.6 105.2 105.2 103.9 101.2 97.9 94.3 90.8 87.3 84.1 80.6 77.1 74.2 70.9 67.5 64.8 62.9 61 58.7 56.2 57.3 59.5
119.5 120.2 120.9 121.9 124.1 125.3 127.2 127.6 127 128.8 131.5 134 136.5 139.8 142.3 145 147.9 149.8 151.5 153.4 155.3 155.5 154.9 153.5 148.3 143.6 140.3 138.8 137.9 137.6 137.3 134.9 132.2 130.6 129.9 129.9 129.9 129.9 130.8 133.3 134.6 136.6 138.7 138.1 135.4 135.9 135.5 135.3 134.6 132.5 130.2 126.5 121.5 113.3 107.8 100.5 94.3 90.8 95.3 100.1 103.3 105.1 104.9 104.1 101.6 98.5 95.3 91.6 88.4 85.2 81.3 77.1 73.2 70.4 68.3 66 63.9 61.8 59.6 57.9 55.2 55.7
118.8 120.4 122 123.2 125.7 127 128.4 128.4 129.4 131.8 133.7 135.3 138.2 141.3 144.8 147.6 150.5 153.1 154.3 157.5 160.5 159.6 157.9 156.3 151.5 145.8 141 138.6 137.7 137.1 136.1 133.6 130.5 129.5 129 128.6 128 127.3 127.5 128.5 130.1 132.9 135.8 134 132.6 133.1 134.3 134.9 134.4 132.4 129.1 125.2 119.9 112.5 104.1 96.4 92.8 98.2 97.1 100.8 104 105.5 105.6 104.9 102.6 99.4 96.2 92 89.1 85.4 81.1 77.1 74.3 71.7 69.2 66.8 65.2 63.3 61.6 59.8 57.1 55.3
118.6 120.4 122.3 123.7 127.6 128.5 129.4 130.8 133.1 134.1 135.4 137.2 140 143.2 146.7 150 153.1 156.1 158.7 161.7 163.4 163.5 161.3 159.1 155.4 148.1 142 139.8 137.8 135.7 134 131.2 129.8 129 129.1 128.6 127 124.7 123.4 123.3 125.4 128.2 129.1 129 129.1 131 133 133.2 132.8 130.6 126.7 121.7 116.1 110.1 99.2 95.6 97.7 101.7 105.1 103 105.9 106.6 106.5 105.6 103.4 100.2 96.6 92.5 89 85.5 81.8 78.4 75.7 73.2 70.8 68.8 67 65.2 63.5 61.4 59.1 59.4
118.1 120.3 122.7 127.3 128.6 129.6 131.2 133.2 134.8 135.8 136.8 140.4 142.8 145.8 149.2 153.3 156.4 159 163 165.4 166.9 166.9 165.4 163.5 160.2 153.6 145.3 141.5 139 136.6 134.4 132.2 130 129.3 129.4 128.9 127.8 125.9 124.3 123.4 122.2 122.9 122.5 123 124.6 126.8 129.4 130 129.6 125.8 121.8 117.9 112.8 105.5 100.2 101.9 104.7 106.5 108 108.7 108.3 108.6 107.9 106.9 104.9 102 97.1 93.5 90.3 87.1 82.7 79.6 77 74.5 72.1 70.3 68.8 67.2 66 64.6 62.7 63.5
117.8 120.3 123.4 127.4 128.8 130.4 132.8 134.5 135.7 136.5 141.5 144.9 146.2 148.6 151.9 156 160 163.5 166.5 168.4 169.7 170.4 169.4 167.6 165 157.2 148 143.8 141.1 138.7 136.4 134.3 132.5 131.4 130.8 130.2 129.3 130 128.5 127.8 124.7 121 120.3 119.8 120 122.2 125.5 125.9 124.9 119.1 114.9 112.1 107.5 105 106.8 109.4 111.5 112.4 113.3 112 111.5 110.5 109.7 108.9 106.1 102.8 98.7 96.4 93.6 89.6 85.1 81.1 78.7 76 73.4 71.6 70.6 69.5 68.4 67.3 67.9 68
117.7 120.6 123.4 129.3 129.6 131.3 133.6 135.5 136.3 137 145.4 147.3 149.1 151.4 154.8 158.9 162.4 166.2 169.1 170.9 172.2 172.9 172.5 170.1 166.7 158.3 153.3 145.6 143.3 140.9 138.6 137.6 135.9 134.3 133.2 132.4 132.3 132.9 132.8 132.1 128.3 121.1 119.5 119 118.8 118.5 118.4 117.9 115.7 111.7 111.2 110.5 109.9 110.3 113 115.7 116.9 117.3 116.6 115 114 112.9 112 111.3 108.6 103.6 100.4 97.4 95 90.7 86.4 83.2 80.6 77.9 75.3 73.4 72.3 71.2 70.1 70 70.6 71
117.9 121 123.5 129.4 129.9 131.7 133.7 135.3 136.5 143.8 147.5 149.8 151.7 154.2 157.7 161.4 164.7 168.4 171.4 173.4 174.8 175.1 174.5 172 167.9 161 156.6 149.7 144.9 143 142.1 141.2 140.4 138.8 136.9 136.4 136.5 137.1 136.8 135 131.1 123.6 119.7 118.2 117.6 116.9 115.7 114.3 113.4 112.3 112.3 112.7 114.9 115.7 118.1 119.9 120.1 120.1 119.6 118 116 115.1 114.3 113.6 111 106.1 102.5 99.1 95.8 91.9 88.7 85.5 82.7 79.9 77.3 75.5 74.5 73.5 72.8 73 73.5 74.6
117.3 120.5 125.6 129.6 130 133.4 136.9 135.2 136 146.4 148.9 151.6 154.3 157.2 160.4 163.7 167 169.7 171.8 174.9 175.8 176.3 175.9 173.9 170.8 164.8 159.9 153.6 148.3 146.9 146.2 145.4 144.5 142.9 142.2 141.8 141.4 141.2 139.8 136.9 133.1 128.1 122.2 119.7 118.1 115.9 114.6 113.8 113.2 112.8 112.8 114.7 117.4 120.3 121.6 121.9 121.9 122.2 122 121 118.9 117.1 116.1 114.3 112 108.9 105.2 101.7 97.7 94.4 91.1 87.9 85.3 82.8 79.9 77.9 76.9 76 75.8 76.1 76.4 78.3
115 119.5 124.1 128.1 130.3 133.5 137.2 141.8 145.3 147.4 150.5 153.5 156.5 159 161.8 164.6 167.3 170 171.7 174.4 175.7 176.5 177.7 176.1 173 169.9 164.8 158.8 153.5 151.1 150.3 149.4 148.6 147.4 147.2 146.7 146.3 144.7 143.1 139.4 135.9 131.5 128.6 125.2 119.3 116.5 114.5 113.5 113 112.9 113.2 114.7 116.5 119.4 121.6 122.5 122.4 123.1 123.8 123.5 121.5 119.6 117.7 115.4 112.8 110.1 106.8 104 100.5 97.2 93.8 90.3 87.7 85.3 82.4 80.3 79.4 78.8 78.8 79.1 80 81.9
113.8 118.2 122.9 126.3 129.8 133.5 137.4 141.9 145.2 148 151.1 153.8 156.5 159.1 161.7 164 166.8 169.4 171.7 174.1 175.5 176.4 178.7 179 177.1 174.4 170.1 165.9 160.2 155.9 154.7 153.6 152.6 152.4 152.1 151.5 150.2 148.4 145.5 142 138.6 135.8 133.8 131.5 127.4 119.3 116.8 114.9 113.1 113.3 113.7 114.7 116.5 118.5 120.7 122.9 123.2 123.8 124.4 123.5 123.3 121.2 118.9 116.3 113.6 111 108.2 105.5 102.8 99.8 95.8 92 89.4 87.2 85.1 83 81.7 81.8 81.9 82 83.8 85.5
112.9 116.5 122.6 125.9 129.5 133.3 138.1 142.1 145.1 147.9 150.6 153.2 155.2 158.2 160.2 162.6 164.8 166.6 169.5 172.6 174.5 176.5 178.9 180.4 180.7 179.1 177.3 173.5 166.9 162 158.9 157.2 157 157 156.3 154.6 152.8 150.8 147.4 144.3 141.4 139 137.4 135.5 131.7 126.6 118.9 115.2 113.7 113.9 114.1 114.5 116 117.6 120 122.6 124.2 124.7 125.1 124 122.9 122 120.1 117.5 114.9 112 109.1 106.5 104 101.1 97.2 93.3 90.9 88.8 86.7 84.8 83.3 83.2 83.7 85.1 86.6 88.4
