data/SX06.asc
ncols 200
nrows 200
xllcorner 200000
yllcorner 60000
cellsize 50
[rows 108 to 143 of 200, columns 0 to 80 of 200]
123.3 124.9 126.9 129.4 130.7 130.1 130.1 129.8 127.1 125.7 123.8 120.7 115.6 110.4 105.4 99.6 94.3 91.4 92.2 94.6 100.9 104.5 107.6 110.3 113.3 115.5 116.5 118.4 121 123.6 125.5 128 129.8 131.6 133.5 135.5 137.7 140.1 141.2 142.3 142.5 142.3 142 141.8 140.9 140.1 140 139.9 139 138.8 139.1 139 139.3 139.5 139.3 138.5 138 136.2 133.7 129.3 125.4 121.3 117.1 111.6 104.6 97.4 91.9 85.9 79.9 73.1 68.1 63.2 63.9 66.2 78 87.1 96.1 104.6 110.2 114.1 117.6
125.4 126.7 128.6 129.3 129.2 128.4 127.2 125.7 123.9 122.2 120.4 117.1 113 108.9 104.5 97.9 93.3 91.7 93.5 96.3 99.5 102.4 107 109.4 111.8 113.9 115.6 118 120.4 123.3 126.2 128.4 130.1 131.6 133.6 135.6 137.8 139.9 140.5 141.1 142 142.8 142.5 142.4 142.3 142 142.3 142.6 141.8 142.1 142.4 142.7 142.8 142.7 141.8 140.9 139.4 137 134.5 130.3 125.3 121.2 116.7 111.6 104.5 97.9 91.7 84.8 78.6 72.5 67 64.8 65.5 74.1 85.7 97.1 103 108.7 112.9 116.7 119.1
128.5 129.5 128.7 128.5 128.3 126.6 124.2 121.5 119.3 118.5 116.5 114.2 111.5 107.5 103.5 97.4 93.7 92.6 94.6 98.9 101.8 104.4 107.2 109.1 111.1 112.8 115.4 117.8 120.1 122.4 125.6 128.1 130.1 131.5 132.9 135.1 136.6 137.8 138.9 139.9 140.8 141.7 142.6 143.4 143.8 144.1 144.4 144.6 144.4 144.7 145 145.1 145.5 145.3 144.4 143 140.4 137.9 135.2 131 125.9 121 116.2 111 104.5 98.8 92.9 87 80.6 73.6 68.6 66.2 67.1 79.9 90.1 98.8 104.7 110.6 114.3 117.5 119.5
132 131.5 129.9 128.8 127.2 124.3 121.2 118 116.7 115 113.7 111.2 108.6 106 102.7 97.6 93.8 94.1 96 100.5 104 106.3 108 109.1 110.2 112.5 115.1 117.5 119.8 121.8 125 127.2 128.9 130.5 132.1 133.6 134.8 136 137.5 139.5 140.6 141.6 142.8 143.6 144.5 145.8 146.1 146.3 146.5 146.3 146.7 147.3 147.7 147 146.2 144.5 141.9 138.7 134.6 131.1 126.4 121.1 115.3 109.7 104.6 99 93.8 89 82.4 76.1 70.3 68 67.1 76.7 85 92 99.3 105.2 109.6 111.3 113.5
133 131.4 129.9 128.3 125.9 123.3 120 116.3 114.4 112.2 110.5 108.5 106.1 103.5 99.8 96 94 95.5 97.8 99 101.3 104.6 107.2 109 110.3 112.2 114.7 117.3 119.5 121.4 124 125.6 127.1 128.6 130 131.7 133.1 134.4 136.5 138.6 140.2 141.3 142.3 143.5 144.9 146.2 147.4 147.7 148.3 148.4 148.8 149.4 149.6 148.7 148.1 146 143 139.8 135.6 131.1 126.8 120.9 114.8 109.7 105.4 100.8 95.4 90.3 84 79.9 75.7 71.2 70.4 70.6 81.2 86.7 91.3 96.7 101 103.1 106.5
132.3 130.7 128.7 126.7 124.3 121.5 117.8 114.5 111.8 109.6 107.4 105.6 103.4 100.5 96 94.1 95 96.7 98.2 99.1 101.4 103.6 105.8 107.8 110.1 111.9 113.8 116.2 118 119.9 121.7 123.3 125 126.5 128 129.8 131.3 133.4 135.5 137.6 139.3 140.9 142.6 144.3 145.5 146.7 148.2 149.5 151.1 151.4 152 153 153.2 152.3 151 148.2 144.5 140.7 136.9 132.5 128.2 121.9 115.4 110.7 106.5 101.9 96.3 90.6 86 81.6 77 73.7 71.8 69.6 76.5 82.2 86.4 89.6 93.9 96.5 99.9
130 128.4 126.5 124.9 121.5 118.6 116 112.8 110.3 107.3 105 102.6 100.5 98.6 95 94.9 96.2 98.4 99.5 100.7 101.9 103.3 104.6 106.7 109.2 110.7 112.6 114.9 116.6 118.5 120.2 121.7 122.8 124.4 126.1 128.6 131.5 134 135.8 137.6 139.4 141.1 143.4 145.3 146.5 148.9 152 154.5 156.3 157.6 158.6 158.7 157.9 156.1 153.5 150.7 147.7 143.6 139 135.1 129 122.7 117.3 111.8 107.4 102.7 97.6 92.1 86.6 82.2 77.7 75.3 73.8 71.8 69.6 76.6 81.9 82.6 84 89.1 92
127.2 125.1 123.1 120.9 119.2 116.8 114.1 111.2 108.7 106.1 102.8 100.7 98.3 95.9 95.6 96.7 98.7 101.7 102.1 102.8 104.1 105.3 106 107.4 108.4 109.8 111.6 113.6 115.2 117 118.7 120.3 121.6 123.5 126.1 128.8 131.6 134.4 137.1 139 140.9 142.8 145 147.3 149.5 151.8 155.7 159.3 161.3 162.9 164.1 163.6 162.5 160.3 156.6 152.8 149.7 146.1 142.5 136.5 128.6 123.2 117.8 112.2 107.5 102.8 97.5 92.1 87.2 82.6 78.5 77 75.9 74.2 72.5 71.3 76.5 77.9 81.2 83.6 86.1
124.4 121.9 119.9 118.2 116.6 114.6 112.3 109.6 107 104.5 101.8 99.1 96.1 96 97.3 99 102.4 105 105.9 105.9 105.4 106.1 106.6 107.5 108.8 110 111.7 112.7 114 115.6 117.2 118.9 121.6 124.2 126.6 129.2 132.6 136.1 139.5 142.5 146 148.7 150.9 153.5 155 156.7 160.2 163.3 165 166 166.9 166.5 164.2 161.7 157.6 152.7 148.4 144.4 138.9 133.8 129.2 123.8 118.4 112.5 107.1 102.4 97.3 92.4 87.6 83.9 82 81.4 80.8 77.9 74.7 72.1 74.6 77.6 78.8 79.4 81
121.8 119.2 116.8 115.6 113.9 112 110.1 108 105.5 102.9 100 97.6 96.7 97.6 99.8 102.8 106 107.9 110.2 110 108.4 108.3 109.3 110.7 112.1 111.9 112.8 114 115.2 117 118.5 119.8 123.1 125.8 129 133 136.9 140.3 142.8 145.3 149.5 153.5 155.9 158.1 159.6 161.5 163.7 164.6 165.4 166.7 167.3 167.1 164.5 161.8 157.7 153 148.1 143.3 138.5 134.1 129.4 124.6 117.4 111.8 106 101 97 93.1 90.9 89.8 88.4 87.8 88.7 87.8 83.6 75.1 75.6 80 81.3 82.6 82.9
119.1 116.5 113.8 112.5 111.3 109 106.6 105.5 103.8 101.4 99.4 98.6 98.3 98.7 100.8 104.1 107.7 110 112.8 114.1 113.2 113 113.9 115 116.8 116.9 116.6 117.9 119.1 120.5 121.7 123 125 128.8 132.9 136.8 140.6 144 146.2 148.5 151.8 155.7 158.1 160.4 162.4 163.7 164.7 165.2 165.8 166.8 166.7 166.3 164.1 161.5 157.4 153 148.4 143.3 138.9 133.3 127.9 122 115.5 110.1 105.8 102.6 98.6 96.9 95.9 94.8 94.8 94 95.1 94.2 90.8 76 78.7 82.5 84.4 86.2 89.1
116.4 113.8 111.1 109.2 108.1 106 104.5 103.6 102 100.2 99.5 99.1 99.4 99.2 99.2 103.1 106.7 111.3 114.1 116.5 117.5 117.2 117.6 118.6 119.6 120 120.1 121.3 122.1 123.6 125.5 127.1 128.5 131.3 135.8 139.4 143 146.4 149.2 151.7 154.3 157 159.3 162 163.5 164.3 165 165.6 166 166 165.8 165.1 164.1 161.8 158 153.7 149.5 144 139.4 135.6 130.6 125.5 120.6 117.2 112.8 107.8 104.6 102.4 101.4 101.8 101.1 98.8 98.2 96.7 87.7 78.3 81.9 85.7 87.8 89.4 91.8
113.7 111.2 108.6 106.5 105.9 104.3 104.1 102.7 101.6 100.8 100.1 99.7 99.7 100 100.2 102.1 105.2 109.1 113.1 115.5 116.5 117.1 118.7 119.5 120.6 121.2 122.7 123.7 125 126.5 128 130 131.9 134.9 138.2 141.9 145 148 150.7 153.3 155.9 158.4 160.9 162.4 163.4 164.4 164.8 164.8 164.9 165.1 165 164.6 164.1 163.1 159.8 155.6 151.4 146.7 142.3 137.9 133.3 129.3 127.6 125.2 122.2 116.7 112.1 109.6 109.1 108.2 106.8 102.7 99.4 91.8 83.3 81.1 84.2 89.2 91.3 92.7 94.6
110.5 108.3 107.8 107 105.7 104.9 103.8 103.3 101.8 100.9 100.3 100.2 101.5 101.4 101.2 100.6 103.2 106.9 110.8 114.2 115.3 117 118.5 119.4 120.5 121.3 123.3 125.2 128.1 129.5 130.9 132.4 134.9 137.7 140.7 143.7 146.4 148.9 151.7 154.3 156.8 158.8 160.9 162 162.8 163.2 163.6 163.7 163.8 164 164.2 163.9 163.7 162.8 160.9 157.4 153.2 148.7 145.9 142 137.1 134.3 134.7 133.7 131 125.6 121 118.3 116.7 114.9 112.8 107.8 100 91.3 82.7 82.3 85.8 92.2 94.7 96.1 97.5
109.9 110.1 110.8 110.7 110.5 109.4 107.3 106.1 104 101.7 101 101 101 101.1 101.3 101.5 101.2 104.6 108.5 111.9 114.2 115.4 116.5 118.1 120.2 121.3 123.9 126.1 128.2 130.6 132.9 135 137.3 139.8 142.3 144.6 146.5 149.2 151.9 154 156 158.2 160 160.7 161.3 161.8 162.4 162.6 162.7 162.8 163 163.3 162.7 161.7 160.1 158.1 154.4 152.1 149.7 145.4 141.9 140.5 140.4 139.5 136.3 133.1 129.2 126.8 125.6 122.7 118.7 112 102.9 91.6 83.9 83.4 86.2 94.3 97.2 99.2 100.7
113.6 113 112.6 112.6 112.5 111.8 111 108.7 106.2 103.1 102 101.8 101.7 101.7 102.4 102.3 101.6 102.9 106.1 109.8 111.6 112.9 114.2 116.2 118.4 120.7 122.7 125.2 127.6 129.9 132.7 134.5 136.3 139.2 141.4 143.9 146.4 148.9 151.1 153.1 154.8 156.4 158.2 158.9 159.5 159.8 160.1 160.8 160.9 161 161.6 161.7 161 160.3 159.2 157.7 155.3 153.4 151.5 149.4 146.9 145.4 144.5 142.7 140.7 138.3 136.2 133.8 131.7 128.5 125.1 118 106.4 93.5 86.2 85.7 86.9 97.4 100.1 101.3 103.1
114.8 114.8 114.3 114.1 113.2 112.8 112.4 109.4 107 104 102.5 102.2 102.3 102.9 102.8 102.4 102.4 102.4 103 106.4 108.4 109.8 111.4 113.3 115.2 117.5 120.4 123.3 126 129.1 131.6 133.5 135.3 138 140.6 143.1 145.4 147.8 149.8 151.5 153.2 154.7 156 156.3 156.5 157.4 157.8 158.7 159.3 159.9 160.5 159.8 159.2 158.9 158.7 157 155 153.5 152.2 150.8 148.7 147.5 146.1 144.7 143.4 142 140.2 138.2 136.6 133.7 129.5 123.7 111.5 97.9 90.4 86 88.7 96.4 103 105.1 107.2
116.8 116.9 116.2 115.4 113.5 112.5 110.9 108.8 106.6 104.4 103.2 103.3 103.9 104.5 104.6 104.2 103.2 102.9 102.9 103.2 105.4 106.6 108.9 110.7 112.5 114.8 117.7 120.8 123.9 127.4 129.6 131.7 133.9 136.2 138.3 140.5 142.8 145.1 147.3 149.5 150.9 152 153.1 153.2 153.5 154.3 155.6 156.9 158.1 158.9 158.6 158.1 157.7 157.6 157.4 156.8 155.4 154.1 152.7 151.3 150.1 148.9 147.5 146.2 145 143.8 142.2 141.2 139.4 135.8 132.1 123.3 112.9 104.6 94.2 86.8 88.6 94.6 104.5 109 111.1
120.3 119.9 118.1 116 113.5 111.4 109.9 108.5 106.9 104.3 103.6 104 104.9 105.4 105 104.9 104.4 103.8 104.7 104.6 104.2 103.8 105.9 108.2 110.7 113.1 115.6 118.3 121.3 124.3 126.5 128.7 130.9 133.4 135.9 138.2 141 143.6 145.3 147.1 147.8 148.4 149.5 150 150.3 152 153.9 155.4 156.5 157.5 157.1 156.6 156.5 156.4 156.4 156 154.7 153.5 152.2 151 149.8 149.1 147.7 146.7 145.8 145 143.7 142.4 140.2 137.4 132.2 128 118.7 109.8 99.9 90.9 88.6 95.3 107.1 111.8 114.6
121.5 120.5 119.2 116.8 114.4 111.9 109.9 108.3 106.7 105.1 104.4 105.4 106.4 107.3 106.7 106.5 105.7 105 105.4 105.5 105.1 104.6 104.3 106.7 109.2 111.6 113.3 116 119.3 121.7 123.6 125.7 127.9 130.3 134.2 137 140 142.1 143.9 144.7 145 145.4 146 146.7 148 150 152 153.6 154.4 155.2 155.5 155.4 155.3 155.2 155.1 155 154.1 153.1 152 150.8 149.6 148.5 147.3 145.7 143.9 143.8 144.4 143.1 140.5 137.9 135.5 131.6 126 115.7 106.4 97.9 91.3 92.8 104.4 112.5 117.9
122 121.1 120 117.7 115.2 112.8 110.5 108.7 107.1 106.2 106.1 107.2 108.4 109.8 109.6 109.9 109.2 108.6 107.9 107.4 106.1 105.8 105 107.5 109.4 110.1 111.6 114.1 117.1 119.4 121.5 123.3 126 129.9 133.5 136.3 138.6 140.4 142.1 142.6 142.8 143.1 143.5 144.1 146.2 148.2 150.2 151.9 152.7 153.5 154.2 154 153.9 153.8 154 153.8 153.2 152.2 151.1 150.1 149 147.5 145.8 144.3 141.7 142 142.7 143.4 141.8 140.1 138.7 136.1 131.5 122.5 111.8 101 93 93.9 103 113.3 119.5
122.6 122 120.4 118.1 115.8 113.6 111.3 109.1 107.7 107.5 107.8 109.2 110.5 111.7 112.7 112.9 112.8 112.7 112.6 112.7 111.3 108.5 106.3 107.5 108.4 108.9 110.7 112.5 114.8 117 119.1 121.4 124.7 127.9 131.4 133.9 136.4 138.5 140 140.5 140.6 140.6 140.5 142.4 144.5 146.5 148.6 150.3 151.3 152.3 152.9 152.7 153 153.2 152.9 151.9 152.1 151.3 150.2 149 147.3 145.8 143.8 141.9 140.2 140.9 141.8 142.6 142 141.5 140.6 140.1 134.9 128.7 118.6 106.7 94.7 96.2 106.5 118.2 123.6
123.9 122.6 120.8 118.6 116.3 113.9 111.8 109.7 108.9 108.6 109.3 110.8 112.2 113.6 115.5 115.6 116.2 116.3 117.1 117.4 115.7 112.6 108.9 107.3 107.4 107.8 109.7 111.5 113.1 115.2 117.5 119.8 122.4 125.7 129.1 131.3 133.9 136.4 137.7 138.1 137.9 138.6 138.7 140.8 143.2 145.3 147.3 148.8 150.1 151.1 151.6 151.9 151.9 151.7 151.3 150.3 150.5 150.3 148.9 147.3 145.6 143.9 141.9 139.8 139.1 139.5 139.9 140.3 140.2 140.3 140.6 139.9 136.6 130.7 120.1 103.7 95.7 99.7 110 121 126.3
124.5 123.2 121.3 119 116.6 114.2 112.1 110.6 110 109.6 110.8 112.3 113.7 115.7 117.4 118.3 118.6 119.1 120 119.4 118.4 114.9 110.1 108 107.4 108 109.7 111.1 112.4 114.1 116.4 118.2 120.7 123.5 126.8 128.9 131 133.2 134.4 134.5 135 135.8 136.9 139.5 141.6 144 145.9 147.2 148.5 149.8 150.4 150.2 150.2 150 149.7 148.9 148.7 148.8 147.2 145.6 143.9 141.9 139.3 136.3 134.2 134.3 134.7 136.3 136.9 137.5 138.5 137.8 134.8 129.3 115.1 100.6 97.7 109.4 117.6 125.7 127.6
125.7 123.8 121.7 119.3 116.9 114.5 112.5 111.5 111.1 110.8 112.3 113.8 115.7 117.9 120.1 121.2 122 122.4 121.7 121 119.4 115.9 112 109.1 108.4 109.1 110.4 111.5 112.7 114 115.7 117.3 119 121.6 124.5 126.5 128.1 129.4 131.4 132.2 133.1 134.5 136.8 139.2 141.2 143.3 144.7 146 147.3 148.4 148.5 148.5 148.4 148.4 148 147.4 147.2 147.5 145.5 143.1 140.9 137.9 135.3 133.3 130.7 129.1 130 132.2 132.4 135.2 136.2 135 132.2 126.3 106.1 100.6 102.4 123.9 124.8 127.9 130.4
127 124.9 122.6 119.6 117.2 114.8 113.3 113 112.8 112.3 113.8 115.2 117.9 121 125.3 125.3 124.9 124.6 123.8 122.7 119.2 116.7 113.7 110.4 110.1 110.3 111.3 111.2 112.7 114.1 115.4 116.7 118 120.1 122.6 123.7 125.2 127.4 128.9 130.8 134 136 137.6 138.8 140.9 142.7 144.3 145.1 145.8 146.3 146.9 146.8 146.7 146.6 146.4 146 145.8 145.8 144.8 142.4 139.4 136.2 134.6 131.4 129.1 126.5 124.7 126.1 128.6 131.4 133.7 131.4 127.2 120.9 107.5 102.7 115 125 124.8 120.6 122.6
128.2 126.2 124.1 122 119 115.8 114.7 114.5 114.3 114.1 115.2 116.7 119.9 124 127 127.1 126.4 126 125.2 122.6 119.4 116.8 114.2 112.8 112.4 112 111.7 111.6 112.1 113.6 115 116.3 117.8 119.5 121.6 123.4 126.3 127.4 130.1 133.4 135.6 136.8 137.9 139 140.4 142.1 143.7 144.1 144.2 144.4 145 145.1 145 144.9 144.8 144.9 145.2 145.4 144.7 142.4 139.4 139.1 136.5 133 129.6 127 124.3 122.1 125 128.4 130.5 128.1 122 109.2 105.5 106.6 114.4 116.3 123.2 130.2 132.6
128.9 127 125 122.7 120.2 117.4 116 115.7 115.5 115.4 116.4 118.5 122.1 125.2 127.3 128.6 129 127.7 125.4 122 119.5 117 114.4 113.2 112.7 112.2 111.9 111.7 111.7 113 114.6 116.1 117.6 119.2 122 124.5 127.5 129.6 132 134.7 135.9 137.1 138.2 139.1 139.3 140.9 142.5 142.9 143 143.1 143.2 143.5 143.4 143.6 144 144.3 144.6 144.8 144.6 142.6 140.6 139.2 137.4 134.1 130.8 127.6 124.8 122 119.1 123.8 119.5 111.8 110 111.3 113.4 110.7 115 122.4 126.8 127.4 130.8
129.4 127.3 125 122.8 120.3 118.2 117.2 116.9 116.8 116.7 117.7 120.8 123.2 125.6 127.7 129.2 129.3 128.3 125.1 122.1 119.6 117.1 114.6 113.5 113 112.5 112 112 112.9 114.1 114.9 116 117.4 119 121.6 125.3 128.2 130.8 132.9 135.2 136.2 137.4 138.4 138.4 138.4 139.7 141.3 141.5 141.9 142 142 142.1 142.5 142.9 143.2 143.6 143.9 144.2 144.5 142.7 140.8 139.2 136.9 133.2 128.6 127.1 123.7 119.5 117.8 113.4 115 114 113.5 119.7 115.7 105.5 106.7 115.2 118.5 122.6 126
129 126.8 124.8 122.8 120.6 119.4 118.1 118.4 118.2 118 118.9 121.2 123.7 125.9 128.2 129.6 129.6 126.7 124.5 122.2 119.7 117.2 114.8 114 113.3 112.8 112.1 112.3 113.1 114.2 115.6 117 117.8 119.4 121.3 124.5 127.5 130.1 132.9 135.3 136.5 137.5 137.7 137.6 137.6 138.5 140 140.2 140.5 140.8 140.9 141.1 141.6 142 142.5 142.8 143.1 142.9 142.8 141.2 139.6 135.9 133.5 130.7 128.1 125.4 123.7 120.3 118.2 116.7 116.8 124.5 127.3 123 116.5 109.6 108.8 111 116.1 118.5 123.3
129.2 126.4 124.6 122.9 122 121.1 119.9 119.9 119.6 119.5 120.2 122 124.4 126.7 129.2 129.6 130 127 124.4 122.2 119.6 117.3 115.7 114.8 113.9 113.3 114.8 115.1 114.7 115.5 116.6 118.1 118.6 119.8 121.6 123.4 126.7 129.3 131.8 134.3 135.7 136.6 136.8 136.9 136.8 137.4 138.7 138.9 139.2 139.5 139.8 140.2 140.8 141.3 141.8 142.6 142.2 141.7 141.3 140 138.6 136.6 134.4 131.5 129 122.9 121.9 120.9 121.8 126.7 129.5 131.5 129.8 125.8 121.4 113.9 110.1 113.5 117.4 120.7 124.7
130 127.6 125.5 124.2 123.4 122.5 122.2 121.7 121.4 121 121.8 123.7 126.5 128.4 130.2 131 130.4 128 125.4 122.7 119.3 117.8 116.9 115.9 115.1 114.7 115.6 116.2 116.7 117.4 117.9 119 119.6 120.7 122.4 124.2 126.7 128.7 130.7 132.6 134.7 135.8 136 136 136.1 136.2 137.4 137.5 137.8 138.2 138.8 139.7 140.3 140.9 141.5 142.4 142.5 142.1 141.5 139.6 138.5 129.4 126.9 125.5 124.7 126.2 129 131.1 130.5 131.7 134.2 133.9 131.5 127.4 122.4 117.1 112.8 113.5 119.1 122.3 126.6
131.3 129 127.3 127 125.9 125.4 125.6 125.5 124.1 124 125.3 126.7 128.6 131 131.8 132.5 132.7 129.7 127.1 123.8 120.1 119.5 118.4 117.3 116.3 115.5 117.4 119.4 120.2 121.1 121.3 121.3 122.7 123.5 124.3 125.8 127.3 128.9 131.1 132.4 133.6 134.8 135.1 135.1 135.3 135.4 136.1 136.2 136.5 136.9 138 139.2 139.9 140.5 141.4 142.2 142.7 139 138.4 131.2 129.9 129.9 128.7 132.9 135.8 135.9 135.2 135.1 134.9 136 138.1 137.2 133.3 128.6 123.2 118.4 113.4 115.4 119.7 122.7 125.8
133.9 131.6 130.5 130.6 129.6 131 131 130.3 129.1 128.8 128.9 130.1 131.6 133.4 133.7 134.2 134.4 131.6 128.6 125.2 122.1 121.8 119.4 118.1 117.1 116.3 118.8 121.3 124.1 124.8 124.9 124.6 125.5 126.3 127.1 127.9 129.2 129.7 131.5 132.7 133.8 134.6 134.4 134.1 134.2 134.7 135.5 135.4 135.4 135.8 137.2 138.5 139.1 137.5 136.1 136 135.3 134 133.6 134.9 135.9 138.4 138.5 138 138.9 139.2 138.7 138.4 138.5 139.1 139.5 137.2 134.4 130.7 125.3 120.6 115.8 117.5 120.8 124 126.9
136.3 134.6 134.5 133.1 133.5 136.5 136.7 135.8 135.6 134 133.5 133.8 134.2 135.9 135.6 135.6 135.3 133.1 130.2 126.9 124.5 123.4 121.8 119.4 117.9 117.2 119.6 123.2 125.1 126.5 127 127.2 127.5 128.3 129.2 130.1 130.9 131.6 132.2 133.5 134.7 134.6 135.5 134.3 133.7 134.2 134.8 135.2 135.8 136.6 137.7 137.9 137.5 137.8 138.4 140.3 142.3 142.4 142.5 142.5 141.9 138.4 141.5 141.8 142.9 143 142.1 141.7 141.6 141.1 139.5 138 135.9 133.8 129 123.7 119.1 119.7 123.1 126 129.2
139.1 138 137.8 137.4 137.9 139.5 140.4 141 140 138.2 136.4 137 137.7 137.8 137.5 137 136.2 134.6 131.6 128.5 127 125.8 124.3 121.7 119.4 118.9 120.5 123.2 125.1 127.6 129.3 129.6 129.9 130.2 130.8 131.7 131.8 134.9 133.9 134.4 134.1 133.9 133.7 133.3 133.8 134.4 134.7 134.5 135.3 136.3 137.2 137.8 138.9 140.5 141.6 142.5 143.5 143.6 143.5 144 143.8 145 141.1 146.2 146.7 147.2 146.1 144.8 143.6 142.6 141.2 140 138.4 136.6 132.7 126.6 120.8 122.4 126.1 129 131.9
