data/SX27.asc
ncols 200
nrows 200
xllcorner 220000
yllcorner 70000
cellsize 50
[rows 140 to 174 of 200, columns 78 to 155 of 200]
267 270.6 274 277.3 280 282.3 285.7 289.2 292.6 295.8 299.9 303.7 307.8 310.4 309.3 304.9 298 291.4 287.3 287.1 287.3 287.2 287.1 286.9 287.7 288.5 290 291.6 293.2 294.7 297.2 301.5 305.6 308.9 313.4 316 315.5 314.7 311.8 305.1 295.7 285.6 277 268.3 258.4 250.2 244.8 238.8 231.7 224.4 217.3 209 202.7 196.7 192.6 188.2 184.3 180.4 175.3 170.3 167 166.2 160.4 155.2 153 156 162.5 166.6 166.2 164.4 158 154 148.3 144.8 143 143.2 146 147.2
264.3 268.2 271.4 274.7 277.8 281.5 285.7 289.6 293.4 297.3 302.1 307.9 314.5 318.8 317.9 312.5 304 296 289.2 288.5 287.9 287.6 287.7 288 288.1 288.6 290.1 291.6 293.2 295.8 299 303.7 308.4 313.7 319.1 324.3 330.3 329.1 323.2 315.3 303.8 292.8 283.8 275 267.4 260.9 254.5 248.6 242.1 235.5 228.3 218.6 210.8 203.8 198.6 194.2 187.8 182.7 177.6 173.3 169.2 165.3 161 157.6 162.1 163.6 168.6 173.2 174 173.3 172.5 169.2 163.8 158.5 156.4 154.2 155.9 156.6
261.3 265.4 269.5 272.9 276.9 281.2 285.5 290.5 294.3 298.9 305.7 313.5 322.5 325.6 323.9 318.4 309.9 300.7 293.3 288.5 287.7 288.1 288.6 289.1 289.3 289.2 290.3 291.7 294.4 297.1 301.2 306 311.5 317.7 323.9 331.5 339.4 342 336.1 326.6 315.3 303.3 292.5 283.6 275.8 269.8 262.7 257.3 252 246 237.7 228.8 219.6 211.7 205 198.8 191.4 184.8 179 173 167.5 163 165.7 170.5 171.5 170.5 171.8 177.1 179.8 181.4 180.2 176.7 173 169.5 165.8 162.7 164.9 164.9
258.8 263.2 267.8 272.1 276.2 281.8 287.3 292.5 296.6 304.5 313.4 324 331.4 332 329.1 323.3 314.9 304.6 296.9 289.1 288.7 289 290.1 290.2 290.1 290.2 290.7 292.6 295.2 298.7 303.5 308.4 313.9 320.1 326.8 336.2 350 355.1 351.3 339 325.3 312.4 301.4 292.3 283.3 276.7 270.4 264.4 258.5 252.4 243.7 234.9 225.9 216.7 208.8 201.8 194.7 186.4 179.4 170.9 169.1 170.9 175.4 178.1 178.1 176.9 176.6 180.5 184.8 189 186.5 182.4 178.4 175.4 172.1 168.8 170.2 169.4
257.8 262.5 267.1 272.4 278.2 284.3 289.3 294.5 302.1 310.4 319.4 328.6 332.9 333.8 331.9 327.7 318.5 308.4 300.6 291.6 289.8 289.4 290.1 290.7 290.9 291 291.7 293.3 295.9 300.4 305.8 310.9 316.2 323.3 331.1 346.9 361.4 363.1 358.2 346.1 332.6 318.5 306.5 297.1 288.3 282.3 276.1 270.8 264 257 247.7 237.5 226.5 218 210.7 203.7 196 188.2 179.7 177.9 177.2 179 182.7 184.7 184.4 181.9 181 183.1 187.1 191.3 190.3 187.8 183.8 180 177.2 174.7 173.6 172.6
257.1 262 267.3 273.3 279.6 286.2 292.3 299 306.4 315 322.5 328.1 331.7 333.4 332.4 329 321.1 313.1 305 294.8 290.5 290.1 290.5 291 291.4 292 292.8 294 297.4 302.5 307.9 313.5 319.1 326 337.3 352.9 362.2 366.9 361 350.7 337.4 321.4 309.4 300 292.6 286.4 281 274.8 267.6 260.5 250.8 238.9 226.5 217.2 209.9 203.7 195 187 184.9 184.8 184.2 185.4 188.1 189.5 188.8 187.3 185.8 186.8 189 191.5 191.5 188.8 185.8 182.7 179.6 176.8 175.6 173.1
256.4 262.9 268.3 275.4 282.6 289.2 296.3 302.7 310.1 317.6 322.7 327.3 330.2 331.9 331.8 329.1 324.1 316.6 309.2 300.3 291.9 291.1 290.7 291.4 292.1 293.2 294.3 295.4 299.2 304.6 310 315.5 321.8 330.2 340.3 352.6 362.3 366.9 363.7 353.2 338.7 322.7 310.4 301.9 296.1 290.4 283.8 277.4 270 261.5 251.4 237.6 225.1 215 208 201.3 197.8 195.3 193.4 192.2 191.2 191.6 192.6 193.3 193.5 191.6 190.9 190.7 191 191.5 192.4 190.7 188.4 185 181.6 179 176.3 173.7
256.9 263.3 270.5 278.2 285.7 292.5 298.7 305 311.8 316.3 320.3 324.8 327.9 329.8 330.9 329.7 326.5 321 314.4 306.3 298.7 292.3 292.3 291.8 292.9 293.7 294.7 296.9 301.1 305.9 310.8 316.7 322.8 330.6 340.9 351.7 362.1 368.5 366.1 354.6 340.3 323.6 311.5 304.1 298.2 291.9 285.1 277.7 269.4 260.2 248.8 234.4 220.2 212.7 210.7 207 204.9 202.3 199 198.2 197.1 197.2 197.9 197.2 196.3 195.4 195.4 195.5 195.2 195 194.9 193 191.2 187.8 184.1 180.6 177.5 174.6
258.4 265.2 272.9 280.5 287.4 294.1 300.3 305.9 310.4 314.4 318.4 322.4 325.3 327.1 328.8 329.4 328 325 319.6 312 305.3 297.7 293.2 293 294.3 294.6 295.2 298.4 297.1 306.5 311.7 317.9 323.4 330.2 339.6 350.3 363 371 367.2 355.7 339.7 323.5 313.1 305.6 299.4 291.5 284.1 276.3 268.1 258.1 245.6 230.2 222.5 220.1 217.2 215 212.4 209 205.9 204.1 203.4 203.8 202.6 201.7 200.9 199.9 200.5 200.5 199.9 199 197.6 195.7 193.9 190.4 186.7 183.1 179.9 177
260.5 267.6 274.7 282.4 289 295.3 299.9 304.7 309.1 313.1 316.8 319.5 321.8 323.9 325.9 328.9 330 329.1 324.9 318.7 310.6 302.7 294.3 294.6 294.8 295.1 295.6 298.9 302.2 307 312.5 318 323.9 329.6 336.7 348.6 365 376.3 372.2 355.9 337.5 322 312.7 305.7 298.5 290.9 283.1 275 266.5 256.7 244.7 228.7 227.9 228.9 229.4 227.3 222.8 219.6 217.1 214.9 213.7 210.5 208.8 206.6 205.5 204.6 205.6 205.7 205.2 203.7 202.1 199.9 197.4 194.6 191 187.3 183.7 180.5
263.4 270.3 277.4 284.3 289.7 295.2 299.6 303.8 307.4 310.8 313.4 316.1 318.4 320.4 323.5 327.1 329.9 331.1 329.2 323.9 316.1 307.6 299.3 295.1 295.1 295.1 296.5 299.6 303.5 303.5 312.9 318.1 323.2 329.1 335.4 344.8 364.5 376 373.8 356.1 336.2 326.4 311.6 304.8 297.6 290.1 282.4 273.3 264.7 255.4 243 235.1 235.8 237.8 238.7 237.3 233.5 230.6 229.5 227.9 224.9 221.1 217.7 214.9 211.8 210.3 210.4 210.4 209.6 208.2 205.9 203.4 200.8 198.2 195.1 191.6 188 184.2
266.4 272.5 278.5 284.5 289.7 294.4 298.5 301.8 304.8 307.3 310 312.6 314.9 317.9 321.5 324.5 328.8 331.4 331.5 327.4 324.6 311.6 303.6 296.8 296 296 297.4 300.5 303.8 307 312.1 317.8 322.5 328.4 334.6 343.5 356.9 369.8 369 335.7 337.4 333.8 318.5 307 296.9 289.4 281.2 272.1 262.8 254.3 242 239.5 241.2 244 245.8 244.9 243.1 242.9 242.6 240.1 237.4 234.2 230.2 225.5 221.2 217.8 216.6 215.1 213.7 211.4 209.2 206.7 203.8 200.9 198.2 194.8 191.2 187.6
268.8 273.9 279.3 284.1 289 293.1 296.4 299.7 301.8 304.2 306.7 309.2 311.9 315 318 321.6 326.7 330.6 333.3 320.5 323 322 309.1 301.3 297 297.8 298.8 301.4 304.1 309 311.1 316.9 321.6 327.5 333.3 339.2 352.5 351.3 335.2 333.4 337.6 333.7 326.8 309.1 296.6 288.4 281.5 271.3 263 253.6 242.7 242.2 246.1 249.8 252.1 251.5 251.2 252.2 253.3 250.9 249.7 246.3 242 237.6 232.7 226.9 221.8 218.5 215.8 213.8 211.5 208.5 205.6 202.7 199.6 196.5 193.3 189.1
269.4 273.7 278.4 283 287.4 291.6 294.4 297.3 298.9 301 303.6 306.1 308.8 311.6 315 318.7 322.7 328.5 331.6 332.1 318.5 320.2 312.2 305 299 298.4 299.2 301.5 304.4 307 308.1 316.4 320.8 325.3 331 336 343.1 350.7 339 332.2 334.2 328.2 325.1 316.5 299.5 291.5 283.4 274.3 265.2 254 245.7 247.2 251.2 254.8 256.9 257.7 257.7 259.3 259.4 258.7 255.3 251.6 246.9 242.1 236.3 231 225 220.5 216.8 214.5 211.2 208.7 205.7 203 199.4 196.2 192.5 189.1
268.5 272.7 276.6 281 285.5 289.4 292.4 294.4 296 297.9 300.4 303 305.7 308.8 312.3 315.9 319.8 325.1 328.4 329.5 327.9 323.1 316.1 309 302.6 301 299.5 301.2 303.9 307.4 310.4 315.5 319.9 324 328.7 334.2 339 344.2 346.5 344.8 338.3 329.5 320.7 311.7 303 294.6 285.3 276.2 267.3 257.9 250.5 248.9 253 257 259 262.5 261.4 262.6 264.1 260.9 257.2 252.5 247.3 242.2 237.1 231.3 225.8 220.9 217.3 213.6 209.8 206.3 203.7 200.5 196.8 193.3 189.9 185.1
267.4 271.8 275.7 279.5 283.7 287.2 290.1 291.5 293.1 294.8 297.3 299.8 302.7 306.3 309.7 313.2 317.2 321.9 325.6 328.1 327.6 325.3 319.6 313.2 307.7 303.2 302.5 302.8 303.8 306.7 308.6 311.3 318.9 323.1 327.6 333.4 336.6 340.1 342.1 341.6 338.4 332.8 324.8 316.1 306.4 297 287.1 278.2 269.2 260.3 255.4 251.9 254.8 257.6 261.1 265.1 263.2 264.3 262.8 260.2 257 252.9 247.7 242.5 237 231.3 225.8 220.4 215.1 212.8 205.8 202.6 199.8 196.3 193 189.2 184.9 183.1
267.2 271.4 275.5 279.2 282.8 285.2 287.4 288.7 290.2 292.2 294.6 297.2 300.3 303.8 307.2 310.7 315 319.9 324 327.1 327.7 326.5 322.8 318.9 314.5 309.9 307.3 306.5 306.5 306.1 308.1 310.4 318.3 322.2 326.4 331.1 334.7 338.7 341 342.7 339.2 336.6 328.6 321.7 312 302 290.9 281.3 272.4 263.9 256.6 252.3 256.1 258.8 262.1 264.6 264.6 264.3 262.9 260.3 257.2 252.7 247.5 242.5 237.6 231.2 225.9 220.9 216.4 215.4 206.7 203.4 199.3 195.9 192.7 191 189.6 187.4
268.4 272.8 276.1 279.3 282.1 283.9 284.8 285.9 288 290.8 292.9 295.2 298.2 301.9 305.7 309.6 313.8 318.7 322.9 326.4 328.3 328.1 326.9 324.1 320.4 316.4 312.3 310 310.3 311.2 310.6 313.2 317.4 321.3 325.6 329.3 333.5 337.9 340.6 342.7 342.5 339.7 332.3 325.4 317 309.3 296.9 287.5 279.5 269 261.8 255.9 258.8 262.2 264.5 265.4 265.5 264.8 263.5 260.8 257.4 253 248.6 244.3 239.9 234.3 229.1 224.7 220.2 216.2 211.5 206.9 201.8 198.7 196.1 193.3 190 188.5
270.1 274.8 277.7 279.8 281.3 281.7 282.6 284.5 287.1 290.3 292.5 294.6 297.9 301.9 305.9 310 314.7 319.4 323.2 326.9 329 330.5 330.5 329.1 326.4 321.8 318 315.5 315.3 316.4 316 314.6 317 321.3 325.4 329.5 333.6 337.8 342 345.1 345.9 343.6 337.1 329.7 322.6 314.9 307.6 297.7 287.7 277.3 266.8 260.7 262.4 265.4 266.7 269 269 268.1 265.6 262.3 258.6 254.4 250.2 246.2 242.2 237.9 233.3 228.8 224.3 220.1 216.2 209.8 204.2 200.3 196.4 193.1 189.9 187.7
273.1 277 278.8 280 280.1 281 282.6 285.7 288.2 290.2 292.7 295.5 298.8 302.4 306.2 310.7 315.5 319.6 323.5 327.4 329.8 331.5 332.3 332.2 329.9 326.5 322.6 320.4 320.6 321 320.9 319.6 315.5 321.2 325.8 329.9 334 338 342.2 347.6 349 348 342 336.1 328.6 321.3 314.7 307.2 297.7 285.2 274.1 266.2 265.8 269.4 272 273.9 274.1 273.5 270.5 265.8 262 257 252.8 248.7 244.7 240.1 235.7 232.2 228.2 223.8 218.6 212.8 205.4 201 196.9 192.4 189.3 184.9
275 277.9 278.9 279 277.8 281.4 284.3 287.4 289.9 292.2 295.3 298 300.6 303.8 307.3 311.5 316 319.9 323.8 328 330.3 332.2 333.4 333.2 332.3 330.1 327 323.9 325.2 325.6 325 323.7 322.8 316.9 326.9 330 333.8 337.8 342.1 346 348.4 348.7 345.4 340.4 335 328.9 322.1 314.3 304.7 292.6 281.1 272.2 270.7 273.7 278.3 280.9 280.9 279.2 275.5 273.2 265.9 260.6 255.9 251.5 247.1 242.6 238.2 234.2 230.4 225.9 220.7 214.4 208.1 201.8 195.7 190.9 186.4 180.4
274.8 277 277.3 273.5 277.3 281.7 285.8 290.9 293.6 296.3 298.6 301 303.4 306 308.9 312.3 316.4 320.7 325 327.6 329.8 332 333.2 333.4 333.2 331.7 329.8 327.6 328.7 328.7 328.5 327.8 325.5 318.4 327.5 330.3 334 337.7 340.6 343.6 346.5 347 347 342.3 338.4 333.9 327.1 319.6 309.7 298.3 287.5 279.2 275.1 278.3 281.5 284.3 282.6 282.4 279.2 274.6 269.1 263.4 257.2 252.6 248.3 244.2 240.2 235.9 232.5 227 221.5 215.5 207.6 200.8 194.4 187 177.4 167.3
273.8 275.3 270.5 273.2 277.9 282.7 289.1 295.4 298.9 301.9 303 305.4 307.7 310 312.3 314.6 317.8 322.1 324.8 327.1 329.3 331.2 332.1 332.5 332.2 331 329.9 329.9 329.7 329.9 329.8 329.2 326.9 326.4 327.7 330.5 334 336.6 339.1 341.6 344.1 345.2 345.2 343.6 339.9 335.5 329.6 321.9 312.8 301 290.8 282.3 278.9 281.1 284.5 285.2 284.6 283.3 280.1 275.1 270.9 265.7 258.4 253.7 249.5 245.8 241.9 237.3 233.2 227.5 221.8 214.3 204.6 192.9 182.9 172.8 171.6 172.5
272.6 273 268.7 273.6 279.3 285.4 292.4 299.3 304.3 307.6 308.2 309.7 311.7 313.7 315.6 317.4 319.3 321.9 324.3 326.4 328.2 329.6 330.9 331.4 331 329.6 328.8 329.6 330 330.1 330.3 330.4 329.4 328.4 321.3 330 332.6 335 337.3 339.5 341.4 342.9 343 342.1 339.6 335.6 330 322.9 313.7 302.6 291.4 284.1 282.7 283.2 283.8 284.5 285 282.7 279.8 275.7 271.7 266.5 261.4 255.2 251 247.3 243.4 238.6 234 228.2 222.7 209.5 188.8 182.3 177.6 180.5 183.1 183.3
269.3 264.2 267.7 274.3 281.2 288.6 296 303.2 308.5 312 313.6 313.5 315.2 316.4 317 318.9 320.2 321.5 323.6 325.1 326.6 327.9 329.1 329.6 329 328.2 327.7 328 329.1 330 330.3 330.5 329.8 328.8 323.2 328.5 330.3 332.6 334.8 337.1 338.6 339.9 340.4 339.5 337.3 333.7 329.3 321.6 312.2 301.6 293.4 287.2 285.6 283.6 283.3 283.3 282.5 280.7 278.4 274.5 270.5 266 261.6 257 252.1 247.9 244.2 239.2 234.2 228.9 213.5 193.2 184.9 187.1 190.8 193.8 192.5 190.1
261.2 263.3 269.8 276.7 283.6 290.9 298.4 305.2 311 314.6 316.6 317.3 317.8 318.4 319 319.6 320.7 321.6 322.3 323.1 324.6 326.1 327.3 327.7 327.2 327 326.5 326.5 327.8 329 329.6 329.9 329.4 328 323.7 326.2 327.1 329.9 332.4 334.6 335.9 337.1 337.2 336.3 334.1 330.6 325.7 318.9 311.3 301.8 295.2 289.4 288.4 285.9 283.8 281.2 278.9 277.7 276.1 272 267.9 264.5 260.5 255.6 250.3 246 240.9 235.4 229.8 218.6 201 189.1 193.5 198.7 199.4 200.2 200.2 196.2
257.6 263.2 271.1 278.5 285.9 293.1 300.2 306.4 311.8 314.9 317.2 318.1 318.3 318.4 318.8 319.1 319.3 319.6 320.1 321 322.5 324 325.4 325.9 325.6 325.5 325.1 325.2 326.5 327.8 328.5 328.8 328.3 327.3 324.9 323.4 323.9 327 330 331.8 333 334 333.8 332.8 330.5 327.3 322.9 316.9 310 302.5 295.6 291 288 285.2 282.5 280.4 278.1 275.8 273.4 269.7 266.5 262.9 257 248.2 240.9 232.7 227.6 220.9 213.7 204.9 195.2 200.1 204.6 205.6 205.5 204.1 202.2 199.4
256.1 263.4 271 279.4 286.7 294 300.9 306.8 311.3 314.2 316.2 317 317 317 317.2 317.3 317.5 317.4 317.4 318.8 320.2 321.7 322.8 323.9 324 323.8 323.7 323.9 325.2 326.5 327.5 327.3 326.7 325.7 324.7 320.5 321.7 325.8 328.1 329.3 330.2 330.5 330.1 328.8 326.8 323.7 319.3 313.6 307.6 301.3 294.9 290.6 287.8 284.6 281.5 279.2 275.8 272.9 270.7 267.8 265 261.9 255.1 240.6 232.7 224.3 218.9 216.9 212.2 208 209.8 214.3 215.3 215 213.8 212.5 208.8 206
257.4 263.3 271.4 279.6 287.2 294.2 300.5 306.2 310.4 313.2 314.6 314.9 314.6 314 314.6 314.9 314.7 314.6 314.7 316.5 317.9 319.2 320.5 321.7 321.4 321.4 321.9 322.6 323.8 325 326.1 325.7 325 324.2 322.9 320.5 320.9 323.4 325.2 326.5 326.7 327 326.3 324.8 323.5 319.9 315.7 308.9 305.5 298.8 294.1 290.6 287.6 284.4 281.1 276.2 271.8 269.1 265.3 262 258.2 253.8 239.4 233.5 235 234.6 228.9 230.1 226.8 223.9 223.2 224.6 225.1 225.8 224.3 221.6 218.2 215.4
257.6 264.4 272.5 279.7 287 293.7 299.9 305.3 309.5 311.8 312.5 312.4 310.8 310.3 310.9 311.5 311.7 311.5 311.8 314 315.5 317.1 317.6 319.4 319.2 319.5 320 320.3 321.6 322.9 323.5 323.6 323.3 322.4 321 318.9 319.4 321.4 322.5 323.5 323.7 323.7 322.8 320.1 318.8 318.4 313.1 308.5 303.6 298.9 293.8 290.7 287.4 284 280.3 275.6 268.7 257.8 253.7 250.9 247.2 244.2 245.2 247.7 249.4 247.4 243.4 241.8 239.8 237.5 234.4 233.6 233.5 232.6 231.6 229.8 228.7 225.6
256 265.5 271.9 279.5 287.1 294 299.4 304.4 308.5 310.2 310.1 309.3 307.4 306.4 306.8 307.5 308.5 308.4 308.9 311 312.1 313.7 314.6 316 317.3 318.2 318.5 319.1 319.8 320.4 320.8 321.2 320.3 319.5 318.3 317.3 317.5 318.3 319.4 320.4 320.8 320.4 319.5 318.1 316 313.7 310.8 307.1 302.3 297.7 293 288.9 284.6 280.7 274.8 270.2 263.2 261.6 261.8 261.4 258.6 255.2 255.6 256.1 255.3 255 253.5 251.4 250.2 246.8 245 243.6 242.1 241.1 241.3 241.1 240.5 238.1
259.8 264.9 272.3 279.7 287.5 294.1 299.2 304 306.6 308.2 307.8 305.9 301.8 301.7 302.5 303.7 305.9 308.4 310.2 310.7 312.5 315.2 317.1 318.7 319.1 318.3 317.2 317.7 318.1 317.9 318.1 316.7 316.3 316.1 315.3 314 315.4 315.8 316.2 317.3 317.8 317.1 316.4 315.5 313.3 311 308.2 304.7 301.6 295.7 293.1 286.1 278.1 273 274.3 274.2 273.5 272.1 270.5 268.6 267.3 264.3 263.2 262.7 262 261.8 260.7 258.9 258.5 255.9 254.8 254.2 253.4 252.6 252.8 253.4 251.1 246.8
263.6 270.1 277 283.5 289.3 295 299.6 303.8 305.9 306.5 305.3 303.3 296.7 297.1 300.5 303.9 307.3 310 311.7 312.4 313.7 316.1 317.7 319.3 319.4 318.5 316.3 315.9 315.9 315.3 314.4 313.9 313.8 313.8 312.2 310.7 313.7 314.2 314.4 314.5 314.6 314 313.4 312.8 310.6 308.3 307.1 304.5 301.2 296.1 291.4 287.4 281.6 283.8 284.5 283.1 281.4 280.1 277.6 275.4 273 270.2 269.1 268.9 268.6 268.2 267.9 266.4 264.3 264.6 264.3 263.9 265.1 265.1 265.1 263.7 260.5 255.5
267.5 275.4 282.1 287.2 292.2 297.3 301.4 304.5 304.9 304.3 302.3 299.4 292.8 295.4 299.5 303.1 306.8 310 312.4 313.9 315.2 316.4 317.9 319.4 319.7 319.4 318.3 314.6 313.1 312 311.3 311.3 311.2 311 308.7 310.5 312 313 313.1 313 312.3 311.2 310.3 310.2 308.4 307.5 306.5 304.1 298.1 297.6 293.1 288.2 288 289.2 288.4 287.2 286 285.1 283.7 282.6 280.2 279.2 277.2 277.5 277.7 276.7 276.2 275.2 274.2 274.1 273.6 274.1 275.2 276.2 275.1 272.4 268.5 262.7
274.4 280.9 286.1 291 296.1 301.1 304.1 305.7 304.1 301 298.5 295.8 288 292.7 296.9 301.1 304.7 308.2 311 312.5 314.1 315.6 317.1 318.5 319.6 320.2 318.7 317.6 314.4 311.6 308.4 308.7 308.5 306.9 307.6 310.1 311.8 312.1 311.8 311.5 310.2 309 307.9 307.1 306.5 305.6 303.6 303.1 301.4 298.3 294.5 292.3 292.1 293 293 292.4 291.3 290.3 290.1 290 287.7 287 285.9 285.8 285.9 285.7 285.9 284.5 284 283.4 283.4 284.6 285.5 286.4 283.8 280.2 274.7 268.3
