data/SX37.asc
ncols 200
nrows 200
xllcorner 230000
yllcorner 70000
cellsize 50
[rows 72 to 107 of 200, columns 0 to 78 of 200]
178.9 178.1 176.3 172.4 168.3 164.2 159.1 152.8 146.3 140.3 134.8 131.1 131.3 130.6 130.3 126.1 122.9 119.5 116.4 113.3 112.3 117.1 123.1 128.4 128.5 127.2 122.2 115.4 117.4 123.2 129.3 133.9 138 141.2 143.8 146.7 149.2 150.4 151.1 153.3 153.5 152.3 151.4 149.3 147.1 144.7 141.6 138.3 134.7 132 129.3 125.6 120.9 102.9 93.7 107.5 111.6 113.1 111.4 108.2 104.7 102.3 99.2 98.5 100.6 101.6 102 97.5 86 70.4 73.4 88 105.4 111.8 112.4 103.6 93.1 101.1 110.7
175.6 174.7 172.4 168.3 164.2 160.1 156.1 151.2 145.4 139.5 135.6 134.2 134.7 134.6 132.9 129.4 124.6 120.7 117.5 114.4 114.3 121 127.9 132.7 133 131.1 125.7 117.9 121.1 127.5 130.5 134.5 139.6 142.7 146.1 148.9 151.1 152.6 153.3 153.9 153.3 152.4 151.5 149.2 147 144.9 142.5 139.1 134.7 130.6 125.5 121 110.3 100.7 107.5 112.8 114.1 112.3 110.4 107.2 103.7 99.8 94.3 90.7 89.3 89.8 95 84.2 73 72.6 80 96 107.3 114.1 114.6 111.8 101.4 94.6 105.3
172.2 171.4 170.1 166.5 162.4 158.3 154.5 150.3 145.3 141.9 138.2 137.6 138.1 137.9 135.8 131.6 126.1 121.9 118.7 115.6 116.6 125.4 131.5 136 136.1 133 128.9 120.5 121.3 127.6 131.5 135 140.7 144.3 148.1 151.1 153.1 154.5 154.6 154.8 153.8 152.5 151.2 149 146.9 145.4 143.2 134.5 129.2 124.3 118.5 113 109.4 114.2 119.2 119.5 116.2 112.6 110.1 105.4 101.5 95.5 85.2 83.5 79.7 78.7 74.6 73.7 75.3 81.8 92.1 103.2 111.5 116.8 117.3 116.7 112.8 100.7 99.1
169.1 169.2 167.2 164.7 160.6 156.8 153.1 149.5 144.7 142.3 141 140.9 141.3 140.3 138.2 133.8 127.9 123.3 120 117 121.2 128.2 133.6 138.2 138.1 135 131.3 125 119.8 126.3 131.8 135.6 141.5 146.6 150.6 153.3 155.3 156.2 155.6 155.6 154.8 152.9 151.2 149.7 148.2 146.7 144 138.7 137 133.1 127.9 125 127.3 128.1 127.7 124.8 120.1 115.2 109.6 104.5 97.8 90.4 84.5 83.9 84.9 84.1 83.6 84.6 89 98.4 107 114.5 117.2 119.8 119.9 120.6 118 112.4 103.4
166.7 167.1 164.8 162.3 159.7 156.6 153.5 149.2 146.6 145 144.3 144.2 143 141.2 139 136.1 130.8 124.9 121.1 118.2 124.6 130.5 136 138.8 138.9 136.8 134.1 128.4 122.7 126.3 130.9 136.3 142.3 148.1 153.1 155.5 157.2 158 157.4 156.8 156 154.4 153.3 151.7 149.9 148.2 148.2 148.8 146.9 144.1 139.3 137.2 136.9 136.3 134.4 129.7 124.9 118.5 112.6 107.1 99 88.5 83.9 93.7 94.9 94.3 95.4 98.2 105.3 112.7 118 120 121 122 122.3 121.6 120.2 116.4 113.3
164.7 165 162.9 162.7 160.5 157.3 154.1 151.7 149.4 147.6 146.7 145.1 143.5 141.8 139.8 137 133.3 127.8 121.6 121.4 127.3 133 137.1 139.6 139.3 137.4 134.6 130.4 125.6 127.7 132.9 137.6 142.9 148.6 154.7 156.9 159 159.3 158.7 158 157.6 156.2 154.7 154.3 152.5 150.7 152.4 153.2 150.9 148.9 147.1 145.8 144.4 142.2 139.6 135 129.6 123.4 118.1 112 102.5 86.6 91 100.2 103 104.2 106.8 111.2 117.2 122.6 125.7 126.4 126.8 127.5 126.5 124.5 122.6 120.4 117.8
162.4 163.5 164 163 162.2 159.4 156 153.3 151.1 149.1 147.2 145.2 143.2 141.4 138.5 134.5 132.3 126.8 122 126 130.6 134.9 137.9 139.6 138.9 137.7 134.1 130.3 127 130.3 134.5 139.4 144.4 150 155.5 157.8 159.9 160.5 159.8 159 158.7 157.9 156.4 155.9 155 153.3 155 156.3 154.7 153.6 151.9 150.3 148.8 146.2 142.2 137.9 133.1 129.2 124 118.7 105.5 89.4 100.7 108.1 112 114.8 116.7 120.2 124.8 129.8 131.7 132.2 132.7 132.4 131.2 130.1 127.8 124.8 121.7
160.7 162.4 164.2 165.5 164.1 161.7 158.4 155 151.8 149 146.7 143.9 141.9 139.5 134.8 130.9 127.4 125.5 129.3 133 135 136.6 138.7 139.3 138.7 136.9 133.4 129.9 130.8 133.1 136.6 141.1 146.3 151.6 156.1 158.7 160.5 160.8 160.8 160 159.6 159.4 158.1 157.3 157 155.9 157.6 157.1 155.5 154.5 153.4 152.2 150.1 146.3 142.2 138.2 132.9 127.8 122.7 113.3 95.3 96.2 109 116.1 118.6 120.4 122 125.2 130.7 135.3 137.8 138.3 138.9 139 138.4 137.1 134.2 131.3 127
159.7 162.4 165.2 166.4 165.6 163.3 159.5 155.3 151.6 148.5 144.6 141.3 138.6 135.4 130.9 130.2 130.6 133.9 135.3 139.5 139.5 139.3 140 139.7 138.8 136.4 133.6 131.4 133.6 135.8 138.7 143.1 147.9 153.2 156.9 159.2 160.9 161.1 161.1 161 160.6 160.8 159.8 158.8 158.5 157.9 158 157.7 156.5 155.4 154.1 153 150.1 145.9 141.6 135.1 127.9 121.1 108.9 96.1 94.4 106.1 118 121.6 123.7 125.6 127.3 130.9 135.2 139.6 143.9 144.6 145.6 145.5 144.7 143.8 141.4 138.1 133.7
159.1 163.3 166.3 166.9 165.8 163.2 159.1 155 150.7 145.9 142.1 138.4 135.3 133.4 134.9 135 137.5 141.1 142.4 143.3 143.4 143.1 141.7 141.6 140.7 137.3 134.7 134.2 136.4 138.6 140.8 145.2 149.4 154.2 157.5 159.4 160.8 161.1 161.3 161.4 161.5 162.2 161.2 160.3 159.4 158.6 158.3 158 157.4 156.3 154.6 151.8 147.7 143.4 138.6 131.8 119.7 105 96.8 95.5 105.2 116.9 123.3 126.4 128.5 130.6 132.8 136.4 140.1 145.1 148.6 151 152.1 151.9 151 150 147.1 143.1 138.2
159.2 164.4 166.9 167.6 166.3 163.5 159.2 154.1 149.1 143.3 140 136.4 134.7 135.7 137.5 138.9 141.8 143.7 145.8 147.8 147.4 146.9 145.4 143.6 142.1 138.7 135.6 136.6 138.8 141.2 143.9 148.1 151.9 155.9 157.9 159.7 160.7 161.1 160.5 159.6 159.8 159.2 158.6 159.5 159.3 158.8 157.9 157 156.2 154.4 152.2 149.8 144.9 139.8 134.1 125.6 110.5 100.7 98.1 107.3 116.8 123.4 128.7 131.2 133 135.1 137.2 140.8 145.8 150.2 153.8 156.6 158.2 157.7 156.3 154.2 151 147 140.7
159.1 165.7 168.9 169.6 168.6 165.4 160.4 154.2 147.2 141.6 139.8 138.6 139.4 140.3 141.5 142.3 145 147 149.1 151.3 151.2 150.8 148.7 146.2 143.2 139.6 138.5 139.7 141.7 144.2 147.6 151.1 154.5 157.4 158.9 160 160.7 159.8 158.9 157.9 157.5 156.6 155.7 155.2 155.3 155.3 155.6 154.1 152.6 151 148.8 144.7 138.9 133 127 116.3 101.9 100.1 108 120.3 127.9 131.6 135 137.3 138.1 139.5 141.6 144.3 150.1 154.6 158.4 160.6 161.6 161.7 161.2 157.8 154 150.4 146.2
159.6 167 171.4 171.9 170.9 167.2 161.5 155.1 147.1 142.9 142.9 144.3 144.8 145.3 146 149.1 148 150.3 152.5 154.3 154.7 152.6 149.8 147 144.2 142.1 141.7 143.1 144.7 147.2 150.8 154.1 157.5 158.4 159.5 159.9 159.8 158.7 157.3 156.3 155.3 153.7 152.3 151.4 149.9 149.4 148.7 149.5 148 144.6 141.3 136.6 131 125.6 118.1 106.1 101 105.7 118.7 131.9 136.6 139 141.6 143.3 144.1 144.9 146.1 148.6 153.9 159 163 164 164.9 165.1 163.5 161.1 157.5 153.9 150.3
161.4 168.7 172.8 173.6 172 168.6 162 155.7 148.8 145.7 146.6 150 151.1 151.7 152 151 151.4 153.3 156.1 156.9 156.4 153.9 151.2 148.4 146.2 145.1 145.9 146.8 148.3 150.5 154.1 157.7 159.3 160.2 161.1 160.3 159.4 158.2 156.1 154.7 152.4 150 148.9 146.8 144.8 142 140.1 140.1 139 135.9 133 127.9 123 118.1 109 103.1 103.9 115.7 130.2 140.7 144.1 145.9 148.2 149.6 150.7 151.5 152.3 152.8 157.9 163.9 166.9 167.5 168.2 167.8 166.1 164.4 161.4 157.8 154.4
164.5 169 173.1 173.4 172.4 169.5 162.5 156.4 151 148.3 150.6 154.3 157.4 158.8 158.8 158.7 158.5 158.1 160 159.9 158.7 156.3 153.1 149.9 148.2 148.2 150 151.1 152 154.7 157.9 160.3 161.2 162.1 162.7 160.7 158.4 156.7 154.9 152.3 148.5 146.4 144.5 142.6 140.3 137.7 134.7 132.1 129.6 126.6 122.4 119.5 115.5 110.2 105.5 107.2 116.6 129.1 142 147.9 150.6 152.5 153.7 154.9 156.6 158.3 159.3 159.1 164.3 168.2 170.7 171.4 171.6 170.6 169.1 167.5 165.3 161.7 158.9
163.7 168.2 171.8 172.7 171.7 169.6 163.9 158.1 153.7 152 152.8 156.5 160.4 162.6 162.6 162.3 162.3 162.8 163.2 163.4 161.6 161.3 156.6 152.8 152.6 153.7 155.2 156.3 157.6 158.2 161 163.3 163.7 164 163.4 161.7 159.9 157.6 153.9 151.5 148.4 145.1 141.9 138.8 136.3 133.7 130.9 128.5 126.1 122.3 117.3 114.2 109.7 107.3 108.8 117.5 131.5 142.5 148.9 153.2 156.3 158 159.1 160.3 161.9 163.6 165.3 167.7 170.1 172.7 174.2 174.6 174.3 173.4 171.9 170.4 168.9 165.7 163.3
162.7 166.4 169.7 171.1 171.9 170 164.7 160 157.5 155.7 154.4 158.7 162.3 165.5 166.2 165.7 165.7 166.2 166.5 165.7 164.2 164 163 158.8 159 159.5 160.9 162.6 162.9 163.2 164.5 166.4 166.8 167.2 166 164.6 162.9 159.5 156.3 151.9 148.5 145.6 142.2 139.4 136.8 134.3 131.4 128.5 125.8 122.7 119.4 115.1 111.9 108 113.2 126.7 139.2 146.1 150.9 154.7 158 161.5 163.8 165.8 167.2 169.2 171.2 173.2 175.5 176.5 176.9 177.2 176.9 176.2 174.8 173.5 172.1 169.5 167.2
161.1 164.5 168.3 170.6 171.6 171.4 168.1 164.2 161.1 159.3 158.2 159.4 163.2 165.6 167 168.4 168.7 168.5 168.2 167.4 166.7 166.4 167.1 166.4 166.7 166.7 167.2 168.5 168.2 168.2 169.5 169.8 170.3 169.5 168.3 167.1 165.3 162.1 158.8 154.2 150.8 147.6 143.7 140.7 137.9 135.2 132.7 130.7 128.5 125.4 122.4 120 113.7 108.9 116.1 125.8 137.3 145 150.9 156.2 159.8 163.4 165.9 168 170.4 172.1 174.1 176.1 177.9 179 179.4 179.5 179.1 178.5 178 176.7 175.4 173 170.4
160.5 163.8 167.2 170.4 172.6 173.8 171.3 168.5 165.5 163.1 161.7 162 164.1 165.8 167.7 169.4 170.9 170.7 169.9 169.4 169.1 169.3 171 173.1 174.1 173.8 173.5 173.8 173.5 173.2 173.2 173.4 173.1 171.8 170.6 169.4 168 164.8 161.2 156.5 153.1 149.2 145.3 142 139.2 136.6 134.3 132.2 130.1 127.2 122.9 117.8 114.5 109.8 115.9 124.5 134.1 142.8 150.1 156.1 160.8 164.6 167.3 169.9 172.6 174.4 176.8 178.7 180.1 181.4 181.9 181.7 181.2 180.4 180 179.7 178.4 176 172.4
160.6 163.7 166.9 170.8 174.6 175.3 174.9 172.1 169.3 167.8 165.8 164.9 165.5 167.5 169.1 170.7 172.2 172.9 172.9 172.6 172.4 172.5 175.4 177.5 178.1 178.2 178.2 179.1 179.2 177.5 176 176.1 175.4 174.2 172.9 171.8 170.6 167.5 164.4 159.2 154.6 150.7 146.8 143.3 140.6 137.9 134.9 133.2 130.5 127.3 122.8 118.5 117 115.4 115.5 122.1 131.1 140.9 148.7 155.2 160.4 165.1 168.8 171.5 174.2 176.6 178.6 180.7 182.2 183.6 184.3 183.9 183.3 182.4 181.9 181.5 181.2 177.4 173.8
161.8 164.7 168.1 172.2 174.4 176.2 175.9 174.5 171.8 170.3 168.9 168 167.2 168.5 170.1 171.6 173.3 174.5 174.6 174.7 174.8 175 177 178.7 179.8 181.8 182 182.1 181.2 180.2 178.9 178.2 177.5 176.5 175.3 174.1 172.9 170.4 167.5 162.9 157.5 153.2 149 144.4 141.3 138.3 135.4 132.8 130.2 127.3 123.5 120.7 119.1 117.7 116.9 120 129.1 138.5 146.8 154.3 160.1 165.1 168.4 171.1 174.2 177.1 179.1 181.6 183.5 185.2 186.4 186 185.3 184.4 183.7 182.9 180.5 175.9 172.3
163.7 166.5 169.8 172.3 174.3 176.1 175.8 174.6 172 169.8 168.9 167.5 168.3 169.4 171 172.6 174.4 176 176.1 176.1 176.1 176.7 178.3 179.8 182.1 183.5 182.7 181.4 180.3 179.6 179.5 179.2 178.8 178.6 177.7 176.5 175.3 173 170.2 166.6 161.7 157.5 152.2 146.6 141.5 137.8 135.4 132.5 129.8 127.4 124.7 122.4 121.1 119.7 118.7 120.7 128.5 136.7 145.1 153 160.1 165.1 168.1 171.1 174.4 177.6 179.8 182.2 184.6 186.3 187.3 187.8 187.2 186.2 184.5 182.7 179 174.4 169.7
163.5 166.4 168.6 171.5 173.4 173.8 173.9 172.9 170.3 168.6 168.5 168.6 169.5 170.4 171.9 173.7 175.5 177.3 177.4 177.4 177.5 178.3 179.4 180.3 181.8 181.8 181.2 180.3 180.1 180 179.9 179.9 180 179.8 179.6 178.9 177.8 175.4 172.6 169.3 165.8 160 154.4 148.8 143.1 139.1 135.6 132.4 130 127.8 125.8 124.2 123.6 121.8 120.3 122 129.3 136.9 145.3 152.7 159.8 164.7 168.1 171.2 174.5 177.8 180.4 182.9 185.4 187.5 188.1 188.9 188.3 187.2 185 182.3 177.6 172.9 168.2
166.3 165.6 166.7 168.6 169.6 170 170.4 170.6 166.7 165.7 166.8 168.6 169.8 171.1 173.2 175.3 176.7 177.8 178.5 178.4 178.4 178.6 179.3 179.5 180.1 179.7 180 179.5 179.4 179.2 179 179.2 180.5 181.1 181 180.9 180.2 178.3 175 172.1 168.9 164.1 158.5 152.1 145.8 141.7 138.6 134.8 131.2 129.5 128.5 127.1 127 124.8 122.7 122.8 129 138.4 145.5 153.1 159.2 163.5 167.5 170.8 173.5 176.2 179.3 182 184.7 188.3 189.2 189.7 189 188.2 185.4 182.3 176.3 171.3 166.7
164.5 162.6 163.1 164.5 165.8 166.4 167 166.7 163.3 163.2 165 166.6 168.6 171 173.7 175.8 177.3 178.4 179.3 178.9 178.5 178.6 178.6 178 177.6 177.2 177.4 178.4 178.4 178.1 177.9 179 180.6 181.3 181.9 181.8 181.6 181 178.1 175.3 171.9 167.1 162.4 157.4 151 144.7 141.4 137.9 134.8 132.3 131.2 130.3 130.3 128.1 125.9 124 131.4 141.1 147.8 153 158.3 162.5 165.8 168.1 171.4 174.1 177.8 180.5 183.6 188.3 190.2 190.4 190 188.9 185.8 182.6 176.5 170.5 164.3
160.4 158.3 159.4 160.7 161.6 162.1 162.3 162 159.8 162.6 165.8 167.4 168.9 171.2 173.9 175.8 177 178 178.2 178 177.9 177.8 177 175.9 175 174.4 174.8 176.1 177.3 177 176.9 178.9 180.7 181.4 182.2 182.7 182.4 181.5 179 176.5 174.4 171 166.2 161.2 156.2 148.6 145.5 142.4 139.1 135.8 133.9 134.1 133.7 131.2 127.9 125.1 133 142.1 148.7 153.7 157.7 161 163.3 165.7 168.7 172.1 176.2 178.9 183.5 188.1 190.5 191.2 191.1 189.7 186.8 183.7 177.9 172 165.2
156.8 154.1 155.4 156.7 157.2 156.4 157 158 161.2 164.4 167 168.7 170 171.3 174.1 175.6 176.7 177.8 177.6 177.4 177.2 176 174.8 173.8 172.7 172.1 172.4 173.7 175 175.9 176.7 178.8 180.8 181.6 182.3 183 182.9 181.9 180.5 178.7 176.3 173.4 170.1 165 160 155.1 150.2 146.7 143.4 140.2 137.9 138.7 136.8 132.8 129.3 128.1 133.7 142.5 148.1 152.5 155.7 158.7 161 163.2 165.6 169.4 174.6 178.6 182.6 186.7 191 191.4 191.4 190.2 187.9 184.9 180.6 175 168.9
153.2 151.1 151.5 152.7 152.9 154 155.8 158.6 161 164.1 167 169.2 171.3 172.7 174.7 175.6 176.6 177.1 177.5 177.4 177.1 175 173.3 171.9 170.5 169.8 169.4 171.2 172.6 174.5 177.1 178.8 180.8 181.5 182 183.1 183.5 182.5 181.4 180.9 178 175.2 172.5 168.7 163.5 158.5 154.9 151.4 147.8 144.8 143.8 145.4 142.2 137.8 131.7 128.7 133.1 142.3 147.6 150.3 152.9 155.9 158.7 161 163.5 167.8 173.4 178.2 182.4 186.6 190.6 191.9 192.1 191.6 190.4 187.3 183.5 178.6 173.1
148.9 147.8 148.6 150.8 152.7 154.4 156.8 159.2 161.6 164 167 169.7 172.6 174.2 175.3 175.6 176.3 176.9 177.7 177.8 176.5 174.4 172.1 170.7 168.7 166.8 166.4 168.7 171.1 173.6 176.1 177.7 179.3 181 181.9 182.9 183.2 182.6 181.8 181.3 180.1 177.7 175.2 171.4 166.6 161.9 158.5 155.1 151.6 149.7 148.9 147.2 145.2 139.8 133.1 133.1 133 142.6 145.4 147.4 150.2 153.2 156.3 159.5 163.5 168.1 172.8 178.2 182.4 186.2 189.9 191.7 192.9 193.2 192.2 189.6 185.6 181.6 176.8
144.6 145.5 148 150.4 152.6 154.7 156.6 158.8 161.7 164.5 166.9 170 172.8 174.6 176.2 176.2 175.8 175.9 176.5 177 175.9 173.7 171.3 169.3 166 163 163.5 166 169.1 171.6 174.2 176.4 178.1 180 180.5 182.1 182.3 182 181 180.2 180.1 179.9 177.6 173.9 169.2 164.9 161.2 157.7 154.6 152.1 150.2 148.2 143.7 139.3 138.2 139 135.6 137.5 141.5 144.1 147.6 150.7 154.9 160.3 164.5 169 173.7 178.4 181.7 185.4 189.2 191.8 193.8 195.1 194.4 191.5 187.6 183.5 179
142.9 145.5 148.1 150.9 153.4 155 156.8 158.2 160.7 163.8 167 169.5 172.1 173.9 175.2 175.3 175.2 175 175.3 174.9 174 172.3 170.1 166.1 162.4 159.9 159.9 163.4 167 169.7 172.2 174.7 176.6 177.7 179.6 181.4 181.3 180.7 179.5 179.4 179.3 179.2 177.9 174.3 170.6 167.5 163.9 160.5 157.7 154.8 152 148.6 144.4 142.6 143.5 142 139.5 138 138.5 141.4 145.7 149.8 154.4 159.8 165.3 170 174.8 178.9 182.3 185.7 189.1 191.2 193.1 195.3 195.5 192.9 188.9 184.9 180.7
143.5 146.5 149.5 151.4 153.3 155.3 157 158.3 160.1 163.6 166.4 168.5 170.2 171.8 172.8 173.9 174.2 173.9 173.1 172.5 171.6 169.9 167.5 162.7 158.3 156.3 157.3 161.1 164.2 167 169.4 171.1 173.2 175.4 176.8 178.2 178.7 178.6 177.5 178.2 178.4 178.3 177.7 174.1 171.5 169.2 165.7 162.8 159.9 157 154.2 150.9 147 145.7 144.8 143.9 142.4 141.2 140.4 141.7 146.7 151.5 156.5 161.6 166.7 171.5 175.9 179.4 182 184.9 187.7 190.2 192.6 195.1 194.3 192.1 189.2 185.8 181.7
145.1 147.8 149.4 151.2 153.2 155.2 157.1 158.8 160.5 163 164.7 166.4 168.1 169.6 170.6 171.7 172.8 172.5 172.1 170.9 170 167.2 163.1 157.7 153.2 152.5 153.6 157.1 160.8 164 165.5 166.6 169 171.4 173.9 175.2 175.7 175.9 175.5 176.2 177.1 177.4 177.5 174.5 172.7 171 168 165.1 162.2 159.2 156.3 153.4 150.3 147.9 147.3 146.7 146.8 145.7 144.7 143.8 147.5 154.2 159.2 163.8 167.6 171.5 175.6 178.4 181.2 184 186.9 189.2 191.2 193.7 194.2 191.4 188.7 186.4 184
147.3 148.7 149.7 151.1 153.1 154.8 156.4 158.4 160.2 161.4 162.6 164.3 166 167.4 168.4 169.9 171.5 171.1 170.9 170.8 170.3 168.9 162.4 157.5 152.9 150.1 150.6 154.1 157.5 160.1 161 162.4 164.8 167.2 170 171.9 172.7 172.9 173.2 174.2 175.2 176.1 176.3 174.8 174.3 172.7 170.1 167.4 164.5 161.5 158.5 155.8 153.7 151.1 150.4 151.3 151.3 150.8 149.9 148.2 149.4 156.1 160 164 167.1 171.1 174.8 177.6 180.4 183.2 186.1 188.2 190.1 191.7 192.5 191.5 190.8 189.2 186.8
149.5 150 150.5 151.5 152.4 154.5 155.5 157.5 159.5 161.4 161.6 162.2 163.9 165.2 166.7 168.3 169.9 169.7 169.7 169.5 170.1 169.8 165.9 160.5 153 148.3 147.6 150.7 153.8 156 157.1 158.5 160.6 163 166.1 167.6 168.1 169.6 170.9 172.4 174.1 175.5 175.3 174.6 174.7 174.2 171.5 168.9 166.3 163.4 160.4 158.5 156.9 155.8 155.4 155.3 155.2 155.3 155 153.9 152.1 155.9 160.2 163.5 166.7 170.8 174.1 176.8 179.6 182.4 185.2 187.3 189.2 191.3 191.8 192 191.6 191.1 189.6
151.9 151.9 151.9 152.3 152.7 153.4 154.7 156.7 158.7 160.5 161.3 161.7 162 163.4 165 166.6 168.2 168.4 168.2 168 169.6 169.3 167 161.9 154.7 146.5 144.8 147.7 150.4 152.1 153.2 154.6 156.8 158.9 162.1 163 163.6 165.9 169.9 172.1 174 175.2 175.1 175 174.8 174.4 172.5 170.1 167.6 165 163.1 162.5 161.3 159.7 159.2 158.4 157.7 157.8 158.3 158.3 157 156.8 159.9 163 166.4 170.4 173.4 176.1 178.8 181.6 184.4 186.4 188.8 190.3 191.6 191.6 191.2 191 190.9
