data/SX38.asc
ncols 200
nrows 200
xllcorner 230000
yllcorner 80000
cellsize 50
[rows 111 to 147 of 200, columns 84 to 167 of 200]
75.7 76.9 76.9 75.1 72.3 69 68.8 68.1 66.6 64.9 65.8 66.4 67 65.8 63.9 65.4 66.5 66.6 66.5 66.7 67.1 65.6 63.7 60 57.5 55.3 53.8 52.3 52 57.7 59.4 54.2 50.3 49.7 50 46.5 49.7 49.9 49.3 49.3 49.1 48.9 49.2 49.6 50.9 49.8 49.6 49.5 49 48.6 48.7 48.9 48.6 48.3 47.7 47.5 48.4 48.4 55.9 56.3 48.5 48.2 48.5 48.8 49.1 51.1 52.3 52.7 53.2 52.9 53.2 55.1 57 58.1 59.9 61.6 63.4 64.9 66.6 69.5 70.8 72.9 74.6 76.3
82.6 83.6 82.4 79.6 76.3 71.6 70.6 72 70.1 67.9 68.9 69.7 70.3 69.3 67 68.4 70.5 71 69.8 69.3 69 67.7 65 61.6 59.2 56.9 55.3 59.3 61.6 55.5 51.6 50.8 50 49.9 50.1 50.2 50.3 48.4 47.3 48.1 48.2 49.7 49.6 49.8 49.8 49.7 49.5 49.4 49.2 48.2 48.4 48.7 48 47.5 47.6 49.1 48.2 48.8 47.2 48.1 48 47.8 48.2 48.3 48.5 48.8 49.1 50.4 50.2 50.1 50.5 51.8 52.8 53.9 55.6 57.1 58.9 60.7 62.5 63 63.9 64.9 65.9 67.1
87 88.8 87.2 83.8 79.6 74.2 74 75.8 70 71.3 73.4 73.7 73.8 70.9 69.3 72.2 75.2 76.4 75 73 71.2 69.3 66.7 65 61.4 62.9 65 59.6 53.4 52.9 52.2 51.3 50.1 50.1 50.2 50.2 49.9 49.5 49.5 49.5 49.5 49.9 49.9 49.8 49.7 49.6 49.4 49.3 49.2 47.8 48.4 48.5 48.1 47.7 49.3 59.8 63.4 63.3 60 47.8 44.8 46.9 47.7 47.8 48 48.3 48.9 49 49 49 49.1 49.1 49.1 49.8 51.2 52.7 54.3 56.1 58.1 56.4 55.6 56.3 57.2 56.7
90.9 92.7 91.2 87.1 82 77 78.1 77.6 71 76.1 79.7 79 77.4 74.6 73.9 76.6 79.4 81.5 80.1 76.4 74.8 72.5 70 69.2 69.5 64.6 56.4 54.5 54 53.6 52.8 52 51.3 50.3 50.1 50.1 49.7 49.7 49.7 49.6 49.6 49.8 49.8 49.7 49.5 49.4 49.3 49.1 49.1 48.5 47.8 48 48.1 50.9 68.9 73.3 72.3 70.6 65.9 59.4 50.1 47.8 46.3 47.2 47.8 47.9 48.9 49.2 48.9 49.1 49 49 49.1 49 49 49.1 49.7 51.9 53.4 51.6 51.1 51.1 51.6 51.9
94.3 94.8 93.6 90.6 85.3 81.6 82.3 79.7 76.1 80.3 85.1 85 81.1 79.3 78.9 81.2 84.7 87.6 86.1 81 79.9 76.6 74.1 70.1 68 63.8 58.5 56.1 55 54 53.3 52.7 52.2 51.4 50.5 50.3 49.9 49.9 49.9 49.7 49.6 49.7 49.7 49.5 49.3 49.2 49.1 49.1 49.1 49.2 49.1 47.9 48.7 64.4 74.9 77.1 76.5 73.7 68.7 66.2 60.3 51 47.9 46.8 47.5 47.6 48.2 48.5 48.8 49.1 49 49 48.9 48.8 48.7 48.8 49 49.3 49.4 49.2 49.2 49.2 49.3 49.5
96.5 98 95.8 92.4 86.2 86.6 85.7 80.5 84.6 88.5 90.5 90.6 86.5 85.9 84.5 87.7 89.8 91.6 87.5 80 79.5 83 81.2 75.2 70.4 66.4 60.4 57.5 55.8 54.3 54 53.5 53.5 52 50.8 50.8 50.1 50 50.1 49.9 49.8 49.6 49.6 49.2 49.2 49.1 49.1 49.1 49.2 49.3 49.4 48.9 51.5 71.4 76 76.2 75.1 73.5 72.9 70.3 63.1 54 47.8 47 47.3 47.5 47.7 47.9 48.3 48.7 48.9 48.8 48.8 48.4 48.5 48.6 48.9 49.1 49 49.5 49.5 49.6 50 50.1
96.8 99.7 97.5 93.3 90.6 91.6 86.2 89.4 93 95 96 96.6 95 95.6 97.3 94.9 87.1 84.6 87.1 94.1 93.9 90.1 86.4 80.3 74.4 67 60.3 58.1 56.4 56 55.4 55.1 55.1 55.5 54.8 53.2 51.8 50.2 50.3 50.1 50 49.6 49.6 48.5 49.1 49.1 49.1 49.2 49.3 49.4 49.6 49.5 63 72.9 73.5 72 70.5 69.8 70.1 68.4 64.9 56 48.6 46.8 45 47.3 47.4 47.7 48.1 48.4 48.6 48.6 48.5 48.1 48.3 48.5 48.7 48.9 49.4 49.8 49.9 50.1 50.1 50.2
94.7 99.6 99.6 96.3 96.2 94 91.6 96.5 99.3 101.2 101.7 102.3 99.4 92.7 90.8 95 99.5 101.9 99 97.7 96.7 92.4 88.2 83.7 75.2 66.3 61 59 58.3 58.1 58 60 62.6 63.1 63.3 61.8 57.7 54.8 52.3 50.7 50.3 49.6 49.6 49.6 49.1 49.1 49.2 49.4 49.5 49.6 49.7 52.6 65.5 71.3 69.2 67.4 66.3 65.5 63.5 61 58.4 52.3 47.8 47.3 44 46.9 47.4 47.8 48.1 48.5 48.7 48.5 48.7 48.9 48.9 49.1 48.8 48.8 49.9 50.2 50.2 50.2 50.2 50.3
92.5 99.8 102.7 102.1 102.2 98.5 99.2 102.7 105.6 102.4 99.3 98 102.8 106.9 110 109.5 107.5 105.5 102.9 100.9 97.6 93.7 86.8 79.7 69.4 64.2 62.1 60.8 60.6 60.5 60.4 62.5 66.8 69.4 72.5 72 69 67.1 63.4 57.5 52.4 50.7 49.6 49.4 48.6 49.2 49.8 49.8 49.7 49.7 52.5 61.9 66.3 67 64.9 63.4 61.2 60 57.9 55.3 52.6 49.1 47 47.9 44.6 44.4 46.5 47.9 48.2 49.5 48.9 48.2 48.4 49.1 49.2 48.6 48.4 48.9 50.2 50.2 50.2 50.2 50.3 50.4
98.1 102.5 105.1 107.7 110.1 109.3 107.3 106.8 110 113.5 115.1 115.2 116.4 115.5 114.3 113.4 110.9 108.2 105.6 103.6 99.7 94.2 84.6 72.9 67.9 69.5 68 64.1 63.8 63.1 62.9 65.1 69.8 75.4 81.3 83.3 84.5 85.1 85.1 78.3 71.3 63.7 59.6 55.2 53.2 51.2 52.4 52.9 53.8 60.1 67.7 66.5 65.6 62.6 61.1 59.4 57 55.1 53.5 51.7 49 47.1 46.4 46.4 44.2 45.2 47.2 48.3 48.1 50.4 49 48.5 48.4 49 48.9 49 48.7 49.4 50.6 50.7 50.4 50.2 50.4 50.5
111.3 117.3 115.5 116 118.6 112 120.4 121 121.5 122.3 122.7 124.2 123.7 122 119.6 117.7 114.6 111.2 108.6 106.1 101.1 91 79.2 71.5 76 80.1 76.3 70.9 67.1 66.5 66.2 67.6 71.4 79.1 85.9 92.2 96.9 100.6 101.1 100.1 96.8 90.4 84.2 79.6 77.6 75.7 74.6 74.8 76.8 74.7 72 68.2 64.4 59.9 57.9 55.5 53.1 52.3 50.5 48.7 47.8 47.1 46.3 46.1 43.8 47.1 48.2 48.8 49 59.4 69.1 69.7 64 58 51 49.3 52.1 51.2 50.9 53.2 57.7 57.7 58.3 59.2
122.7 123.8 125.1 125.3 124.9 118.8 126.6 128.2 128.7 129.1 129.8 130.9 129.7 127 123.7 120.8 117.6 114.2 111.4 107 99.2 85.9 76.6 79.8 85 86.8 83.9 80.3 75.7 71.3 70.5 70.4 74.4 81.4 89.7 96.9 103.2 107.6 110.6 110.6 110.9 112.1 111.2 108.9 105.7 102.4 101.1 97.3 90.1 80.4 73.4 68.4 62.8 58.3 55.1 52.5 50.5 49.5 47.8 47.7 47.7 47 46.2 43.6 45.9 48.3 50.9 52 62.9 71.9 78 79.4 76.1 77.7 74.9 71.8 67.6 68.7 70.8 75.2 81 83.4 84.4 82.8
136.5 135.1 132.3 132.1 130.5 128.7 130.2 132.6 133.2 134.2 134.4 135.2 133.4 129.8 126.1 122.5 119.5 115.8 111.3 106.3 91.5 80.4 82.5 89.2 92.2 93.8 92 88.5 84.5 80.6 73.7 74.1 78.3 83.8 92.9 100 107.3 112.6 116.5 118.8 120 120.2 122.1 123.6 124.4 123.4 119 102 90.4 80.5 73 67.8 61.9 56.6 52.2 50 48.5 47.2 47 47 47 46.7 44.5 47.4 48.8 50.2 53.8 62.3 69.6 75.6 81.6 82.4 83.1 84.6 85.7 85.4 88.1 89.2 90.5 94.6 98.1 100.7 99.9 96.7
142.4 142.1 137.8 136.7 135.6 130.1 133.4 133.6 135.4 137.7 137.7 137.4 134.7 131.6 128.3 124.1 120.6 115.8 109.8 100.9 86.8 86.3 93 97.9 99.3 100.6 99.5 96.5 92.1 87.6 80.1 80 82.1 87.9 94.8 103.1 109.3 117.6 121.4 124.8 125.6 125.4 125.5 126 124.5 123.5 113.3 99.4 88.7 78.5 71.7 67.2 61.5 55.5 50.2 48.2 47 47 47 46.8 46.5 45.1 46 47.4 50.2 52.2 59.4 67 73.6 79.5 84.7 86.1 88.2 89.5 90 93.2 96.5 99.5 102 105.1 107.1 107.7 106.9 105.5
145.5 144.4 142.7 140.5 138.6 135.4 135 136 137.4 139.3 139.1 138.9 136.6 133.6 129.5 125.4 119.5 114 107.7 95.9 86.6 96.6 101.3 103.6 105 106.1 105.4 103.6 99.3 93.9 86.5 82.4 85 90.1 95.2 102 109.3 116.9 123.7 129.6 130.8 128.9 126.8 124.6 120 113.2 101.8 92.8 85.4 75.8 69.3 65.3 60.2 55 47.8 46.7 46.7 46.8 46.8 46.8 46.6 42.9 46.4 47.1 49.2 55 64 71.4 79.7 84.9 87.5 89.2 90.8 92.3 94.3 98 101.1 103.5 107.7 112.4 114.1 115.1 113.5 112.9
146.4 146.3 146.2 144.5 142.4 140.5 139 139.5 140.2 141.2 141.4 141.1 138.6 135.4 130.7 125.4 119.1 111 101.9 90.3 90.7 103.8 106.6 108 109.4 110.3 110 108.1 103 98.5 94.1 89.4 89.6 92.2 96.3 100.5 106.5 114.2 122.1 130.4 131.2 128.1 124.4 120 111.6 103.1 94.3 85.8 79.1 71.3 66.3 62.3 58.4 52.6 46.6 46.5 46.5 46.6 46.6 46.7 46.7 45 47 47.7 50.3 59.7 66.9 72 80.1 84.8 87.6 89.9 91.6 92.4 94.5 100.2 103.2 104.4 110.5 114.6 116.7 119.1 119.6 119.6
147.2 147.3 147.6 146 144.2 143.2 142.4 142.4 141.8 142.4 142.3 141.9 138.8 134.8 131.2 123.9 116.6 103.6 100.2 102.3 98.8 106.8 110.8 111.2 112.1 112.4 112.2 110.6 106.9 102.9 99.3 96.1 93.6 93.3 96.1 100.1 103 110.3 118.5 122.7 124.2 123.7 121 113.5 106.9 98.2 89.6 81.6 74.9 68.9 64 59.4 55.3 50.9 46.9 46.3 46.4 46.4 46.5 46.5 45.4 46.5 46.9 47.9 52 61.5 65.8 68 76.1 80.6 83.5 86.1 88.9 88.2 93.3 98.8 102.1 107 112.6 116.5 119 121.8 122.9 124.8
146.2 147.3 147 145.7 144.9 144.1 143.5 143.6 144.9 143.5 142.7 141.6 138.6 135.2 130.3 121.6 113.5 112.1 113.2 110.7 106.5 111.1 112.9 113.7 114.3 113.9 113.8 111 107.4 105.1 102 99 96.9 95.8 96.3 97.4 100.6 105.3 112.1 114.8 117.1 117.3 113.7 106.9 101.4 93.1 84.7 78.3 71.9 67 62.2 57.5 52.2 48.2 46.2 46.2 46.3 46.2 45.9 45.7 44.9 46.2 46.7 47.9 51.1 53.9 64.5 62.5 66 70.3 74.6 78.3 83.5 88.1 94.1 99.2 103.9 109.8 114.6 118 121.3 124.3 126.3 128.3
142.3 146.1 145 144.5 142.7 143 142.4 142.5 143.9 143.3 143 142 138.7 135.5 130.6 121.7 122 121.3 118.1 114.3 111.7 113.5 114.7 115.9 115.4 114.8 113.4 111.6 109.3 106.5 103.8 101.1 98.6 96.9 95.8 95.7 96.9 99.7 105.6 109 109.7 109 105.9 101.7 96.3 89 82.4 75.8 70.9 65.9 61.1 56.6 51.4 48.1 46 46 46.1 46 45.9 45.8 45.7 44.9 45.8 47.7 52.9 60.6 62.7 67.4 71.7 76.7 81.3 85.5 88.6 95.6 101.7 106.3 110.7 115.3 117.2 119.4 123.2 126.8 128.7 130.7
138.1 139.6 140.1 139.7 139.6 139.6 141.5 141.7 142.4 142 141.7 141.9 140.5 138.9 135.1 131.2 128.2 125.1 122.2 119.1 117.3 116.1 116 115.9 115.4 114.4 112.8 111.3 108.7 105.5 102.9 101 98.7 96.4 94.8 93.6 93.1 94.5 96.7 100.7 103.1 102.2 100.9 97 90.4 85.7 80 74.8 69.9 64.7 60 55.7 50.7 47.8 45.9 45.8 46 46.1 46 45.9 45.8 44.3 45.9 47.6 56.8 68.9 72.6 78.4 83.6 88 91.6 95.5 99.8 104.2 107.7 111.5 114.2 117 119.5 122 125.7 129.4 131.2 133
131.5 134 135.5 136.3 135.4 134.7 136.4 137.6 139.1 139.8 139.7 141.3 141.2 141 138.5 135.1 132 129.1 126.3 123.6 121.6 119.2 117.2 115.9 115.3 114.3 112.2 109.2 106.4 103.7 101.1 99 97.5 95.5 93.7 91.8 88.1 89.2 90.3 94.2 97 98.5 95.8 91.7 87.3 82.6 78.6 74.1 68.9 63.6 59.1 54.8 50.5 47.7 45.9 45.7 45.8 45.9 46 46 45.6 44 46.3 49.6 64.3 77.1 81.5 86.2 91.9 93.8 97.1 100.4 103.4 106.5 109.5 112.8 115.6 118.4 121.7 124.3 128.1 131 131.6 133.9
124.3 128.3 130.9 132.5 131.6 128.3 129.7 132.5 135 136 137.8 140 142.2 142.3 141.6 139.8 135.9 133.2 130.5 128.1 124.1 119.8 117.9 115.2 114.4 112.2 109.4 106.7 103.6 100.4 97.7 95.1 92.8 91.7 90.2 89.6 85.2 81.8 84 86.6 80.6 89 88.8 87 83.4 80.3 76.1 72 67.3 62.4 57.8 53.5 50.3 47.7 45.7 45.8 45.9 45.9 46 46 45.6 44.9 46.4 51.2 69.3 82.7 86.8 89.3 93.7 96.1 99.1 102.1 105.3 108.7 111.4 113.7 117.1 119.9 122.9 126.1 128.2 129.8 130.3 133.3
115.9 121.5 124.4 127.5 127.5 124.3 124.2 127.7 130.2 131.9 133.6 137.9 141.6 144 143 141.5 139.8 137.1 134.1 129.6 125.3 121 118 113.9 110.9 108.6 104.7 101 98.1 95.3 92.5 90.4 87.8 86.7 85.6 84 81.5 77.7 76.6 78.4 80.7 81.8 82 81.3 79.8 77.6 74.3 70.1 65 60.3 56.3 52.4 49.4 47.4 45.7 45.9 46 46.1 46.1 46.1 45.7 44.3 46 54.7 73.3 85.9 88.2 92.1 95.5 97.8 100.9 103.7 107.2 108.7 111 114.1 116.8 120.4 123.9 125.9 126 127.2 128.2 130.5
108.8 112.8 117.7 122.3 122 119.6 122 123.7 125.3 129.2 132.1 137.3 140.9 144.6 145.2 143.7 142.3 139.3 136.2 131.5 126.5 122.2 117.2 111.2 106.5 102.6 99.6 93.8 90.2 87.6 86 84 82.8 81.5 80.1 77.6 75.2 73.9 71.3 72.2 74.7 76 75.8 76.9 76.3 74.5 72 68.4 64 59.6 55.2 51 48.4 46.8 46.1 46.1 46.1 46.2 46.2 46.2 45.9 44.2 45.4 59.4 80.8 87.2 90.7 93.9 97.2 99.6 102.2 105.4 106.5 108.3 110.6 113.7 116.8 120 122.5 123.8 124.5 125.2 125.7 125.5
109.5 105.6 108.7 115.9 115.4 113.3 115.3 119 122.6 126.7 131.1 136.1 139.6 144 145.3 145 144.5 141.8 138.2 133.5 128.6 123.4 117.9 112.3 104.6 95.3 90.3 86.6 83.3 78.7 77.7 76.3 74.7 74.1 71.9 70.5 71.4 71.1 67.1 66.6 69.4 69.1 69.7 71.6 71.7 70.9 68.6 66.4 63.3 58.8 54.2 49.6 47.5 46.4 46.3 46.2 45.9 45.9 46.2 46.2 46 44 49.6 71.3 82.1 88.7 93 96.4 100.2 101.2 103.2 104.3 105.7 107.8 110.2 113.3 116.4 118.4 120.2 121 121.7 122.4 121.7 120.9
116.9 106.7 103.5 106.6 108.8 111.7 115.3 119.2 124.3 129.3 132.5 136 140.3 144.6 146.2 146.5 146.6 144.2 140.2 135.5 131 125.1 117.1 109.9 102.6 96.8 97.3 96 92.2 86.4 80.8 78.2 73.9 70.8 68.2 66.5 69.4 67.9 64.9 61.2 61.5 61.8 63.3 65.5 66.8 67.2 65.5 63.5 60.7 56.5 51.8 48.4 47.1 46.3 46.1 45.8 45.6 45.5 45.9 46.2 45.9 44.1 58.4 74.4 82.9 90 94.7 97.1 99.6 101.3 102 103.2 105.3 107.4 109.7 112.9 114.9 116.6 117.8 117.8 118.6 118.9 117.5 115.2
120.9 109.9 101.7 105.4 110 114.3 116.9 120.7 125.3 131 134.5 137.9 140.9 145.1 146.6 148.2 148.5 147.2 144 139.8 135.4 128.1 118.5 113.2 111.9 112.9 110.7 107.5 102.4 96.9 92.2 87.4 82.5 77.2 73.8 70.5 67.9 64.7 62.6 59.5 58.8 57.8 58.8 59.2 59.7 61 61.6 60.3 57.4 53.4 49.6 47.8 46.7 46.1 45.7 45.4 45.3 45.2 45 45.9 45 44.3 63.5 73.8 80.5 86.8 92.3 94.8 97.1 98.5 100.6 102.7 104.8 106.9 109.3 111.5 113.3 115.1 115.7 115.7 115.6 114.9 112.9 110.2
123.2 111.7 100.8 104.2 109.3 113.9 118.5 123 127 131.5 135.1 138.6 142.2 145.5 147.5 149.2 149.5 149.8 147.3 143.6 139.8 133.2 132.2 128.7 124.4 121.2 118.5 113.8 109.2 104.9 99.6 95.4 90.2 84.6 80.1 77.2 74.9 72 68.4 64.7 60.5 57.1 57.7 55.3 54.3 53.1 53 55 53.9 50.6 48.3 46.8 46.3 45.8 45.4 45.1 45 44.9 44.8 45.1 44.3 51.1 64.9 72 77.3 81.4 85.5 90.2 91.9 94.7 98.4 101.5 103.8 106.1 108.1 110 111.8 113.2 113.5 113.5 113.6 112.2 108.3 105.2
124.9 111.5 98.9 102.1 107.9 114.1 120 124.5 127.9 132 135.9 139.7 143.4 146.5 148.5 150.2 151.5 153 149.9 146.3 143.7 140.5 137.8 133.8 129.9 126.9 123.7 118.8 114 109.7 104.3 98.5 93.3 88.1 83.7 81.2 78.7 75.5 72 69.3 67.1 63.9 60.4 59 57.3 54.6 52.6 50.9 50 49.7 47.9 46.8 46 45.4 45.1 44.9 44.9 44.9 44.9 44.7 45.8 57.3 64.2 69.4 73.8 77.6 81.4 85.3 88.9 92.7 97 100.2 102.5 104.1 105.8 108.1 110.3 111.3 111.5 111.5 111.6 110.5 107.8 103.6
123.7 109.7 97.3 100.3 108.2 114.5 121.3 126 129.8 133.1 137 140.9 144.6 147.6 149.6 152.2 154.4 153.9 152.7 149.4 147.4 145 142 137.8 133.4 129.7 125.7 121.4 116.3 111.1 106.5 100.9 94.7 89.2 84.6 81.6 79.1 75.3 73.5 72.3 70.8 67.7 63.9 62.1 60.4 57.2 54.7 52.5 49.9 48.3 47.7 47.1 46.2 45.4 44.9 44.8 44.7 44.5 44.9 45.5 47.2 56.9 62.8 66.1 69.2 74.4 80 84.5 88.2 91.9 95.6 98.7 100.3 101.8 103.5 105.8 107.7 108.9 109.6 109.3 109.8 111 108.5 104.4
117.4 104.3 95.5 99.4 107.8 115.3 121.2 126 131 134.4 138.2 142 145.8 148.6 151.2 153.6 155.5 154.7 153.3 151.1 148.3 147.1 145.2 140.7 134.7 130.4 125.3 120.2 115.3 110.6 106.5 99.9 94.8 89.3 84.3 81 76.7 73.6 71.9 71 70.2 67 63 61.2 59.1 56.8 54.9 52.5 49.7 47.2 47.5 47 46.4 45.5 44.7 44.5 44.4 44.4 44.8 45.8 47.1 51.4 56.9 64.8 69.7 73.5 78.1 82.1 86 89.8 93.7 96.2 98 99.5 101.2 103 104.2 105.3 106.4 106.4 106.2 107.3 106.7 104.7
110.5 99.3 94.9 99.4 107.7 114.5 121.2 126.5 131.7 136 139.7 142.9 146.2 149 151.9 154.3 154.2 153.4 152.6 151.1 149.4 148.5 147.6 141.5 134.4 129.2 123.9 119 114.2 109.6 104.4 98.6 93.1 87.6 82.1 77.3 73.5 71.4 70.2 67.9 66.6 64.9 62 60.2 57.1 54.7 52.8 51.2 48.7 47.7 47.2 46.7 46.1 45.5 44.8 44.3 44.2 44.4 44.6 45.3 47 55.2 57.8 63 68.1 71.8 75.6 79.6 84.3 87.8 90.5 93.2 95.2 96.9 98.3 99.3 100.4 101.4 102.6 102.7 102.7 102.2 102.3 101.7
105.2 96.3 94 99.1 107.8 115.9 121.5 126.7 131.8 135.9 139.1 142.3 145.8 149 152 152.7 152.5 152.2 151.6 150.3 148.9 148.3 145.5 139.2 133 127.8 121.9 117 112.1 106.7 100.8 95.3 89.5 83.8 78.4 73.9 70.7 67.8 65.7 64.2 63.5 62.2 60.6 58 55.1 52.6 50.8 49.2 47.9 47.4 46.9 46.3 45.8 45.2 44.6 44.1 44.3 44.4 44.6 44.9 48 57.8 61.4 63.4 67.9 71.2 74.5 78.9 81.9 84.6 87.4 90.3 92 93.6 94.9 95.4 96.5 97.6 98.8 99 98.6 98.1 97.4 95.6
100 94.7 93.5 98.2 107.7 116 121.5 126.6 132 135.5 138.6 141.9 145.4 148.9 150.5 151.4 151.9 151.3 150.5 149.4 144.6 141.3 139.5 134.7 129.9 124 118 112.4 107.9 102.8 97.1 92 86.4 80.5 74.9 71.4 68.1 65.3 62.8 61.2 60.7 59.6 57.9 55.7 53 50.5 48.9 48.2 47.6 47.1 46.6 46 45.4 44.9 44.3 44.1 44.5 44.5 44.6 44.8 51.1 58 61.3 64.5 67.7 71.1 73.7 76.3 79.4 82.3 85 86.6 88.6 90.3 91.5 91.6 92.6 93.8 95 95 94.5 94.1 92.9 90.8
96.6 93.6 91.6 97.6 107.3 115.2 120.9 125.6 129.3 131.5 135 140.5 144.1 148.7 150.4 151.6 152.1 151 150.7 145.4 138.3 134.3 132.1 129.8 125.1 119 112.2 106.4 101.8 97.6 93.7 88.8 83.3 78.1 72.8 68.8 65.4 62.8 60.2 58.2 57.8 57 55.3 53.6 50.4 49 48.5 47.9 47.4 46.8 46.3 45.7 45.2 44.6 44.2 44.1 44.7 44.8 44.8 45.4 50.7 57.2 60.5 63.3 66.1 68.7 71.3 73.8 76.6 79.8 81.3 82.9 85.1 86.8 87.2 87.3 88.6 89.7 89.8 90.5 90.4 90 89.3 85.8
102.3 95.3 89.2 96.1 106.8 113.8 119.6 123.1 125.1 130.4 135.3 140.4 146.2 147.9 149.6 151.4 152.3 150.9 149 139 130.1 125.9 124.2 123.7 119.3 113.1 106.5 100.5 96.1 92.4 89.8 84.8 81.2 75 70.7 66.9 63.8 61.1 58.4 56.2 55.1 54.4 52.7 50.9 49.1 48.3 47.9 47.4 47 46.5 46 45.5 44.9 44.4 44.2 44.1 44.8 44.6 44.4 45.9 52.3 55.3 58.1 60.9 63.7 66.3 68.9 71.5 74.2 76.4 77.7 79.4 81.1 81.8 81.4 81.1 82.2 84.1 83.5 84.1 86.4 85.9 84.6 81.7
110.2 100.4 89.6 92.8 104.5 111.6 116.2 119.2 124.2 129.8 136.9 142.6 146.4 148.5 150.5 152.5 152.8 151.8 149.8 142.4 131.5 123.3 114.2 111.8 109.7 107.3 99.7 93.5 89.5 86.7 84.6 81.8 76.9 70.9 68.8 65.5 62.7 60.4 58.5 56.7 54.7 53.7 52.1 50.6 49.3 48.4 47.8 47.2 46.7 46.2 45.7 45.2 44.7 44.3 44.2 44.1 44.7 44.6 44.6 47.7 51.2 53.1 55.4 58.3 61.2 64 66.6 68.8 70.9 71.2 72.4 74.2 74.2 74.2 74 74.1 75 76.6 76.3 78.9 80.6 80.4 78.7 74.5
