data/SX45.asc
ncols 200
nrows 200
xllcorner 240000
yllcorner 50000
cellsize 50
[rows 117 to 155 of 200, columns 0 to 87 of 200]
81.9 79.5 76.9 72.3 67.4 62.4 55.4 51.1 48.3 47.9 46.8 49 45.3 40.1 34 26.9 20.6 13.9 8.1 4 -1.6 -1.6 1.9 2.2 1.6 1.1 1.1 1.3 1.6 1.7 1.9 1.3 0.5 -0.1 -1.6 -1.6 -0.7 -0.5 -1.6 -1.6 -1.6 -1.6 -1.6 -1.6 -1.6 -1.6 -1.6 -1.6 -1.6 -1.6 -1.6 -1.6 -1.6 -1.6 -1.6 -1.6 -1.6 -1.6 -1.6 -1.6 -1.6 -1.6 -1.6 -1.6 -1.6 -1.6 -1.6 -1.6 -1.6 -1.6 -1.6 -1.6 -1.6 -1.6 -1.6 -1.6 -1.6 -1.6 -1.6 -1.6 -1.6 -1.6 -1.6 -1.6 -1.6 -1.6 -1.6 -1.6
80.6 81 78.7 76.1 71.7 67.4 58.7 49.4 41.1 37.5 37.9 44.9 50.9 49 41.7 34.2 24.6 18.3 13.2 10.2 1.1 -1.6 -0.2 0.7 0.7 0.3 0.2 0.3 0.6 1.1 0.9 0.8 0.1 -0.7 -1.6 -1.6 -1.6 -1.6 -1.6 -1.6 -1.6 -1.6 -1.6 -1.6 -1.6 -1.6 -1.6 -1.6 -1.6 -1.6 -1.6 -1.6 -1.6 -1.6 -1.6 -1.6 -1.6 -1.6 -1.6 -1.6 -1.6 -1.6 -1.6 -1.6 -1.6 -1.6 -1.6 -1.6 -1.6 -1.6 -1.6 -1.6 -1.6 -1.6 -1.6 -1.6 -1.6 -1.6 -1.6 -1.6 -1.6 -1.6 -1.6 -1.6 -1.6 -1.6 -1.6 -1.6
74.5 76 76.7 74.5 73.1 71.7 68.6 58.2 43.8 33.6 29.6 31.7 43.6 51 46.9 40.5 31.7 24 20.1 17.1 12.3 -1.6 -1.6 -1.6 -0.7 -0.5 -0.7 -0.6 -0.3 0 0.1 0.3 -0.4 -1.1 -1.6 -1.6 -1.6 -1.6 -1.6 -1.6 -1.6 -1.6 -1.6 -1.6 -1.6 -1.6 -1.6 -1.6 -1.6 -1.6 -1.6 -1.6 -1.6 -1.6 -1.6 -1.6 -1.6 -1.6 -1.6 -1.6 -1.6 -1.6 -1.6 -1.6 -1.6 -1.6 -1.6 -1.6 -1.6 -1.6 -1.6 -1.6 -1.6 -1.6 -1.6 -1.6 -1.6 -1.6 -1.6 -1.6 -1.6 -1.6 -1.6 -1.6 -1.6 -1.6 -1.6 -1.6
69.5 69 71 70.2 70.6 71.2 68.8 64.7 57.2 41.3 28.7 23.1 31.9 40.7 45.2 43.1 39.1 32.7 26.1 18.8 -1.6 -1.6 -0.2 -1.6 -1.6 -1.6 -1.6 -1.6 -1.4 -1.6 -0.8 -0.5 -0.8 -1.6 -1.6 -1.6 -1.6 -1.6 -1.6 -1.6 -1.6 -1.6 -1.6 -1.6 -1.6 -1.6 -1.6 -1.6 -1.6 -1.6 -1.6 -1.6 -1.6 -1.6 -1.6 -1.6 -1.6 -1.6 -1.6 -1.6 -1.6 -1.6 -1.6 -1.6 -1.6 -1.6 -1.6 -1.6 -1.6 -1.6 -1.6 -1.6 -1.6 -1.6 -1.6 -1.6 -1.6 -1.6 -1.6 -1.6 -1.6 -1.6 -1.6 -1.6 -1.6 -1.6 -1.6 -1.6
63.8 61.3 63.4 63.7 63.3 65.2 65.7 63.2 59.7 51.1 36.3 22.5 18.2 28 35.9 40.2 41.4 36.2 31.4 -1.6 -1.6 1.5 3.2 3.8 -1.6 1.6 2.3 2.2 0.9 -1.6 -1.6 -1.2 -1.3 -1.6 -1.6 -1.6 -1.6 -1.6 -1.6 -1.6 -0.5 -0.5 -0.7 -1.6 -1.6 -1.6 -1.6 -1.6 -1.6 -1.6 -1.6 -1.6 -1.6 -1.6 -1.6 -1.6 -1.6 -1.6 -1.6 -1.6 -1.6 -1.6 -1.4 -1.3 -1.2 -1.5 -1.6 -1.6 -1.6 -1.6 -1.6 -1.6 -1.6 -1.6 -1.6 -1.6 -1.6 -1.6 -1.6 -1.6 -1.6 -1.6 -1.6 -1.6 -1.6 -1.6 -1.6 -1.6
58.3 55.4 53.8 55.3 56.2 57.6 58.1 57.7 56.8 53.1 43.9 32.4 20.4 15.3 23.3 28.6 29.4 29.8 25.6 -1.6 1.6 6.3 14 17.4 19 17.5 18.2 18.6 15.1 11.7 -1.6 0.1 -0.4 -0.4 -1.3 -1.2 -1.2 -1.6 -1.6 1.1 1.3 1.1 0.7 0.2 -0.1 -1.6 -1.6 -1.6 -1.6 -1.6 -1.6 -1.6 -1.6 -1.6 -1.6 -1.6 -1.6 -1.6 -1.6 -1.3 -1.2 -1.1 -0.9 -0.8 -0.7 -1.1 -1.6 -1.6 -1.6 -1.6 -1.6 -1.6 -1.6 -1.6 -1.6 -1.6 -1.6 -1.6 -1.6 -1.6 -1.6 -1.6 -1.6 -1.6 -1.6 -1.6 -1.6 -1.6
50.6 49 41.4 36.2 38.9 43.3 47.9 49.4 50.9 49.6 44.7 36.8 26.3 15.3 12.5 17 18.9 18.1 13.2 -1.6 3.7 15 24.1 31.9 35.9 34.9 34.9 33.8 29.5 25.3 21.3 19 16.3 13.1 3.6 10.5 12.4 12.6 16.4 17.3 15.3 11.3 1.7 1.2 0.9 -1.6 -1.6 -1.6 -1.6 -1.6 -1.6 -1.6 -1.6 -1.6 -1.6 -1.6 -1.6 -1.5 -1 -0.7 -0.6 -0.5 -0.3 -0.2 -0.2 -0.7 -1.3 -1.6 -1.6 -1.6 -1.6 -1.6 -1.6 -1.6 -1.6 -1.6 -1.6 -1.6 -1.6 -1.6 -1.6 -1.6 -1.6 -1.6 -1.6 -1.6 -1.6 -1.6
37.9 35.6 30 23.9 22.3 23.8 30 35.8 38.3 37.8 34 23.2 10.9 6.5 4.4 5.4 4.1 5.1 -1.6 -1.6 7.9 20.3 33.5 41.7 47.7 46.8 48.8 49.8 47.9 44.3 40 37.4 33.6 29.4 26.9 26.2 29 29.7 28.6 26.5 22.4 18.7 14.8 6.4 6.5 0.9 -1.6 -1.6 -1.6 -1.6 -1.6 -1.6 -1.6 -1.6 -1.6 -1.6 -1.6 -1.1 -0.6 -0.1 0 0.1 0.2 0.3 0.2 -0.3 -0.9 -1.6 -1.6 -1.6 -1.6 -1.6 -1.6 -1.6 -1.6 -1.6 -1.6 -1.6 -1.6 -1.6 -1.6 -1.6 -1.6 -1.6 -1.6 -1.6 -1.6 -1.6
25.1 20.9 18.8 19 15.9 13.4 16.7 20.3 21.6 22.2 20.5 8.4 4.3 6.9 4 3.4 0.7 1.3 -1.6 2.3 13.5 24.3 36.3 44.4 50.2 55.2 57.8 59.6 56 55.6 52.5 50.9 50.5 47.3 47.4 49.3 49.5 48.3 40.7 35.9 31.9 26 22.7 20.1 17 12.6 8.6 1.5 -1.6 -1.6 -1.6 -1.6 -1.6 -1.6 -1.6 -1.6 -1.6 -0.8 -0.2 0.4 0.6 0.6 0.7 0.9 0.6 0.1 -0.6 -1.1 -1.6 -1.6 -1.6 -1.6 -1.6 -1.6 -1.6 -1.6 -1.6 -1.6 -1.6 -1.6 -1.6 -1.6 -1.6 -1.6 -1.6 -1.6 -1.6 -1.6
19.7 24.8 29.6 31.1 28.7 25.2 18.6 12.1 10 8.9 8.3 9.4 14.6 19.5 15.1 4.7 6 10.3 7.8 3.9 11.7 21.3 31.3 38.7 42.7 48.3 53.9 53.6 52.1 52.2 55.7 55.8 55.7 51.2 51.1 52.1 52.7 49.3 45.6 43.4 41 38.3 32.7 26.2 21 15.1 10 1.7 -1.6 -1.6 -1.6 -1.6 -1.6 -1.6 -1.6 -1.6 -1.6 -0.8 0.2 0.8 1.2 1.2 1.3 1.4 1 0.5 0 -0.3 -0.8 -1.6 -1.6 -1.6 -1.6 -1.6 -1.6 -1.6 -1.6 -1.6 -1.6 -1.6 -1.6 -1.6 -1.6 -1.6 -1.6 -1.6 -1.6 -1.6
29.2 42 48.2 46 41.1 36.9 32.2 25.9 19.2 15.8 16 22 25.3 22.8 18.4 7.3 14.8 16.2 15.3 14.2 11.3 15.5 22.5 28.5 33.7 39.2 43.6 45.3 44.6 44 45.9 46.9 45.9 45.4 44.3 44 44.3 42.1 41.4 41.5 41 39.2 37.3 32 22.8 16.5 5.7 -1.6 -1.6 -1.6 -1.6 -1.6 -1.6 -1.6 -1.6 -1.6 -1.6 -1.6 -0.1 1 1.7 2.3 2.9 3.4 1.6 1.1 0.8 0.4 -0.1 -0.5 -0.8 -1.1 -1.5 -1.6 -1.6 -1.6 -1.6 -1.6 -1.6 -1.6 -1.6 -1.6 -1.6 -1.6 -1.6 -1.6 -1.6 -1.6
34.8 46.4 55.8 56.4 55 53.1 48.5 38.9 31.7 25.8 25 29.3 29.7 25.7 15.7 8.9 15.4 18.8 20.7 21.1 21.9 17.9 18.8 24.1 30.2 33.6 36.3 38.2 37.4 36.6 37 37.2 37.1 37 35.5 34.1 33.7 32.5 32 32 32.6 31 29.3 25.8 20.8 13.1 -1.6 -1.6 -1.4 -1.4 -1.5 -1.6 -1.6 -1.6 -1.6 -1.6 -1.6 -1.6 -1.6 0.3 1.4 4.2 4 4.7 5.5 2.8 1.5 1.2 0.9 0.2 -0.1 -0.2 -0.6 -1 -1.4 -1.6 -1.6 -1.6 -1.6 -1.6 -1.6 -1.6 -1.6 -1.6 -1.6 -1.6 -1.6 -1.6
42.5 49.1 58.4 62 64.3 64.5 60.4 52.2 45.5 37.5 35.5 36.9 31.7 19.6 15.3 16.3 14.2 18.5 23.2 25.2 28.9 25.3 23.8 26.8 31.5 34 36 35.9 33.5 30.4 28.9 28.5 27.9 27.7 27.1 26.8 25.3 24.8 23.9 23.5 22 17.6 15 -1.6 -1.6 -1.6 -1.6 -0.5 -0.5 -0.6 -0.7 -1.6 -1.6 -1.6 -1.6 -1.6 -1.6 -1.6 -1.6 -0.6 0.8 1.9 4.4 5.3 5.7 5.2 5.2 4.5 1.6 1 0.6 0.5 0.4 0 -0.4 -0.8 -1.2 -1.6 -1.6 -1.5 -1.6 -1.6 -1.6 -1.6 -1.6 -1.6 -1.6 -1.6
54.5 55.2 61.2 65.6 68.7 69.9 66.8 61.2 56 50.6 47.4 44.5 36.3 21.4 27.2 28.6 26 22.5 23.7 28 33.8 34.8 32.4 33.7 34.6 36.3 36.5 34.9 32.7 30.5 27.4 24.2 24.4 21.8 20.2 19.2 18.7 19.4 18.3 16.1 13 -1.6 -1.6 -1.6 -0.4 0 0.5 0.5 0.4 0.3 -0.4 -1.6 -1.6 -1.6 -1.6 -1.6 -1.6 -1.4 -1.6 -0.6 1 3.3 3.9 5.7 6 6 5.8 6 3.1 1.8 1.3 1.2 1 0.9 0.5 0.1 -0.3 -0.6 -0.6 -0.7 -0.8 -1 -1.2 -1.4 -1.6 -1.6 -1.6 -1.6
62.1 61.8 65.4 70 72.6 74.1 72.4 69.7 66.5 61.5 57 53.4 38 40.2 47.5 48.3 42 34.9 29.7 30.1 36 41 39.9 39.2 39.2 40.2 39.3 36.2 35 34 31.3 29.1 24.9 22.6 19.8 16.1 14.1 12.1 10.4 -1.6 -1.6 -1.6 1 1.1 1.7 2.1 5.5 1.5 1.2 0.9 -0.8 -1.6 -1.6 -1.6 -1.6 -1.6 0 0.6 0.4 0.8 2.3 5.9 7.8 7.6 8 9.2 8.7 9.1 8.4 7.2 5.9 3.5 1.7 1.7 1.5 1.2 0.8 0.3 0.2 -0.1 -0.3 -0.5 -0.6 -0.9 -1.2 -1.6 -1.6 -1.6
70.4 71.4 73.5 77.8 78.9 79.6 79.9 79.4 76.3 73 66.6 58.2 39.8 54.6 61.2 60.5 55.8 49.6 41.7 37.1 38.5 42.8 45.3 44.8 43.8 41.1 39.7 37.2 36.2 34.8 31.8 30.5 26.8 25.7 23.9 21 16.5 11.9 -1.6 -1.6 -1.6 12.1 14.4 15.1 16.6 16.3 12.3 8.4 3 0.8 -1.6 -1.6 -1.6 -1.6 -1.6 3.2 4.3 3.2 3.1 8.7 11.1 12.8 14 11.9 14.4 15.4 16.3 16.9 18.5 18.6 17.1 14.8 11.5 11.9 10.5 6.7 1.8 1.2 0.6 0.5 0.3 0 -0.3 -0.6 -0.9 -1.3 -1.6 -1.6
86.8 84 88.7 93.3 95.6 96.1 93.1 92.6 91.3 87.7 83.7 62.8 51.8 63.9 74.6 75.2 72.9 64.8 55.2 48.4 47.1 48.7 49.8 49.5 46.2 41.4 37.5 35.5 33.1 31 30.4 28.5 26.6 25.8 23.3 19.9 12.7 3.8 -1.6 14.3 17.5 20.8 22.9 23.4 24.2 23.1 20.1 17.2 12.2 4.2 -1.6 -1.6 -1.6 -1.6 1.6 8.2 10.5 12.3 16.5 20.6 24.6 25.4 24.6 24.5 25.1 26 29.1 32.9 33.8 29 25.4 19.8 18.4 17.7 17 13 6 1.4 1.2 0.8 0.5 0.2 -0.2 -0.6 -1 -1.3 -1.6 -1.6
98.6 97.6 97.8 101.2 103 104.4 104.9 103.9 101.9 97.9 91.2 80.3 73.2 71.4 79.9 82.5 81.2 77.4 71.1 63.7 58.6 57.3 56 52.7 45.7 41 38.2 34 30.5 26.4 24.6 24.2 22.2 21.8 21.5 15.3 5.4 16.2 20.5 26.1 28.6 31.5 31.5 31.8 29.6 27.5 22.4 19 13.3 6.1 -1.6 -1.6 -1.6 -1.6 1.5 8 12.7 16.5 19.6 24.4 28.5 32.2 35.5 35.7 35.2 35.5 36.4 36.1 34.5 30.1 27.2 24 19.8 19.2 17.9 13.5 7.5 1.6 1.2 0.9 0.5 0.1 -0.3 -0.6 -1 -1.4 -1.6 -1.6
103.5 102.2 100.1 103 106.3 108.5 110.7 110.3 106.8 102.8 95.6 91.4 86.5 84.4 88.8 88.7 87.9 85.3 81.6 76.3 72.3 68.9 65.2 59.2 52.6 45.2 44.8 40.4 37.7 33.1 27.3 22.5 19.4 14.8 11.6 9.3 12.1 22.5 30.2 37.1 41.6 41.1 39.9 37.2 34.7 30.6 24.8 19.6 13.7 5.2 -1.6 -1.6 -1.6 -1.6 1.7 8.9 13.3 16.9 20.4 23 25.2 27.1 28.3 29.7 34.4 35.7 35.3 34.3 32.1 29.8 27.2 25.9 22.2 19 16.5 11.8 6.1 1.5 1.2 0.8 0.4 0 -0.3 -0.7 -1.1 -1.5 -1.6 -1.6
105.9 104.6 103.9 105 107.3 110.1 111.1 111 109.6 106 102.7 98.7 97.3 97.4 98.8 98.8 97 94.3 90.3 88.4 87.2 84.3 79.5 74.2 65 57.6 56 52.8 47.9 41.3 35.9 31.9 27.5 19.7 14.6 16.7 16 16 32.8 45 47.1 46.9 44.2 40.8 36.9 32.9 25.8 19.9 14.1 7 0.2 -1.6 -1.6 -1.6 1.1 8.9 12.9 16.4 19.4 21.1 22.2 25 27.1 29.2 32.3 33.9 33.9 34.2 32.5 30.1 26.3 23.5 21.6 18.5 14.5 10.4 1.7 1.4 1.1 0.7 0.4 0 -0.4 -0.8 -1.2 -1.5 -1.6 -1.6
106.3 106.1 105.6 106 108.2 110.9 110.8 110.8 111.8 110.5 108.6 108.1 106.8 106.7 107.1 106.1 105.5 102.5 98.4 96.3 95.3 94.1 92 89.1 81 72.6 66.7 69.1 67 58.8 53.3 47 38.9 21.1 22.9 31.9 31.9 21.7 32.6 50.4 53.3 52.5 48.1 44.1 39.3 32.9 25.9 19.8 14.2 8.3 0.9 -1.6 -1.6 -0.3 1.4 8.6 12.4 14.6 16.2 19.1 20.9 25 28.6 30.6 33.8 35.6 36.1 35.4 34 31.2 27.5 20.1 14.8 13.9 9.1 4.5 1.6 1.2 0.8 0.5 0.2 -0.1 -0.5 -0.9 -1.2 -1.6 -1.6 -1.6
106 105.7 106.1 106.3 108.3 110.6 110.4 111.3 113.1 113.1 115.2 114.1 112.6 112.4 111.8 110.9 109.4 107.9 105.6 102.7 101.8 100.6 98.5 96.1 93.8 88.4 79.8 76.4 76.2 72.3 68.2 60.9 46.6 24.2 27.8 47.3 47 28.6 30.2 49 55.2 56.9 55.7 48.4 42.2 35.4 29 21.6 15.6 9.5 3.6 0.4 -1.6 -0.2 1.7 9.4 11.3 12 14 16.8 21.2 26.8 30.3 33.6 36.6 37.6 38.5 37.8 36.9 34.8 30.6 26.1 16.9 6.5 1.8 1.8 1.5 1.1 0.7 0.3 0 -0.3 -0.5 -0.9 -1.3 -1.6 -1.6 -1.6
103.1 103.5 104.9 105.9 108 110.1 110.5 112 113.2 114 114.8 115.1 115 113.6 112 111.1 109.8 108.4 107.6 106.7 106.7 105.7 105.2 101.3 99.2 94.8 91.3 83.6 79.3 81 72.4 65.2 46.4 25.5 31.2 48.8 47.9 35.1 28.1 43.8 50.1 52.8 52.9 48.6 42.6 36.8 30.8 23.6 17.7 11.2 6.1 0.8 -1.6 0.2 5.4 8.8 10.6 11.1 15.8 20.1 24.6 29.9 33 36.2 38.8 40.3 40.4 40.3 38.2 35.8 32 27.7 21 14.4 12.2 6.3 1.5 1.1 0.6 0.2 -0.2 -0.5 -0.8 -1 -1.4 -1.6 -1.6 -1.6
100.4 99.7 102.6 105 106.7 109 110.4 111.2 112.4 113.5 114.5 115 114 112.3 110.9 109.6 108 107.3 106.7 106.4 106.2 106 105.1 102.8 101.3 97.2 93.5 85.8 69.7 59.1 56.9 50.1 38.2 24.1 37.3 56.5 56.3 44.9 29 41.2 48.6 49.3 47.2 43.8 38.4 34 28.8 22.1 15.7 11.1 6.5 1.3 -1.6 -1.6 2.9 5.9 7.7 12.9 18.1 23.1 28.9 33 36.1 38.7 40.9 41 40.9 41 36.3 34.5 31.3 28.4 25.8 21.8 17.4 10 1.4 1 0.6 0.1 -0.3 -0.7 -1.1 -1.3 -1.6 -1.6 -1.6 -1.6
98.9 99.3 100.6 102.7 104.4 106.9 109.3 110.5 111.6 112.5 113.4 113.4 112.2 110.8 109.2 107.1 105 104.4 104.1 104.7 104.2 102.4 101.6 100.7 100 97 93.6 86.7 68.4 47.7 39.1 31.4 30.3 36.9 51.8 59.9 57.9 48.4 32.8 47 56.2 52.9 44.7 40.2 33.8 29.8 23.7 20 13.8 10.4 6.6 1.8 -0.1 -1.6 1.3 4 9.2 14.6 19.8 25 29.7 34.4 38 40.5 41.8 41.1 40.8 37.9 33.3 28.5 29.6 28.3 26.3 23.2 17.7 3.7 1.8 0.5 0.1 -0.2 -0.5 -0.9 -1.3 -1.6 -1.6 -1.6 -1.6 0
96.3 95.9 98.1 99.5 102 105.3 108 109.3 110.8 111.3 111.8 111.4 110.8 109.6 106.7 103.7 101.1 99.7 99.3 99.5 99.6 99 97.6 97.1 96.8 94.3 92.4 82.6 61.4 44.6 33.9 36.7 41.4 51.4 65.6 61.8 56.6 44.3 37.7 53.8 56.1 49.5 41.9 35.7 30.4 24.3 20.2 16.4 12.8 10 4.6 5.3 1.6 -1.6 1.8 7.2 11.7 16.5 20.8 25.5 29.2 32.8 35.6 39.3 39.8 38.1 36.7 34.9 32.6 19.1 18.9 20.8 19.4 20.9 14.8 7.2 2.2 0.8 -0.2 -0.9 -1.1 -1.6 -1.6 -1.6 -1.6 0.8 3.3 5
95.3 95.1 94.5 97.5 101 104.5 106.9 109.3 110.8 111 111.3 109.9 109.8 106 103.2 99.8 95.9 95.3 95.3 96 96.8 96.1 94.8 93.7 93.4 91.4 84.7 69.6 58.2 49.7 43.7 48.4 63.3 75.3 77.4 71.1 59.1 43.2 44.3 59.1 58.7 50.6 42.9 35.4 30.2 24.5 19.6 15.7 12.5 11.1 7.6 5.6 2.4 -1.6 8.5 12.7 15.7 18.7 21.5 25.6 28 29.9 32.6 34.8 34.2 34.8 33.3 31.8 24 19.5 19.4 16.8 13.7 16.6 13.9 7.6 2.9 -0.2 -1.6 -1.6 -1.6 -1.6 -1.6 -1.6 0.8 5.7 14.2 17.1
96.6 94.6 94 96.6 100.1 103.6 105.4 108.4 110.7 111.1 110.6 110.7 107.7 102.4 98.9 95.1 91.4 89.8 91 92.6 93.3 92.7 92 90.5 91 91.1 87.1 78.9 71.1 60.3 55.3 61 79.8 91.1 90.6 80.6 65.6 47.4 48.4 66.7 64.8 58.3 49.2 40.9 34.6 28.4 22.3 17.6 13.1 11.1 9 6.9 4.8 3.9 9.4 14 18.2 20.9 21.9 24.3 25.7 26.6 29.3 32 32.3 31.7 29 26.7 21.3 18.9 16.7 15.1 14 15.7 9.5 6.7 2.6 -1.6 -1.6 -1.6 -1.6 -1.6 0.5 2.4 9.4 15 20 24.5
97.5 95.5 91.3 95.3 99.1 101.8 103.7 105.4 107.5 108.9 107.8 106.9 104.4 101.2 97.9 93.5 89.4 85.5 86.3 88.6 88.6 89.2 88.7 88.1 89.7 91 90.9 90.5 84.2 74.3 67.9 76 91.9 94.6 93.6 85 70.7 57.2 50.2 70.9 70.8 64.1 55.8 45.1 35.6 28.5 24 18.1 9.3 10.4 8.4 6.1 4 5.6 8.9 12.5 16.4 19.6 21.2 22 23.5 24.4 26 28.6 29.6 28.6 25.7 22.7 20.8 16.3 15.4 11.7 11 9.7 5.7 -1.6 -1.6 -1.6 -0.6 0.1 0.6 2.3 10 14.5 18.3 20.8 24.4 25.9
98.1 96.2 90.8 92.3 97.1 99.6 102.4 104.2 106.1 106.2 105.4 104.2 102.6 100.6 96.8 93.3 89.1 83.2 79.3 83 85.3 86.5 86.2 84.9 87.2 89.7 91.2 92.8 92 90.5 88.6 91.3 94.9 94.9 94.8 91.2 78.5 63.8 57.9 73.4 76.1 69.2 59.4 45.8 37.2 28.6 22.4 10.9 8.4 9.4 7.8 5.3 6 5.8 8.3 11 12.4 14 16.3 18.8 21.4 22.9 23.8 25.5 26.4 25.5 23.1 18.4 14.3 10.7 9.3 6.5 5.6 3.4 1.8 -1.6 -1.6 -0.8 -0.1 0.6 1.3 7 12.5 17.7 22.5 24.8 26.9 27.6
95.6 93.8 89.9 88.5 94.6 97.8 101.1 102.9 104.3 104.3 103.7 102.2 100.6 98.9 96.5 92.8 88.1 82.8 76.7 76 81 82.5 81.1 77.5 82.9 87.3 89.9 92.4 92.7 91.9 91.9 94 94.9 94.9 94.8 90.8 82.6 67.5 70.9 80.5 79.4 71.4 60.8 47.4 38.1 29.3 20.3 12 8.6 9.4 7.2 5.4 6 5.7 5.3 7.4 10.1 11 15 18.9 20.8 21.5 21.8 23.9 23 22.5 20.4 15.6 10.9 7.3 1.8 1.9 2.1 2.2 1 -1.6 -1.5 -0.8 0 0.7 1.4 6 11.1 16.2 21.1 24.9 28.3 30.8
91.9 90.9 86.5 86.4 92.1 96.7 99.4 101.6 102.3 102.8 101.4 100.1 98.5 96.8 95.8 92.3 88.1 85.7 79 70.3 76.3 78 74.6 71.8 75.7 82.6 86.8 90.9 91.9 91.5 91.5 92.7 92.8 93.2 92.8 91.6 86.9 83.5 83 84.1 80.5 73.2 62.3 49 38 27.8 18.9 14.2 10.6 9.7 5.9 4.5 3.6 3.5 3.2 4.3 5.6 9.1 11.9 15.7 16.9 14.9 10.3 14.1 18.3 17.5 14.8 10.7 7.7 1.8 1.6 1.5 1.4 1.1 -0.2 -1.6 -1.4 -0.7 0 0.6 1.2 1.7 7 12 17.9 21.1 23.2 26.8
87.7 85.7 79.8 85.6 91.7 96.6 99.5 101 101.3 101.8 100 98 96.5 95.6 94.8 92.3 89 85.3 79.8 68.9 70.7 73.3 71.4 68.8 72.1 77.6 83.4 86 89.4 90.5 90.5 90.5 90.4 90.4 90.1 91 91.8 91.7 91.9 88.8 84.4 74.4 63.4 52 40.2 28.4 20.4 14.5 12 10.5 6.7 5.2 3.5 2.3 1.9 2.5 3.3 6.4 8.6 9.7 10.1 7.6 6.3 8.2 11 12.5 11 7 1.8 1.3 1 1 0.9 0.8 -0.3 -1.6 -1.6 -0.9 -0.3 0.3 0.9 1.7 1.8 5.6 10.5 12.9 16 19.1
78.5 78.7 81.8 88 94.2 97.4 99.9 101 101 100.3 98.5 96.8 94.3 93.1 92.2 90.6 88.9 85.8 80.9 69.4 63.7 66.8 66.6 63.4 69.7 75.4 79.3 82.5 85.3 86.5 87.2 87.2 86.2 86.6 86.8 88.8 92.5 95.8 95.9 93.3 87.8 76.7 66.8 55.8 43 31.6 22.1 16.3 12.3 8.6 5.4 3.4 2.3 1.6 1.5 1.1 2.3 3.5 4.2 4.8 5.8 5.8 6.3 11.3 10.9 11.5 11 4.3 1.4 0.8 0.5 0.4 0.3 0.2 -0.5 -1.6 -1.6 -1.2 -0.5 0.3 1.1 1.8 1.8 1.8 2.1 5.2 7.3 9.6
73.6 81.7 86.4 91 93 95.3 96.5 96.3 96.5 95.9 94.4 92.9 91.5 89.8 89.8 88.6 86.9 84.5 81.5 76.1 63 59.1 62.4 59 67.1 73.4 77 80.1 82.2 83.9 84.3 83.4 81.9 81.2 81.9 86.2 90.7 93.8 93.2 91.4 86.6 78 68.4 60.4 45.3 35.7 24.5 18.2 13.9 7.6 3.2 1.2 1.3 1.3 1.3 1 1.1 1.6 1.8 1.8 1.8 1 3.5 6.7 6.9 11.6 10.9 1.7 0.9 0.4 0 -0.2 -0.2 -0.3 -0.8 -1.6 -1.6 -1.2 -0.3 0.5 1.3 1.8 1.8 4.9 10.2 9.7 11.7 12.4
83.9 87.8 91.1 90.9 90.5 91.1 91.4 91.4 91.3 91 90.8 89 87.8 87.2 87.3 86.6 84.2 81.1 77.7 73 65.4 60.1 55.9 55.5 64.5 71.1 73.9 77 79.9 81.6 81.8 79.1 76.6 75 78.1 82.8 87.1 90.1 89.2 86.9 81.7 71.9 64.1 56.7 47 38.7 28.9 21.5 13.2 6 1 1 1 1.1 1.1 1 1 1.8 0.8 0.2 0.1 0.6 1.5 2.1 3.8 4.2 5.6 1.4 0.5 -0.1 -0.6 -0.8 -0.8 -0.9 -1.1 -1.6 -1.6 -0.6 0.1 0.8 1.5 1.8 1.9 13.3 19.2 23.6 25.1 22.4
85.4 88.8 90.4 87.8 85.4 85.1 86.1 87.2 87.4 86.8 86.4 86.8 85.4 84.4 85 85.5 83.2 80.2 74.2 69.6 65 63 58.7 50.3 59.7 65.4 69.3 74.2 77.4 80.9 79.8 77.7 74.1 71.1 73.8 79.4 83.2 84 82.8 80.7 76.3 66.5 56.7 48 41.2 34.2 28.7 21.2 11 2.8 1 1 1 1 1 1 1 -1.6 -1.6 -1.6 -1.6 -1.6 0.6 2.2 4.7 8.9 5.7 1.3 0.2 -0.6 -1.1 -1.6 -1.6 -1.6 -1.6 -1.6 0.3 0.6 1.1 1.7 4.4 6.7 5.4 12.4 20.9 29.2 35.9 36.9
79.4 84.8 86.3 83.7 80.9 79.3 80 81.9 82.9 81.2 82.1 83 83.7 84.2 84 84.3 83.6 82.3 78.3 75.5 73.4 70.4 65.4 49.6 53.4 61.2 66.7 72.6 77.7 80.8 81 77.2 72.7 67.3 69 75.8 78.2 77.6 75.9 72.2 68.7 64.3 54.4 42.1 32.8 23.9 18.9 14.8 4.3 1.3 1 1 1 1 1 1 1 -1.6 0.8 0.2 -0.7 -1.6 -0.1 1.8 6.8 11.5 6.4 1.2 -0.2 -1.6 -1.6 -1.6 -1.6 -1.6 -0.1 1.8 3.7 5.8 7.7 12.1 16 18.1 16.8 15 19.9 30.3 41.2 45.7
75.1 79.3 80.2 78.1 74.8 73.9 75.5 77.3 78.8 75.1 77.3 81 81 82 85.4 85.9 86 85.8 83.8 82.3 81 76.9 68 50.7 49.8 62.4 70.7 76.7 80.2 80.9 80.9 77 71.5 65 65.3 70 71.8 70.9 68.3 65.6 62.9 59.3 51.5 43.6 30.5 20.8 13.3 5.2 3 1 2.6 9.2 4.7 2.5 1 1 1.7 3.1 2.5 1.5 0.5 -1.6 -1.6 1.3 3.1 5.5 1.8 0.4 -1.6 -1.6 0 1 1.5 2.5 4.3 11.7 18.6 22.2 24.2 28.4 29.6 28.8 28.6 26.7 24.7 35.2 48.3 55.4
