data/SX46.asc
ncols 200
nrows 200
xllcorner 240000
yllcorner 60000
cellsize 50
[rows 0 to 37 of 200, columns 0 to 85 of 200]
115.4 115.6 114.8 114.7 111.8 103.3 102.7 107.9 115.7 122.6 127.6 131.3 133.6 133.9 134.7 132.3 118.7 130.6 136.6 139 140 140.3 140.8 140.3 139.2 138.6 137 134.1 131.4 123 112.2 103.5 93.9 100.6 109.7 112.9 104.2 87.6 103.7 122.7 129.8 133.2 135.2 136.7 137.2 138.4 139.2 138.8 137 134.7 131.8 129.6 127.4 126.4 124.1 124.5 122.1 119.9 117.5 114.7 110.2 103.8 98.1 90.2 80.8 70.1 54.7 46.6 42.3 38.6 35.8 32.4 27.6 21.3 11.3 6 3.2 2.1 -1.6 2.2 16.6 33.1 36.9 39.3 41.1 42.6
110.4 110.6 110 108.2 105.7 99.9 99.5 108.1 114.2 119.5 124.6 127.9 130 130.5 129.2 126.6 113.5 126.8 132.1 133.4 136 136.6 137.1 136.6 135.6 135.3 134.3 132.5 131.5 129.6 126.3 120.8 104.5 87 98.2 103.3 94.5 83.9 103.7 117.9 124.3 128.9 130.8 132.2 133.9 135.5 136.8 138.7 137.8 135.9 133.5 130.9 129.1 127.7 126.2 123 120.7 118.2 115.4 112.6 108.7 103.8 98.2 90.9 82.4 70.3 56.4 46 41.8 37.7 34 31 27.1 21.7 11.8 3.9 2.6 2.3 -1.6 2.4 18.8 30.8 34.7 36.4 36.9 37.6
105.9 105.6 104.8 102.7 100 94.4 94.3 106.1 112.2 117 121.1 124.5 125.9 124.7 124.1 120.6 110.4 121.1 126.6 128.9 131.1 132.5 133.1 132.8 131.9 131.5 131.8 131.8 131.2 130.6 128.3 125.6 114.5 94.1 86 93.3 89.9 76.7 94.8 106.3 115.3 122.3 125.7 127.5 129.8 131.4 133 135 135.6 133.6 132.3 131.4 129.1 126.7 124.3 122.1 118.9 116 113.1 110.2 106.5 100.9 94.9 85.6 77.4 69 53.5 43.5 39 35.9 31.6 26.4 22.7 18.5 9.5 2.3 2.3 2.4 -1.6 3.3 25.5 30.4 31.8 33.2 33.5 33.5
99 101 99.8 98.1 95.5 90.1 91.1 103.3 109.9 114.5 118.3 121.7 121.9 121.5 119.2 114.9 107 114.2 120.3 122.7 125.7 127.5 128.4 128.4 127.6 128.4 129 129.8 129.5 129.6 128.6 127.3 121.5 107.2 87.5 76.5 78.6 70.9 81.4 92.8 104.6 114.3 118.7 122.3 125 127.3 129.5 131.2 132.3 131.3 130.6 129.9 128.3 126 123.2 119.7 116.6 113.6 110.7 107.7 101.6 94.5 85.4 76.9 68.2 61.1 48.3 41.7 37.4 34.1 27.4 21 15.3 11 4.5 2.2 2.3 2.3 -1.6 20.4 25.7 28.7 29.7 29.8 29.9 29.4
94.8 93.1 93.9 93.8 90.9 85.4 87.7 100.5 107.3 111.9 114.5 116.7 117.5 117.2 115 111 104.3 106.9 113.8 116.2 119.7 121.8 122.7 122 122 124.1 126.2 127 126.7 127.8 128.3 127.6 123.5 118.8 103.9 88.4 76.9 70.2 66.9 78.3 93.6 103.4 109.9 112.8 116.8 121.6 125.3 127 128.5 129.7 129.1 128.4 127.6 125.2 121.4 117.6 114 110.9 107.2 102.9 95.4 88.7 79.6 70.1 63.1 55.4 48.7 41.8 36.6 33.1 27.3 21 17 12.6 3.6 2.4 2.5 -1.6 -1.6 23.6 25.9 26.6 26.6 26.6 26.5 25.8
95.2 89.4 86.1 84.4 83.3 80 89.6 99.4 104.5 108.8 110.9 113 113.5 112.7 110.8 107.5 100.5 98.8 107.2 110.1 111.9 115.2 116.5 115.7 116.5 119.5 122.7 124.1 124.3 125.7 126.8 126.4 126.1 123 118.4 106.8 94.5 81.4 68.3 65.4 77.2 86.5 92.5 97 102.2 110.8 118.4 123 126.1 127.4 127.5 126.9 126.3 123.5 119.7 116.8 111.8 108.2 102.9 97 89.8 81.3 72.5 66.3 60.4 53.8 49.4 43.6 38.6 34.7 31.9 26.4 21.1 15.7 4 2.5 2.5 -1.6 -1.6 20.1 23.3 23.4 23.5 23.3 22.8 22.7
98.7 93.4 91.4 85 79.6 79 91.3 98 102 105.4 107.4 109.3 109.5 108.2 106.1 103.5 98 94.7 99.6 102.4 104.5 107.1 110.3 109.8 112.3 115.5 118.9 120.8 122.2 123.6 124.9 125.6 125.4 123.9 120.7 115.1 105 93.5 79 64.2 59.5 67 72 75.5 81.9 91.7 106 119 123.4 125.1 125.2 125.3 124.2 121.9 118.7 114.2 109.5 103.5 96.6 87.5 81 75.6 70.2 65.9 60.6 55.8 50.8 48.2 44.5 40.3 35.2 30 24.7 17.2 3.7 2.5 2.5 -1.6 -1.6 15.7 19.4 19.5 19.8 19.4 19 19
98.7 94.9 92.7 88.7 76.2 80.5 91 96.6 99.4 102.1 103.8 105.3 105.5 103.7 102.2 100.6 95.3 91.2 93.9 98.3 101.3 102 102.5 104.8 108.1 111.7 115.2 117.4 119.1 120.7 122.2 123.6 124.2 123.6 121.9 118.3 114.3 104.6 92.4 74.8 66.1 53.7 52.8 55.8 60.5 72.6 88.3 105.3 119.5 122.6 123.4 122.7 122.1 120 117.2 112.1 106.2 99.7 92.1 85.8 80.5 76.4 69.3 67.1 62.7 58.2 54.8 51.8 49.7 45.7 40 35.4 30.6 17.8 3.2 2.5 2.5 -1.6 6.2 12.2 16 16.5 16.8 16.6 16.4 16.2
98.7 95.3 92.9 88.8 77 80.9 89.5 93.7 96.5 99 100.4 101.3 101.4 100 99.5 98.1 94.8 89.4 89.2 93.5 95.7 95.8 96.8 98.8 102.9 107.7 111 114 116 117.7 119.2 120.5 121.2 122 120.8 120.1 117.5 112.9 104.1 94.1 80.8 74.2 59.3 47.6 41.8 55.6 74.2 95.7 115.3 119.6 121.4 121.6 119.5 117.4 115.3 111.4 106.1 98.9 93.3 86.6 82.2 77 72.6 69.4 65 61.5 58.4 55.7 53.5 50.8 47.5 43.6 40.8 26.6 3.4 2.5 2.1 -1.6 4.8 9.9 13.6 14.8 14.7 14.2 13.8 13.5
98.8 95.8 93.1 89.7 75.6 77.6 87.6 90.6 93.5 95.8 97.2 97.7 97.9 97.4 96.9 96.4 94 88.4 85.1 88.6 90.4 91.2 92.5 94.7 97.6 101.5 106.1 109.2 112 114.6 116.2 117.5 118.5 119.3 119.4 118.5 117 114.8 112.4 109.7 101.4 89.3 77.7 64.2 47.8 39.9 59.8 84.8 107.5 114.2 116.7 119 117.9 115.9 113.8 110.7 106.2 100.9 95 89.4 86 82.4 77.8 72.3 68.3 65.2 62 59.6 57.4 55 52.8 51.5 51.5 32.8 4.8 2.5 2.5 -1.6 4.2 7.9 11.3 12.7 12.5 11.3 11.6 9.6
97.9 95.6 93.3 89.9 78 73 83.6 87.3 90.5 92.6 94.1 94.4 95.2 95.9 95.1 92.8 91.6 86.5 82.9 82.8 86.6 87.3 88.2 90.6 93.3 96.6 100.3 104.3 107.2 110 112.9 114.5 115.4 116.2 116.9 116.5 115.6 114.1 112.6 111.3 109 104.9 93.6 79.8 61.3 34.8 47.3 72.5 95.8 108.8 112.7 116.1 113.9 113.8 112.4 110.6 107.1 102.9 98.6 95.2 93.8 90.8 83.4 76.5 71.5 68.6 65.7 63.4 61 58.8 57.7 57 52.6 36.5 12.4 2.6 2.3 -1.6 2.9 5.2 8.1 9.7 9.7 9.6 6.8 4.4
95.3 93.9 91.5 88.5 78.6 67.9 80.2 85.6 88.7 89.8 90.9 91.6 92.5 93.3 93.2 92.5 91 87 82.7 78.3 79.7 82.1 83.6 86.3 89 92.3 95.9 99.5 103.4 106.4 109.3 111.3 112.2 113.1 113.7 113.3 112.2 111.2 110.2 109.1 107.7 106.1 102.9 92.3 72.1 39.8 37.8 65.5 91.8 104.4 109.5 112 110.1 109.7 110 108.1 106.9 104.7 104.9 100.8 99.8 95.4 88.4 82.2 75 71.5 69.5 68.6 64.7 62.7 62 61.9 59.1 50.3 27 6.7 2.2 -1.6 2.3 3.1 4.4 6.3 6.4 6.1 4.1 2.1
92.8 92 89.5 85.4 78.5 66.1 76.9 84.4 86.9 87.7 88.8 90.1 91.5 91.4 90.6 90.6 89.2 87.5 85 79.4 75.2 77.1 79.3 81.9 84.8 87.6 90.6 94.7 98.9 102.8 105.8 107.6 108.7 109.8 110.5 110 108.8 107.9 107.8 106.2 104.5 102.9 100.1 93.8 74.6 42.2 32.6 58.8 88.7 98.8 102.7 105 106.7 107.1 106.7 105.2 104.7 104.7 104.6 104 103.9 99.5 94.1 87.9 81.7 78.1 76.2 76.1 75.1 72.3 71.9 71.8 70.8 66.6 53.3 29.7 2.4 -1.6 -1.6 2.3 2.9 3.5 3.5 3.2 3.2 2.2
89.5 88.6 86.3 82.6 76.2 64.1 75 81.9 84.1 85.6 86.4 87.1 88 88.7 87.9 88.3 88 86 84.8 80.2 74 72.7 74.8 77.5 80.6 83.5 86.1 89.7 93.9 98.2 101.6 103.4 104.5 105.5 105.9 106 105.5 105.6 105.9 103.2 101.3 99.7 96.1 87.6 64.2 36.5 30.2 56.4 85.3 93.7 97.6 100.4 102.3 103.1 103.3 102.4 102.6 102.6 101.5 101.3 100.4 99.9 98.8 98.3 91.7 88.1 87 87.1 90.6 91.7 90.7 89.4 87.9 85 77.3 54.9 27.2 -1.6 -1.6 -1.6 -1.6 1.8 1.9 1.8 1.4 -1.6
84.1 84.6 82.3 79.8 73.4 61.9 73 77.4 79.9 80.9 82 82.8 84.2 85.2 84.3 85.2 85.6 84.6 83 79.7 74.4 68.9 70.5 73.4 76.5 79.5 83.5 86.6 90.7 94.5 97.1 98.9 100.2 100.7 101.6 102.6 103.8 104 104.1 101.2 98.6 96 90.8 81.8 56.6 31.5 29 55.4 76.9 86.2 91.2 95 96.8 98.1 98.9 98.7 98.6 99.6 98.7 97.3 97.8 97.7 97.5 97 96.4 95.1 94 94.4 94.9 96.2 96.1 97.6 98.3 99.2 92 81.4 60.4 32.4 -1.6 -1.6 -1.6 -1.6 -1.6 -1.6 -1.6 -1.6
78.3 79.3 78.3 76.6 70 62 68.3 72.9 75.5 76.6 77.6 79.1 80.6 81.7 80.7 81.6 81.8 81.5 80 77.8 73.7 68.7 67.1 69.7 72.6 75.6 79.8 83.8 87.5 90.2 92.5 94.5 94.9 95.5 97.8 99.8 101.3 102.5 102.2 99.9 95.7 91.3 86.5 78.9 56.8 30.6 24.7 44.1 57.5 68.1 76.4 85.9 89.8 91.5 92.2 92.3 92.5 94.2 95.2 94 93.8 94 94.3 94.7 94.4 95 95.3 95.6 95.9 96.5 96.9 97.7 100 100 100.9 97 82.6 63.1 44.8 40.3 38.2 35.7 35.4 35 33.1 30.4
67.4 71 72.8 73.2 68.1 59.6 62.8 68.6 70.9 72.4 73.4 75 76.5 77.9 77.6 78.8 79.3 79.9 78.1 75.8 72.9 68.3 65.1 67.4 70.8 72.7 75.2 79.2 82.8 84.7 87 89.7 90.1 92.3 96.1 98.8 100.8 102.2 101.3 99.1 93 85.1 75.4 66.2 50.5 34.3 20.6 22.5 33.3 44.9 58.8 71 81.1 84 84.9 85.6 87.2 88.7 89.8 90 89 89.6 90.6 91.4 91.5 91.9 92 91.7 92.5 94 94.9 95.2 96.1 97.6 100.1 101.3 99 84.3 78 74 68.8 64.2 61.6 66.6 67.6 61.5
59.4 64.2 69.5 71 66.3 58 59.6 64.6 67 67.2 69 70.3 71.4 73.6 76.6 78.4 79.6 80 78.9 76.8 73.1 69 63.8 64.8 68.7 70.1 71.7 74.5 76.8 79 81.6 84.3 87.7 93 96.5 98.6 100.5 101.6 101.5 99.2 94.7 87 76.7 68.8 64.2 57.1 38 20.9 10.4 23.4 37 51.1 66.5 75 77.6 79.9 81.7 83.2 84.5 85.4 84.2 86 86.9 87.8 88 88.2 87.9 87.6 88.5 89.7 89.9 90.5 92.1 93.8 95.9 95.9 96.1 95.8 96 97 95 91.8 89.8 87.8 85 81.5
55.6 59.3 66 70.8 66.2 58.3 55.7 60.4 62.2 62 63.1 65.5 68 71.9 75.5 77.3 79.1 80.1 80.7 78.5 75.8 72.1 65.8 61.5 66 67.3 67.5 69.9 72.1 74.4 77.9 83.3 88.9 93.7 96.3 98.4 100.5 101.7 101.9 100.1 97.7 94.3 89.4 82 78.4 74.5 64.9 48.3 22 11.8 11.1 30.8 51.9 63.4 68.7 72.8 76.3 77.6 78.6 79.3 79.3 79.6 81.8 83.5 83.8 84.3 83.7 83 83.3 84.9 85 86 86.1 87.4 89.2 90.5 90.9 91.4 91.6 92 91.1 89.5 87.5 86.1 83.7 80.8
52.8 54.6 61.5 67.8 64.9 59.8 53.1 54.1 57.2 60.8 65.3 68.8 71.8 74.8 77.6 79.4 81.2 82.3 83.5 83.7 81.2 76.6 69.8 60.9 60.9 63.1 63.9 66.3 69.7 71.6 78.6 86.1 91.2 94.6 96.1 97.9 99.7 101.9 102.3 100.9 98.7 96.3 94 91.9 91.6 89.2 82.4 68.2 47.6 26.7 4.8 11.2 32 51.7 59.4 67 70.2 71.6 72.6 73.1 73 71.2 73 76.2 77.9 78.2 77 75.9 76.1 77.3 77.6 78.9 80.3 81.2 81.9 83.9 84.8 85.6 86.6 86.6 86.7 86.2 85.2 83.9 82 78.9
53.4 51.8 55.2 61.6 65.5 63.4 56.7 52.7 61.8 65.9 69.2 72.2 75.1 77.8 80.1 81.9 83.2 84.2 85.4 86.8 86.6 83.6 77.6 66.7 56.9 57.6 62.3 67.3 71.1 76.4 83.7 88 92 94.4 95.4 96.6 98.8 101.6 101 99.9 99 98.4 97.4 97.3 97.2 95 90.3 83 63.3 45.9 20.5 3.7 14.5 35.5 49.3 59 62.9 63.9 66.8 67.6 63.9 57.6 61.1 65.8 66.7 69.2 70.5 69.2 69.4 70.4 70.6 71.9 73 73.1 74.4 77.2 79 81.6 82.8 82.8 83.8 83.9 83.3 82.1 79.7 76.1
64.1 58.5 54 49.8 50 53.2 52.8 52.1 64.5 69.3 72.6 74.9 78 80.3 82.5 84 85.1 86.2 87.3 89.2 89.1 87.1 82.8 73.2 59.7 55.5 66.8 71.8 75.9 80.6 85.7 88.6 90.7 92.6 93.8 95 97.4 99.3 99.6 99.1 98.5 98.2 97.8 97.8 96.5 94.5 91 85.2 69.9 53.1 26.4 3.6 -1.6 23.1 27.7 32.7 31.6 35.4 45.4 47.2 44.8 40.9 51.3 53.8 57.3 62 63.8 64.1 63.3 64.2 64.3 64.1 65.2 65.6 68.2 71.7 74 77.5 79 79.2 81.3 81.8 81.5 79.9 76.2 71.6
77.5 74.7 70.8 64.2 56.6 48.3 47.9 55.2 66.4 72.2 75.8 78.3 80.5 83 84.8 86 87.1 88.1 89.2 90.2 90.4 89.7 85.2 78.6 62.7 53.1 64.4 74.7 79.3 83.1 85.6 87.9 89 90.5 91.6 92.8 94.8 96.1 97.4 97.5 97.8 97.1 96.2 95.5 94.2 92.1 88.9 83.5 73.3 57.2 25.8 -1.6 -1.6 -1.6 -1.6 -1.6 4.1 9.1 19.9 23 23.3 30.5 41.9 47.3 47.2 51 51.5 51 55.3 55.8 55.9 55.5 56.3 59 62.2 66 69.1 72.6 75.2 76.8 78.8 79.2 78.2 76.5 71.9 67.3
86.4 84.9 83.2 80.2 73 60.5 46.4 54.7 69.9 75.7 79.2 81.6 83.6 85.8 87.1 88 88.8 89.8 89.3 89.8 90.2 89.8 87.3 81.1 66.9 52.8 59.1 75.8 80.9 83.1 84.9 86.2 87.1 88.3 89.4 90.2 91.3 92.6 93.9 95 94.9 94.2 93.2 92.3 90.8 88.1 85 79.5 72.8 55.9 -1.6 -1.6 -1.6 -1.6 -1.6 -1.6 -1.6 -1.6 -1.6 3.3 4.4 18.2 28.7 37.4 41.2 41.3 43.3 44.2 45.4 47.9 44.2 47.1 48.4 48.5 53.1 58.8 63.5 67.2 70.9 73.5 75.4 75.6 73.9 70.9 67.1 60.4
93 91.2 89 86.8 81.5 69.2 45.8 54.5 73.2 81 83.5 85.5 87.1 88.1 89.2 90.2 90.8 90.8 89.1 88.6 88.6 87.8 85.7 80.5 72.5 54.4 52.5 73.7 80.8 82.8 83.8 84.6 85.1 85.9 86.9 87.1 87.5 88.6 90.4 92.2 91.6 90.7 89.2 87.2 85.9 82.6 78.7 73.5 68.1 48.8 -1.6 -1.6 2.7 1.4 1.4 -1.6 -1.6 -1.6 -1.6 -1.6 -1.6 -1.6 4.7 13.6 25.5 31.3 32.9 35.2 37.6 41.3 39.8 38.9 40 43.5 47.9 50.8 55.7 60.6 65 68.9 70.7 69.7 67.8 64.4 61.2 53.8
96.5 94.1 92.7 90.5 85.6 68.9 45.9 52.3 74.6 85.5 89.8 90.9 90.7 90.1 90.3 91.2 91.3 90.9 88 85.3 82.8 83.5 81.7 77.6 68.4 50.3 52.4 72.7 81 81.7 82.2 82.8 83.2 84 84.3 83.9 84.2 84.4 85.5 87 87.7 86 84.3 81.9 80 75.7 71.6 69.1 62.1 39.4 -1.6 -1.6 1.9 1.2 1.2 1.5 2.1 2.1 2.2 -1.6 -1.6 -1.6 -1.6 -1.6 -1.6 -1.6 13.6 25.4 31.9 34.3 33.3 31 31.1 32.1 38.2 43 47 52.5 57.1 62.2 63.9 61.9 59.9 57.7 53 47.4
96.2 95.2 94.7 94.4 88.9 68.1 45.6 50.8 74 88.9 91.9 91.3 90.9 88.7 87.1 87.6 88.2 86.6 84.1 80.3 76.4 73.9 72.7 67.4 55.1 42.3 56.3 74.2 80.2 81.1 81.2 80.9 81.1 81.6 81.4 80.1 79.9 79.9 80.3 81.5 82.6 81.2 78.9 76.9 74.1 68.6 64.3 57.3 50.9 24.9 -1.6 -1.6 1.6 1.7 1.9 1.8 2.6 3.2 3.6 3.1 3.7 3.4 -1.6 -1.6 -1.6 -1.6 -1.6 -1.6 17.7 24.4 26.6 24.3 23.2 24 29.8 37 40.3 44.2 50.2 52.5 54.2 54.1 50.8 47.5 43.6 40.5
93.3 93 93.2 94.2 88.4 69 44.8 49.5 70.6 83.4 87.5 86.8 84.2 83.2 80.6 80 80.3 80.2 78.6 75.4 71.6 66.2 62.5 50.3 43.2 47 62 74.2 78.8 80.8 78.5 77.7 78.7 79.1 78.3 76.9 75.7 76 77.4 77.4 77.1 76.5 74.7 72.4 70 63.4 51.2 37.1 27 13.2 -1.6 -1.6 -1.6 2.2 2.4 3.3 4.4 4.8 4.9 5.4 6.9 6.3 5.1 4.1 3.2 -1.6 -1.6 -1.6 -1.6 -1.6 11.5 14.4 13.7 15.4 20.4 26.7 32.4 37.3 40.3 42.1 42.9 42.4 39.9 36.6 32.1 28.3
88.8 89.4 87.8 85.7 80.2 67.7 45.5 43.6 64.3 71.8 73.3 72.4 71.4 70.2 68.8 70.1 70.9 71.8 73.1 70.5 66.2 60.2 53.1 39.5 45.2 58.7 71.2 75.1 77.4 77.2 74.3 74.8 75.8 75.9 75 73.5 72.3 73.4 74.8 74.7 74.3 74.5 73.4 71.6 69.4 67.3 63.9 55.3 40.2 23.1 -1.6 -1.6 -1.6 2.2 3.2 5.5 7 8.1 8.4 10 10.1 9.1 8.1 6.9 5.8 4 3 2.1 -1.6 -1.6 -1.6 4.5 4.4 7.8 12.2 17.9 23.1 27.5 31.2 35.9 35.5 32.7 29.4 23.5 17.7 11.4
74.9 76.6 73.8 70.8 65.2 59.5 46.8 39.8 50.6 54.8 55.4 54.1 54.6 54.8 53.5 55.8 59.8 63 64.1 62.5 59.3 54.4 49.6 34.9 51.2 65.7 71 72.4 74.4 73.2 71.3 71 71.4 71.8 70.7 69.4 68.9 70.6 72.2 72.4 74 74.4 74.5 72.9 71.5 69.9 67.1 61.1 48.7 21 1.3 -1.6 -1.6 4.2 10.2 14.1 15.9 17 16.7 15.4 14.6 14.2 13.4 11.1 9.7 7.8 7.2 5 2.1 -1.6 -1.6 -1.6 3.6 3.4 5.6 10.2 14.8 18.1 23.2 27.1 26.6 21.4 14.6 8.9 4.1 1.5
61.6 58.7 55.9 52.1 50.4 46 42.1 37.1 35.1 35.8 35.8 34.7 35 35.4 36.5 38.9 42.8 45.4 47.8 47.2 46.5 43.7 41.6 31.6 48.1 59.5 64 65.9 67.4 67.9 64 65.6 66.8 66.7 65.4 63.9 65 67.1 70.9 72.5 74.5 76.7 77.6 75.9 74.3 71.7 67 57.1 35.8 13 1.3 -1.6 -1.6 5.7 16 19.3 23.5 24.8 23.8 23.6 22.9 23.3 21.7 20.4 18.7 33.3 13.2 9.5 6.1 2.3 -1.6 -1.6 -1.6 3.3 4.9 4.9 7 9.8 11.3 11.7 11.5 6.6 3.2 1.3 1.1 1.1
53.5 57.2 56.1 55.1 55.4 53.5 52.3 46.2 39.9 36.2 34.6 33.1 30.6 29.3 27.9 26.1 26.6 26.8 27.5 29.6 29.7 30.4 28.6 28.4 41.1 48.7 52.5 54.3 56.2 57.2 57.8 59.1 60.7 61.6 60.1 58.9 63.7 67.5 71.1 73.8 76.3 78.4 80.1 78.8 76.3 72.2 64.7 49 26.5 6.6 1.4 -1.6 -1.6 6.4 17.8 24.7 29.3 29.7 30.2 31.4 33 32.8 34.2 35 33.9 33.6 26.8 21.7 14.7 6.8 2.1 -1.6 -1.6 2.9 2.9 2.9 3.5 4 4.8 5.1 3.9 2.7 1.5 1.4 1.2 1
60.9 73.1 76.8 76.8 75.3 72.9 69.1 66.4 62.9 58.6 52.7 49.1 44.7 38.7 35.9 31.9 26.7 24.9 22.6 21.3 21.8 22.1 21.8 26 32.3 39.2 41.5 45 48 50.8 51.7 52.3 54.2 57.4 53.9 58 64.7 69.4 72.5 75.3 78.6 80.4 81.6 81 75.4 71.4 62.1 38.8 20.9 1.1 1.3 -1.6 -1.6 10.5 18.9 29.9 35.7 37.2 38.4 39.8 43.1 44.7 45 41.7 48.2 48.5 43.7 38.5 32.4 22.8 12.2 1.6 -1.6 -1.6 2.2 2 2 2.3 2.1 2.1 1.7 1.6 1.6 1.5 1.3 1.1
65.7 81.7 95 101 102.4 101.3 97.1 88.2 80.9 79.5 78 74.8 69.1 62.4 54 43.8 42.4 40.5 34 23.5 21.9 19.3 19.6 22.2 24.2 26.5 28.9 27.3 29.6 31.4 33.9 38.3 43.9 47.1 44 53.5 62.1 67.9 71.5 74.9 78.1 82.1 82.6 79.2 74.4 70.3 55.7 31.9 13.8 1 1.4 -1.6 -1.6 14 23 33.9 40.5 43.2 45.2 46.6 54 57.7 60.6 60.9 63.6 61.8 60.4 55.8 50 44.6 30.1 13.3 -1.6 -1.6 2.4 1.7 1.9 2.1 1.9 1.6 1.6 1.6 1.6 1.6 1.4 1.2
68.7 86.1 102.7 108.4 111.1 112.1 108.8 105.7 102.7 101.4 98.1 90.5 82.3 76.6 65.5 57.1 57.1 56.8 52.2 44.4 37.7 26.6 20.1 18.4 17.6 16.6 14.9 15.8 14.2 12.3 11.7 12.4 19.8 26.1 31.5 49.1 56.3 62 67.5 71.1 74.6 77.4 78.9 76.2 73.5 68.2 48.3 24.3 5.4 1.2 1.5 -1.6 -1.6 16.9 28.4 39.2 44.9 47.6 54.3 60.3 65.2 67.9 71.4 74.9 76.5 76.7 75.5 71.6 65.7 59.2 53 37.6 14.2 -1.6 -1.6 1.8 1.5 1.7 1.5 1.5 1.6 1.6 1.7 1.7 1.7 1.5
72.7 88.5 104.6 112.4 114.9 117.2 119.3 118.9 117.4 114.1 107.5 99.8 93.2 83.9 72.3 71.1 70.6 68.3 62.8 55.7 47.5 38.7 26.6 20 18.3 24.9 31.8 39.3 39 34.1 24 15.3 7.4 8.4 20.1 33.6 48 54.5 59.2 63.9 69.8 72.6 73.6 73.8 71.7 66.7 39.2 15.9 1 1 -1.6 -1.6 8.7 20 32.9 45.2 50.4 56.4 63.4 68.2 73 76.9 79.7 82.3 84.9 85.6 86.3 85.5 80.1 73.6 66.7 58.7 36.4 -1.6 -1.6 -1.6 1.4 1.5 1.4 1.4 1.5 1.6 1.8 1.9 -1.6 -1.6
77 91 108.6 116.6 119.8 122.2 126.6 127.6 125.4 120.8 114.2 107.2 100.7 91.5 85.7 83.6 81.4 77.8 71.7 63.3 54 44.9 29.1 31.7 33.7 40.6 50.2 55.2 54.9 50 42.6 32.3 18.6 6.8 5.7 19.3 36.9 43 49.4 54.6 60.5 65.3 67.6 69 68.5 51.7 26.4 8.7 3 -1.6 -1.6 -1.6 14.1 24.2 41.4 48.8 55.2 59.8 68.1 73.9 78.5 82.6 85.4 87.2 89.3 90 91.7 92.6 92.1 87.5 80 71.1 59.7 32.1 -1.6 -1.6 -1.5 0.8 1.6 1.4 1.1 1 -1.6 -1.6 -1.6 5.8
83.4 100.4 112.6 120.3 124.3 128.5 133.5 134.5 131.3 126 119 112.6 107.6 102.1 95.5 92.4 89.6 85.8 79.4 72.3 62.9 49.9 32 39.3 41.5 47 56.7 63.7 64.9 61 54.3 44.1 32.9 18.2 5.2 4.1 18.3 25.7 30.3 38.4 47.2 51.8 53.3 51.6 47.2 36 17.8 3.9 2.2 -1.6 -1.6 8.4 17.8 32.5 47.1 53.9 60.8 65.4 71.8 77.7 82.6 86.9 88.8 90.4 92.3 93.4 94.9 95.9 97.3 95.3 91 84.8 71.8 58.7 37.9 12.7 -1.6 -1.6 -1.6 -1.6 -1.6 -1.6 -1.6 4.5 11.1 15.9
