data/SX48.asc
ncols 200
nrows 200
xllcorner 240000
yllcorner 80000
cellsize 50
[rows 105 to 139 of 200, columns 0 to 78 of 200]
86 82.4 84.4 88.8 90.8 92.2 93 91.2 88.2 95.7 100.4 103.7 106.1 108 108.8 94.4 86.8 106.7 116.4 117.6 117.3 112.6 102.2 91.7 78.7 70.8 66.3 65 65.2 65.3 64 64.3 68.3 77.7 92.1 105 109.7 115.9 121.3 124.3 127.3 129.3 130.1 129.3 128.2 129.1 130.7 131.7 132.5 132.8 131.7 127.9 122.7 122.4 122.3 124.8 126.4 127 127.6 124 117.3 122.4 130 134.5 138.9 143.1 146.2 148.3 149.9 152.4 154.2 157.1 158.3 159 159.3 161.8 162.3 162 158.1
93.8 90 90.3 94.4 96.7 98.1 99.2 98.3 91.5 99.3 103.9 107.8 110.6 113.2 113.9 101.3 92.5 110.8 118.4 120.5 123.2 124.8 120.5 108.5 95.5 85.5 73.4 67 66.3 66 66 65.7 66.3 66.6 80.6 101.3 107.4 114.9 119.2 122.9 127.1 127.4 127.5 124.8 123.6 123.8 124.1 124.8 125.9 124.1 117 114.1 116 117.8 119.9 123.4 124.8 126.4 126.5 118.3 122.3 130.6 135.3 140.3 145.1 148.6 151.6 154.3 156.8 159.5 162.1 166.3 166.2 167.8 167.9 168.1 167.9 169.6 168.2
102.3 98 97 100.3 102.9 104.5 105.3 105 98.4 103 107.6 112.5 115.2 117.2 118.2 108 94.3 111.7 120.2 123.5 126.8 129.2 132.4 124.9 112.4 101.7 88.9 77.6 69.3 66.7 66.1 66.3 66.5 66 67.3 84.3 97.8 109.3 115.1 119.2 122.4 124.3 119.8 118.7 116.4 115.6 113.5 112.9 111.7 110.9 109.6 110.6 114.5 118 122.9 125.8 128.5 130.8 128 113.8 124.9 132.7 138 143.4 147.9 151 154.5 156.9 159.5 162.3 164.8 168.6 169.4 171 171.9 172.5 174.2 174.7 173
109.7 104.8 102.1 106.3 109.8 110.9 110.1 108.9 105.3 107.2 111.9 115.3 118.3 120.7 122.1 117.6 97.9 110.2 122.5 126.3 129.7 133.7 136.6 138.2 130.5 119.3 106.1 94.2 84.2 72.9 68.4 66.6 66.6 66.6 66.1 69.5 82.4 89.5 95.5 99.9 101.4 102.8 103.1 104.3 103.7 103.3 102.9 101.9 102.8 105.1 107.2 111.3 116.9 123.7 130.2 134.3 137.8 136 123.2 111.3 123.2 132 137.3 143.7 148.1 151.5 154.9 158.5 160.9 163.3 166 169.5 171.1 172.3 174.3 175.7 176.2 176.6 176.3
115 110.2 106.3 111.6 115.2 117.2 116.8 115.2 111.2 111.6 114.2 117.4 120.8 123.5 124.7 121.6 104.3 109 122.3 127.1 130.7 135.5 140.4 144.5 146.1 138.8 126.1 117 106 92.4 81.3 71.3 67.2 67 66.8 66.9 67.5 69.9 73.3 77.3 80.9 83 88.7 91.8 91.5 91.8 90.7 93.2 98.2 103.2 108.9 115.4 123.2 130.5 137.1 142.5 144.3 136.8 118.8 108.6 120.2 129.6 137.2 143.4 147.8 151.2 154.4 158.6 161.8 164.2 167.3 170.1 172.1 173.2 175.2 176 176.4 176.8 176.4
118.6 114.4 111.5 117.1 119.8 121.6 121.5 118.7 115.4 114.7 117.4 120.4 123.5 125.7 125.2 123.5 111.6 105.9 120 126.8 131.1 136.3 141.4 146.9 149.9 150.3 135.9 129.7 125.4 116.1 100 90.3 78 67.9 67.5 67.3 67.2 66.8 68.4 67.6 67.4 70 75.7 82.1 81.2 81.3 89.8 96.4 99.7 106.4 112.7 118.8 127.3 135.4 142.5 146.7 141.8 131.4 114 105.9 117.4 130.8 138.4 143.6 147.5 150.7 153.8 159.1 162.4 164.7 167.6 168.9 170.1 171.6 173.5 175.3 176 176.6 176.5
122.4 117.8 117.4 122.7 125.8 126.5 126.2 122.9 119.1 118.1 120.8 123.6 126.6 127.5 125.7 126 119.1 108.4 118.5 124.7 131.2 136.4 141.9 147.2 151 152.6 145.2 136.2 135.5 130.3 114 103.8 92.4 72.8 68.6 69.2 69 69.8 69.2 68.1 66.8 68 69.2 72.9 77.8 86.8 93.3 98.4 102.2 107.5 113.1 119.6 129.9 134.8 136.8 139.4 138 128.7 107.6 103.4 122.3 133.9 140.1 144 147.3 149.7 152.9 156.8 160.3 163.3 165.4 166.8 167.8 169 170.9 172.3 174.1 176.1 176.3
125.3 122.3 122.8 127.7 129.9 130.9 128.9 125.4 121.1 120.9 123.2 126.2 128.7 128.5 127.1 124.9 119.1 111.4 117.5 123.8 130.4 135.6 141.3 147.2 151.1 154.9 150.3 139.5 137.3 134.8 120.9 106.7 93.9 77.2 80.6 83.9 86 82.7 78.7 75.4 70.4 68.6 68.2 68.1 70.3 78.7 85 92.2 99.1 103.6 109.3 116.4 124 128.8 130.9 131.9 132.5 119.6 98.3 106.2 125.3 135.8 140.2 144.3 147.4 149.2 152.2 155.5 158 160.5 162.8 164.7 165.8 166.6 168.2 169.3 171.9 174.8 176.2
125.1 124.9 125.4 129.4 131.3 132.4 130.9 127.6 124.9 125.7 126.9 128.1 129.7 127.5 126.6 123.2 118.2 115.2 118.9 123.9 129 134 140.5 147.4 153 157.9 161.2 145.4 139.3 135 124.9 109 94.3 83.8 91.2 99.3 99.1 93.2 87.3 82.9 78.7 75.8 69.4 68 68.8 70.7 75.8 83.1 93.5 99.4 105.7 112.2 117 122.9 125.3 125.6 121.4 109.5 95.6 110.8 129.5 136.4 140.2 144.3 148.4 151.2 154.2 156.3 158 160.7 161.2 162.2 163.7 164.5 165.1 167.9 171.3 173.4 175.5
126.3 126.7 128.9 131 133.6 135.1 134.6 131.5 131.5 130.4 131.3 131.6 131.1 130 126 121 117.9 119.2 122 124.7 128.8 134.9 141.6 148.4 155.1 160.3 164 158.5 145.7 138.7 128.7 112 96.3 91.2 101.8 108 105.1 99.1 93.7 88.8 86.6 82.2 77.3 68.3 69.8 69.7 69.9 70.7 82.3 92.5 100.7 106.1 110.7 114.3 116 115.2 108.2 95.8 98.3 119.5 132.2 136.7 141.2 145.6 149.5 152.5 155.5 157.6 159.5 161 161.4 161.7 159.9 158.9 163.1 168.3 172 173.9 176
128.4 130.9 133.2 136 140.1 141 141.8 139.4 139 138.7 137.3 136.5 136 135.1 131.6 127.3 120.8 124.6 129.2 130.9 134.8 139.7 145.4 150.8 156.9 159.9 161.8 162.2 153.7 142.5 128.5 111.6 99.8 104 111.9 115.1 113.6 110 105.3 99.1 93.5 91.1 89 81.8 69.5 69.9 69.8 69.8 72.1 83.1 90 96.1 103.3 103.5 98.2 93.2 90.7 92.7 108.5 126.9 133.7 138 142.5 147.4 152 154.7 157 158.7 159.9 159.8 160.2 156.6 152.8 156.9 164.3 168.9 171.9 175.2 179
133.7 139.3 141.8 146 147.9 149 149.6 148.2 147.9 146.6 145.2 143.5 143.1 141.6 139.4 134.5 124.1 130.2 137.2 140.9 143.9 147 151.3 154.4 157.8 159.2 160.2 159.9 155 143.8 128.3 116.4 113.4 115.6 121 122.8 122.4 119.9 116.4 113.8 108.6 101.2 99.3 97.5 84.1 70.3 70 69.7 70 70.4 78.3 86.4 90.9 83.5 80.8 84.1 92.8 102.4 118.8 129.4 134.7 139.5 145.1 150.8 155.3 157.9 158.4 159.6 159 158.5 156 152.1 146.7 158.9 165.4 168.9 172.4 175.8 179.3
142.6 147.9 152.4 154.2 155.7 156.8 157.9 158.4 155.6 154.4 153.2 151.5 149.9 147.9 145.7 142.4 129.8 135.6 141.8 146.6 149.6 151.7 154.9 157.4 160 160.3 160.5 160 154 143.8 130 121.8 122.2 124 127.3 129.7 128.4 128.2 128.1 125.7 123.1 118.7 114.7 111.9 99.6 81.7 70.1 69.6 69.8 69.9 70.7 74.1 76.8 76.1 81.7 90.6 99.1 112.4 125.8 134.1 137.2 142.2 148.8 154.5 158.5 159.8 159.7 160.3 160.3 156.8 153.3 139.4 147 162.3 166.6 169.5 172.4 175.8 179.3
153.7 156.4 160.2 162 163.4 164.6 165.4 165.1 163.6 162 160.4 158.7 156.2 153.9 151.5 148.1 135.9 138.4 145.4 151.1 153.6 155.6 158.5 160.4 162.3 162.8 162.9 160.7 154.2 145.9 136.9 133.2 129.8 131.1 135.7 136.2 136.5 138.6 137.4 135.2 133.3 131.9 125 118.5 113.3 92.3 74.6 70.5 70.3 69.6 70.5 71.8 71.4 72.7 75.4 79.8 87.2 103.8 118 133.8 139.5 146.2 153.3 157.8 161.3 161.1 161 161.1 161.2 154.8 141.4 131.8 148.8 163.2 167.7 170.9 173.3 175.9 179.3
164.7 165.6 166.7 168.1 169.8 170.5 170.8 169.7 168.1 166.5 165.1 163.9 162.2 160 156.9 153.7 145.5 141.9 151.2 154.5 157.1 159.4 161.4 163.3 164.5 165.1 164.1 161 156.1 151.4 147.3 144 140.9 141.9 142.5 143.2 144 145.4 144.8 144.4 142.5 139.2 136.5 129.1 119.5 103.1 85.1 72.9 71.3 70.3 70.3 71 71.2 71.3 71.4 72.3 73.1 81.5 96.8 113.3 134.5 146.7 154.6 160.5 164 162.7 162.5 161.3 155.9 146.1 130.2 127 151.8 163.9 168.8 172.3 174.8 177.3 179.7
173.6 172.6 172.9 174 175.8 175.7 175.2 174.2 172.6 171.2 169.8 167.9 165.8 163.8 161.6 159 153.2 145.4 153.4 157.5 160.4 162.1 163 164.8 165.7 166.2 166.1 163.5 160.8 157.3 153.5 152.3 152.3 150.7 149.1 150.1 151.4 151.9 151.5 151.8 150.7 147.9 143 136 119.9 110.3 97 81.5 74.9 71.8 69.8 71 71.5 71.7 71.4 71.4 72 73.5 79.5 96.7 116.5 138.5 152.8 161.9 165.6 164.2 161.9 154.4 145.6 130.6 120.9 131.3 155.3 165.5 170.5 173.4 176.2 177.3 178.8
178.1 178.2 178.1 179.1 179.7 179.4 179 178.2 176.7 174.8 172.8 170.8 168.7 166.3 162.9 159.9 155.5 150.5 155.8 159.7 162.5 163.8 164.6 166.1 166.4 166.7 167.1 166.2 164.1 162.2 160.6 158.7 157.4 156 155.8 156 157.2 158.9 157.6 156.1 156 152.2 142 131.4 119.1 111.7 103.3 95 84.6 80.9 77 73 73.4 73.8 72.3 72 71.3 72.1 73.5 80.4 100.9 122.4 142.7 158.1 163.9 162.8 152.5 141.2 126 109.7 115.5 143 158.5 167.5 172.9 174 174 176.5 177
181.2 181.2 181.3 182.3 183.1 183.3 182.7 181.7 180.3 177.7 175.8 173.7 171.4 167.9 164.4 161.1 158.9 156.8 158.8 161.4 163.3 164.8 166.3 167 167.4 167.7 168.1 167.4 166.5 166.3 164.3 164.3 162.2 161 160.6 161.1 161.1 161.1 161 157.5 152.2 144.2 135.5 127.1 117 110.4 105.1 100 95.3 91.4 86.6 82.4 78.9 74.7 73.3 73.1 72.8 73 73 73.7 84.1 105.1 124.1 141.7 152.4 148.7 134.5 119.9 103.1 107.8 130.2 153.7 162.4 169.6 174.6 175.7 175.9 174.5 174.2
181.4 181.9 183.2 184.5 185.4 185.6 185.9 185.1 184 181.2 178.7 176.4 172.9 169.6 166.2 164.5 162.3 160.6 160.8 162.6 164.1 165.4 166.3 167.2 167.9 168.6 169.2 168.5 167.5 167 165.1 166 166 162.8 161.8 162.1 162.6 162.3 161.1 151.9 144.7 138.2 132.3 124.8 116.6 109.8 104.6 100 95.5 92.4 88.8 84.3 78.1 74.1 74.1 73.9 74.2 73.1 72.2 72.4 74.7 86.3 104.5 120.8 134.6 128.7 114.6 98.6 103.1 125 148.3 158.3 165.4 171.1 173.1 174.4 173.6 172.6 171.1
180.5 181.3 182.8 184.6 186.2 187.2 187.8 187.1 186.3 185.3 182 178.2 174.9 171.6 168.2 166.6 164.7 162.9 162.4 162.6 163.7 164.8 166 167 167.8 168.6 169.3 169.2 168.4 167.6 166.8 166.1 165.7 162 160.5 160.9 161.5 160 152.3 146.2 140.3 136 130.9 124.5 115.8 109.3 104.3 99.1 94.2 90.8 87 82.9 76.9 74.3 74.6 74.7 74.3 73.4 72.5 72.1 72.9 77.3 85.4 101.5 110.7 107.1 94.6 93.3 115.7 141.3 154.9 161.8 166.1 169 170.9 171 169.1 166.8 164.1
179.7 180.6 182.4 184.1 186 188.1 189.1 188.8 187.2 186.2 184.8 180.1 176.8 173.5 170 168.1 166.1 164.1 163.2 162.2 162.3 162.5 163.5 165.6 166.6 167.7 168.7 169.3 168.8 168 166.5 165.5 161 159.2 157.9 157.7 158.4 155.5 148.2 142.8 138.7 135.6 130.8 124.8 117.7 111.4 105.7 99.7 93 88.1 84.4 79.1 75 74.9 75 75.1 74.6 73.8 73.3 72.2 73.1 73.6 75.6 81.5 88.3 90.2 86.4 101.2 123.8 150.3 156.5 161.9 163.4 166.6 167.5 166.7 164.9 160.8 154.2
177.4 178.6 180.7 182.4 184.9 187.1 188.6 188.5 188.2 186.3 184.3 182.1 178.4 174.7 171 168.8 166.5 163.9 162.3 160.2 159.8 159.9 161 163.8 164.9 166 166.8 167.5 167.1 166.6 163.9 159.9 157.4 155.4 154.3 153.4 153.2 150.4 146.3 142.2 137.1 134.5 130.5 126.1 121 114.8 109 102.2 94.1 87.5 83.7 78.4 75.3 75.4 75.3 75 74.6 74.2 74 73.4 73.7 73.7 73.7 73.9 78.9 81.4 85.5 106.8 122.7 137.4 147.7 152.1 155.3 158 158.8 157.4 154 146 137.1
173.6 175.3 177.6 180.4 182.9 185 187 187.8 187.3 186.4 183.6 181.5 178 173.5 170.5 168.9 166.3 164.9 161 158.8 155.4 156.1 158.5 161.7 162.9 163.8 164.8 166 165 163.9 160.7 157.1 154.1 153.5 150.1 147.5 145.5 142.9 141.6 137.1 131.8 131.3 129.8 126.2 121 115.9 111.3 104.5 96 88.5 84.5 76.4 75.8 76 75.6 75.5 75.3 74.7 74.2 74.3 74.4 73.6 73.9 74.4 74.9 75.8 82.6 97.7 110 116.4 123.7 129.5 132.1 134.9 134.8 134.3 129.8 124.2 116.9
169.9 172.4 174.9 177.8 180.6 182.5 184.4 183.9 183.5 182.9 180.7 178.6 174.6 170.1 166.9 164.6 162.5 159.1 155.9 153.3 151 152.6 155.2 157.9 160.8 161.3 161.8 162.7 162.4 161.3 158.3 155 151.4 144.2 140 138.5 135.5 131.8 131.5 128.7 124.9 123.6 124 123.1 118.9 113.8 110.9 104.3 98.1 91.4 83.5 76.5 76.3 76.6 76.7 76.3 76.3 76.5 75.5 74.4 74.2 73.4 72.7 73.6 74.5 75 74.9 77 90.4 96.8 102.8 108.9 112.5 114.6 115.2 113.8 114.8 110.2 104.6
163.3 166.8 171.6 173 173 175.6 177.4 178.4 178.3 176.6 175.4 172.1 167.8 163.8 160.1 156.6 153.6 150.6 149.8 147.8 145.7 147.8 150.5 151.8 154.9 157 157.9 159 160.3 159.4 158.5 155.4 151 142.6 134.7 127.6 120.8 121.1 121.2 118 116.6 114.7 115.5 114.6 111.9 111 104.2 98.3 92.3 83.6 78.2 76.6 76.7 77.4 78.5 79.5 79.6 79 78.6 78 75.7 74 73.4 72.9 74.2 74.3 74.5 74.8 76.9 83.7 91.4 97.1 100.1 102 103.9 102.5 101.8 97.4 91.2
154.4 158.8 163.9 166.4 166.1 166.6 166.9 168.1 169.2 170.5 166.2 162.6 157.5 154.5 151.4 146.5 144.2 143.5 143.3 142.9 140.8 143.1 145.1 146.7 147.8 148.4 150.1 153.9 156.8 157.9 157.8 156.4 153.4 148 140.6 130.3 120.7 114.2 110.9 110.1 109.1 107.3 106.4 103.9 101 94.3 88.7 84.8 84.6 85.4 84.4 78 77.5 79.4 83.1 83.5 83.6 83.9 83.9 83.3 82.7 81.1 77.9 73.9 73.8 74.7 74.8 75 75 75.9 81 86.1 91.1 94 96 97.7 96.7 96 94.3
145.8 150.6 155.2 157 158.7 159.7 160.4 161.5 162.3 160.1 156.7 152.3 147.9 144.9 142.2 139.7 137.7 137 137.3 136.8 137.6 139.5 140.3 141.8 142.9 144.2 146.4 150.3 153.8 155.7 156.2 157 154.2 148.1 142.2 133.3 125.4 118.1 111.2 103.2 100.6 99.4 98.7 94 91.1 91.3 92.7 93.6 94.2 96.8 92.8 78.1 78.4 82.4 88.4 89.9 90 89.8 89.7 89.8 89.1 86.9 84.7 82 75 74.9 75 74.9 74.6 74.1 75.9 80.2 79.3 82.6 85.1 85.6 85.4 83.4 80.4
139.1 142.1 146.8 149.9 152 153.2 153.8 152.9 152.4 149.7 146.6 142.6 138.7 135.8 133.9 132.4 130.9 131 131.7 132.9 132.1 134.1 135.7 137.8 140.4 141.7 143.8 147.1 150.6 153.5 155.8 154.5 151.6 147.6 141.7 138.2 132.8 122.8 106.8 105.7 107 105.2 104.2 103.4 103.1 102.8 102.2 101.6 99.6 101.6 101.4 78.3 78.3 83 90.8 95.2 97.2 97.2 96.9 96.2 94.8 93.2 91.8 88.3 85.8 81.1 74.9 74.5 74.1 74.1 75.9 76.3 76.4 76.6 77 77.5 77.7 77.6 78
133.8 134.4 138.9 143.1 145.3 146.7 145.5 144.2 143 140.8 138.1 133.8 129.9 126.9 125.7 125.1 125.1 125.5 126.7 128 128.1 129.8 131.6 133.5 135.2 137.3 141 144.3 147.8 150.3 151.9 151.3 149.4 145.7 142.4 135 126.3 112.6 112.5 119.5 121.3 120 118.6 116.8 114.4 111.5 107.8 104.9 101.8 99.4 93.5 80.6 78.4 80.7 90 95.5 98.9 101.5 100.7 100 100.3 100.4 99.5 96.7 91.7 88.7 85.1 75.6 74.2 74.1 75.9 76 75.9 76.1 76.4 76.8 77.4 77.8 77.9
128 128.4 132.5 136.5 138.6 138.5 137.3 136 134.8 132.3 130 125.2 122.2 119.5 118.8 119.5 120.1 121.7 123 125.1 125.7 126.8 128.5 130.7 132.8 134 137.4 141.3 144.8 147.6 150.3 149.2 147.9 145.3 135.8 125.2 123.4 123.1 127 132.1 133.8 132.4 129.9 126.3 122.4 118 114.3 109.5 102.8 95.2 91.1 78.8 78.6 80.2 87.9 95.9 101.4 104.1 105.4 106.1 107 107.5 106.8 104 99.4 94.9 91.4 88.2 82.5 77.5 75 74.5 75.2 76.1 75.9 76.5 77 77.9 77.9
122 123.1 127.1 129.6 129.9 130.1 128.7 127.8 126.9 124.1 120.8 117.4 115.7 113.7 113.7 115.7 116.7 118.5 119.2 123.3 125.3 125.9 128.6 131.6 134.3 136.7 140.6 142.8 144.8 147.5 149.1 149.5 149 144.6 139.3 140.9 139.9 139.9 140.7 141.9 142.1 140.6 138.6 134.2 129.7 125.1 120.1 114.2 106.9 99 93.4 83.8 78.9 79.3 86.1 96.3 102.7 106.1 108.8 112 112.9 113.7 114.2 112.8 108.9 104.2 100.6 97.2 95.6 90.9 85.8 83 81.6 82.2 80.6 79.1 78.3 78 78.1
115.9 117.3 121.9 123.2 123 123.2 121.4 120.1 119.5 116.8 113.5 110.5 110.4 111.1 113.9 114.5 116 118.4 120.6 124.1 126 128.2 130.5 133.5 136.3 140.1 143.4 145.5 147.8 149.4 151.1 151.1 151.5 150.8 150 152.6 151.6 150.1 148.9 149.3 148.4 146.4 143.6 140.1 135.3 130.4 125.6 120.1 115.5 110.6 103.9 97.4 80.8 79.9 83.3 92.8 103.5 108.2 112.1 116.5 117.9 118.9 118.1 117 117.6 115.1 112.1 109.3 106.6 104 101.3 95.8 94.4 96.1 93.9 92.2 93.4 94.5 95.6
110 111.7 115.4 116.6 116.4 116.3 114.7 113.1 112.1 110.7 108.3 109.1 109.1 111.7 116.6 119.2 120.9 121.6 123.3 124.6 126.8 129.8 132.3 135.4 139.1 143 146.1 148.6 150.5 152 153 155.3 155.4 156 155.9 156.7 156.3 156.2 154.7 150.8 151.2 150.9 147.7 144.9 140.4 136 131 126.5 122.9 118.1 113.5 105.7 87.3 80.5 81.4 89.7 102 108.2 113.2 116.8 120.6 122.4 122 122.7 123.6 122.6 120.5 118.4 116.5 112.6 109.8 107.5 106.3 107 107.7 105.8 104.5 104.6 104.1
104.2 106.1 108.7 109.8 109.6 109.6 108.4 106.6 105.8 105.2 106.4 109.5 112.8 116.1 119.3 122.2 125.1 126.9 128.1 128.7 128.5 131.3 134.4 138 141.9 145.5 149.3 152 153.3 154.1 155.9 156.8 157.9 159.6 159.2 158 156.2 156.1 153.9 152.1 151.1 150.2 150.9 146.4 144.8 141.3 136.4 131.1 126.2 121 115.9 108.6 90.5 81.1 81.3 83.4 96 105.8 111 117.1 120.9 124 126.5 127.5 129 126.7 125.9 124.5 122.9 121.2 118.3 116.2 115.5 115.3 115.6 114.1 112.8 112.1 109.2
99 100.2 101.6 102.7 103.2 103.1 103 102 102.1 103.7 107.7 112 115 118 120.9 123.8 127 130.7 132.6 134 133.8 132.9 136.3 140 143 146.6 150.5 154.8 156.3 156.5 157.5 156.1 156.3 157 157.6 155.8 153.1 150.4 148.6 147.3 146.5 146.6 145.6 143.2 141.1 139 135.4 131.9 124.9 120.7 114.2 106.2 91.1 82.5 81.8 82.8 88.3 102.4 108 113.9 118 123.2 127.6 129.5 130.7 130.8 130.5 130.1 128.9 127.3 124.8 122.9 121.2 121.4 121.5 121.5 120.2 118.1 115.5
