data/SX65.asc
ncols 200
nrows 200
xllcorner 260000
yllcorner 50000
cellsize 50
[rows 0 to 36 of 200, columns 83 to 165 of 200]
235.9 250.5 263.4 274.7 283.8 291.1 297.9 303.4 308.5 312.4 314.6 316.5 318.2 319.3 319.9 320.1 319.9 318.6 316.5 314.1 312.7 312.8 314.1 316.6 319.7 324.4 329.2 333.9 338.3 343.1 348.1 350.2 351.7 352.4 351.4 348.4 345.5 340.5 335 329.4 322.9 316.4 309.7 302.8 295.1 286.5 276.8 266.6 254.2 243.7 236.6 230.3 224.7 215.7 204 199.8 194.6 191.6 190.6 187.6 184.5 184.6 187.9 191.5 194.3 192.2 187.6 178.4 169.6 164.5 162.2 166.8 166.9 171.6 175.8 180 183.2 185.8 188.6 190.3 191.5 189.3 186.3
240.1 253.5 265.6 275.6 283.8 290.9 296.7 301.8 306 310.4 312.6 314.3 315.4 315.8 315.5 315.3 314.4 312.4 310.3 308.5 308.7 308.9 311.3 314.7 319.4 324 328.8 334.1 339.3 344.6 349.6 351.9 353.5 353.5 352.6 349.7 346.6 340.5 334.2 327.6 320.8 313.8 304.9 297.8 290.3 281.6 271.4 261.9 250.1 239.1 231.3 222.5 216.7 212.3 207.7 202.9 198.5 193.2 188.4 190.1 192.8 195.2 198.2 200.3 200.4 199.9 194.5 186.8 177.3 168.3 161.2 158.9 161.6 166.9 173 176.5 178 181.4 183.6 183.9 183.3 182.5 178.5
242.6 254.6 265.9 274.7 282.9 289.3 294.8 299.5 303.5 307.6 309.6 311.1 311.3 311.4 311.2 310 308.2 306.6 305 303.8 304.3 306 309.5 314.5 319.6 324.6 330 335.2 341.2 346.4 351.1 353.9 355.2 355 353.9 351.1 347.7 342 335.3 327.9 321.1 313.1 303.2 293.7 285.6 276 266.2 256.1 245.7 242 237 230.5 223.5 217.3 211.4 207 203.5 201 198.3 201.2 202.4 204 205.1 206.3 205.7 203 199.6 192 183.1 174.5 166.9 159 154.5 161.4 167.7 172.1 173.5 176.1 177.8 177.8 175.9 173.9 168.5
243.7 255.2 264.7 273.5 280.9 287.2 292.4 296.5 300.6 304.1 305.7 306.7 306.9 307 305.8 304.6 303.3 301.4 300 299.1 300.8 303.4 308.9 315 320.5 325.6 330.9 336.8 343.4 348.4 352.7 356 356.9 356.4 355.2 353 349.8 344.1 337.3 329.9 322.5 312.6 304.7 295.3 286.3 277.1 269.8 263.6 257.7 251.9 245 236.6 228.8 222 216.6 212.4 210.6 208.5 209.1 209.9 210.8 211.3 212.4 212.3 211.2 206.4 201.4 194.7 187.3 178.5 171.7 165.3 159.6 152 157.5 165.1 168.9 170.8 171.9 171.9 169 165.3 161.4
243.6 253.7 262.7 271.6 278.6 284.3 289.1 292.7 296.5 300.1 301.4 302.3 302.7 302.3 301 299.7 298.1 296.1 294.7 296.5 300.2 304.1 309.2 314.8 320.9 326.5 331.9 337.7 344.4 348.7 352.9 356.3 357.6 357.5 356 353.7 351.1 345.8 340.3 333.8 326.3 318.6 310.7 303.4 295.3 286.6 280.4 273.4 267 259.9 252.9 243.3 233.5 225.4 220.3 219.3 218.8 217 217.8 218.3 219 219.4 219 217.1 212.7 208.1 202.9 197.3 189.6 182.8 176.2 170.6 166.2 156.2 149.1 155.6 162.4 165.5 166.6 166.1 162.7 159.8 156.2
243.8 253.5 261.9 269.1 275.7 281 285.9 289.3 292.4 296.2 297.2 298 297.5 297.1 296.2 294.9 292.9 290.7 292 294.9 300.2 305.9 310.7 316.2 321.7 327.2 332.8 338.5 344.4 348.4 352.6 355.6 356.8 356.5 355.2 353.8 351.2 347.7 343 336.7 331.6 324.5 318.1 311.4 304.9 298 291.2 284.1 277.3 268.4 260.3 250.7 238.1 232.8 228.3 228 227.8 226.8 226.8 227.2 227.4 226.5 223.9 221.6 216.5 211.1 205.4 198 191.6 184 176.8 171.9 166.8 159.7 148.8 145.6 152.9 158.8 160.8 160.8 157.7 154.8 152.5
243.4 252.1 259.3 266.1 272.7 277.6 282.5 286.7 289.5 292.3 292.9 292.9 292.2 291.5 290.9 290.1 287.6 287.6 290.7 294.8 300.8 306.7 312.4 317.7 323.2 329 334.9 339.2 344.5 348.1 352.2 354.3 355.8 354.5 353.9 352.9 350.9 348.2 344.5 340.5 335.8 331.3 325.8 319.8 315.1 309.4 303.1 296 288.9 280.5 270.2 261.6 252.1 244.9 239.7 238 238 238.6 237.6 236 235.4 233 230.3 226.3 220.5 214.4 208.4 201 191 184 177.2 169.2 162.9 155.6 147.2 143.6 144.4 150.9 155.2 155.2 152.1 150.6 149
244 249.8 256.9 263.6 270 274.9 279.8 283.7 286.6 288.5 288.4 287.6 286.9 286.2 285.3 283.9 283.7 285.9 289.8 295 301.5 307.3 313.4 319.2 325.2 331.3 337.3 341.7 345.1 348.3 351.3 353.1 354.8 354.5 354.1 352 350 348.1 345.9 342.8 338.9 335.4 332 327.1 323.5 320.2 315.6 309.1 302.1 292.8 283.2 272.5 264.1 257.5 251.7 248.7 248.5 248.4 248.5 246.3 243.2 239.2 236.1 232 225.6 218.5 212.5 204.8 193.3 184.8 176.4 168.5 162 154.6 147.5 143.2 141 143.5 146.6 147 145.7 145.6 145.5
245.4 249.7 256.2 262.4 268.4 273.5 278.1 280.7 283.6 284.8 283.4 282.1 281.6 280.9 279.9 279.8 282 285.4 289.3 295.1 301.7 308 314.9 321.7 328.2 334.3 340.1 344.8 348.1 350.9 352.9 353.6 355 354.6 353.1 351.3 349.5 347.5 345.9 343.2 341.3 338.4 335.8 333.5 331.6 329 325 320.7 313.8 304.6 295.6 284.7 276.6 269.7 264.7 262.6 261.6 260.4 258.9 256 251.9 246.3 241.7 237.5 232.4 226.4 218.6 210.1 200.4 189.6 178.4 169.6 165 157.3 150.7 143.9 137.7 135.7 136.5 136.6 135.6 139 140.5
248.3 252.8 257.5 261.8 267.4 272.5 276 278.4 280.6 280.9 279.2 277.2 276.1 275.5 275.9 278.4 281.8 285.2 289.7 295.6 301.9 308.9 316.3 323.7 330.9 337.2 342.9 347.8 351.4 353.4 355.1 355.5 355.6 354.5 352.6 350.8 349 346.8 344.7 343.3 342.1 341.8 341 338.9 337.8 336.2 334.9 331.4 324.3 317 306.5 297.9 289.5 282.3 278.1 275.8 274.8 274.1 272.4 267.7 262.1 255.3 249.5 244.2 238.3 232.6 226.2 217.1 209 197 185.8 176.7 169.4 162.5 155.6 148 143.1 138.4 133.7 131.5 131.6 131 131.5
249.5 253.6 258.4 262.6 267.6 270.8 273.8 276.2 277.2 277 275.1 272.9 271.1 271.9 275.1 278.5 282 285.4 290.2 295.8 301.9 309.1 316.4 323.8 331.2 338.8 345.5 350.1 354 355.9 357.1 357.4 356.8 355.4 353.1 350.6 348.4 346.1 344.5 344.7 343.5 343 343.5 343.4 341.9 342.1 342 341.2 336.5 329.1 321.5 311.4 302.9 296.6 291.2 289.2 287.7 286.6 284.7 280.9 273.8 267.5 258.8 252.4 246.5 240.5 234.7 225.6 216.7 204.7 193.4 185 176.4 169.5 161.9 153.6 146 141.1 138 133.8 130.1 127.8 127.5
251.6 255.6 259.3 263 265.8 268.7 271.7 273.1 273.8 272.9 270.1 267.6 268.2 271.9 275.1 278.6 282.3 286.2 290.9 296.3 302.2 309.4 316.6 323.9 331.4 339.8 347.1 351.6 355.9 357.8 358.6 358.3 358 356.3 354.2 351.5 347.7 345.3 343 343.7 344.3 344.2 345.3 346 344.5 346.3 347.4 347.6 346.1 340.6 332.7 324 316.8 309.6 304.4 301.1 298.9 297.7 296.5 292.8 285.3 277.2 269.1 260.6 254.5 248.5 241.7 234 224.9 214.1 203.8 193.9 184.9 177.3 168.7 158.8 150.5 145 140.5 136.5 133.8 128.4 126.2
251.9 255.7 258.6 261.4 264.2 266.7 267.9 268.3 268.7 267.6 266.6 264.2 266.6 271 275.8 279.5 283 287.3 292.3 297.6 304.2 310.8 317.6 324.8 333.2 341.6 348.9 353.1 355.9 357.5 358.9 358.7 358.1 357.2 355 352.1 347.9 344.6 342.2 341.8 343.1 345.3 347 348.2 348.6 349.7 350.5 351.8 351.6 349.1 342.7 335.6 328.7 322.6 317.4 313.1 311.1 309.3 305.3 299.1 292.8 285.7 277.3 269.5 263.3 258.1 251.1 242.7 232.3 222.5 212.7 202.9 192.7 184.3 176.3 167.1 158.4 151.4 146.4 140.8 136.6 130.9 126.8
248.8 252.5 255.1 258.4 261.1 262.3 263.3 264.5 264.3 261.2 263.4 264.9 269.4 273.1 276.8 280.5 284.4 289 294.2 300 306.5 313 319.5 326.7 334.6 341.9 348.8 353.1 355 356.4 358 358.7 358.2 357.2 355.4 352.4 348 344 341.6 340.6 342.2 345.3 347.7 349.4 351.5 352.9 354 355.8 357.2 356.7 353.7 349.3 344.4 338.1 332.2 325.6 320.8 317.2 311.8 306.1 300 293 285.1 278.5 271.5 264.7 257.4 248.4 237.1 226.9 218 208.3 197.4 190.5 182.8 174.5 166.1 159.2 152.9 148.8 143.7 137.5 130.4
242.3 246.6 250.2 252.4 256.3 257.8 258.4 258.4 260.2 260.2 264.5 268.9 272 274.8 278.2 282.3 286.9 291.5 296.7 302.2 308.2 314.8 321.5 328.6 336.1 342.5 347.3 352.2 353.8 355.6 357.5 358.4 358.1 357.2 355.5 352.4 348.1 343.9 340.1 339.5 340.6 343.7 347.2 349.9 352 354.6 356.6 358.8 361.1 361.9 360.9 359 355.6 352.1 346.8 341 333.3 326.2 319.2 312.1 305.4 298.1 290.2 283.5 275.7 268.1 259.4 249.5 238.2 228.4 219.5 210 201.7 195 188.2 179.7 173.6 167 161.1 156.7 150.8 144.6 137.4
231.8 236 240 244.5 249 250.5 252.3 255.7 260.2 262.4 266.8 270.8 274.7 278.2 281.9 286.5 291 295.2 300.7 306.6 310.3 317.3 324.4 330.3 337.3 343.2 348 351.2 353.1 355.1 357.1 358.2 357.8 357.7 355.7 352.4 348.3 344.1 340 338.2 339 342.7 346.8 349.5 352.4 355.3 357.9 360.8 363.5 366 366.6 365.6 364.6 363.4 360.4 354.4 348.8 340.5 330.1 320.7 311.9 302.5 293.5 284.4 276.6 267.9 257.8 247.4 236.6 227.5 218.2 209.7 203.4 197 192.3 187.9 182 176.2 169.8 162.5 156.7 152.3 144.8
234.6 239.7 243.9 247.6 248.8 250.2 252.5 255.8 261.6 264.7 269.5 274.4 279.2 283.2 287.4 291.8 296.4 300.8 305.4 311.1 315.5 321.6 327.9 333.4 339 343.8 348 351.1 352.8 354.6 356.6 357.9 357.7 357.8 356.1 353.3 349.2 345.1 340.9 337 337.3 341 345.2 349.1 351.9 355 358.8 361.8 364.7 368.7 369.9 370.8 370.8 369.9 367.5 362.6 356.4 348.6 337 326.8 317.1 306.7 295.9 285 275.2 265.2 254.5 243.9 233.1 225.1 216.8 210.6 204.7 200.1 195.9 191.6 187 181 173.8 166.1 159.7 153.8 148.1
237.6 241.7 247.1 251.2 253.7 253.6 256 259.3 263.3 267.7 272.8 278.1 284 289.3 294 298.3 302.6 307.2 311.9 316 320.6 325.3 330.9 336.4 340.5 344.8 349.1 351.4 353.3 354.8 356.2 357.6 357.7 357.5 355.8 353.4 349.4 345.2 341 336.9 335.9 338.6 343 347.1 350.7 353.9 357.9 362.1 365.8 369.4 371.9 374 374.1 373.9 370.9 363.7 356.9 348.4 337.1 325.7 316.2 304.9 293.6 282.7 271.8 261.7 250.1 239.6 231.8 224.7 217.1 212.3 207.2 203.1 198.2 193.3 187.9 181.3 174 166.8 161 155.6 147.9
246.5 249.8 253 255.8 258.3 259.3 260.9 262.6 266.4 270.9 276 281.9 289.1 294.9 300.5 304.9 309.5 314.5 319.3 324 327.4 331.3 335.9 339.9 343.3 346.9 349.8 351.8 353.7 355.3 356.8 357.5 357.8 356.7 354.9 352.8 349.4 345.2 341.2 337 333.1 335.6 340.2 344.3 348.9 351.9 356.2 360.3 364.4 368 371.2 373.6 372.4 370 366.9 361.6 354.7 344 333.9 323.2 314.1 302.2 291.3 280.4 269.8 259.9 249.4 238 230.6 224.3 218.5 213.8 209.6 204.4 199.4 192.4 186.4 180.8 174 167.4 161.3 153.9 144.6
250.5 253.8 256.1 259.2 261 261.9 263 264.6 268.5 273.4 279.3 285.9 293.5 300.3 306.2 311.5 317.4 321.8 326.1 330.2 334.2 337.2 340.4 343.4 346.4 348.7 351 352.8 354.2 355.8 356.6 357.3 356.9 355.6 353.8 351.7 349.2 345.4 341.5 337.1 331.8 332 336.1 341.5 345.5 350.2 354.2 358.3 362.4 366.3 368.5 369.8 368.3 365.6 361.9 357.2 349.6 340.3 330.3 322.3 314.1 300.9 291.3 279.7 269.4 259.4 249.9 237.4 229.3 223.5 217.6 213.4 209.6 204.7 199.8 192.2 186.7 181.2 173.9 167.6 162 152.9 147.3
249.4 252.8 256.2 258.8 260.5 260.9 262.5 265 269.9 275 281.9 289.4 297 304.2 310.6 316.6 323.2 327.5 331.5 335.1 338.3 340.7 343.4 345.7 347.5 350 352 354 355.8 356.7 357 357 355.6 354.4 352.6 350.1 347.1 343.7 340.2 336.7 331.2 328.2 332.8 338.4 343.5 347.8 352 356.1 360.2 363.4 366 366.8 364.8 361 356.8 351.4 342.5 334.7 327 319.1 311.1 299.9 288.9 278.7 268.9 258.2 247.6 235.8 227 220.7 215.8 210.2 206.9 203.4 197.8 191.5 185.3 180.7 174.8 169.5 161.9 156.4 154.8
246.4 250.1 253.1 255.3 257.2 258.8 260 263.6 269.1 275.9 283.7 291.5 299.2 306.3 314.9 320.8 326.2 330.5 335.2 339.2 340.4 341.3 343.1 344.8 347 351 353.2 355.2 356.9 357.7 357.3 356.9 354.5 353.2 350.6 347.7 344.7 341.5 339 336 330.9 324.8 329.6 335.6 340.5 345.2 349.5 353.6 357.7 361.6 363.7 364 361.2 357.6 351.6 345.3 336.8 329.8 322.5 314.8 305.6 296.2 285.8 275.8 266.1 255 244 233.6 225.1 218 212.9 207.5 204.1 200.2 194.7 190 184.9 179.9 175 169.3 163.4 160.9 159.7
244.2 246.1 249.1 250.5 251.9 253.9 257.8 262 267.9 275.9 284.3 292.5 300.2 308 316.9 322.8 328.3 332.9 336.5 338 338.4 338.9 340.7 343.9 346.9 351.4 353.9 356.3 358.1 358.8 357.5 356.8 354.9 351.6 348.7 345.9 342.8 339.1 335.7 332.8 328.1 323.1 326.1 332 337.4 342.1 346.9 351.1 355.2 359.4 361 362 359.7 353.7 347.1 339.8 332.6 324.9 317.8 310.5 299.2 290.1 280.8 271.2 261 249.8 239.2 230.3 223 216 208.4 203.6 199.3 196.1 192.4 188.4 183.8 178.2 174.7 170.7 167.7 164.3 162.2
241.7 242.2 243.8 244.9 246.9 249.9 254.4 259.4 266.7 275.4 283.8 291.8 299.5 308.2 316.9 323.5 328.1 330.8 332.8 333.5 334.6 335 338.7 342.6 347.3 352.7 355.6 358.4 359.9 360.2 358.5 357.4 354.4 351.1 347.3 344.3 340.9 337 332.7 328.1 324.2 320.4 321.9 327.9 333.7 338.9 344 349.5 353.9 358.2 360 360.9 358.1 351.6 344 336.6 329.4 321.9 314.2 304.4 294.4 286.1 277 266.2 256.2 246.2 236.3 227.9 220.4 213.5 206 199.5 195.2 192 189.3 185.5 182.2 180.3 177 173 169 165.2 161.8
238.4 239.2 238.6 239.6 242.7 246.2 251.2 256.4 264.9 274 281.7 289.9 298.2 306.6 313.9 320.4 323.8 326.1 327.5 328.4 329.5 332.2 336.9 341 347.7 353.7 357.9 360.5 361.7 361.7 359.9 357.4 354 350.5 346.4 343.2 339 334.8 330.5 325.5 320.3 316.9 320.3 324.9 330.3 336 342.9 348.2 352.7 356.7 358.9 359.4 356.5 350.8 341.4 333.4 326.1 318.6 310.8 301.7 292.3 283 272.6 261.9 251.8 243.2 233.5 224.7 217.1 209.7 203 197.5 192.6 188.9 184.8 182 179.9 179.2 176.6 173.4 169 163.9 158.9
234 233.4 233.9 234.9 237.9 241.8 247.3 253.5 261.8 270.4 278.9 287.4 294.7 302 309.5 315.2 317.2 318.1 320.3 322.7 324.1 329.5 335 341.1 347.7 354.7 359.8 361.9 363.6 361.4 359.3 356.1 352.9 349.4 345.2 340.2 335.3 331.5 327.7 323.7 317.7 313.6 318.9 323.8 328.5 334 341.8 346.3 350.6 354.3 355.8 354.6 351.6 346.5 337.5 329.3 322 314.1 305.8 296.5 287.9 278.2 266.7 256.2 247.5 239.1 229.8 221.6 215.4 207 200.1 195.2 189.1 185.3 180.7 177.6 177.9 177.1 175.1 171.6 167.6 161.9 157.3
228.9 227.7 228.2 230.4 233.8 238 243.5 251 258.6 266.6 274.9 282.9 290.2 296.7 302.5 307.5 309.8 310.8 313.5 315.9 320 325.5 332.2 339.6 346.7 354.9 361.1 364.2 363.3 360.4 357.5 354.4 350.7 346.5 341.6 336.6 331.7 327.9 324 320.1 314.3 312.2 317.1 322.1 327.1 331.8 338 343.1 346.2 348.2 348.9 347.8 345.2 339.9 331.2 323.1 315.6 307.2 298.5 290 280.9 271.7 260.5 251.2 242.8 235.7 227.8 220 213.9 206.5 199.2 192.6 188.3 184.7 180.8 175.6 172.2 171.7 170.1 167.9 164.5 159.8 154.2
224.6 222.5 222.8 226.1 229.7 234.2 240.2 248.6 255.6 262.9 270.8 278.3 284.3 290.2 294.8 298.2 302 304 306.7 309.5 315.6 322.6 329.8 336.9 344.9 353.7 360.7 363.5 362.1 358.8 355.7 352.4 347.9 342.8 337.8 332.8 328 323.8 319 314.2 309.2 309.8 314.7 320 324.4 327.9 333.1 336.3 337.9 339.4 340.4 338.8 335.6 329.5 322.8 315 305.9 298.2 290.7 283 274.2 264.6 253.3 246.3 239.1 232.9 225.4 218.7 213.2 206.3 199.5 194.4 190.3 186.3 183.3 177.6 169.4 164.3 161.1 158.6 156 151 147.5
221.3 218.3 219.2 222.1 225.8 230.1 236.8 244.9 251.7 258.8 265.8 272.8 278.4 284 287.7 291.5 294.9 297.4 299.7 305.1 311.7 318.6 325.2 333 340.9 350.2 357.1 359.8 359.2 356.3 353.8 349.4 344.3 339.2 334.1 328.8 323.2 318.4 313.8 306.9 302.8 306.4 311.6 316.4 320.7 323.5 325.4 325.9 326.4 327.6 326.7 325.1 322.8 316.7 312.1 304.4 295.5 289.2 282.5 274 265 256.5 248.3 242.5 236.9 230 224.2 218.5 212.1 205.9 201.8 196.8 192.9 189 184.5 179.5 171.6 163.1 156.8 152.2 148.3 144.3 141.8
216.4 214.3 216.2 218.8 223.5 226.7 232.9 240.9 247.9 254.2 261.2 267.2 272.8 277.8 281.9 285.8 288.4 291.1 294.9 300.3 307 313.6 320.2 328.1 335.9 344.8 352.5 354.5 354.2 353 350.3 346.3 341.7 336.7 331.6 325.8 319.4 313.5 307.3 300.5 297.6 302.2 307.5 311.5 315.2 317.2 317.8 318.1 318.2 316.6 314.5 312.1 308.5 304.5 299.9 293.6 286.6 279.9 273.2 265.2 257 249.9 243.5 237.1 233.1 228.2 222.8 217.2 211.8 208 203.6 200 196.3 192.4 187.5 181.8 172.9 164.5 156.2 149.4 146.6 142.9 139.5
212 209.6 211 214 219 224.1 230.2 236.9 244.2 250.1 255.6 261.7 267.3 271.6 275.7 278.9 281.9 284.8 290 295.5 302 308.7 315.2 322.4 330.7 339 345.6 348.6 349.1 348.2 346 342.6 338.1 333.6 328.9 322 314.9 307.5 300.2 293.6 292.6 297.5 302.7 305.9 308.9 309.9 309.5 307.9 306.2 304.4 301.8 298.7 296.7 292.6 287.8 282.5 276.3 270.2 263.7 256.8 249.4 243.5 235.5 232.4 229.8 226.5 221.2 215.4 211.1 210 207.5 203.9 199.8 195.7 191.7 183.9 174.7 165.7 157.8 147.9 145.2 142.7 138.1
207.3 205.1 207.4 211.4 216.2 222.3 227.4 234.1 240 244.9 250.1 256.1 261.4 265.4 268.6 271.7 274.8 280.4 286.1 291.2 297.2 303.8 310.4 316.7 323.2 332.9 338.8 341.9 342.6 342.7 340.3 336.9 333.7 330.2 325.6 319.5 312.6 304.6 295.9 285.9 284.7 291.3 296.4 299.9 301.4 301.3 300.2 297.5 293.9 291.3 288.3 283.9 281.9 279.7 275.3 271.3 265.3 258.1 252.9 248.6 242.5 235.6 230.8 228.3 225.4 222.6 218.2 213.5 215 214.2 211.8 208.9 202.9 197.2 190.3 184.2 175.1 166.5 159.9 152.9 148.9 144.8 140.5
201.4 199.2 202.3 207.8 213.2 217.8 223.3 229.4 234.6 239.7 244.9 250.4 255.1 258.2 261.8 265.5 270.7 276.5 281.9 287 292.4 299 305.5 311.9 317 323.1 329.7 333.4 333.9 333.6 332.2 330.6 328 324.4 320.6 315.5 309.7 302.8 293.1 280.6 278.4 283.6 288.6 290.8 291.7 291.3 289 285.2 282.1 278.7 275.8 272.9 270.4 266.9 263.1 258.9 254.3 248.6 245.7 241.4 236.8 232.3 229 226.4 223.7 221.2 218.1 218.5 219.3 219.1 217.5 214.3 206.5 198.5 191.8 184.3 176.1 167.8 161.5 156.3 151.7 146.2 139.8
198.5 193.9 199.4 203.4 208.6 214.2 219.1 224 229.2 234.4 239.6 244.8 249.2 253 256.8 261.5 267.5 273.3 278.7 283.8 289.1 295 301 306.9 311.1 315.5 318.8 321.9 323.4 323.1 323.3 321.8 320.5 318.1 314.6 310.8 306.1 299.7 291.7 279.8 270 275 280.5 281.6 281.9 280.7 277.5 273.7 270.9 267.7 265 263.6 259.6 255.6 251.9 247.8 245.8 241.9 239.7 236.9 234.7 231.2 227.7 224.6 222.4 220.5 220.1 220.9 221.4 223.1 221.3 216.5 209.5 201.7 193.5 184.7 176.9 170.1 163.4 157.5 152.4 147 141.2
195.7 191.9 195.7 199.1 203.1 207.9 213.4 218.2 223 228.1 233.7 238.7 243.6 247.1 250.8 258.5 264.8 271.5 277.6 283.1 288.7 294.4 300.2 305 308.8 312.6 315.2 317 317.2 317.1 316.6 315.9 314.5 312.2 309.7 306.2 302.4 295.4 288.4 278.7 264.1 265.1 271.4 272.9 272.9 270.8 267.7 265.1 262.9 260.9 258.5 256.6 252.3 248.5 244.6 241.9 238.9 236.1 234.3 232.6 231.5 229.9 226.5 223.7 221.7 221.4 221.3 222.1 223.3 224.4 221.5 217.5 210 201.3 193.3 185.4 177.3 169.5 163.7 158.7 153.8 148.9 144.3
189.9 190.1 197.1 202.2 205.4 208.4 210.9 213.7 217.7 223.3 227.6 232.9 237.2 240.1 247.5 254.9 262.9 271.1 278 283.6 289.4 295.1 298.8 303.3 306.7 310 312.8 314.1 314.1 314 312.5 311.5 310.4 308.6 305.1 301.4 297.8 291.8 285.2 275.3 260.4 255.9 259.9 263.8 264 262.5 260 258.6 256.8 254.3 251.9 249.5 245.8 242.8 239.6 237.5 234.4 231.4 230.3 229.3 228.3 227.3 224.9 223.5 222.3 221.6 221.2 222.5 223.2 224.5 221.1 215.6 207.2 199.1 190.9 182.8 175.3 169 164.6 159.8 154.9 150 146
185.7 192.5 200.1 206 211 214.7 217.4 220.8 223.6 225.6 228.3 231.1 234.3 242 250.2 258.1 265.5 273.1 279.9 285.5 291.5 297 299.4 302.6 306.9 308.5 311.1 311 311 310.7 309.1 307.6 305.9 303.5 299.9 296.3 292.9 288.1 281.8 274.4 261.9 247.7 249.7 253.4 255.5 254.8 253.3 252.6 251.3 250.1 247.6 245.2 241.8 238.4 235.2 232.8 229.9 227.9 226.5 225.8 225.2 224.3 222.9 221.7 220.6 219.4 219.9 221.5 221.8 212.9 214.6 210 201.9 195.5 187.4 180.1 174.1 169.1 165 160.8 156 151.4 147.7
