data/SX66.asc
ncols 200
nrows 200
xllcorner 260000
yllcorner 60000
cellsize 50
[rows 0 to 34 of 200, columns 78 to 155 of 200]
443.2 448.6 453.2 457.7 462.1 466.8 470.7 474.5 477.7 479.7 482 483.9 483.9 483 482 479.6 477 475.3 473.4 473.9 474 474 474.6 474.3 473.4 472.1 471.8 470.8 468.7 469.7 471.4 473.7 475.2 477.4 478.3 478.6 479.7 480.8 481.3 481 480.2 481.2 481.9 482.7 483.5 483.6 483.5 484 483.7 482.1 480.4 479.7 479.6 479 478 477 475.6 473.2 470 465.4 461.1 455.2 449 441.6 433.9 428.8 423.6 420.1 415.7 410.5 404.5 398.9 392.6 386.7 380.3 376.8 374.1 373.6
442.4 447.6 452.1 456.7 461.5 466.4 470.2 473.8 477.5 480 482 483.7 484.3 483.8 482.4 479.3 476.3 474.2 474.5 474.3 474.3 474.9 474.9 474.1 474 473.1 472.1 471.1 469.6 472.1 473.9 475.7 476.9 479.1 480.2 481.9 482.8 483.7 484.6 484.6 484.3 485.2 485.3 485.7 486.5 486.6 486.5 486.5 486 484.4 482.7 481.1 480.4 479.2 477 475.9 474.1 471.9 469.3 465.8 458.1 452.2 448.3 443.8 438 433.8 429.8 425.7 419.7 415.5 409.9 404.2 397.4 390.5 384.6 381.4 379.2 379.2
441.6 447.1 451.3 455.9 461 466.1 469.9 473.6 477.2 480.2 481.9 483.4 484 484.2 482.1 478.9 476 474.2 474.4 474.2 473.9 474.2 473.4 473.2 472.7 472.4 472.4 471.4 471 473.5 475.8 477.3 478.6 480.5 482 483.9 485.7 486.6 487.3 487.9 488.4 488.6 488.7 488.7 489.2 489.4 488.8 488.1 487 485.4 483.9 482.2 481 478.9 476.7 474.5 472.7 470.3 468 464.5 461.1 456.1 450.9 445.1 441.3 436.6 432.6 429.2 425.4 420.4 414.3 407.1 397.4 393.1 390.2 386.2 385.8 384.5
441 446.4 450.5 455.4 460.5 465.2 469.3 473.3 476.8 479.4 481.7 483 483.7 483.6 482.1 478.6 475.8 474.1 473.7 473.4 473 472.6 472.4 471.8 471.2 470.2 470.8 471.4 472.4 473.7 475.2 477.5 478.8 480.9 483.4 485.2 486.9 488.5 489.2 489.5 489.9 490 490 489.9 489.9 489.6 489.3 488.9 487.8 486.4 484.8 483.1 481.4 479.4 477.2 474.4 469.5 468.8 465.4 462.4 459.1 454.7 450.5 446.9 442.3 439 435.5 432 427 422.9 417.2 409.9 403.6 399.6 395.8 391.9 391.7 390.4
441.8 446.4 450.8 454.9 459.7 463.9 468 472 474.9 477.7 480.6 481.7 482.3 482.6 481.3 477.5 474.3 471.8 471.5 471.6 471.6 471.3 471 470.3 469.7 468.4 468.5 469.1 470.8 472.3 474.6 477.5 478.9 481.6 485.3 486.3 487.8 488.9 490.5 490.6 490.9 490.5 490.4 490.1 489.9 489.6 489.3 489.2 488.3 486.8 485.1 483.4 481.9 479.6 477.1 474 470.7 467.6 463.9 460.5 456.6 452.9 449.2 445.6 442.6 439.7 436.6 433.5 429.2 425.2 419.7 413.8 408.5 404 400 397.8 396.7 396.9
449.5 448.8 452.8 456.5 459.6 462.9 466.7 470 473 475.9 478.8 480.2 480.6 480.4 478.8 475.7 471.8 469.3 469 469 469.3 469.1 467.9 467.7 466.3 465.6 466.2 467.9 470.4 472.5 474.9 477.7 480.3 483.4 487.4 488.3 489.3 490.4 491.9 491.3 491.5 491.1 489.5 489.2 489 488.7 488.6 488 487.5 486.4 484.9 483.5 481.4 478.6 475.8 472.8 469.7 466 462.3 457.7 454.1 450.9 447.7 444.3 441.2 438.7 436.1 433.9 429.9 425.8 422.1 417.8 413.8 409.3 406.2 403.6 403.8 404.7
455.2 454.6 454.7 457.8 460.7 463.6 466.7 469 471.1 474 476.9 478.4 478.3 478.1 476.1 472.9 469.5 466.7 466.5 466.4 466.6 465.9 464.2 464 464.4 464.1 465.7 468.7 470.8 472.8 476.2 479.8 483.3 485.6 489.4 490.4 491.5 492.3 493.4 492.7 492.1 490.7 489.4 488.1 486.7 485.9 486.1 485.8 485.6 485.1 483.6 481.9 480.1 477.6 474.5 471.4 468.1 464.4 460.5 455.3 450.6 447.4 444.1 440.9 438.9 436.6 434.7 432.2 429.6 426 422.6 420.1 417 413.5 410.9 409.8 409.7 409.7
458.8 459.2 459 460.2 461.9 464.8 467.7 469.1 471.1 473.1 475.1 476.4 475.8 475 472.9 469.7 466 464.7 464.1 464.1 464.1 463.2 461.7 461.8 462.5 463.4 465.5 469 471.8 474.2 478.2 481.4 484.5 488.9 491.4 492.7 493.9 494.9 495 494.3 492.4 491.3 490.1 488.9 487.5 485.9 485.4 484.1 482.6 483 481.3 479.6 477.7 475 471.9 467.5 463.5 459.8 456.3 452.4 447.5 443.9 440.6 437.5 436.2 434.2 432.3 430.4 427.5 425 422.6 420.6 419.4 416.7 415.9 414.8 413.8 412.4
462.1 462.4 462.9 464 465.1 466.1 468.6 470 471.5 473.4 474 473.4 472.5 471.1 469.2 466.2 464.2 463.2 463 462.6 462.2 461.4 460.9 460.8 461.5 464.5 466.8 469.8 472.4 475.6 479.7 483.7 487.3 491 493.7 495.8 497.4 499.1 499.3 498.6 495.9 493.1 490.8 489.6 488.1 486.5 485.5 483.7 481.7 480.5 478.7 476.9 473.8 471.5 467.6 463 459 455 451.4 446.9 443.3 440.1 436.9 434.2 432.2 430.2 428.3 426.4 424 422.2 421.5 420.5 419.3 419.1 417.9 416.9 415.6 414.5
463.5 464.1 464.8 465 466.5 468.6 470.1 470.9 472.1 472.9 472.5 471.9 471.8 470 467.1 464.8 464.6 463.3 462.1 461.7 462.3 461.8 460.9 460.9 462.2 464.4 466.6 470 472.7 476.7 480.7 484.9 488.4 491.5 494.7 497.8 500 501.8 502.1 501.5 498.8 496.1 493.4 490.7 489.1 487.6 486.4 485.4 483.7 481.1 477.6 474.8 468.8 467 462.6 458.4 454.1 449.9 445 441.2 437.8 435.5 432.5 429.6 427.3 424.9 423 421.3 419 419.1 418.7 418.9 418.8 418.8 418.6 418.2 416.7 414.8
464.7 465.5 466.3 467.7 469 471.1 472.4 473.4 474.2 474.6 474.6 473.9 473.6 472.8 470.4 468 466 465.1 464.1 463 463.1 461.7 459.9 460.8 462.2 463.3 466.9 470.4 473.6 477.7 481.8 485.5 489 493.1 496.1 499.1 501.1 503 504 503.8 501.1 498.4 495.7 493.4 491.3 490 489.3 487.7 486 482.6 479.5 475.7 469.9 461 455.3 451.1 447.1 442.4 437.6 435.6 432.9 430.2 428.2 425.4 422.4 420.2 417.5 415.4 413.7 414.5 415.7 415.9 417.1 418.3 418.4 417.8 416.5 414.3
465.1 466.8 468.3 470.1 471.9 473.6 474.8 475.8 476.8 477 477.2 476.5 475.7 475 473.1 470.5 467.4 466.6 464.6 463.8 462.4 460.6 459.3 460.7 462.3 464.3 467.2 470.9 474.5 478.6 482.3 486 489.6 493.9 497.2 499.3 501.8 504.2 505.2 505.5 503.4 500.8 498.4 496.1 493.6 493.1 492 490 487.7 484 480.8 475.9 469.5 461.7 451.8 444.8 441 436.5 432.8 427.9 426.3 424.3 422.6 420.7 418.1 415.5 412.6 409.2 407.8 409.1 410.5 412.6 414.8 416 416.6 416.8 415.4 413.2
466.4 468.4 470.4 472.3 474.3 476 477.1 478 478.8 478.9 478.8 478.6 477.6 475.9 474 471.1 468.1 465.1 464.2 463.2 461.7 459.5 459.2 460.7 463.3 465.9 468.8 472.2 475.6 479 482.5 486.1 490.1 492.9 496.1 498.8 501.3 503.5 505.6 506.1 505.4 503.4 501.2 499.4 497.7 496.4 494.4 492.2 489.3 485.6 481.1 475.2 467.3 459.4 452.7 445.5 437.8 432 427.8 423.5 420.3 418.6 416.9 415.1 413.1 409.8 406.1 402.8 401.9 403.3 405 407.3 410 412.9 413.3 414.2 414.3 412.1
467.6 469.6 472 473.6 475.6 477.4 478.8 479.4 480.3 480.1 479.4 478.7 477.3 475.1 472.5 469.8 465 463.5 462.8 462.2 460.9 458.6 458.8 460.6 463.9 466.8 469.3 472.5 475.6 478.8 482 486.1 489 491.7 495 498.3 500.6 502.7 504.7 506.9 506.4 505.8 504.6 502.8 501 498.5 496.9 494.6 490 485.8 479.5 472.4 461.9 453.2 447.2 441 435.1 429.9 424.1 418.4 414.7 412.9 411.1 409.2 406.3 404 400.5 395.9 395.9 397.8 399.4 402.2 405.2 408.5 410.3 411.1 411.9 410.1
468.9 471.6 473.2 474.7 476.7 478.4 479.4 480.4 480 479.4 479 477 475.1 472.8 469.6 465.8 463.4 461.9 460.4 460 459.1 457.5 458.2 460.2 463.5 466.7 469.8 472.9 476.1 478.9 481.4 484.2 487.2 490.6 493.9 497.7 500.4 502.9 505.4 507.6 507.9 507.5 507.2 505.6 503.3 500.3 497.3 495.5 490.7 485.8 478.6 465.3 452.1 444.6 439.6 435.2 429.8 425.6 421 414.7 410.3 406.5 403.6 400.4 399.3 398.1 394.7 390.4 389.4 391.7 393.9 397.1 400.5 404.4 406.9 408 408.5 407.4
471.2 473.2 474.5 475.9 477.8 478.9 479.8 480 478.8 478.1 476.1 473.9 472.3 469.3 465.6 463.4 462 460.6 459.7 459.5 458.2 456.8 457.5 459.7 463.2 467.2 470.8 473.9 477.4 481 483.9 487.6 490.3 492.2 494.8 497.9 501 503.9 506.8 509.3 510.4 510.3 509.6 507.9 505.4 502.1 498.7 495.9 490.9 484.5 477.4 465.3 451.5 444.5 438.5 431.9 429.5 426.7 423.1 420.3 416.7 412.1 406.8 403.4 398.5 392.1 389 386.3 383 384.7 387.7 391.9 396.7 400.3 402.7 404.9 405.2 403.9
473.9 474.7 475.8 477.1 478.3 479.3 480 478.8 477.8 475.6 473.1 470.5 469.6 465.8 463 462 460.6 459.8 459.7 459.2 457.9 456.8 457 460 464.3 468.4 472 475.7 479.3 482.6 485.9 489.2 491.7 493.9 496.5 499.7 503.1 506.2 509.1 511.3 512.6 513.2 512.6 510.2 507.4 503.9 500 495.5 490.7 484 478.1 469.3 459.7 451.4 445.5 441.6 439.9 436.8 431.5 428.4 424 420.4 416.3 412.2 408.6 404.9 398.6 394.9 384.1 378.9 381.2 387.6 392.4 396.1 398.5 400.8 401.4 399.7
476.8 477 477.9 478.2 479 480 478.8 477.6 476.2 473.2 469.4 466.5 466.4 464.4 463.5 461.8 461.7 462.1 462.5 462 460.9 458.4 456.1 459.6 464.1 468.4 472.4 476.2 480.2 483.5 486.7 490.1 492.7 495.3 498.4 501.7 505 507.8 510.2 512.5 513.9 514.6 513.4 511 507.7 503.6 499.5 494.5 489.5 483.9 477.8 471.9 464.8 459.2 454.1 451.8 449.7 445.6 441.3 436.3 431.2 427 422.2 418.2 415 410.7 405.2 400 393.8 382.3 376.4 383.2 387.8 391.3 393.4 395.7 396.4 395.4
479.7 479.7 479.3 479.4 479.9 479.5 477.8 475.1 472.7 470.1 468.3 467.7 467.5 466.2 465.1 464 463.6 464 464.3 464.3 463.8 461 456.2 459 463.6 467.8 472.1 476.2 480.3 483.6 486.7 489.7 492.5 495.6 499 502.5 505.7 508.1 510.5 512.8 514.5 514.5 513.2 511.5 507.4 503.3 498.5 493.4 488.4 483.6 478.7 473.3 468.9 463.7 460.9 459.1 456.8 453.4 449.4 443.9 438.1 432.9 428.2 422.4 417.4 412.6 406.6 401.6 395.5 386.7 372.1 378.6 382.8 386.8 389 391.2 392 390.8
481.7 481.5 481.3 481.1 480.8 479.3 477.7 476.2 475.5 474.6 473.6 472.3 471.6 469.8 467.4 466.1 465.5 464.9 465.3 465.2 464.4 462.1 457.1 458.4 462.6 467 471.4 475.3 479.1 482.7 486.1 489.1 492.3 496 499.4 502.6 505.2 507.6 510 511.7 512.8 513.6 512.4 510.1 506.8 502.5 497.6 492.4 487.3 483.1 479.6 475.5 472.3 469.1 466.3 464.3 463 460.1 456.5 451.7 445.5 439.7 433.1 425.6 419.4 413.2 407.3 401.5 394.5 385.1 370.4 373 378.2 382.4 384.7 386.2 386.8 385.7
483 482.7 482.5 482 481.5 481.2 479.7 479.3 479.3 478.2 476.8 475.5 475.2 474 471.3 468.9 467.1 466.3 466 464.6 463.6 462 456.1 456.5 461.2 465.4 469.5 473.1 476.7 480.7 485 488.7 492.2 495.7 499 501.9 504.3 506.2 508.3 510 511.1 511.7 511 508.8 505.6 501.6 497 491.8 486.9 483 479.7 477 475.1 472.5 471.3 470.5 469 466.7 463.1 458.4 452.5 446 437.7 428.9 420.3 413 406.8 399.1 392.1 382.3 367.6 367.5 373 377.1 379.9 381.5 381.1 377.9
483.5 483.7 483.2 482.7 482.2 481.8 481.8 482 481.9 481.4 480 478.7 478.4 476.6 473.8 470.8 467.8 466.3 464.4 463.4 462.4 460.2 455.9 455 459.3 463.5 467.6 471.2 474.4 478.2 482.8 487.3 490.9 494.9 498 500.5 501.8 503.5 505.6 508 509.1 509.6 509.5 507.5 504.6 500.6 496.3 491.1 486.7 484.5 481.9 479.7 477.6 476.8 476 475.8 474.4 472.4 468.6 464.5 459.2 452.4 443.5 433.1 422.4 412.9 405 396.6 388 377.9 368.8 362.5 366.7 371.6 373.4 373.6 371.7 368.1
483.4 483.6 483.4 483.2 483 482.5 482.8 483.8 484.4 484.2 483.1 481.9 481.2 478.8 475.4 472.3 468.8 465.3 463.3 461.4 460.2 457.9 454.6 454.3 457.3 461.5 465.7 469.2 472.4 476.5 480.7 485.4 489.5 492.9 495.9 497.9 499.2 500.8 503 505.1 506.6 507 506.9 505.8 503.4 499.7 495.6 491 488.8 486.8 484.6 481.9 480.7 480.5 480.2 479.3 478.7 477.1 473.4 469.3 464.6 457.8 450.3 438.9 427.1 416.1 406.5 398.6 389.6 379.4 371.4 360.9 358.7 363.5 366.1 366.3 363.7 360.9
482.4 482.2 482 482 481.9 482 483.3 484.3 485.3 485.9 485.7 484.5 483 480.4 477 473.7 468.6 464.7 460.8 456.8 456.1 454.7 452.9 454.4 456.3 459.8 463.8 467.7 471.7 475.7 479.4 483.6 487.8 490.9 493.9 495.3 496.7 498.1 500.2 502 503.4 504.3 503.9 503.6 502.1 498.3 494.7 492.8 490.6 488.4 486 483.6 483.6 483.1 482.1 481.5 481 480.1 478.2 473.8 469.1 463.3 456.2 445.7 432.7 420.4 410.3 401.3 392 382.8 374.5 364.5 353.5 354.7 359.2 359.6 357.9 355.4
481.2 480.9 480.4 480.3 480.2 481.6 483.1 483.9 484.6 485.7 485.9 485 484 481.7 478.3 473.4 468.5 463.7 458.1 452.6 451.1 451.3 453 454.5 456.2 458.8 463.1 467.2 470.9 474.9 478.6 481.8 486.1 488.9 491.3 492.7 494.1 495.6 497.1 499 501.3 503 501.9 500.8 500.3 497.1 494 492.2 491 489.6 487.3 486.4 485.6 484.9 483.9 483.7 483.3 483 481.5 478.4 473.8 468 461.4 451.5 439.8 427.5 415.1 405.3 395.5 387 379 370 360.7 348.3 348.6 353.2 352.9 350.5
479.2 479.3 479.2 478.6 479.6 480.7 481.9 483.1 484 484.4 484.4 483.9 482.9 481.5 478.9 475.3 470.9 464.6 456 450 449.4 452.6 455.5 456.4 457.4 459.3 462.5 467.1 470.5 474.2 477.7 480.5 484.3 487 488.8 490.5 492.2 493.8 495.3 497 499.3 501.3 500.6 499.5 498.4 496 493.5 491.3 490.1 488.9 487.8 487.4 486.9 486.4 486.1 485.9 485.5 485.8 485.1 482.4 478.2 472.3 465.6 457.3 446.7 433.8 420.5 409.9 399.6 391.9 383.5 374.7 367.2 358.3 344.6 341.3 346 345.6
476.3 476.2 476.3 475.5 477 478.2 479 480 480.5 480.9 480.9 481.2 480.5 479.7 478.2 475.6 472.7 467.2 458.5 448.8 451.4 456.2 458.7 459.5 459.2 461.2 463 466.9 470.5 473.8 476.9 479.7 482.6 484.6 486.7 488.8 490.4 492 493.7 495.4 497.3 499.5 499.3 498.2 496.4 494.1 492.2 490.6 489.5 488.4 487.3 487.1 486.6 485.5 487.1 487.2 487.4 488.3 487.3 485.5 482.1 476.8 469.5 460.5 451.3 439.6 425.7 413.3 402 392.7 385.2 377.4 369.3 360.6 350.9 331.2 337.6 338.5
473.1 473 472.9 472.5 474 474.7 475.5 476.3 476.9 477.5 477.5 477 476.5 476.6 476.7 474.6 472.6 469.4 461.2 448 453.3 457.4 459.5 460.4 460.9 462.6 464.3 466.8 469.6 472.9 475.3 477.5 481.2 483.1 485.7 488.5 490 491.6 493.3 494.9 496.2 497.5 497.8 496.3 494.5 492.7 491.6 490.5 489.3 488 486.8 486.8 486.1 486 487.6 488.3 488.7 488.9 488.9 488.1 484.5 479.4 472.4 463.4 454 442.5 429.3 414.8 401.8 390.6 383.1 376.4 368.6 360.8 346.6 331.6 328.2 331.7
470.9 470.4 468.7 467.4 469.1 470.7 470.9 471.2 472.3 472.8 473.2 472.4 472.9 473.3 473 471.2 469.7 467.7 462.3 447.9 451.5 456.2 458.2 459.4 460.6 462.9 465.1 466.6 468.9 472 474.9 477.9 480.7 483.3 485.9 488.2 489.7 491.3 492.8 494.4 495.5 496.6 497.2 495.8 493.9 492.8 491.5 490.4 489.2 488 486.2 485.9 484 486.2 487.5 488.3 489.6 490 490.1 489.2 486.2 481.2 473.8 464.9 455.6 444.2 431.3 415.4 401.6 388.9 380.7 373.2 366.3 360.5 351.1 340.6 323.3 325.4
468.3 466.6 464.7 463.4 464.5 465.8 465.5 465.7 466.5 467.1 467.5 467.2 468.3 468.9 469.2 468.1 467 465.8 460.5 445 447.7 453.7 456.3 457.4 458.7 461 463.3 465.7 467.9 470.2 473.1 476.4 479 482 484.8 486.6 488.5 490.3 491.9 493 494 495.2 495.9 495.4 494.2 493.5 491.6 490.3 489.2 487.9 485.4 483.8 482.1 484.2 487 488.1 489.9 491.2 491.4 489.5 486.9 481.4 474.6 465.8 456 445.4 433.6 419 404.1 393 384.9 377.9 372.1 365.9 359 348.5 332.5 314.3
465.2 462.6 460.7 459.1 460.1 460.6 460.1 459.9 460.7 461.3 461.7 461.8 463.4 464.1 464.7 464.7 464.2 462.2 456.8 442.3 446.4 451.7 454 455.4 456.8 459.1 461.2 463.1 465 468.1 471.3 474.6 477.2 479.9 482.6 484.9 486.8 488.7 490.4 491.5 492.4 493.4 494.1 494.8 494.6 493.9 492.3 490.5 489.1 487.1 484.9 481.2 478 482.6 485.9 488.2 490.1 491.7 491.9 489.9 486.8 481.4 474.4 466.1 456.8 446.3 435.8 421.7 408.8 398.5 389.3 383.6 377.3 370.5 362.9 353.6 341.3 317.3
463.3 459.5 456.7 454.4 455.2 455 454.4 454.6 454.9 455.5 455.9 456.5 458.1 459.6 460.2 460.2 459.6 457.9 452.9 440.8 445.5 449.1 451.4 452.7 454.6 456.5 458.3 460.2 462.3 465.7 467.7 471 474.4 477.3 479.9 482.3 484.6 486.8 488.3 489.5 490.7 491.9 492.8 493.7 494.2 494 493 491.2 489.6 487.5 484.6 479.8 475 482.7 484.7 487.4 489.8 492 492.7 491.2 487.3 481.5 474.6 465.7 456.9 447.3 436.4 423.4 410.1 400.6 391.9 385.9 379.8 373.2 365.7 356.4 345.5 332.1
462.4 457.8 453.3 450.5 450 449.6 450.2 449.9 449.7 450.5 451.1 452 453 454.6 455.6 455.9 454.9 452.7 447.8 437.7 443.4 446.5 448.7 449.9 451.5 453.5 455.4 457.3 459.7 462.5 464.9 467.4 470.4 473.2 476.1 479 481.4 483.8 485.9 487 488 490 491.7 492.5 493.3 493.6 493 492.1 490.1 487.2 484.4 479.6 472.7 479.1 483.2 485.9 488.7 491.7 493.4 491.9 487.9 481.8 474.8 466.2 457.1 447.1 436.5 424.5 411.2 402 394.4 387.9 381.6 374.6 366.6 358.1 347.9 337
461.6 457 451.9 449 447.8 446 446.2 446.3 446.4 446.8 447.6 448.1 449.1 450.1 451.1 451.4 450.3 447.5 440.9 436.2 441.2 443.6 445.7 447 448.2 450.1 452.1 454.2 456.7 459.2 461.3 463.7 466.5 469.2 472.1 475 477.9 480.7 482.7 484.3 485.6 487.6 489.6 491.4 492.2 493 491.8 490.8 489 486.1 482.1 476.4 469.9 473.7 480.5 483.7 487.7 491.3 493 492.3 488.7 482.8 475.6 467.4 458.2 448.6 437 424.6 411.3 401.4 392.9 386.9 380.3 373.4 365.8 357.1 348.4 338.6
460.6 456.9 452.2 448.1 446.6 444.4 443.5 443.5 443.5 444.3 445.5 445.8 445.9 446.3 446.9 446.6 445.5 443 436.2 436.6 439.2 441.7 443 444.2 445.5 446.8 448.5 450.6 453.1 455.3 457.5 460.1 462.6 465.2 468.7 471.6 474.5 477 479.3 481.5 483.2 485.4 487.7 489.3 490.4 490.8 490 488.9 487.4 484.4 479.7 469.3 466.3 466.9 478.2 482.5 486.5 490.3 492.4 492.7 489.2 483.7 476.3 468.1 458.3 448.5 436.9 424.4 410.9 398.2 390.3 382.8 376.7 370.7 363.6 356.1 347.9 339
