data/SX73.asc
ncols 200
nrows 200
xllcorner 270000
yllcorner 30000
cellsize 50
[rows 0 to 37 of 200, columns 0 to 83 of 200]
105.7 101.1 97.2 95.1 89.3 85.3 85 83.9 83.5 84.9 85.6 85.5 86.5 89.5 93.3 97.1 99.5 101.2 99.9 96.3 91.9 87.2 84.6 78.9 74.8 71.9 69 67.4 67.9 68.8 70.2 71 69.7 69.5 72.6 75.8 78.7 81.1 82.8 83.8 81.3 78.5 75.3 72.2 70 68.8 71.3 75 76.3 73.8 69.4 63 58 54.2 51 48.7 47 44.5 44.2 43.8 42.2 39.1 36.5 35 33.6 33.8 36.5 41.3 43.8 44.8 43.4 39 30.8 25.9 31 36.9 40 40.8 41.8 38.9 33.8 29.6 27.9 35.1
112.4 109.1 106.8 104.4 99.6 97.8 96.3 94.9 96.5 96 96.1 95.5 95 96.4 98.8 102.3 103.6 104.7 104.5 102.7 99.2 95.3 93.1 88.3 83.7 80.8 78.4 77.4 77.7 78.7 78.3 78.6 78.5 78.4 80.1 80.4 81.5 82 84.8 86.5 85.5 83.7 81.3 79.2 77.4 76.6 79.5 81.5 79.7 74.5 68.2 62.5 57.3 49.5 44.6 39.3 36.4 35.2 35.2 35.8 34.9 33.4 29.6 26.6 26.3 27.2 30.3 35.3 38.6 41.6 41.2 37.3 29.1 20.1 20.7 25.4 31.1 35 37.2 34.4 28 20.2 21.3 30.2
114.4 113.5 113.7 112.6 107.9 107.4 107.1 107.5 107.1 106.8 106.6 105.8 104.4 104.4 105.4 106.3 107.6 108.4 109.2 107.9 105.8 103.9 101.5 96.5 94.4 92 90.3 88.8 88.9 88.6 87.6 86.3 86.7 85.6 84.7 82.2 79.6 79.2 86 88.1 88.7 87.5 85.4 84.8 84.7 85.1 87.3 87.6 84.7 79.8 76.2 71.3 65.3 58.1 49.4 42.3 38.4 32.7 27.1 26.3 25.4 25.3 24.2 22.3 20.5 20.4 25.7 29.2 30.8 35.6 37.3 34.1 28.2 19.2 11.3 14.2 22.9 27.2 30.1 29.4 24 15.2 17.6 26.1
113.8 115 115.6 115 114.2 112.5 113.6 113 113.5 113.5 113.1 112.4 112.5 111 109.1 108.2 108.5 109 110.6 109.7 109.1 108.7 106.9 104.2 102.9 102.1 101.4 99.5 95.9 95.2 93.3 91.4 88.4 86.7 85.1 80.1 68.4 68.6 77.7 83.9 87.8 89 90.2 91.1 91.1 92 92.6 92.2 89.3 87.7 85 81.3 73 66.4 60.7 52.2 47.2 41.5 36.2 30 24 18.3 15.2 12.9 11.9 11.5 17.4 18.9 22.3 26.8 31 30.1 26.8 21.5 13.2 5.3 11.9 20.1 21.8 23.3 15.5 7.4 16.2 25.3
112.9 114.7 115.1 115.6 114.6 115.2 114 113.8 113.2 113.2 113.5 113.5 113.2 112.5 112 110.5 109.4 109.9 110.3 110.7 110.5 111.3 111.1 110.4 108.6 107.3 105.2 101.2 98.1 94.7 90.9 87.4 84.5 81.9 80.7 75.4 64.9 62.5 65.9 76.9 83.7 86.2 88.2 88.7 89 90.9 92.7 93.3 93.6 92.4 90 86.7 82.7 75.8 68.1 62.3 59.2 52.9 46.3 38.4 31.1 22.3 19.2 22.3 19.7 17.7 9.8 9.4 8.5 14.7 17.9 19.8 20.8 19.4 14.1 1.7 1.7 11.2 15.8 16.7 6 8.8 19.3 30.1
110.1 112.4 114.8 114.8 113.5 113.2 111.1 110 109.7 109 110.5 110.4 111 109.6 109.4 107.9 105.8 104.7 102 106.7 110.9 113 112.8 111.2 110.3 108.5 104.2 97.4 91.4 88.8 84.8 77.1 71.7 69.9 70.2 69.5 59.3 52.3 54.1 62.7 77 80.2 81.6 81.7 83.2 86.2 90.1 92.6 94.1 93.4 93.3 90.4 88.7 83.1 77.5 72.7 65.7 56.4 45.2 33.2 28.2 26.2 28.7 32.4 31.8 25.9 20.6 14.4 6.6 3.8 2.7 6.2 9.6 6.2 3.3 1.6 1.7 1.7 7.7 9.9 1.7 5.3 19.6 32
106.9 109.1 112.1 113.1 112.5 109.5 106.5 102.4 103.2 102.5 104 105.3 106 103.6 100.5 98.5 96.6 96.2 96.7 106.5 110.4 112.4 112.2 110.9 110.8 108.9 105.2 99.9 90.9 83.3 76 68.2 62.9 58.4 57 54.8 50.8 48.5 44.7 51.8 65.8 69.1 67 63.7 66.8 74.2 83.8 89.8 91.4 91.2 93.1 92.3 92.3 87.5 82.8 76.8 66.6 54.8 41.6 34.3 33.1 35.7 39.5 43.5 42.7 38.4 32 27.1 24 16.6 6 1.6 1.7 1.7 1.7 1.7 1.7 1.7 1.7 1.6 1.7 1.6 10.6 22.9
103.6 107.6 109.9 110.7 109.5 104.9 102 98.6 95 94.6 95.3 97.1 97.9 95.3 92.3 91.1 91.8 87.8 98.4 106.4 109.9 110.9 111 109.9 110.6 109.8 108 102 93.8 85.9 76.9 70.4 66 60.5 57 53.3 51 46.4 43 42.9 56.8 56.4 49.3 51.7 57.4 67.4 81.8 86.3 83.7 85 88.5 91.6 91.9 89.4 84.7 80 70.6 55.6 43 42.7 45.4 49.1 55.4 57.2 55.8 49.7 42.7 33.3 25.5 18.4 12.3 7 8.6 7.5 8.6 6.4 3.2 1.7 1.6 1.7 1.7 1.7 1.1 10
100.6 105 108.6 110.3 109.4 104.4 98.3 93.5 89.4 86.5 85.2 86.8 88.7 86.2 82.2 85.6 85.2 85.9 97.4 105.1 107.3 108.9 106.9 108.4 108.5 107.9 107.1 105.5 97.7 91.5 87.2 83.2 77.7 71.5 66.8 63.3 61.6 60.1 49.6 38.4 47.4 48 42 52.1 62.4 73.7 81.6 80.4 71.5 70.3 80.5 86.3 87.5 86.9 86.2 81.9 74.5 63.3 54.3 55.3 61.5 65.8 69.2 66.9 62.6 53.3 43.8 32.4 21.8 17.8 15.1 17.1 18.4 20.7 21.7 18.9 13.7 11 7.1 2.7 1.6 0.5 -0.3 1
98.2 101.3 105.7 109.5 109.5 108.6 104.8 97.9 91.3 87.2 82.7 80 78.8 78.2 77.2 79 79.2 84.7 95.3 101.5 104.5 106 103.7 103.8 103.8 104.6 106.1 105.8 101.9 99.1 95.5 93.1 91.8 85.2 82.2 78.2 74.6 68.5 56.4 42.7 34.2 35.7 34.8 46.9 63.8 75.1 79 74.3 63.3 63.3 76.7 80.1 80 80.1 82.7 83.5 81.3 75.9 65.7 68 74.6 78.4 77.1 73.2 66.4 57.1 43 34.8 28.8 28.8 26.1 28.6 29.5 32.1 33.8 32.7 26.1 20.7 14.3 4.5 2 0.4 -1.6 0.1
96.9 100 103 105.8 108.6 108.3 106.9 103.6 99.4 94.8 89.8 83.5 78.9 77.3 73.4 73.7 76.9 83.3 92.2 97.3 99.1 100.1 99.4 98.4 97.9 99.7 102.8 105.3 105.6 104.1 101.6 99.2 97.5 93.5 90.4 87 83.3 76.8 66 53.3 43.2 35.7 30.9 34.4 52.9 68 72.8 66.9 55.5 61.3 69.3 69.8 68.9 70.5 77.4 81.9 84.6 83.5 79.6 80.1 84.2 85.3 81.6 79.5 72.8 63.6 51.8 43.1 42.4 46.3 47 48.3 46.9 46.1 44.9 42.8 39.7 31 22.3 11.9 3.2 1.3 -1.6 -1.6
95.9 98.5 101.2 103.7 105.5 106.7 105 102.1 99.4 95.8 92.1 86.7 80.6 76 71.7 70.9 74.1 81.7 88.9 92.7 93 93.5 92.9 91.9 93.9 99 102.6 105.1 105.7 105.8 102.6 98.2 93.4 90.1 85.5 83.7 80.6 78.3 71.6 64.2 57.7 49.2 35.7 28.2 41.5 59.2 66.7 58.1 48.2 58.7 61.8 60.5 58.8 64.1 72.7 81.6 87 88.2 86.5 86.3 87.1 85.8 84.6 83 78.3 72.3 65.2 60.1 61 61.9 61.1 59.9 57.3 54.5 49.8 45 39.6 34.1 25.3 11.2 3.3 2.2 -1.6 -1.6
97.8 98.7 101.5 102.8 103.7 102.7 100 97.3 93.2 88.7 85.7 82.4 77.4 74.2 70.8 69 71.6 82.4 86.4 88.3 87.5 84.6 84.1 89.3 96.5 100.9 103.2 104 105.3 104.2 102.3 97.9 93.5 85.6 76.9 73.2 69.1 64.1 61.8 54.9 49.5 45.8 35.8 27.6 30.9 46.5 59.4 49.5 42.8 53.3 54.1 53.6 56.3 64 75.3 84.3 87.7 88.6 87.3 86.5 84.9 81.8 81 80.2 81.6 79.6 76.9 74.8 70.4 68.9 66.3 59.5 56.4 50 45.9 40.8 33.6 25.7 19 4.4 2.6 1.7 -1.6 -1.6
101.4 102.1 103 104.1 104.8 104.2 101.5 98.3 93.6 89.4 86.8 85.8 82.9 79.1 72.8 68.9 68 76.6 83.2 82.8 80.1 79.8 84.2 90.6 95.8 97.8 99.7 99.9 101.3 102 100.9 97.6 93.7 86.8 77.9 70.2 61.5 53.3 46.4 42 37.8 34.4 31.7 27.2 25.3 39.3 49 39.1 38.3 46.7 47 46.1 54.8 64.3 76.3 82.6 84.1 83.4 83 81.5 78.9 76 75.5 78.4 81.1 83.6 81.9 78.1 73 68.5 60.7 51.5 41.8 36.8 37.2 31.6 19.7 10 3.6 1.9 1.7 1.7 1.6 -1.6
104.2 105.3 105.2 105.7 106.5 106.6 104.8 101.6 99.6 97.2 94 92.6 89.2 85.3 79.8 70.5 66.8 68.4 78 76.9 75.6 80.9 85.8 90.2 92.5 93.6 93.2 95.8 98.1 99.3 97.2 93.1 89.3 87.1 80.7 77.6 71.6 55.7 55 52.8 48 45.9 44.6 41.4 24.6 29 34.7 30.2 34.5 38.8 42.5 50.9 58.6 69.2 77.4 79.5 76 75.2 77.3 75.6 71.6 68 68.2 73.1 80.2 83.2 82.2 79.5 71.8 62.1 53.7 43.4 33.2 26.2 25.2 15.3 9.7 4.7 1.7 3.3 2.4 3.9 2.7 -1.6
105.4 106.8 106.7 106.1 106.4 105.6 104.7 101.5 98.7 98.3 99 98.3 96.5 92.4 85.6 76.7 68.7 65.2 68.3 71.8 72.1 77.6 81.7 85.3 87.5 86.9 87.9 93 96 96.7 92.3 88.3 83.2 78.9 78.7 73.5 64.9 66.1 71.5 66.8 61.6 59.8 57.8 50.2 37 23.4 26.2 33.6 40.9 41.4 50.2 61 66.8 73.3 75.5 73.2 68.5 68.7 71.5 68 65.8 62.2 66.5 73.6 79.8 83.1 80.5 77.1 72.8 63.6 54.9 45.3 33.6 23.9 16.3 10.7 8.8 8.4 8.1 15.2 13.5 9.9 3.7 -1.6
104.4 106.7 106.4 106.1 105.3 103.9 100.6 97.4 94.6 93.9 95.3 96.8 98.2 96.9 90.3 81.7 71.1 64.7 63.9 66.5 69.5 73.4 76.5 78.5 80 83.1 90.4 96.3 96.3 96.1 93.2 90.7 84 77.8 73.4 70.9 71 79 79 75 68.8 62.1 58.1 51.2 41.8 22.8 24.2 38.2 47.5 52.7 59.6 66.4 68.8 71.5 72.4 69.9 61.9 58.1 62.2 59 56.7 62.7 72 78.7 83.2 85.7 83.4 77.5 74.8 63.6 50.8 41.6 29.6 24 21.7 19.5 12.4 12.7 17 18.4 14.8 10.1 2 -1.6
105.4 106 105.6 105.1 104.7 102.8 101 98.5 94.8 90.3 91.5 93.4 93.5 91.8 88.8 84.3 75 66.4 62.2 65.1 67.4 70.1 71.1 73.6 79.6 88.7 94.9 98.4 98.2 98.5 97.1 95.1 91.9 87.7 83.6 79.7 82.9 84.4 80.5 75.4 67.9 59.4 52.2 45.7 36.8 22.3 18.9 25.4 35.3 46.2 57.6 64.4 67.6 69.5 71.2 69.4 62.5 54.1 49.5 47.6 58.5 69.8 78.4 85.6 88 89.8 88.8 87.1 82 68.4 49.1 41.7 37.5 35.2 34 34.6 33.7 30.1 26.1 21.4 9.8 2.9 -1.6 -1.6
109.1 108.3 107.8 107.3 106.8 105.7 104 101.6 97.7 91 89.1 89.5 87.3 84.2 79.6 76.3 71.9 65.8 61.9 61.7 63.1 66.9 70.6 75.7 81.9 89.3 95.2 99.7 101.8 101.9 100.5 98.8 97.3 94.4 93.3 89.8 87.6 83.6 79 72.9 64.6 56 45 37 32.8 29.9 25.7 20.9 23.4 35.5 47.8 57.7 62 66.5 68.9 67 62.8 51.8 41.6 48 60.3 69 76.9 82.5 85.4 87 87.4 83.9 79.4 68 57.6 55.7 54.4 51.4 50.7 47.2 45.1 36.3 23.8 11.7 6.5 2.3 -1.6 -1.6
112.1 111.5 110.5 109.9 109.3 108.2 105.6 102.3 97.7 92.1 84.9 83 79.5 75.7 72 69.5 68 65.9 63.7 59.9 60.1 64.7 71.9 77.3 82.6 88.3 93.5 99.1 102.6 102.7 101.6 100.8 100.5 98.7 96.6 92.7 90.1 84.3 79 72.5 66.3 62.6 51.3 56.6 53.3 43.5 35.4 20.7 15.7 27.3 35.7 45.5 54.4 60 62.3 60.9 59 48.7 36.6 42.6 57.2 65.5 70.1 74.8 78.1 82.7 84.2 81.7 76.6 71.3 70.8 69 68.5 66.4 65.5 61.5 49.8 36.6 21.1 13.7 7.5 3 -1.6 -1.6
115.1 114.5 113.6 112.6 111.8 109.6 107 103.9 100.1 94.7 87.7 80.5 77.9 79.5 78.5 77.5 77.8 76.6 70.5 67.7 61.1 59.2 67.2 76 86.7 90.7 92.4 95.3 97.7 98.6 98.5 98.8 100.8 100.7 98.8 97.4 93.7 88.8 83 76 71.1 67.4 64.4 60.7 57.6 52.1 37.8 24.2 13.6 14.2 19.2 28.9 39.4 49.4 52.2 52.6 51.4 44.4 31.9 35.9 46.4 56 63.8 68.5 74.7 79.7 83.1 83.3 80.7 79.5 81 79.7 77.4 73.7 68.8 61.6 46.1 35.6 28.6 25.3 19.1 8.1 2.5 -1.6
119 118 116.9 115.9 115 112.1 109.5 105.8 101.6 96.8 90.2 89.5 85.6 88.9 88.9 87 85.3 83 78.5 76.5 71.3 63.2 58.2 65.9 79.8 89.7 91 91.4 92.8 93.2 93.3 96.7 99 101.8 104.1 105.3 104.3 101.7 92.5 84.2 81.1 76.6 73.4 70.4 66.5 59.1 45.1 33.2 24.4 17.3 11.4 15 25.2 36.2 40.2 40.1 39.2 33.5 28.3 38.5 42.3 50.6 56.4 68.1 75.3 80.6 85.3 87.3 85.2 85.1 85.1 84.8 82.6 76.6 69.4 59.1 47.2 41.2 40.7 40.1 34.8 22.9 -1.6 -1.6
122.9 121.4 120.4 119.2 118.1 115.5 112.4 106.5 103.5 100.1 98.8 96.3 91.8 94.7 96.3 95.2 92.7 89.9 86.5 82.9 79 72.1 63.1 58.9 68.9 80.7 85 86.6 87.7 87.6 90.5 95.1 98.6 101.4 104.5 107.6 109.2 109.2 107.3 101.3 95.5 90.3 85 79.7 75 69.9 61.9 55.1 45.5 32.5 14.8 9.3 14.7 26.3 22.9 20 22.5 25.9 34.4 46.2 52.6 57.4 62.2 68.9 75.1 83.7 89.3 91.2 89.6 88.2 88.8 88.5 85.7 79.9 72.7 64.6 58.1 54.7 50.6 44.1 34.1 23 -1.6 -1.6
125.1 124.1 123.2 121.9 120.7 118.4 114.2 112.4 110.8 108.3 105.1 100.9 99.9 101.7 103 102 100.9 97.5 93.6 87.7 83.6 75.7 66.8 57.3 57.6 69.3 79 80.6 82.2 81.9 87.9 92.7 95.7 98.7 101.9 104.9 106.6 108.6 108.3 107.8 107.8 105.2 101.6 91.8 83.9 78.1 75.3 76.7 62.4 47.9 28.1 12.5 8.5 10.7 13.5 24.5 28.6 33.8 46.1 55.3 64.2 69.9 73.4 74.9 80.2 87.4 93.6 95.7 96.4 95.4 94.6 93.2 89 83.3 78.2 71.3 64.3 59.5 43.9 33.9 21.9 -1.6 -1.6 -1.6
126.2 125.1 124.6 123.8 122.6 121.4 119.3 117.3 115.8 113.1 108.9 104.1 105.9 109.5 108.3 106.4 104.1 101.3 96.7 91.3 86.1 77.8 69.5 61 55 59.6 66.3 73.1 76.6 76.5 85 89.7 92.8 96 99.2 102.2 104.2 105.9 106 104 99.9 96.2 91.7 85.1 80.1 74.3 69.4 70.7 67.4 50.9 32.5 14.9 7.3 18.6 23.8 31 39.8 47.1 56 68.4 75.1 81.3 83.9 85 90.8 96 99 101.1 103 100.7 99.7 95.8 92 86.6 80 74.8 67.5 56.4 37.5 22.4 4.2 -1.6 -1.6 -1.6
126.7 126.1 125.6 125.5 124.5 123.6 122.2 120 118.7 116.6 112.2 110 114.6 115.6 113.5 110.3 105.3 101.6 97.3 92.2 87.5 80.5 72.7 65.5 58.8 53.3 53.7 62.6 68.4 70.8 78.2 83.6 88.5 93 96.6 99.5 101.5 103.2 103.2 101.6 97.7 92.9 87.2 80.1 73.1 63.5 52.6 54 50.5 43.8 32.6 18 7.4 18.1 25.6 37.6 51.1 59.1 69 80.2 89.9 98.2 100.3 102.2 102.1 104.6 107.2 109 108.4 106.7 103.5 100.4 95.4 89.3 82.8 75.2 68.4 48.1 26.5 -1.6 -1.6 -1.6 -1.6 -1.6
126.8 126.9 126.5 126.5 126.6 125.6 124.7 123.2 121.6 120.2 117 116.4 119.6 119.1 117.5 114.1 108.7 103.8 99.2 93.6 87.1 79.5 69.4 62.5 58.6 56.2 51.9 49.9 60 63.1 68.6 77.1 84 88.7 92 95.2 97.4 99.2 101.6 103.4 100.2 94.9 89.3 80.2 72 60.9 45.3 39 35.2 28.6 20.4 10.1 7.7 11.5 19.2 35.2 55.9 66.9 77.6 94.4 99.6 105.4 110.3 112.4 112.8 111.8 114.1 113.4 111.1 111 105.9 101.5 94.9 89.1 80.4 72 51.6 34.6 14.3 -1.6 -1.6 -1.6 -1.6 -1.6
126.1 126.3 126.9 127.3 127.7 126.9 126 125.6 124 123.3 120.9 119.8 121.2 121.9 120.8 117.5 112.5 106 99.1 92.7 85.3 73.5 66.4 63.2 62.5 63.6 59.3 50.6 51.4 55.8 59.3 68.1 78.1 82.8 86.7 90.1 92.4 94.9 97.8 100.7 101.1 98.7 94.6 85.3 73.2 62.5 46.2 31.9 25.3 19.7 17 12.5 8.3 6.7 13.4 28.9 44.8 57.1 72.7 86 95.5 103.1 108.9 112 114.3 114.6 117.3 116.1 114.2 111.4 106.1 97 86.8 77.8 72.9 55.6 38 18.4 -1.6 -1.6 -1.6 -1.6 -1.6 -1.6
125.2 125.4 126.1 126.9 127.1 127.7 127.5 127.3 126.7 126 124.4 123.4 123.7 123.4 122.1 119.7 114.1 106.6 99 88.1 78.3 71.1 69.8 71.1 72.6 73.2 68.7 56.8 49.4 49.5 50.5 54.1 64 74.5 79.9 83.3 85.9 90 93.5 97.4 97.8 96.1 91 84.6 74.3 61.3 44.5 36.8 33.9 30.2 27 20.9 13 6.7 5.2 17.2 31.3 42.1 56.3 71.2 84.5 94.7 101.4 107.4 108.8 113.2 114.7 112 109.2 105 97.6 82.9 70 59 50.8 35.4 -1.6 -1.6 -1.6 -1.6 -1.6 -1.6 -1.6 -1.6
123.3 124.4 125.2 125.7 126.7 127.3 128 127.5 127.5 127.4 127 126.1 125 123.5 121.3 119.3 113.9 106.5 96.9 84.1 76.2 75.3 80.2 83.2 83.8 80.5 73.2 62.7 54.6 51.6 48.9 47 50.7 60.3 71 76.1 80.5 84.5 89.6 95.5 97.2 96 90.9 85.2 75.9 63.2 54.5 53.5 50.1 43.2 40.2 44.9 23.3 12.8 6.7 4.3 16.5 28.3 39.5 51.6 66.7 79.1 89.3 97 103.1 107.1 109.3 107.2 103.8 96 81.2 66.1 52.8 42 28.2 -1.6 -1.6 -1.6 -1.6 -1.6 -1.6 -1.6 -1.6 -1.6
119.8 121.3 121.9 123.2 124.9 126.1 126.9 127.3 127.3 127.4 127.7 127 126.1 123.4 118.9 114.6 110 101.7 91.9 86.3 81.6 84.1 90.6 95.2 94.2 86.5 78.8 71.8 63.8 62.4 54.8 47.5 46.3 48.7 57.7 65.5 71.8 78 84.9 90.7 95 96.8 93.2 88.2 82.9 74.8 70.5 72.3 63.2 56.8 56.9 67.3 59.1 33.8 11.6 4.2 6.6 17.8 24.3 35.9 41.9 58.4 68 81.2 88.8 94.6 95.9 96.6 91.5 82.4 58.5 45.1 35.1 27 -1.6 -1.6 -1.6 -1.6 -1.6 -1.6 -1.6 -1.6 -1.6 1.7
112.9 113 116.7 120.8 122.7 124.1 124.8 125.9 127.4 127.5 127.8 127.9 127.1 123.6 118.2 111.7 103.3 98.9 94.4 92 91.7 94.6 100.6 103.7 102.3 93.9 85.3 79.4 73.6 68.9 62.6 55 49.1 44.3 47 55 63.5 71 79.6 85.6 91.6 95.4 96.9 92.9 88.5 84.2 80.1 78.9 76.9 70.7 79 81.4 74.1 54.9 25.3 7.4 3.9 4 11.8 20.2 28.9 38.4 49.2 60.4 71.2 79.3 84.9 84.2 75.8 63.3 49.1 35.3 25.7 18.1 -1.6 -1.6 -1.6 -1.6 -1.6 -1.6 -1.6 -1.6 0.6 12.3
109.8 103.2 109 116.5 120.5 121.6 122.4 123.6 125.1 126.9 127.9 128 127.7 124 118.6 113.7 106.8 107.1 104.8 104.1 105.5 108.6 112.3 111.3 108.3 101.9 93.5 86.1 81.4 75.9 70.5 63.7 56 48.3 42.1 45.2 54.1 62 70.3 79.2 87.3 93.2 97.9 96.4 92.1 88 86.8 86.5 86.8 86 91.5 92.9 85.6 68.9 38.1 13 4.4 3.7 4 8.9 18 29.2 39.3 51.2 62.5 71.1 76.6 76.9 67.5 47.5 31.5 23.4 4.6 0.3 -1.6 -1.6 -1.6 -1.6 -1.6 -1.6 -1.6 -1.6 1.3 18.3
99.1 96.3 102.2 105.2 109.4 113.8 117 120.4 122.4 124.2 126.6 127.5 127.7 125.6 122.3 116.9 113.8 115.4 115.1 115.2 115.5 116.9 116.7 115.2 110.7 105.1 98.2 92.8 85.6 80.7 75.2 68.2 58.1 49.3 44 41 43.9 49.9 59.3 71.9 79.3 85.7 92.2 95.4 95.1 92.3 91.4 92.8 92.7 92.7 91.9 92.3 87.5 72.5 46.4 25.9 9.8 3.8 3.5 4.3 8.8 18.8 29.6 40 52.6 64.4 71.8 71.4 56.8 39 22.2 -1.6 -1.6 -1.6 -1.6 -1.6 -1.6 -1.6 -1.6 -1.6 -1.6 -1.6 12.8 35.2
91.3 90.6 95.1 97.2 99.5 104 109.8 114.7 118.8 121.5 125.4 126.9 127.4 127.2 125.1 122.8 122 122.1 122.1 121.9 122.3 121.8 120 116.2 110.6 104.5 98.5 93 86.7 82.5 74 66.5 59 54.8 49.9 46.8 41.5 41.2 48.8 58.8 69.1 74.1 82 89.4 93.3 94.7 95 95.3 95.4 94.5 91.8 88.2 81.4 70.4 58.2 46.6 21.5 8.5 4 4.1 4.1 9.6 21.2 36.8 49.3 61.4 69.2 65.9 47.9 26.5 -1.6 -1.6 -1.6 -1.6 -1.6 -1.6 -1.6 -1.6 -1.6 -1.6 -1.6 1.7 17.5 35.1
82.8 85.4 89.4 91.4 95.1 99.2 104.2 110.2 116.6 121.9 125.1 126.9 128.1 127.9 127.6 127.3 126.6 126.9 127.1 127 126.6 124.6 122 116.5 110.1 102.5 97.9 92.1 88.3 80.3 75.1 70.2 67.9 66.5 60.5 55.1 51.2 43.4 37.4 43.7 47.1 58 69.4 82.6 88.3 91.4 94.4 95.1 95.1 94.9 93.7 89.6 85.2 82.2 73.7 71.5 32.2 17.5 6.3 3.8 3.4 4.2 9.4 29.1 44.4 55.6 62.4 62.2 37.3 -1.6 -1.6 -1.6 -1.6 -1.6 -1.6 -1.6 -1.6 -1.6 -1.6 -1.6 0.1 1.7 12.6 28.9
76.7 81.1 85.6 89.4 96 101 106.8 111.5 118 122.9 124.8 127.4 128.6 129 128.7 128.8 128.8 128.9 128.9 128.6 128.2 126.6 123.4 117.7 111.6 105.5 100.1 94.6 90.1 85.1 82 78.9 77.4 74.5 70 64.7 58.9 52.3 45.5 40.9 35.5 41.1 53 70 81.8 87.2 90.9 93.8 94.8 94.5 93.1 90.3 86.3 80.9 75.3 69.1 42.9 31.3 14 4.7 2.8 1.6 1.7 1.7 29.3 44.9 47.4 44.6 24.7 -1.6 -1.6 -1.6 -1.6 -1.6 -1.6 -1.6 -1.6 -1.6 -1.6 0.2 1.3 1.7 3.9 17.5
77.3 84.3 90.7 94.4 100.9 108.4 114.8 117.9 120.8 124 125.9 127.7 128.5 129.1 129.6 129.7 129.6 129.6 129.6 129.6 128.9 127 125.3 121.7 119.4 115.5 109.4 101.8 94.4 90.7 87.7 86.3 84.2 82.2 79.5 75.9 70.4 61.1 53.5 49.3 44.4 35 37.8 55.2 67.6 78.5 88.2 92.4 93.1 94.5 93.6 91.7 88.2 83.6 78.2 67.7 55.3 41.7 28.2 13.9 1.7 1.7 0.9 0.9 9.8 24.2 33.8 26.3 2.2 -1.6 -1.6 -1.6 -1.6 -1.6 -1.6 -1.6 -1.6 -1.6 -1.6 7 9.6 2.2 3.7 5.5
