data/SX75.asc
ncols 200
nrows 200
xllcorner 270000
yllcorner 50000
cellsize 50
[rows 108 to 143 of 200, columns 81 to 161 of 200]
135.3 138.6 141.4 143.2 144.7 146.5 148.3 150.6 154.8 157.7 161.9 163.3 163.9 165.2 166.4 166.5 168.7 170.5 171.4 170.9 170 167.7 167.8 166.7 162.2 156.3 151.4 147.7 148 150.6 154.2 155.9 156 155.5 152.8 148.8 143.9 137.7 131.4 125.6 115.4 105.1 99.7 101.5 114.9 124.4 132.4 133.7 134.5 134.5 132.4 130.2 127.3 123.8 118.3 106.8 113.6 127.1 123 125.7 124.3 123.3 123 123.7 122 120.4 116.9 113 109.6 106.9 103.8 100.6 94.4 88.5 85.4 94.2 94.4 92.6 88.4 87.5 88.1
148.5 151.1 152.2 152.8 152.2 152.2 152.8 152.3 154.3 157.7 161.5 161.7 162.1 163.1 164.4 167.3 169.4 171.1 172.6 173 173 172.8 172.1 171.3 168.5 164.3 160.3 157 156.8 157.8 159.1 159.5 159.8 158.3 155.7 151.9 147 140.7 134.2 123.5 114 106.4 107.8 108.1 111.6 115.9 122.9 130.1 132.2 131.4 128.3 127.1 123.3 119.2 113.3 101.8 120.7 125.1 127.1 129.3 129 127.9 127.3 124 122.4 120.9 116.1 111.9 107.7 102.9 99.5 96.5 92.6 87.4 80.5 88 89.7 88.5 84.7 81.5 81.2
155.2 156.1 155.8 155.9 154 151.2 149.8 149.7 151.7 154 156.4 158.8 160.8 162.6 164.8 166.9 169.4 170.8 172.5 174 174.4 175.2 175 174.4 172.4 169.2 166.3 163.8 162.7 161.8 162.3 163.1 162.7 161 158.4 154.8 149.7 143.9 133.4 119.4 112.3 112 117.6 121 122.4 123.8 127.2 131.2 130.7 129.7 124.9 120.9 116.2 111.3 105.8 122.7 125.7 130.5 132.4 134.5 134.2 130.5 127.4 123.7 120.9 117.4 112.7 107.3 102 96.6 92.3 88.2 85.1 81.9 78.4 77.6 79.5 80.6 77.6 74.3 72.7
154.7 154.5 154.5 152.7 150.2 147.6 146.7 149.4 153.5 157.1 159.6 161.7 163.8 165.3 167.2 168.4 168.9 170.1 171.7 173.2 175.4 176.6 176.6 175.9 174.3 171.5 167.7 165 161.8 161.3 162.9 163.6 163.9 163.2 161 156.9 152.3 144.3 130.3 117.8 124.5 126 133 141.2 142.5 142.5 142.4 140.2 129.5 129.6 121.9 119.9 114.4 108.4 119.3 127.6 132.5 135.8 136.9 138.8 134.8 129.8 125.7 121.4 117.2 112.2 105.3 99.7 92.4 88.3 84.8 84.1 86.1 86.5 84.2 82.2 80.1 76.4 74.4 74.1 71.8
150.6 150.5 149.8 148.5 144.6 144.1 148.8 153.1 157.4 161.5 163.6 165.5 167.2 167.4 167.5 167.3 167.2 167.5 169.6 172 174.7 176.4 177.2 176.8 174.8 170.9 166.6 163.7 160.4 159.8 161.2 163 164.7 165 163.4 159.8 153.6 145 127.8 131.2 141.5 142.2 144.8 149.6 152.4 152.6 150.2 147.1 140.2 131 122.3 118.9 115.5 111.8 129.4 134.9 138.8 139.1 139.2 136.4 130.9 126.6 122.1 117.7 111.6 105.3 97.9 91.5 92.9 95.2 95.4 96.4 98.1 98.2 97.3 93.9 89.9 86.1 81.7 74.9 72.1
144.6 143.9 143.5 142.3 140 145.1 152 156.9 161.2 164.6 167.5 168.7 168.2 167.2 167.2 165.7 163.4 162.7 166.2 170.3 172.9 175.1 175.9 174.9 172.5 169.5 164.9 161.1 159.2 158.9 159.4 161.8 164.2 166.5 165.3 162.4 154.8 146 140.3 145.3 150.2 151.3 151.4 155.9 158.7 158.4 156.2 152.6 145.2 137.9 125.7 119.3 116.5 114.9 128.4 134.9 139 139.5 136.5 131.4 123.8 117.6 112.5 108.1 103.2 97.2 95.7 98.7 103.2 105.6 106.5 106.8 109.3 109.5 107 103.4 97.4 90.8 79.6 73.4 73.1
137 134.5 134.1 134.5 140.4 149.7 154.8 160.2 165 167.8 170.2 170.6 169.6 168.6 167.6 164.5 159.7 158.6 162.5 167.5 170.5 172.4 173 172.4 169.8 166.9 162.6 158.1 155.8 157.2 159.2 162.3 164.8 167.1 167.7 165.3 160 152.3 149.7 154 159.3 160.6 159.7 162.4 164.2 163.1 161.6 157.3 150.6 143.4 134.4 125 120 120.3 125.7 132.9 135.9 134.9 130.4 124.5 114.7 108.1 104.8 103.3 104.4 103.5 104.3 107.1 111.5 114.4 116 117.4 118.1 116.1 111.6 103.9 92.9 81.9 74.8 74.6 78.1
128.9 127.5 132.4 140.3 146.9 153.1 159.2 165 168.5 170.7 172.3 171.8 170.6 169.4 167.2 164.3 160.4 153.9 159.8 164.2 167.5 169.2 169.3 168.2 165.7 162.6 158.9 155 152.2 154.7 159.1 162.3 166.8 169.5 170.2 168.9 166.9 161.4 158.4 163.1 167.5 168.5 169 169.3 169.7 168.7 167.5 163.4 158.1 150.5 141.8 132.3 128.4 127 128.3 132.2 134.1 128.2 120.4 112.2 110.4 113.6 113.4 114.5 114.1 113.5 114.7 117.8 121.3 122.9 123.7 124 121.7 117.2 110.4 98 84.6 75.3 75.6 81.5 87.4
122.8 131 139.4 146.7 153 159.4 164.7 167.4 168 170.5 171.2 171.4 170.7 168.4 165.8 166.1 162.4 154.3 151 160.4 164 165.6 165.6 164.2 161.1 157.4 155.5 150.7 150.3 154.4 159.7 164.5 168 172.4 173.8 173.2 172.2 170 168.8 172.5 173.4 174.9 175.3 175.8 176.1 175.3 173.7 171.1 166.8 159.7 151.1 142.2 137.6 136.6 134.1 135.4 131.3 123.8 116.6 117 119.6 122.6 125.3 127.7 128.2 128.8 129.5 131 133.6 133.9 133.2 130.3 126.3 117.6 104.1 88 77.9 76.4 81.6 91.6 97.9
130.4 139.9 147.7 152.9 159.5 164.6 167.5 168.3 168.5 168.7 168.4 167.9 167.5 166.6 166.2 165.5 162.4 154.9 142 152.2 159.5 161.3 161 158.8 155.7 151.3 149 147 151.3 157.3 162.6 167.7 171.1 175.1 177.5 177.1 176.4 176.3 176.8 178.4 179.9 180.3 181.4 182.3 183 183.2 182.8 180.8 176.9 171.4 162.5 156.8 150 144.6 140.4 138.9 134.3 125.8 122.5 128.3 135.8 139 139.5 138.7 137.8 138.3 139.7 140.3 142.4 141 139.1 132.5 124.7 113.8 97.6 82.5 77.1 82.6 91.1 101.7 109.6
144.5 149.2 152 157.7 163.3 166.3 166.6 166.1 165.3 163.8 162.8 162 161.7 162.4 163.5 163.6 161.5 155.4 140.3 144.9 154.8 156.3 156 153.5 149.7 144.7 144 151 159.1 165.8 169.9 173.9 177.2 179.7 181.5 181.4 181.3 181.2 183.1 184.4 185.4 187.1 188.8 190.9 192.6 193.6 193.6 191.9 188.7 186.4 178.3 170.7 163.5 158.1 161.2 154.7 140.7 127.2 129.9 140.9 149.7 150.4 148.5 147.7 146.4 146.2 147.1 147.2 147.2 144.7 139.3 130.6 121.3 107.6 92.5 80.6 82.2 90.9 102.1 113.4 122.1
150.8 152.6 155.9 160.1 164.3 165.4 163.8 162.9 160 157.8 157 155.7 155 159 160.6 161.1 159.5 154.7 140.8 135.9 148.9 152 151.2 148.4 143.3 142.1 150.4 158.6 167.5 172.6 175.9 178.2 180.5 182.9 183.8 184.2 185.2 185.7 187.6 189.5 190.6 193.5 196.2 199.3 200.4 201.3 201.3 200.1 198.1 194.4 189.4 182.9 177.4 179.4 175 170.6 153 133.1 135.6 147.5 154.6 154 153.4 152.7 151.8 152 149.6 148.1 148.9 145.7 139.6 131.2 121.6 103.7 87.4 80 88.3 99.6 113.9 125.1 133.4
154.5 155.5 158.8 162.4 163.4 164.2 162.2 159.3 154.1 148.1 146.2 144.9 149.4 154.9 157.5 157.6 155 152.6 143.6 130.1 139.5 144.7 144.2 139.3 139.3 150.7 160.8 166.5 172 176.2 178.9 180.5 182.5 183.6 184.6 185.7 186.6 187.6 189.3 192.5 195.6 198.4 201.3 203.4 204.8 205.9 206.5 205.4 202.9 199.5 195.8 190.4 184.9 181.3 176.4 171.7 163 140.5 141.8 150.4 157.8 157.5 156.7 155.8 154.3 152.4 148.4 147.7 147 145 139.2 131.3 121.9 103.8 85 85.7 97.8 111.8 123.6 134.7 141.4
154.2 156.9 158.5 161.3 162.4 163 161.1 158.7 152.9 144.6 138 135.7 145.1 151.2 153.8 153.3 150.7 146.4 136 125.3 128.1 130.1 134.2 140 148.7 159.9 165.1 169.2 171.9 174.3 176.6 179.2 181.1 182.1 182.5 182.9 184.5 187.1 189.3 192.1 195.4 199.2 201.4 203.2 205.3 207 206.9 206.5 205.2 203.4 199.9 195.3 190.6 185.5 179.8 173.2 164.3 149.1 147.3 155.1 160.5 159.4 158.5 156.6 154.6 152.7 149.7 146.4 144.3 142.2 137.6 131 121.2 108.8 82.9 93 106.3 119.9 131.8 141.4 147.7
152.2 154.2 156.5 159.1 161 161 160.8 158.1 153.8 147.7 134.9 128 138.5 147.7 149.6 149 146.2 134.9 123.3 122 132.2 139.8 145.8 152.8 157.6 161.1 163.6 164.7 166.2 168 171.5 173.9 175.9 177.3 178.5 179.5 180.9 183.7 187.4 191.3 194.5 196.9 199.3 201.2 203.6 205.1 206 206.6 205.9 204.5 201.4 197.6 193 188.2 182.6 176.1 165.1 152.8 152.6 161 162.1 161 159.3 156.9 154.7 151.1 146.9 143.1 141 138.9 134.9 128.9 120.2 103.6 83.8 99.1 112.1 124.5 137.3 145.9 152.5
147.1 150.9 153.7 155.9 157 158.1 157.7 157.2 153.1 147.8 133 123.5 133.6 143.4 145.2 143 133.5 118.6 117.1 129.5 138.9 147.8 152 154.5 157.2 158.1 158 156.4 157.9 161.2 165.8 168.7 170.7 172.2 173.3 174.3 176.8 179.6 183.6 187.4 191.1 194.3 196.8 199 200.6 202.2 205 206.4 205.6 204.7 202.2 198.6 194.7 190.4 185 177.8 167 154.4 158.2 162.9 163.1 161.2 159.1 156.1 153.2 148.2 143.2 137.5 135.4 133.6 131.2 125.9 120.5 96.8 90.4 106.5 118.4 131.4 141.3 150 157.1
137.5 145.4 149.1 151.8 152.8 154.5 154.5 152.8 149.3 144.1 126.8 119.8 130.8 139.6 139.9 137 119.9 110.7 119.6 133.2 142.9 148 148.3 149.9 149.4 148.8 148.3 146.8 149.2 154.2 159.6 163.3 165.5 167 167.8 169.9 172.8 176.9 180.8 184.6 188 191.3 193.2 195.8 197.8 200.7 203.6 205.5 205.3 203.9 201.6 198.8 194.4 188.6 184.5 177.7 168.6 163.3 163.9 164.4 163.6 160.5 157.5 154.8 150.1 143.7 137.7 130.2 126.4 126.3 122.6 115.2 112.6 89.3 99.1 115.6 127.6 137.6 146.5 155.2 162.5
125.5 138.3 142.7 145 146.3 147.5 148.6 147.6 146.2 139.3 120.8 114.1 126.4 134.5 135.3 130.8 110.5 106.1 120.7 132.3 139.9 142 141.4 140.2 138.2 136.3 135.4 132 132.7 141.3 150.2 155.3 158.8 161.3 162.7 166.1 170.2 174.3 178 180.8 184.4 186.4 189.2 192.2 195.7 199.9 203.2 205.4 205.2 203.4 200.6 198.1 193.8 188.5 183 176.5 171.4 167.8 166.7 165.8 162.7 159.1 155.7 152.3 147.9 142 134.6 125.6 118.8 119.5 111.9 101.9 91.3 95.8 115.3 123.1 136.2 146.6 154.9 160.5 169
117.3 129.8 133.5 135.5 136.9 138.6 139.5 139.8 139.3 135.2 119.4 110.2 122.1 129.4 129.8 122.9 103.7 103.9 119.4 129.7 133.2 132.4 128.6 127.1 124.5 121.2 118.4 116.1 118.5 125.1 135.7 144.3 150.7 153 158 163.1 167.2 170 171.5 173.2 177.7 181.5 185.3 191 195.6 200.5 203.6 205.3 204.8 204.3 201.5 198.5 195.2 190.4 185.3 180.4 176 171.9 168.4 165.5 162 157.9 153.7 149.4 145.1 139.9 132.6 125.1 116.9 106.2 100.8 90.6 98.4 115.9 131.2 135.7 143.6 155.9 162.8 167.7 174.3
105.9 116.6 119.3 121.1 123.4 126.9 128.8 129.7 130.2 129 118.3 104.1 117.4 124 125.3 118.1 100.5 100.7 115.8 121.3 122.4 120.3 116.6 113.5 110.5 107.2 105.6 105.8 109.6 115 122.1 129.6 140 147.6 152.5 157.3 160.1 161.7 164.6 170.6 176.7 181.6 188.3 192.7 196.8 201.2 204.2 205.8 205 204.1 201.9 198.6 195.3 190.7 185.9 181.2 174 170.6 166.5 163.1 158.6 155.1 151.4 146.8 142.7 138.4 133 127.5 115.7 100.3 91.8 103.7 121.4 137 142.5 144.5 155.2 162.2 167.4 172.4 178
92.3 98.8 100.7 102.1 105.9 108.8 109.8 113.5 119.3 120.9 113.5 96.3 108.6 117.4 117.7 113.5 101.1 92.8 105.2 109.6 112.2 110.1 106.2 103.6 101 99.5 104.6 111 117.4 119 119.3 125.2 130.7 137.4 144.3 149.5 153 158.5 165 171.9 179.4 184.1 189.2 194.2 198.1 202.1 204.4 206.4 205.3 204 201.3 198 194.5 190.2 185.2 179.3 171.5 166.8 161.9 158.7 155.3 151.7 148.8 144.4 139.7 134.8 131.7 125.6 110 95.3 98.1 112.6 133.3 135.3 140.3 152.2 162.2 168.6 172.4 178.4 183.5
78.4 80 80.6 83.1 86.5 87.6 89.2 92.9 100.5 107.7 100.6 90.8 98.8 108.8 109.7 106.4 98.4 90.1 92.5 95.9 96.7 97.1 96.7 95.3 98.4 104.4 111.7 121.6 130.2 134.1 130.4 129.6 139.3 151.4 156.5 158.2 160.8 165.7 170.8 176 180.8 184.5 189.5 193.9 198.2 202.2 204.7 205.9 204.8 203.6 200.6 197.3 193.1 188.6 183.8 177.2 170.8 163.8 156.1 150.8 149.1 147.8 144.5 138.6 133 129.1 126.8 116.6 102.2 94 98.4 111.8 124.8 135.2 144 157.7 168.4 174.7 179.3 183.1 187.2
66.4 67.5 68.9 70.9 72.4 73.3 75 77.3 83.3 91.1 89.8 86.9 92.3 97.5 97.6 94 87.9 84.4 84.3 86.1 87.7 88.8 93.3 102.3 102.8 112.3 125.3 137 143 146.3 144.4 138.5 150.7 161.1 167.3 170 171.5 175.2 177.2 180.1 182.8 185.6 189.9 193.5 197.9 202.3 204.5 205.3 204.4 202.6 199.9 196.2 191.5 186.6 181.1 174.9 170 162.6 156.1 147.9 138.5 141.7 138.7 129.1 120.4 117.7 113.8 104 96.3 103.6 103 103.7 119.2 137.4 154.2 167.2 171.8 176.9 182.1 186.2 189.1
61.8 63.2 65.4 64 64.4 64.4 66 66.6 71.1 75.5 80.5 81.5 82.4 83 81.5 81.7 80.7 80.6 81.5 83.3 86.7 89.8 90.8 111.6 113.7 124.8 131.7 141.1 147.7 152.4 153.3 149.4 152.8 161.9 168.9 173 176.3 179.6 181.9 184.7 187.3 189.3 192.1 195.6 199 201.9 203.9 204.8 203.8 201.4 198.6 194.7 189.8 184.9 179.1 172.4 166.2 160.1 154.1 147.3 136.8 129.8 122.8 113.3 106.2 103.2 101.9 98.6 106.7 115.3 115.8 107.9 113.1 129 155.2 168.9 173.5 178.1 183.7 187.2 189.3
59.5 61 62.8 65.5 67.7 71.6 75 74.2 73.1 69.7 71.5 73 73.8 72.9 75 77.1 79.5 81.1 85.6 88.5 90.9 94 95.6 97.1 98.8 115.7 135.7 142.2 148.6 153.9 157.7 157.2 157.2 162.3 169.4 175.7 180.6 183.8 186.6 189.2 191.7 193.6 195.2 197.8 201.2 202.4 203.3 203.8 202.7 199.6 196.7 192.7 188 182.7 175.1 167.9 162 155.9 148.8 142.6 135.2 120.2 116.7 120 116.1 107.4 100.1 107.1 118.4 126.4 128 118.1 111.1 123.1 147.8 166.6 171.7 177.5 182.1 185.5 187.1
64.8 66.8 69.4 72.1 71.9 74.9 78.8 80.8 79.1 76.2 73.9 76.4 77.8 80.1 81.9 84.7 87 92.2 94.6 96.9 99.5 101.9 102.3 101.5 103 114.9 135.8 139.7 146 151.7 156.5 158.7 160.9 163.4 171.8 178.3 183 186.6 190 192.3 194.6 196.7 198.9 200.8 202.6 203.2 203.5 202.5 201.4 198.2 194.8 190.6 185.3 179.5 170 162.9 157.3 151.5 144.6 138.2 122.5 127.1 132.3 136.8 129 111.1 105.1 117.8 129 137 138.4 129.7 118.2 118.7 140 164 169.3 175.6 179.5 180.7 182.5
74.1 75.1 77.2 78 76.1 77.8 81.4 85 85.7 86.1 89.3 92.8 94.7 96.1 97.9 99.5 103.7 107.4 111.2 114.2 115.5 115.3 111.8 109.2 109.1 115.9 131.9 137.2 142.7 148.9 154.3 160.4 164.1 167.4 172.6 180.5 184.9 188.6 191.1 193.8 196.4 198.6 200.4 201.8 203.3 203.7 203.5 202.4 200.1 197.2 192.2 186.7 181.7 173.7 165.1 158 152.6 147.3 141.5 129.5 134 140 141.5 141.5 133.3 113.5 108.1 124.2 133.5 142.8 145.1 141.3 128.2 119.1 138.9 161 165.4 171.3 174.2 176 175.7
85.8 86.8 87.2 86.7 81.5 78.7 85.2 88.8 92.5 95.9 99.8 110.2 114.9 118.1 121.5 121.7 124.1 126.4 129.7 131.2 128.2 124.4 121 117.7 114.5 114.5 130.5 133.3 142.8 151 155.3 161.6 167.6 169.9 175.3 181.3 185.3 188.2 192.1 194.7 197.6 199.6 201.3 202.5 203.2 202.8 202.4 201.3 197.6 193.9 188.7 182.3 175.2 165.6 157.2 153.2 148.2 142.8 134.5 137 143.9 144.7 142.2 138.4 133.1 112.8 108.4 124.1 134.5 142.3 144.7 142.6 133.5 123.4 138.4 155 160.3 164.7 166.4 167.6 167.7
98.4 101.8 101.7 98.4 97.6 92.8 91.5 94.5 100.1 103.1 111.9 119.9 127 132 136.2 139 141.1 142.5 140.7 138.2 133.5 129.4 125.7 122.2 119.7 118.7 133.3 137.6 147.3 155.5 160.6 164.6 169.8 173.5 177.1 180.1 182.8 187.3 191.9 195 197.7 199.9 201.2 201.8 202.2 201.7 201.2 199.3 195.8 190.6 183.8 175.8 166.9 157.8 153.1 149.5 143.1 137.1 140.7 144.6 144.7 141.5 137.9 133.9 129.4 119.9 105.9 120.6 129.8 134.6 137.7 138.2 130.2 125.5 131.3 141.6 148.8 154.6 155.5 153.9 155.2
110.4 113.2 113.7 110.7 106.6 100.9 99.9 102.2 107.9 113.1 118.5 124 131.4 138.9 142.7 145.3 146.5 146.8 145.5 142.7 139.1 134.5 129.1 126.2 126.3 129 132.8 139.5 146.5 152.9 159.2 163.2 167.6 172.1 175.7 177.6 179.9 183.6 189.3 192.9 196.4 199.3 200.3 200.8 201.2 199.9 198.7 197 192.4 187 179 167.9 159.8 154.1 149.5 145.8 141.8 144.1 146.3 144.7 140.7 136.8 133.5 129.2 122.9 117.3 112.3 111.2 116.7 124.9 131.1 134.7 130.8 126.9 128.6 133.6 137.4 140.1 142.9 145.3 149.1
114.5 118.2 118.8 116.1 111.8 106.6 107.5 110 113.3 118.2 123.2 129 135 140.6 145.1 148.2 150.2 150.8 149.2 147.5 143.8 139.1 134 132.5 133.8 138.1 137.5 136.8 143.5 149.5 155.2 159.9 163.8 168.3 172.1 173.8 175.8 180.8 186.8 191.7 195.5 198 198.8 199.3 198.7 197.1 195.8 193.5 189.1 182.5 175.2 164.3 157 152 149.6 148.7 151 151.8 150.3 147 143.6 140.4 137.4 136.8 135 129.8 121.7 113.9 111.1 114.8 122.9 129.9 132.8 132.9 131.3 132.4 131.8 133.5 137.4 140.9 146.8
117.1 121.2 121.5 118.6 115 115.4 120 116.6 116.6 122.4 126.9 130.9 136.1 140.7 144.9 148.3 150.7 152.5 153 151.4 148 144 139.9 137.5 137.9 139.4 138 137.1 139 145.2 150.6 155.1 158.9 163.6 167.3 169.4 172 179.3 185.4 191.4 194.8 197 197.4 197.8 196.3 194.7 193.1 190.4 187.3 181.9 174.5 167.3 161.1 155.4 154.7 157.1 158.1 158 155.9 152.5 150.7 149.8 149.3 148.1 145.3 140.1 131.3 123.9 117.2 113.9 117.4 125.3 134.2 138 137.9 139.1 140 139.5 140.9 143.9 149
120.7 125.4 125.1 121.6 119.1 131.6 131.2 126.1 122.8 124.2 128.7 132.6 136.1 140.5 144.7 147.7 150.1 152.7 153.3 153.7 151.9 147.7 143.4 139.5 139.4 141 140.5 140.6 140.4 142.4 147.7 151.5 154.6 159.2 162 165.9 169.7 176.9 185 191.3 194.6 196.3 196.4 195.6 194.1 192.5 189.8 188.4 185.4 180.9 175.8 172.9 167.3 161.2 160.9 162.6 163.2 162.8 161.8 160.4 159.2 156.3 153.5 150.4 146.1 142.3 136.5 129.7 120.1 116.3 116.7 122.5 133 139 142.8 145 147.1 148.4 148.6 150.1 152.3
125.5 127.3 128.1 125.8 121 128.7 130.2 130.4 123.1 125.7 129.8 133.2 136.6 140 144.3 146.8 149.4 152.2 152.8 154.7 153.7 150.8 146.7 144.5 143.9 142.6 143.2 143 143.6 145.8 147.2 149.4 152.9 156.3 161 165.4 169.9 175.5 185.6 191.9 194.7 194.8 194.6 193.5 191.9 189.2 186.5 184.9 184.1 180.3 177.7 174.7 169.7 166 166.1 167.2 167 166.7 166 163.3 160.5 156.1 152.8 148.3 143.5 139.2 135 130.3 121.2 117.3 118.8 121 129.7 136.8 140.8 145.1 148.9 151 153.4 156 157.3
127.7 130 130.7 128.1 125 125.6 128.3 129.5 128.3 128.5 131.3 133.9 137.3 141.4 143.7 146.8 149.3 152.9 155.4 157.3 155.9 153.5 150.4 148.3 146.7 145.7 145.3 145.4 147.1 147.9 149.6 151.6 153.3 157.4 160.6 165.6 170.1 180.4 188.2 192.3 194.2 193.4 192.8 191.1 188.6 185.8 183.2 181.7 180.8 180.2 178.2 176 172.2 170.8 170 170.9 170.7 170 168 165 160.5 154.5 149.4 143.1 139 135.1 131.7 128.1 121.6 119.9 120.5 121.1 125.3 131.3 137.5 143 146.4 153.3 156.5 159.2 162.1
130.7 132.7 132.7 131.3 129 126.1 125.5 129.5 128.6 129.9 132.6 135.4 140.6 143.8 147 148.4 151.7 155.3 158.3 159.9 158.6 156.7 153.4 151.7 150 148.9 148.2 148.4 149.4 151.2 153.6 155.8 158 160.7 164.3 169 173.6 182.8 189.5 190.8 191.6 190.5 189.3 186.8 185.1 181.8 178.7 176.9 177.7 177.4 176.6 174.6 171.9 172.3 172.5 172 171.7 170.1 168.3 163.7 159.9 153.3 144.4 138.1 133.1 130.5 126.8 124.6 123.3 122.9 123.1 123.3 123.7 129.4 135.8 143.1 149.8 155.7 159.8 163.2 166.9
