data/SY29.asc
ncols 200
nrows 200
xllcorner 320000
yllcorner 90000
cellsize 50
[rows 152 to 189 of 200, columns 85 to 169 of 200]
28.7 28.8 30.2 30.1 29 33.3 33.6 32.2 30.3 28.7 27.6 27.9 25.9 25 23 20.9 18.1 12.6 8 4.4 2.8 2.7 2.6 1.6 1.6 1.5 1.5 1.5 2.2 2 1.6 1.4 2.3 1.6 1.5 2 3.3 4.1 5.2 9.8 15.1 20.2 25.8 30.9 34.4 37.9 38.8 40 44.3 55.4 74.7 87.7 89.1 90.2 88.9 88.8 88.7 89 88.8 91 91.9 92.9 90.8 89.4 89 89.2 91 93.6 97.5 103.8 110.8 115.2 116.9 114.5 111.8 113.2 118.8 122.5 124.7 125.5 127.3 129.5 131.2 132.6 134.2
24.6 24.5 26.1 25.9 27.1 31 31.8 30.5 28.5 28.9 26.5 26.2 24.9 22.6 20.9 20.2 16.9 11.4 6.9 3.3 2.8 2.9 2.8 1.6 1.6 1.7 1.6 1.3 1.6 1.5 -1.2 -1.2 1.9 1.4 1.6 2.4 3.1 3.9 6.9 12.4 15.8 20.3 26.8 32.6 36.8 41.6 45.5 56.2 50.3 60.4 79.9 95.3 95.9 97 95.5 96 97.1 98.8 98.6 98.5 101.2 101.8 102.8 100.5 103 104.1 108 111.6 116 120.9 124.6 125.8 123.9 120.7 118.4 120.5 122.8 125.5 128.3 129.3 130.4 132.4 134 135.2 136.3
23.1 20.1 21.7 22.7 25 29.3 29.5 29.5 29 28.3 26.2 23.6 22.1 19.9 17.8 18.6 15.4 10.1 5.5 2.7 2.8 3.1 2.5 1.8 1.9 1.9 1.7 1.5 1.6 1.1 -1.2 -1.2 -1.2 -1.2 2.1 2.6 3.1 3.6 8.4 16.5 19.4 23.3 29 39.6 44 52.6 64.8 70.9 65 72.6 86.8 102.2 103.1 104.2 105.7 105.7 107.9 109.2 111.4 115.1 116.4 116.5 115.4 115.9 118 118.4 123.2 124.9 126.6 127.3 130.4 130.3 128.6 125.9 124.5 125.2 126.5 128.3 130.2 131.4 132.5 134.3 135.7 137 137.9
24.4 22.1 19.3 18.6 20.4 25.8 28.1 28.9 28.5 27.6 26.2 24 20.9 17.5 15.5 14.9 13.6 7.6 3.3 2.4 2.7 2.7 2 2.1 2.3 2 1.8 1.5 1.5 -1.2 -1.2 -1.2 -1.2 -1.2 2 2.6 2.9 4.5 13.5 18.3 23 27.7 39.1 53.4 61.3 72.5 80.2 88.4 86.1 88 97.3 105.4 109.6 113.8 117.2 119.2 122.6 124.8 126.2 125.3 124.1 123 122.1 120.9 120.7 122.9 125.4 127.8 128.4 130.7 131.3 131.3 130.2 128.9 128.5 128.7 129.1 130.2 131.3 132.4 133.6 135.5 136.9 138.1 139
31.2 27.2 22.5 17.9 17.9 19.4 23.6 27 27.2 26.9 25.7 24.1 21.3 17.5 14.6 12.9 10.6 5.4 3 2.7 2.4 2.1 3 2.3 2.3 2.1 1.9 1.6 1.5 -1.2 -1.2 1.9 1.9 2.6 2.9 2.9 3.4 8.4 16.1 20.3 25.3 30.5 45.3 59.8 71.6 84.8 92.1 92.8 94 97 101 107.2 109.4 117.6 132.1 133.1 134.5 131.8 130.6 129.2 127.2 126.1 124.6 123 123.1 124.1 126.3 129.2 130.4 131 131.5 130.6 129.5 128.9 129.5 129.8 129.4 130.4 131.7 133.1 134.6 136.1 137.6 139.1 140
38.6 32.6 27.4 21.4 17.4 15.9 17.8 22.4 25.5 25.4 24.6 23.1 21.3 18 14 10.6 7 3.9 2.7 2.7 2.6 2.4 3.1 2.1 2.2 1.4 0.7 -1.2 -1.2 -1.2 -1.2 1 2.5 3.4 4.2 5 8.1 12.8 17.9 21.7 26.1 31.4 47.3 59.7 71.9 86 92 91.5 95.7 100.3 102 103.4 106.1 112.1 118.8 118.2 117.5 117.9 123.9 127 127.1 125.7 124.3 122.7 122.5 123.1 125.4 127.1 128.8 129.2 129.5 129.2 129 129 129.8 129.8 129.4 130.4 131.5 132.9 134.3 136.1 138 138.9 140.3
42.1 36.5 31.3 24.9 19.9 16.7 14 16.9 21.1 23.2 22.7 21.4 19 17.7 14.6 9.7 5.4 3 2.9 2.9 2.7 2.5 1.3 1.8 2.5 1.6 0.8 -1.2 -1.2 0.9 1.4 1.8 2.8 4.1 5.5 7.5 10.9 13.1 18.9 23.9 28.6 33.7 44.8 54.7 64.8 75.6 79.2 78.6 80.8 85.1 91 94.7 98.6 102.4 106.1 104 100.8 100.1 102.7 110.3 119.3 122.3 120.7 119.9 119.5 120.6 121.9 122.8 125.3 126.8 126.6 126.7 128 127.8 128.4 128.6 128.5 129.2 130.2 131.1 132.1 135.5 137.5 138.4 140.1
42.2 36.3 31.9 28.3 24.5 19.6 14.2 13.5 15.5 19 20.4 20.2 18.2 16.4 14.9 10.9 6.1 3.3 2.8 2.9 2.4 2.1 1.2 -1.2 -1.2 -1.2 -1.2 -1.2 -1.2 1.4 2 2.5 3.9 5.4 6.9 8.6 10 13.2 19.5 23.6 28.1 33.5 40.1 47.5 57 63.9 66.2 67.6 72 74 77.7 81.7 88.6 91.1 92.5 89.7 86.5 86.4 87.8 95.2 103.1 108.9 113.1 112.9 112.6 110.3 111.2 114.2 118.8 121.3 123.7 124.2 124.7 125 125.3 124.9 124.8 124.9 126.5 127.7 130 133.5 136.6 137.9 140
38.8 33.9 30.2 27.2 26.1 22.7 17.5 11.7 11.8 14.1 16.3 16.4 14.9 13.1 11.7 9.3 6 3.7 2.8 2.9 2.5 1.9 1.3 -1.2 -1.2 -1.2 -1.2 -1.2 -1.2 1.4 1.8 2.7 4 5.5 8.6 10 10.6 14.7 17.3 20.3 23.9 31.3 37.4 41 46.7 52 53.3 56.8 57.3 60.7 63.2 68.4 72.2 75.7 75.8 74 71 70.6 71.6 77.3 83.2 90 99.1 98.1 98.1 97.9 96.9 98.8 102.1 106.6 113.8 114.8 116.8 118.2 119.5 120.1 121.7 122.9 123.7 125.3 128 131.5 134.3 136.7 138.8
37 32.3 27.4 26.2 24.9 23.1 18.8 14.7 11 10.1 11.9 11.9 9.7 8.7 7.3 5.6 4 3.7 2.7 2.8 2.4 1.5 1 0.5 -1.2 1.8 0.8 1.2 1.7 1.4 1.6 2.8 4.1 6.6 10.6 11.9 14.6 14.1 15.5 17.6 21.5 28.3 34.5 37.3 40.2 42.5 43 44.8 46.7 49.6 54 57.7 61.2 62.9 60.9 58 57.6 60.3 63.8 66.6 69.7 74.6 79.5 81.3 85.5 91.1 98.1 103.1 108.4 111.8 114.6 117.5 118.7 119.3 119.8 121.8 124.9 127.3 128.5 128.2 128.2 129.9 132.1 134.6 137.8
35.9 30.7 26.5 25.2 23.7 22.2 19.2 15.9 11.8 9.9 8.7 8.6 8.1 5.9 5 4.2 2.4 2.3 2.2 2.7 2 2.1 1.3 1.4 -1.2 -1.2 1.3 2 2.1 1.7 -1.2 2.8 4.4 8 12.9 15.7 20.9 23.6 24.7 25.3 22.7 22.7 24.8 28.7 31.6 33.2 33.9 35.4 38.1 41.2 45.3 50.2 52 54.8 52.4 53.3 54.8 60.5 63.2 65.8 72.4 77.7 80.5 86.3 96.6 105.1 115.6 117 119.3 121.6 123.4 125.2 125.2 125.7 124.5 124.5 127.4 130 131.3 131.4 130.9 131.8 131.6 132.8 135.4
33.8 29 25.7 23.7 22.3 21.7 18.8 15.7 12.7 12.3 9.8 8.3 8 6.5 5.3 4.5 3.4 2.8 2.6 2 1.8 3.4 0.9 0.7 -1.2 -1.2 -1.2 2.2 2.7 -1.2 -1.2 2.8 6.4 11.7 15.3 22.4 27.9 31.1 33.6 35.3 33.3 31.6 26.8 30.6 29.4 30.9 32.2 37.9 39 43.3 44.8 45.9 46.1 46.1 49.5 57.9 61.7 68 77.5 81.8 89.6 94.4 99.1 104.3 111.5 117.6 120.5 123.6 125.6 127.4 128.7 128.9 129.6 129.6 129 127.8 129.4 132.2 133.6 134.9 133.2 134 134.5 134.8 135.1
32.8 27.8 24.7 22 20.4 20.6 18.9 16.2 15.1 15.1 12.5 12.1 10.7 9.8 7.9 6.9 5.4 3.4 2.4 1.3 1.6 3.8 1.2 1.2 1 -1.2 -1.2 1.7 -1.2 -1.2 2.4 3.5 8.8 14.7 20.4 27.3 35.1 40 44.7 46.4 45.6 45.7 44.2 43.1 41.8 42.5 46.7 51 52 54 54.3 55.3 56.2 57.4 60.9 66.9 74.9 83.9 94.5 102.2 108.3 109.4 112.1 115.2 119.2 122 126.2 128 128.9 130.1 131.3 131.7 131.9 131.7 131.6 131.3 131.4 133 134.3 135.4 135.8 135.8 136.7 137.5 137.5
32 26.9 23.8 20.9 18.5 18.4 17.9 16.8 15.3 15.3 13.6 15.7 15.9 15.4 13.6 10.2 5.5 3.8 1.5 1.3 1.3 4.2 2.1 -1.2 -1.2 -1.2 -1.2 1.2 -1.2 -1.2 2.8 5 11.7 18.6 25.6 33.3 41.4 52 57.1 61 59.4 59.1 60.6 56.9 56.4 57.1 60 61.1 62.6 63.5 64.5 66.2 66.5 68.2 71.4 81.6 91.7 101.2 109.8 114.2 116.6 116.3 119.9 122 123.8 126.7 128.2 130.1 131.3 131.7 132.3 133.4 133.4 133.6 134 133.4 134.2 135.1 136 137.1 138.2 138.3 139.1 139.6 139.4
31.5 26.7 23.6 19.9 17.5 16.1 17.1 15.2 13.5 13 12.4 15.2 16.1 16.1 14.1 10.7 4.5 1.3 1.3 1.3 1.3 3.9 -1.2 -1.2 -1.2 -1.2 1.6 1.2 -1.2 2.2 3.8 9.3 16 24.8 32.8 41.2 55.5 64.7 69.1 72 73.7 74.2 74.3 71.8 71.2 73 72.7 72.1 73.1 73.4 74.4 74.3 75.9 78.5 85.2 101.7 108 114.1 118.2 120 121.2 122.4 124.6 126 127.4 129.2 130.6 131.4 132.2 132.7 132.8 133 134.1 134.7 135.4 135.7 136.2 136.8 137.4 138.1 138.6 138.6 139.6 140.5 141.4
30.3 27.2 22.9 20.3 17.1 14.7 13.4 13.1 11.7 11.5 10.7 12 13.6 13.1 11.8 6.7 1.4 1.3 1.3 1.3 1.3 3.5 -1.2 -1.2 -1.2 1.4 1.6 -1.2 -1.2 2.6 5.4 13 20.5 29.4 37.6 52.9 66 73.5 76.5 79.9 82.8 85.8 84.7 83.2 82.5 83.7 86.9 85.7 83.7 83.8 82.9 83.4 86.5 91.9 105 115.6 117.2 119.9 121.7 123.6 125.3 127.1 127.9 129.2 129.5 129.9 130.8 131.6 132.1 132 132.5 133.1 133.6 134.3 134.9 134.6 135.7 137 137.6 138.1 138.7 139.4 140.4 141 142.1
30.4 27.2 24.5 21.1 18 15.9 13.8 12.1 10.6 9.4 10.2 11.2 11.4 10.8 8.5 3.9 1.3 1.3 1.3 1.3 1.3 3.1 -1.2 -1.2 1.4 1.4 1.4 -1.2 3.1 2.7 7.6 15.1 25.2 34.2 43.7 62.7 72.5 80.8 84.1 90.9 92.3 93.6 91.2 91.3 90.4 92.8 97.8 102.8 103.9 102.3 105.2 104.1 109.7 116.7 117.7 120.3 121.9 124 125.9 127.6 128.8 129.5 130.1 130.8 130.4 130.8 131.3 131.3 131.2 131.1 131.1 131.6 131.6 133.2 133.9 133.3 133.6 134.7 136.4 138 138.4 139.5 140.5 141.5 142.5
29.5 26.8 24.7 22.5 19.7 17.1 15.4 14.1 11.1 8.8 7.7 8.1 9.1 7.7 5.3 1.3 1.3 1.4 1.3 1.3 1.3 2.6 -1.2 -1.2 1.4 1.4 1.4 1.4 2.4 3.7 10.2 16.1 27 37 49.4 69.8 77.9 86.3 91.9 105.8 107.1 105.1 101.8 101.8 103.1 107.7 116.7 116.6 116.3 117.9 117.8 119 120 121.4 122.6 124.2 125.3 127.2 129.1 129.5 130 130.2 131.2 131.6 131.2 131.1 130.6 130 129.6 129.4 129.7 129.6 128.8 130.5 132 132.2 132.2 132.6 134.1 136.2 137.4 138.5 139.8 141 142.1
29 26.6 25.2 23 19.6 17.4 16.4 15 11.9 7 5.4 6.1 5.5 4.4 2.5 1.5 1.2 1.2 0.9 1.1 1.3 -1.2 -1.2 0.6 1.4 1.4 1.4 1.4 2.1 3.8 10.4 17.7 27.7 41.6 57.9 75.4 85.1 93.1 111.2 120.4 121.8 123 121.6 121.3 121.7 122.8 123.7 123.4 123.9 123.7 122.2 122.9 123.2 124.5 125.8 126.7 128.2 129 130.8 130.9 130.7 130.3 130.9 130.8 130.4 129.8 128.9 127.9 127.2 126.6 125.2 126.3 126.1 127.8 128.2 128.4 129.6 130.5 132 133.9 136 137.2 138.2 139.2 141.2
28.4 27.4 24.9 22.5 19.7 17.7 16.1 14.5 11.9 6.3 4.2 3.4 3 2.2 1.8 1.4 1.1 1 0.6 0.6 2.5 1.3 -1.2 -1.2 1.4 1.4 1.4 1.4 2.6 4.9 11.1 17.6 27.8 41.5 62.4 78.9 94.3 116 124.4 127.3 127.3 130.9 131 129.7 128 128 126.6 126.8 126.3 125.7 123.9 124.5 125.6 126.6 127.6 128.3 128.6 129.8 130.9 130.7 130.3 129.7 130.1 129.7 128.7 127.5 126.4 125.2 124.2 122.3 120.1 120.8 120.4 121.5 121.2 121.8 123.7 126.7 129 131 133 135.1 136.3 137.3 139.8
28 26.6 24.1 23 19.4 17.6 15.3 12.4 10.3 6.2 3.2 3.9 2.7 2.4 1.7 1.2 1 0.7 0.9 1.6 1.3 1.2 -1.2 -1.2 1.4 1.4 1.4 1.4 3.2 6.1 11.6 16.3 25.4 38.1 59.5 78.1 92.6 104.4 113.8 119.8 124.3 129.5 132.4 131.3 130.2 128.6 127 125.9 125.1 125.1 124.8 125.4 126.1 126.9 127.5 128 128.2 128.7 129.3 129.3 129 128.4 128.4 127.7 126.6 125.4 124.1 122.1 119.7 116.9 113.3 114.2 114.1 113.4 112.6 112.8 116 120.9 124.6 127.6 129.2 131.9 133.9 135.4 137.7
27.4 25.2 24.9 21.2 18.3 16.7 15.1 12.9 8.5 6.7 4.4 5.3 5.1 2 1.5 1.2 0.9 0.7 0.7 0.7 1.4 1.3 -1.2 -1.2 0.9 1.4 1.4 1.4 3.2 6.2 10.8 14.8 23.5 37.3 59.5 71.3 79.8 90.1 96.9 99.4 105.9 115.1 121.3 127.1 127.4 125.8 123.8 122 121.7 121.8 122 123.2 124.3 124.6 124.9 125.2 125.9 127.2 127.2 127.2 127 126.7 126.2 125.4 123.7 122.2 120.1 117 114.1 109.7 104.7 105 104.8 102.6 103.8 104.5 106.3 112.3 117.9 121.9 124.8 128.5 131.2 133 135.2
27.1 24.8 24.3 20.3 19.2 17.2 14.4 12 11.2 9.3 4.8 4.7 3.1 1.6 1.5 1.2 0.9 0.8 0.8 0.8 0.9 1.3 -1.2 -1.2 0.6 1.4 1.4 2.2 3.1 5.4 9.1 13.3 22.2 35.9 49.5 59.4 67.6 73.5 79.4 86.6 91 98.1 104.8 116.2 119.3 117.1 117.1 116.1 116.4 117.8 118.8 120 121.3 122.3 122.5 123.3 124.4 125.1 125.1 124.9 124.7 124.4 123 122.1 120.1 117.3 114.5 110.4 106.5 101.1 95.2 94.4 96.1 93.9 94.5 94.9 98.3 103.5 110 115.7 119.1 122.6 126.5 128.8 131.1
25.9 24.8 22.4 20.3 18.5 17 15.5 13.3 10.1 8.3 6 5.2 2.6 1.4 1.2 1 0.8 0.8 0.8 0.8 0.9 2.8 -1.2 -1.2 0.2 1.4 1.4 2.5 3.8 5.1 8.4 13.3 22.7 31.1 40.6 47.9 54.3 59.8 65.8 71 77.5 83 89.8 98.9 104.1 104.1 106 109.6 110 111.3 113.8 115.1 116.9 118.7 120.1 121.3 122.2 122.9 122.8 122.4 122.1 121.4 119.8 117.4 114.5 111.4 108.7 103.7 98.8 92.8 87.7 90.3 93.2 97.4 101 102.3 101.3 100.1 101.4 106.6 110.8 114.5 118.5 122.2 124.9
25.2 22.4 22.3 19.9 17.2 15.8 14.5 13.2 9.3 6.9 7 5.7 2.7 1.5 1.1 1 0.9 0.8 0.8 0.8 0.8 2.4 1.5 -1.2 -1.2 0.9 1.7 3 4.3 5.6 7.5 11.4 19.2 26.6 34.2 39 42 47.3 51.6 60 64.2 72.9 81.4 87 88.8 89.2 91.6 96.4 100 103.6 105.7 109.5 111.7 113 116.6 117.6 119 119.7 119.6 119.4 119.3 117.7 115.9 112.3 107.8 103.7 102.2 97.5 90.7 85.2 92.4 97.9 101.6 106.1 109.8 111.1 110.6 108.5 105.4 104.7 107.4 106.1 110.8 114.1 115.7
25.8 23 21.3 18.8 16.5 15 13.3 11.7 9.1 7.8 7.5 5.7 2.5 1.2 0.9 0.7 1 1.1 1.1 1 0.9 1.2 1.4 -1.2 -1.2 1 2.2 3.1 4.3 5.7 7.4 8.1 15.6 21.3 26.5 29 33 38.5 42.4 46.2 51.3 58.1 70.5 79 81.7 81.9 82.5 85.9 90 94.8 98.9 102.5 106.1 108.3 109.5 112.9 114.4 116.1 116.3 116.1 115.7 114 111.7 106.7 100 96.9 93.9 90.9 85.1 90.7 98.3 104.3 109 113.6 117.2 118.7 119 118.3 116.2 113.3 113.5 112.3 110.1 109.8 111.4
26.2 23.9 21.5 18.9 16.8 13.8 12.5 11 9.3 8.7 7.8 5.1 1.4 1.7 0.4 0.8 1.1 1.3 1.3 1.1 1 1.4 1.4 -1.2 -1.2 1.3 2.6 3.5 4.1 5 6.2 8.6 10.1 14.5 18.3 20.5 24.5 28 32.2 37.2 40.7 46.7 60.9 72.2 74.2 75.3 79.8 81.8 83.1 85.1 89.9 94.2 97.5 102.2 104.8 107.6 109.2 111.9 112.7 112.6 111.4 109.5 106.3 101.2 95.2 90.7 87.1 82 87.3 95.8 103.5 109.8 116.1 120.3 123.4 124.7 125.2 125.1 124.5 122.9 122.2 120.9 118.6 117.9 118.5
25.8 23.5 20.9 19.1 16.8 13.9 12.6 10.8 9 8.4 8 3.8 1.7 1.6 0.8 0.6 1.1 1.3 1.4 1.4 1.2 1.4 1.4 -1.2 -1.2 0.7 3.9 4.3 6 7.7 10.3 11.6 12.9 12.7 13.6 12.6 15.7 17.5 20.9 25.2 30.1 37.5 49.5 60.2 66.1 70.6 73.7 77.2 78.8 81.5 84.2 87.2 90.2 94.8 99.1 102 103.8 106.1 108.6 108.5 107.6 104.8 100.9 94.9 86.9 80.3 79.4 86.7 94.3 101.9 109.4 117.4 121.4 124.2 126.5 127.7 129 128.9 128.8 128 128.6 128.5 127.6 127.7 128.5
25 23.3 20.1 18 15.6 13.5 12.7 10.2 9.7 10.4 10 6.4 1.7 1.4 0.9 0.5 1 1.3 1.4 1.4 1.9 1.4 1.4 -1.2 -1.2 0.7 2.4 5.7 8.3 12.4 16.9 21.2 21.3 22.6 20.7 16.8 16.9 16.6 17 18.1 21.3 28.5 37.9 51.3 64.5 66.3 65.7 65.9 70.8 75.4 78.3 82.6 86.3 89.7 93.7 96.6 98.7 101.5 103.2 104.6 103.2 99.5 90.3 77.8 74 80.7 89.8 95.5 101.4 108.6 116 120.4 123.4 125.4 127.1 128.5 129.6 129.6 130 130.5 130.5 130.8 131.4 132.3 134.1
23.9 20.1 19.6 17.1 15.4 13.1 12 11 10 10.7 9.3 3.1 1.5 1.2 0.4 0.3 0.8 1.3 1.2 1 1.6 1.4 1.4 -1.2 -1.2 1.2 3 7.9 11.2 22.1 27.6 31 33.2 32.7 31.7 27 24.2 22.4 21 20.9 20.1 22.6 32.3 45.4 57.3 55.8 54 55 59.8 62.3 69.5 77 82.2 86 89.3 91.6 93.9 97.3 99 99.9 98.8 94.9 77.7 70.4 84.8 90.6 97.4 102.9 108.5 114.1 118.4 121.2 123.6 125.5 126.8 128.1 129.2 129.5 129.9 130.7 131.2 132.1 133 133.7 134.8
22.6 19.8 18.7 16.2 15 12.9 11.3 11.1 10.5 11.1 9.7 0.6 2.2 2.2 0.2 0.2 0.5 0.9 0.6 0.3 0.9 1.4 1.4 -1.2 -1.2 2.1 6.5 12.2 21.3 29.1 34.4 40.9 46.8 47.5 45.9 39.7 35.1 28.2 25.9 24.4 23.1 22 23.4 38.6 44.8 43 41 44.4 44.2 47.9 58 68.2 76.4 81.2 85 86.6 89 93.1 94.9 95.6 93.8 84.4 67.6 76.2 90.4 96.2 101.9 106.8 111 115.4 117.9 119.6 122 123.7 125.5 126.7 127.5 128.3 128.9 129.7 129.9 131.5 132.3 133.2 134.2
22 20.2 17.8 15.6 15 13.1 10.6 10.4 10.5 11.2 9.3 1.1 1.9 1.6 0.3 0.2 0.2 0.4 0.1 0.1 2.2 1.4 -0.7 -1.2 -1.2 2.6 8.2 17.2 26.1 34.6 45.8 58.4 63.8 66.3 63.9 52.2 45.5 36.8 31.7 29.6 31.6 30.1 25.8 26.9 32.1 31.5 34.8 42.2 46 44.7 45.3 50 60.5 71 77.1 75.3 74.8 81 85 87 89.1 73.5 65.1 73.9 88.9 94.9 101.1 105.7 109.3 112 114.4 116.4 118.2 120.2 122.1 124 125 125.7 126.2 126.5 126 129.2 130.5 131.4 132.3
20.9 17.7 16.7 14.4 13.4 11.6 10.8 10.4 10.3 10.7 5.5 1.3 1.5 1.2 0.6 0.5 0.4 0.3 0.3 0.6 3.5 1.4 0.6 -1.2 -1.2 4.4 10.2 22.8 34.2 47.6 61 67.6 72 74.3 72.7 62.5 52.5 43.5 38.3 39.2 42.7 42.5 37.2 32.7 31.7 35.5 45.7 53.4 57.1 59.7 57.6 49.3 49.8 52.9 55 56.9 57.4 60.2 61.9 62.7 63.7 62.2 63.2 67 77.5 91.4 97.8 101.6 104.6 107 108.4 110.4 112.5 114.6 117.1 119.1 120.8 121.6 122.5 122.7 122.1 125.9 127.2 128.4 129.3
18.8 17 16.3 13.1 12.8 12.3 11.8 10.3 10.5 11.6 5.1 1.5 1.4 1.2 1 0.8 0.7 0.6 0.5 0.7 0.6 1.4 0.3 -1.2 -1.2 6.7 14.2 25.8 43.5 58.3 68.3 73.9 77.9 79.6 78.4 72.3 59.1 50.6 43.7 47.9 52.9 55.7 54.1 45.7 43.8 47.9 59.3 66.1 68.8 72.9 71.7 65.2 55.9 52.2 52.4 53.9 54.9 56.2 59.7 58.8 62.1 64.7 73.4 79.9 72.4 81.5 91.2 95.5 98.5 100.2 100.8 101.3 104 106.9 109.9 112.2 112.4 114.5 115.9 117.3 118.1 121 123.6 126.5 129
17.5 16.4 13.2 12.8 12.8 14.3 14.5 10.9 11.3 11.1 3.3 1.4 1.3 1.3 1.3 1.2 1 0.9 0.8 0.7 1.4 1.4 -1.2 -1.2 1.2 7.6 15.5 31.4 50.4 68.3 74.1 79.3 83 85.4 84.3 81.6 67.8 56.9 51.2 52.8 67 69.9 65.4 60.7 58.6 63.3 69.2 75.5 82.1 84.6 83.9 78.5 67.1 60.9 67.2 70.4 74.5 75.8 76.7 79.3 79.7 81.6 87 89 86.5 78 78.2 84.5 90.1 93.6 90.6 91.9 95.1 98 101 104.4 107.3 110.4 114.4 118.1 121 123.9 126 128.7 130.7
16.1 13.7 12.7 11.8 14.6 14.6 13.8 12.2 11.9 9.6 2.1 1.4 1.4 1.4 1.4 1.3 1.1 1 0.8 0.7 1.4 1.1 -1.2 -1.2 2.9 10.6 19.4 36.7 57.8 75 79.9 84.2 87.9 90.4 89.7 87.3 80.3 67.6 60.7 59.9 72.4 81 76.7 73 75.1 77.4 83.6 88.1 94.6 95.4 92.4 90.8 78.1 69.1 77.7 88.1 92.1 94.8 96.4 95.9 96.6 97.1 97.4 96 93.6 91.2 88.1 83.6 81.5 83.1 89.3 94.3 98.4 102.3 107 110.1 113.7 116.9 119.8 123.2 125.5 126.8 128.4 130.2 132.1
16.7 13.8 13.8 14.6 14.6 14.7 13.4 12.3 12.1 8.4 1.6 1.4 1.5 1.5 1.5 1.5 1.3 1.1 0.8 0.6 1.4 0.6 -1.2 -1.2 5.3 13.3 22.8 41.6 58.5 79.1 83.1 87.4 92.1 94.4 94.2 92.1 87 85.7 76.8 67.4 75.4 92.2 90.9 89.3 90.4 94.7 98.2 99.6 101.8 104.6 101.2 98.7 91.9 79.3 79.5 92.8 97.7 101 103 104 105 105.5 105.8 103.6 101.5 98.5 96.9 94.6 89.6 84.5 92.4 99.1 106.1 112.3 115.2 118.8 120.6 122.8 124.6 126.6 127.3 128 129.2 130.4 131.7
18.8 15.4 14.4 15.2 15.4 14.9 13.3 13.5 11 7.1 1.6 1.5 1.5 1.5 1.5 1.5 1.4 1.2 1 0.8 1.4 0.1 -1.2 -1.2 8.5 16.9 28.5 42 59.9 78.9 87.2 91.8 95.8 98.3 98.6 96.4 94.5 94.7 94 82.5 77.1 92.8 97.9 99.2 101.5 104.4 106.4 107.7 111.8 111.6 109.3 106.1 100.9 93.6 85.8 90.7 100.8 104.2 107.8 110.4 111.6 113.6 113.6 112.6 109 106.2 103.4 99.5 93.2 86.7 94.1 101.3 109.4 115.5 119.4 122.2 123.7 124.4 126.4 127.9 128.5 128.6 128.4 129.4 130.4
