data/SY49.asc
ncols 200
nrows 200
xllcorner 340000
yllcorner 90000
cellsize 50
[rows 38 to 75 of 200, columns 0 to 83 of 200]
42 39.7 43 43.4 44.1 45 44.8 44.5 44.7 45.1 45 44.8 44 42.4 40.1 38.4 41.7 45.4 47.3 48.7 48.2 47.1 45.5 43.6 43.5 44 47.6 52.3 58.1 58.7 56.5 53.8 52.1 50.3 49 46.7 51.2 54 56.3 58.3 57.9 54.9 52.2 51.1 50.7 50.8 51.6 53.6 59.3 64.1 67.4 67.4 65.1 62.9 61.6 61.5 59.8 58.5 57.7 57.2 55.4 54.6 52.2 55.7 58.4 58.5 58.6 57.9 58 58 57.5 57.1 54.6 52.1 43.5 43 49.9 46.9 38.8 44.5 53.5 61 68.8 81.6
41.4 38.9 40 41.2 41.5 43.1 43.9 44 44.1 44.4 44.4 44.3 43.5 42.1 38.7 39 43.6 45.5 46.9 47.9 47.3 46.3 45.2 43.5 41.9 43.3 45.3 49 53.9 56.1 55.4 53 52.3 51.2 49.8 47.3 51.3 54.2 56.6 58.7 56.9 53 51.6 50.1 50.2 49.6 50.6 52.8 57.8 62.6 65.6 65.3 64.1 62.2 60 59 57.8 57.2 56.7 56 53.8 53.5 56.5 58.8 59.3 59.3 59.5 59.5 59 57.8 57.7 59.3 57.9 55.1 51.8 46.5 38.7 37.7 36.3 38.9 45.3 57.6 70.4 77.1
40.9 40.3 41.7 38.1 40.7 41.7 43.4 44 44 43.6 43.5 43.6 42.9 40.9 38 40.6 43.7 45.1 46 47 46.5 45.5 44.4 43.3 42.1 41.9 43.5 46.1 50 53.5 55.4 54.9 53.1 51 49.6 47 51.5 54 56.5 58.7 55.9 53.1 51.4 49.6 49.1 50.8 51.4 52.7 56.6 60.4 63.4 62.9 61.2 59.5 58.2 57.3 56.4 56.3 55.8 54 53.1 56.1 58.4 60 60.3 59.9 60.8 61.1 60.5 58.8 60.2 61.8 60.7 57.3 53.7 49.2 48.2 46.1 42.6 36.6 45.6 57.7 68.5 73.7
41.3 41.8 41.4 38 40.4 41.8 43.8 44.5 43.3 42 42.4 42.5 42.5 40.7 37.7 39.4 42.6 44 45.2 46.3 45.7 44.6 43.4 42.7 41.4 41.3 42.5 43.9 47.8 51.8 54.7 54.1 52.6 51 49.2 46.7 50.9 53.3 55.8 58 57 53.9 51 49.3 48.3 51.6 53.5 54.5 55.8 58.7 60.9 60.8 60.4 58.8 57.6 57 56 55 53.9 51.9 52.7 57.9 59.6 60.2 60.3 60.8 61.4 61.8 62.1 61.8 62.8 63.2 61.8 58.3 54.8 52.3 49.7 46.8 41.6 36.2 43 50.8 62.9 72.1
41.1 40.9 39.6 37.4 41.6 43.5 45.5 46 44 41.7 41.5 41.5 41.7 40.6 36 38.7 42.1 44 45.2 45.6 44.8 43.5 42.3 42 40.9 41.4 42 43.5 47.2 51.2 53.6 53.5 52.2 50.9 49.1 46.1 50 52.2 54.6 56.1 55.3 52.6 50.3 48.2 50.9 52.9 52.5 53.2 54 55.2 57.9 59.3 60.2 59.2 57.7 56.6 55.6 53.7 50.7 51 55.9 58.2 58.8 59 59.3 60.7 61.3 61.7 61.8 62.2 63.3 62.8 60.9 59.9 57.3 53.3 48.9 46 40.1 35.7 45.2 55.1 62.9 70.4
39.7 37.6 37.8 40.2 43.1 45.2 46.4 45.9 44 41.6 40.5 40.9 41.3 40.4 36.2 40 42.2 44.1 44.3 43.9 43.3 42.3 41.2 41.3 40.2 40.8 41.4 43.1 46.5 50.6 53.1 53.4 52.5 50.9 49.2 44.9 48.5 51.3 53.5 54.3 53.1 50.9 48.6 48.9 51.6 52.1 51.5 51.9 52.5 53.3 56.2 59.6 60.4 59.5 58.1 56.6 55.3 52.9 51.1 54.8 57 57.4 57.4 57.4 58.3 60.2 60.3 60.5 60.7 61.3 60 59.3 57.3 57.2 54.4 50.9 47.6 44.5 38.4 34.3 41.8 51.1 59.7 64.1
36.4 37 40.5 42.8 44.1 45.6 44.9 43.3 42.1 41 39.8 40.3 40.7 38.3 35.5 39.1 41.6 42.9 43.1 42.4 41.7 41.1 40.1 39.3 38.9 39.8 41.1 43.1 46.2 49.9 52.4 52.6 51.3 49.7 47.9 45.5 46.6 50.2 51.7 52.4 51.1 48.5 45.8 48.8 50 50.4 49.9 50.6 51.2 53.4 56.8 60.2 60.7 59.1 57.5 56 55.2 50.8 52.2 55.4 56.8 56.5 55.3 55.6 57 58.3 58.9 59.3 60.3 60.9 55.7 51.8 50 51.2 49.8 46.3 45.3 43.8 38.2 34.1 42.3 50.7 57.6 61.5
35.4 38.8 41.7 43.5 44.8 44.1 42.3 40.8 40.4 40.1 38.7 39.4 40.1 38.7 34 39.4 40.8 41.4 41.9 41.3 40.4 39.3 38.5 37.6 38.3 39.6 40.9 43.4 46.4 49.5 51.6 51.6 50.1 48.5 46.3 44.9 46.5 49 50.3 50.6 49.5 46.9 45.9 48.6 49.2 48.9 49.5 50.2 51.7 55.8 59.4 60.7 59.9 58.1 56 55.1 54.4 52.7 50.6 54 55.9 53.5 52.9 54 55.4 57.2 57.7 58.8 61.9 63.2 60 56 50 44.2 43.2 42.1 43 42.3 37.6 34.1 40.4 46.5 52.6 57.1
36.9 38.2 41.4 43.6 43.9 42.2 40 39.5 39.1 38.6 37.9 39.4 40.2 38.8 31.8 38.3 40.3 40.8 40.8 40.5 39.1 38 37.3 37.6 39.3 40 41.3 43.6 45.9 48.3 50.3 50.2 48.8 47.7 46.7 44.3 45.1 47.4 48.2 48.9 48.2 45.1 48 49.8 49.7 49.6 49.5 51 53.6 57.3 59.8 59.5 57.7 55.5 55.5 54.9 54.1 52.3 50.3 53 53.9 51.6 53.4 55 57 58.8 59.9 61.3 64.5 65.4 64.6 58.7 51.3 48.1 44.6 40.7 37.2 34.5 33.2 33.7 38.4 40.8 45.2 50.5
35.3 37.1 41.2 43 42.6 40.7 39.3 38.7 38.7 38.7 37.1 38.8 39.5 38.5 34.1 36.1 38.9 39.8 39.5 39.2 38.9 37.3 37 38.9 40 40.4 40.8 41.7 44 46.5 48.1 48.4 47.4 46.5 45.7 43 44.5 46.5 46.8 46.6 45.2 46.9 49.9 50.6 50.6 50.5 50.6 53.3 55.9 58.9 58.8 58.1 55.8 53.9 54 53.9 53 51.9 49.1 53.2 53.8 52 53.3 56.2 58.8 60.9 63.6 64.7 66 65 64 60.5 56.3 51.3 47.1 43.9 44 41.8 38.6 33.7 34.7 36.6 37.4 44.5
34.7 37.5 40.6 42.2 41.2 39.5 38.2 38 37.2 36.2 36.4 37.6 38.6 37.6 33.1 35 38.3 38.4 38.2 37.9 38.4 36.5 36.7 39.1 39.8 40 40.4 41 41.9 43.9 45.8 47 46 45.2 43.7 42.2 42.5 44.6 44.6 44.7 44.1 47.2 50.1 51 51.1 51.3 52.4 54.8 57.4 58.2 57.7 56.1 54 52.6 52.3 51.9 51.5 50.8 48.6 52 52.3 50.8 54.1 57.2 60.8 64.3 66.9 66.7 63.1 60.8 61.8 61 60 55 48.2 47.1 45.2 42.7 39.6 34.5 32.2 32.8 38.5 40.7
35.4 35.5 38.6 39.6 39.5 38.5 37.2 36.9 36.8 32.8 36 36.9 37.5 36.5 32.1 34 36.9 36.9 36.9 37.4 37 35.3 37.6 38.7 39.7 39.5 38.5 39.9 40.9 42.4 44.3 45.4 45 44.4 43.8 42 40.2 41.9 42.8 43.1 45.1 47.1 49.3 50.6 51.2 51.3 52.7 55.6 56.7 57 55.9 54.2 52.5 51.9 51.4 50.5 49.6 49.3 49.7 50.6 51.2 52.6 55.7 59.1 62.7 65.9 66.8 64.4 60.6 57.1 57.7 59 59.1 56.5 53.4 51.7 46.9 42.9 41.3 37.6 32.6 31.7 37 37.7
36.5 33.2 34.1 34.4 34.9 34.8 34.7 35.3 34.8 34.7 36.2 36.3 36.3 35 32.2 33.8 35.2 34.4 32.8 33.1 33.8 35.5 38.6 39.9 39.6 38.5 38.3 39.3 40.6 42.4 44.2 44.7 44.1 43.5 42.9 40.7 40.4 43.6 44.4 44.9 45.2 46.8 48.7 50 50.7 51.2 52.5 54.2 55.1 54.7 53.6 52.3 51.7 51.5 51.2 50.4 49.4 48.1 47.7 49.9 52 54.1 57.4 60.4 62.9 65.5 64.3 61.1 58.1 54.2 53.7 55.4 57.3 56 54 52.2 47 42.1 40.5 38.5 33.4 30 33.9 34.5
39.4 37.6 37.2 36.3 34.1 32.7 31.4 30.5 31.4 34.3 35.5 35.4 35 33.3 30.4 30.6 31 30.9 31.7 30.8 31.9 34.7 37.2 39.3 38.6 36.8 38.9 40.2 41.5 42.4 43.3 43.8 43.2 42.5 41 38.7 41.8 43.9 45.1 46.3 46.5 47.1 48 49 49.8 50.5 50.6 51.5 52.6 51.9 51.4 51.6 50.9 50.7 50.3 49.3 48 46.2 47.9 50.4 51.7 54.5 57.3 60.1 62.2 63.3 61.1 59.3 55.6 54.8 53.3 52.7 55.5 55 51.9 48.6 44.4 42 40.1 38.8 36.3 31.1 31.1 31.3
40.9 40.9 40.9 40.5 38.2 37.3 36.6 33.3 29 31.3 34.4 34.2 31.5 30 28.8 31.5 32.9 35.1 35.5 34.2 31.9 32.4 32.5 35 34.4 36.8 39.5 40.5 41.6 42.3 42.1 42.4 41.5 40.7 38.8 40 42.7 43.6 44.2 44.6 45 45.7 46.8 47.5 48.6 49.3 49.3 49.6 50.1 49.4 49.3 49.5 49.7 49.6 49.2 48.7 48 49.2 51.5 50.5 52.1 54.8 55.9 58.1 60.2 60.3 58.5 56.8 55.4 56.2 55.4 52 53.6 53.7 49.3 44.7 42.8 41.8 40.3 38.1 36.6 33 29.4 30.4
41.3 40.8 40.9 40.3 39.2 38.9 38 36.1 31.3 27.5 31.5 31.3 29.9 30.2 35.4 37.6 38.5 38.5 38.7 38.4 38.1 36 34.5 33.4 33.4 34.8 36.3 39 40.3 40.6 40.1 39.2 37.7 37.6 37.7 38.1 40.4 39.7 39.5 41 41.6 43.2 44.4 45.4 46.5 46.4 46.7 47.1 47 47.2 47.2 47.1 47.5 48.4 47.6 48.8 49.2 49.9 51.8 51.1 51.8 54.2 55.4 56.5 58.1 57.1 56.1 54 54.7 55.6 55 52.4 48.7 49.1 45.7 41.7 41.2 40.3 39.6 38.8 37.8 36.4 32.2 29.9
41.4 40.4 40.3 39.6 38.4 38 38.4 37.3 33.7 28.1 29 29 31.2 36.4 39.3 41.1 40.9 40.8 41.3 41.7 41.5 40.8 39.7 37.4 35.9 35.4 33.9 35.9 37.8 37.4 36.8 35.8 37.6 38.2 39.3 38.7 40.6 41.1 41.6 42.4 42 41.3 41.9 42 43.2 43.4 42.2 40.4 41.5 43.6 44.3 44.5 45.5 46.1 46.3 47.3 48.5 49.6 51.7 52.2 52.5 53.7 54.2 54.6 55.4 54.7 54.4 51 53.7 53.4 51.8 50 46.2 44.6 42.6 39.7 39.1 38.5 38.7 38.2 37.8 37.7 36 32.2
41.6 39.8 38.5 37.9 37.4 37.8 38.2 37.2 34.4 28.9 26.9 32 36.8 39.4 42.2 43.4 43.2 43.4 43.7 43.4 43.6 43 42.1 40.8 41.3 39.2 37.3 34.1 35.5 35.1 34.2 36 39.6 41 42 42.7 43.7 44.6 45.3 45.8 45.3 45.1 43.3 41.9 42.1 41.4 43.6 45.2 45.4 42.9 43.5 46.7 46.8 44.1 45 48.8 49.7 51 52.5 52.8 52.7 52.7 52.9 53.2 53.7 53.9 53.6 49.9 49.3 50 48.5 46.7 45.1 41.7 39.9 37.6 35.6 37.6 38 37 36.7 37.2 37.6 35.4
41.6 39.5 37.8 36 36 36.9 37.6 36.3 32.2 26.2 29.3 35.8 38.9 41.7 43.9 44.1 44.8 44.6 44.8 45.1 45.3 45.2 43.2 43.2 45.2 44.5 42.7 40 37.1 38.8 38.1 36.9 40.9 41.5 42.5 43.8 44.8 45.9 47.1 48.5 48.6 48 46.5 45.6 43.3 45.8 48.1 48.7 50.2 49.8 50 50.2 49.8 49.1 48 47.2 49.7 51.3 52.8 53.6 53.3 52.9 52.5 53 53.2 53.5 53.7 52 48.6 43.9 45 44.1 43 42.6 41.1 39.1 36.8 36.2 37.2 36.3 35.9 36.6 37.4 36.9
41.4 39.4 37.8 36.4 34 35.8 36.4 35.2 30.1 27.1 32.6 37.2 40.7 43.3 43.5 43 44.2 45.2 45.4 47.6 47.5 46.1 44.7 44.7 46.5 49.1 47.1 45.1 43.6 42.4 40.5 39.7 41.5 41.2 42.3 43.5 44.9 46.4 48.7 50.5 51.6 50.6 49.2 47 44.2 45.2 48.9 50.2 51.2 52 51.1 51.2 50.4 49.6 48.4 47.5 49.9 51.7 53.1 54.2 53.9 53.4 52 52.4 53.6 55.2 54.1 52.3 49 45.6 41.7 40 40 41.3 40.4 38.8 37 34.1 36.6 35.7 34.8 35.7 36.8 36.4
41.2 39.3 37.8 36.7 34.3 33.8 33.9 32.9 28 29.1 34.6 38.4 42.1 44.3 44.2 42.3 42.2 43.8 45.6 48.8 50.5 49.9 47 46.7 50.1 53.1 50.9 48.1 45.8 43.2 39.7 41.8 42.5 41.9 42.3 43.5 44.9 45.9 48 50.6 53 52.5 50.6 48.4 45.6 44.8 48.4 50.4 51.5 52.3 52.2 51.8 51 49.9 48.6 48.2 50.1 52.2 54.8 55.7 55.1 54 53.5 53.1 54.5 55.7 55.2 51.9 48.4 44.8 42.8 38.2 37.5 39.5 39.5 38 36.2 32.9 36.1 35.2 34.4 35 36 36.1
40.8 39.1 37.4 36.2 34.4 31.6 29.8 28.7 26.9 28.6 35.2 39 42.6 45.4 45.4 42.8 40.3 41.6 44.1 48 51.5 52.1 51 49.6 52.3 52.6 51.2 49 46.4 41.2 44.3 45 44.6 44 43.6 43.6 44.5 45.5 47.4 49.6 51.7 53.2 52.1 49.4 45.5 45.1 47.7 50 51.6 52.5 53.3 52.4 51.6 50.7 49.6 49.9 50.6 53 56 57.5 57.3 55.9 54.3 54.6 55.5 55.9 54.1 50.6 47 43.4 40.4 37.1 36.5 36.4 38 37 35.3 33 35.4 35.1 34.2 34.2 35.3 35.8
40.3 38.3 36.9 35.5 34.4 34.3 34.3 30.2 26.3 28.6 34.2 38.7 42 45 45.7 42.3 39.5 40.9 42.2 46.1 51 52.5 52.9 52.6 52.2 51.6 49.9 48.3 44.4 44.1 47.5 47.4 46.7 45.8 45.7 45.5 45.9 46.4 47.5 48.9 51.4 53.9 53.4 51.1 45.7 45.6 46.7 50 52 53.6 54.3 54 53.2 52 50.9 49.8 51.1 53.8 56.7 59 59.5 58.6 56.2 56 55.5 55.5 52.3 48.3 45.1 42.7 40.7 39.6 39.5 36.1 35.1 34.7 33.9 31.6 34.8 34.6 33.8 33.6 34.8 35.4
38.3 37.5 36.1 34.8 35.3 35.5 35.4 33.7 27.1 25.3 31.9 37.1 40.5 43.1 42.9 40 38.7 39.9 41 43.9 49 51.7 53.1 53.3 52.3 50.6 49 47.3 46 46.8 49.5 50.8 50.6 49 48 45.3 47.1 48.4 48.5 49.1 51.7 54 54.6 52.2 49.7 45.3 47.8 49.3 52.1 54.4 55.3 55.4 54.3 53.1 51.8 50.8 51.5 54.4 57.7 61 61.8 61.1 58.6 57 54.3 53.1 49.4 45.6 42.3 40.7 39.9 39.5 39.1 38.3 36.5 33.8 32.5 30.5 34.5 34.6 33.2 33.7 34.4 34.6
36.4 35.8 35 33.9 34.4 34.6 34.6 34.5 29.8 26 30.5 35.7 38.9 39.9 39.4 37.4 37.9 39.1 40.3 42.7 46.1 50.3 52.2 52.7 51.9 50.6 49.1 47.4 47.5 48.9 51.6 54.1 55 53.7 50.2 47.4 48.6 50.4 50.4 51.1 52.9 54.7 55.4 52.7 50.2 47.4 49.7 51.3 52.7 55.3 56.7 56.2 55.2 54 52.4 51.7 52.4 55.3 59.4 62.5 62.9 60.5 57.7 55.2 51.5 46.6 46.4 43.1 39.7 40 39.3 38.8 38.2 37.6 36.8 35.6 34.5 31.5 32.7 33.7 32.4 31.9 33.7 33.8
34.9 34.5 34 32.9 33.2 33.4 33.5 33 28.7 26.3 30.4 34.1 37.1 36.7 36.2 36.8 38.1 39.3 39.9 41.1 43.8 48.1 50.4 51.2 50.8 50.1 48.8 48.7 48.9 50.4 52.9 56 58.8 58.6 53.9 49.3 50 51.7 52.3 53.5 55.7 56.3 55.7 54.2 51 48.9 52.3 55 55.8 57.4 58.9 58.9 56.6 54.2 52.9 52.2 54.8 57.3 61.6 62.4 60.3 57 53.9 51.2 47.3 44.3 43.3 40.7 38 38.2 37.8 37.7 37.2 36.4 35.5 35.1 34.6 33 28.8 32.4 31.7 31.7 32.9 33
33.6 33.1 32.7 31.6 31.6 31.7 31.4 28.7 25.5 26.3 29.5 32.8 34.4 34.5 35.7 37.2 38.3 38.9 39 40 42.1 45.5 47.4 48.9 49.1 49.9 49.6 50 50.8 52.6 53.1 56.8 60.4 60.5 56.2 51.3 54.4 55.8 55.8 56.3 57.3 57 55.9 54 52 50.3 54.5 57.3 59.3 59.5 60.5 60.3 57.4 54.7 54 54.3 56.1 58.6 63.2 62.5 58.5 53.4 50.1 48.8 46 44.1 42.4 40.2 39.7 38.6 37.4 36.1 36.2 35.4 34.5 32.9 34.1 32.9 30.4 29.5 30.7 31.2 32.3 32.3
31.9 31.6 31.2 29.2 29.9 29.1 26.8 25.7 26.8 28.3 29.2 30.3 31.4 33.7 36.1 36.8 37.2 37.5 37.7 38.7 40.5 42.4 43.8 44.9 48.2 50 51.3 51.4 52.5 54.1 54.7 56.1 59.8 60.3 56.8 55.5 58.1 59 58.4 57.9 57.1 56.7 55.7 53.7 51.4 50.4 54.6 57.5 59.7 60.8 61.3 61 58 55.7 56 57.2 57.9 62.8 65.9 65.3 61.3 54.7 46.6 47.2 45.9 44.1 42.3 41.8 40.2 39 38 36.6 36 34.8 33.8 31.9 32 32.6 30.6 28 29.5 30.3 31.5 31.6
30 29.8 28.6 26.4 25.4 24.7 26.4 26.6 29.9 31.7 31.4 30.2 30.6 31.5 33.7 35.1 35.7 36 36.8 37.8 39.2 40.7 42.1 44.4 48.2 51.9 53.1 52.7 53.9 55.3 56.7 57.3 57.2 58.8 56.8 58 61 61 59.8 58.8 58.3 56.9 55.2 53 50.5 51 54.6 57.1 59 59.8 60.5 60.2 58 57.1 57.1 57.8 60.4 65.1 66.3 63.8 58.3 53.4 47.7 42.8 43.6 43 42.3 41.6 39.6 39.2 38.4 37.2 36 34.8 33.1 31.6 30.9 31.1 29.6 27.2 27.7 30 30.7 31.3
28.3 26.8 25.8 26.5 27.4 27 28.1 28.9 27.6 30.4 30.8 32.5 33.2 33.4 34.3 34.8 35.7 36.2 36.6 37.6 38.4 40.2 42.4 46 50 53.4 54.9 54.8 55 56.4 58.1 59.3 58 58.2 58.7 60.1 62.3 62.3 60.5 59 57.3 55.4 54.1 51.4 51.6 52.7 53.7 56.6 58.2 59.2 60.3 61.5 60.7 60 59.1 60.5 61.8 63.7 63.3 59.6 53.5 46 43.7 38.7 39.3 41.2 40.5 39.9 39.5 39.1 38.4 37.6 36.3 35 34 33.1 31.9 31.1 29 26.8 26.3 28.9 29.9 30.4
26.4 26.2 26.4 30.4 32.5 34 34.1 32.2 29.7 29.3 31 32.7 33.8 34.9 36.2 36.7 37.4 38 38 38.5 38.4 40.3 43.8 47.9 52 54.6 56.7 57.2 56.8 58.8 59.8 60.8 61.2 60.3 60.5 61.3 62.7 62.2 59.8 57.6 55.8 54.1 52.8 52.4 55.2 54.4 54.7 56.3 58 59 60.7 62.6 62.9 62.3 60.6 61.6 58.9 58.7 59.5 55.7 51.2 45.1 39.7 38.2 36.4 39.6 39.3 38.5 37.7 38.2 38.2 38.4 37.1 35.9 35.6 34.4 33.2 31.9 30.5 28.3 26.4 27.1 29 29.5
25.2 26.6 30.6 33 34.7 35.6 34.7 32.8 31.4 29.9 31.2 32.3 33.8 34.7 36 37.5 38.3 39.1 39.5 39.7 38.8 40.7 45.3 49.6 53 55.6 58.1 58.7 58.5 60.4 61.9 63.8 65 64 62.9 63.2 61.6 60.3 58.6 56.8 56.7 56.3 55.1 55.5 57.3 56.9 55.7 55.6 57.9 59.3 61.2 62.9 65.2 64.7 63 62.4 57 51.3 50.4 51 47.7 41.9 36.7 35.7 34.3 37.6 39 38.1 37 37.3 37.5 38.1 38.4 36.8 35.8 34.7 33.5 32.2 30.7 28.5 26.6 26 27.8 28.6
25.2 29.1 31.5 34.1 35 35.4 34.6 33.5 32.6 31.2 31.2 32.5 34.5 35.2 36.2 37.9 38.7 39.4 40.8 41.3 41.3 41.2 45.2 49.9 52.9 56.5 60 61.8 60.9 60.6 63.2 66.4 68.4 67.3 65.7 64.4 62 60.2 60.2 60.6 60.1 58.6 57.1 58.3 59.2 59 57.3 55.7 57.6 59.6 61.2 63 64.9 64.4 63 61.4 56.3 48.2 43.2 40.9 39.5 36.6 34.2 34.2 34.2 35.7 38 36.3 36.4 36.5 36.4 36.7 38.2 37.6 36.1 34.4 33.2 31.9 30.6 28.4 27.3 25 26 28.2
24.8 29.5 31.9 33.5 33.9 34.7 35.1 35.1 33.9 32.7 32.8 32.9 35.1 35.7 36.7 37.7 38.7 40.1 41.7 42.5 42.5 42.3 44.6 47.4 51 56.3 61.8 64.9 64.7 65.1 64.9 66.2 68.6 69.3 67.4 65 62.5 61.8 62.9 63.9 62.2 59.9 58.2 60 61.1 60.7 59 58 57.6 59.5 61.8 63.8 63.6 61.7 57.1 56.5 50.7 44 39 37.2 36.6 35.7 34.8 33.6 32.6 34.1 36.5 35.2 35 35 34.9 35.6 38.1 37.8 37.3 34.1 32.1 31.3 29 28.4 26 25.3 24.7 26.6
27.5 30.2 32.1 33.1 32.9 34.2 36.1 36.6 34.7 33.7 33.9 34.2 34.6 36.3 37.3 38.3 39.3 40.5 42.1 43 44.3 45.2 45.1 47.3 50.8 56.3 62.9 68.3 71.3 72.2 71.3 69.7 69.6 70.8 68.9 66 65.4 65.3 66.1 66.1 63.8 60.5 59.6 62.1 63.7 62.5 61.1 60.3 59.1 59.6 62.2 64.4 63 56.2 50.1 49.2 44.1 40.4 39.7 39.9 38.7 37.5 36.3 35 33.6 31.6 33.6 34 33.7 33.4 33.2 34.8 36.3 37.7 37.3 35.4 33.5 32.5 30.9 29.9 28.4 26.7 23.8 24.2
27.2 29.1 30.7 31.4 31.6 34.5 38.2 38.4 36.2 34.8 35.3 35.7 36.1 36.9 37.9 38.9 39.9 41 43.6 44.8 46 46.5 47.6 50.4 55 61.8 67.6 72 77 77.8 78.1 76.6 75.4 73.1 71.4 68.3 69 69.4 69.4 67.7 65 61.2 62.5 64.4 66 64 62.7 61.3 59.9 60.1 62.7 64.9 63 56.2 49.6 43.9 41.6 42 42.1 42.7 39.9 38.4 37.1 36.5 34.8 32.4 33 33.6 33.1 33.2 32.1 32.9 34.2 34.4 34.7 36.3 34.9 33.4 32.6 31.1 29.6 28 25.8 23.3
26.4 26 28.7 29.6 31.5 35.3 39 38.3 36.5 35.8 36.3 36.7 36.6 37.3 37.9 39.2 40.4 41.4 43.8 45.7 46.7 47.7 50 53 59.5 68.1 72.3 75.8 81.1 84.8 85.7 85.2 85.7 82.8 78.2 73.7 73.5 74 72 69.3 65.3 63.7 66.3 67.7 67.6 65.3 64.8 63 61.5 61.2 63.6 65.5 62.8 57.9 52.9 46.1 41.2 43 45.2 43.6 41 38.3 36.7 35.9 34.3 31.9 30.2 31 31.9 32.1 31.2 31.5 32.4 31.2 32.7 35.1 36.1 34.5 32.3 30.8 29.3 28.4 27.2 25.1
29.3 29.9 28.8 27.6 30.9 34.8 37.3 37.4 36.7 36.8 37 37 37 37.8 38.6 38.9 39.9 42.6 44.7 45.9 47 49.4 51.9 56.4 62.6 68.9 73.4 77.8 81.8 85.7 90.5 93.6 95.1 94.9 89.5 82.1 77.4 76.1 75 70.3 67.2 68.2 70 69.4 69.3 66.8 67 65 63.3 63.9 65.1 65.2 63.2 54.7 49.2 46.4 44 44.2 46.8 44.2 41.6 38.7 36.2 35.1 33.3 32 33 30.7 28.7 29.9 30.1 30.2 29.9 29.6 30.8 33.7 35.5 35.7 33.8 30.6 29.5 29.1 27.4 26.3
