data/SZ47.asc
ncols 200
nrows 200
xllcorner 440000
yllcorner 70000
cellsize 50
[rows 0 to 37 of 200, columns 84 to 167 of 200]
-0.9 -0.9 -0.9 -0.9 -0.9 3.8 21.1 27.3 28.1 28.4 28.6 28.8 28.7 28.8 28.2 28 27.9 28.1 27.6 25.9 28.6 28.5 29.4 29.3 29.2 29.5 29.7 29.9 31.9 33.6 35.2 35.8 36.3 36.3 36.4 36.1 36.7 37.3 37.5 37.7 37.7 34.9 31.4 31.9 32 32 32.2 32.4 32.7 33 33.3 33.6 33.9 34.2 34.3 34.8 35.1 35.5 36.1 39 43 44.9 45.5 46.6 47.1 46.6 45.7 44.6 44.5 43.9 45.6 48.4 53.3 59.8 72.8 78.4 77.8 77.1 78 74.9 72.5 72 71.9 71.8
-0.9 -0.9 -0.9 -0.9 -0.9 -0.9 0.9 19.6 27.8 28 28.3 28 27.7 27.9 25.4 26.9 23 23.3 28.1 28.6 29.2 29.3 29.5 29.4 29.5 29.9 30.1 30.4 32.3 35 37.3 38.4 39.4 39.6 39.2 38.4 39.2 39.9 40.1 40.4 38.5 35.6 32 32.2 32.2 32.3 32.3 32.3 32.7 33 33.3 33.6 34 34.2 34.6 35.6 35 35.5 37.6 42.4 47.5 48.8 49.3 49.8 50.4 50 48.6 47.5 47.1 46.2 46.1 49.2 53.9 62 77.3 79.6 79.4 78.9 78.3 77 75.3 74.5 74.3 72.8
-0.9 -0.9 -0.9 -0.9 -0.9 -0.9 -0.9 0.9 9.3 20.8 17 14.5 16.4 15 14.4 15.8 24.3 28.1 28.7 28.9 29.1 29.2 29.4 29.4 30.1 30.3 30.6 31.1 33.1 36.3 39 40.3 41.1 40.7 40.5 39.7 42 42.6 42.8 42.1 38.4 35.9 33.2 32.6 32.5 32.5 32.4 32.3 32.6 32.9 33.2 33.5 33.8 34.1 35.8 35.4 35.5 36.3 39.4 43.1 47 51.5 52.7 51.7 51.1 50.4 51 50.3 48.9 47.5 47.3 49.9 54.5 63.4 76.9 79.7 79.9 79.3 78.9 78 75.9 75.2 73.5 70.1
-0.9 -0.9 -0.9 -0.9 -0.9 -0.9 -0.9 -0.9 0.7 3.3 10.3 15.9 21.2 25.9 28.1 27 27.7 28.8 28.4 28.6 28.8 29 29.4 30 30.5 30.8 31 31.9 34.2 37.3 40.1 41.4 41.5 40.7 40.8 40.9 43.5 44.2 42.6 40.1 34.9 34.3 32.9 32.8 32.7 32.8 32.7 32.4 32.6 32.9 33.2 33.4 33.6 34 33.2 35.1 35.8 37.7 40 41.8 45.3 50.8 51.5 49.7 50.3 49.7 50.7 51.1 50 48.8 48.6 50.8 55.3 62.5 75.3 78.8 79.5 78.6 78 77.1 76.2 74.2 71.6 67.1
-0.9 -0.9 -0.9 -0.9 -0.9 -0.9 -0.9 -0.9 -0.9 -0.9 10 26.1 28.4 28.6 28.7 28.5 29.4 28.6 28.6 29 29.4 29.8 30.5 30.5 30.3 30.7 31.1 31.9 34 36.8 39.3 40.4 40.3 40.4 40.2 39.8 40.7 40.4 38.9 37.2 33.7 32.9 33 33 32.9 33 33.2 33.2 32.8 33.1 33.2 33.4 33.6 33.8 36.5 35.3 36.1 37.8 39.5 41.2 42.8 47.2 48 47.2 47.9 49 50.9 51 50 48.9 49.6 51.6 54.7 59.4 73.7 78.7 78.3 77.3 76.4 75.2 73.4 71.5 69 65.1
-0.9 -0.9 -0.9 -0.9 -0.9 -0.9 -0.9 -0.9 -0.9 -0.9 0.9 9.8 20.8 30.1 30 30.3 30.6 29.4 29.4 29.9 30.3 30.7 30.6 30.5 30.1 30.2 30.6 30.9 32.5 34.4 36.3 38 38.1 38.3 38.6 38.9 38.5 38.4 37.7 35.2 33.5 32.7 32.8 33 33.1 33.3 33.6 33.2 33.1 33.3 33.4 33.5 33.7 34 34.4 35.2 36.1 37.4 38.9 40.5 42 43.4 44 46.4 47.6 49.3 50.7 50.6 49.9 49.4 50.8 53.3 55.6 61.3 66.2 77.4 79.1 77.7 76.3 74.4 71.7 69.5 66.9 64.6
-0.9 -0.9 -0.9 -0.9 -0.9 -0.9 -0.9 -0.9 -0.9 -0.9 -0.9 0.8 9.2 17.4 30.2 31.5 31.1 30.4 30.3 30.8 30.8 30.7 30.6 30.4 30.2 29.7 30.2 30.5 31.5 32.9 34.3 35.7 36.4 36.8 37.1 37.2 37.1 37 36.7 34.6 34.3 32.4 32.6 32.7 32.9 33.3 33.7 33.5 33.5 33.6 33.7 33.7 33.9 34.2 34.6 35.1 35.8 36.7 38.3 39.9 41.5 44.1 45.8 48.4 49.6 50.6 50.7 49.9 49.7 50.3 51.5 53.7 56 57 60.9 70 78.4 78.8 77.7 76.2 73.4 69.6 65.4 63.6
-0.9 -0.9 -0.9 -0.9 -0.9 -0.9 -0.9 -0.9 -0.9 -0.9 -0.9 -0.9 -0.9 8.9 23 32.6 32.1 31.4 30.9 30.8 30.8 30.8 30.6 30.4 30.2 29.5 29.8 30.4 31 31.9 32.8 33.8 35 35.4 35.9 35.8 35.7 35.6 35.5 34.1 34 32.9 32.2 32.3 32.7 33.4 33.9 33.8 33.9 34 34.1 34.2 34.5 34.9 35 35.1 35.4 36.5 37.9 39.6 41.2 43.1 51.8 51.7 50.1 50.3 49.1 48 48.1 49.2 50.7 52.6 53.2 55 61.6 76.8 79.4 77.9 76.8 75.8 72.6 69.2 65.4 62.9
-0.9 -0.9 -0.9 -0.9 -0.9 -0.9 -0.9 -0.9 -0.9 -0.9 -0.9 -0.9 -0.9 -0.9 7.4 26.5 33.6 32.2 31.2 30.9 30.9 30.7 30.5 30.3 30.2 29.7 29.8 30.6 31.1 32 32.9 33.8 34.2 34.5 34.9 34.7 34.5 34.2 34 33.9 34.1 33 32.7 32.7 33.3 33.8 34 34.2 34.3 34.4 34.6 34.8 35.1 35.2 35.3 35.4 35.4 36.6 37.5 38.9 40.4 44.1 52.2 51.3 50 48.1 47.2 46.1 46.3 47.2 47.8 48.9 52.3 57.2 68.1 78.9 78.8 77 75.3 73.8 71.1 67.4 64.2 63.4
-0.9 -0.9 -0.9 -0.9 -0.9 -0.9 -0.9 -0.9 -0.9 -0.9 -0.9 -0.9 -0.9 -0.9 0.8 14 21.9 32.4 31.8 31.1 30.9 30.7 30.6 30.5 30.4 30.4 30.4 30.8 31.3 32.1 32.9 33.4 33.6 33.9 34.3 34.1 33.9 33.6 33.7 33.9 34.3 34 33.7 33.8 34 34.2 34.1 34.1 34.5 34.9 35.1 35.2 35.3 35.4 35.5 35.6 35.6 36.4 37.1 38.6 40.1 41.5 45.2 49.7 48.9 46.2 44.9 44.3 44.5 45.4 47.8 49.2 53.9 64.2 76.6 79 77.3 75.5 73.6 71.9 69.6 66.7 64.6 66.1
-0.9 -0.9 -0.9 -0.9 -0.9 -0.9 -0.9 -0.9 -0.9 -0.9 -0.9 -0.9 -0.9 -0.9 -0.9 1.5 14.8 24.8 32.2 32 31.4 31.1 31.1 31 30.9 30.8 30.8 30.9 31.4 32.1 32.6 32.8 33.1 33.4 33.7 33.5 33.5 33.6 33.7 33.9 34.2 34.3 34.3 34.3 34.5 34.7 34.9 34.9 35 35.2 35.3 35.5 35.6 35.6 35.7 35.8 35.9 35.9 36.7 38 38.9 40.8 47.9 51.1 49.3 45.5 43.5 43.1 43.8 46.5 48.8 51 58 73.8 77.4 78.7 75.3 72.8 71.3 69.2 66.7 65.7 65.8 68.1
-0.9 -0.9 -0.9 -0.9 -0.9 -0.9 -0.9 -0.9 -0.9 -0.9 -0.9 -0.9 -0.9 -0.9 -0.9 -0.9 4.3 18.2 30.6 33.2 32.5 32 31.6 31.2 30.7 30.7 30.8 31 31.2 31.8 32 32.3 32.6 32.9 33.1 33.3 33.4 33.6 33.7 33.8 34 34.2 34.4 34.5 34.7 34.9 35 35.1 35.3 35.4 35.6 35.7 35.9 35.9 36 36.1 36.2 35 36.4 37 37.9 41 48.2 52.3 48 44.1 42.5 42.1 43.3 46.1 49 51.6 59.5 74 79 77.7 74.7 71.8 69.5 67.2 65.8 65.5 67.7 69.5
-0.9 -0.9 -0.9 -0.9 -0.9 -0.9 -0.9 -0.9 -0.9 -0.9 -0.9 -0.9 -0.9 -0.9 -0.9 -0.9 0.6 7.8 18.8 33.8 33.2 32.5 31.8 30.8 30.6 30.7 30.9 31.1 31.3 31.2 31.5 31.8 32.1 32.4 32.7 32.8 33 33.1 33.4 33.7 33.9 34.1 34.4 34.7 34.9 35.1 35.2 35.4 35.5 35.7 35.9 36 36.1 36.2 36.3 36.4 36.4 35.6 35.8 36.5 37.7 40.1 45.6 50.9 47.7 43 41.1 42.6 43.9 45.7 49.3 53.9 61.3 77.8 80.9 78.3 75.5 73 70.6 67.6 65.8 67 69.8 71.4
-0.9 -0.9 -0.9 -0.9 -0.9 -0.9 -0.9 -0.9 -0.9 -0.9 -0.9 -0.9 -0.9 -0.9 -0.9 -0.9 -0.9 3.9 9.1 32.8 32.9 32.2 31.6 30.9 30.5 30.6 30.8 31 31.1 30.1 31.5 31.6 31.8 32 32.3 32.5 32.8 33.1 33.3 33.6 33.8 34 34.3 34.5 35 35.3 35.5 35.6 35.8 36 36.1 36.3 36.4 36.5 36.6 36.7 36.3 36.3 36.6 36.9 36.9 38.7 42 46.7 46.4 41.8 40.6 43.4 44.9 46.5 50.6 56.7 64.8 80.9 81.8 80 78.5 75.8 72.6 68.6 65.7 68.8 71.8 72.8
-0.9 -0.9 -0.9 -0.9 -0.9 -0.9 -0.9 -0.9 -0.9 -0.9 -0.9 -0.9 -0.9 -0.9 -0.9 -0.9 -0.9 0.4 6.5 18 32.7 32 31.3 30.5 30.4 30.5 30.7 30.8 27.7 31.3 31.7 31.7 31.9 32.1 32.1 32.4 32.7 33 33.2 33.5 33.7 33.9 34.2 34.5 35 35.4 35.7 35.9 36.1 36.2 36.4 36.6 36.7 36.8 36.9 36.9 36.8 37.1 37.3 37.6 37.6 38.1 39.4 41 41.1 40 41.5 42.8 45.6 48 51.8 56.1 70 81.6 82.1 80.7 79.1 77.2 74.1 70.3 66.5 69.7 72.9 73.2
-0.9 -0.9 -0.9 -0.9 -0.9 -0.9 -0.9 -0.9 -0.9 -0.9 -0.9 -0.9 -0.9 -0.9 -0.9 -0.9 -0.9 -0.9 1.3 11.9 29 31.7 30.9 30.3 30.3 30.3 30.5 30.5 27.2 31.5 31.9 31.9 32 32 32 32.3 32.6 32.9 33.2 33.4 33.6 33.8 34 34.4 34.9 35.4 35.9 36.2 36.3 36.5 36.7 36.8 37 37.2 37.2 37.3 37.4 37.7 38 38.1 37.9 38.1 39 39.8 41 40.7 42.4 44.2 46.1 49.4 53.5 61 72.8 81.8 81.8 80.6 79.2 77.5 75.1 71.3 67.6 69.5 70.9 72.4
-0.9 -0.9 -0.9 -0.9 -0.9 -0.9 -0.9 -0.9 -0.9 -0.9 -0.9 -0.9 -0.9 -0.9 -0.9 -0.9 -0.9 -0.9 -0.9 2 11.4 31.3 30.5 30.4 30.2 30.2 30.4 24.9 29.7 31.6 32 32.1 32.3 32.3 32.1 32.3 32.5 32.8 33 33.3 33.5 33.7 33.9 34.4 35 35.6 35.9 36.3 36.8 36.9 37 37.2 37.3 37.4 37.5 37.7 37.9 38 38.2 38.2 38.1 38.5 38.9 39.5 40.1 41.4 43.4 45.1 46.9 51 57 66.7 81 82.5 81.1 80.2 79.1 77.5 75.7 72 66.9 68.9 70.4 72.2
-0.9 -0.9 -0.9 -0.9 -0.9 -0.9 -0.9 -0.9 -0.9 -0.9 -0.9 -0.9 -0.9 -0.9 -0.9 -0.9 -0.9 -0.9 -0.9 -0.9 1.2 9.9 26.4 30.4 30.1 30.7 29.1 24.4 31.3 31.7 32.1 32.4 32.7 31.5 32.1 32.3 32.5 32.7 33 33.2 33.4 33.6 33.9 34.5 35.1 35.6 36 36.3 36.8 37.3 37.5 37.6 37.8 37.9 38 38.1 38.3 38.6 38.7 38.7 38.7 38.8 39 39.5 40.3 41.5 42.8 44.8 47.8 52.5 60.1 79.8 83.4 82.6 81.9 80.4 78.7 76.9 75.1 71.8 69.3 69.3 70.4 72
-0.9 -0.9 -0.9 -0.9 -0.9 -0.9 -0.9 -0.9 -0.9 -0.9 -0.9 -0.9 -0.9 -0.9 -0.9 -0.9 -0.9 -0.9 -0.9 -0.9 -0.9 0.9 2.2 5.6 11.9 15.3 18.8 26.9 31.4 31.9 32.8 32.9 32.6 30.1 32.1 32.3 32.5 33 33.4 33.5 33.7 34 34.2 34.6 35.2 35.6 36 36.3 36.7 37.3 37.9 38 38.2 38.3 38.5 38.7 38.8 39 39.1 39 39 39.2 39.9 40 40.8 41.9 43.1 45.2 47.7 53.5 65 81.6 82.5 81.9 81.2 79.5 77.8 76.1 74.3 70.8 69.3 69.9 71.7 72.3
-0.9 -0.9 -0.9 -0.9 -0.9 -0.9 -0.9 -0.9 -0.9 -0.9 -0.9 -0.9 -0.9 -0.9 -0.9 -0.9 -0.9 -0.9 -0.9 -0.9 -0.9 -0.9 -0.9 -0.9 -0.9 -0.9 0.8 2.3 8 14.2 29.4 33.2 32.2 31.3 32.2 32.4 32.2 33.6 33.9 34 34.2 34.3 34.5 34.8 35.3 35.7 36 36.4 36.7 37.1 37.8 38.4 38.6 38.7 38.9 39.1 39.2 39.4 39.4 39.3 39.3 39.6 40.2 40.8 41.6 42.5 43.4 46.4 47.9 54.7 65.9 80.3 81.5 80.8 80 78.4 76.6 74.9 73.1 70.3 70 70.3 72 72.8
-0.9 -0.9 -0.9 -0.9 -0.9 -0.9 -0.9 -0.9 -0.9 -0.9 -0.9 -0.9 -0.9 -0.9 -0.9 -0.9 -0.9 -0.9 -0.9 -0.9 -0.9 -0.9 -0.9 -0.9 -0.9 -0.9 -0.9 -0.9 -0.9 0.4 0.9 6.6 17.7 32 31.7 30.8 33.7 34.1 34.4 34.6 34.7 34.8 34.6 35 35.3 35.7 36.1 36.4 36.8 37.1 37.6 38.6 39 39.2 39.3 39.5 39.6 39.8 39.8 39.7 39.6 39.9 40.4 41 41.9 42.8 44.6 46.2 50 54.7 60.5 67.3 74.9 75.3 78.2 76.6 75 73.5 71.8 70.3 70.6 71.2 72.5 73.4
-0.9 -0.9 -0.9 -0.9 -0.9 -0.9 -0.9 -0.9 -0.9 -0.9 -0.9 -0.9 -0.9 -0.9 -0.9 -0.9 -0.9 -0.9 -0.9 -0.9 -0.9 -0.9 -0.9 -0.9 -0.9 -0.9 -0.9 -0.9 -0.9 -0.9 -0.9 0.3 0.9 3.3 29.3 33.5 34.2 34.6 34.9 35.1 35 34.8 34.7 35 35.4 35.9 36.5 36.9 37.3 37.7 38 39 39.2 39.4 39.7 39.9 40 40.2 40.2 40.1 40.2 40.5 40.8 41.2 42.1 43.1 44.9 48 52.5 56.8 63.9 66.5 73.1 78.6 77.1 75.6 74.2 72.7 71.2 70.6 71.4 72.7 73.1 74
-0.9 -0.9 -0.9 -0.9 -0.9 -0.9 -0.9 -0.9 -0.9 -0.9 -0.9 -0.9 -0.9 -0.9 -0.9 -0.9 -0.9 -0.9 -0.9 -0.9 -0.9 -0.9 -0.9 -0.9 -0.9 -0.9 -0.9 -0.9 -0.9 -0.9 -0.9 -0.9 -0.9 0.4 1 20.4 34.4 34.9 35 35.1 35.1 34.9 34.8 35.1 35.5 36.2 36.8 37.5 38.1 39 39.1 39.1 39.2 39.5 40 40.3 40.4 40.5 40.6 40.5 40.7 41 41.3 41.6 42.9 44.2 46.6 49.8 55 59.7 73.8 80.8 80 79.8 78.1 75.5 73.9 72.5 71 71.6 73 74.6 74.7 75.7
-0.9 -0.9 -0.9 -0.9 -0.9 -0.9 -0.9 -0.9 -0.9 -0.9 -0.9 -0.9 -0.9 -0.9 -0.9 -0.9 -0.9 -0.9 -0.9 -0.9 -0.9 -0.9 -0.9 -0.9 -0.9 -0.9 -0.9 -0.9 -0.9 -0.9 -0.9 -0.9 -0.9 -0.9 -0.9 0.7 4.5 34.7 34.8 34.9 34.9 35 34.8 35.2 35.8 36.5 37.4 38.8 40.3 39.8 39.1 39 39.2 39.6 40.1 40.7 40.8 40.9 40.9 41.1 41.4 41.5 41.8 42.5 43.8 46.3 49.6 52.8 59.5 70.7 82.5 81.4 81.4 80.3 78.3 76.1 74 72.4 71.6 73 74.8 75.9 75.9 76.9
-0.9 -0.9 -0.9 -0.9 -0.9 -0.9 -0.9 -0.9 -0.9 -0.9 -0.9 -0.9 -0.9 -0.9 -0.9 -0.9 -0.9 -0.9 -0.9 -0.9 -0.9 -0.9 -0.9 -0.9 -0.9 -0.9 -0.9 -0.9 -0.9 -0.9 -0.9 -0.9 -0.9 -0.9 -0.9 -0.9 0.3 1.3 26.3 34.6 34.7 34.8 34.9 35.9 36.8 37.8 38.7 39.6 42.6 41.6 40 39.1 39.2 39.7 40.3 40.8 41.2 41.3 41.7 41.8 42.1 42.3 42.5 46.3 47.5 48.7 52.1 58.2 67.4 82 82.4 80.8 80.5 80.3 78.1 75.9 73.6 72.8 72.6 73.8 76.1 76.5 76.3 76.9
-0.9 -0.9 -0.9 -0.9 -0.9 -0.9 -0.9 -0.9 -0.9 -0.9 -0.9 -0.9 -0.9 -0.9 -0.9 -0.9 -0.9 -0.9 -0.9 -0.9 -0.9 -0.9 -0.9 -0.9 -0.9 -0.9 -0.9 -0.9 -0.9 -0.9 -0.9 -0.9 -0.9 -0.9 -0.9 -0.9 -0.9 -0.9 0.8 7.4 34.8 35.1 35.7 37.1 38.1 39.1 39.5 40.5 42.5 41.8 41 39.8 39.4 39.9 40.4 40.9 41.4 42 42.5 43 43.5 44 44.3 49.8 50.2 51 54.5 66.4 82.8 82.2 80.1 78 74.9 77.6 76.9 75.1 73.3 73.2 74 75 76 75.3 74.5 75.4
-0.9 -0.9 -0.9 -0.9 -0.9 -0.9 -0.9 -0.9 -0.9 -0.9 -0.9 -0.9 -0.9 -0.9 -0.9 -0.9 -0.9 -0.9 -0.9 -0.9 -0.9 -0.9 -0.9 -0.9 -0.9 -0.9 -0.9 -0.9 -0.9 -0.9 -0.9 -0.9 -0.9 -0.9 -0.9 -0.9 -0.9 -0.9 -0.9 0.4 11.3 35.5 36.5 37.9 39.4 40.3 40.4 41.3 42.1 41.4 40.8 40.6 40.5 40.7 41.1 41.6 42.1 42.8 43.4 44 44.5 44.9 45.8 47.7 49.7 53.1 60.2 78.3 82.6 80.7 78.2 74.9 70 74 74.4 73.4 73 72.9 73.4 74.4 73.9 73.5 72.6 73.6
-0.9 -0.9 -0.9 -0.9 -0.9 -0.9 -0.9 -0.9 -0.9 -0.9 -0.9 -0.9 -0.9 -0.9 -0.9 -0.9 -0.9 -0.9 -0.9 -0.9 -0.9 -0.9 -0.9 -0.9 -0.9 -0.9 -0.9 -0.9 -0.9 -0.9 -0.9 -0.9 -0.9 -0.9 -0.9 -0.9 -0.9 -0.9 -0.9 -0.9 -0.9 0.8 29.1 39.1 41.4 41.6 41.6 42.5 43.4 43.3 43 42.2 40.3 41 41.6 42.3 42.7 43.5 44.2 44.8 45.4 45.9 47.5 49.6 52.2 54.7 67 82.8 81 77 73.6 72.2 68.2 69.3 72.8 72.5 72.7 72.7 73 72.6 71.7 71.2 70.7 72.1
-0.9 -0.9 -0.9 -0.9 -0.9 -0.9 -0.9 -0.9 -0.9 -0.9 -0.9 -0.9 -0.9 -0.9 -0.9 -0.9 -0.9 -0.9 -0.9 -0.9 -0.9 -0.9 -0.9 -0.9 -0.9 -0.9 -0.9 -0.9 -0.9 -0.9 -0.9 -0.9 -0.9 -0.9 -0.9 -0.9 -0.9 -0.9 -0.9 -0.9 -0.9 -0.9 0.2 3.7 37.1 44.5 44.6 44 45.4 45.5 45.1 43.8 41.5 40.9 41.5 42.2 42.7 43.5 44.4 45.2 46.1 46.9 48.7 51.7 54.5 60.4 77 81.5 76.6 72.1 69.6 68.8 65.8 66.8 71.3 72 71.8 71.6 71.1 70.4 69.5 69 71.1 73
-0.9 -0.9 -0.9 -0.9 -0.9 -0.9 -0.9 -0.9 -0.9 -0.9 -0.9 -0.9 -0.9 -0.9 -0.9 -0.9 -0.9 -0.9 -0.9 -0.9 -0.9 -0.9 -0.9 -0.9 -0.9 -0.9 -0.9 -0.9 -0.9 -0.9 -0.9 -0.9 -0.9 -0.9 -0.9 -0.9 -0.9 -0.9 -0.9 -0.9 -0.9 -0.9 -0.9 -0.9 0.5 9.2 38.5 46.5 46.3 46.8 46.9 45.2 43.1 40.8 41.5 42.9 42.6 43.5 44.3 45.2 46 46.8 48 50.8 53.6 66.2 78.2 77.5 71.2 66.5 64.6 64.3 64 63.8 68.7 70 70.1 68.2 67.7 67.5 67.4 69.8 72.7 74.4
-0.9 -0.9 -0.9 -0.9 -0.9 -0.9 -0.9 -0.9 -0.9 -0.9 -0.9 -0.9 -0.9 -0.9 -0.9 -0.9 -0.9 -0.9 -0.9 -0.9 -0.9 -0.9 -0.9 -0.9 -0.9 -0.9 -0.9 -0.9 -0.9 -0.9 -0.9 -0.9 -0.9 -0.9 -0.9 -0.9 -0.9 -0.9 -0.9 -0.9 -0.9 -0.9 -0.9 -0.9 -0.9 0.1 0.8 26.3 46.7 47.5 46.6 44.5 42.4 41.1 41 39.4 42.6 43.4 44.2 45 45.9 46.7 47.8 49.6 52.4 57.6 66.7 67.7 64.4 61.2 60.4 60.3 60.2 61 64.4 66.3 65.9 64.5 64.7 67.1 67.9 70.7 73.6 77.8
-0.9 -0.9 -0.9 -0.9 -0.9 -0.9 -0.9 -0.9 -0.9 -0.9 -0.9 -0.9 -0.9 -0.9 -0.9 -0.9 -0.9 -0.9 -0.9 -0.9 -0.9 -0.9 -0.9 -0.9 -0.9 -0.9 -0.9 -0.9 -0.9 -0.9 -0.9 -0.9 -0.9 -0.9 -0.9 -0.9 -0.9 -0.9 -0.9 -0.9 -0.9 -0.9 -0.9 -0.9 -0.9 -0.9 -0.9 0.5 16.1 28.1 44.1 43.8 42.3 41.3 40.9 42.7 41.5 43.2 44.1 45 45.9 46.6 47.7 48.9 51.3 53.9 57 58.3 58.5 56.7 55.9 56.6 57.6 59.3 60.4 61.9 62.2 63.2 65.3 67.5 69.7 71.7 74.7 79.4
-0.9 -0.9 -0.9 -0.9 -0.9 -0.9 -0.9 -0.9 -0.9 -0.9 -0.9 -0.9 -0.9 -0.9 -0.9 -0.9 -0.9 -0.9 -0.9 -0.9 -0.9 -0.9 -0.9 -0.9 -0.9 -0.9 -0.9 -0.9 -0.9 -0.9 -0.9 -0.9 -0.9 -0.9 -0.9 -0.9 -0.9 -0.9 -0.9 -0.9 -0.9 -0.9 -0.9 -0.9 -0.9 -0.9 -0.9 -0.9 0.3 3.8 23.3 43.1 42.1 41.3 27.2 43.5 43.7 44.1 43.7 45 45.8 46.5 47.6 48.8 50.2 53.2 54.6 54 52.9 53.4 53.4 54.3 56.4 58.4 59.6 60.9 61.6 64.1 66 67.9 70.2 72.8 75.8 81
-0.9 -0.9 -0.9 -0.9 -0.9 -0.9 -0.9 -0.9 -0.9 -0.9 -0.9 -0.9 -0.9 -0.9 -0.9 -0.9 -0.9 -0.9 -0.9 -0.9 -0.9 -0.9 -0.9 -0.9 -0.9 -0.9 -0.9 -0.9 -0.9 -0.9 -0.9 -0.9 -0.9 -0.9 -0.9 -0.9 -0.9 -0.9 -0.9 -0.9 -0.9 -0.9 -0.9 -0.9 -0.9 -0.9 -0.9 -0.9 -0.9 0.1 1 18.8 42.6 42.1 44 44.2 44.6 45 45.4 45.8 46.3 46.5 47.3 48.3 49.3 52.3 51.9 51.6 52.2 53.4 54.4 55.4 56.2 57.1 58.6 59.9 61.4 64 65.9 67.4 69.5 72.1 76.6 81.5
-0.9 -0.9 -0.9 -0.9 -0.9 -0.9 -0.9 -0.9 -0.9 -0.9 -0.9 -0.9 -0.9 -0.9 -0.9 -0.9 -0.9 -0.9 -0.9 -0.9 -0.9 -0.9 -0.9 -0.9 -0.9 -0.9 -0.9 -0.9 -0.9 -0.9 -0.9 -0.9 -0.9 -0.9 -0.9 -0.9 -0.9 -0.9 -0.9 -0.9 -0.9 -0.9 -0.9 -0.9 -0.9 -0.9 -0.9 -0.9 -0.9 -0.9 0 0.8 15.8 13.2 44.5 45.1 45.5 45.9 46.9 47.3 47.4 46.9 47.4 48 48.8 49.8 50.4 51.3 52.2 53.1 54.2 55.2 56.1 58.3 58.7 60.1 61.4 63.2 65.1 66.7 68.9 71 75.2 79.8
-0.9 -0.9 -0.9 -0.9 -0.9 -0.9 -0.9 -0.9 -0.9 -0.9 -0.9 -0.9 -0.9 -0.9 -0.9 -0.9 -0.9 -0.9 -0.9 -0.9 -0.9 -0.9 -0.9 -0.9 -0.9 -0.9 -0.9 -0.9 -0.9 -0.9 -0.9 -0.9 -0.9 -0.9 -0.9 -0.9 -0.9 -0.9 -0.9 -0.9 -0.9 -0.9 -0.9 -0.9 -0.9 -0.9 -0.9 -0.9 -0.9 -0.9 -0.9 -0.9 0.5 3.5 28.1 46 46.4 47.1 48.3 48.5 47.8 47.3 47.8 48.3 48.9 49.6 50.5 51.4 52.3 53.2 54 55 57.6 60.5 60.3 60.5 61.7 63 64.4 66.1 68.1 70.1 72.7 77
-0.9 -0.9 -0.9 -0.9 -0.9 -0.9 -0.9 -0.9 -0.9 -0.9 -0.9 -0.9 -0.9 -0.9 -0.9 -0.9 -0.9 -0.9 -0.9 -0.9 -0.9 -0.9 -0.9 -0.9 -0.9 -0.9 -0.9 -0.9 -0.9 -0.9 -0.9 -0.9 -0.9 -0.9 -0.9 -0.9 -0.9 -0.9 -0.9 -0.9 -0.9 -0.9 -0.9 -0.9 -0.9 -0.9 -0.9 -0.9 -0.9 -0.9 -0.9 -0.9 -0.9 0.2 3.6 20.8 47.4 48.5 49.6 48.9 48.1 47.7 48.2 48.7 49.3 50 50.8 51.5 52.4 53.3 54.1 56.9 59.8 62.7 62.5 60.9 62.1 63.4 64.8 66 67.5 69.2 71.4 75.8
-0.9 -0.9 -0.9 -0.9 -0.9 -0.9 -0.9 -0.9 -0.9 -0.9 -0.9 -0.9 -0.9 -0.9 -0.9 -0.9 -0.9 -0.9 -0.9 -0.9 -0.9 -0.9 -0.9 -0.9 -0.9 -0.9 -0.9 -0.9 -0.9 -0.9 -0.9 -0.9 -0.9 -0.9 -0.9 -0.9 -0.9 -0.9 -0.9 -0.9 -0.9 -0.9 -0.9 -0.9 -0.9 -0.9 -0.9 -0.9 -0.9 -0.9 -0.9 -0.9 -0.9 -0.9 0.2 4.6 22.6 48.9 48.4 49.2 48.2 48.1 48.6 49.2 49.8 50.5 51.2 51.9 52.7 53.4 55.4 58.7 61.8 64.8 65 62.9 62.5 63.8 65 66.2 67.7 69.3 70.4 74.2
