data/SZ48.asc
ncols 200
nrows 200
xllcorner 440000
yllcorner 80000
cellsize 50
[rows 108 to 143 of 200, columns 0 to 80 of 200]
121.5 125.6 128.5 128.8 128.3 127.4 130.2 134.9 145.7 156.4 164.5 172.9 179 179.8 176.1 176.1 170.1 166 162 157.9 154.3 152.2 149.1 146.2 144.5 143.4 143.3 141.1 138.3 142.9 141.9 141.6 141.8 142.1 140.2 137.8 135.4 132.5 129.1 127.4 124.1 123.1 127.6 130.1 132.5 133.9 134.5 131.8 129.1 129.5 128.9 131.7 139.1 148.1 155.4 162.6 170.4 177.5 183.4 188.8 193.3 196.7 199.6 201.2 202.7 203.4 203.1 201 198.7 196.4 195.1 193.1 187.8 178.9 169.1 165 162.7 158.4 152.7 142.9 129.7
121.2 122.4 129.7 133.1 132.1 131.7 131 132.4 137.7 146 155 157.7 159.9 163.9 160.9 154 146.4 141.2 137.5 135.4 133.9 129.6 126.2 123.7 122.6 121.1 120.7 121.1 121.5 122.1 123.1 124.1 125.5 126.8 128.2 125.8 125.7 124.5 122.9 124 125.2 125.6 128.6 131.8 134.4 137.8 139.5 139.3 140.2 141.5 140.8 139.3 140 139.4 147.1 155 163.3 171.1 177.1 183 187.4 190.9 195.3 197.2 198.9 199.2 198.5 196.2 194 191.8 189.7 186.3 181.4 170.8 159 151.5 149.7 146.7 140.4 129.8 117.2
108 114.8 127.8 134.7 135.7 135.6 136.1 137.6 138.5 141 148.3 152 151.7 147.8 144.6 135.7 129.8 125.4 121.2 118.9 115.8 112.3 108.9 105.4 104.3 103.2 101.7 101.3 101.3 101.3 101.8 103 98.6 100.6 97.9 105.3 111.7 113.8 114.9 118.9 123.6 124.8 128.5 131.5 133.2 134.5 138.7 141.7 147 148.8 150.2 150.9 150.2 148.3 146.5 148.2 155.8 163 170.5 175.3 180 185.7 190.4 193 195.1 195.1 193.7 191.2 189 186.4 181.6 179.3 172.7 162.4 150.4 139.1 136.4 132.1 126 119.4 123.2
100.2 117.2 130.1 136.4 138.4 139.5 141.9 142.3 142.8 144.1 146.6 148.4 144.7 138.3 132.3 125.7 121.2 116.5 112.4 109.1 106.1 103.4 100.5 97.9 96.3 94.2 92.5 91.9 90.3 89.5 89.1 88.7 89.5 90.8 88.9 91.4 93.3 95.7 100.4 107.6 115.5 118.8 123.5 127 127.6 114.6 124.1 139.6 146.2 151 155.4 158.6 159.1 158.4 157.8 154.8 153.7 156.1 161.2 167 172.8 180.6 185.9 189.4 191.5 191.4 189.3 184.1 183 179 170 168.5 163.1 153.2 141.3 133.9 134 132.8 130.1 129.8 135.9
103.2 124.4 136.2 138.8 140.2 142.5 146.4 147.9 147.8 147.8 148 147.5 142.4 135.1 129 122.8 119.1 115 110.4 107.8 105 101.9 101.3 99 96.3 93.6 91.3 89 88.1 86 84.6 83.9 83.8 82.4 82.1 81.9 83.1 84 85.9 88.9 94.5 102.2 108.7 113.7 116.7 111.1 112.3 129 140.6 148.9 155.9 159.7 164.4 166.3 167 166.3 165.3 164 164.9 166.4 169.4 175.8 181.8 185.9 188 188 185.3 177 175.3 171.8 164 157.7 151.9 142.5 141.3 145.3 147.1 146.1 140.3 142.3 149.1
106.4 118.9 129.4 133.8 130.5 139.1 145.8 151.1 152.3 151.1 149.8 147.4 143.8 137.8 130.9 123.5 119 114.8 110.9 108.1 105.2 102.6 103.4 100.7 97.3 93.6 91.8 92.6 92.4 88.7 86.2 84 82 81.2 78.9 77 75.9 76.1 76.8 78.2 81.6 85.1 91.2 96.2 99.3 94.3 99.1 118.4 131.9 140 146.9 153.9 161.6 167.2 171.9 171.8 173.6 173.2 174.2 174.5 174.3 175.4 177.7 182.4 185.7 186.3 184 177.4 168.6 164.4 157.6 148.9 147.6 149.7 154.2 158.9 159.9 158.2 149.8 154.4 161.2
99.8 106.5 112.8 119.2 118.8 130 141.6 145.1 149.4 148.7 145.8 140.5 138.2 133.4 127.4 123.1 118.7 115 110.7 107.8 105.1 103.3 104 100.5 96.2 94.9 94.7 95.7 96 95.2 93.6 89.3 84 81.9 80.5 78.8 75.2 73.8 72.1 72 72.6 74.5 78.2 82.6 84.3 79.7 88.3 95 113.3 124.2 133.9 143.4 150.5 159.1 166.8 172.4 176 177 179 178.4 181.4 182.1 182.3 183.7 186.2 185.5 183.5 179.8 175.1 169 158.7 159 161.2 162.9 165 167.4 167.9 165.7 159.7 164.9 168.5
90.1 93.4 99.5 103.8 105.3 119.8 129.5 132.8 142 145.7 143.8 137 133 132.1 128.2 126.1 121.3 116.7 113.9 111.5 108.9 106.4 104.5 101.6 98.5 99.4 98.2 98.4 99.8 101.9 103.1 95.8 90 85 83.7 84 80.2 76.4 74.5 72.1 69.7 68.9 69.1 72.1 72.9 69.8 80.1 88.9 86.8 94.6 109.1 123.7 135.3 146.4 156.9 164.2 169.9 174.6 175.1 176.2 180.7 184 185 185.9 188 188.6 184.3 182.4 178.3 171.9 163.1 168.5 169.3 171 172.4 173.9 174.6 172.3 169.3 172.9 174.7
79.7 84.2 88.4 92.1 100.6 110.8 112 114.9 126.3 134.3 140.3 131.1 121.8 125 132.8 129.8 126.3 122.3 119.4 119.3 114.9 110.7 108.1 104.3 101.2 102 104.3 104.8 104.9 108 114 101.2 95 89.7 87.4 88.2 88.3 84.6 79.3 74.8 72.5 68 66 65.5 64.8 63.8 72.7 77.6 80.5 81.4 92.9 102 114.1 125.7 140.3 152.7 160 164.4 167.9 172.5 175.9 181.5 184.5 186.6 187.5 188 186.3 184.2 180.8 174.6 168.6 171.6 174.7 176.8 178.7 180.6 180.2 178.5 177.3 178.6 177.1
73.2 77.3 82.2 87.1 96.2 102.9 97.4 101.7 111.1 118.4 124.1 113.8 109 122.7 132.5 134.6 135.1 134.7 133.6 127 121.7 116.8 111.4 107 102.8 99.9 104 107.1 110 111.4 109.1 103.2 97.9 94.4 91.7 92.3 94.4 93.3 88.8 82.8 78.9 73 68.8 64.7 62.7 62.8 66.4 69.5 71.1 73.5 79.4 84.9 93.6 103.6 120.1 133.6 142.9 147.6 152.7 159.6 167.2 172.3 177.8 183.5 186.6 188.3 188.1 185.7 182.3 179.1 177.2 174.4 179.3 181.9 183.7 184 183.5 182.8 182.7 182.1 179.1
70.2 74.6 79.3 85.2 92.3 93 88.3 89 94.9 106 108.6 99.1 104.5 114.9 124.3 131.8 139.6 141.2 138 132.2 126.4 119.7 114.7 108.5 99.8 97.5 104.5 108.7 112.6 113 108.5 105.3 101.4 100.4 99.4 96.1 98.4 98 96.1 91.2 85.7 79.9 75.2 70.1 61.4 60.8 60.9 63 65.1 68.7 72.8 76.7 82 91.1 103.3 114 120 123.1 129.3 138.3 150.6 161.1 169 174.8 179.4 184.3 187.3 187.4 184.4 184 182.7 179.7 181.5 184.6 185.9 186.3 185.8 184.9 184.3 183.6 173.5
72.7 75 77.8 83.4 87.6 87.3 81.5 81.4 86.5 94.8 93.9 90.7 102.1 107.8 112.6 122.3 134.6 140.7 139.9 135.7 128.6 119.6 110.9 103.1 94.9 98.2 107.6 110.1 114.1 117.7 115.7 111.5 105.7 104.3 104 102.6 100.7 99 95.2 91.6 87.2 84.8 81.8 77.2 69.7 64.5 59.9 58.4 58.7 62.6 69 72.2 77.7 85.7 93.1 98.9 101.2 102.7 107.3 115.1 128 143.1 153.7 162.5 170.3 176.4 182.9 185.1 188.2 188.1 186.6 184.5 183.3 186.6 188.3 188.5 187.8 186.9 186.3 184.3 175.4
69.7 69.9 73.2 77 81.8 82 77.1 75.6 81.5 87.6 85 85.2 93.7 97.4 103.4 115.2 120.8 125.1 126.7 126.7 121.8 108 99.8 94.9 91.7 94.4 103.2 109.3 116.7 121.6 122.7 121.2 115.7 112.3 108.7 106.1 101.1 97.9 94 90.1 86.2 82.4 79.4 77 73.2 67.2 63.2 59.1 56.4 59.4 68.2 73.2 76.1 81.3 86.4 88.5 89.6 91.3 94.7 100.1 109 122.9 132.1 141.6 153.5 165.7 174.4 180.2 183.7 187.7 189.5 188.5 187.1 188.6 190.4 190.7 189.8 188.8 186.2 183.8 178.4
65.5 64.8 67.1 70.8 74.5 75.9 71.2 71.2 77.2 86.2 82.9 78.2 84.8 88.2 99 103.6 107.1 107.6 112.9 116.9 115.3 108.7 103.4 97.1 88.7 90.3 98.2 104.6 118.4 125.6 128.3 128 124.2 119.9 114.7 109.1 105.2 99.5 94.6 89.1 85.7 80.3 77.5 74.8 72.6 68.4 64.2 61.1 56.8 57.3 63.4 68.4 69.7 78.5 80.4 82.4 83.1 84.2 87.7 92.8 101.1 109.1 112.7 119.4 131.8 148.5 162.1 170.9 177.4 183.1 188.3 190.8 190.6 191.7 193.1 192.6 191.8 189.5 187.1 182 176.9
59.7 59.6 61.2 64.6 68.1 69.3 66.3 66.7 73.6 81.7 80.6 72.7 75.9 87 92 92.8 93.8 91.9 100.2 106.8 109.4 104.7 98.8 92 85.6 87 94.2 103.7 118.3 130.3 132.8 132.3 127.5 122.4 114.2 105.5 97.7 92.7 92.9 94.1 92.8 87.3 82.7 79.7 74.4 70.1 65.7 60.6 55.5 56.4 60.9 64.7 68.4 68 68.5 70.5 77 78.2 82 87.4 92.5 97.4 100.6 106.3 114.4 129.7 144.6 156 164.9 175.1 183.3 190 193.6 193.8 195.2 194.6 193.3 190.9 187.8 183.8 178.5
54 53.4 56.5 61.9 66.2 65.1 62.8 62.3 69.6 75 77.4 68.6 69.6 82.3 82.3 83.1 84.1 82.2 89.9 99.5 102.5 96.2 88.6 84.2 81 85.7 94.1 102.7 114.6 127.5 137.2 134.5 129.8 122.6 115.7 108.2 99.5 91.1 85.8 89.3 94 94.2 91.2 85.9 79.9 73.5 65.1 59.2 54.4 55.8 59.3 64.5 64.6 65.9 66.2 67.2 68.3 71.9 80.1 83.7 87.7 89.1 92.4 97.3 105.5 113.7 125.9 136.7 146.2 159 173.1 183.8 193 195.2 196.9 196.2 194.8 191.8 188.5 185.2 180.8
48.4 48.6 54.4 59 63 61.5 58.3 58.4 63.3 68.9 72.3 67.3 63.1 70.6 74.8 74.8 74.8 76 82.8 91.8 98.6 92 82.2 78.4 77.4 86.2 94 99.2 106.5 117.6 124.6 128.1 129.1 122.2 115.9 109.2 103.2 93.4 81.4 80 90.9 95 92.2 87.1 79.9 72.5 63.7 57.1 53.6 55.4 57.2 58.3 59.6 61.3 63.9 64.1 66.6 69 70.9 79 83 83.6 86.3 91.4 98.7 106.3 115.3 118.7 124.3 139.7 159 175.3 185.7 192.6 197.8 197.7 196.1 192.9 189.6 186.4 183.6
44.5 47.5 52.7 56.8 58.3 57.3 54.6 57.8 61.3 65.2 67.6 66.7 61.2 62.7 69.2 69.2 69 71 76.8 83 88.5 86.5 78.8 75.9 76.4 83.6 88.9 92.5 95.2 104.1 110.6 114.7 117.5 111.2 103.8 99 95.6 90.1 80.2 75 85.5 88.9 90.1 86.5 79.4 70.6 61 53.4 53.5 54.7 56 57.5 59 62 63.8 63.3 65.5 68 70 71.3 76.8 80.4 85.8 89.7 94.4 100.4 104.8 108.7 115.7 126.6 147.3 163.6 176.4 186.9 194.1 197.5 196.9 194.7 191.4 188.8 186.2
41.9 47 51.1 53.8 54.7 53.1 51.8 56 60 63.2 64 62.7 58.6 57.1 59.6 63.5 63.4 65.3 69.7 75.4 79.2 79.2 76.4 73.8 75.5 78.3 81.7 84.3 87.3 93.8 95.5 100.3 105.7 105.8 101.3 93.6 86.2 79.5 73.6 71.4 76 80.4 81.2 79.4 73.6 64.2 53.1 49.5 51.7 54.2 55.6 63.1 65.5 67.2 69.8 67.9 67.5 67.3 69.6 71.9 75.9 81.6 85.7 88.9 91.6 94.5 98.2 104.8 116.9 128.4 133.6 138 163.9 177.6 187.6 193.7 195.1 193.3 191.3 188.6 186.4
39.8 45.6 48.8 49.9 50.5 49.4 51.5 54.9 58 59.1 61 61.3 57 52.8 56.4 57.9 58.9 60.6 63.2 66.4 70.9 72.2 71.5 69.9 70.2 72.6 74.8 77.9 81.8 84.9 85.6 89.1 98.7 102.4 104.2 94.4 87.1 79.6 73 68.7 68.9 70.7 71.1 69.8 64.3 57.2 50.8 48.2 50.9 53.2 63.5 69.9 75 76.9 81.2 79.6 74.5 74.4 73.5 73.9 74.6 78.3 82.4 84.9 87.1 89.8 96 103.5 113.4 119.7 123.4 128.7 148.6 167.2 178.8 185.9 186.6 184.9 183.7 184.1 183.5
39.8 43.2 46.3 46.3 46.2 47.6 50.4 53.1 55.2 57 57.8 57 53.2 49.7 52.5 53.7 54.6 55.4 58 60.9 63.8 66.7 71.3 68.8 64.7 66.5 69.8 73.1 76.2 77.9 80.1 84.6 91 95 96 90.9 84.1 78 72.4 67.5 64.4 65 63.1 61.8 56.4 53.2 49.6 45.6 48.4 52.4 64 76 85 87.5 89.4 88.4 82.7 80.5 80.5 82.4 83 80.6 79.4 82.1 84.3 87.1 93.5 98.8 105.4 108.8 114.1 127.8 134.5 146.7 165.7 172.6 176.5 173.9 170.8 172.4 172
39.6 40.2 42.1 42.7 42.1 45.7 48.3 50.7 52.4 54.2 55 52.5 49.1 46.9 48.3 49.5 50.3 50.9 53.3 56.2 57.4 59.3 63.1 64.3 62.2 62 65 68.1 70.7 72.2 73.6 78 84.7 92.1 92.7 86.9 81.4 76.4 72 66.6 63.3 60.8 59.6 56.4 53.4 51 47 45.7 49.7 51.4 60.3 74 86.4 97.1 98.1 95.8 92.7 90.1 89 88.2 88.7 88 86.3 84.6 87.7 90.5 92.5 96.7 100.6 105 111.6 118.6 127.4 141.9 151.9 151.4 154.7 156 148.6 155.8 159.4
36.8 37.7 38.7 39.5 40 43.5 47.1 50.4 52.4 52.1 51 47.9 45.1 44.5 44.6 45.5 46.4 46.8 48.8 51.1 52.6 54.4 56.8 57.5 58.1 57.2 60.8 62.5 64.8 66.2 67.8 72.6 80.2 88.7 91 89.4 86.8 82.4 78.2 71.7 68.3 64.3 60.2 56.7 52.7 49.3 48.1 45.8 46.6 49.1 57.3 66.5 78.6 90.1 101.1 102.5 100.7 98.6 100.4 97 96.1 96.3 95.6 90.7 93.6 95 99.7 102.3 103.3 108.6 112.8 118.5 131.1 147.6 151 148.4 142.2 135.6 130.1 132.8 134.7
34.3 35.2 36.1 37.9 41.5 45 48.6 50.2 50 48 45.9 43.6 41.9 41.8 43.1 44 43.8 43.9 45.2 46.2 48.2 49.8 51.4 52 52.9 55.1 57.5 58 59 61.1 65 71.8 77.3 82.9 85.2 86.1 85.1 83.8 80.9 77.4 71.1 66.7 62.4 57.4 53 48.7 46.1 43.8 45.7 48.3 55.2 60.9 68.4 77.5 90.7 99.9 106.9 105.7 106 106.6 105.7 104.4 103.6 102.8 101 101.1 105.4 110.1 110.6 112.6 116.5 121.7 132.4 143.4 150 142.8 131.9 123.5 118.7 120.1 121
31.9 33.3 34.8 37.8 42 46.1 49.6 49.4 46.7 42.7 41 39.6 38.8 39.8 41.2 42.2 41.4 41.2 42.2 42.3 43.3 45.4 46.5 49.9 53.2 55 54.8 54.2 57.8 59.9 63.4 69.6 71.5 74.5 77.3 78.7 79.6 79.5 77.3 72.1 65.5 60.8 59.2 56.5 52.2 48 44.4 42.5 44.9 47.5 52.8 57.2 64.4 71.2 76.6 85.6 94 100.8 105 109.1 110.6 112.8 112.6 108.6 104.9 105.8 109.1 114 119 119.2 121.5 124.9 129.4 132.8 133 129.9 123.3 114.7 109.6 107.7 107.3
30.5 32 33.7 37.6 41.9 45.5 48.9 48.7 44.1 39 37.5 36.6 36.7 38.4 39.8 40 39.4 39.3 39.7 39.9 40.4 41.8 44.6 51 54.5 54.1 52.2 52.5 56.1 59.7 61.5 63.6 66.4 68.6 70.4 71.7 72.9 72.2 72 69 64.1 56.9 54.3 52.3 49.3 46.4 43.9 41.7 42.9 47.4 51.5 55.7 60.4 65.9 71.2 76.1 80.6 86.2 91.8 102.5 111.4 114.4 116 116.7 113.9 110.4 112.8 116.8 121.5 125 125.1 124.4 123.1 122.9 123.5 118.6 114.1 109.4 104.2 99.3 97.8
29.5 31.8 34.1 37.5 41.5 45.1 48.2 49.2 44.7 37.2 35.5 34.6 34.6 36.8 37.8 37.8 37.2 36.9 37.1 37.2 38.5 41.5 45.7 51 54.7 53.6 50.4 51.2 54.7 57.2 58.2 59.7 62.2 63.8 65.2 66.1 65.2 66.1 66.1 64.8 63.9 58.2 53.7 49.6 46.9 44.3 42.4 41 43.7 47 50.6 53.4 57.2 61.4 65.7 70.9 73.2 75.1 79.5 90.3 98.5 106.4 111.9 116.8 118.2 118 116.2 118.6 119.3 119.6 117.1 115.7 113.3 113.2 117.3 115.9 111.9 107.1 102.4 97.1 91.9
32.1 34.7 36.3 37.5 41.4 44.9 47.4 48.2 43.2 36.2 34 32.8 33.4 35.1 35.5 35.2 35 34.9 35.1 35.9 38.4 42.6 47.9 53.4 53.8 50.9 48.1 49.8 53.3 54.5 55.5 56.6 57.8 59.5 59.7 60.6 60.6 60.1 59.3 59.3 57.8 55.7 52.9 48.3 44.8 42.6 41 40.1 42.6 46.1 49.2 51.9 56 61.1 63.9 66.5 67.1 69.2 72.3 77.2 80.3 88.5 100.5 108.5 115.4 116.7 114.9 118.3 117.5 111.8 106.9 101.8 100.9 100.5 109.1 115.4 114.5 110.5 105.6 99.7 90.7
32.2 34.5 36.5 38.4 41.6 43.3 45.9 46.8 42.3 38 34.9 32.5 31.5 32.8 33.5 33.2 33.3 33.2 33.7 35.5 39.2 45.4 51.7 52.9 51.5 49 46.4 47.6 49.8 51.7 52.7 53.4 54.1 55.4 55.1 54.9 55 55 53.8 53.4 51.6 50.7 48.5 45.6 42.9 41.3 39.7 39.3 41.2 44.2 47.6 50.1 54.8 57.5 59.8 61.9 62 64.2 67.3 71.6 76.1 79.6 85.4 95.4 103.3 108.2 109.7 112.6 115.5 108.3 97.7 90.4 89.7 92.1 97.5 104.1 108.8 110.3 111.7 107.6 94.3
30.2 33 35.4 38.7 40.3 42 43.8 45.3 42.7 38.8 34.7 32.1 29.7 30.6 31.5 31.4 31.4 31.5 32.3 35.2 40.8 47.7 51.6 51.6 49.4 47 44.6 44.9 47 48.9 49.6 50.3 51 51.4 51.7 51.5 50.8 50 50.6 49.5 47.1 46.4 45.6 43.9 42.1 40.7 38.7 38.4 39.3 41.9 46 48.3 51.3 53 54.5 55.9 58 61.9 65.4 68.4 71.4 74.6 77.7 81.6 87 90.7 92.7 104 112.5 107.6 97.2 88 82.8 83.5 90.7 97.5 100.8 98.6 99.5 99.9 92.9
28.6 32.4 35.5 37.6 39.1 40.8 41.5 41.3 39.2 36.3 32.2 29.7 28.7 28.8 29.5 29.5 29.5 31.2 33.1 36.2 42.5 48.4 50.7 49.8 47.8 45.4 42.6 42.7 44.7 46.1 46.7 47.2 47.6 48 48 47.6 47.2 46.8 47.5 47.1 45.7 43.8 44.5 42.8 41.3 40.6 38.5 37.6 38.3 40 43.8 46.5 47.5 49.1 51 53 58.4 64.4 65 64.8 66 69.1 72.1 75.3 76.2 73.7 85.7 96.3 101.5 101.5 97.6 88.5 78.5 77 85.3 92.8 92.6 88.2 86.8 94.9 95.2
26.7 30.1 34.2 35.8 37.3 37.3 36.2 36 35.4 32.8 29.8 28.1 27.2 26.9 27.4 27.7 29.7 32.4 34.5 38 44.2 49.3 48.9 47.9 45.9 43.8 41.7 41.2 43 42.9 43.3 43.8 44.3 44.6 44.2 43.9 43.7 43.8 44.4 44.3 43 42.4 43.3 42.7 41.8 40 38.4 37.5 36.6 38.6 40.7 43.3 44.6 46.5 48.7 51.9 58.9 60.9 59.2 60.4 61.3 63.9 66.9 71.3 72.5 69 74.7 85.7 90 94 92.8 85.7 77.7 72.7 79.3 84.9 84.2 79.5 80.2 85.3 91.6
25.3 27.6 31.6 33.5 35 34.3 33.5 31.6 30.5 29 27.5 26.2 25.1 25.4 26.9 28.4 30.5 33.3 36.3 41.2 46.2 47.4 47.2 46.4 44.6 42.6 40.3 40.1 41.5 41.2 40.3 40.5 40.9 40.9 40.6 40.7 40.9 40.9 41 41.6 40.3 41.1 42 41.8 41.5 40.5 39.5 38 36.3 36.3 37.9 40.3 42.1 44 47.4 52.4 54.1 52.1 54.3 55.2 57.5 59.8 62.6 67.8 67.7 66 69.8 75 78 83.9 83.8 80.5 73.8 69.2 73 76 75.9 72.4 73.8 81.4 87.8
23.8 26.1 28.9 30.9 32.1 31.2 30.5 29.7 27.8 26.5 25.9 25.6 24.1 26.7 29.2 31.7 34.6 38.8 42.4 45.2 46.6 45.9 45.2 44.4 43.2 41.3 38.8 38.4 39.9 39.6 38.7 37.8 37.6 37.6 37.8 38 38.2 38 37.7 38.3 38.9 40.2 41.3 41.7 42.4 42.2 40.8 39 37 35.3 36.5 38 39.6 42.6 46.6 49 49.7 49.3 50.2 51.5 53.6 55.9 58.4 60.4 61.3 61.1 65.5 68.3 70.7 71.4 72.4 70.7 69.4 67.2 68.1 69.5 67.7 67.8 74.5 80.2 81.2
22.5 24.7 26.4 28 28.7 28.8 27.8 26.9 25.9 24.2 24.4 24 27 30.9 33.5 36 39.2 42.4 44.6 46.5 45.1 43.2 42.5 41.8 40.4 38.9 37.3 36.8 37.8 37.8 37 36.1 35.2 35.1 35 35.2 35.4 35.1 36.4 37.7 39.1 40.8 42.5 43.4 43.9 43.9 42.3 40.3 37.3 34.7 35.4 36.4 37.7 40.2 43.4 45.2 42.5 45.5 46.8 48.2 50 52 53.9 55.4 55.9 57.3 60.7 63 64.5 66.6 67.8 67.3 66 63.4 62.4 63.4 63.5 66.8 74.3 77.5 76.6
21.1 22.4 23.8 24.5 25.1 25.8 25.4 24.4 23.9 23 22.8 24.9 28.7 32.7 36.5 38.7 41.1 42.7 44.6 45.3 43.2 41.2 39.7 38.9 37.8 36.2 34.1 34.9 34.9 35 35 34.3 33.3 33.5 33.3 33 33.4 35 36.6 37.9 39.1 40.8 42.6 44.3 45 45.1 43.6 40.7 37.7 34.7 34 34.9 36.5 38.4 40.4 40.6 41.3 43.1 44.1 45.2 47 49 50.2 51.1 52.8 54.6 56 57.5 59.9 62.1 62.8 62.5 62.2 60.4 58 58.1 59.1 63.3 66.5 67.7 67.6
