data/TA09.asc
ncols 200
nrows 200
xllcorner 500000
yllcorner 490000
cellsize 50
[rows 148 to 184 of 200, columns 0 to 84 of 200]
94 95.2 94.1 91.9 89.7 83.3 77.9 80.6 81.5 81.7 84 81.8 79.4 76.6 74.1 70.9 68.4 66 63.3 59.1 51.5 49.7 48.6 46.6 45.4 46.3 46.2 45.4 41.6 41.2 40.1 39.5 41.7 41.3 41.6 42.2 42.8 42.8 43 45.3 45 45 45.8 46.6 47.6 48.2 49.2 49.3 49.1 48.7 48.9 48.8 46.8 45.9 45.5 49 50.8 33 14.8 1.9 0.5 -1.6 -1.6 -1.6 -1.6 -1.6 -1.6 -1.6 -1.6 -1.6 -1.6 -1.6 -1.6 -1.6 -1.6 -1.6 -1.6 -1.6 -1.6 -1.6 -1.6 -1.6 -1.6 -1.6 -1.6
96.4 97.2 96 94.2 91.3 86.6 80.6 78 79.7 80.8 82.1 81.1 80.1 77.3 74.1 71.4 69 67 63.8 59.7 52.3 50.2 48.9 47.7 48.2 48.7 47.2 45 42.6 42 40.4 39.5 39.5 39.8 39.7 39.9 40.3 41 41 41.7 43 44.1 44.2 44.1 45.6 47.4 48.6 48.7 49 49.2 48.9 48.5 47.3 46.4 44.2 45.4 48 35.7 2.4 1.8 0.5 -0.8 -1.6 -1.6 -1.6 -1.6 -1.6 -1.6 -1.6 -1.6 -1.6 -1.6 -1.6 -1.6 -1.6 -1.6 -1.6 -1.6 -1.6 -1.6 -1.6 -1.6 -1.6 -1.6 -1.6
97.6 98 97 94.8 90.8 89.2 84.9 79.9 77.5 78.9 80.2 81.4 80.7 77 74 71.4 69.1 67.1 64.8 60.9 54.6 51.2 49.6 48.9 49.1 49.6 46.4 44 42.6 41.6 40.3 39.4 39.4 39.2 39.3 39 39.6 39.7 40.4 41.2 42.2 43.3 43.5 43.5 44.5 46.6 48.7 49 49.3 49.2 48.9 47.8 46.7 46 44.6 43.6 44.5 39.8 2.1 1.4 0 -1.3 -1.6 -1.6 -1.6 -1.6 -1.6 -1.6 -1.6 -1.6 -1.6 -1.6 -1.6 -1.6 -1.6 -1.6 -1.6 -1.6 -1.6 -1.6 -1.6 -1.6 -1.6 -1.6 -1.6
98.8 99.4 97.7 94.2 92 90.3 88.3 84.4 79.4 76.6 77.6 79 79.6 76.6 73.5 70.6 68.6 66.1 63.6 61 56.5 52.1 49.9 49 48 47.2 46 43.7 41.8 40.7 40.7 39.5 39.2 38.8 38.9 38.8 39 39 39.5 40.5 41.1 41.5 42.8 43.1 44.3 46.4 48.4 49.6 49.6 49.7 48.7 47.7 46.7 45.7 44.9 44.5 45.7 40.5 2.3 1 -0.4 -1.6 -1.6 -1.6 -1.6 -1.6 -1.6 -1.6 -1.6 -1.6 -1.6 -1.6 -1.6 -1.6 -1.6 -1.6 -1.6 -1.6 -1.6 -1.6 -1.6 -1.6 -1.6 -1.6 -1.6
99.2 99.4 96.9 92.9 92.1 90.2 88 86.5 84.3 78.4 76.2 77.1 78.8 77.7 72.5 68.5 67.3 66 63.3 60.7 58.7 54.9 52.1 50 47.7 47.7 47.5 44.5 42.1 40.7 40.6 39.8 39.2 38.9 38.8 38.6 38.5 38.5 38.5 38.8 40.2 40.7 43.3 44.5 45.5 48.2 50.1 52.2 51.5 49.9 48.9 48 46.9 46.2 45.1 44.9 44 43.2 10.1 1.1 0 -1.6 -1.6 -1.6 -1.6 -1.6 -1.6 -1.6 -1.6 -1.6 -1.6 -1.6 -1.6 -1.6 -1.6 -1.6 -1.6 -1.6 -1.6 -1.6 -1.6 -1.6 -1.6 -1.6 -1.6
99.4 99 95.2 92.1 91 89.8 87.8 86.8 84.2 80.3 76 75.8 77.5 76 72.3 67.6 65.9 64.9 63.4 61.3 61.1 58.1 55.4 53.1 50.9 49.4 49.6 46.9 44.8 43.9 42.7 40.4 39.2 39.4 38.9 38.8 38.5 38.2 38.2 38.9 39.3 40.1 42 45 49.5 51.8 53.7 53.4 52.6 51.8 49.6 48.2 45.3 45.1 45 43.7 41.9 40.5 16.9 1.9 1.8 0.2 -1.6 -1.6 -1.6 -1.6 -1.6 -1.6 -1.6 -1.6 -1.6 -1.6 -1.6 -1.6 -1.6 -1.6 -1.6 -1.6 -1.6 -1.6 -1.6 -1.6 -1.6 -1.6 -1.6
99.8 97.5 94.2 92.3 90 88.7 87.8 86.8 84.8 81 76.5 75.8 77.2 73.6 69.1 66 64.6 63.5 62.4 61.8 60.8 59.2 57.7 56.7 54.5 52.9 51 49.2 48 47.1 45 42.1 40.5 40 40.2 40 38.8 38.3 38.1 38.3 38.4 39 41.1 46.1 51.1 54.6 54.1 53.7 53.2 53 50.1 45.5 44.1 43.5 45.9 42.3 39.8 38.4 23 1.9 1.5 -1.6 -1.6 -1.6 -1.6 -1.6 -1.6 -1.6 -1.6 -1.6 -1.6 -1.6 -1.6 -1.6 -1.6 -1.6 -1.6 -1.6 -1.6 -1.6 -1.6 -1.6 -1.6 -1.6 -1.6
100.7 97.6 95.8 98 94.3 89.3 87.2 85.7 83.3 80.2 76.5 74.7 76.5 74.7 69.8 66.9 64.1 63.3 62.7 61.9 61.2 59.9 58.7 57.7 56 54.7 53.6 53.2 52.7 50.8 47.7 44.6 42 41.5 41.2 40 39.1 38.4 38.2 38 38.2 38.7 40.6 44.8 49.1 53.1 54.2 53.7 53.4 53.4 52.4 47.1 44.4 44.3 46.7 40.4 37.2 36.1 30 2.5 0.6 -1.6 -1.6 -1.6 -1.6 -1.6 -1.6 -1.6 -1.6 -1.6 -1.6 -1.6 -1.6 -1.6 -1.6 -1.6 -1.6 -1.6 -1.6 -1.6 -1.6 -1.6 -1.6 -1.6 -1.6
103.1 99.3 98.7 100.2 97.5 92.8 87.8 84.4 81.9 79.2 76.4 73.4 75.2 74.9 72.2 69 66 64.1 63.3 62.5 61 59.8 59.2 57.9 56.4 56 57.9 57.7 56.8 54.7 51.3 47.3 45 43.3 41.1 39.8 38.7 38.2 37.9 37.3 37.8 38.5 39.6 41.8 46.4 50.4 53.5 53.2 53.4 53.7 53 52 50.1 49.5 48.9 39.5 35.3 35.6 34.9 11 1 -1 -1.6 -1.6 -1.6 -1.6 -1.6 -1.6 -1.6 -1.6 -1.6 -1.6 -1.6 -1.6 -1.6 -1.6 -1.6 -1.6 -1.6 -1.6 -1.6 -1.6 -1.6 -1.6 -1.6
107.1 102.1 102.2 100.2 97.5 94.8 91.4 88.2 85.2 81.8 77.6 72.7 73.9 74.2 73.5 70.5 67.1 65.3 63.9 61.5 60.1 59.4 59.2 57.4 57.1 58 60 61 60.8 59.4 55.7 50.9 48 45.2 42.2 39.2 38.6 38.1 43.6 37.7 37.6 38.8 39.2 41 43.7 47.7 50.6 51.5 51.7 51.4 51.6 48.5 47.5 49 47.6 39.3 34.7 33.7 28.9 5.4 0.7 -1.6 -1.6 -1.6 -1.6 -1.6 -1.6 -1.6 -1.6 -1.6 -1.6 -1.6 -1.6 -1.6 -1.6 -1.6 -1.6 -1.6 -1.6 -1.6 -1.6 -1.6 -1.6 -1.6 -1.6
110.2 106.9 104.9 100.8 97.2 93.9 91.2 88.7 85.3 81 77.7 73 72 72.6 72.6 70.7 68.3 67.3 66.3 62.5 60.1 59.3 59.1 57.3 57.4 59.7 61.3 62 63.3 62.8 59.7 54.6 50.9 47.4 43.4 40.6 43.1 45.6 45.1 42.4 38.2 38.8 38.9 40.6 42 45.1 47.1 47.6 47 46.1 45 44.3 43.6 44.4 43.2 39.5 35.9 35.4 32.6 4.8 0.9 -1.6 -1.6 -1.6 -1.6 -1.6 -1.6 -1.6 -1.6 -1.6 -1.6 -1.6 -1.6 -1.6 -1.6 -1.6 -1.6 -1.6 -1.6 -1.6 -1.6 -1.6 -1.6 -1.6 -1.6
113.9 109.3 105.8 101.4 98 94.9 91.6 87.9 84.1 79.5 77.2 73.4 70.4 71.1 71.1 70.3 68.8 68.6 68.9 66 60.7 59.6 58.8 57.3 57.2 60.7 61.6 63.1 64.5 66 61.8 57.5 53.2 49.3 44.3 47 46.3 45.5 42.5 43.7 37.9 38.8 39.2 40.3 43.9 48.1 50 49.2 48.3 47.7 46.8 46.6 44.6 42.1 41.7 39.9 36.2 35.6 34.4 9.9 1.2 -0.6 -1.6 -1.6 -1.6 -1.6 -1.6 -1.6 -1.6 -1.6 -1.6 -1.6 -1.6 -1.6 -1.6 -1.6 -1.6 -1.6 -1.6 -1.6 -1.6 -1.6 -1.6 -1.6 -1.6
117.8 113 109.2 104.2 99.8 96.2 93.2 89.8 85.6 81.6 77.5 74.3 69.7 71.4 71.2 71.1 69.2 69.8 70.5 67.1 61.3 58.7 57.8 57.5 57.6 61.1 61.3 63.9 65 64.9 63.3 59.8 55.6 50.7 45.4 46.9 46.2 45.2 43.7 41.6 37.8 38.4 39.7 43 48.4 52.7 54.5 54.6 53.1 51.9 50.8 48.4 45.2 41.4 40.7 38.6 35.4 34 25.2 7.2 1.8 0 -1.6 -1.6 -1.6 -1.6 -1.6 -1.6 -1.6 -1.6 -1.6 -1.6 -1.6 -1.6 -1.6 -1.6 -1.6 -1.6 -1.6 -1.6 -1.6 -1.6 -1.6 -1.6 -1.6
119.4 116.3 109.2 103.1 99.4 96.4 94.1 90.4 85.5 82.2 78 75 70.1 70.9 70.8 70.9 71.5 69.6 69.1 66 59.8 58.1 57.3 57.4 58.1 60 61.1 63.1 64.5 63.1 61.6 59.3 56 51.4 46.8 47.3 46.8 44.7 44.7 42.4 38.6 38.1 40.9 48 53.1 54.7 55.7 54.8 54.2 53.5 52.4 49.9 46.5 42.3 39 37 34.9 32.6 34.6 10.4 1.9 0.5 -1.6 -1.6 -1.6 -1.6 -1.6 -1.6 -1.6 -1.6 -1.6 -1.6 -1.6 -1.6 -1.6 -1.6 -1.6 -1.6 -1.6 -1.6 -1.6 -1.6 -1.6 -1.6 -1.6
116.5 112.8 107.8 102 97.2 94.9 92.8 90.6 85.2 81.9 78.3 74.1 69.4 71.3 69.8 71 71.1 68.7 65.8 61.5 58.3 57.5 57 57.4 58.7 63 63.2 63.9 63.9 62.8 61 59.2 56.3 52 48.1 46.8 46.9 44.2 44.5 44 40.7 37.7 39.5 47.7 54 55.7 55.2 54.4 55.1 54.7 53.1 51 48.8 44.6 40.1 36.7 34.9 34.5 36.8 15.6 1.7 0.3 -1.1 -1.6 -1.6 -1.6 -1.6 -1.6 -1.6 -1.6 -1.6 -1.6 -1.6 -1.6 -1.6 -1.6 -1.6 -1.6 -1.6 -1.6 -1.6 -1.6 -1.6 -1.6 -1.6
111.4 108.4 104.1 98.7 94.1 92 90.1 88.3 84.7 81.2 78.2 75.7 68.9 68.7 67.5 68.2 68.7 64.9 63.4 59.6 57.1 57 56.7 57.6 60.4 66 67.4 64.1 62.7 62.5 60.9 59 57.1 54.3 49.4 47.5 47.1 45.5 45.1 43.8 42.1 36.9 38.2 44.4 51.5 53 53.3 53.9 54.8 55 53.4 51.7 50.3 46.1 40.8 37.1 35.7 37.4 38.8 27.3 5.5 0.9 -0.3 -1.6 -1.6 -1.6 -1.6 -1.6 -1.6 -1.6 -1.6 -1.6 -1.6 -1.6 -1.6 -1.6 -1.6 -1.6 -1.6 -1.6 -1.6 -1.6 -1.6 -1.6 -1.6
109.1 105.3 100.7 95.8 91.8 89.5 88.1 86.7 84.9 82.5 79.8 75.8 68.1 65.2 65.2 64.5 64.9 67 62.2 57.2 57 57.9 56.9 57.2 60.6 65.9 68.8 65 62.2 61.7 60.5 58.5 56.6 54.5 50.4 48 47.2 46.3 45.4 44.3 43 37.9 37.2 40.7 47.6 51.5 52.3 53.1 53.9 53.6 52.7 52 50.7 47.9 42.3 37.7 36 37.2 38.7 40 7 1.4 0.2 -1.6 -1.6 -1.6 -1.6 -1.6 -1.6 -1.6 -1.6 -1.6 -1.6 -1.6 -1.6 -1.6 -1.6 -1.6 -1.6 -1.6 -1.6 -1.6 -1.6 -1.6 -1.6
108.7 103.8 98.2 93.9 90.3 87.3 85.9 85.3 84.3 80.6 78.3 74.2 68.8 64.3 62.6 64.6 68.1 67.2 62 57.1 56.9 57 56.6 58.4 61.4 66 68.6 65.2 62.3 61.5 59.9 58 56.1 53.9 51.2 48.3 47.4 46.5 45.5 44.5 43.4 39.4 36.6 37.5 43.2 49.6 51.3 52.2 52.6 52.3 51.9 51.1 50.3 49.1 44.1 38.3 35.6 35.4 36.6 38.3 11.5 1.4 0.3 -0.4 -1.6 -1.6 -1.6 -1.6 -1.6 -1.6 -1.6 -1.6 -1.6 -1.6 -1.6 -1.6 -1.6 -1.6 -1.6 -1.6 -1.6 -1.6 -1.6 -1.6 -1.6
108.7 104.3 97.4 91.9 88.3 85.5 83.4 82.3 81.3 78.6 75 71.6 68 63.7 62.3 64.4 66.9 62.7 57.8 57.2 57 56.3 55.5 58.2 62.2 66.2 67.8 65.6 62.8 61.1 59.1 57.4 55.7 53.8 51.1 48.4 47.6 46.8 45.7 44.5 43.6 41 36.4 37 38.7 45.3 50.2 51.8 51.7 51.4 50.6 49.5 48.7 47.1 44.8 39.8 36.2 34.4 34.2 22.1 12.9 1.8 1.1 0.3 -1.6 -1.6 -1.6 -1.6 -1.6 -1.6 -1.6 -1.6 -1.6 -1.6 -1.6 -1.6 -1.6 -1.6 -1.6 -1.6 -1.6 -1.6 -1.6 -1.6 -1.6
108.7 104.3 95.8 90.1 86.4 83.7 81.6 79.4 78.4 76.2 74.7 70.9 66.9 63.1 61.8 62.1 61.1 58.8 58 57.6 57.4 56.5 55.9 59.5 63.3 66.2 67.4 65.2 63.2 61 58.3 57.1 56.2 53 52 48.7 47.9 47.1 45.9 44.6 43.6 40.7 36.5 37.2 37.2 41.9 49.6 50.9 50.9 50.1 49.2 47.9 45.7 44.3 42.2 39.7 36.7 34.6 34.4 34.7 34.6 6.9 1.9 1.2 -0.4 -1.6 -1.6 -1.6 -1.6 -1.6 -1.6 -1.6 -1.6 -1.6 -1.6 -1.6 -1.6 -1.6 -1.6 -1.6 -1.6 -1.6 -1.6 -1.6 -1.6
109.8 104.4 94.7 87.8 84 82.1 80.2 78.8 76.5 74.7 73.4 70.7 66.6 63 62 60.5 59.2 59.6 58.1 57.9 57.4 56.1 56.2 60.2 63.1 66 67.5 66 63.8 60.6 58.2 57.3 56.5 53 52 49.1 48.3 47.5 46.2 44.7 43 39.4 36.6 36.7 36.6 37 44.8 49.2 50.2 49.4 49.1 48.2 46 44.1 40.9 38.3 35.8 35 34.9 34.7 37.9 39.8 10.8 1.5 -0.2 -1.6 -1.6 -1.6 -1.6 -1.6 -1.6 -1.6 -1.6 -1.6 -1.6 -1.6 -1.6 -1.6 -1.6 -1.6 -1.6 -1.6 -1.6 -1.6 -1.6
107.5 104.5 95.6 88.2 82.6 80.1 79 78.3 76.3 74.3 72.5 69.5 71.4 66.2 64.3 62.1 59.1 59 58.1 58.1 57 55.5 56.8 60.7 62.7 64.9 66.8 65.2 61 59.7 58.2 57.5 57.2 56.1 52 49.8 48.9 47.9 46.1 44.1 40.7 36.2 35.9 36 35.8 40.9 40.2 43.1 45.9 46.3 47.8 47.7 45.9 43.6 39.2 37 34.9 34.7 35.1 34.9 36.8 38.1 26.8 2.7 1.3 0 -1.6 -1.6 -1.6 -1.6 -1.6 -1.6 -1.6 -1.6 -1.6 -1.6 -1.6 -1.6 -1.6 -1.6 -1.6 -1.6 -1.6 -1.6 -1.6
105.9 105.6 99.8 90.9 84 79.5 79.1 78.1 76.4 74.3 72.2 72.3 72.5 68.9 65.6 64.2 61.2 60.5 59.4 57.9 57 54.4 57.3 60.8 62.5 64.1 64.7 64 60.5 59.4 58.3 58.3 56.6 55.3 53.5 50.3 49 47.3 44.1 38.7 37.2 36.2 41.8 42.3 42 41.8 40.3 37.7 40.5 41.2 42.5 45.2 44 40.3 37.3 37.5 34.8 34.7 34.5 35.8 37.7 38.6 39.4 13.4 1.9 0.3 -1.6 -1.6 -1.6 -1.6 -1.6 -1.6 -1.6 -1.6 -1.6 -1.6 -1.6 -1.6 -1.6 -1.6 -1.6 -1.6 -1.6 -1.6 -1.6
102.1 104.8 101.8 92.4 85.1 80.6 79.1 77.3 76.4 74.3 72.5 72.2 71.2 68.9 66.3 63.6 61.1 58.9 57.4 56 54 54.9 57.6 61.4 63 63.9 64.2 64.1 63.8 59.2 58.3 57.3 56.2 55.2 53.8 51 49.2 46.7 43.7 39.3 36.5 38.1 42.5 42.3 42.6 36.6 36.3 36.4 36.6 38.3 40.8 42.5 42.3 39.1 37.3 37.6 36.4 35.3 35.9 39.1 40.4 39.8 39.1 17 2 0.4 -1.6 -1.6 -1.6 -1.6 -1.6 -1.6 -1.6 -1.6 -1.6 -1.6 -1.6 -1.6 -1.6 -1.6 -1.6 -1.6 -1.6 -1.6 -1.6
96.8 99.5 97.5 91.1 84.9 80.8 79.3 77.1 75.8 74.1 71.8 69 69.2 66.7 64.2 61.3 59 56.9 55.3 54.3 53.7 56.2 58.5 61.6 62.9 64.3 64.5 64.2 64.2 61.3 58.2 57.3 56.1 55.1 53.9 51.7 49.3 47 44.5 40.1 35.4 40.1 42.4 40.5 38.2 37 36.5 37 39.1 40.2 40.8 43.1 42.6 39.9 38.2 38.3 38 36.4 38.5 41.5 42 40.8 39.9 27.2 1.9 1.1 -0.3 -1.6 -1.6 -1.6 -1.6 -1.6 -1.6 -1.6 -1.6 -1.6 -1.6 -1.6 -1.6 -1.6 -1.6 -1.6 -1.6 -1.6 -1.6
91.6 93 91.6 89.1 83.7 81.2 78.2 76.5 74.3 73.5 71.1 66.4 65.2 63 61 58.9 56.9 55.5 54.5 53.8 55.4 57.5 59.7 62 62.8 64.1 64.8 65 63.9 61.7 58.3 57.2 56.2 54.9 53.1 51.5 49.5 47.3 45 40.9 35.3 38.4 40.7 40.7 38.7 38.1 37.8 38.9 39.9 41 42.6 44.6 42.9 40.1 39.4 39.2 38.9 39.3 39.7 42.6 42.9 41.1 39.6 37.3 18.2 1.9 1.2 0.8 -1.6 -1.6 -1.6 -1.6 -1.6 -1.6 -1.6 -1.6 -1.6 -1.6 -1.6 -1.6 -1.6 -1.6 -1.6 -1.6 -1.6
89.1 87.5 86.6 84.1 81.6 79.6 77.3 76.3 75.3 72.9 68.7 66.6 63.3 61.5 59.3 57.1 55.5 54.6 53.6 53.8 56.5 58.2 60.4 62.6 63.5 64.1 64.2 63.9 62.7 60.4 58.7 57.3 56.3 55.2 53.4 51.5 49.5 47.4 45.6 42.7 37.9 36.8 40.6 41.2 39.1 37.9 37.7 39 39.9 40.9 42.5 44.1 43 41.3 40.6 40.1 40.9 38.3 39.4 40.9 41.4 40.6 38 36.1 35.4 22 5.7 2.5 1.1 -1.6 -1.6 -1.6 -1.6 -1.6 -1.6 -1.6 -1.6 -1.6 -1.6 -1.6 -1.6 -1.6 -1.6 -1.6 -1.6
89.3 87.6 84 81.1 81.2 81.9 80.6 78.5 76.5 73.8 72.2 69.3 63.3 60.2 57.6 56.3 54.8 53.2 52.9 55 56.9 58.8 61 63.1 63.6 63.6 62.9 62.1 60.3 59.1 58.1 57 56 55.1 53.3 51.4 49.6 48.6 47.8 44.8 39.1 36 41.2 41.1 40.4 39.3 37.7 38.3 39.1 40 41.7 42.7 42.6 41.9 41.3 40.5 39.4 37.7 37.5 37.8 39.5 38.3 34.7 34.3 35.3 36.1 31.7 9 1.9 0.9 0.8 1.2 -1.6 -1.6 -1 -1.2 -1.6 -1.6 -1.6 -1.6 -1.6 -1.6 -1.6 -1.6 -1.6
94.9 92.1 89 87.7 88.2 84.5 81.8 79.7 77 74.6 72.9 70.2 66 59.3 56.9 55.3 53.5 52.1 54.1 57 58.5 59.5 61.5 63.2 63.2 62.8 61.9 60.9 59.8 58.7 57.6 56.5 55.4 54.4 53.3 51.3 49.4 48.5 47.9 45 40.2 34.3 40.2 41 41.2 41 39.6 38.2 38.8 38.8 41.2 43.1 43 42.4 41.5 40.4 38.8 35.9 35.6 34.8 35.7 35.7 34.1 33.6 35.7 36.1 34.6 20.9 7.3 1.8 8.8 7.8 1.5 1.1 0.7 -0.1 -0.9 -1.6 -1.6 -1.6 -1.6 -1.6 -1.6 -1.6 -1.6
100.5 101.1 97.2 95.9 93.7 86.7 83.5 80.6 77.3 73.9 72.2 69.2 65.6 59.7 56.5 53.7 52.3 53.3 55.9 58.2 59.6 60 61.4 62.5 62.7 62.3 61.9 60.4 59.3 58.2 57 55.8 54.8 53.7 52.7 51.1 49.2 48.4 47.3 45.1 40.3 35.7 36.5 39.7 41.1 43.2 44.8 40.5 39.7 40.5 41.9 43.3 43.6 43 41.1 39.8 37.1 35.1 34.2 34.1 34.3 33.2 33.2 33.2 34.4 35.3 34.5 32.3 32.5 32.5 27.7 37.4 22.1 4 1.5 0.7 -0.2 -1.1 -1.6 -1.6 -1.6 -1.6 -1.6 -1.6 -1.6
101.1 103.3 103.3 102.3 97.6 87.2 82.4 79.1 74.8 70.3 69.4 66.4 62.2 58.1 55.1 52.1 50.9 52.7 55.7 58.5 60.2 60.6 61.1 61.6 61.6 61.3 60.9 59.8 58.7 57.6 56.4 55.2 54.2 53.5 52.2 50.4 48.9 47.7 46.5 44.6 40.5 35.8 35.3 37.3 39.3 45 46.3 43.6 42.1 42.4 43.7 44.2 43.7 43.1 41.2 38.4 35.8 33.8 32.9 32.7 32.8 31.5 30.5 32.1 33.3 34.2 34 22.1 8 12.5 28.5 35.7 35.2 21.4 1.8 0.9 -0.1 -1 -1.6 -1.6 -1.6 -1.6 -1.6 -1.6 -1.6
97.7 99.3 101 100.2 91.7 83.2 79.8 77.5 72.8 69.2 65 62.1 59.5 56.6 53.6 51.4 50.5 53 54.9 58 60.4 60.8 61.1 61.1 60.7 60.3 59.9 59.2 58.2 57 55.8 54.6 53.9 53.2 51.6 49.7 48 46.3 45.1 43.1 37.7 34.5 35.3 36.4 37.6 44.1 44.4 44 44.1 44 45.5 45.2 43.8 42.6 40.8 37.8 34.6 32.7 31.1 30.7 30.4 30.1 29.7 30.4 28.3 28.2 20.2 6.8 17.3 9.1 21 31.4 31.7 12.2 1.6 0.9 0 -0.9 -1.6 -1.6 -1.6 -1.6 -1.6 -1.6 -1.6
86.8 87.2 87.5 86.4 82.4 78.9 77.3 75.6 73.4 68.3 64.1 59.8 57.2 55.1 53.3 52 50.4 51.4 54.1 57 59 60.1 60.8 60.6 60.2 59.6 59 58.7 57.7 56.6 55.6 54.1 53.3 52.6 51.4 49.2 47.1 45.1 42.5 40 36.7 34.4 35.7 37.2 37.6 39.1 40.9 42.6 44.1 44.8 45.5 44.4 42.7 42 39.2 36.3 33.7 31.1 28.8 28.6 28.6 27.7 25.5 17.3 9.7 11.3 11 14.7 35.2 15.4 7.1 22.8 21.2 2.7 1.3 0.5 -0.2 -1 -1.6 -1.6 -1.6 -1.6 -1.6 -1.6 -1.6
76.5 77.2 77.2 76.9 76.4 74.8 73.8 72.9 70.5 67 62.9 59.2 56.3 54.4 53.4 52.5 51.5 50.9 53.4 55.8 57.6 58.7 59.6 59.8 59.9 59.4 58.4 57.6 57 56.2 55.2 53.6 52.9 51.9 51 47.9 45.1 43 40.2 37.4 34.8 34.8 36.8 38.9 38 37.1 37.9 40.5 42.9 44.4 44.3 42 40.5 39.2 37.4 35.2 32.5 30.6 29.1 27.9 28.4 26.1 15.3 7.7 15.5 19.6 19.4 32.4 33.6 21.9 10.3 9.7 14.8 1.8 1.1 0.4 -0.3 -1.1 -1.6 -1.6 -1.6 -1.6 -1.6 -1.6 -1.6
71 70.7 70.4 72 71.8 70.9 69.9 69.1 67.4 64.3 60.6 58.4 56.1 54.2 53.1 52.1 50.5 50.4 52.5 54.6 56.1 57.2 58 58.4 58.9 59.1 57.9 56.7 56 55.4 54.3 53 51.2 50.4 49.9 47.1 43.6 41 38.2 35.7 33.9 35.2 36.6 38.3 38.6 38.2 38.8 39.6 40.9 41.7 40.3 37.9 36.7 35.9 34.4 32.9 30.8 29.2 24.7 16.6 19.5 9.2 8.9 18 26.1 33 32.4 32.4 31.9 29.2 11.7 4.6 5.4 1.3 0.7 0 -0.6 -1.3 -1.6 -1.6 -1.6 -1.6 -1.6 -1.6 -1.6
67 66.9 66.3 67.4 68.3 69.9 68.1 65.7 65.2 61.7 60 57.9 55.6 54.4 53 52.3 50.8 49.4 53.8 54.1 55.8 55.8 56.5 57 57.5 57.7 56.8 55.7 54.9 53.9 52.4 50.7 49.5 48.4 47.7 46.5 42.7 39.2 36.9 35.5 34 34.8 36.3 37.6 38.8 38.9 39.3 40 40 39.3 37.1 34.8 33.1 32.2 30.4 26.4 21.6 26.6 16.5 12.4 11.9 21.4 22.3 32.7 33.1 32.5 31.5 31 30.2 27.4 16.1 2.2 1.9 0.9 0.1 -0.6 -1.1 -1.6 -1.6 -1.6 -1.6 -1.6 -1.6 -1.6 -1.6
63.1 63.2 62.8 63 65.8 65.7 65.8 64.2 61.6 59.8 58.4 56.7 55 53.7 52.8 52 50.7 49.9 53 53.9 53.8 53.9 54.8 55.5 56.2 56.8 55.4 54.5 53.2 52 50.4 48.9 48.2 47.1 45.8 42.4 39.4 37.6 35.9 34.2 35 35.6 35.6 36.9 38 38.6 39 39.4 38.9 35.7 31.5 27 24.8 24.2 26 23.2 20.7 13.1 13.6 18.8 30.8 33.5 32.4 32.4 33 31.3 30.3 29.5 27.7 24.8 11.4 5.7 1.8 0.8 -0.2 -1.6 -1.6 -1.6 -1.6 -1.6 -1.6 -1.6 -1.6 -1.6 -1.6
