data/TL00.asc
ncols 200
nrows 200
xllcorner 500000
yllcorner 200000
cellsize 50
[rows 70 to 104 of 200, columns 79 to 157 of 200]
94.1 95.9 97.5 98.9 98.8 97.9 97.4 98.1 98.8 99.1 98.2 97.3 97.3 97.4 96.7 96.2 93.5 90.3 88.2 91.6 97.2 100 99.9 99.6 97.2 94.8 89.9 85.1 83 81.4 81.3 82.5 83.8 86.1 88.8 91.2 93.8 96.9 100.7 106.2 111.6 117.2 122.1 125.1 127.5 129.3 129.9 130.3 130.5 130.7 124.4 122.3 122.7 124.1 128.1 128.5 127.3 132.8 134.9 136.9 138.1 139.1 139.5 140.4 141.4 142.3 143.3 144 144.7 145.5 146.4 145.3 144.1 142.4 140.5 138.7 137.3 136.6 136.7
92.6 94.1 95.6 96.4 96.3 95.5 95.3 95.6 96.2 96.1 95.3 94.9 94.8 95.2 95 93.9 92.3 89.2 87.5 88.9 95.1 97.1 97.9 98.5 95.6 93.4 89.4 84.7 83 81.6 81.4 81.6 83.2 85.6 87.8 90.8 93.8 98.5 103.7 108.5 115.6 118.7 122.6 124.8 126.7 127.9 128.7 129.3 128.5 142.4 125.8 122.3 122.6 122.7 124 124.8 130.5 133.8 135.7 137.2 138.4 139.6 140.6 141.5 142.5 143.7 144.7 145.5 146.2 145.3 145.6 144.4 142.8 140 137.9 136.1 135.4 134.4 134.3
90.3 91.7 93.2 93.9 94.1 93.5 93.1 94.1 93.5 93.4 93.3 93.1 92.7 92.7 93.1 92 90.7 88 86.8 88.3 92.9 96.8 97 96.8 94 92.2 89.4 84.6 82.6 82.2 81.7 81 83.6 85.9 88.2 91.3 95.5 100.8 105.6 110.7 115 119.5 122 124.3 125.5 126.3 126.8 127.1 126.2 135 123.6 120.9 122.4 122.3 123.5 128.3 132.3 133.8 135.6 137.1 138.7 139.9 141 142.2 143.6 145.2 146.1 146.7 146.7 145.8 144.6 143 141.4 138.4 135.2 134.1 133.4 132.3 131.9
88.2 89.5 90.7 91.4 91.3 91 90.5 90.9 91.2 90.3 89.7 89.3 89.7 90.1 90.1 89.5 88.3 86.9 85.7 86.7 90.8 93.5 94.2 93.8 92.7 91.8 88.6 84.3 82.8 81.8 81.2 80.9 83 85 87.8 92.8 97.8 103.2 109.5 113.5 115.7 118.1 121.2 122.4 123.1 123.9 124.4 123.8 123.6 126.9 117.2 115.8 117.3 120.4 126.3 129.1 132.1 133.5 135 136.4 138.1 139.9 141 142 144.4 146.6 147.3 147.3 147.3 145.5 143.6 141.8 139.4 137.3 133.4 131 130.9 130.5 130.5
86.3 87.3 88.2 88.1 87.3 87.7 87.5 87.5 87.7 87.2 86.7 86.5 87 87.5 87.3 86.5 85.8 85.3 85 86.6 89.2 91.1 91.4 92.3 91.7 91.2 88.4 84.2 82.8 81.8 81.4 81.4 81.1 83.4 88.2 93.5 98.8 105.1 108.4 111.6 115.9 116.8 119 120.3 121 121.4 121.5 120.2 118.8 116.9 108.9 110.5 114.1 121.2 127.3 128.4 129.8 131.3 132.9 135 137.9 139.4 140.5 143.1 145.2 147 147.7 147.5 147.3 145.4 142.4 141.6 139.3 135.9 132.3 129.8 128.7 128.6 130
84.3 85.1 84.6 84.3 83.8 84.6 84.7 85.3 85.3 84.7 84.6 84.5 84.5 84.8 84.5 83.9 84.2 84.6 85.7 87.2 88.5 88.6 88.4 89.5 89.2 89.1 87.1 83.9 81.9 81.2 81.3 81.3 81.5 83.2 88.6 94.3 99.3 103.4 107.3 109.9 114 115.9 117.3 118.2 118.5 118.7 118.5 116.3 112.5 109.9 105.6 108 116.9 120.5 124.5 128.6 127.1 130.4 133.7 135.8 137.9 140.2 142.1 144.1 145.7 147.2 147.5 147.7 146.7 144.9 143.1 141.8 139.7 137.1 134.1 131.1 128.8 127.3 128.8
83.6 82.7 82.7 82.7 82.7 82.7 83.6 83.8 83.8 83.4 83 82.8 82.6 82.5 82.7 82.8 83.1 83.3 84.1 85 85.9 86.6 86.9 87.4 86.8 86.1 85.5 83.7 82 81.5 81.2 81.2 81.2 81.8 88.4 94.4 99.4 103.3 107.1 109.3 111.9 113.8 115.4 115.8 116 116 114.9 113.2 107.2 102.9 103.6 111.3 116.2 120.1 121.6 124 127.6 131 134.2 136.5 138.7 141.3 143.4 145 146.2 147 146.8 146 144.9 143.1 141.7 140.8 139.6 137.1 134.6 131.9 129.3 126.3 127.5
83.4 83.1 83 82.8 82.9 82.4 83.3 83.3 83 82.8 82.5 82.4 82.6 82.1 81.8 81.5 82 82.4 83.3 85.9 84.9 84.6 85 85.4 84.8 84.3 83.7 83.2 81.8 81.5 80.8 80.6 80.1 82.1 87 93.5 98 101.9 104.8 107.9 110.1 111.5 112.7 113.1 113.4 112 109.8 107.9 100.7 99.9 109.6 111.6 114.8 117.6 121.8 124.5 128.1 131.4 134.6 137.2 139.6 141.7 143.3 144.4 145.8 145.9 145.4 144.5 143.2 141.4 140.4 139.5 138.6 136.6 134 131 128 125.5 126.2
84.1 83.6 83.6 83.4 83.3 83.3 82.8 83.1 82.7 82.8 82.3 82.3 82.3 82 81.8 81.5 81.7 81.8 81.8 81.8 82.7 81.7 82.4 83 82.9 82.9 82.7 82.3 81.4 81.4 80.9 80.3 80.5 81.5 86 91.6 96.1 100.2 103.4 105.7 107.9 109 110.1 110.5 110.1 108.5 105.2 100.8 97.6 105.6 108.9 110.3 111.9 115.4 120.5 124.7 128.3 131.6 134.9 137.5 139.4 141.8 142.9 143.9 144.6 144.1 143.7 142.7 141.4 139.9 139.1 138.3 137.4 135.5 133.4 130.2 127.1 124.1 123.4
93.1 87 84.1 84.2 84.3 84.2 83.6 83.4 83.9 83.9 83.3 83.6 83.2 83.1 83.3 82.7 81.8 81.6 81.5 81.3 82 82.4 81.7 81.1 81.6 81.6 81.5 81.3 81 81 82.7 80.9 81.4 81.8 84.5 89.1 93.8 99.4 102.1 104.1 105.7 106.4 107.4 107.3 106.7 104.8 100.2 96.7 99.3 104.9 107.4 108.9 110.2 114.8 120 124 128 131.8 134.8 137.4 139.2 141.1 142.5 142.9 142.8 142.1 141.2 140.2 139.2 138.7 137.9 137.1 136.3 134.7 132.9 129.7 126.9 124.1 120.9
92.1 92.9 92.6 85.8 86.9 85.8 86.1 86.2 85.6 85.2 85.8 85.1 85.5 84.8 84.6 84.1 82.7 81.9 81.3 81.4 81.7 81.3 81.1 80.2 80.6 80.6 80.6 80.7 80.8 81.4 82.7 80.8 80.9 81.3 84.5 88.2 90.4 97 100.2 102.2 103.3 104.1 104.8 104.4 103.7 99.8 94.9 96.4 101.5 103.8 106.1 108.1 111.9 115.6 119.8 123.8 127.9 131.3 134.7 136.7 138.9 140.5 141.4 141.3 141.3 140.6 138.8 137.8 137.2 137.2 136.5 135.8 135.1 134 132.4 129.9 127.4 124.4 120
86.7 86.2 92.4 95.3 92.3 92 91.7 89.4 89.3 91.6 91.3 91.8 88.7 86.7 86.3 84.9 82.9 82.9 81.2 81.2 81 80.4 80.3 80.1 80.1 80.2 80.6 80.7 80.8 80.8 81 80.2 79.6 80.5 83.2 86.8 90.3 92.6 98.1 100.3 101.1 101.9 102.3 102 100.5 95.2 92.7 94.8 98.9 102.9 107.4 109.9 112.6 116.3 119.9 123.8 127.4 130.8 133.4 135.4 138.1 139.6 140.5 140.4 140 138.5 136.6 135 134.7 134.9 134.9 134.6 133.9 133.2 132 130 127.7 124.8 119.4
88.6 90.1 92 92.7 96.7 99.5 92.1 92.2 91.5 91.4 91.1 91.4 90.9 88.7 88.3 86.4 85.3 84.1 82.3 81.2 80.9 81.3 80.8 80.2 80.4 80.5 80.7 80.7 80.7 80.5 80.1 79.7 79.5 80 81.1 84.1 87.3 91.7 95.9 98.4 98.8 99.4 100.2 100.2 95.8 91.8 91.4 96.7 102 106.6 108.3 110.5 113 115.8 119.5 123.1 126.1 129.6 132 133.8 136.3 138.2 139.2 139 138.3 136.6 134 130.7 132 132.4 132.7 133 133.5 132.7 131.2 129.4 127.3 124.9 121.6
91.4 93.3 95.2 95.9 95.4 95.8 103.2 96.1 97.5 97.6 96.9 91.1 91.2 90.7 90.2 88.9 88.4 86.9 84.8 82.8 82.9 83.4 82.6 80.9 80.9 80.7 80.5 80.4 80.2 82 80.3 79.2 78.6 78.3 79.6 81.5 84.6 89.3 92.2 95.7 96.5 97.6 98 97.4 93.5 89.6 92.5 98.7 104 106.7 107.8 109.5 112.4 115.3 118.9 122 125 128 130 131.6 134 136.5 137.4 137.4 136.3 134.5 131.2 127.8 128.4 129.5 130.9 131.6 132.3 132.2 130.6 128.9 126.6 123.8 119.1
94.5 96.6 98.7 99.9 100.5 101.2 101.5 106.9 103.6 102.8 101 99.2 99.1 97.2 90.5 90.6 90.5 89.4 87.1 85.2 84.8 84.8 84.9 85.2 81 81.2 80.8 80.6 80.2 80.2 80 79.6 78.4 77.5 78.3 80.1 82.2 85.2 88.7 91.7 94.6 96.6 96 93.7 89 88.7 94.5 100.1 103.6 105.4 106.4 108.6 111.4 114.5 118 120.7 123.6 125.3 127.5 129.4 131.8 134.4 135.4 135.3 134 131.6 129.2 125.4 125.4 126.9 130.1 131 131.4 131.4 129.9 128.2 125.6 121.9 115
97.6 100.1 102.7 104.9 107.6 109.9 112.6 114.9 110.8 112.4 110.5 108.8 106.5 103 101.2 101.6 99.5 90.5 89.5 87.6 86.7 87.3 87.9 86.3 88.6 87.2 86.1 83.2 81.1 80.6 79.5 79.6 79.6 77.5 77.5 78.3 79.9 82 85 88.4 91.6 94.1 92.3 90.1 86.4 89 96.8 100.7 102.5 103.4 103.6 106.9 110.3 113.9 116.3 119 120.9 122.3 124.9 127.3 130.3 132.3 133.5 132.8 131.7 129.7 126.9 123.5 122.8 125.9 129.5 130.9 131.4 130.6 129.3 127.3 123.1 118.6 113.3
100.7 104.8 109 113.2 117 118.9 121.5 123 123.3 113.4 118.8 118.2 115.6 110.4 107.3 110.6 107.6 103.7 97.9 92.6 89.7 88.7 93.1 93.8 92 88.5 88.2 85 84.1 82.2 80.7 79.9 79.6 78.3 77.7 77.5 78.8 80.7 81.6 84.2 87.4 89.7 88.9 85.7 85.7 91.6 97.7 99.7 100.6 101.1 103.1 106.7 109.7 111.9 115.4 116.1 117.8 119.3 122.6 125.7 128.2 130.1 130.7 130.3 129.3 127.4 124.6 120.6 121.3 125.9 129 130.6 131.3 130.3 129.3 127 123.6 118.9 112
103.8 109.2 114.6 119.7 123.9 126.6 133.1 133 131.2 130.7 122.1 117.2 127.1 125.1 121.7 119.2 114.7 109.9 105.4 99.8 96.2 96.8 89.4 94.8 94.8 94.4 94 90.3 86.1 84 82.2 81.7 80.6 79.4 78.7 78.6 78.4 78.8 78.7 80.5 82.4 85.5 84.5 83.6 87.1 92.2 96.3 98.3 98.1 99.4 102 104.8 108.1 109.4 110.7 112.5 113.8 117 121 124 125.9 127.7 128.1 127.9 126.8 124.5 120.6 118.4 121.5 125.4 128.6 130.5 131 130.1 128.9 126.7 123.3 118.3 111.3
108.2 114.8 121.1 126.2 130.2 135 138 139.5 137.8 140.2 139.1 135 119.2 121.4 129.7 126.6 121.3 115.1 112.5 108.9 104.7 105.1 103.8 104 90.2 91.9 95.2 93.2 89.8 86.7 82.5 82.1 81.3 80.1 78.9 78.7 78.5 78.2 78.6 78.6 79.3 80.5 81.5 82.4 87 92.7 95.4 95.3 95.7 98 100.9 103.6 105.5 106.4 107.4 110.3 113.1 116.9 119.7 121.9 123.6 125.3 125.7 124.5 123.1 120.2 117.3 117.8 122.9 125.4 128.3 130.6 130.8 129.5 127.8 125.7 122.3 115 108.9
114.9 121.7 127.9 132.5 135.8 140.4 142.9 144.1 145.5 145.7 144.9 143 140 128 121.7 123.4 126.1 122.7 120.2 117.4 113.7 111.6 110.7 109.2 106.7 102.8 89.9 94.4 90.8 88.9 82.9 83.6 82.5 80.6 78.5 78.7 78.6 78.3 78.6 78.1 78.7 79.4 80.6 82.7 86.6 90.9 92.5 92.7 94.3 97.1 100 101.6 102.7 103.3 106.3 108.6 112.4 115.3 117.8 121.2 122.1 123 123 121.2 119.5 115.7 115 119 123.8 126.1 128.6 130.8 129.8 128.3 126.5 124.2 120 114.8 107.8
121.1 128.2 134 138.4 141.5 144.4 145.7 147.2 148.3 148.1 147.2 145.2 142.8 140.1 136.4 122.8 122.1 123.7 125.7 122.9 119.7 118.1 115.9 113.3 110.6 107.7 103.7 98.2 89.3 87.7 88.9 86.3 84.3 82.1 79.9 78.5 78.6 78.5 78.2 77.8 78.7 78.9 79.8 81.4 85.4 87.4 89.1 90.8 93.8 96.2 98.5 99.2 99.8 101.6 104.7 108.4 110 113.4 115.1 117 118.4 119.8 119.8 118.5 114.8 111.1 115 120.8 124.8 126.8 128.4 128.9 127.7 125.9 123.6 122.4 119 114.7 106.1
127.1 134.1 139.7 142.5 145.2 147.5 148.4 148.8 148.9 149.1 148.1 146.2 143.7 141.5 139.2 136.7 129.5 122 120.6 124 123.9 120 118 115.3 112.2 108.2 104.6 96.8 93.8 93 89.5 89.6 87.2 84.2 82.1 80 78.4 78.1 77.9 77.7 78.5 78.6 79.5 80.2 83.1 85.3 87.2 89.3 92.2 94.6 96.1 96.5 98.8 101.6 104 104.5 107.2 109.4 112.3 114.8 116.4 116.8 116.1 113.3 108 111.6 117.6 122.7 125.3 127.2 127 126.4 125 123.8 121.8 119.8 117 113.9 106.2
132.8 139.1 143.7 146.3 148.7 149.7 149.8 149.5 149.4 149.1 148.8 146.9 144.3 141.8 139.6 137.3 134.9 129.4 121.7 120.9 120.1 120.7 117.6 113.3 109.3 106.8 100.4 95 93.1 93.6 96.7 88.7 88.6 86.6 84.4 82.3 80.5 79 77.7 77.8 78.2 78.5 78.8 79.5 80.5 83.1 85 87.1 90 92.3 93.2 93.3 96.9 99.4 101.8 102 103.9 106.7 108.9 110.7 113 113.1 112.3 107.5 106.9 114 119.9 122.5 125.1 125.6 124.9 123.7 121.5 120.5 119 116.3 113.6 110.4 102.2
138 142.6 146.1 149.1 150.5 150.3 150.3 149.9 149.2 148.4 147.6 146.6 144.9 141.9 139.8 137.4 133.9 130.9 121.3 120.5 118.4 112.4 110.7 110.2 107.6 100.4 97.3 98.9 99.5 100.2 101.5 100.6 96.9 88.5 86.7 84.3 82.5 80.9 78.6 77.9 78 78.2 78.7 79 79.8 80.8 82.1 84.1 86.3 89.2 89.7 91.7 95 97.4 99 99.1 100.8 104 106.9 108.1 109 108.3 105.5 102.1 108.9 116.3 121 122.8 124 124.3 122.9 120.6 118.2 116.8 114.9 112.2 108.8 103.3 98.8
142.5 146.8 149.1 150.8 151.2 151 150.4 149.7 148 146.6 146.1 144.8 142.5 140.3 138.8 135.5 131 126.4 121.5 114.1 115.6 111.7 111.6 106.3 105.6 106.7 103.9 106.5 106.7 107.4 107.3 105.1 101 94.7 89.5 87.2 84.6 83.1 80.5 78.2 78.3 78.2 78.5 78.7 78.2 78.5 79.5 80.7 82.7 83.9 87.3 89.4 91.9 93.9 95.7 96.7 99.8 102.6 104.1 104.1 104.7 101.9 98.6 104 109.9 116.4 120 121.7 121.8 121.3 119.7 116.8 114.3 111.8 110.5 107.4 100.7 97 96.4
147 149.4 151 151.8 151.5 151.5 150.5 149 146.2 144.9 143 141.3 138.6 137.3 135 131.4 126 122.8 122.4 118 113.8 119.4 112 114.7 115.1 112.9 116.6 116.3 114.6 113.2 111.1 107.3 102.5 94.7 91.3 91.3 88.3 85.2 82.8 79.7 78.4 78.3 78.5 78.9 78.4 77.7 77.6 79 80.1 81.5 83.8 85.9 88.7 90.5 92.3 94.4 98.1 100.4 101.5 101 99.8 96.4 99.8 106.1 111.5 116 119.1 119.6 118.3 117.3 115.2 111.8 108.7 105.5 102.3 98.4 94.7 96.9 102.7
149.2 151.3 152.6 152.3 151.8 151.2 150 147.8 145.1 142.3 140 137.4 134.9 133.6 131.1 128.7 128.7 129.8 129.5 128.5 123.4 117.7 120 123.5 119.3 123.1 122 121.4 119.1 116.8 112.7 108.5 99.1 96.4 97.7 97.4 93.7 88.1 86.3 82 79.9 78.4 78.5 78.6 78.1 77.6 77.4 77.6 77.7 79.4 79.5 83.4 85 86.9 88.7 91.9 95.1 97.3 98.2 96.8 93.6 95.3 102.8 108.3 112.9 115.3 116.9 116.7 115.1 113.5 111.4 106 101.9 97.4 94.5 93.3 97.7 103.3 110.1
151.4 152.4 152.8 152.8 152 150.8 149.2 146.6 144.3 143.7 141.7 138.7 135.2 134.7 134.8 135.4 136.1 136.6 135.9 134.2 132.9 128.1 121.4 118.6 123.5 127.7 126.1 123.6 121.7 117.9 112.3 103.6 101.6 104.3 104.4 101.2 97.4 91.2 89 87 82.8 81 78.4 78.5 78.5 78 77.3 77.4 77.5 77.4 77.7 79.6 81.4 83.5 85.5 87.3 90.7 93.1 93.4 91.1 91.7 98.2 104.7 108.4 111.9 113.8 114.2 113.4 111.6 110.1 106.3 100.4 95.1 91.6 94 99.7 104.8 111.7 118.8
152.2 152.7 152.9 152.5 152 150.7 149.4 147.2 146.7 145.9 144.7 141.7 140.1 140.9 141 141.3 141.5 141.2 139.9 138.8 137.5 136.1 124.3 123.3 130.9 130 128 125.1 121.3 116.1 109.3 108.2 110.6 110.6 108.3 103.2 97.5 96.2 95.1 91.3 87.4 83.4 80.1 80.4 78.9 77.9 76.9 76.5 76.7 76.8 76.6 77.4 78.5 80.3 82.2 83.8 86.3 88.5 88.7 88.2 93.7 100.8 105 107.8 110.7 110.9 111.3 110.3 108.3 105.6 101.2 93.7 90 92.5 99.2 106.2 112.8 119.3 126.1
152.7 153 152.5 152 151.4 150.9 149.7 149.6 149.1 148.2 147.3 144.2 144.9 145.2 145.7 145.6 145.1 144.6 143.2 142.1 140.4 138.2 136 124.9 128.1 131.1 128.4 125 120.4 114 111.2 115.8 115.6 112.2 108.7 104 102.8 103 101.1 97.7 93 87.4 83.5 82.4 80.8 78.4 76.7 76.4 76.9 75.9 75.9 76.2 77 77.7 79.5 81.2 83.3 84.1 84.7 89.6 96.4 101.2 103.6 106.7 108.3 109 108.1 107.2 104 101.5 94.4 89.6 90.5 96.7 103.5 110.4 119 125.4 128.7
153.5 153.2 152.5 151.9 151.2 150.6 150 150.2 150.1 149.5 149 147.4 147.9 148 148.2 147.9 147.5 146.4 145.6 144.5 142.5 140.6 138.7 133.8 127 131.5 128.4 124.3 120 115.9 118.8 120 116.8 113.8 110 109.5 109.9 108.8 107.4 102.7 97.2 92.7 88 85.9 83.7 81 77.8 77.6 76.8 76.1 76.2 76.3 76.6 77.3 78.2 79.9 81.7 83.2 85.3 90.8 95.7 98.5 101.7 104.5 105.8 106.2 105 103.7 100.5 95.8 90.2 88.3 94.2 103.5 112.4 118.9 126.2 127.1 128.8
153.9 153.3 152.7 152.1 151.5 150.9 150.6 150.8 150.9 150.6 150.1 148.9 149.4 149.7 149.7 149.7 148.9 147.8 146.9 145.5 143.7 142.1 140.4 137.8 128.5 131.9 128.1 124.8 121.7 121.1 123.4 122.4 118.7 115.7 114.6 115.2 114.6 113.8 110.4 106.7 102.4 97.1 92.4 90.5 86.7 85.2 80.7 78.3 76.2 76.6 76.7 76.6 76.6 76.6 76.9 77.6 79.4 81 83.3 89.4 92.3 95.9 98.3 101.5 102.8 102.9 101.1 98 94.4 90 86.3 90.1 98.5 108.7 118 124.7 125.9 127 128.7
154.4 153.6 153 152.4 151.8 151.3 151.2 151.4 151.5 151.4 151.2 150.6 150.5 150.4 150.3 149.9 149.5 148.8 147.6 146 144.3 142.7 141.1 138.4 135 130.4 129 125.2 123.5 125.8 125.3 124.2 122.3 120.7 121.6 120.6 119 117.3 113.8 109.6 104.2 98.7 96.2 94.7 92.7 86.6 83.6 81.8 77.9 77 76.6 76.4 76.6 76.6 76.4 76.9 77.8 79.1 80 84.5 89.1 92 96.4 98.3 99.3 98.5 96.7 92.5 88 85.5 89.2 95.1 104.6 114.3 121.9 123.7 125.3 125.6 128.3
154.7 153.9 153.2 152.8 152.2 151.7 151.8 152 152.1 152 151.6 151 150.5 150.2 150 149.8 149.2 148.6 147.7 146.4 144.8 143.2 141.4 139.1 136.8 130.6 133.2 126.4 127.1 128.3 127.5 126.7 125.9 125.8 125.7 123.8 121.9 119.4 115.6 111.4 105.9 103.7 103.4 101 97 93.3 86.5 85.9 82.8 78.8 77.1 76.4 76.6 76.7 76.3 76 76.5 76.5 78.2 81.3 85.6 89.3 92.4 94.2 95.1 94.6 91.1 87.5 84.7 86.7 93.2 101.7 110.4 118.5 120.8 122.6 123.4 125.8 127.8
154.3 154 153.3 152.9 152.5 152.3 152.3 152.4 152.4 152.1 151.7 151.2 150.8 150.4 150.1 149.5 149 148.4 147.6 146.3 144.8 143.4 141.4 139.3 137.1 133.5 134.5 128.6 129.9 130.1 129.4 128.6 128.5 128.6 128.7 127.1 124.6 121.3 117.4 112.2 110.2 108.8 107.4 104.4 100.5 96.5 93.7 86.4 84.8 81.7 80.2 77.4 76.5 76.6 75.9 75.3 75.9 76.2 76.1 78.2 81.9 84.8 87.3 89.7 90.4 89.1 86.8 83.8 86 91.6 98.5 106.4 113.2 116.8 118.8 120.1 122.7 125.9 128.2
