data/TL12.asc
ncols 200
nrows 200
xllcorner 510000
yllcorner 220000
cellsize 50
[rows 35 to 69 of 200, columns 0 to 77 of 200]
147.9 146.7 145.9 145.3 145.5 147.2 148.9 150.2 148.9 147.5 146 144.4 142.8 141.1 139.3 137.7 136.6 135.5 134.6 135.1 134.9 134.9 134 133 132 131 131.2 131.8 133.4 134.8 137.2 139.4 141.2 143.1 145.3 149.2 158 165.7 164.1 158.4 163.6 168.7 172 172.2 171.3 169.8 166.8 164 161.1 158.3 155.9 155.5 158.6 162.8 166.5 168.7 169.7 169.8 168.9 167.8 166.6 165.5 165 163.1 161.7 159.7 157.6 156.1 154.9 155 155.7 156.3 155.8 153.3 148.5 145.4 143.9 143.8
148.8 147.4 146.7 145.9 146.4 148.2 149.8 150.7 149.5 147.9 146.3 144.7 143 141.4 139.8 137.6 136.5 135.5 135.5 136 135.7 135.3 134.3 133.4 132.5 131.6 131.2 131.2 132 133.8 135.8 138.1 139.8 141.3 142.8 146 151.5 158.5 160.3 155.9 156.6 165.4 171.2 172 171.3 170.2 167 164.1 161.3 158.4 155.7 154.4 157.1 161.3 165.1 168.4 169.5 169.3 168.4 167.3 166.2 165.1 164.3 162.7 160.7 158.7 156.5 154.4 153.5 154.2 154.9 155.7 155.4 153.1 150.9 150.3 149.9 149.3
149.7 148.1 147.3 146.4 147.5 149.1 149.9 150.8 149.7 148.1 146.5 144.9 143.3 141.6 140 138.1 136.3 136.1 136.6 137.3 136.9 136.1 135 134 133.1 132.2 131.3 131.3 131.2 132.4 134.6 136.8 138.1 139.5 140.8 143.6 147.6 151.5 154.6 152.2 152.7 163.9 170.3 170.9 171.4 170.1 167.4 164.3 161.5 158.6 155.8 154.2 156.3 161 165.4 168.2 168.5 168.8 167.9 166.8 165.7 164.6 163.3 161.4 159.6 157.6 155.4 153.1 152.6 153.5 154.5 155.5 155.8 155.4 154 153.4 153.2 152.3
150.1 148.5 147 147.2 149.4 150.2 150.9 151.4 149.9 147.8 145.8 144.2 142.6 141 139.3 137.2 137 137.9 138.8 138.8 138.3 137.5 136.4 135.4 134.4 133.3 132.3 131 130.8 130.7 132.3 134.5 136.2 137.5 138.9 141.3 144.7 146.5 147.6 147.5 150.9 162.8 169 170.9 171.2 169.8 167.5 164.5 161.7 158.8 156 153.3 155.8 161.2 165.6 167.8 168.2 168.3 167.9 166.1 164.2 162.6 160.9 160.3 158.5 156.4 154.1 151.7 152.6 154 155 156 157 156.3 155.6 154.6 154.3 151.8
150.5 148.1 148.1 149.2 151.3 151.5 151.8 151.5 150.2 148.2 146.1 144.1 142 140.3 138.6 137.6 139.2 140.1 140.5 139.9 138.9 138.6 137.6 136.6 135.5 134.5 133.4 132.1 130.8 130.2 131.1 132.7 134.3 135.6 136.9 138.9 140.8 141.4 141.8 143.7 151.8 162.9 167 170.4 170.3 169.2 167.2 164.8 161.9 158.7 155.5 153 155.7 161.1 165.6 167.4 167.8 167.5 166.7 165.1 163.4 160.3 158.5 157.8 155.4 153.4 151.5 151.4 152.5 154 155.4 156.4 157.4 157.5 156.5 154.2 150.2 145.8
150.4 148.9 149.8 150.6 152.5 152.7 152.8 151.6 150.1 148.3 146.3 144.2 142.1 140.1 139 139.2 141.4 142.2 141.5 140.7 139.6 139.2 138.8 137.8 136.7 135.7 134.5 133.2 131.7 130.4 130.7 131 132.5 133.8 135 136.3 137.7 137.7 140.5 145.5 154.8 163 167.6 169.4 169.2 168.3 166.5 164.2 161.4 158.1 154.9 152.8 155.9 160.9 164.9 166.8 167.1 166.7 165.3 163.6 161.9 159.1 156.1 154.7 152.7 150.5 150.4 152.4 153.6 154.6 155.6 156.9 157.9 158.3 156.2 151.3 144.9 136.7
150.1 149.9 151.1 151.9 153 153.7 152.8 151.1 149.2 147.5 145.9 144 141.9 139.9 139.4 141.1 142.8 143.2 142.4 141.6 140.2 139.3 140 138.9 137.9 136.9 135.6 134.1 132.4 130.7 130.4 130.2 130.8 132.1 133.3 134.3 135.6 138.7 144.5 150.8 156.8 164.1 167.5 168.3 168.1 167.3 166 163.1 160.2 157.4 153.8 151.4 155.7 160.6 163.9 165.6 165.5 164.2 162.2 160.9 159.8 157 154.5 151.9 149 149.5 150.9 153.3 154.7 155.7 156.7 157.9 158.2 158.4 156.5 153.5 144.2 134.8
150.7 150.8 151 151.3 152.1 152.8 152.2 150.4 148.3 146.7 144.8 142.2 139.9 139.3 140.1 141.4 142.6 142.9 143.3 141.7 140.2 140.3 140.9 140.1 139.1 137.9 136.4 134.8 133.2 131.7 130.5 130.1 129.8 130.3 131.5 132.7 135.5 139.1 145.1 151.5 158.5 164.9 166.6 167.1 166.8 165.9 164.3 162 159.1 156.4 152.7 151.3 155.1 159.4 160.6 162.4 162.7 161 158.8 157.5 157.3 155.3 152.8 147.6 147.9 149.9 152.7 154.5 155.9 157.1 158.3 159 159.2 158.6 157.1 153.1 143.3 132.3
150.5 150.3 150 149.3 149.6 150.1 150 148.9 147.5 145 142.4 140 139.5 140.3 141.1 142 142.6 143.2 143 141.6 141.8 142.1 142.4 141.3 140.2 138.8 137.2 135.5 134 132.8 131.8 130.9 130 129.4 129.9 131.8 134.3 137 142.4 148.8 157 163.7 165.7 166 165.5 164.4 162.6 160.8 158.1 155.5 152.7 149.9 153.4 156.7 157.3 157.3 157.5 156.9 154.8 153.5 154.6 153.4 150 146.7 148.5 152.7 154.1 155.8 157.5 158.6 159.7 159.8 159.7 158.8 157.6 151.1 140.6 138.4
149.2 148.9 148.7 147.6 147 147.5 147.4 146.7 145.5 142.8 140.4 139.6 140.9 142 143 143.8 143.6 143.8 143.1 142.8 143.2 143.5 144 143.1 141.7 140 138.3 136.8 135.4 134.2 133.2 132.3 131.3 129.9 129.4 130 132.4 135 139.3 146 153.8 161 164.7 165.4 164 162.7 160.4 158.8 157.4 156.3 153 149.3 150.7 152.8 152.2 152.5 152.6 152.3 151.5 151 151.9 151.1 147.9 145.7 149.5 152.6 154.1 155.6 156.9 159.6 160.3 160 159.8 158.9 156.1 149.9 141 146.7
148.1 147.6 147.2 146 144.8 145 144.9 144.5 143.4 140.7 140 141.4 142.9 144 145 145.4 145.2 144.6 144.3 144 144.6 145.1 145.7 145.2 143.2 141.3 139.7 138.2 136.9 135.6 134.5 133.4 132 130.5 129.6 129.6 130.6 133.1 137.1 143.5 149.8 158.4 163.7 164.6 163.1 161.5 158.3 156.5 155.3 153.4 151.4 148.7 148.2 147.6 147.7 147.6 148 147.9 148.3 148.3 151 149.2 146.3 145.1 148.4 150.3 152.6 155.5 158.1 160.7 160.7 160.5 160.3 158.9 157.7 150.7 144.5 152.5
147.4 146.2 145.5 144.4 143.2 142.5 142.4 142.3 141.3 140.4 140.4 143.5 144.9 146 146.9 147 146.5 145.8 145.4 145.5 146.8 147.8 147.8 147 144.6 142.7 141.1 139.7 138.4 137 135.5 134 132.6 131.2 130 129.5 129.3 131 133.9 138.7 144.6 154.9 162.3 164.7 163.2 161.3 158.5 156.2 153.8 152.7 151.2 150.5 148.1 146.4 146.1 145.4 144.9 144.4 144.7 146.1 148.3 146.7 144.5 144.5 146.1 147.9 152 156.5 158.9 161.1 161 161 160.3 159.2 158.1 153.3 148.1 156
146.5 145.1 144.1 143.4 142.6 141.8 140.8 140.5 140.4 140.3 142 145.2 147.2 148.3 149.1 148.9 148.1 147.3 147 148.3 149.5 150.1 149.4 148.1 146 144.2 142.3 140.9 139.6 138.2 136.7 135 133.5 132 130.4 129.3 129 128.9 131.4 134.3 139.6 150.7 160.2 164.2 164.7 162.9 160.9 158.8 156.8 155.4 154.2 152.6 150 147.7 146.6 146.1 143.8 142.6 142 142.4 143.9 144.4 143 142.7 144.3 147.3 152.2 157.6 160.2 161.4 161.4 161.3 160.8 158.8 157.5 154.2 150.7 158
145.2 144.5 143.9 143.2 142.5 141.6 140.5 140.3 140.5 141.2 143.3 146 148.7 150.5 151.2 151.5 150.7 149.8 149.7 151 152.1 152.2 151.4 150 147.2 145.4 143.3 141.7 140.4 139.1 137.6 136 134.6 132.6 130.8 129.5 128.6 128 128.8 131.7 136.7 146.9 156.5 163.4 165.1 164.6 162.9 160.5 158.5 156.8 155.3 153.7 151.3 149.7 149.6 148.9 147 145.5 144.4 143.5 141.3 141.2 141.8 141.9 144.9 148.4 153.5 158.7 161.4 161.8 161.8 161.4 161 160 158.6 155.6 155.8 159.5
144.6 144.2 143.7 143.1 142.4 141.5 140.8 140.6 141.4 142.2 143.9 146.6 149.4 152.1 154.6 155.3 155 153.5 152.8 153.6 154.4 154.1 152.7 151.1 148.7 146.5 144.4 142.5 141.2 139.4 137.3 135.4 133.9 132.6 131.3 130.1 128.8 127.6 128 129.1 135 143.2 152.8 162.1 165.6 164.7 163.9 161.7 160 158.4 156.7 155.1 153.6 152 151.8 150.9 150.1 149.1 147.1 144.4 142 140.3 140 141.8 146.2 151.4 156.6 160.6 162.1 162.3 161.9 161.4 160.9 160.6 158.9 157.3 159.9 161.8
144.2 143.8 143.4 142.9 142.2 141.5 141.5 141.6 142.4 143.1 144.6 147 149.4 152.3 156.3 158.4 158.8 157.4 156.1 155.8 155.4 154.9 153.2 151.7 149.7 147.5 145.4 143.3 141.2 139.1 137 135.6 135.4 134.3 133.4 131.9 130.5 128.5 127.1 128.9 134.4 141.5 150.8 160.3 163.3 164.7 164.8 163 161.2 159.3 157.5 156.3 155.5 154.5 153.6 152.5 151.4 150.4 149 146.3 143.4 140.5 139.7 141.3 146.4 152.1 156.8 159.7 161.9 162.2 161.6 161.2 161 160.7 160.1 160.2 160.8 162.1
144.3 143.6 143.1 142.6 142 142.3 142.4 142.7 143.3 144.1 145.4 147 149.3 152.8 157.5 160.9 161.1 160.4 158.7 157.3 157 155.3 153.6 151.8 149.9 148 145.4 142.9 141.2 138.9 137.1 137.2 137 136.3 135.6 134 132.5 129.4 127.8 128.1 132.9 140.8 149.5 158.3 163.4 164.5 165 163.8 161.9 160.1 158.3 157.6 156.8 155.9 154.6 153.4 152.3 151 148.8 145.9 143.7 140.7 137.9 140.2 144.4 149 153.6 157.8 160.5 161.8 161.5 161.2 160.8 160.5 160.2 160.8 161.6 162.9
144.6 143.9 143.2 142.6 142.8 143 143.3 143.9 144.6 145.7 146.8 148.2 150.1 154.5 159.7 163.4 164 162.4 160.9 159.3 157.4 155.5 153.6 151.7 149.4 147.1 144.6 142.4 141.2 139.4 138.7 138.7 138.2 137.3 136.8 134.7 132.7 129.8 127.7 127.3 132.5 138.8 147.1 156 162.3 164.5 165.2 164.6 162.7 160.9 159.5 158.9 158.1 157 155.7 154.5 152.7 150.2 148.1 146.2 143.9 141 138.2 137.3 140.3 144.6 149.2 154.6 159.3 160.9 160.6 160.3 160.1 159.9 159.8 160.9 161.9 162.8
145.2 144.5 143.8 143.9 144.1 144.2 144.5 145.4 146.7 147.7 148.6 149.6 151.8 156 162 165.5 164.3 162.7 161.4 159 157.3 155.4 153.5 151.7 149.3 146.1 143.7 142.4 140.7 140.1 139.5 138.9 137.8 137.3 136.7 134.9 132.7 130.1 128 127.2 131.1 137.6 145.1 153.9 161.3 163.8 165.3 164.9 163.5 161.7 160.8 160.2 159.4 158.2 156.9 155.6 153.2 150.8 148.4 146.6 144.2 141.4 138.5 136.8 137.5 141.3 145.8 151.5 157.3 160 160 159.8 159.6 159.5 159.5 159.8 159.4 158
145.8 145.1 145 145.2 145.4 145.5 146.6 148.1 149.1 149.8 150.4 151.3 152.5 157.5 163.1 164.2 162.4 161 159.5 158.6 157.1 155.3 153.4 151.6 149.4 147.6 145.6 144.6 143 141.3 139.5 138.4 136.9 136.5 136.6 135.1 132.6 129.6 126.8 126.9 130.7 137.8 144.7 154.3 160.6 164 165.3 165 164.3 162.6 162.1 161.5 160.6 159.3 157.7 156.2 153.8 151 149 146.9 144.3 141.3 138.9 136.4 136.2 139.4 144.2 149.7 155.1 158.9 159.3 159.2 159.1 159 158.7 158.8 160.4 160.8
146.4 146.2 146.4 146.4 146.3 146.8 149.1 150.7 151.7 152.4 151.9 150.8 151.8 155.2 160.8 160.5 159.2 157.5 154.6 154 154 154.7 153.4 152.1 151 148.8 146.6 145.8 143.4 141.3 139.5 137.3 135.9 135.4 136.3 135.1 132.2 129.3 125.7 126.1 130.1 136.7 145.1 155.6 162.1 164.5 165.4 165.1 164.7 163.9 163.3 162.5 161.1 159.3 157.7 156.4 154.1 151.4 149.1 146.6 143.9 141.3 138.6 136 135.2 138.5 143.1 148.7 154.3 158.1 158.7 158.2 157.5 158.2 158.7 159.4 159.9 160.3
146.7 146.6 146.5 146.4 146.4 147.6 149.4 151.8 153.6 153.2 152 150.7 150.6 151.1 152.6 152.3 151.7 150.8 150 149.5 149.6 151.1 152.8 152.1 151.4 150.7 147.9 146.2 143.8 141.5 138.6 136.1 134.9 134.5 135.2 134.1 132 128.6 125.8 125.5 129.4 135.1 143.1 153.7 160.9 163.9 164.9 164.9 164.2 163.3 162.6 162 160.5 158.4 156.6 155.2 153.5 151 148.1 145.4 142.7 140.2 137.8 135.4 134.9 138 142.7 147.9 153.4 157.4 156.8 155.9 156.3 157.4 158.3 158.8 159.2 159.6
146.8 146.7 146.6 146.5 147.3 148.5 149.7 151.8 153.5 152.9 150.9 149.5 148 147.7 147.2 146.7 146.2 146.7 145.9 145.3 145.3 146.4 149.1 150.2 149.5 149.9 149.1 147 143.9 141.4 137.7 136.3 134.4 133.5 133.5 133.1 131.4 128.4 125.7 125.4 128.5 133.8 140.7 150.9 159.1 162.8 164.4 164.3 162.1 160.6 159.6 157.6 157.3 155.3 153.5 152.2 151 149.6 146.8 143.8 140.7 138.3 135.9 134.3 136.9 141.5 145.7 149.2 153.1 155.8 155.2 154.5 155.8 157 157.2 158.1 158.6 159
146.2 146.2 146.3 146.3 147.5 148.6 149.6 151.5 152.2 152.5 150.6 148.5 146.9 145.8 144.5 143.5 142.6 142.9 142.1 141.6 141.3 142 144.5 147.9 147.4 149.2 149.1 147.3 144.2 140.9 138 136.4 134.1 133 131.8 131.7 130 128 125.9 125.4 128.1 132.7 137.1 146.8 154 160.4 163 163.5 161.2 156.4 154.5 152.9 152.6 150.4 148.8 148.7 147.8 147.2 144.7 141.5 138.6 136.2 133.9 135.1 139.7 145.6 150 153.3 155.3 151.8 154.2 154.4 155.6 156.1 156.2 157 157.9 158.3
145.7 145.8 145.9 145.9 146.9 148.2 149.4 151 152.8 153 150.8 148.7 146.5 144.8 143.7 142.8 141.8 140.9 140.7 140 139.1 139.1 140.2 143.5 147.5 149.4 148.6 146.6 144.6 141.5 138.3 135.6 134.7 133.5 132 130.6 129 127.3 125.3 125.6 126.9 130.8 134.7 140.4 148 155.4 162 163.3 161.6 155.7 151.8 148 146.1 145.3 143.8 144 144.5 144.5 142.7 139.6 137.6 135.4 133.4 136.5 141 147.4 152.7 150.4 152.8 155.1 153.6 153.4 154.7 155.2 155.2 155.6 157 157.7
145 145.1 145.3 145.4 146.5 147.9 149.3 152.1 153.8 153.6 151.5 149.3 147.3 146.2 145.4 144.4 143.5 142.7 141.4 140.9 139.7 137.9 138.1 140.1 144.3 147.9 148 146.9 144.4 141.4 138.4 135.4 133.5 133.1 131.8 130.6 128.6 126.7 124.8 125.1 125.8 128.4 131 136.1 145.5 155.4 161.7 162.5 161.6 157.5 154.3 150.8 147.5 142.3 140.9 140.8 141.3 141.4 140.4 138.3 135.8 133.2 134.9 139.4 144.1 149.7 144.5 153.9 154.9 152.9 151.4 152.2 153.2 154.1 154.2 154.1 155.6 157
144.2 144.4 144.6 145.6 146.9 147.7 149.3 152.3 155.1 154.6 152.6 150.6 149.1 147.9 147 146.2 145.4 144.6 143.3 141.7 140 138.4 138.4 137.5 141.2 145.8 147.1 145.7 143.8 141 138.2 135.1 131.2 131.6 130.4 128.9 127.3 125.7 124.2 123.9 124.3 126.1 128.3 134.3 142.4 152.1 159.4 160.1 160.1 158 154.6 151.7 147 142.6 139.8 138.9 138.6 138.6 138.2 136.1 133 132.5 136.6 140.9 142.2 143 153.6 154.5 153.2 150.6 150 150.6 151.6 152.7 152.9 153.1 154.1 155.6
143.5 143.7 144.2 146.4 148.2 148.1 149 151.9 154.8 155.3 153.8 152.2 151 149.5 148.6 148 147.3 146.5 145.2 143.5 141.3 138.9 136.8 136.1 138.1 142.4 145.6 144.5 143 140.3 137 131.2 130.4 129.8 128.1 126.2 125.9 124.8 123.8 123.2 123.3 123.8 126.2 130.5 138.5 147.4 155.8 159 160.5 157.1 152 148 145.2 142.6 139.3 137.4 136.3 135.9 135.4 133 130.3 132.8 136.2 138.1 145.2 150.3 153.4 152.9 151.5 148.1 148.3 149 149.8 151.3 152.3 154 154.5 154.7
142.8 143.3 144.4 145.9 146.1 146.1 147.2 149.5 151.8 154.8 154.1 153 151.4 150.4 149.5 148.6 148 149.4 147.6 145.4 142.8 139.5 136.9 135.3 134.1 137.9 142 142.6 141 138.1 136.3 133.7 130.2 127.2 126 125.6 125.9 126.2 126.1 125.1 123.8 122.5 124.2 127.9 134.5 142.1 151 158.2 159 157.4 152 145.4 141.6 139.9 137.6 135.5 134.1 132.9 131.8 130.1 130.4 133 135.8 137.9 142.7 146.5 150.4 149.3 147.3 146.7 149.7 151.2 152.2 153 153.9 155.2 155.4 155.4
143.1 142.9 143.4 143.7 143.8 144.1 144.5 146.8 150 152.3 152.8 151.5 149.9 149.1 148.2 148.1 148.7 149.5 149.2 147.2 144.5 141.2 138 135 133.4 133.6 137.4 138.3 138.1 136.2 134.4 133.5 130.7 126.5 127 126.8 127.6 128.6 128.5 127.3 125.8 123.4 122.8 125.5 131.1 137.6 147.6 156.5 159.2 158.2 152.7 146.6 142 138.9 137 134.5 132.2 130.9 129.7 128.8 131 133.3 136.6 141.1 144.1 146.9 147.1 145.1 145.7 149.4 153 154.2 154.5 155.1 155.7 156.1 156.1 156
143.4 142.5 142.5 142.3 142.1 142.1 142.4 143.2 146 147.3 147.1 146.5 145.9 145.3 145.1 144.2 145 147.5 149.6 148.6 145.9 142.9 139.7 136.4 133.9 132.3 132.8 133.9 134.6 133.2 132.7 130.4 128.6 127.2 129.6 129.5 130.1 130.5 130.4 128.5 125.8 123.4 122.4 123.4 128.5 135.2 146 154.6 160 158.1 153.7 147.7 142.8 139.6 136.5 134.1 131.8 130 127.7 128.7 131.7 134.3 139.5 144.9 147.7 147.3 145.2 143.7 146.9 150.9 153.8 156.1 155.4 156 156.6 156.8 156.8 156.7
143.6 142.8 142.5 141.9 141.3 140.7 140.3 141.4 142.8 142.2 141.4 141.2 141.3 141.2 141.1 140.2 141.6 144.2 147.5 148.2 146.2 143.3 141.2 138 134.9 132.1 130.9 131.4 130.9 128.9 129 128.8 127.7 129.5 131.5 131.1 131.5 131.8 132 129.9 126.9 123.9 122 122.7 126.8 133.2 144.2 153.4 159.4 160.2 155 149.8 145.1 139.8 136.5 133.8 131.2 129 122.8 129.3 132.4 135.5 142 149.1 148.6 145.5 142.2 143.8 147.5 151.1 154 155.8 156.5 156.5 156.5 156.9 157.4 157.4
144.3 143.3 142.6 142 141.3 140.7 140.1 140.1 140 139.1 138.7 138.7 138.4 137.7 137.2 137.2 137.9 139.8 142.5 144.8 145.7 143.7 141.4 138.9 136.3 133.2 130.4 129 128.1 127.7 128.4 129.6 130.5 131.8 132.5 132.2 131.5 132.2 132.4 130.7 127.7 125.2 122.7 121.4 125.8 133.1 141.8 151.1 158.4 160.3 157.7 152.3 146.6 141.3 136.6 133.8 131.1 128.7 126.3 129 131.6 134 139.8 145.8 146.6 143.2 140.8 141.7 145 148.4 152 154.4 155.5 155.4 156.1 156.7 157.5 158
145.2 144.3 143.6 142.7 141.6 140.7 140 139.8 139.7 139.4 138.4 138.3 138.2 137.5 136.3 136.6 136.2 136.2 138.1 141.5 144.3 144.2 141.7 139.3 136.7 133.6 130.6 129.3 129.3 131 132.7 133.9 134.4 134.4 134.1 133.5 133 132.6 132.7 131.2 128.8 126.1 123.4 121.9 125.3 132 139.7 148.1 156 160.3 158.2 152.4 147.5 142.6 137.4 133.8 131.7 130.2 128.5 128 129.9 132.1 137.5 143.9 146.4 142.4 139.7 140.2 142.4 145.6 147.7 150.6 153.3 153.4 153.8 155.3 156.4 157.7
146.1 145.5 144.8 144 143 142.4 142 141.4 141.3 141.2 141 140.8 140.5 140 138.7 137.3 136.9 136.2 136 139.1 142.8 143.7 141.3 138.4 135.9 132.5 130.5 129.8 132.4 134.8 136.1 137.1 136.8 135.8 135.2 134.6 133.9 133.4 132.7 131.3 129.2 126.5 123.8 121.1 122.4 128.1 134.7 143.3 153.2 158.1 157.4 151.6 146.2 141.3 137.5 134.8 131.9 130.7 129.1 127.3 128.1 130.7 134.5 139.4 145.7 144.1 139.6 138.9 140.4 142.6 143.5 146.3 146.2 149.9 150.5 152.1 155.1 157.9
