data/TL65.asc
ncols 200
nrows 200
xllcorner 560000
yllcorner 250000
cellsize 50
[rows 72 to 107 of 200, columns 82 to 163 of 200]
112 111.5 111 110.6 109.8 108.9 108.1 107.6 106.9 106.3 104.9 103.6 102.9 102.8 102.7 102.3 102.1 101.9 102.2 103.7 104.3 105.6 105.9 106.7 106.3 106.2 106.3 105.7 105.3 105 104.9 104.6 104.1 105.2 106.6 108 109.5 111 111.9 112.7 113 113 113.1 112.8 111.5 110.3 109.1 108.1 110 111.4 112.8 113.9 114.8 115.8 115.8 115.6 115.5 115.9 115.7 115.2 115.2 115.2 115.6 115.8 115.4 114.5 113.9 113.4 113.5 112.9 112.6 111.9 111.2 111 110.8 109.7 109.3 109.1 108.3 107.5 106.7 104.9
112.1 111.7 111.4 111.1 110.5 109.7 108.9 108.2 107.5 106.2 104.2 104.5 102.5 101.2 101.1 101 100.8 101.5 101.9 104.1 105.3 105.5 106.1 105.9 105.6 105.5 105.5 105 104 103.5 103.3 103.1 104.3 105.3 106.8 108.3 109.6 110.7 111.6 112.3 112.4 112.4 112 111.5 110.7 109.4 108.6 108.7 110.7 111.9 112.8 113.7 114.5 115.8 115.8 115.8 115.8 115.5 115.1 114.5 114.5 115.1 115.1 115.4 115.8 114.3 113.2 112.9 112.6 112.6 111.9 110.9 111 110.8 110.4 110.5 108.8 108.8 108.4 107.9 106.9 105.2
112 111.7 111.3 111 110.7 110.1 109.5 108.9 108 106.2 105 104.7 103.1 101.4 100.2 99.7 99.4 100.5 102.1 104.3 105.7 105.1 105 105 104.8 105.3 105.1 103.8 102.7 102.3 102.1 103.2 104.7 106 107.1 108.2 109.3 110.6 111.7 111.7 111.8 111.8 111.3 110.7 110.1 108.9 108.2 108.2 110.7 111.6 112.5 113.4 114.3 115.8 115.8 115.8 115.7 115 114.4 113.8 113.6 114.3 114.5 114.8 114.9 113.4 112.3 112.1 111.7 111.5 110.5 110.3 111.1 110.5 110.5 110.7 109.7 109.1 108.6 108.4 107.1 106.2
111.9 111.3 111 110.8 110.6 110.1 109.6 108.9 108.2 107.4 106.4 104.2 102.8 101.6 100.6 100.6 99.5 100.4 102.2 103.5 104.5 104.5 103.9 104.1 103.4 103.5 103.1 101.8 101.2 101.2 102.1 103.7 105.2 106.1 107.1 108.1 109 110.6 111.5 111.3 111.2 110.9 110.6 110.1 109.4 107.6 106.3 107.5 110.2 111.1 112 112.9 115.1 115.8 115.8 115.8 115 114.1 113.2 112.4 112.6 113.2 113.3 113.2 113.1 112.5 111.9 111.4 111 110.9 110.3 110.6 110.1 109.5 109.4 109.6 109.3 109.3 108.7 107.9 107.3 106.7
112.2 111.5 110.8 110.5 110.2 110 109.7 108.9 108.1 107.1 106.3 104.3 102.8 101.4 100.5 99.5 99.4 100.6 101.3 102 102.8 103.4 103.3 102.7 101.9 101.2 100.9 100.2 100.3 101 102.7 104.3 105.3 106.2 107.1 108 108.7 109 110 110.2 110 109.8 109.8 109 108.3 107.2 105.9 107.2 109.7 110.6 111.9 113.7 114.5 115.1 115.4 114.8 114 113.1 112.2 111.2 111.1 112.1 112.2 112 111.8 111.6 111.3 110.8 110.4 110.1 110 109.2 108.6 108.4 108.2 108.3 108.8 108.9 108.6 107.9 108.1 107.5
112.6 111.7 110.8 109.4 109.8 109.4 108.8 108.1 107.4 106.7 106.2 104.8 102.7 101.5 100.5 99.4 99.1 100.2 101.3 101.3 101.4 101.9 102.2 101.3 100.7 99.7 99.2 99.5 100.1 101.7 103.3 104.5 105.5 106.4 107.2 107.9 108 108 108.5 108.6 108.4 108.4 107.9 107 105.8 105.2 107.2 108.7 109.6 110.9 112.4 113.1 113.8 113.9 114.3 113.8 112.8 112 111.2 110.1 109.4 110.9 111 110.9 110.7 110.5 110.5 110.2 109.8 109.3 108.4 107.5 107.2 107 106.9 107.5 108.2 108.6 108.4 108.2 108.4 108.2
112.4 111.4 110.3 109.3 109.2 108.6 108 107.1 106.2 106 104.9 103.6 102.4 101.3 100.1 98.9 98.4 98.6 99.6 100.4 100.7 100.2 100.9 100.4 99.4 99 98.9 99.2 100.7 102.4 103.9 104.8 105.8 106.6 106.9 107 107 106.8 106.7 106.7 106.7 106.2 105.4 104.6 104.5 106.6 108.6 110.1 110.5 111 111.8 112.5 112.8 113.1 113.5 113 112.1 111.1 109.9 108.9 108.9 109.3 109.9 109.7 109.4 109.2 109.6 109.5 109 107.7 106.9 106.3 105.8 105.7 105.8 106.7 107.5 108.1 108 108.5 108.5 108.6
112.1 111.2 110 109.7 108.5 107.7 107.1 106.1 105.1 104.6 103.7 102.4 101.4 100.1 99 99 98.6 98.1 97.8 98.4 99.2 99.9 99.5 99.3 97.9 97.7 97.8 99.6 101.3 102.9 104.5 105.4 105.8 106.1 106.1 105.6 105.1 105 104.9 104.8 104.3 103.7 102.9 103.7 105.4 107.3 109.6 110.8 111 111 111.2 111.7 111.9 112.3 112.7 112.3 111.3 110.4 108.9 107.5 106.7 106.9 108 107.5 107.7 107.6 108.1 108.4 108.2 107 106.3 105.6 104.5 104.6 104.8 105.9 106.8 107.4 108.5 106.4 108.7 108.3
111.9 110.8 110.1 109.2 108 106.9 106.1 105.1 104.2 102.9 101.9 101.1 100.4 100 99.3 99 98.3 97.6 97.4 97.3 97.3 97.5 97.6 97.3 96.4 96.3 98.2 100 101.7 103.3 104.4 105.1 105.1 104.5 104.2 103.8 103.2 102.9 102.8 102.6 101.9 101.2 102.8 104.5 106.4 108.2 109.7 110.8 111 110.8 110.7 110.8 111.1 111.5 111.9 111.5 110.6 109.6 107.9 106.3 104.8 104.9 106 105.2 104.8 105.4 107.2 107.5 107.4 106.5 106.1 105.2 104.8 104.2 104.1 105.2 105.7 105.6 106.6 106.5 107.8 107.9
111.6 110.8 110 108.9 107.8 106.8 105.7 104.5 103.3 102.3 101.3 101.1 100.8 100.3 99.8 99.4 98.7 98 97 96.5 96.5 96.4 96.3 96.1 95 96.7 98.5 100.4 102.1 103.2 103.4 103.9 103.5 102.7 101.8 101.6 101.3 100.9 101 100.5 100.3 102 103.6 105.3 106.8 108.4 109.6 110.6 110.8 110.5 110.2 109.9 110.3 110.7 111.1 110.8 109.8 108.6 107.1 105.6 104.5 103.6 103.9 104.3 104.3 104.2 106.8 107.7 106.6 105.9 105.4 105.6 105.8 104.5 103.7 104.8 104.4 103.7 106.6 107.5 107 107.4
111.4 110.8 110.2 109.1 108 107.2 106.3 105.5 104.9 103.8 102.3 102 101.6 101.2 101 101 100.2 99.3 98.5 97.2 96.1 95.3 95.4 95.2 94.6 96.3 98.7 100.8 101.9 102.1 102.3 102.5 102 101.1 100.4 99.9 99.4 99.1 99.3 100.4 101.7 103.3 104.2 105.6 106.9 108.3 109.4 110.2 110.3 110.3 110.1 109.3 108.9 109.5 110.1 109.8 108.6 107.3 105.8 104.3 103.4 102.4 101.8 102.2 102.9 104.6 106.1 107 106.1 104.8 105 105.1 105.1 104 103.5 103.6 103.3 103.7 104.4 105.5 106.5 106.9
111 110.7 110.3 109.3 108.4 107.5 106.6 105.9 104.5 105.3 103.4 103.3 102.9 102.4 102.8 102.6 101.4 100.5 99.6 98.3 97.1 95.8 95.3 94.7 94.5 95.6 97.7 100 100.9 101 101.2 101 100.6 100 99.4 99 99.1 99.1 99.9 101 102.2 103.7 104.7 106 107.3 108.4 109.1 109.4 109.4 109.4 109.4 108.3 107.8 108.4 108.6 107.9 107.2 105.8 104.4 103.2 102.3 101.4 100.3 100.5 102.2 103.9 104.9 105.5 104.4 104.8 105.4 104.2 104 103.3 102.8 102.4 101.9 102.3 103.4 104.5 105.8 106.7
110.4 110.2 109.9 109.4 108.6 107.7 106.9 106 104.5 105.4 105.4 104.7 104.4 104.6 105.4 103.8 102.5 101.3 100.2 99.2 97.7 96 95 93.2 94 94.6 96.2 98.3 99.2 99.7 99.7 99.1 98.4 98.7 97.4 97.2 98.4 99.6 100.7 101.9 103.1 104.2 105.1 106.3 107.5 108.4 108.9 108 107.5 107.5 107.5 107 106.6 106.5 107.1 106.5 105.8 104.4 103 102.1 101.2 100.3 98.9 100.1 101.8 103.2 103.3 103.4 103.2 104.2 104.1 103.6 102.9 102.4 102 101.7 101.1 102.2 103.7 104.4 105.2 106.3
109.7 109.4 108.9 108.7 108.2 107.4 106.6 105.8 105.3 105.6 105.8 105.8 105.9 105.9 105.6 105.1 103.5 101.9 100.5 99.4 97.8 96.2 94.6 92.9 93.5 94.2 95.6 96.5 97.4 97.8 97.7 97.2 96.4 95.7 97 98.3 99.5 101 101.8 102.9 104 105.2 105.9 106.5 107.8 108.4 108.2 107 106.4 105.9 105.5 105.3 105.2 105.4 105.6 105 104.3 103.1 101.9 100.7 99.7 98.9 98 99.7 101.1 101.7 101.8 101.9 102.1 102.9 102.8 102.4 101.8 101.5 101 100.6 100.1 101.4 103.3 104.7 105.6 106.4
110 109.4 109.1 108.5 107.9 107.3 106.7 106.1 105.7 105.7 105.8 105.8 105.9 105.9 105.4 105.9 104.2 102.6 101 99.6 98.2 96.9 95.2 93.3 93.2 93.5 94.6 95.6 94.9 95.4 95.8 95.3 95.7 96.9 98.2 99.5 101.2 102.3 103.1 103.9 105 106.1 106.8 107.1 108 108.2 107.5 106 105.4 104.9 104.3 104.1 104.6 105.2 105.4 105.3 104.1 102.4 100.8 99.6 98.5 97.6 97.7 99 100.2 100.2 100.1 100.2 101.2 101.7 101.3 100.6 100.5 100 99.6 99 99.7 100.9 102.6 104.1 105.5 106.2
110.7 109.7 109.4 108.9 108.3 107.8 107.1 106.4 105.7 105.7 105.8 105.8 105.9 105.9 105.4 104.7 103.8 102.6 101.6 100.5 99.2 97.9 95.9 94 93.3 93.9 93.6 93.8 93.7 93.8 94.5 95.5 96.9 98.1 99.4 101.1 102.8 103.6 104.4 105.3 106 106.9 107.7 108.1 108 107.6 106.7 105.1 104.4 103.6 102.7 103.6 104.3 104.5 105 105.4 103.4 101.4 99.8 98.6 97.6 96.6 96.3 97.3 98.8 99.3 99.1 98.6 98.9 98.7 98.8 98.4 98.9 98.5 98.3 99.6 100.5 101.1 102 103.6 104.9 105.8
111.4 110.2 109.9 109.4 108.9 108.4 107.4 106.8 106.1 105.7 105.8 105.8 105.9 105.9 105.5 104.8 104.7 103.5 103 101.3 100 98.5 96.8 95 93.8 93.7 94.3 93 93.1 93.8 94.9 96.3 97.8 99.4 101.3 103 104.3 104.8 105.7 106.6 107.5 107.9 108.6 108.3 107.5 107 105.8 104.3 102.8 101.8 102.1 102.3 103.1 103.5 103.6 103.7 101.9 100.2 99 97.9 96.8 95.9 94.6 95.6 96.6 97.3 97 96.8 96.8 96.5 96.7 97 97.2 95.8 98.6 99.8 101.4 102 102.5 103.3 104.5 105.5
111.3 110.8 110.4 109.9 109.4 108.7 107.8 107.1 106.4 105.7 105.8 105.8 105.9 105.9 105.5 104.9 105.9 105.6 104 102.3 100.8 99 97.1 95.3 93.5 92 93.2 93.1 93.4 94.3 95.5 97.6 99.4 100.9 103.4 105 106 106.4 106.9 107.8 108.8 109.2 109.3 108.1 107.1 106.2 105 103.6 102 100.4 99.9 101.1 101.9 102.4 102.1 101.8 100.5 99.3 98.3 97.2 96.1 95.1 94 94.2 95 95.7 95.5 94.7 95.3 95.7 96.1 95.5 97.5 98.7 99.9 101 101.9 102.5 103 103.7 104.6 105.4
111.3 111.1 110.9 110.4 109.9 109.1 108.2 107.5 106.8 106.1 105.8 105.8 105.9 106 105.6 105.9 105.9 105.9 104.9 103.1 100.9 98.3 96.5 94.7 93.2 92 92.2 93 93.9 95.1 96.4 98.6 100.6 102.5 104.9 106.3 107.5 108.3 108.8 109.1 109.8 110.2 109.4 108.2 106.6 105.6 105.1 103 101 99.5 99.4 100.3 100.8 101.3 100.8 100.4 100.2 99.1 97.8 96.5 95.2 94.1 93.5 93.1 93.9 94.4 94.6 94.2 94.8 94.8 96.3 97.4 98.8 100 101.1 101.7 102.2 102.8 103.3 103.9 104.5 104.9
110.8 110.3 111 110.9 110.5 109.4 108.5 107.8 107.1 106.4 105.8 105.8 105.9 106 105.9 106 105.9 105.9 105.1 103.2 100.8 98.1 95.8 94 92.2 92.7 92.1 93.3 95 97.1 98.5 99.3 101.4 104.3 105.8 107.3 108.7 110.1 109.3 110.2 110.7 110.9 109.4 107.6 105.8 104.6 103.9 102.4 100.1 100.4 100.1 100.1 100.8 100.3 100.2 100 99.4 98.1 96.8 95.5 94.4 93.2 92.7 92.1 92.9 93.2 91.8 93.3 95 96.3 97.5 98.5 99.8 100.8 101.2 102 102.6 103.2 103.6 104.1 104.6 105
110.7 110.4 110.5 110.7 110.7 109.7 108.9 108.1 107.2 106.4 105.5 104.7 105.2 105.5 105.9 106 105.9 105.5 104.8 103.2 100.1 97.4 94.9 93.3 91.8 91.5 92.5 93.9 96.2 98.2 100.3 100.9 102.2 105.3 106.7 107.8 109.3 110.7 110.1 109.8 110.2 110.5 108.9 107.3 105.2 103.5 102.6 101.4 99 99 99.5 99.9 100.3 100.1 99.4 98.7 98 97 95.7 94.5 93.5 92.3 91.2 91.4 90.3 92 93.4 94.4 94.9 97.1 98.7 99.7 100.8 100.8 101 102 102.9 103.5 104 104.5 105 105.4
110.7 110.5 110.7 110.5 110.1 109.2 108.5 107.7 106.9 106 104.9 104 103.4 103.8 105.2 106 105.8 105.1 104.5 102.6 99.5 96.5 93.6 92.1 90.8 91.7 92.8 95.1 97.5 99.7 101.4 103.4 105.1 107.6 108.3 108.9 109.6 111 110.9 111 110.2 109.3 108.5 107 105.1 103 101.7 100.4 99.7 99 98.8 99 98.8 98.6 98.4 97.6 96.8 95.8 94.7 93.7 92.6 91.4 90.3 88.7 91.1 93.6 94.9 95.1 95.1 97.2 99.6 100.2 100.7 100.7 100.8 101.8 102.6 103.2 103.4 103.8 104.4 104.9
110.5 110.7 110.3 109.9 109.5 108.7 108 107.3 106.5 105.7 104.3 103.3 102.7 101.5 102.9 104.7 105.8 105 104.1 101.6 98.4 94.8 92.8 91 90.9 92.2 93.5 96.3 98.7 101.1 102.7 104.5 106.4 108.6 108.8 110.2 110.5 110.4 110.8 110.1 109.3 108.7 108.1 107.3 104.6 102.5 101.3 99.9 99.4 98.9 98.3 97.7 97.5 97.2 97 96.7 95.9 94.9 94 92.9 91.7 90.6 89.6 89.3 91.5 93.9 95.7 95.1 95.8 98.3 99.4 99.8 100.3 100.5 100.6 101.4 101.9 102.2 102.6 103 103.5 104.1
110.5 110.1 109.6 109.4 109 108.1 107.3 106.7 106.1 105.1 103.7 102.6 101.2 100.1 100.4 102.2 103.7 104.6 103.1 100.3 96.7 94 91.9 90.3 91.9 93.3 94.4 96.6 99.4 102.2 104.6 105.8 107.2 108.7 109.7 110.8 111 110.5 111 109.7 108.7 108.2 107.4 105.8 104.6 101.5 100.5 100 98.7 98.1 97.4 96.8 96.4 96.2 95.9 96 95.1 94.1 93 92.5 90.9 89.6 89 89.4 91.9 94 95.6 95.2 95.8 96.9 97.7 98.2 98.7 98.8 99.4 99.8 100.2 101.2 101.7 102.1 102.6 103.2
110.5 110.3 109.6 109.3 108.8 107.7 106.7 106.1 105.4 104.6 103.8 103.2 102.1 101 99.1 99.3 100.6 102 101.8 98.8 96.1 93.4 91.1 91.7 93.5 95.1 96.2 97.4 98.8 101.9 105 106.9 108.2 109.6 110.6 111.1 111.5 111 110.9 110.3 109.1 107.9 106.7 105.4 104.2 102.6 100.2 98.6 98 97.3 96.6 95.9 95.5 95.1 95 95.2 94.3 93.2 92.1 91.2 89.7 88.8 86.6 89.7 91.4 93.3 94.7 94.9 94.7 95.2 95.7 96.2 96 96.3 96.9 97.4 98.2 99.3 100.4 101.2 101.7 102.1
110.3 110.1 109.7 108.2 108.3 107.7 107 106 105.1 104.8 104.4 104.7 104 102.1 99.8 97.6 97.8 99.4 100.6 97.5 95.1 92.8 90.3 92.4 95.1 96.9 98 99.2 100.6 102.5 104.9 106.9 108.7 109.9 110.7 111.2 112.7 111.2 110.8 110.4 109.9 108.7 107.2 105.9 104.9 103.8 101.5 99.4 97.7 96.5 95.7 95.1 94.6 94.1 94.3 94.6 93.6 92.5 91.3 90.1 89.2 87.8 87.3 89.8 91.4 92.7 93.8 94 93.8 93.5 93.8 93.8 93.3 93.8 94.4 94.9 95.9 97.1 98.3 99.6 100.9 101.4
110.2 110 109.8 108.9 108.4 108.2 107.6 106.5 106.1 105.6 105.4 105.7 104.9 102.8 100.5 98.3 96.3 96.5 97 95.7 93.3 90.9 89.6 92.5 95.2 98 100.2 101.2 102.6 103.9 105.9 108 109.3 110.1 110.7 111.3 111.6 111.2 110.5 109.9 109.7 108.9 107.8 106.5 105.8 105 102.9 100.8 98.9 96.9 95 94 93.6 93.5 94 94.2 93.1 92.1 91.1 90.2 88.9 87.2 87.3 89.7 91.4 92.1 93.1 93.1 92.7 91.4 91.5 90.9 90.4 91.3 92.2 92.8 93.9 95.2 96.8 98.4 99.8 100.9
110.1 110.2 110.2 109.4 108.9 108.2 108.2 107.3 106.9 106.4 105.9 104.8 103.5 102 101.2 99.8 97.9 94.6 93.5 93 91.4 89.6 89.8 92.7 95.6 99 101.1 103.1 104.8 105.7 106.9 108.4 109.4 110.1 110.6 111.2 111.4 111.2 110.5 109.6 108.8 108.2 107.5 106.8 106.2 105.6 103.8 101.5 99.6 97.7 96 94.3 92.8 93 93.6 93.7 92.8 91.9 90.9 90.4 88.9 87.1 86.3 88.8 90.8 91.5 92 91.9 91.8 90.2 89.7 88.7 88.6 89.3 90 91.1 92.4 93.8 95.6 97.3 98.7 99.5
110.2 110.6 110.5 110 109.3 108.9 108.8 108.8 107.8 106.8 105.5 103.9 102.6 101.3 100.9 100.7 100.4 96.8 93.6 90.7 89.7 89.1 90.8 93.8 96.9 100.1 101.9 104 105.1 106.3 107.4 108.5 109.5 110.3 110.6 110.7 111.2 111 110.2 109.2 108.1 107.7 107.2 106.8 106 105.1 104 102.1 100.4 98.8 97.2 95.5 93.9 92.7 91.5 91.8 91.9 91.7 91.4 91.4 89.1 86.7 84.9 87.6 89.6 90.3 90.4 90.4 90.2 88.4 87.6 87.1 87 88.1 88.8 89.7 90.9 92.4 94.2 96 96.8 97.2
110.4 110.7 110.6 110.8 110.4 109.6 109 108.6 107.7 106.8 105.6 104.1 102.3 100.3 100 101 100.9 98.8 94.8 91.7 89.2 90.6 92.6 94.9 98.1 100.8 102.6 103.4 104.4 105.6 106.6 107.7 109.2 110.9 110.8 110.8 110.8 110.7 109.8 108.4 106.9 107.4 107.3 106.4 105.5 104.8 104.1 103 101.5 100.1 98.5 96.9 95.4 94.6 93.6 92.4 91.4 91.1 91.2 91 89.2 86.5 83.7 86 88.3 88.6 88.7 88.9 88.6 88 86.9 88 89 89.3 89.1 88.6 89.5 91 92.8 94.2 94.6 94.9
110.8 110.8 110.8 110.9 110.1 109.4 108.9 108.4 107.5 106.7 105.8 104.4 102.2 99.9 99.1 99.9 99.2 97.8 94.6 91.2 88.8 89.2 91.7 94.4 97.3 100 102.6 102.6 103.3 104.7 105.9 107.5 109 110.2 110.3 110.2 110 109.3 107.6 106.2 104.8 105.8 107 107 106.4 105.7 105 103.9 102.6 101.2 99.8 98.3 96.9 96 95.1 94.2 93.3 92.1 91 89.9 89.1 86.5 83.3 85 86.4 86.6 86.9 87.2 87.3 87.6 89.1 90 90.8 91.3 90.7 89.7 89.2 89.3 91 92.1 92.8 93.1
111 110.9 110.7 109.8 109.1 109.1 108.6 107.9 107.3 106.6 105.9 104.6 102.2 99.8 97.5 96.1 95.6 94.1 91.9 89.8 88.3 88 90.3 93.2 95.9 97.8 99.5 100.8 102 104.1 105.6 107.1 108.5 108.8 109.1 108.9 108.3 107.8 105.9 104.1 103.2 104.8 106.3 106.3 106.2 106.2 105.9 104.9 103.5 101.9 100 99.5 99 97.4 96.3 95.3 94.3 93 91.8 91 89 87 84.2 84.1 84.6 85 85.2 85.7 87.1 88.8 90.3 91.8 93.1 93.6 92.8 91 89.8 89.4 89.2 89.6 90.5 91.3
108.8 108.5 108.8 108 107.6 107.7 107.7 107.1 106.5 105.9 105.5 104.6 102.2 99.8 96.4 94.5 92.5 91.6 89.1 87.9 87.3 87.2 89.9 91.4 94 95.3 97.5 99.4 103.8 105.2 105.7 106.6 107.2 107.7 108.2 107.7 106.8 106.1 104.4 101.9 101.6 103.7 105.3 105.6 105.5 105.5 105.4 104.7 102.9 101.6 101.2 100.9 100.5 100 98.3 96.4 95.3 93.9 92.6 90.9 88.8 86.8 84.7 82.9 83.6 84.3 85.2 86.6 88.3 90 91.7 93.2 95.3 95.8 94.7 92.7 91.4 91.2 91.4 91.4 91.1 91.6
105.9 106.1 106.3 106.3 106.1 106 106 106.3 106.3 105.6 104.1 103.2 101.9 100 95 93.3 91.1 89 87.9 87 86.8 87.7 91.5 93.1 94.5 97.1 98.1 99.5 105.4 105.9 106 105.9 106.4 106.9 107.3 106.9 106 105 102.2 99.8 99.8 101.9 104.8 105 105 104.9 104.7 103.9 103.4 103 102.6 102.2 101.7 101.2 99.3 97.3 95.5 93.9 92.3 90.6 88.6 86.6 84.5 82.3 83.2 84 85.8 87.7 89.4 91.3 93.3 94.9 97.3 97.9 96.6 95 94.1 93.9 93.7 93.6 92.9 92.6
103.3 103.6 104 104.4 104.4 104.2 103.9 105 105.8 105.3 103.8 102.4 101.6 98.9 96.4 94 91.8 89.2 87.5 86.9 86.6 89.2 93.1 95.2 97.3 99.6 100.6 102.6 105.9 105.9 106 106 105.4 106.1 106.4 106.1 105.5 101.9 99.5 97.5 100 103.5 104.4 104.4 104.1 103.5 102.9 103.4 103.5 103 102.5 102 101.5 101.1 99.3 96.7 94.8 93.2 91.5 89.8 88.2 86.4 84.8 81.2 82.9 84.3 86.5 88.6 90.6 92.7 94.8 96.9 99.4 100.1 98.9 97.5 96.9 96.7 96.5 95.9 94.9 94
100.4 100.6 101.7 102.5 102.2 101.9 101.6 102.8 104 104.3 104.3 102.9 101.3 99.4 97.9 95.8 93.9 91.2 88.8 87 86.5 89.6 93.1 95.9 100.6 103.8 103.6 105.3 105.8 105.9 106 105.8 104.7 104.7 104.7 104.9 103 100.2 97.7 95.4 99 102.6 102.6 102.1 101.4 101 101.1 102 102.7 102.7 102.4 101.9 101.4 100.9 98.4 96.1 94.1 92.4 90.7 89.1 87.4 85.8 84.2 81.4 82.5 84.7 86.9 89 91.8 94.4 96.5 99.1 100.9 100.9 100.6 99.4 99.3 99.3 99.1 98.5 97.3 95.8
