data/TM17.asc
ncols 200
nrows 200
xllcorner 610000
yllcorner 270000
cellsize 50
[rows 152 to 189 of 200, columns 0 to 85 of 200]
51.2 51.5 50.9 50.5 50.4 50.7 50.9 51 50.7 50.5 50.5 50.6 50.9 51.2 51.4 51 50.6 50.4 50.3 50.7 51.2 51.7 52.1 52.6 53 53.7 54.3 54.9 55.6 55.9 55.8 55.5 55.1 54.7 54.6 54.5 54.3 54.2 54.1 53.5 53 52.6 52.3 51.8 51.3 50.8 50.8 50.1 49.2 49 48.8 48.4 47.9 47.4 46.8 46.1 45.5 45.6 45.9 46.4 46.5 46.2 45.7 45.2 44.9 44.7 44.3 43.5 42.8 42.1 41.4 40.6 39.7 39 39.1 38.3 37.5 36.8 36.2 35.2 34.5 32.8 30.7 29.7 28.8 28.2
52.7 52.4 51.2 50.9 50.7 50.7 50.9 51.1 51 50.7 50.8 50.9 51 51.3 51.4 51.1 50.9 50.8 50.7 50.7 51.1 51.6 52.1 52.4 52.7 53.4 54 54.8 55.3 55.7 55.9 55.7 55.4 55.1 54.9 54.7 54.5 54.4 54 53.4 52.9 52.5 52.1 51.8 51.3 50.8 50.6 49.8 49.1 49 48.8 48.4 48 47.5 47 46.5 45.9 46.1 46.4 46.9 46.8 46.4 45.9 45.4 45.1 45 44.6 43.9 43.3 42.6 41.7 40.8 39.7 39.1 39.5 38.7 38 37.3 36.7 35.6 34.4 32.8 31.5 30.1 28.8 28.1
53.9 52.7 51.5 51.3 51.1 51 51 51.2 51.2 50.9 51 51.2 51.3 51.4 51.6 51.3 51.2 51.1 51 50.9 51.1 51.6 52 52.3 52.6 53.1 53.9 54.5 54.9 55.4 55.6 55.4 55.1 54.9 55.1 54.9 54.7 54.4 53.8 53.3 52.8 52.4 52 51.6 51.3 50.8 50.3 49.6 49.1 49 48.8 48.5 48.1 47.6 47.1 46.6 46.2 46.6 46.9 47.3 47.1 46.6 46.2 46 45.8 45.6 45.4 44.7 43.7 42.8 42.1 41.2 40.1 39.4 39.7 39.1 38.4 37.8 37.1 35.8 34.4 32.4 31 29.9 28.9 27.8
54.2 53 51.8 51.7 51.5 51.4 51.2 51.2 51.4 51.2 51.3 51.4 51.6 51.7 51.8 51.7 51.6 51.5 51.4 51.3 51.2 51.5 51.9 52.2 52.7 53.3 53.7 54.2 54.7 55.2 55.2 55 54.7 54.5 54.6 54.8 54.9 54.3 53.7 53.2 52.7 52.3 51.9 51.5 51.2 50.8 50 49.3 49.1 48.9 48.8 48.6 48.1 47.7 47.2 46.9 46.7 46.9 47.4 47.8 47.4 47.1 46.9 46.7 46.4 46.1 45.8 44.7 43.9 43.3 42.6 41.6 40.8 40.2 40.3 39.4 38.6 38 37.1 35.8 35 33 30.3 28.8 28.4 27.7
54.3 53.3 52.2 52.1 51.9 51.8 51.7 51.5 51.5 51.4 51.6 51.7 51.9 52 52.1 52.2 52 51.9 51.8 51.7 51.6 51.5 52 52.5 53 53.5 53.8 54 54.6 55.1 54.9 54.6 54.3 54.2 54.2 54.4 54.4 54.2 53.6 53.1 52.6 52.2 51.8 51.5 51.2 50.7 49.9 49.3 49.1 48.9 48.8 48.6 48.2 47.8 47.5 47.3 47.1 47.3 47.7 48 47.7 47.4 47 46.7 46.4 46.1 45.7 45 44.4 43.7 43 42.2 41.6 41 40.7 39.9 39.1 38.2 37.2 36 34.9 30.9 29.6 28.6 28.1 27.4
54.3 53.5 52.6 52.5 52.3 52.2 52.1 52 51.9 51.7 51.9 52 52.1 52.3 52.4 52.6 52.5 52.4 52.3 52.1 51.9 51.8 52.2 52.7 53.2 53.7 53.8 54 54.4 54.8 54.5 54.2 54 53.8 53.8 53.8 53.8 53.6 53.5 53 52.5 52.1 51.8 51.5 51.3 50.7 50 49.7 49.4 49.1 48.9 48.6 48.3 48.1 47.9 47.7 47.5 47.6 48 48.1 47.7 47.3 47 46.7 46.4 46.1 45.6 45.3 45 44.2 43.5 42.9 42.4 41.8 41.2 40.4 39.5 38 36.6 35.3 33.7 30.3 29.2 28.7 27.7 26.8
54.3 53.5 53.2 53.5 53.5 53.4 53.3 53.1 51.4 51.6 51.8 52 52.2 52.4 52.7 52.9 53 52.8 52.6 52.4 52.2 52.2 52.4 52.9 53.4 53.7 53.9 54 54.2 54.4 54 53.6 53.5 53.4 53.2 53.2 53.2 53.1 52.9 52.8 52.4 52.1 51.9 51.6 51.3 50.7 50.3 50 49.8 49.5 49.2 48.9 48.7 48.8 48.5 48.2 48 47.9 48.1 48.2 47.7 47.4 47 46.7 46.4 46.1 45.6 45.6 45.5 44.8 43.8 43.2 42.6 42.1 41.3 40.4 39.3 37.6 36.2 34.9 32.6 29.6 28.5 28.1 26.8 28.4
54.2 53.7 53.7 54.1 54.6 54.6 53.9 52.2 51 51.5 51.7 51.9 52.1 52.3 52.5 52.8 53.2 53 52.8 52.6 52.4 52.5 52.8 53.1 53.6 53.8 54 54.1 54.2 54 53.6 53.3 53.1 52.9 52.7 52.6 52.6 52.5 52.3 52.2 52.2 52 51.8 51.6 51.3 51 50.7 50.4 50.1 49.8 49.5 49.2 49 49.2 49.6 49.2 48.9 48.2 48.2 48.3 47.8 47.4 47.1 46.7 46.4 46 45.9 45.9 45.9 45.2 44.1 43.3 42.8 42 41.2 40.4 39.3 37.4 35.8 34.5 31.6 29.7 28.3 27.2 28.5 30.4
51.4 51.9 52.3 52.5 53.8 53.9 52.9 51.3 50.5 51.3 51.6 51.8 52 52.2 52.5 52.9 53.3 53.3 53.1 52.9 52.7 52.9 53.1 53.4 53.7 53.9 53.9 53.8 53.8 53.6 53.3 53 52.7 52.5 52.3 52.1 52 51.9 51.8 51.7 51.9 51.7 51.7 51.4 51.3 51.1 50.8 50.7 50.4 50.1 49.8 49.6 49.3 49.4 49.8 50.2 49.8 49 48.3 48.4 47.9 47.5 47.1 46.8 46.4 46 45.8 45.9 45.9 45.4 44.4 43.5 42.7 41.9 41.1 40.4 39.3 37.4 35.6 33.6 31.7 29.8 28.1 28.7 30.2 31.1
48.9 49.3 50.3 50.6 51.6 52.3 52 50.7 50.1 51.2 51.5 51.7 51.9 52.2 52.6 53 53.4 53.4 53.3 53.1 52.9 53.2 53.5 53.7 53.6 53.4 53.3 53.3 53.4 53.2 52.9 52.6 52.3 52 51.7 51.5 51.4 51.4 51.2 51.3 51.5 51.5 51.5 51.4 51.3 51 50.9 50.8 50.5 50.3 50.1 49.9 49.7 49.5 49.9 49.9 49.7 49.5 49 48.6 48 47.5 47.2 46.8 46.3 46 45.7 45.8 45.8 45.4 44.4 43.6 42.8 42 41.2 40.4 39.2 37.2 35.2 33.5 31.7 29.9 28.2 29 30.4 31.4
49.3 48.7 48.5 48.7 49.4 50.1 50.9 50.3 49.7 51.1 51.3 51.6 51.9 52.3 52.7 53.1 53.5 53.6 53.5 53.4 53.3 53.6 53.7 53.6 53.4 53.2 52.8 52.7 53 52.6 52.3 51.9 51.6 51.3 50.9 50.8 50.9 50.9 50.6 51 51.2 51.1 51.3 51.4 51.2 51 51 50.8 50.1 50 50 50 49.8 49.7 49.2 49 48.8 48.7 48.4 48.2 48 47.6 47.1 46.7 46.3 45.9 45.7 45.7 45.6 45.3 44.6 43.8 43 42.2 41.4 40.3 38.6 36.6 34.5 32.5 31.3 29.6 28.3 29.3 30.7 32
49.8 49.2 48.9 48.4 49.3 50 50.3 49.8 49.3 51 51.3 51.7 52.1 52.5 52.9 53.3 53.6 53.8 53.7 53.6 53.6 53.6 53.5 53.4 53.3 53.1 52.8 52.7 52.6 52.2 51.8 51.4 51 50.6 50.4 50.3 50.4 50.5 50.5 50.8 49.2 50.1 50.7 50.9 51 51 50.5 50.1 49.8 49.8 49.8 49.8 49.7 49.1 48.5 48.2 48 47.8 47.6 47.4 47.1 47 46.8 46.5 46.2 45.9 45.7 45.6 45.3 45.1 44.4 43.6 42.6 41.5 40.4 39.9 37.8 35.6 33.2 29.8 28.8 28.5 28.8 29.6 31.3 33
49.6 49.6 49.2 48.6 49.6 50 49.5 49 49.4 51 51.4 51.8 52 52.2 52.5 52.8 53.2 53.4 53.4 53.5 53.6 53.5 53.4 53.3 53.1 53 52.8 52.4 52.1 51.5 51.1 50.7 50.3 49.8 49.2 50.1 50.1 49.9 50 49.9 48.7 49.4 50 50.3 50.1 50 49.8 49.4 49.3 49.3 49.4 49.4 49.1 48.5 47.8 47.4 47.2 47 46.8 46.5 46.2 46 46.2 46.2 45.9 45.6 45.6 45.6 45.2 44.6 43 41.3 40 39 37.8 37.8 36.6 34.5 31.8 29.7 28.9 28.4 28.4 28.8 30.6 33.7
48.1 48 47.9 47.3 47.8 48.9 48.4 48.9 50 50.4 50.8 51.1 51.3 51.6 52 52.4 52.8 53.1 53.2 53.4 53.6 53.5 53.4 53.3 53.1 52.9 52.7 52.5 51.6 51.1 50.5 50 49.5 49 49.2 49.7 50 49.8 49.5 49.1 48.7 48.8 49.2 49.2 49 48.9 48.8 48.7 48.9 48.9 48.9 49 48.4 47.8 47.2 46.5 46.4 46.1 45.9 45.6 45.4 45.1 45.7 45.7 44.8 44.8 44.9 45.2 44.6 43.9 42.5 40.8 39.1 37.4 35.8 35.8 34.5 33.1 31.4 30.4 29.4 28.8 28.1 28.9 30.5 33.2
46.1 46.1 46.4 45.9 46.5 47.7 48.2 48.6 49.1 49.5 50.6 50.4 50.8 51.3 51.7 52.1 52.5 52.9 53.1 53.4 53.6 53.5 53.4 53.3 53.1 52.9 52.7 52.5 51.3 50.7 50.1 49.6 49.4 49.3 49.5 49.7 49.9 49.5 49.1 48.7 48.3 48.1 48.3 48.2 48 47.8 47.7 47.9 48.2 48.4 48.4 48.5 47.8 47.2 46.5 45.9 45.5 45.3 45 44.7 43.9 43.2 43.7 43.9 43.9 44.2 44.5 44.7 44 43.3 42 40.3 38.6 36.9 35.8 35.7 33.8 31.8 30.4 30.4 30.1 29.3 28.7 29.9 32.2 33.1
44 43.8 45 45.6 45.2 45.5 46.7 47.1 47.7 49.3 51 50.3 50.5 50.9 51.3 51.7 52 52.4 53 53.3 53.5 53.5 53.4 53.3 53.1 52.9 52.7 52.3 51.2 50.3 50.2 50.1 50 49.8 50 50 49.6 49.2 48.8 48.3 47.9 47.5 47.3 47.2 47 46.9 46.7 46.8 47.2 47.6 47.9 47.7 46.4 46 45.6 45.2 44.7 43.9 43.1 42.3 41.5 41.4 41.3 41.7 43 43.7 44 44.1 43.4 43 42.3 40.2 38.2 36.4 35.8 34.9 32.3 30.4 29 29.4 30 29.2 29 30 32.5 33.6
42.6 43.8 42.7 44.8 45.3 44.3 44.7 46 47.6 49.3 49.8 50.3 50.3 50.6 51 51.4 51.3 51.9 52.6 53.2 53.4 53.6 53.5 53.3 53.1 53 52.8 52.2 51.2 50.7 50.7 50.5 50.5 50.4 50.2 49.8 49.5 49.1 48.6 48.2 47.8 47.2 47 46.5 46.4 46.3 46.1 46 46 46.4 46.6 46.1 45.3 44.1 43.6 43.2 42.3 41.5 40.7 40.2 40 40 40.1 40.7 41.7 42.5 43.2 43.7 43.4 43 42.4 41.2 39.1 37.2 35.7 33.6 31.8 29 29.3 29.7 29.7 28.4 28.9 32.6 35.8 34.9
42.3 42.1 43.2 43.6 44.1 44.8 45 46.3 47.6 48.1 48.4 48.9 49.4 49.9 50.4 50.9 50.7 51.4 52.1 52.8 53.3 53.5 53.5 53.3 53.1 53 52.8 52.3 51.5 51.2 50.8 50.7 50.7 50.4 50 49.7 49.3 49 48.5 48.1 47.6 47 46.6 46.6 46 45.6 45.3 45.2 45.1 45.1 45.2 44.6 43.9 42.8 41.8 40.8 40 39.1 39.6 40 38.9 38.9 39.4 39.9 40.9 41.9 42.9 43.7 43.6 43 42.4 41.8 40.1 37.9 36 34.1 32.2 30 29.1 29.4 29.4 28.6 28.9 33 36.8 37.5
42 42 42.1 42.5 43.1 44.1 45 45.9 46.7 46.7 47.1 47.5 48 48.5 49.1 49.1 50.1 50.8 51.5 52.2 52.9 53.4 53.5 53.3 53.1 53 52.8 52.2 51.6 51.2 51 50.9 50.5 50.2 49.9 49.5 49.2 48.8 48.4 48 47.4 46.8 46.2 46.2 46.1 45.5 44.9 44.4 44.5 44.4 43.9 43.2 42.5 41.3 39.8 39 39 39 39.4 39.9 38.8 38.1 38.3 39 40.4 41.5 42.7 43.5 43.6 43 42.4 41.8 40.9 38.5 36.5 34.8 33.3 31.3 29.2 29.2 29 28.5 28.7 30.4 37.7 40
40.9 41 40.9 41.5 42.4 43.2 44.1 45.1 45.6 45.7 45.7 46.2 46.6 47.4 48.4 49.8 50.6 50.3 51 51.7 52.4 53.1 53.5 53.3 53.2 52.9 52.8 52.2 51.6 51.3 51 50.7 50.4 50 49.7 49.4 49 48.7 48.3 47.8 47.2 46.5 45.9 45.8 45.7 45.8 45.3 44.7 43.9 43.5 43.3 42.8 42.2 41.4 40.7 39.9 39.1 39 39.2 39.7 38.7 37.7 37.3 38 39.2 41.1 42.5 43.5 43.6 43.1 42.5 41.9 40.8 38.8 36.9 35.7 34.4 32.6 29.9 29 28.8 28.6 28.8 30 36.3 41.6
41.7 42 41.5 40.7 41.5 42.3 43.3 44 44.3 44.6 44.5 44.8 45.8 47.2 49.1 50.2 50.9 50.7 50.4 51.1 51.8 52.9 53.3 53.1 52.8 52.5 52.6 52.8 51.9 51 50.8 50.5 50.2 49.9 49.5 49.2 48.9 48.6 48.2 47.5 46.9 46.3 45.7 45.4 46.6 46.1 45.7 45 44.2 44.1 44.2 43.8 43.3 42.7 41.8 41 40.3 39.5 39 39.8 38.7 37.7 36.5 36.5 37.8 40 41.9 42.5 42.8 42.6 42.4 41.8 40.5 38.9 37.2 36.1 34.9 33.6 30.9 29.4 29.1 29 29.6 31.5 40.4 42.8
44 44.2 42.8 41.5 40.5 41.4 42 42.4 42.8 43.1 43.8 44.5 46 47.9 49.8 50.6 51.3 51.2 51.2 51.7 52.7 53.1 53 52.8 52.5 52.2 52.7 52.7 50.8 50.2 50 49.7 49.4 49.2 48.9 48.7 48.4 48.1 48.1 47.5 46.9 46.4 45.9 47.2 47.1 46.9 46.5 46 45.3 45.6 45.6 45.1 44.6 43.8 43 42.2 41.4 40.7 39.9 39.8 38.9 37.9 36.4 36.1 36.5 38 39.7 40.7 41.5 41.6 41.2 40.6 39.7 38.3 37.1 36.2 35.3 34.1 30.9 29.4 29.1 29.3 29.2 34.1 40.4 43.3
45.8 45.1 43.8 42.2 40.8 40.1 40.5 40.9 41.2 41.9 43 44.5 46.6 48.6 50.4 51 51.6 51.9 52.4 52.8 52.8 52.7 52.6 52.5 52.2 51.7 52.2 51.6 50.1 49.3 49.2 48.9 48.6 48.4 48.1 47.8 47.6 47.3 48.2 47.8 47.2 47 47.2 47.8 47.6 47.4 47.2 47 46.6 46.6 46.5 46.2 45.8 45 44.1 43.3 42.6 41.9 41.2 40.7 39.8 38.8 37.4 36 35.9 36.1 37.5 38.4 39.3 40 39.7 39.2 38.8 37.4 36.7 35.9 35.3 33.4 30.6 29.7 29 29 30.6 34.5 40.1 43.7
45.8 45.8 44.3 42.8 41.3 39.9 39.4 39.8 40.6 41.7 42.8 45 47 49.1 50.7 51.2 51.4 51.6 52.1 52.3 52.1 52 52 51.9 51.3 50.9 50.4 50.5 49.3 48.4 48.3 48.2 47.9 47.5 47.3 47 46.8 47.1 48.1 48.1 48.1 48.3 48.3 48 47.8 47.5 47.2 47 47.2 47 46.9 46.8 46.4 46 45.3 44.5 43.8 43.1 42.4 41.7 40.8 39.4 38 36.5 34.5 34.4 35 35.7 36.9 37.6 38.2 37.7 37.3 36.8 36.1 35.3 33.7 31.3 29.4 29.6 29 29 33.5 36.2 39.8 43.6
45.4 45.6 44.5 43.2 41.7 40.2 38.8 39.2 40.1 41.5 43.3 45.5 47.5 49.2 50.6 51.1 51.2 51.3 51.7 51.6 51.4 51.3 51.2 50.9 50.3 49.8 49.1 48 48.6 47.4 47.4 47.3 47.2 46.8 46.5 46.2 45.9 47 48.1 48.1 48.2 48.3 48.2 47.9 47.6 47.3 47.1 47.2 47.4 47.3 47.2 47.1 47 46.6 46.2 45.6 44.8 44.1 43.3 42.7 41.4 40.1 38.7 36.9 36.3 34.7 33.7 33.9 34.5 35.3 36.1 36 35.6 35.1 34.8 32.9 30.5 29.2 29.3 29.2 29 30.7 33.3 36.3 39.9 43.8
45.6 45.3 44.5 43.4 41.9 40.4 39.1 38.4 39.7 41.5 43.7 45.9 47.7 49.4 51 51 50.9 51 51 50.9 50.7 50.6 50.5 49.8 49.1 48.5 47 45.6 45.7 46.7 46.5 46.4 46.4 46.1 45.8 45.5 45.8 47.6 47.9 48.1 48.1 48.2 48.2 47.7 47.4 47.2 47 47.4 47.7 47.6 47.5 47.4 47.5 47.2 46.8 46.4 45.6 44.9 44.1 43.2 42 40.7 39.3 39.5 37.7 35.7 34.6 33.8 33.2 33.5 34.1 33.9 33.2 32.2 30.2 29.2 29.8 30 30 30.2 30.4 31.4 33.6 36.1 40.2 43.6
46.5 45.6 44.6 43.5 42.1 40.6 39.4 38.3 39.9 41.7 43.8 45.9 47.7 50.1 50.8 50.8 50.5 50.1 49.7 49.5 49.3 49.2 48.8 48.3 47.6 47 45.5 44.4 44.8 45.3 45.5 45.5 45.4 45.4 45.1 45.5 46.6 47.6 47.7 47.8 47.8 48.2 48.3 47.8 47.2 47 47.2 47.6 48 47.9 47.8 47.7 47.8 47.8 47.5 47.1 46.4 45.7 44.8 43.5 42.3 41 40.2 40.6 38.4 36.9 35.7 35 34.2 31.9 32 31.1 30.2 29 29 30.1 31.2 31.1 31.1 31.4 32 32.8 34.1 36.7 40.3 43.7
46.9 45.9 44.9 43.9 42.5 41 39.6 38.7 39.7 41.9 43.8 45.4 46.9 48.8 49.4 49.7 49.3 49 48.6 48.1 47.9 47.7 47.1 46.6 46 45.5 44.3 44.8 44.5 44.3 45.1 45 44.9 44.9 45.3 46.2 47.1 47.3 47.3 47.3 47.6 48 48.3 48 47.3 46.9 47.3 47.8 48.2 48.2 48.1 48.1 48.1 48.3 48.2 47.9 47 46.1 45.1 43.7 42.4 41.1 40.3 40.6 38.5 37 35.9 35.4 35.7 33.1 30.3 29.5 29 29 29 29.8 31.8 32.5 31.8 32.5 33.4 34.2 35.1 37.3 40.6 44.2
47.2 46.3 45.2 44.2 42.9 41.4 39.9 39 39.2 41.2 43.1 44.7 46.1 47.4 48.1 48.2 48 47.7 47.4 47 46.5 46 45.5 44.9 44.4 43.9 43.6 43.4 43.1 43.4 44.4 44.6 44.6 44.7 44.9 46 46.8 46.8 46.8 46.9 47.3 47.7 48.2 48 47.3 46.4 47 47.6 48.2 48.5 48.4 48.4 48.4 48.3 48.3 48.1 47.1 46.2 45.1 43.8 42.5 41.3 40.1 38.9 37.8 36.9 36.5 35.9 36 33.2 29.5 29 29 29 30.4 30.9 31.2 32.1 32.3 33.7 34.8 35.6 36.2 38.2 41.2 44.8
47.6 46.6 45.6 44.5 43.2 41.8 40.2 39.3 39.1 40.7 42.1 43.4 44.7 46 46.5 46.6 46.5 46.3 46.2 46 44.1 44.3 43.8 43.2 42.7 42.2 42.2 42 41.7 42.5 43.1 43.2 43.1 43.4 44.1 45.4 46.2 46.3 46.4 46.7 47.1 47.5 48 47.9 47 46.1 46.3 46.9 47.3 47.5 47.8 48.1 48 47.8 47.9 47.8 47.4 46.3 45.2 43.9 42.6 41.3 39.7 38.3 37.1 36.3 35.6 35.4 33.9 30.7 29.5 29.5 29.3 30.6 31.4 31.8 32.1 32.4 33 34.3 35.7 37 37.9 39.2 42.4 46.1
47.9 47 46 44.6 43.3 42 40.6 39.4 38.9 40 41.4 42.6 43.8 44.9 45.1 45.1 45 44.6 44 43 41.8 42.4 42 41.5 41 40.6 40.6 40.6 40.6 41.1 41.3 41.3 41.9 42.7 43.4 44.5 45.2 45.5 45.7 46 46.3 46.5 46.8 46.8 46.7 45.7 45.5 46.2 46.3 46.5 46.9 47.5 47.5 47.3 47.4 47.5 47.1 46.6 45.3 44 42.7 41.2 39.5 37.7 36.5 35.7 35 33.1 30.6 29.1 30.3 31.8 31.4 31.4 31.9 32.1 31.9 32.8 33.6 34.9 36.3 37.7 39 40.5 44.1 47.7
48.2 46.9 46 44.7 43.4 42.1 40.8 39.9 39.1 39.8 40.5 41.6 42.7 43.7 44 43.2 42.8 42.2 41.4 40.2 39.6 40.1 40.3 39.8 39.4 39.1 39 39 39 39.2 39.4 40.3 41 41.9 42.7 43.6 44 43.7 43.7 44.7 45 45.3 45.4 45.5 45.5 45.3 44.8 45.2 45.3 45.4 46 46.7 47 46.8 47 47.1 46.9 46.4 45.6 44.1 42.7 41 39.2 37.5 35.9 34.6 32.6 30.3 29.2 29.7 31.6 33.3 32.5 32.4 31.9 30.7 31.2 32.4 34.4 35.8 37.2 38.7 40.2 43 45.8 49.4
47.5 46.2 45.3 44.4 43.5 41.9 40.7 39.8 38.9 39.1 39.6 40.6 41.6 42.5 41.5 40.3 39.9 39.8 39.1 38.2 38.8 39 39 38.5 38.1 37.7 37.3 37.1 37.1 37.5 38.4 39.4 39.9 40.3 41.3 42.4 42 41.5 41.7 42.8 43.8 44 44 44.1 44.2 44.1 43.5 44.1 44.3 44.5 45.1 45.8 46.4 46.4 46.5 46.7 46.6 46.1 45.6 44.4 42.5 40.7 38.9 37.1 34.9 32.2 30.1 29.5 29.8 30.8 32.7 33.5 33.4 32.4 30.4 29.1 30.2 32.6 34.9 36.7 38.3 39.7 41.9 44.7 46.4 48.3
47.5 46.2 45 44.2 42.6 40.9 40.4 39.4 38.7 38.7 39 39.4 40.2 40.7 39.8 38.3 37.9 37.8 37.5 37.2 38.1 38.9 38.5 38 37.5 36.9 36.5 35.8 35.5 36.2 37.4 38.6 39.1 39.5 39.9 40.4 39.6 40 40.9 40.8 41.2 41.3 41.3 41.4 42.2 42.4 41.1 42.7 43.3 43.6 44.3 44.9 45.6 45.9 46.1 46.3 45.9 45.5 45.1 44.4 42.4 40.4 38.5 37.1 33.8 30.5 29.3 29.8 30.5 32 33 33.7 33.6 32.6 30.6 30.7 29.5 32.5 35 36.8 38.5 40.4 42.3 44.1 45.8 47.4
47.5 46.2 44.9 43.7 41.7 40 39.7 39 38.5 38.4 38.1 38.5 38.9 38.8 37.9 36.6 36.3 36.4 36.1 36.3 37.2 38.8 38.3 37.7 37.1 36.5 35.8 34.9 34.1 35.3 36.5 37.7 38.3 38.7 39.1 38.2 37.1 37.7 38.2 37.2 37.9 38 38.9 39.7 40.4 40.4 39.3 40.5 41.8 42.7 43.2 43.8 44.4 45.2 45.8 45.3 44.9 44.5 44.1 43.7 42.1 40.2 38 34.9 32.6 29.7 30.5 30.5 30.2 31.3 32.5 33.7 33.8 32.9 31.8 30.6 29 30.7 32.8 34.5 36.3 38.6 41.5 42.8 43.9 46.2
47 45.8 44.6 42.9 40.9 39.3 39 38.7 38.3 37.7 37.2 37.4 37.6 37.5 36.5 36.5 36.7 36.9 36.3 36.4 37.8 38.7 38.7 38 37.4 36.7 35.9 35 34.7 34.8 35.6 36.8 37.4 37.9 36.9 35.8 34.9 35.6 36 34.9 35.3 36 37.1 38 38.4 38.4 38.5 38.9 39.7 40.6 41.7 42.5 43.2 44.3 44.4 44.3 43.9 43.4 42.6 41.8 40.3 37.8 34.7 31.8 30.8 30.9 32.3 31.4 30.5 31 32.4 33.2 33.5 33.4 33.2 32 29.3 29.1 30.6 32.3 34.5 36.9 39.1 40.8 42.1 43.4
46.1 44.6 43.4 41.9 40.1 38.7 38.4 38.2 38 37.5 36.8 35.8 36.2 36.5 37.1 37.1 37.3 37.6 37.7 37.8 38.3 38.7 39 38.5 37.8 37 36.2 35.9 35.7 35.4 35.6 35.8 36.6 35.5 35.1 35 34.2 34 34.3 34.8 34.4 34.3 35.3 36.3 36.5 36.6 36.6 37 37.5 38.1 39.1 39.6 40.8 41.8 43.2 43.4 42.6 41.5 40.5 39.5 37.5 35.5 31.5 31.1 31.6 32.6 32.5 31.8 30.9 31.2 32.3 32.6 32.7 32.8 32.8 32.7 30.8 29.1 29.1 30.4 32.6 34.5 35 36.4 37.4 39.5
45.2 43.7 42.3 40.8 39.3 38 37.8 37.7 37.7 37.3 36.8 36.4 36.5 36.9 38.8 38.9 39.5 39.3 39.1 39 39.5 39.8 39.4 39.2 38.6 37.8 37.7 37.8 37.5 37.2 37.1 37.1 37.1 37 36.9 36.4 36.2 36 35.7 35.6 34.9 34.2 34.3 35.1 35.4 35 34.8 35.1 35.4 35.5 34.6 35.6 37.1 38.3 40.1 41.4 41.9 40.8 39.8 37.3 35.6 33.6 31.4 32.1 32.8 33.1 32.7 32.2 31.4 31.6 32.7 32.3 32 32.1 32.2 32.1 31.4 30.4 29.9 29.3 30.4 32.2 33 34 35 38.1
