data/TQ08.asc
ncols 200
nrows 200
xllcorner 500000
yllcorner 180000
cellsize 50
[rows 0 to 38 of 200, columns 0 to 86 of 200]
83.5 83.3 81 79.6 74.6 68 61 57.1 57.5 57.8 58.1 58.3 58.4 58.3 58.4 60.9 64.8 69.3 78.7 83.9 90.4 90.1 91 91.1 91.2 91 90.5 89.1 86.4 84.2 83.6 82.3 82 85.3 86 86.4 87 86.5 86.6 86.8 86.9 86.4 86 83.6 80.6 77.6 75.1 72.9 71.1 69.7 66.7 64 64 65.6 66 66 65.3 63.8 59.5 63.9 65.7 66.1 66.9 67.5 68 65.9 59.3 48.7 41.6 39.2 39 39.6 39.1 39 39 39 39 39 38.9 38.3 38.1 38.1 38.1 38.1 38.1 38.1 38.1
87 86.5 84.8 81.7 77.4 71.4 63.3 58.2 57 57.8 58 58.1 58.3 57.6 57.7 58.6 63.4 67.5 73 81 87.6 91.1 91.6 91.7 91.4 91.1 90.2 88.8 86.2 84.2 84.1 83 83.9 85.3 86 86.1 85.6 86.2 86.4 86.6 86.6 86.5 86.1 83.9 81 78 75.5 72.7 70.7 71 65.3 64 64.7 65.6 66 66 65 62.8 59.4 64.9 65.8 66.6 67 67.5 67.9 66.6 61.6 52.3 43.6 40.4 39.7 39.4 39 39 39 39 39 39 38.8 38.3 38.1 38.1 38.1 38.1 38.1 38.1 38.1
86 85.8 85.5 82.7 79.5 73.8 66.6 62 57.9 58.2 57.4 56.8 57.8 57.1 56.7 57.2 61 64.6 69.2 77.9 84.8 90.7 92.1 91.5 91 91 89 88.8 86.9 85.6 85.2 85.2 85.4 85.6 85.7 84.5 84 84.7 86.1 86.3 86.4 86.3 86.1 84.1 81.2 78 74.6 71.1 68.7 66.1 64.9 64.6 65.3 65.2 65.3 65.8 64.6 62.6 61.1 66 65.3 66.3 67.6 68 68.7 67.6 62.8 56.1 47.6 42.5 39.6 39.4 39.1 39 39 39 39 39 38.7 38.4 38.1 38.1 38.1 38.1 38.1 38.1 38.1
86.4 85.9 85.3 84.2 81.4 76.4 70.5 65.2 60.8 58.5 57.2 56.2 54.3 55.8 55.7 55.4 57.4 61.5 66.8 75.1 82.7 86.8 89.9 90.9 91 91 90.3 90 88.7 87.6 87.1 86.3 85.2 85.2 85.2 84.1 84 84.3 86 86 86.1 86.1 86 84 80.8 76.9 71.9 69.2 70.2 70.5 69.4 67.3 67.3 66.8 66.4 65.6 65.3 63.9 64.2 64.1 65 65.8 68 69 69.9 70 64.8 58.8 50.3 44.2 39.7 39.5 39.3 39.1 39 39 39 39 38.9 38.5 38.1 38.1 38.1 38.1 38.1 38.1 38.1
86.6 86.4 85.9 84.7 82.1 78.6 73 67.3 62.7 59.6 57.4 56 55.4 54.9 54.8 54.1 54 57.6 63.5 72.2 77.7 81 84.6 88.3 90.2 91 91.4 91.2 90.7 89.5 88.9 87.8 86.5 85.2 84.7 84.4 83.5 83.1 83.1 85.1 85.8 85.9 86 83.3 79.6 74.9 69 69.6 70 70.6 70.6 70.5 69.9 68.5 67.2 66.3 65.8 64.3 64 64 65 66.2 68.2 69.8 70.7 71 66.6 60.9 56.8 48.3 42.3 39.5 39.3 39.1 39 39 39 39 39 38.8 38.2 38.1 38.1 38.1 38.1 38.1 38.1
86.7 86.7 86.3 84.6 81.9 78.4 73.7 69 64.6 61.3 58.6 57 57 56.4 54.7 53.8 53.5 55 60 67.1 71.5 73.5 80.7 85.4 88.7 91.2 91.8 91.8 91.5 91.1 90.3 88.8 87.2 85.3 84.1 84 84.4 82.1 79.3 80.7 83.2 85.3 84.4 81.1 76.7 73.4 71.2 71.6 71.9 71.8 71.1 70.4 69.5 68.9 67.7 66.5 65.3 66 64 64 64.2 66.3 68.2 69.9 70.6 70.5 68.1 64 60.9 52.1 45.1 41.6 40.4 39.1 39 39 39 39 39 39 38.4 38.1 38.1 38.1 38.1 38.1 38.1
87 87 86.4 84.5 80.8 78.7 75.5 72.9 69.8 65.2 60.5 58.4 57.8 57.3 55.1 53.8 53.3 53.5 57.1 61.2 65.2 71.3 76.7 82.9 86.9 90.1 92.1 92.1 91.6 91.1 90.8 89.4 87.5 85.3 84 84 85.1 83.5 81.1 79.1 79 79 79.2 78.1 74.3 74 74.2 74.1 73.6 72.3 71.5 70.6 69.8 68.8 67.8 66.7 65.5 65.3 64.1 64 64 65.6 68.2 70 70.6 70.5 70.4 66.3 61.4 56.5 50 44.7 42.4 40.2 39 39 39 39 39 39 38.6 38.1 38.1 38.1 38.1 38.1 38.1
87 86.8 86.2 84.8 83.3 81.2 79.1 75.4 71.8 68.2 65.4 60 57.3 55.6 54.7 53.9 53.5 53.1 54.4 58.2 63.4 69.6 72.2 80.2 85.7 89.7 90.5 90.6 90.7 90.9 89.1 89.4 88.2 86.6 85.7 85.9 85.4 85.1 83.6 81.1 79.2 79.1 79 79 76.8 76.6 75.8 75.4 74.2 72.8 71.8 70.7 69.7 68.6 67.5 66.6 65.8 64.7 64.1 64 64 65.6 68.3 69.8 70.7 70.7 70.1 67.9 65.7 61 55.4 48.2 43 40.9 39.7 39 39 39 39 39 38.6 38.1 38.1 38.1 38.1 38.1 38.1
86.4 86.1 86.9 86.1 84.7 83.2 80.6 77.5 74.5 71.6 68 64.3 59.7 55.1 54.6 53.8 53.5 53.2 53.1 55.9 59.8 65.5 72 79.7 85.5 90.5 90.6 90.7 90.5 90.3 89.1 89.4 89.7 88.6 87.4 87.3 86.7 86 85.1 83.5 81.4 80.8 80.5 81.1 79.4 78.4 77 74.9 73.8 72.8 71.6 70.6 69.5 68.4 67.3 66.3 65.5 64.4 64 64 64.3 66.6 68.9 70 70.7 71.2 70.8 70.2 68.8 64.5 58.5 49.5 43 42 40.1 39 39 39 39 39 38.5 38.1 38.1 38.1 38.1 38.1 38.1
84.8 86.2 87.5 87.3 86.1 84.6 82 79.5 76.9 73.3 69.5 66.1 62.1 57.7 54.7 53.8 53.5 53.2 53 54.4 58.4 64.4 72.3 78.6 84.3 89 90.7 90.8 90.8 90.6 91 90.9 90.9 90.6 89.1 88.6 88 87.3 86.3 85 84.6 84.5 84 83.5 81.6 79.5 77.6 75.1 73.7 72.8 71.5 70.4 69.3 68.2 67.1 66 65.1 64 64 64.4 65.7 67.8 69.5 70.6 71.3 71.5 71.2 71 69.2 63.8 57.1 53.3 49.6 43.2 40.2 39 39 39 39 39 39 38.1 38.1 38.1 38.1 38.1 38.1
85.6 87.2 87.9 88.1 86.8 85.5 83.4 81.3 78.3 73.9 70.8 67.7 63.1 59.1 55.7 54 53.7 53.4 53.2 53.1 56 63.8 71.9 78.6 82.9 86.4 88.3 90.3 90.9 91 91 91 90.7 91 90.4 89.7 88.9 88.1 87.1 85.8 85 85.6 85.9 85.8 83.5 80.7 78.3 75.8 74.1 72.9 71.6 70.2 69.1 68 66.9 66 64.9 64 64.4 65.8 67.3 68.7 70 71.2 71.9 71.8 71.7 71.3 70.1 62.4 62.5 65.6 61.9 50.2 42.7 39.1 39 39 39 39 38.9 38.5 38.1 38.1 38.1 38.1 38.1
87.4 87.9 87.6 87.6 86.7 85.6 83.8 81.6 79.4 75.9 73.1 68.6 63.8 59.8 56.2 54.2 53.9 53.7 53.1 53 54.3 61.2 69.3 75.7 79.9 83.2 86.2 88.9 91 91 91 91 90.8 90.9 90.6 90 89.2 88.3 87.4 86.1 85 84.9 85.7 85.7 83.7 81.1 78.6 76.4 75 73.1 71.7 70.1 68.9 68 67.1 66.3 65.2 64.4 65.5 67.2 68.7 69.5 70.5 71.6 72.2 72.2 71.9 71 68.5 64 69.9 69.4 65 57.6 44.8 41.2 39.1 39 39 39 39 38.6 38.1 38.1 38.1 38.1 38.1
88.3 88.1 87.7 87.3 87.1 86.1 84.6 82.7 80.7 78.3 74.5 69.5 64.5 60.4 56.6 54.4 53.7 53 52.7 53 53.4 57.9 63.1 69.6 76.9 82.2 86.6 89.5 90.6 91 91 91 90.9 91 90.6 90 89.3 88.5 87.6 86.4 85.2 84.9 84.8 84.2 82.6 80.5 78.5 76.3 74.9 73 72.2 70.8 69.5 68.6 67.8 67 66.3 66.3 67.4 69 69.8 70.4 71.7 72.4 72.4 72.4 72.1 71.2 70.3 70.8 70.8 71 66.8 61.1 52.7 45.6 40.1 38.7 39 39 39 38.6 38.1 38.1 38.1 38.1 38.1
88.2 87.8 87.4 87 87.3 86.8 85.5 83.6 82.1 79.5 74.6 70.1 65.6 61 57 53.9 52.9 52.4 52.4 52.4 52.9 57.5 64.5 76.5 82.5 85.7 87.7 89.5 90.3 91 91 91 90.8 89.9 89.3 88.8 88.3 87.9 87.4 86.5 85.5 84.9 85.1 83.5 81.9 80 78 75.8 74.1 72.8 71.9 71.3 70.2 69.6 68.9 68.2 67.8 68.1 69 70.1 71 72.3 72.5 72.6 72.6 72.5 72.4 71.6 70.7 71 69.8 71 67.7 63.5 57.2 49.7 43.6 39.7 39.1 39 39 38.8 38.1 38.1 38.1 38.1 38.1
87.8 87.5 87 87.1 87.6 87.2 86 84.8 82.7 80.1 76.7 71.8 66.9 62.2 57.8 54.9 52.8 52.1 52.1 52.2 52.5 56.7 63.8 74.8 81.1 84.7 87.1 88.9 89.1 88.9 88.8 88.8 89.5 88.9 88.4 87.9 87.4 87.1 86.7 86.3 85.4 84.4 84 82.6 81.1 78.2 76.8 75.9 73.8 72.5 71.6 71.1 70.5 69.4 69 69.1 69.4 69.6 69.7 70.8 72.5 72.7 72.7 72.7 72.7 72.6 72.6 72 71.2 70.3 69.1 69.4 66.5 63.5 58.6 52.4 47.4 45.2 39.1 39 38.7 38.2 38.1 38.1 38.1 38.1 38.1
87.3 87.2 87.4 87.6 87.9 87.3 86.1 85.8 83.1 80.6 77.5 72.8 67.8 63.6 58.9 56.2 53.8 52.2 52.2 52.5 52.8 55.8 62.4 70.8 79.5 83.1 85 86.3 86.9 86.7 86.5 87.1 87.8 87.8 87.5 87 86.4 86.3 85.9 85.5 85.1 85.2 83.4 81.6 80.1 75.8 74.7 75.5 74 72.2 71.4 70.9 70.2 69.1 69.1 69.2 69.2 69 70 71.8 73.1 73.5 73.4 73.5 72.8 72.7 73.1 72.4 71.5 70.6 69.5 67.5 64.7 63 61 57.9 51.7 51.2 43.3 39.7 38.5 38.1 38.1 38.1 38.1 38.1 38.1
87.7 87.9 88.1 87.8 87.7 87 85.9 85.9 83.4 80.7 77.2 72.1 68.4 64.7 59.4 56.8 54.5 52.9 52.2 52.6 53 55.4 61.4 69.6 77.4 81.6 81.8 82.6 84 83.9 84.6 86 86.2 86.7 86.5 86.1 85.4 85.6 85 84.8 85.5 84.4 82.9 81.2 79.4 76.6 74.9 73.4 72.7 71.8 71 70.2 69.5 69 69.1 69.1 69.1 69.3 70.7 72.5 73.7 74.1 74.3 74.4 74.3 72.8 73.5 72.7 71.7 70.6 69.4 67.6 65.8 64.6 64.5 63 58.4 54.5 50.5 41.5 39.2 38.3 38.1 38.1 38.1 38.1 38.1
88.3 88.2 88.1 87.6 87.1 86.6 85.4 84.7 81.4 80.7 74.9 70.3 68.5 65 59.5 57.5 55.4 54 52.6 52.4 52.7 54.4 59.6 66 72.6 76.9 77.2 76.8 79.6 80.7 83.2 85.5 85.6 85.7 85.4 85.1 84.4 85 84.7 85 83.8 82.7 81.8 80.8 79.4 77.8 76.3 74.4 72.4 71.2 70.8 70.5 69.6 69 69 69 69 70.1 71.4 72.9 74 74.3 74.5 74.6 74.5 74.3 73.9 73.1 72.2 71.3 70.2 69.4 67.9 67.4 67.3 66.6 62.6 58.8 53.9 47.3 40.6 38.7 38.1 38.1 38.1 38.1 38.1
88.2 88.1 88.1 87.6 86.6 85.8 84.8 83.5 80.3 78.5 74.3 69.3 68.6 67.1 62.6 59.1 56.8 55 54 54 52.9 53.5 57.8 62.9 67.6 70.5 69.6 75.3 80.6 83.8 85.7 85.7 85.8 85.9 86 85.5 84 84.5 84.7 83.7 82.3 81.1 80.1 79.4 79.2 77.9 76.4 74.9 72.9 71.8 71.2 70.8 70.4 69.6 69.4 69.5 69.5 70.3 72.1 73.2 74.4 74.5 74.6 74.7 74.5 74.3 74 73.4 72.6 71.8 70.7 69.5 70.1 70.4 70.3 69.2 67.6 64 59 53.7 45.9 39.4 38.4 38.1 38.1 38.1 38.1
87.9 87.9 87.8 87.7 86.8 86.2 85.3 85.3 82.9 79.9 77.1 74.7 72.4 71.1 68.4 62.6 57.9 54.8 54.2 54.4 54.5 54.9 55.6 59.3 63.5 66.4 71.8 77.5 84.4 85.8 85.8 85.9 86 86 86 86 86 84.5 84 83.4 81.7 80.4 79.8 79.4 78.8 77.5 76.2 74.7 72.9 72.3 71.7 71.2 70.8 70.3 69.2 70.2 70.5 71.9 73 73.9 74.6 74.6 74.6 74.6 74.4 74.1 73.9 73.6 72.9 72 71.1 71 70.3 71 71.1 71.1 70.6 69.3 64.6 61.3 53.2 41.9 39 37.8 37.5 37.4 37.3
87.7 87.6 87.5 87.4 87.3 87 86.3 85.5 84.9 81.8 80.7 79.2 76.2 73.9 70.9 65.4 58.1 54.6 53.9 54.7 55 55 55 57.2 61.2 69.7 74.4 78.6 84.6 85.9 86 86.2 86 86 86 85.8 86 84.8 84 83.3 82.5 81.2 80.1 81 78.9 77.5 76.1 74.4 73.5 72.9 72.3 71.7 70.9 70.2 69.8 71.1 72.6 73.9 74.7 75 74.6 74.6 74.6 74.5 74.2 74 73.8 73.5 73.2 72.7 72.2 71.6 70.7 70.4 71.1 71 71 69.9 68.1 66.1 59.4 48.1 40.2 37.8 37.2 37.3 37.3
87.3 87.3 87.2 87.2 87.1 86.9 86.7 85.7 85.3 82 80.8 80.3 77.6 74.3 70.6 62.9 58.4 55.8 54.4 54.7 55 54.5 53.7 55.3 59.6 68.3 72.8 75.4 80.7 86 86.3 87 86.4 86 85.9 84.9 84.5 84.3 84 83.5 82.8 82 80.9 80.6 79.8 77.9 76.4 75.5 74.6 73.8 73.1 72.3 71.4 70.6 71.6 73.1 74.6 75.7 75.6 75.5 74.7 74.6 74.6 74.4 74.2 73.9 73.7 73.5 73.1 72.7 72.2 71.8 71.2 70.9 71 70.2 69.6 68 65.9 64.9 61.5 51.9 39.6 38.3 37.2 37.3 37.3
87.1 87 87 86.9 86.9 86.8 86.4 85.6 84.4 81.6 78.7 76.1 74.7 71.5 65 61.7 58.2 55.4 55 53.4 53.5 53 53.7 53.7 58.5 65.1 68 72.2 79 84.5 86.3 87.2 86.6 86 85.2 84.5 84.2 83.9 83.6 83.2 82.8 82.2 81.2 80.3 79.7 78.3 77.2 76 75 74.3 73.6 72.6 71.4 71.5 72.6 74.1 75.5 75.9 75.9 76 75.7 75.3 75.4 74.9 74.4 73.9 73.7 73.5 73.1 72.7 72.2 71.7 71.2 71 71 68.6 67.6 66.6 64.3 62.3 59.6 54.5 43.8 38.7 37.6 37.2 37.3
86.8 86.8 86.7 86.7 86.6 86.6 86.1 85.5 85.1 83 79.9 75 72.4 68.9 68 67.4 61.7 56.7 53.3 53.1 53 53 51.6 52.1 55.6 59.8 62.8 68.4 77.9 83.2 85.5 85.3 85.6 85.4 84.8 84.3 84 83.7 83.3 82.7 82.4 82 81.5 80.9 79.8 79.5 78.1 76.6 75.4 74.7 73.7 72.2 71.7 72.8 73.9 75 76 76 76 76 76 76 75.9 75.4 74.9 74.4 73.9 73.4 73.1 72.5 71.9 71.3 70.4 70.9 70.9 67.2 64.9 64.1 62.3 60.7 58.3 54.8 49.2 39.2 38.1 37.4 37.3
86.5 86.5 86.4 86.4 86.3 86.4 86.4 86.2 85.9 84.8 81.9 78.5 75.9 76.6 75.9 74.1 68.6 59.8 52.8 52 50.5 50 50 51.9 53.8 57.5 61.3 68.5 77 81.8 83.7 84.1 84.5 84.7 84.6 84.1 83.8 83.4 82.8 82.2 81.9 81.6 81.2 80.6 80.7 80.2 78.7 77.1 75.9 75 73.4 71.7 71.2 72.7 74.7 75.8 76 76 76 76 76 76 76 75.9 75.4 74.5 73.9 73.5 72.5 71.4 71.2 70.9 70.9 70.5 68.6 65.4 62 61 59.9 59 57.6 54.9 51.5 40.6 38.7 38.1 37.3
86.2 86.2 86.1 86.1 86.2 86.3 86.3 86.2 86.1 85.3 83.3 81.7 80.8 81 78.5 75 71.4 64.1 53.8 50.4 50 50 50.8 51.9 52.5 54.8 59.5 64.8 74.5 79.2 83 84.1 84.3 84.3 83.8 83.9 83.5 82.8 82.2 81.8 81.5 81.2 80.9 80.5 80.9 80.3 78.4 76.4 75.6 74.2 72.4 70.7 70.5 72.1 75.1 76 76 76 76.1 76 76 76 76 75.6 74.7 74.4 74 73.5 72.5 71.2 70 68 66.9 65.7 64.6 62.2 58 57.3 57.9 56.9 56 53.9 51.8 47.1 39.4 38.7 38.2
85.9 85.9 85.9 86 86.1 86.3 86.3 86.2 86.1 85.8 84.5 82.6 81 80.6 77.3 73.7 70 63.3 54.2 50.3 50.1 50.1 49.8 50.4 50.8 52.8 56.4 61.1 68.3 76.1 81.7 83.7 83.9 83.9 83.1 83.2 82.9 82.3 81.6 81.3 81 80.7 80.4 80.6 80.7 79.4 77.6 75.6 74.8 73 70.5 69 69.6 71.9 75.4 76 76 76.1 76.1 76 76 76 76 74.7 74.7 74.5 74.2 73.5 72.4 71.1 70.6 66.8 64.2 62.4 59.9 57.9 54.3 54.3 54.6 55 54.5 52.3 50.5 47.9 44.8 40.2 39.7
85.6 85.7 85.8 86 86.1 86.2 86.2 86.1 85.9 85.7 85.3 83.3 81.5 77.8 73.9 70.6 66.3 61 54.6 53.2 49.9 49.3 48.9 48.9 49.2 51 53.9 59 65.5 73 79.1 81.1 81.2 82.1 83.2 82.2 81.9 81.6 81.1 80.9 80.7 80.5 80.4 79.8 79.8 78.5 76.8 75.1 74.5 71.6 69 69 69.3 71.9 75.4 76 76 76.1 76.1 76 76 76 76 74.5 74.5 74.6 74.2 73.5 72.4 70.8 69.7 66.4 64.4 63.6 60.4 58.6 55.6 54.5 53.8 53.1 52.6 51.1 50.4 47.4 45.2 40.9 39.3
85.8 85.7 85.8 85.9 86 86.2 86.2 86 85.8 85.6 85.4 83.1 80.2 75.8 70.9 67.9 66.4 63.4 61.6 56.8 52.1 49 48.6 48.2 48.2 48.9 51.7 55.6 62.1 70.1 76 78.3 77.5 80 81.3 81.5 81.2 80.9 81 81 80.9 80.8 80.3 79.4 78.5 78.1 76.6 76 74.4 71 69 68.8 69.8 71 75.2 76 76.4 76.4 76.2 76.1 76 76 76 74.8 74.7 74.6 74 73.4 72.2 70.5 69 70.5 70.6 68.3 65.7 61.6 58.9 55.4 53.5 51.2 50.9 50.1 49.1 47.6 45.5 41.8 38.9
86.4 86.3 86.2 86.1 86 86.1 86.1 85.9 85.8 85.6 85.3 83.1 80.9 76.4 73.8 70.8 70 70.5 66.6 59.2 53.3 50.3 48.7 48 48.4 48.3 49.3 52.9 58.5 65.5 72.4 73.1 71.9 76.3 79.2 80.2 80.5 80.2 80.4 81 80.9 80.3 79.5 78.8 78.2 77.3 76.4 75.1 74.2 71.3 68.4 68.7 69.9 70.9 74 76.1 76.5 77 76.4 76.2 76 76 76 74.6 74.8 74.6 74 73.2 72 70.4 69.3 71 69.4 66.7 63.7 61.1 58.1 55.1 52.3 50.7 49.4 48.8 48 46.9 45.5 42.3 38.9
86.4 86.3 86.2 86.1 86.1 86.1 86.1 86 85.8 85.7 85.1 83.4 82.1 79.2 77.2 76 74.8 71.3 66.6 61.6 57 52 49.9 48.8 48.7 48.5 48.9 50.8 55.2 63 67.8 68 67.7 71.1 75.2 77.8 79 79.7 79.5 79.7 79.6 79.4 78.9 78.3 77.7 77 76 75.9 75.4 72.5 69.3 66.8 67.5 70.9 73.9 76.3 76.8 77.3 77.5 76.9 76.3 76.1 76 74 74.9 74.6 73.5 72.6 71.8 70.8 68.5 66.5 65.7 63.2 60.9 58.1 54.8 52.7 50.4 49.3 48.4 47.4 46.4 45.3 44.1 41.8 39.6
86.1 86 85.9 85.8 85.9 86.1 86.2 86 85.9 85.7 85.3 85.3 84.7 82.5 80 78.5 76.7 73.4 71.7 66.6 60.7 53.6 50.5 49.1 48.9 48.8 48.8 49.7 52.3 57 60.7 61.9 63.7 66.6 69.4 75.9 77.3 79 79.2 79.6 79.5 79.4 78.9 78.2 77.5 76.8 75.6 75.4 74.9 71.3 68.7 65.2 66.2 69.8 72.8 75.8 77 77.8 78.6 78 77.4 76.9 76.2 76 75.5 74 72.8 71.7 70.9 68.7 65.2 62.7 60.9 58.9 56.7 53.6 51 49.8 48.7 48.1 46.9 45.7 44.6 43.4 42.3 41 39
85.7 85.6 85.6 85.8 85.9 86 86.2 86.1 85.9 85.8 86 86 86 84.4 81.8 80.1 79.2 77 74.5 70 64.2 56.7 53 50.1 49.5 48.9 49.1 49.3 49.9 52.1 54.8 58.4 60.4 63 68.3 74.9 76.8 78.5 79.3 79.7 79.6 79.3 78.8 78.1 77.4 76.4 75.5 75.8 73.4 70.5 68.2 64.6 64.4 67.5 71.2 74 76.1 78.1 78.7 78 77.5 76.9 76.2 76 74.9 73.5 72.3 71 68.7 64.9 62.5 60 57.5 55.6 52.8 49.8 48.5 48.2 47.3 46.8 46.2 45 43.6 42.3 41.1 40 39.7
85.3 85.5 85.6 85.7 85.9 86 86.1 86.2 86 85.9 86 86 86 85.5 83.4 81.5 80.3 78.9 76.3 70 67.4 60.7 54.7 50.7 49.1 49.1 49.1 49.1 49 50.4 52.2 55.6 60.2 65.5 71.3 76 77.1 78.9 79.6 79.8 79.7 79.3 78.8 78 77.2 76.2 75.9 76 74.8 71.8 68.8 65.1 61.4 62.5 68.1 72.6 74.9 76.7 77.7 77.6 77.1 76.6 76.1 74.3 74.4 73.2 71.9 69.6 65.4 62.5 60.3 57.9 55.3 52.7 50.2 48.3 46.7 46.3 45.8 45.3 44.9 44.2 42.6 41.3 40.1 39.6 39.6
85.3 85.5 85.6 85.7 85.8 86 86.1 86.2 86.1 86 86 86 86 86 84 82.1 81.4 79.6 76.5 70.9 71.6 61.6 55.3 52 50.5 49 49 49 48.9 48.9 50.2 54.1 59.8 66.4 72 75.1 76.4 79 79.8 80 79.6 79.3 78.6 77.8 76.8 76.1 75.8 75.9 75.3 72.1 69.1 66.7 65.1 59.1 63.5 70.7 72.5 74.3 76.4 77.1 76.8 76.2 76 74.7 74.4 73.2 71.9 70.5 65.2 61.9 58.1 55.7 53.1 50.4 48.2 46.7 45.5 44.7 44.8 44.8 44.5 43.9 41.7 40.1 39.5 39.4 39.2
85.5 85.5 85.6 85.7 85.8 86 86.1 86.2 86.2 86.1 86 86 86 85.6 84 82.6 81.9 79.6 77.5 73.6 69.2 63.5 58.3 54 52.3 49.6 48.9 48.9 48.9 48.8 49.1 51.5 57.1 63.7 68.2 69.8 74.8 77.7 79.8 79.9 79.3 79 78.3 77.1 76 75.8 75.7 75.9 75.3 71.9 69.3 67.4 64.9 59.7 58.7 65 70 72.4 75 76 76.3 76 75 76 74.2 73.1 71.7 69.5 65.2 61.7 56.6 53.5 50.9 48.5 46.9 45.3 44.1 43.5 43.6 43.5 43.5 43.1 40.3 39.2 39.2 39 38.9
86 85.5 85.6 85.7 85.8 86 86.1 86.2 85.8 84.6 84 85.3 84.3 84 84 83.2 82.4 81.2 79.6 76.8 73.5 67.2 61.9 56.8 54 51.4 48.9 48.8 48.8 48.8 48.8 49.1 52.9 59.5 61.8 65.5 71.4 75.2 77.7 78.2 77.9 77.8 77.6 76.6 75.8 75.7 74.4 74.5 71.8 69.7 69.3 67.6 65.1 60.1 55 58.6 64.8 69.7 72.7 76 76 74.1 74.7 74.6 73.3 72.2 70.8 68.3 64.5 60.8 54.7 51.8 49.1 47.4 46.1 44.5 43.6 43.1 43.2 43 42.8 41.5 39.2 39 38.9 38.7 38.5
85.8 85.7 85.6 85.7 85.8 85.9 86 86.1 86.1 85.1 84.2 83.5 82.4 81.7 82.2 83.1 82.4 81.9 81.1 79.3 76.1 71.2 66.5 61.3 55.9 52.5 49.4 48.8 48.8 48.8 48.8 48.3 49.7 54.1 58.1 62.9 67 71.5 73.9 75.9 76 76.6 76.4 76.8 76.2 76.1 76 74.3 72.5 70.5 71.1 69.9 68.1 62.9 56.6 54 56.7 63.6 69.9 74.2 75.3 74.4 74.3 73.5 72.2 70.9 69.3 66.1 62.9 57.9 53.8 51.1 48.4 46.4 45.5 44 43.3 43 43.2 43.3 43.1 40.7 39 39.2 39 38.9 38.7
85.1 85.5 85.6 85.7 85.8 85.9 86 86.1 86.1 85.9 84.7 82.7 80.5 79.6 80.5 81.5 82.1 81.6 81.2 80.4 77.4 73.6 69.6 65.7 58.9 53.4 50.6 49 48.1 46.8 46.8 46.9 47.7 50.6 54.7 60 62.5 64.6 69.3 72 73.3 74.2 75.2 76 75.7 76.1 76 76 75.4 72 71.1 71.5 70 66.7 60.9 54.2 54.1 56.3 66 72 73.2 73.1 73.1 72.3 71.4 68.7 64.7 62.6 59.8 56.1 53.2 50.4 47.8 45.4 44.6 43.5 43.1 43 43.2 43.4 43.4 41.2 39.3 39.6 39.5 39.2 38.9
