data/TQ17.asc
ncols 200
nrows 200
xllcorner 510000
yllcorner 170000
cellsize 50
[rows 39 to 77 of 200, columns 0 to 87 of 200]
25.3 25.3 25.6 25.8 26 24.3 24 24 25.8 25.8 26.4 26.7 27 27.3 27.6 27.9 28.5 29.1 30 29.7 31 30.9 30.1 30.2 30.2 30.3 30.3 30.3 30.4 30.4 30.4 30.5 30.5 30.5 30.4 30.6 30.5 30.5 30.4 30.4 30.3 30.3 30.3 30.3 30.2 30.2 30.5 30.7 31 30 30.4 30.7 30.5 30.1 30.7 31 30.9 30.8 30.7 29.5 29.1 28.5 28 27.8 27.7 27.5 27.2 27.4 27.6 27.9 28.1 28.4 28.4 28.4 28.4 28.2 27.9 27.7 27.4 27.2 26.9 26.6 26.3 26 25.8 25.6 25.3 25.1
26.5 25.3 25.6 25.9 25.1 24 24 24 25.5 25.8 26.1 26.4 26.7 27 27.3 27.5 28 28.6 30 31 31 30.9 30.6 30.1 30.2 30.2 30.3 30.3 30.3 30.4 30.4 30.5 30.5 30.5 30.5 30.5 30.4 30.4 30.4 30.4 30.3 30.3 30.3 30.3 30.3 30.3 30.6 30.7 30.7 30 30 30 30.7 30.9 31 31 31 31 31 30.5 29.3 28.7 28.2 27.9 27.7 27.6 27.4 27.6 27.9 28.1 28.3 28.7 28.7 28.6 28.4 28.2 27.9 27.7 27.4 27.2 26.9 26.6 26.3 26 25.7 25.5 25.3 25.1
26.2 26.3 25.7 26 24.3 24 24 24 25.2 25.5 25.8 26.1 26.4 26.7 26.9 27.2 27.6 28.6 30.5 31 30 29.6 31 30.3 30.1 30.2 30.2 30.2 30.3 30.3 30.4 30.4 30.5 30.5 30.5 30.5 30.4 30.4 30.4 30.4 30.4 30.3 30.3 30.3 30.3 30.4 30.7 30.7 30 30 30 30 30.3 31 31 31 31 31 30.7 30.9 29.6 29 28.4 28 27.8 27.6 27.6 27.9 28.1 28.4 28.6 28.8 28.9 28.6 28.4 28.1 27.9 27.7 27.4 27.2 26.9 26.6 26.3 26 25.7 25.4 25.2 25
26 26.1 26.1 26 24 24 24 24 25 25.3 25.5 25.8 26.1 26.4 26.6 26.9 27.2 28.6 29.5 29.4 29.5 29.8 29.8 29 30.3 30.2 30.2 30.3 30.3 30.3 30.4 30.4 30.5 30.4 30.5 30.5 30.5 30.4 30.4 30.4 30.4 30.3 30.3 30.3 30.3 30.5 30.8 30.7 30.1 30 30 30 30.5 31 31 31 31 30.4 30.6 30.9 29.7 28.9 28.3 28.1 27.9 27.8 27.9 28.2 28.4 28.6 28.9 29.1 28.9 28.6 28.4 28.1 27.9 27.7 27.4 27.1 26.8 26.5 26.2 25.9 25.6 25.4 25.1 25
25.7 25.8 25.9 25.3 24 24 24 24 24 25.2 25.3 25.5 25.8 26.1 26.4 26.7 26.9 27.8 28.3 28.8 29.1 29.4 29.7 29.4 30 30.7 30.3 30.3 30.4 30.5 30.7 30.6 30.2 30.4 30.5 30.5 30.5 30.4 30.4 30.4 30.4 30.4 30.3 30.3 30.3 30.6 30.8 30.1 30.2 30.1 30 30 30.2 31 31 30.3 29 30.5 31 30.7 29.4 28.7 28.4 28.2 28.1 28.2 28.3 28.4 28.7 28.9 29.2 29.2 28.9 28.6 28.4 28.1 27.9 27.6 27.4 27.1 26.8 26.5 26.2 25.9 25.6 25.3 25.1 25
25.8 25.9 26 24 24 24 24 24 24 25.2 25.3 25.6 25.7 26.1 26.4 26.7 26.9 27.6 27.8 28.3 28.7 29.1 29.5 29.9 29.4 31 30.9 30.7 30.8 30.8 30.4 30 30.3 30.4 30.5 30.5 30.5 30.5 30.4 30.4 30.4 30.4 30.3 30.3 30.3 30.7 30.4 30.1 30.2 30.2 30.1 30 30 31 30.5 30.2 30.1 30.3 30.6 30.3 29.1 28.6 28.4 28.4 28.5 28.6 28.8 28.9 29 29.2 29.4 29.2 28.9 28.6 28.4 28.1 27.9 27.6 27.4 27.1 26.8 26.5 26.2 25.9 25.6 25.3 25.2 25.2
24.7 24.5 24.9 24.7 24 24 24 24 24.5 25.5 25.8 25.8 25.7 26.1 26.4 26.5 26.8 27.1 27.4 27.8 28.2 28.6 29 29.4 29.8 30.8 30.3 30.7 30.6 30.3 29.8 30.2 30.3 30.4 30.4 30.5 30.5 30.5 30.5 30.4 30.4 30.4 30.4 30.3 30.3 30.6 30.8 30.1 30.3 30.3 30.2 30.1 30 29.9 29.9 29.9 29.9 29.8 30.2 29.8 28.9 28.7 28.7 28.8 29 29.1 29.2 29.3 29.4 29.5 29.5 29.2 29 28.7 28.4 28.1 27.9 27.6 27.4 27.1 26.8 26.5 26.2 25.9 25.5 25 24.6 25.3
24.4 24.4 24.5 24.6 24 24 24 24 26 26 26 25.9 25.8 26.1 26.4 26 26.6 26.6 26.9 27.3 27.7 28.1 28.5 29 29.5 30.3 29.2 29.9 30 29.5 30 30.2 30.2 30.3 30.4 30.5 30.5 30.5 30.5 30.4 30.4 30.4 30.4 30.3 30.2 30.2 29.8 30.3 30.4 30.4 30.2 30 29.9 29.8 29.7 29.7 29.6 29.6 29.5 29.3 28.9 29 29.2 29.3 29.4 29.5 29.6 29.6 29.7 29.8 29.6 29.3 29 28.7 28.4 28.1 27.9 27.6 27.4 27.1 26.8 26.5 26 25.6 25.2 24.8 24.3 24
24.2 24.2 24.4 24.5 24.6 24.8 24.2 24.9 26 26 26 26 25.9 26.1 26 25.8 26 26.1 26.4 26.7 27.2 27.6 28 28.6 29 29.8 28.7 29.8 29.9 29.6 29.8 30.1 30.2 30.3 30.4 30.4 30.5 30.5 30.5 30.5 30.4 30.4 30.4 30.2 30.1 30.3 29.3 30.9 30.8 30.2 29.9 29.9 29.8 29.7 29.7 29.6 29.5 29.4 29.3 29.2 29.3 29.4 29.4 29.5 29.6 29.6 29.7 29.8 29.8 29.8 29.7 29.5 29.3 28.9 28.6 28.2 27.9 27.6 27.4 27.1 26.6 26.2 25.8 25.4 25.1 24.8 24.5 24.5
24 24.1 24.2 24.3 24.4 24.9 25 25 26 25.9 25.9 26 26 26 25.6 25.5 25.4 25.7 25.9 26.2 26.7 27.1 27.6 28 28.4 28.9 28.8 29.1 29.3 29.6 29.3 30.2 30.2 30.3 30.3 30.4 30.5 30.5 30.5 30.5 30.5 30.4 30.3 30.1 30 30.6 30.8 30.9 30.9 30.5 29.9 29.8 29.7 29.7 29.6 29.5 29.4 29.3 29.3 29.3 29.4 29.5 29.6 29.6 29.7 29.8 29.8 29.9 30 29.9 29.7 29.6 29.4 29.2 28.9 28.5 28.2 27.8 27.5 27.2 26.9 26.6 26.3 26 25.6 25.3 25.1 25.3
23.8 23.9 24.1 24.2 24.3 24.7 24.8 25.5 25.5 25.8 25.9 25.9 26 24.7 25 24.9 24.9 25.2 25.5 25.7 26.2 26.6 27.1 27.4 27.8 28.2 28.4 28.7 28.8 29 29.3 30.2 30.1 30.2 30.3 30.4 30.5 30.5 30.5 30.5 30.4 30.3 30.2 30.1 31 31 30.5 30.9 31 30.9 29.8 29.7 29.7 29.6 29.4 29.3 29.3 29.3 29.3 29.3 29.5 29.6 29.7 29.8 29.9 29.9 30 30 30 29.9 29.7 29.6 29.4 29.3 29.1 28.8 28.5 28.1 27.8 27.5 27.3 27 26.7 26.4 26.2 25.8 25.8 25.8
23.6 23.8 23.9 24 24.2 24.5 24.7 25 24.9 25.7 25.8 26 24.3 24 24.1 25 24.7 24.7 25 25.3 25.7 26.1 26.5 26.9 27.4 27.6 27.9 28.1 28.2 28.4 28.7 29 29.3 30.7 30.6 30.5 30.4 30.5 30.5 30.4 30.3 30.2 30.1 30.8 31 31 30.6 30.6 31 31 29.7 29.6 29.5 29.4 29.3 29.3 29.3 29.3 29.3 29.4 29.5 29.6 29.8 29.9 30 30.1 30.1 30.2 30.1 29.9 29.8 29.6 29.5 29.3 29.2 29 28.8 28.4 28.1 27.8 27.6 27.3 27 26.8 26.5 26.2 26.3 26.3
23.5 23.6 23.7 23.7 24 24.3 24.6 24.6 24.7 24.8 24.9 24.8 24.7 24.6 24.5 24.2 24.6 24.7 24.8 24.8 25.2 25.7 26.3 26.5 26.7 27.2 27.4 27.5 27.7 27.8 28.2 28.5 28.9 30.7 30.9 30.9 30.8 31 30 29.3 29.9 30.7 30.1 30.8 31 31 30.7 30.1 31 30.9 29.9 29.4 29.3 29.3 29.3 29.3 29.3 29.4 29.4 29.4 29.5 29.7 29.8 30 30.1 30.2 30.3 30.3 30.1 30 29.8 29.7 29.5 29.4 29.2 29.1 28.9 28.7 28.4 28.2 27.9 27.6 27.3 27 26.7 26.4 26.7 26.9
23.3 23.4 23.5 23.5 23.8 24.1 24.2 24.3 24.5 24.8 24.8 24.7 24.6 24.6 24.5 24.4 24.4 24.6 24.8 25 25.2 25.4 25.6 25.8 26.2 26.7 26.8 27 27.1 27.3 27.7 28 28.4 29.2 30.2 29.5 28.7 28.5 28.5 28.6 28.8 29.2 29.7 30.1 30.6 30.5 29.8 29.7 30.4 30.9 29.8 29.3 29.3 29.3 29.3 29.4 29.4 29.4 29.4 29.5 29.5 29.7 29.8 30 30.2 30.3 30.4 30.3 30.1 30 29.8 29.7 29.6 29.4 29.2 29.1 28.9 28.7 28.7 28.4 28.1 27.8 27.6 27.3 26.9 26.8 27 27.3
23.1 23.2 23.3 23.3 23.5 23.7 24 24.3 24.6 24.7 24.7 24.7 24.6 24.5 24.5 24.4 24.3 24.4 24.6 24.9 25 24.9 24.9 25.1 26 26.2 26.3 26.5 26.5 26.9 27.2 27.5 27.7 27.9 29.2 28.7 28 27.9 27.8 27.7 27.8 28.3 29 29 28.7 28.9 28.7 29.1 29.6 29.8 29.4 29.3 29.3 29.4 29.4 29.4 29.4 29.5 29.5 29.5 29.5 29.7 29.9 30 30.2 30.4 30.5 30.3 30.1 30 29.8 29.6 29.5 29.3 29.1 29 28.8 28.8 28.9 28.7 28.4 28.1 27.8 27.5 27.1 27.2 27.4 27.6
22.9 23 23 23.2 23.5 23.8 24.1 24.4 24.6 24.6 24.6 24.6 24.6 24.5 24.5 24.4 24.3 24.3 24.5 24.7 24.8 24.7 24.5 24.9 25.5 25.6 25.8 25.7 26 26.4 26.6 26.9 27.3 27.5 28.5 28 27.4 27.3 27.2 27.1 26.9 27.3 27.7 28 27.7 27.7 28.1 28.7 29.1 29.6 29.3 29.3 29.3 29.4 29.4 29.5 29.5 29.5 29.5 29.5 29.6 29.7 29.9 30 30.2 30.4 30.4 30.3 30 29.9 29.7 29.6 29.4 29.2 29.1 28.9 28.8 28.9 28.9 28.9 28.6 28.4 28.1 27.7 27.3 27.5 27.8 28
22.7 22.8 23.1 23.3 23.6 23.8 24.1 24.4 24.5 24.5 24.5 24.5 24.5 24.5 24.4 24.4 24.3 24.2 24.3 24.5 24.6 24.5 24.4 25.1 25.1 25.1 25.1 25.2 25.5 25.9 26.4 26.7 26.9 27 27.8 27.3 26.9 26.8 26.7 26.6 26.5 26.5 26.5 26.8 26.9 27.3 27.8 28.3 28.8 29.2 29.2 29.2 29.3 29.4 29.4 29.5 29.5 29.5 29.6 29.6 29.6 29.7 29.9 30 30.2 30.3 30.3 30.2 30.2 29.8 29.6 29.5 29.3 29.1 29 28.8 28.8 28.9 29 29 28.9 28.6 28.3 27.8 27.7 27.9 28.2 28.4
22.7 22.9 23.1 23.4 23.6 23.9 24.2 24.4 24.4 24.4 24.4 24.4 24.4 24.4 24.3 24.3 24.3 24.2 24.2 24.4 24.5 24.3 24.8 24.8 24.8 24.7 24.5 24.9 25.3 25.8 26 26.2 26.5 27 27.3 27.1 26.7 26.4 26.3 26.2 26.1 26.1 26.2 26.3 26.6 27.1 27.6 28 28.5 28.9 29.1 29.2 29.3 29.3 29.4 29.5 29.5 29.6 29.6 29.6 29.7 29.7 29.9 30.1 30.2 30.3 30.2 30.2 30.1 30 29.6 29.4 29.2 29.1 28.9 28.8 28.9 29 29 29.1 29.1 28.9 28.4 28 28.1 28.3 28.4 28.5
22.9 23 23.2 23.4 23.7 24 24.3 24.3 24.3 24.3 24.3 24.3 24.2 24.2 24.2 24.2 24.2 24.2 24.1 24.2 24.3 24.3 24.5 24.6 24.3 24.5 24.6 24.5 25.2 25.5 25.8 26.2 26.6 26.6 26.8 26.7 26.5 26.2 25.9 25.8 25.7 25.8 25.9 26.1 26.4 26.9 27.4 27.7 28.2 28.6 28.9 29.1 29.2 29.3 29.4 29.5 29.5 29.6 29.7 29.7 29.7 29.7 29.9 30.1 30.2 30.2 30.2 30.1 30 29.9 29.8 29.5 29.1 29 28.8 28.9 29 29 29.1 29.1 29.2 29 28.6 28.2 28.4 28.5 28.5 28.6
23.1 23.1 23.3 23.5 23.8 24 24.2 24.2 24.2 24.1 24.1 24.1 24.1 24.1 24.1 24.1 24.1 24.1 24.1 24.1 24.1 24.3 24.1 24.3 24.5 24.6 24.8 24.9 25.8 25.5 25.9 26.2 26 26.2 26.3 26.2 26 25.9 25.6 25.4 25.4 25.5 25.7 25.9 26.3 26.7 27.1 27.5 27.9 28.1 28.3 28.5 28.7 28.9 29.1 29.3 29.5 29.6 29.6 29.7 29.7 29.8 29.9 30 30.1 30.1 30.1 30 29.9 29.9 29.8 29.7 29.3 28.9 28.8 28.8 28.8 28.8 28.8 28.8 28.8 28.7 28.6 28.5 28.5 28.6 28.6 28.7
23.2 23.3 23.3 23.6 23.8 24.1 24.1 24 24 24 24 24 24 24 24 24 24 24 24 24 24 24.1 24.3 24.4 24.5 24.6 24.8 24.9 25 25.9 26 25.5 25.5 25.7 25.8 25.7 25.5 25.4 25.2 25.1 25.1 25.3 25.5 25.7 26.1 26.4 26.8 27.2 27.4 27.3 27.7 27.9 28.1 28.4 28.6 28.8 29 29.2 29.4 29.6 29.7 29.8 29.9 30 30.1 30.1 30 29.9 29.9 29.8 29.7 29.6 29.5 29 28.9 28.8 28.6 28.5 28.4 28.4 28.3 28.4 28.4 28.5 28.6 28.7 28.7 28.8
23.3 23.4 23.5 23.6 23.9 23.9 23.9 23.9 23.9 23.9 23.9 23.9 23.9 23.9 23.9 23.9 23.9 23.9 23.9 23.9 24 24.1 24.2 24.4 24.5 24.6 24.7 24.8 24.9 25 24.9 24.8 25 25.2 25.3 25.2 25 24.9 24.7 24.7 25 25.3 25.5 25.8 25.8 26.1 26.5 26.7 26.6 26.7 27.1 27.4 27.6 27.8 28 28.2 28.4 28.6 28.8 29 29.2 29.5 29.9 30 30.1 30 29.9 29.9 29.8 29.7 29.6 29.5 29.4 29.2 29 28.9 28.7 28.5 28.2 28 27.9 28 28.1 28.2 28.2 28.3 28.4 28.5
23.1 23.3 23.5 23.7 23.8 23.8 23.8 23.8 23.8 23.8 23.8 23.8 23.8 23.8 23.8 23.8 23.8 23.8 23.8 23.9 24.1 24.1 24.2 24.3 24.5 24.6 24.7 24.8 24.9 24.8 24.7 24.5 24.5 24.7 24.8 24.7 24.5 24.4 24.4 24.5 24.6 25 26 25.9 25.9 25.8 26.1 26 25.9 26.1 26.5 26.8 27 27.2 27.4 27.6 27.8 28 28.2 28.5 28.9 29.3 29.9 30 30 29.9 29.8 29.8 29.7 29.6 29.5 29.4 29 28.8 28.6 28.4 28.2 28 27.7 27.5 27.6 27.5 27.5 27.6 27.7 27.8 27.8 27.9
23.1 23.1 23.3 23.6 23.7 23.7 23.7 23.7 23.7 23.7 23.7 23.7 23.7 23.7 23.7 23.7 23.7 23.7 23.7 24 24.1 24.2 24.3 24.3 24.4 24.6 24.7 24.7 24.6 24.5 24.4 24.3 24.2 24.3 24.3 24.2 24.1 24.2 24.3 24.4 24.5 24.8 25 25.2 25.4 25.7 25.4 25.2 25.1 25.6 25.9 26.2 26.4 26.6 26.8 27 27.2 27.4 27.8 28.2 28.6 29.1 29.7 30.4 30.1 29.9 29.8 29.7 29.6 29.5 29.3 28.9 28.4 28.4 28.1 27.9 27.7 27.5 27.3 27.1 27.1 27.4 27 27 27.1 27.2 27.3 27.3
23 23 23.1 23.4 23.5 23.6 23.6 23.6 23.6 23.6 23.6 23.6 23.6 23.6 23.6 23.6 23.6 23.6 23.7 24 24.2 24.3 24.3 24.4 24.5 24.6 24.6 24.5 24.4 24.3 24.2 24.1 24 23.8 23.8 23.9 24 24.1 24.2 24.3 24.4 24.7 24.9 25.1 25.3 25.5 25.1 24.7 24.5 25 25.3 25.6 25.8 26 26.2 26.4 26.8 27.2 27.5 27.9 28.3 28.9 29.5 29.8 29.8 29.7 29.6 29.5 29.4 29.2 28.8 28.3 27.8 27.8 27.6 27.4 27.2 27 26.8 26.7 26.7 27 26.9 26.5 26.5 26.6 26.7 26.7
23 23 22.9 23.2 23.4 23.4 23.4 23.5 23.5 23.5 23.5 23.5 23.5 23.5 23.5 23.5 23.5 23.5 23.8 24.1 24.2 24.3 24.4 24.4 24.5 24.5 24.5 24.4 24.3 24.2 24.1 24 23.8 23.7 23.7 23.8 23.9 24 24.1 24.2 24.3 24.5 24.8 25 25.2 25.1 24.8 24.4 24.5 24.7 24.7 25 25.2 25.4 25.7 26.1 26.5 26.9 27.3 27.6 28.1 28.7 28.9 29.2 29.2 29.2 29.1 29.1 29 28.6 28.1 27.7 27.2 26.8 27.2 26.9 26.7 26.5 26.3 26.3 26.2 26.4 26.8 26.4 26 26.1 26.1 25.8
22.9 22.9 22.9 23 23.2 23.2 23.3 23.3 23.3 23.4 23.4 23.4 23.4 23.4 23.4 23.4 23.4 23.5 23.8 24.1 24.2 24.3 24.3 24.4 24.4 24.5 24.5 24.4 24.3 24.2 24.1 23.9 23.8 23.8 23.7 23.7 23.8 23.9 24 24.1 24.2 24.4 24.6 24.9 25.1 24.8 24.5 24.4 24.5 24.7 24.8 24 24.6 25.1 25.5 25.8 26.2 26.6 27 27.4 27.8 28 28.3 28.5 28.6 28.6 28.5 28.3 28.4 28.2 27.5 27.1 26.6 26.2 26.8 26.5 26.2 26 25.8 25.8 25.8 25.9 26.3 26.3 25.9 25.6 25.3 25.1
22.9 22.9 22.8 22.8 23 23.1 23.1 23.1 23.2 23.2 23.2 23.3 23.3 23.3 23.3 23.3 23.2 23.6 23.8 24.1 24.2 24.2 24.3 24.3 24.4 24.4 24.5 24.4 24.3 24.1 24 23.9 23.8 23.8 23.7 23.7 23.7 23.8 23.9 24 24.1 24.3 24.5 24.7 24.9 24.5 24.2 24.4 24.6 24.7 24.9 24 24.4 24.7 25 25.4 25.8 26.2 26.6 27 27 27.2 27.5 27.6 27.8 27.7 27.6 27.4 27.7 27.6 27.4 26.5 26 25.6 26.2 26 25.7 25.5 25.4 25.4 25.4 25.4 25.8 26.2 25.8 24.9 24.5 24.3
22.8 22.8 22.8 22.7 22.8 22.9 22.9 23 23 23 23.1 23.1 23.1 23.2 23.2 23.1 23.3 23.6 23.9 24.1 24.1 24.2 24.2 24.3 24.3 24.4 24.4 24.4 24.2 24.1 24 23.9 23.8 23.8 23.7 23.7 23.6 23.7 23.8 23.9 24 24.2 24.4 24.6 24.6 24.2 24.2 24.4 24.6 24.8 25.1 24.3 24.9 25.1 24.6 25 25.4 25.8 26.1 26.1 26 26.2 26.3 27 27.2 26.8 26.7 26.6 26.9 27 26.8 26.5 26 24.9 25 25.6 25.3 25 25 25 25 25 25.7 25.6 25 24.2 23.7 23.4
22.8 22.8 22.7 22.7 22.6 22.7 22.8 22.8 22.8 22.9 22.9 22.9 23 23 23 23 23.3 23.6 23.9 24 24.1 24.1 24.2 24.2 24.3 24.3 24.4 24.3 24.2 24.1 24 23.9 23.9 23.8 23.8 23.7 23.7 23.6 23.7 23.8 23.9 24.1 24.3 24.5 24.3 24.1 24.2 24.4 24.6 24.9 25.3 25.5 25.8 25.6 25 24.6 24.9 25.3 25.7 25.2 24.9 25 25.2 26.1 26.1 26.1 25.8 25.7 26.2 26.4 26.2 25.9 25.7 25.5 24.2 26 25.7 24.3 25.2 24.9 24.6 24.5 24.4 24.4 23.8 23.3 22.7 22.4
22.7 22.7 22.7 22.6 22.6 22.5 22.6 22.6 22.7 22.7 22.7 22.8 22.8 22.8 22.9 23.1 23.4 23.6 23.8 23.9 24 24.1 24.1 24.2 24.2 24.3 24.3 24.3 24.2 24.1 24 23.9 23.9 23.8 23.8 23.7 23.7 23.6 23.6 23.7 23.8 23.9 24.2 24.3 23.9 24.1 24.2 24.5 24.8 25.1 25.3 25.3 25.4 25.6 25 24.5 24.4 24.8 25.1 24.8 24.5 24.2 24 25.5 24.8 25.5 25.1 24.9 25.5 25.7 25.6 25.4 25.6 24.9 24.4 26 24.8 24.7 24.5 24.3 24.1 24 24 23.7 23.1 22.5 21.9 21.4
22.7 22.7 22.6 22.5 22.3 22.1 22.3 22.4 22.5 22.5 22.6 22.6 22.6 22.7 22.9 23.2 23.3 23.4 23.6 23.7 23.9 24 24.1 24.1 24.2 24.2 24.3 24.3 24.2 24.1 24 24 23.9 23.9 23.8 23.8 23.7 23.7 23.6 23.6 23.7 23.8 24 24 23.9 24.1 24.4 24.7 24.8 25 25.1 25.1 25.1 25.3 25.1 24.5 24.1 24.2 24.7 24.9 24.6 24.3 24.5 25.7 24.3 25.2 24.8 24.8 26 25.4 25.1 25.4 24.9 24.2 24.3 24.5 24.4 24.3 24.1 23.9 23.8 23.6 23.6 23 22.4 21.9 21.3 20.5
22.6 22.6 22.4 22.1 22 21.7 21.9 22 22.2 22.3 22.4 22.4 22.5 22.7 22.8 23 23.1 23.3 23.4 23.6 23.7 23.8 23.9 24.1 24.1 24.2 24.2 24.3 24.2 24.1 24 24 23.9 23.9 23.8 23.8 23.7 23.7 23.6 23.6 23.6 23.7 23.9 23.8 23.9 24.2 24.4 24.6 24.7 24.8 24.9 24.9 24.9 24.9 25.1 24.5 24.1 23.7 24.2 24.9 24.8 24.9 24.8 24.8 24.8 24.7 24.7 24.6 24.6 24.6 24.3 23.8 23.5 23.7 23.9 23.8 23.7 23.6 23.5 23.4 23.4 23.2 22.9 22.4 22 21.6 21.2 20.2
22.5 22.3 22 21.8 21.7 21.3 21.5 21.6 21.8 21.9 22.1 22.2 22.4 22.5 22.7 22.8 23 23.1 23.2 23.4 23.5 23.6 23.8 23.9 24 24.1 24.2 24.2 24.2 24.1 24 24 23.9 23.9 23.8 23.8 23.7 23.7 23.6 23.6 23.5 23.6 23.7 23.8 24 24.2 24.3 24.4 24.6 24.7 24.7 24.7 24.7 24.7 24.8 24.5 24.1 23.7 23.6 24.3 24.5 24.4 24.3 24.3 24.2 24.1 24 24 23.9 24 23.6 23.2 23 23.1 23.3 23.2 23.1 23 22.9 22.9 22.8 22.7 22.6 22.1 21.7 21.3 20.9 20.5
22.2 21.9 21.7 21.6 21.4 21 21.1 21.3 21.4 21.5 21.7 21.9 22.2 22.4 22.5 22.6 22.8 22.9 23.1 23.2 23.3 23.5 23.6 23.7 23.8 24 24.1 24.2 24.2 24.1 24.1 24 24 23.9 23.9 23.8 23.8 23.7 23.7 23.6 23.6 23.5 23.6 23.8 23.9 24 24.2 24.3 24.4 24.5 24.5 24.5 24.5 24.5 24.5 24.6 24.1 23.8 23.7 23.7 23.9 23.8 23.8 23.7 23.6 23.5 23.4 23.4 23.3 23.2 23 22.7 22.6 22.6 22.7 22.7 22.6 22.5 22.4 22.3 22.3 22.3 22.2 21.9 21.5 21 20.6 20.2
21.8 21.6 21.4 21.3 21 20.6 20.7 20.9 21 21.2 21.4 21.6 21.8 22.1 22.3 22.5 22.6 22.7 22.9 23 23.2 23.3 23.4 23.5 23.7 23.8 23.9 24.1 24.1 24.1 24 24 23.9 23.9 23.8 23.8 23.7 23.7 23.6 23.6 23.5 23.5 23.5 23.6 23.8 23.9 24 24.2 24.3 24.3 24.3 24.3 24.3 24.3 24.3 24.3 24.1 24 23.9 23.7 23.5 23.4 23.3 23.2 23.1 23 22.9 22.8 22.7 22.6 22.5 22.3 22.1 22.1 22.2 22.1 22 21.9 21.9 21.9 21.9 21.9 21.8 21.6 21.2 20.8 20.4 20.2
21.5 21.3 21.1 21 20.7 20.3 20.3 20.5 20.7 20.9 21.1 21.3 21.5 21.8 22.1 22.3 22.4 22.6 22.7 22.8 23 23.1 23.2 23.4 23.5 23.6 23.8 23.9 24.1 24.1 24 24 23.9 23.9 23.8 23.8 23.7 23.7 23.6 23.6 23.5 23.5 23.6 23.6 23.6 23.7 23.9 24 24.1 24.1 24.1 24.1 24.1 24.1 24.1 24.1 24.1 23.9 23.7 23.5 23.3 23 22.9 22.8 22.7 22.6 22.5 22.4 22.4 22.3 22.1 21.9 21.7 21.5 21.6 21.5 21.4 21.5 21.5 21.5 21.5 21.5 21.3 21.2 21 20.5 20.1 20.4
21.1 21 20.9 20.9 20 20 19.9 20.2 20.7 20.6 20.9 21.2 21.3 21.5 21.8 22 22.2 22.4 22.5 22.7 22.8 22.9 23.1 23.2 23.3 23.5 23.6 23.8 24 24 24 23.9 23.9 23.8 23.8 23.7 23.7 23.6 23.6 23.5 23.6 23.6 23.6 23.6 23.6 23.6 23.7 23.8 23.9 23.9 23.9 23.9 23.9 23.9 23.8 23.8 23.8 23.7 23.5 23.3 23.1 22.9 22.6 22.4 22.3 22.3 22.2 22.1 22 21.9 21.7 21.5 21.3 21.1 21.1 21 21.1 21.1 21.1 21.1 21.1 21 20.9 20.8 20.6 20.3 20.3 20.6
21 21 21 20.7 21 19 20 20.1 20.4 20.6 20.8 21.2 21.3 21.4 21.5 21.7 22 22.2 22.4 22.5 22.6 22.8 22.9 23 23.2 23.4 23.5 23.7 23.8 24 23.9 23.9 23.8 23.8 23.7 23.7 23.6 23.6 23.5 23.6 23.6 23.6 23.6 23.7 23.7 23.7 23.7 23.6 23.6 23.6 23.6 23.6 23.6 23.6 23.6 23.6 23.6 23.5 23.3 23.1 22.9 22.7 22.4 22.2 22 21.9 21.8 21.7 21.6 21.5 21.3 21.1 20.9 20.7 20.6 20.6 20.7 20.7 20.7 20.7 20.7 20.6 20.5 20.3 20.2 20.3 20.7 21
