data/TQ18.asc
ncols 200
nrows 200
xllcorner 510000
yllcorner 180000
cellsize 50
[rows 0 to 38 of 200, columns 87 to 173 of 200]
59.2 59.2 59.6 59.6 59 58.7 58.6 58.4 58.3 58.1 57.9 57.7 57.3 57 56.6 56.3 55.9 55.6 55.3 55 54.1 54.8 55.6 56.5 57.4 57.4 57.3 57.3 57.2 57.1 56.4 55.8 54.7 54.6 54.7 54.6 53.1 53.4 53 52.8 52.8 53.4 54.3 54.1 53.4 52.9 53 52.6 52 51 50.4 50.4 50.4 50.1 49.7 49.6 49.4 49.2 48.9 48.6 48.3 48.8 48.8 48.6 49.1 49.7 50.4 51.2 52.1 52.8 52.9 53.3 53 52.9 52.4 52.1 52 51.4 50.7 50.3 49.9 49.6 49.5 49.5 49.7 49.9 50.3
57.6 58.1 58.5 58.4 58.2 57.9 57.8 57.6 57.5 57.3 57.1 56.9 56.5 56.3 56.1 55.9 55.7 55.5 55.2 55.2 54.3 54.3 55.1 56 56.6 56.6 56.3 56.2 56.5 56.4 55.9 55.7 54.8 54.2 53.6 53.6 52.6 52.6 52 51.8 52 52.6 53 52.8 52.3 51.8 51.7 51.3 50.8 50.5 50.8 50.5 50.1 49.7 49.2 49.2 49.2 49.1 48.8 48.4 48.1 48.2 47.7 47.8 48.5 49 49.4 50.1 50.9 51 51 51.4 51.9 51.6 51.3 51.1 50.9 50.5 49.4 49.3 49.3 49.1 48.7 48.5 47.7 47.9 48.4
56.6 57 57.4 57.2 57.2 57.3 57.2 57 56.9 56.7 56.6 56.5 56.4 56.3 56.1 55.9 55.7 55.5 55.1 55 56.1 53.3 55.2 55.3 55.8 55.8 55.6 55.4 55.7 55.6 55 54.8 54.3 53.6 53 52.4 52 51.7 51.1 50.8 51.3 51.8 51.7 51.4 51.1 50.7 50.4 49.9 50.3 49.9 50.3 50 49.5 49.1 48.6 48.9 49 49 48.7 48.3 48 46.6 46.8 47.2 48 48.4 48.9 49.6 50.7 51 49.3 49.5 50.4 50.4 50 50.2 50.7 50.5 49.5 48.8 48.8 48.6 48 47.6 46.7 45.9 46.1
55.5 56 56.2 56.2 56.7 56.8 56.7 56.5 56.4 56.3 56.1 56.1 56.1 56.1 56.1 55.9 55.7 55.5 55.2 55 55.7 54.3 54.5 55.2 55.4 55.4 55.4 55.8 54.5 54.3 54.2 54.1 53.8 53.2 52.5 51.8 51.2 50.7 50.1 50.1 50.5 50.8 50.3 50.1 49.8 49.4 50 50.1 49.9 49.5 49.2 49.4 48.9 48.5 48.2 48.5 48.8 48.8 48.5 48.2 47.8 46.1 46.2 46.7 47.4 48 48.9 49.5 49.5 49.1 48.7 48.9 49.2 49.4 49.6 50.3 50 49.5 49.2 49.1 48.4 48 47.4 46.7 45.7 44.6 44.2
55.9 54.9 55.1 55.8 56.2 56.3 56.2 56 55.9 55.8 55.8 55.8 55.6 55.7 55.7 55.8 55.7 55.5 55.2 55.3 54.9 53.4 54.3 55.2 55.5 54.4 54.4 54.3 53.6 53.5 53.4 53.3 53.2 52.8 52.1 51.4 50.8 50.3 49.1 49.1 49.5 50.3 49.2 49 49.2 49.9 50 49.9 49.5 49.1 48.7 48.8 48.4 47.9 47.9 48.1 48.4 48.6 48.4 47.8 47.3 45.7 45.7 45.6 46.4 47.4 48.4 49 48.9 48.5 48.4 48.6 48.7 48.9 49.2 49.2 49.4 48.8 48.5 48.2 47.9 47.6 47 46.1 45.9 45.9 44.5
54.2 54.2 54.4 55.3 55.7 55.8 55.7 55.7 55.7 55.7 55.7 55.7 55.7 55 55.1 55.2 55.3 55.3 55 55.5 54.1 52.6 54.3 55.2 55.6 55.4 54.7 53.7 53.2 52.8 52.6 52.5 52.4 52.2 51.8 51.1 50.4 49.6 49 49.2 49.2 49.8 49.4 49.2 49.7 49.8 49.9 49.5 49.1 48.7 48.2 47.8 47.8 47.3 47.5 47.7 48 48.1 47.8 47.3 46.8 45.3 44.7 44.3 45.3 46.4 47.5 48.3 48.4 48 48.1 48.2 48.3 48.5 48.7 48.6 48.5 48.2 47.8 47.5 47.3 47.2 46.7 45.9 44.8 44.9 44.5
54.7 54.1 54 55.2 55.5 55.5 55.5 55.5 55.5 55.5 55.4 55.2 55.7 55.6 54.4 54.6 54.9 54.4 54 53.8 53.2 52.1 53.8 55.6 56.1 55.7 54.3 53 52.6 52.8 52.1 51.8 51.6 51.4 51.3 50.7 50.2 50.1 49.5 49.3 48.9 48.9 49.4 49.7 49.5 49.7 49.5 49.1 48.6 48.2 47.8 47.4 47.2 46.9 47.1 47.3 47.3 47.2 47.2 46.5 45.7 44.4 44 44 45.8 45.7 46.6 47.4 47.8 47.5 47.7 47.8 47.9 48 48.2 48 47.9 47.7 47.2 46.8 46.7 46.6 46.4 45.6 45.1 44.9 44.2
54.3 54.6 54.3 55.1 55.4 55 55.2 55.2 55.1 55 55 55.2 54.5 55.5 56.1 54.4 51.7 53.6 56 55.2 54.7 52.2 53.1 54.7 54.9 54.2 53.5 52.6 52.1 52.4 52.3 51.3 51.1 50.8 50.6 50.3 50.4 51 49.3 48.9 48.5 48.5 48.8 49.2 49.6 49.5 49.1 48.6 48.2 47.8 47.4 46.9 46.5 46.5 46.5 46.4 46.4 46.4 46.4 46.2 45.3 45.1 44.1 44 45.6 45.4 45.8 46.5 47.1 47.2 47.3 47.4 47.5 47.6 47.6 47.4 47.2 47.3 46.8 46.5 46.2 46.1 46 45.5 45.4 44.7 43.9
53.9 54.5 54.8 56 56 54.5 55.3 54.9 54.6 54.5 54.7 55 54.4 54 55.3 54.5 52.3 55 55.5 55.9 54.7 52.7 52.4 53.1 53.2 53.1 52.3 52.1 51.7 51.8 52 51.7 50.6 50.3 50.1 50.7 50.9 50.8 49.7 48.5 48.1 48.1 48.4 48.9 49.2 49.2 48.8 48.4 47.9 47.5 47.1 46.7 46.2 45.9 45.8 45.7 45.6 45.6 45.5 45.5 45.3 46.1 44.5 44.3 44.1 44.7 45.4 45.9 46.4 46.7 46.8 46.9 47 47.1 46.8 46.7 46.5 46.9 46.4 46.3 45.3 45.7 45.8 45.1 45.2 44.4 43.7
53.7 54.3 54.5 55.5 55.4 53.8 54.6 55.6 54.6 54 54.3 54.6 54.4 54.1 54.6 54.5 54.1 54.8 55.4 56 55.1 54.5 52.4 51.8 51.4 51.1 51 50.5 51.2 51.2 51.5 51.5 51 50 50 50.9 51 49.1 48.7 48.2 47.7 47.8 48.3 48.6 48.8 49 48.6 48.2 47.8 47.3 46.9 46.4 45.9 45.3 45.4 45.3 45.2 45.1 45 45 46.1 44.8 44.6 44.4 44.2 44 44.7 45.6 45.7 46 46.2 46.3 46.4 46.5 46.1 45.9 45.8 46.4 46.1 46 44 46.1 45.1 44.6 44.1 43.7 43.4
53.6 53.9 53.7 53.9 53.7 53.5 54.2 54.6 54.8 54.7 54.5 54.1 54 54.2 54.6 54.6 55.1 55.7 56 56.3 55.7 55.2 54.7 53.1 51.4 49.5 49 49 49 50.6 51 51.1 51 49.6 49.6 49.7 51 50.7 49.8 48.7 47.7 47.6 48 48.2 48.3 48.6 48.4 48 47.6 47.2 46.6 46.1 45.5 44.8 44.8 44.8 44.8 44.7 44.8 44.7 44.6 44.8 44.7 44.5 44.3 44.1 44.1 44 44.7 45.3 45.6 45.7 45.9 45.8 45.4 45 45.1 45.7 46 46.1 44.6 44.1 44.4 44 43.6 43.2 42.7
53.3 53.2 53.1 53 53.1 53.3 53.6 54 54.4 54.8 54.4 54.1 53.9 54.5 54.8 54.8 56.1 57.4 57.7 58.1 57.3 56.2 55 53.9 52 50.3 49.5 49 49.1 49.6 50.2 49.3 49.5 48.9 48.8 49 49.3 49.7 49.1 48.4 47.6 47.4 47.6 47.7 47.9 48.1 48.3 47.8 47.4 46.9 46.3 45.7 45.2 44.2 44.3 44.3 44.3 44.4 44.2 44.2 44.1 44.2 44.5 44.6 44.3 44 44 44 45 46 45.6 45.2 45.5 45.1 44.7 44.3 44.2 44.3 46.1 46.1 44.4 43.7 43.6 43.3 42.9 42.5 42
53 53.1 53.3 53.5 53.7 53.9 53.8 53.8 54.2 54.6 54.2 53.9 54.3 54 55.7 55.7 57.1 58.5 59.4 59.8 58.6 56.9 55.5 54.4 53.2 51.3 50.4 50.3 49.6 49.3 49.2 49.2 49.4 48.8 47.6 47.1 48.2 48.7 48.1 47.4 46.8 47.1 47.1 47.3 47.4 47.7 47.9 47.6 47.1 46.5 46 45.4 45.4 45.8 44.8 44.6 44 43.8 43.7 43.6 43.6 43.7 44.1 44.3 44.8 44.4 44 46.1 45.7 45.3 45 45.1 44.9 44.8 44.8 44.7 44.6 44.6 44.8 45 44.2 43.4 42.8 42.6 42.2 41.8 41.3
53.8 54.1 54.3 54.4 54.6 54.2 53.8 53.8 54 54.5 54.4 54.9 54.8 55.6 56.2 57 58.4 59.7 60.6 61 59.5 57.6 55.3 54.2 53.2 52.2 50.9 50.4 50.1 50.6 49.1 49.2 49.3 48.6 47.4 46.1 47.6 47.7 47.1 46.4 46.6 47.1 47 46.9 47 47.2 47.4 47.2 46.8 46.2 45.6 45.1 45.9 45.3 44.7 44.1 43.5 43.3 43.2 43.1 43 43.2 43.6 44 44.4 44.9 44.2 44.9 45.7 44.3 44.7 44.3 44.2 44.3 44.3 44.3 44.3 44.4 44.6 44.8 44 43.1 42.3 41.9 41.5 41 40.6
54.3 54.6 55 55.2 55.2 55 54.7 54.2 54.4 54.5 54.8 55.4 55.6 56.3 57.3 58.2 59.1 59.7 60.2 60.8 60.2 57.6 55.1 54.1 53.1 52.1 51.2 50.7 50.3 49.6 49 49.1 49.2 49.1 47.4 46.5 47.4 46.5 45.9 45.7 46.4 47.1 47.1 47.2 46.8 46.6 46.7 46.7 46.3 45.8 45.3 44.1 44 44.9 44.1 43.5 42.9 42.6 42.8 42.7 42.5 42.6 43.1 43.7 44.2 44.6 45.6 46.1 46.1 44.9 44.3 43.8 43.5 43.5 43.6 43.6 43.8 44 44.4 44.5 43.7 42.9 42 41.2 40.8 40.3 39.9
54.8 55.1 55.5 55.5 55.3 56 55.9 55.5 55.1 55.2 55.5 56 56.8 57.5 58.3 59.1 59.3 59.8 60.3 60.3 60.4 57.5 54.9 54 53.2 52.3 51.5 50.9 50.5 50 49.2 49 49.1 49.5 48.7 48.2 47.9 47.1 46.2 45.8 46.3 47.4 47.6 47.3 46.7 46.3 46.3 46.3 46.1 45.4 44.7 44 44.2 44.6 43.8 43 42.3 41.9 42.4 42.3 42.1 42.1 42.7 43.4 43.9 44.5 44.7 44.9 45.1 44.5 44 43.4 42.9 42.8 43 43.2 43.4 43.7 44.3 44.3 43.5 42.6 41.7 40.9 40.2 39.6 39.3
55.4 56.1 56.5 56.4 56.3 56.1 56.4 56.5 56.1 56.4 56.8 57.2 57.9 58.7 59.5 59.6 59.8 60.3 60.7 60.2 58.9 56.5 54.8 54.2 53.4 52.5 51.7 51.1 50.8 50.4 49.7 49.3 49 49.5 49.2 49 48.2 47.4 46.7 46.6 47.3 47.8 48.1 48.2 47.7 46.6 46 46.1 46 45.9 45.7 44.3 44.4 44.3 43.5 42.7 41.8 41.2 41.7 41.9 41.8 41.8 42 42.6 43.3 43.9 44.2 44.6 44.2 43.9 43.4 42.9 42.3 42.7 42.9 43.1 43.3 43.6 44.2 44 43.2 42.2 41.3 40.5 39.8 39.1 39.8
56.5 57.3 58 57.9 57.9 57.9 57.6 57.3 57.3 57.8 58.2 58.5 59.1 59.9 60.5 60.6 60.7 61.1 60.9 60.2 58.5 56.7 54.6 54.2 53.5 52.7 51.9 51.4 51 50.6 50.1 49.6 50 51 50.5 49.2 48.4 48 47.7 47.7 48.4 48.9 49.2 49.5 48.7 47.5 46 45.8 45.6 45.6 45.3 45.5 44.5 44.3 43.3 42.2 41.3 40.6 41.1 41.4 41.5 41.6 41.6 41.9 42.5 43.1 43.7 43.8 43.5 43.2 42.7 42.2 42.1 42.5 42.9 43.3 43.5 43.7 44 43.8 42.8 41.9 40.9 40.1 40.1 39.3 39.4
57.6 58.5 59.5 59.5 59.5 59.6 59.3 59 59.4 59.8 60 60.2 60.5 61.4 61.9 61.5 61.5 61.2 60.9 59.9 58.3 56.5 54.9 55.3 54.5 53.2 52.2 51.5 51.1 50.7 50.4 49 50.3 51 50.9 50.9 49 48.8 49.4 48.8 49.5 49.6 49.2 50.6 49.6 48.1 46.8 45.5 45.3 45.4 44.8 44.2 44 44.4 43.3 42.3 41 39.9 40.4 40.8 40.9 40.9 40.9 41.4 42.2 42.9 43.5 43.2 42.8 42.5 42.1 41.6 41.9 42.3 42.7 43.2 43.6 43.9 44.2 43.7 42.7 41.8 40.8 40.2 40.2 39.1 39
58.8 60.1 61 61.2 61.2 61.2 61 61.1 62.2 62.6 62.6 62.8 62.7 63.1 62.6 62.1 61.1 60.8 60.4 59.4 58 56.5 55.6 55.5 54.2 53.3 52.5 51.7 51.2 50.8 50.6 49.4 49.9 50.7 50.6 50.7 49 49 51 49.9 49.2 49 49 51 49.7 48.2 46.9 45.5 44.8 44.2 44 44 44 44.6 43.2 41.8 40.6 39.3 39.9 39.6 39.5 40.4 40.7 41.3 42.4 43 43.3 42.8 42.3 41.8 41.4 41.3 41.7 42.2 42.6 43 43.4 43.8 44 43.8 42.8 41.9 40.9 40.3 39.9 39.5 39
59.4 61 60.5 61.4 62.1 62.8 62.7 64.1 66.2 67.1 65.8 65.4 64.8 63.6 63.1 62.1 61.2 60.1 59.8 58.8 57.4 55.9 56.1 54.5 54.2 53.5 52.7 51.9 51.7 51.5 51.1 51.5 52.1 51.9 51.4 50.5 50.1 50.7 51 51 49 49 49.4 51 49.7 48.2 46.7 45.3 44 44 44 44 44 44.2 44 42.6 41.3 40.4 40.8 39.5 39.8 40.1 40.5 41.2 42.3 42.8 42.9 42.4 41.9 41.5 40.8 41 41.4 41.8 42.2 42.6 43 43.4 43.6 43.4 42.9 42 41 40.4 40 39.4 39.2
59 60.6 60.4 61.6 62.7 63.4 64.2 66.4 69.8 70.8 68.8 66.4 65.2 64 63.1 62.2 61.3 60.3 59.6 58.2 56.7 55.3 54.3 54.5 54.1 53.4 52.9 52.5 52.7 52.7 52.3 53.8 54.5 53.5 52.3 51.6 51 50.1 50.6 49 49 49 49 49.2 48.9 47.5 46.1 45.1 44 44 44 44 44 44 44.5 43.5 42.7 41.8 40.5 39.6 39.7 39.8 40.3 41.1 42.2 42.6 42.5 42 41.4 40.7 40.2 40.5 40.9 41.4 41.8 42.2 42.6 43 43.2 43 42.5 42 41.1 40.4 40.1 39.7 39.2
58.4 59.7 60.3 61.5 62.7 63.7 64.4 66.6 69.3 70.1 68.7 66.7 65.3 64 63.1 62.3 61.4 60.5 60.6 58.6 56.7 55.4 55 54.1 54.3 53.9 53.4 53.2 54.1 53.9 53.5 56.1 54.4 54.4 53.4 52.6 51.7 50.8 49.9 50 50.1 49.1 49.2 48.4 48.2 47 45.2 44.5 44.2 44 44 44 44 44.1 44.6 45.1 44.1 42.3 41.3 40.1 40 39.5 39.9 41 41.9 42.3 42.2 41.4 40.7 40 39.8 40.1 40.5 40.9 41.3 41.8 42.2 42.2 42.4 42.7 42.2 41.6 41.1 40.5 39.6 39.5 39.2
57.9 59.2 60.2 61.3 61.9 63 64.2 65.9 67.2 67.7 66.7 66.5 65.4 64 63 62.2 61.3 60.5 59.2 58.1 57.6 56.8 55.9 55.3 56.1 54.5 54 53.8 54.8 55.6 55.3 54.5 54.2 54.6 54.1 53.2 52.2 51.5 50.7 50.6 51 51 49.2 48.3 47.5 46.3 45.3 44.8 44.4 44 44 44 44.5 46.1 46.1 45.6 44 42.8 41.3 40.5 40.4 39.5 39.5 40.4 41.3 41.8 42 41.4 40.6 39.5 39.9 39.5 40 40.4 41.3 41.4 41.4 41.3 41.5 41.8 41.9 41.2 40.5 39.3 39.2 39 39.6
56.3 58.1 60.1 60.4 60.4 61.5 62.9 64.1 65.7 65.9 65.4 65.3 64.9 64.1 62.9 62.1 61.4 60.7 60.1 59.4 57.9 57 56.5 55.9 55.2 54.3 54.5 54.5 55.5 55.6 56 54 54.4 54.1 54.6 53.7 52.9 52 51.3 50.8 50.9 51 49.6 48.5 47.5 46 45.4 44.9 44.6 44.1 44 44.8 45.8 46.1 46.1 45.1 43.6 42.3 42.1 41.3 40.3 39.5 39.1 39.5 40.4 41.1 40.8 40.6 40.1 41.1 40.3 39.5 39.6 40.1 40.7 40.6 40.6 40.5 40.5 40.7 40.7 40.3 39.6 39 39 39.2 40.2
55 55.5 57.3 58 59 60.1 61.3 62.3 63.8 64.5 64.5 64.1 63.9 63.3 62.8 62.1 61.4 60.6 59.8 59 58.1 57.6 57.1 56.5 55.8 55.5 55.4 55.5 55.8 55.5 55.3 54.9 54.8 54.5 54 54.1 53.2 52.4 51.9 51.4 50.8 51 49.9 48.5 47.5 46 44.3 44.3 44.3 44.1 45 45.7 45.9 46.1 45.6 44.7 44 44.3 43.5 42.8 41.8 40.7 39.4 39.2 39.6 40.6 40 39.6 40.8 40.9 40.1 39 39 39.2 39.8 39.8 39.7 39.7 39.6 39.5 39.5 39.1 39 39 39 40.1 40.6
54.5 54.9 55.2 57 57.8 58.7 59.7 60.8 61.6 62.2 62.5 62.6 62.5 63 62.6 61.9 61.2 60.4 59.6 59.2 59.3 58.9 58.3 57.6 57 56.9 56.7 56.7 56.6 55.6 55.3 55.3 54.7 54.1 54 54.2 53.5 52.9 52.4 52.1 51.8 50.8 49.9 49 48.5 47 45.4 45.1 45.2 45 44.9 45.5 46.1 45.5 45.2 45.1 45.9 45.2 44.9 44.4 43.9 41.7 39.8 39.1 39 40.1 39.6 39 39.1 39.8 39.2 38.5 38.3 38.4 38.9 38.9 38.9 38.8 38.7 38.6 39 39 39 39 39.5 40.3 41.1
54 54.3 54.7 56.4 57.2 58 58.9 59.4 59.7 60.3 60.9 60.9 61.6 62.1 62.3 61.8 61 60.2 59.8 59.6 59.7 59.8 59.5 58.7 58.4 58.4 58.2 58 56.7 55.6 55.2 54.8 54.1 54 54 54.7 54.5 54 53.7 53.4 52.8 51.9 51.6 50.9 50.5 48.8 47.3 47 45.6 45.4 45.2 45.2 45.2 44.7 45.1 45.2 46.1 46.1 44 46.1 46.1 43.4 41.4 39.5 39.1 39 39.3 39.5 39.4 39.2 38.7 38.2 38 37.9 38 38.1 38 38.1 38.1 38.8 39.6 39.3 39 39.3 40.2 40.9 41.5
54.3 54.1 54.2 55.8 56.8 57.9 59 59.1 59.2 59.1 59.3 59.9 60.6 61.2 61.6 61.6 60.8 60.5 60.2 60 60.1 60.2 60.3 59.9 59.9 59.9 59.6 58.5 57.2 56 55.3 54.7 55.3 55.7 56.2 56 55.9 55.7 55.6 54.5 53.9 53.3 53.6 53.3 52.4 50.9 49.4 48.1 46.2 45.7 45.4 45.5 44.9 44.7 45.2 45.4 45.9 45.6 46 46.1 46.1 44.7 43.8 40.6 40.1 40.7 40.2 39.8 40.3 39.1 39 38.5 38.1 38.2 37.9 37.9 37.8 37.8 38.4 39.2 39.7 39.8 39 40.2 40.8 41.4 42
55 55 54 55.6 56.8 58.1 59.1 59.1 59.1 59 59.3 59 59.4 60.2 60.6 61.1 61.1 60.9 60.6 60.4 60.6 60.6 60.7 60.5 60.8 60.8 59.2 58.9 57.8 56.7 56.5 56.6 57 57.5 58 57.8 57.2 57.1 55.7 54.3 54.3 56.3 57 57.1 55 52.6 50.6 49.1 47.5 46.3 46.6 47.2 47.4 46.4 45.6 45.4 45.7 44 45.8 45.9 46.1 45.5 43 42.3 42.7 43.9 42.9 42.1 41.1 40.4 40 39.4 39.1 39.4 38.9 38.9 38.8 38.8 38.8 39.4 39.7 39.9 40.6 40.5 41.1 41.7 42.3
56 56.6 56 56.9 57.6 59 59.1 59.1 59 59.4 59.7 59.4 59.1 59.3 59.9 60.4 61 61.2 61 60.9 60.9 61.1 61.3 61 59.7 59.1 58.9 59.6 58.6 57.6 58 58.3 58.7 59.3 59.8 59.6 58.7 57.7 57 56.4 58.3 60.7 62 60.2 56.7 52.9 50.9 49.5 48.4 48 48.9 49.5 49.2 48.1 46.9 45.6 44.7 44 44 44.4 44.9 43.3 42.6 43.6 44.6 46.1 44.7 43.5 42.8 42.1 41.4 40.6 40 40.4 39.5 39.5 40.1 40.1 39.9 39.5 39.2 39.1 40.1 40.7 41.3 41.9 42.5
57.5 58.2 57.9 58.5 59.8 59.6 59.2 59 59.4 60 60.1 59.8 59.7 59.9 60.1 60.3 60.5 60.9 61.3 61.3 61.5 61.6 61.8 61.4 60.1 58.9 58.9 59.2 59.6 58.6 58.6 59 59.9 60.5 61.2 60.1 59.4 59.4 59.1 59.1 62.1 65.5 66 61.2 57 53.7 51.4 50.3 50.5 50.1 51 51 50.2 48.6 46.9 45.9 45.5 44 44 44 44.4 43.5 43.5 44.7 44 45.6 46.1 45.7 44.7 44 43.3 42.6 42.1 42 40.5 40.1 40.8 41.1 39 39.5 39.4 39.2 40.2 40.6 41.3 42 42.5
58.9 59.6 59.7 60.4 60.6 60.4 60.3 60.3 60 60.6 60.6 60.5 60.5 60.6 60.8 61 61.3 61.5 61.6 61.8 62 62.2 62.4 61.8 60.6 58.9 58.9 60 60.5 60.1 59.1 59.4 60.9 61.7 61.4 61.5 60.6 61.2 61.9 62.4 65.7 66 64.4 60.6 57.4 54.5 52 51.9 51.3 50.8 50.9 50.9 49.7 48.6 46.9 46.4 45.8 45 44.5 44.2 44.1 43.6 44.4 46.3 46.8 47.3 48.1 48.1 47.6 46.5 45.4 44.7 44.3 43.7 42.7 40.8 40.5 41 39 38.7 39.5 39.5 40.3 40.5 41.2 41.9 42.1
60.1 61 61.1 61.3 61.9 62.4 62.3 62.3 62.3 62 61.3 61.2 61.2 61.3 61.5 61.8 62 62 62.1 62.3 62.4 62.7 62.9 62.3 61.8 61.1 61.6 62 61.6 61.4 61.1 61.6 61.9 62.5 62.6 62.7 63.1 64 65.6 66 65.8 64.7 61.8 59.5 57.6 55.6 53.3 52.2 51.5 50.8 50.7 49 49.7 48.3 47.2 46.3 45.5 44.3 44.4 44.2 43.8 44.7 46.8 49 49.3 49.7 50.6 50.5 50.5 49.6 48.3 47.2 45.4 45.7 44.2 42.4 40.6 40.5 38.8 37 36.8 38.2 40.6 41 41.3 41.6 41.4
60.4 62.9 62.2 62.5 63.3 64.3 64.2 64.2 64.2 63.9 62.6 62 61.9 62 62.3 62.3 62.5 62.8 63 63.1 63.8 64.1 64.3 63.7 63.5 63.1 63.1 63.7 63.2 63 62.7 62.9 63.5 63.7 63.6 63.6 64.4 65.8 66 65.4 63.9 61.8 59.5 58.5 57.4 56.4 54.8 53.4 52.6 51.7 50.2 49 49.5 48.5 47.7 46.9 46.1 44.9 44.1 44.3 44.9 46.2 49.1 52.2 52.6 53.7 54.2 54.3 53.9 52.3 50.9 48.9 46.9 44.8 43.7 42.2 40.6 39.7 37.8 36 34.7 37.4 39.6 40.4 40.8 40.9 40.7
59 60.1 62.9 63.9 64.2 65 65 64.2 64.9 64.6 63.9 63.4 62.8 62.8 63.1 63.3 63.6 63.8 63.9 63.9 64.5 65.1 66 63.9 64.1 63.8 65.2 65.7 65.3 64.8 64.4 64.2 64.8 65.1 65 65.5 65.1 65.3 64.7 63 60.8 59.3 58.4 57.4 56.4 55.4 55.6 54.4 53.5 52.7 51.2 49.4 49.4 49 48.5 47.9 47.4 47.1 46.9 47 47.6 48.3 50.7 54.5 56.1 56.5 56.8 55.7 55.9 54.8 52.4 50 47.3 45.2 43.1 41.6 39.8 38.6 36.8 34.8 35.1 38 38.7 39.4 40.1 40.5 40.5
58 59.5 60.4 62.2 63.7 64.9 65.9 66.1 66.1 65.8 65.3 64.4 64.1 64.2 64 64.4 64.6 64.7 64.7 64.7 65.1 65.5 65.1 64.5 64.6 65.4 67.5 68.5 68.1 67.7 66.7 66 66 66 66 66 66 64.3 64.2 61.7 59.4 58.9 57.9 56.4 55 54 54.2 54.5 54.4 53.7 52.5 51.8 51.3 50.7 50.2 49.7 49.5 49.7 49.7 49.8 50.5 51.4 53.2 57.3 59.5 59.3 58.3 56.1 56.2 56.1 54.1 51 48.2 45.4 43.6 41.7 39.8 38.4 36.6 34.8 36.4 37.9 38.5 38.8 39.3 39.9 39.8
57.4 59.1 60.2 61 62.8 63.9 64.9 65.9 66.1 66.1 66 65.5 66.8 66.7 65 65.8 65.2 65.1 65.5 65.9 66.3 67 66.8 65.7 66.7 68 69.5 71.1 69.5 68 65.4 64.2 64.9 65.1 66 66 64.6 64.2 63.4 61.6 59.8 58.8 57.5 55.9 54.5 54.1 54.3 54.4 54.4 54.5 54.7 54.8 54.1 53.2 52.3 51.5 51 51.2 51.8 52.6 53.5 54.3 56 59.4 60.9 60.1 57.9 56.4 56.3 56.1 55 51.7 49 46 44.4 42.6 40.5 38.8 36.9 35.1 35.8 37.7 38.3 38.6 38.9 38.7 38.5
56.8 58.7 59.7 60.1 61.6 62.1 63.1 64.5 65.5 65.8 65.8 65.1 67.5 67.5 65.6 65.8 65.3 66.2 66.6 67 67.7 68.2 69.1 69.1 69.5 70.6 70.9 70.7 69.3 66.5 64.5 64.1 64.6 64.6 65.4 65 64 64 63.2 61.5 60.2 58.9 57.6 56.2 55.5 54.1 54.2 54.4 54.3 54 55.1 56.1 56.1 55.9 54.9 53.7 52.8 53.1 53.8 55.1 55.7 56.4 57.6 58.3 57.8 56.9 56.4 56.1 55.7 55.6 54.2 52.3 49.6 46.7 44.8 43.4 41.6 39.6 37.6 35.6 35.1 35.7 36.9 36.4 37.2 37.2 37
