data/TQ30.asc
ncols 200
nrows 200
xllcorner 530000
yllcorner 100000
cellsize 50
[rows 0 to 36 of 200, columns 84 to 167 of 200]
103.1 100.4 95.9 92.7 90.2 87 83.9 81.1 78 76.5 82.3 93 108.4 120.5 127.2 129.9 128.4 122.6 115.7 109.6 104 101.9 102.9 104.9 107.7 108.3 109.1 112.4 116.4 125.4 134.4 138.6 139.8 137.8 133 125.1 107.8 93.7 92.9 98.6 107 114.4 122.4 127.1 132 130.5 125.4 117.4 114.4 116.6 119.1 120.5 120.7 118.3 113.1 105.4 91.6 79.2 70.7 64.6 65.9 64.5 63.9 61.3 59 58 59 63.7 67.2 69 69.4 67.2 61.6 54.9 48.1 43.1 51.9 59.2 62.7 65.3 69.1 73 74.8 76.4
102.9 97 93.3 89.6 87.4 83.4 80.7 79.1 76.1 75.9 85.4 98.9 113.5 121.5 127.3 129 126.8 122 115.9 109.3 102.8 98.9 98.9 102.6 104.9 107.3 110.8 117 124.3 131.7 135.9 138 138.4 136.2 130.4 121.2 103 90.7 90.1 93.1 101 108.9 115.1 121.2 126.6 128.1 124.8 114.9 107 109.8 112.9 115.2 117.9 119.4 116.6 111.9 105.3 92.5 80 74.4 72.3 71.6 70.5 67 62.6 58.3 56.5 59.2 61.2 64.5 66.8 65.3 62.9 56.7 51.6 44.9 44.4 51.3 55.6 57.3 59.7 62.9 65.7 67.5
111.6 104.2 96.8 90.8 86.6 82.5 78.6 77.3 76.4 77.3 90.2 104 115.6 122.2 126.9 127.3 124 118.8 113.2 106.6 100.2 97.6 104.1 110.5 115 117.5 120.8 125.8 129.7 133.2 134.7 135.4 135.7 133.9 128.3 118.5 102.7 88.3 87.6 90 95.7 102.4 108.6 114.7 120.8 124.3 121.9 114.1 104.8 101.8 105.5 109.1 113.9 117.6 118.6 115.6 112 106.2 99 87.1 82.4 78.8 74.3 69.9 63.7 58.5 56.8 55.3 55.8 59.3 62 62.9 60.7 58.5 54.3 47 40.5 44.4 48.1 48.3 49.5 52 56.1 58.7
113.3 107.3 99.1 92.4 84.7 80.9 77.8 76.2 75.6 80.6 94.6 108.2 116.5 122.2 124.7 125 121.1 115.9 109.7 103.2 97.3 95.3 107.1 114.3 120.2 124.2 126.5 128.4 130.5 131.3 131.9 132.4 132.7 131.7 129 119.6 109.2 94.7 84.5 84.5 89.1 96 101.8 109.1 115.8 120.9 120.3 113.4 102.9 94.4 98 103.9 108.6 113.3 117 118 115.1 111 106.1 98.9 92.7 83.5 77.3 71.4 64.4 60.7 57.6 54.6 52.9 54.1 57.6 59 58.7 57.4 53.4 48.8 42.3 39.4 41.1 42.1 41.9 42.7 45.8 51.7
113.3 107 98.1 91.9 84.2 81.2 78.3 74 74.3 85.8 99.5 109.6 116.4 121.2 123.2 123 119.6 113.3 106.1 99.3 95.2 94.9 107.8 115.7 120.2 123.5 125.8 126.4 126.2 126.7 126.7 127.7 128.9 129.9 128.7 123.4 116 104.1 90.2 80.8 80.1 85.1 95.1 104.5 111.9 117.6 118.3 113.2 102.7 90.4 89.4 97.7 102.9 107.7 112.7 115.9 116.1 114 110.3 105.8 97.9 90.1 81 73.9 68.6 64 59.7 55.6 52 50.4 52.4 53.9 53.8 52.4 48.9 44.7 40.8 39.3 38.7 38.2 37.2 37.4 39.6 44.9
111.9 105.5 96.1 87.5 82.1 78.7 74.5 73.9 76.9 89 99 108.4 115.2 120.1 121.7 120.9 118.4 112.6 103.9 95.4 92.3 98 107.5 112.5 116.7 119.9 121.2 121.7 121.4 121 120.8 121.7 124.1 126 126.3 124.1 120 109.1 97.9 81.9 78.4 78.3 89.2 99.7 108.4 115 116 111.6 100.8 86.9 83.5 90.3 97.3 102.3 107.2 111.4 115 113.9 112.9 109.1 104.3 97.2 89.1 80.4 73.2 68 62.2 58.5 53.7 49.9 49.1 50.1 48.4 46.3 42.8 45.5 47.8 46.2 43.7 41.9 39.6 37.7 36.1 39.3
110.3 104 94.8 85.2 79.7 75.8 73.4 72.9 79.4 88.6 98.1 107 113.5 117.8 120.5 119.4 116.8 111.9 103.2 94.7 91 98.2 103.7 108 111.5 115.1 116.6 116.8 115.3 113.9 113.5 115.6 118.8 121.1 122.7 121.7 118 111 103.7 88.3 76.4 75.4 84.8 95.2 105.1 111.9 113.8 109.9 101.9 87.1 79.4 82.8 90.7 96.8 101.4 107.4 111 113.4 112.7 111.6 107.8 103.3 96.7 89.3 81.1 74.4 69.1 66.1 60.1 54.3 50.7 48.9 48.5 49.2 51.8 57.3 58.9 55.3 50.8 46.8 42.7 40 36.9 36.4
108.7 103.5 94.8 85.3 77.9 73.9 71.3 71.7 78.9 86 95.3 102.9 109.9 114.5 118.1 117.7 115.7 111 104.4 94.8 89.8 95.5 100.5 103.4 106.3 109.9 110.6 110.7 108.5 106.6 106.3 108.8 112.2 115.1 116.9 116.9 114.7 109.4 101.1 87.1 75.3 73.3 80.9 91.3 101.5 107.8 110.5 108.1 101.9 89 78.3 76.2 82.1 90 95.6 102.2 107.2 109.9 112 112.1 110.8 106.1 102.1 98.1 92.3 86.5 82.8 79.4 72 65.4 58.9 56.8 57.4 59.9 66.2 72.5 69.6 63.8 57.3 51.7 46.3 43 38.4 34.2
108 102.6 94.3 85.9 77.1 72.4 69.9 70.6 76 82.6 90.8 98.6 106.4 111.3 115 116.8 114.6 111.8 106.5 97 88.4 89.3 93.7 98 100.2 103 104.8 105 102 99.8 99.6 101.7 104.9 107.9 110.5 112.5 111.4 107.1 99.5 86.1 74.3 71.6 77.6 88.4 98 103.2 105.9 104.3 100 90.8 82 73.5 72.8 81 89.4 96 101.4 105.5 108.5 109.9 110.2 109.3 107 104.1 101 96.9 93.6 90.6 88.8 81.9 78.5 74.4 73.4 79 84.8 83.3 79.2 74 66.7 59.2 52.4 47 42 36
106.1 102 93.9 85.1 77.3 72.4 69 69.6 74.2 79.3 87.9 96.3 103.4 108.3 112 114 113.8 112 109.8 103.3 92.1 87.1 87 90.9 94.4 96.8 99.1 99.7 96.7 93.9 92.8 95 96.7 100.3 104 107 107.5 104.7 97.8 86.2 73.7 70 74.9 84.3 93.5 97.9 100 99.8 95 89 82.8 75.7 67.8 70.7 80.7 90 95.6 99.1 102.7 105.9 107.3 108.8 108.6 106.7 105.1 103.3 100.5 98.1 95.3 93.6 92.9 92.3 91.3 91.7 91.2 89.2 83 78.3 74.8 68 60.7 54.3 50.4 45.5
105.5 101.3 94.5 85.4 78.4 72.8 68.6 68.7 71.8 77.3 85.5 93.6 99.4 105.4 108.6 109.7 111.7 112 112 108.4 99.4 90.1 84.6 84.8 87.4 90.2 93 92.9 90.8 88.2 87.5 89.7 90.3 92.8 97.3 99.9 102.9 100.6 96 86.9 76.3 68.5 70.8 80.2 87.9 90.4 91.9 90.5 86.6 83.1 80.1 76.3 68.1 63.6 71 82.2 88.2 93.8 97 99.8 103.1 104.5 105.6 104.3 102.8 102.1 101.7 100.5 99.4 97.2 96.1 95.5 95 94.4 93.6 93.1 86.8 81.3 78 74.5 69.1 64 59.3 54
103.1 100.8 95 85.5 80 73.4 68.5 67.8 69.2 72.7 82.9 91.1 97.1 101.1 103.4 105.1 108.9 112 112 111.9 105.2 95.4 86 82.9 82 83.6 85.5 85.2 84 82.5 82.5 83.6 83.5 85.5 89.2 93.1 97.7 97.9 93.6 88.4 78.4 68.9 65.7 74.5 81.7 83.3 81.9 80.1 78 76.3 74.5 72.3 68.2 61.8 62.5 74.2 80.5 85.6 89.3 93.2 97.9 99.6 99.8 99.4 97.8 97.3 96.6 96.5 96.3 95.8 95.2 94.7 93.8 92.3 90.4 89.6 85.2 81.3 78.9 75.1 70.5 63.5 62.1 58.6
101.5 101.5 97.1 88.7 82.2 77.2 72.2 67.3 68 68.7 80.2 88 94.7 97.1 97.5 102 105 110.6 112 111.7 107.6 103.4 94.3 85.8 81.1 79.7 78.6 78.9 77.9 78.4 77.5 77.4 76.9 76.2 80.5 86.7 91.8 92.6 90.3 85.7 79.3 70.9 64.3 67.5 74.3 74.4 73.5 71.2 68.5 65.6 64 63.8 62.7 58.7 58.6 68.7 74.1 77.8 81.5 85.4 90.2 92.1 92.3 91.9 89.2 88.4 89.1 89.2 89.2 88.5 87.7 87.2 85.9 84.2 82.1 81.7 78.7 75.9 73.7 71.2 67.2 63.4 59.2 55
100.8 101.6 98.6 91.5 84.2 79.4 74.6 69.2 67.2 68.1 78.8 84.7 89.8 93.2 93.6 98.5 105 107.2 109.6 109.2 109.6 107.7 103.2 96.1 89.8 84.3 80 76.9 75.5 75.7 74.4 73 71.8 69.9 72 79.1 85.2 87.2 85.3 81.8 77.2 69.8 63.3 60.3 66.4 65.4 62.4 58.4 55.3 53.5 54.7 54.5 55.4 54 53.6 62.6 66.9 69.7 73.7 78.4 81.5 83 83.9 82.8 80.1 78.9 79.3 79.9 79.9 79.8 79.3 78.2 77.7 75.4 73.7 70.3 68.9 67.2 65.1 62.4 59 56 53 48.5
99.9 100.2 98.6 91.9 84.6 80.7 74.8 68.7 66.5 69.5 71.3 81.8 85.3 87.5 91.7 97.3 101 108.1 108.2 108.7 109.1 108.8 106.7 103.9 97.7 95.4 90.4 86.4 82.3 79.8 78.1 75.7 72 69.5 68.4 71.8 77.7 80.6 79.9 77.2 72.9 68.8 62.4 59 57.6 56.6 55 53.6 53.7 54 53.1 51.1 50.1 49.4 49.3 56.9 58.9 59.1 61.1 66.7 70.9 72.7 74.1 72.3 69.3 66.9 66 67.2 68.6 69.6 69.4 68.2 68.8 66.1 63.2 60.7 58.9 56.5 54.5 52.8 50.7 47.7 44.3 40.3
96.9 98.1 96.7 91.1 83.2 77.6 73 71 67 69.9 72.3 75.6 80.5 84.4 90.4 95.5 99.5 107.3 107.9 108.1 108.4 108.1 107.4 105.6 103.4 101.4 99.1 96.2 91.9 88.7 86.9 84.4 79.1 72.9 67.9 67.4 70.1 73.1 73.9 71.4 68.3 64.7 60.1 57.4 55.9 55.7 56.2 56.6 55.7 54.8 53.8 52.5 50.6 48.5 47.2 49.1 52.2 51.6 51.2 53.4 58 61.6 62.6 60.4 55.6 50.6 49.9 51.2 56 58.5 58.5 58.3 57.6 56.3 53.6 50.4 46.7 44.2 42.5 39.5 37 34.2 30.5 30.3
92 93.8 93.9 90.4 81.8 75.6 71 68.9 64.9 67.2 70 73.2 77.5 82.2 88.4 93.6 98.2 103.4 107.1 107.4 107.7 105.6 106.6 106 102.7 101.3 100.1 99 97.7 96 92.9 88.5 82.5 75.5 69.7 66.5 64.5 65.4 67.6 64.9 63 60.3 58.2 57.5 59.5 58.9 58.3 62.1 65.5 65.7 63.7 60.4 56.4 52.9 48.6 47.4 46.3 45.2 44.4 43.7 42.9 45.2 47.6 48.4 44.6 41.8 38.7 38.7 40.7 45.8 48.1 47.7 45.8 43 40.4 35.9 32.3 31.8 31.3 31 29.2 28.9 28.6 28.3
86.8 89 88.5 85.3 80.1 72.4 68.7 65.4 64.5 64.1 67.1 71 75.6 82 87 91.2 96.1 100.9 105.3 105.7 103.4 103.4 105 102.9 100 99.7 99.2 98.4 99.5 97.5 94.1 89.5 84.1 77.7 71.6 66.2 63.5 62.5 62 60.9 60 62.7 62.6 62.9 67.1 67.8 61.3 60.9 61.2 64.4 65.7 64 58 53.8 53.4 55.6 54.9 51.9 51 49 45.7 42.1 39.9 39.7 39.7 39.4 38.7 38 37.4 37.1 36.2 35.3 34.6 33.6 32.6 32.7 33.3 32.8 32.1 32.4 33.1 34.2 32.3 31.4
78.9 80.6 78.9 79.2 74.9 72 68.3 63.8 63.6 63.9 66.7 70.4 74.2 81.5 85.7 89.7 94 98.3 101.1 102.6 102.2 101.6 100.7 100 98 97.1 97.1 97.7 98.7 96.4 92.3 87.6 82.3 77.1 71.9 66.4 64.4 65 66.3 66.4 67.2 65.5 63.7 71.3 76.1 79.5 81.3 80 78.1 74.8 68.6 61.3 57.5 55.1 57.4 59.8 62.4 61.9 60.4 56.9 52.8 50.6 46.5 43.9 40.4 39.8 47.3 46.6 41.9 39.1 35.8 34.8 35.1 33.7 36.8 39.5 38.3 35.9 35.2 37.3 40.9 41.4 39.5 34.8
71.4 72.1 72.8 73.3 72.6 71.2 67.7 63.9 63 63.1 66.5 70.4 74.6 78.8 83.7 88.1 91.2 95.7 97.4 99.3 96.3 96.6 96.6 97.2 96.6 94.9 94 94.4 94.3 92.8 88.5 84.3 79.4 72.8 68.3 70 69.8 70.3 72.7 66.1 69 69.3 72.7 78.4 83.2 86.2 87.2 84.1 81.5 74.4 65.8 60.8 61.3 63 65.6 67.5 68.6 67.7 66 63.2 60.6 56.1 52.6 46.4 44.5 50.8 50.4 49.8 49.7 48.1 46.1 44.3 42.1 44.8 44.8 44.1 41.3 37.4 41.2 46 49.8 46.1 41.1 36.7
65.6 67.1 68.2 68.6 68.6 66.1 63.6 62.8 62.6 63.1 66.2 68.9 72.7 76.5 80.8 84.9 87.3 92.4 94 92.4 93.1 93.7 94.2 95.2 95.5 93.3 90.6 90.3 88.8 87.7 83.9 80.3 77.4 75.5 74.8 73.5 73.8 67 79.1 76.6 76.2 78.4 82.1 86.9 90.4 92.4 89.6 86.5 80.7 71.8 64.8 67.1 71.6 73.9 76 76.1 73.2 71.6 69 66 62.1 58.3 52.9 45.3 44.2 57.3 60.9 58.4 55.2 52.1 46.8 41.1 37.7 43.7 47.3 44.3 39.8 43.1 50.3 54.8 54.9 48.7 43.1 40.5
62 62.4 63.4 63.9 64.5 65.2 64.8 62.2 62.3 63 65.5 68.1 70.8 74.6 78.6 82.3 86.1 88.7 89.5 90 89.5 90.2 90.8 91.5 90.8 88.8 85.8 84.9 84.1 82.9 80.8 77.9 75.4 72.5 68.8 77.7 83 87.1 86.4 84.5 85.8 88.2 89.7 93.4 94.8 92.7 89.4 84.3 78.7 71.7 72.3 77.1 79.8 79.4 78 75.7 73.6 70.4 67.4 63.9 60 55.9 49.7 45.5 52.7 61.6 61.4 58.4 54.1 49.6 43.6 39.6 43.4 50.9 49.5 42.8 42.9 51.1 58 60.3 57.8 52.2 45.6 41.3
58.9 59 60.9 62 62.4 64 62.3 60.4 61.3 62.4 64.7 67.4 70 72.8 75.5 79 82.2 85.1 85.2 87.5 84 84.9 85.5 86.1 87.6 92.9 90.4 84.5 69.1 69.2 70.3 74.1 73.1 75.1 76.4 81.1 87.1 91.6 92.6 93.3 94.6 95.6 96.5 97.7 96.2 92.7 88.6 84.4 82.2 81.2 80.9 80.5 80.8 79.4 77.4 74.2 70.6 66.7 62.8 59.6 56 51.6 46.4 47.8 61.9 62.6 60.6 54.9 50.6 45.2 41.8 43.9 51.7 55.9 50.3 43.7 47.9 58.4 63 64.2 60.4 55.6 48.4 44.4
57.2 57.3 58.8 60.2 60.5 60.7 59.8 59.3 61.5 62.3 63.7 65.5 67.9 70.4 72.1 74.3 77 79.1 77.1 85.8 85.3 87.7 91.7 94.3 94.4 93.9 91.3 89.2 86.6 82.7 78.4 76.1 78 79.9 80.5 85 90.1 95 97.1 98.8 99.7 100.1 101.1 99.5 96.9 93.6 91.4 89.4 86.9 84.6 81.5 79.2 77.7 75.5 72.5 69.9 66.1 62 58.1 54.4 50.4 47.3 47.2 58.1 63 61.4 56 50.4 45.5 43 45.6 52.5 60.3 61 53.4 44.9 51.1 62.2 66.3 65 61.2 56.1 51.1 47
57 56.4 56.8 58.1 58.9 59.6 59.7 59.3 59.2 63.5 65.1 66.9 68.3 70 71.3 68.6 74.8 78.4 83.2 86.4 89 93.3 92.3 93.8 93.6 93.4 91.7 88.4 86 82.4 78.7 78.5 82.4 84.1 84.4 87.8 92.5 96.4 99.2 101.3 102.4 102.8 102 100.9 98.8 96.8 94.7 90.3 85.9 82.4 77.6 73.3 69.4 67.5 64.3 61 61.3 57.2 53.2 49.7 48.8 49.7 57.7 62.7 63.4 57.2 50.3 45.6 45.5 50.1 55.2 62 65.4 65.3 58.9 49.8 47.2 55 64.1 65.1 62 57.7 53.6 49.8
55.8 55.2 56 57.5 58.3 59.1 60.2 60.9 61.4 63.4 65.9 68.1 66.4 73.8 75.8 76.5 78 78.8 81.6 85.1 90.5 93.4 93.4 92.7 92.7 93.2 92.9 88.5 85.3 82.4 80.2 80.4 84.9 87 87.7 91 95 98.4 101.4 103.6 104.3 104.2 103.7 102.9 101.5 99 94.3 88 81.4 74.8 66.1 60.2 58.7 58.3 55.7 53.7 52.9 51.7 52.5 54.3 56.4 61.5 66.7 66.1 60.1 51.3 46.3 51 52.4 56.2 62.3 68 70.8 68.7 64.2 57.7 49.6 50.9 60.5 64.2 62.7 60.1 57.6 54.3
54.3 55.5 57 58.5 58.5 57.8 58.8 60.8 62.6 64.9 68 71.2 72.8 75.5 76.1 76.4 77.1 78.5 81.5 84.9 88.5 92.4 94.2 93.2 92.7 92.7 91.2 88.9 85.6 83.7 82 82.7 86.4 89.2 91.1 94.3 97.4 100.9 103.9 105.7 106.7 106.1 105.5 104.8 101.9 98.6 91.5 84.4 74.1 63.5 61.2 59.2 60.1 58.9 56.4 54.8 55.7 58.1 60.5 65.8 69.2 72.1 71.5 65.8 53.9 48 52.9 59.2 60.8 64.1 67.3 72.7 73.7 70.7 64.8 58.6 53.1 52.5 61.1 65.4 65.4 64.2 61.5 56
54.7 56.5 59.3 58.2 58.9 59.4 61.1 63.5 64.8 68.6 69.9 71.1 77.2 76.4 76.1 76.5 77.4 82.4 86.5 87.6 88.5 94.8 95.8 95.7 95.2 93.6 92.6 90.2 87.5 86.6 86.1 85.1 88.3 92.3 94.5 97.2 100.3 103.9 106.3 107.5 108.4 108 107.5 104.5 101.1 94.8 87 76.1 64.9 60.4 62 64.4 66.3 65.8 64.4 63.1 66.7 71.5 76.7 79.2 79.2 78.4 73.5 65.1 52.9 52.2 58.2 64.5 68.2 71 71.8 76.2 75.2 70.5 64.6 58.5 53.4 55.9 63.2 68.5 68.8 67.1 64.1 57.6
56 59.3 59.8 60 60 60.2 62.8 67.1 68.3 69.4 70.6 74.5 80.7 80.8 78.9 77.9 78.8 87.5 88.2 90.9 94.3 97.5 98.6 98.5 98.4 97.7 96.2 93.3 91.5 91.9 89.8 86.9 90.9 96.2 97.7 100.2 104.3 106.4 108.8 109.9 110.1 109.3 108.2 102.5 97.5 90.2 80.1 68.7 62.5 63.9 67.5 70.5 73.7 74.9 74.9 73.8 79.8 84.4 86.5 87.7 85.1 80.1 72.5 60.8 51.6 53.8 62.2 67.2 72 74.8 76.1 76.9 74.8 69.9 64.1 58.3 55.1 60.4 66.6 72 73.2 69.7 65.5 58.8
59.8 58.7 59.6 60.2 62.1 61.6 63.6 66.4 68.3 69.9 76 81.4 84.5 88 91.3 92.6 91.5 89.8 90.1 91 96.7 99.8 101.2 101.6 101.9 101.2 99.4 97.2 96.4 96.2 92.6 90.1 94.2 99 101.4 103.2 107.9 110.5 112 111.7 111.8 109.3 105.9 100.6 92.7 83.7 72.4 65.7 64 68.4 73.4 76.7 80.3 83.1 86 84.4 88.6 91.5 91.8 89.8 84.3 77.9 64.2 54.7 51.3 54.9 62.5 68.5 73.7 77.3 79.9 77.1 73.2 68.5 61.2 57.7 61.3 66.7 72.3 76.2 75.6 71.6 64.9 59
56.9 58.3 58.5 60.5 61 62 63.6 66.8 68.9 72.3 79.4 85.2 89 93 96.2 94.8 93.5 92.7 92.7 93.6 99.6 102.6 103.9 104.5 104.7 104.2 102.7 102 101.8 101.1 95.1 92.5 96 102.2 105.3 107.7 110.6 113.8 114.2 112 111.9 107.8 103.2 95.6 87 75.7 67.4 64.5 67.2 72.3 78.1 83.1 87.4 91.2 94.1 93.7 96.1 93.8 92.7 87.8 80.4 67.4 56.3 52.6 53.6 55.1 62.7 69.9 75.6 79.9 81.3 77.6 72.7 66.8 61.7 59.3 65.5 72.2 77.3 80.5 76.1 70.5 64.3 59
56.7 60.3 58.8 60.4 61.5 62.7 64.6 67.7 70.8 71.5 79.7 85.4 90.1 96.9 99.6 98.4 97.3 96.4 95.9 97.1 101.2 105.6 106.8 106.8 108 108 107.5 106.9 105.6 102.2 96.9 95 98.2 104.8 108.5 111.3 114 116.1 115.7 113.2 109.3 105.4 99.1 91.8 82.9 70.9 66.3 67.9 71.8 76.5 84.5 90.6 94.6 98.1 100.8 101.2 99.2 96.4 89 83.7 71.8 58.4 56.1 58.6 58.5 56.9 64.6 72.5 78.2 84.4 83.6 79.3 74.2 70.5 64.6 61.8 75.4 78.6 82.3 81.7 76 70.1 64.4 60
59.7 57.9 59.7 60.8 62.1 65.3 67 68.5 70.7 71.8 77.7 83.9 89.6 95.8 103.1 103.8 102.1 99.8 97.7 99.7 103.6 107.9 109.8 112.3 114.4 113.3 112.4 111.5 109.5 103.6 99.4 97.4 102.3 108.7 111.8 114.8 116.9 117.2 114.9 111.2 106.5 101.2 94.5 87.2 77.4 69.2 68.8 73.2 78.2 84.3 91.7 97.4 101.7 105.1 107.1 105.6 101.3 95.3 84.6 73.7 63.2 57.7 62.5 66.9 66.1 59.7 60.9 73.9 81 86.5 86.3 81 79.6 76 66.5 64.4 78.9 84.2 86.6 83.5 77 70.7 65.2 61.5
56.2 58.3 60 61 65.5 66.8 68.5 69.2 70.6 72.7 75.3 82.1 89.5 95.1 101.5 106.7 104.6 101.8 99 101.6 105.8 110.6 114.6 116.5 118 118.2 117.3 115.3 111.8 106.9 102.6 101.2 106.8 111.9 115.7 118.2 118.3 115.1 111.9 107.5 102.3 96.5 89.8 81 72.2 70.2 75.5 81.5 86.1 90.9 97.8 104.4 108.1 110.7 110.7 107 101.6 90.5 78 67.3 59.6 62 69 74.1 72.3 65.5 61.6 69.3 83.5 88.2 87.3 86 86 83.9 71.8 67.7 81.2 90.1 90.5 86.2 79.3 71.6 67.7 64.6
57.3 59.2 60.2 64.8 66.9 68.9 70 69.3 71 73.1 76 81.6 88.3 94.5 100.4 106.5 106.4 103.6 100.1 102.8 109.7 113.7 117.8 120.4 120.8 120.3 119.6 117.9 113.2 106.8 103.2 104.8 109.9 114.9 118.3 119.4 116.4 113.3 108.6 103 97.5 91.6 84.9 76.9 70.9 77.9 85.6 90.7 94.1 99 104.2 109.2 113.2 114.8 113.1 107.2 96.7 84.2 70.9 62.7 60.4 66.4 73.8 78.9 77 70.3 65.7 68.6 85.2 91.5 92.9 92.9 93.3 91.5 74.8 68 84.3 94.2 94.8 90.5 82.8 73.9 70.4 70.6
59.6 60.5 64.2 67.6 69.3 69.4 70.2 73 73.3 74.6 79.2 79.2 87.4 93.1 99 105.7 107 104.7 101.2 105.2 112.2 116.8 120.2 122.6 123.2 122.3 121.3 118 113.2 106.3 104 108.7 114.3 118.9 120 118.9 115.7 110.5 105.4 99.1 93 87 80.1 74.1 72.2 79.2 90.9 97.2 101.2 106 110.8 115.1 118.2 118.4 114 106.5 95 77.5 66.8 62.3 63.8 70.5 78.2 83.1 81.3 74.7 69.2 68 84.1 94.1 98.8 101.1 103 100.6 83.7 71.3 86.8 100 100.6 95.4 82.5 75.6 78.2 81.5
62.2 65.4 66.9 69 71.7 75.3 79.2 81 80.3 78.4 79.9 79.9 83.5 91.5 98.1 105.1 108.2 106.3 102.8 106.3 111.6 117.7 121.8 124.1 125.1 124.1 121.9 117.3 112.5 108.7 108.6 114.3 119 121.6 121.2 118.1 114.1 108.2 101.6 95 88.3 80.9 75.8 78.1 80.8 77.6 88.6 100.2 107 111.7 117 121 122.8 121.6 115.1 104 90.7 75 65.4 65 71 76.9 82.5 86.9 85 78.5 72.6 70.5 82.3 95.7 106.4 110.3 112.4 110.5 98.9 82.5 91.9 108 108.2 100.6 82.1 85.6 94.7 96.1
