data/TQ40.asc
ncols 200
nrows 200
xllcorner 540000
yllcorner 100000
cellsize 50
[rows 111 to 147 of 200, columns 84 to 167 of 200]
65.9 71.2 71 68.5 63 61.1 62.6 65.9 69.7 73.8 76.3 77.3 76.6 72.2 67.3 61 53.4 43.1 32 30.5 34 44.2 51.6 58.2 66.2 75.5 89.5 102 113.3 122.6 127.8 130.6 129.4 126.9 122.7 116.6 109.9 101.7 87.3 73.2 66.2 72.3 77.8 82.3 87.7 93.4 98.1 101.7 103.3 103.7 103.8 102.8 100.4 98.1 94.5 90.4 78.5 67.8 71.8 72.8 72.6 68.6 64.5 66.9 71.7 72.7 74.2 74.1 75.9 75.3 75.4 77.8 79 82.2 85.5 87.3 89 89.3 97.6 108.3 114.4 116.2 118 121
63.7 67.7 67.8 65.4 60.8 55.7 56.6 60.6 64.5 68 71.5 73.6 72.6 68.8 63.9 58.6 50 35.9 27.5 30.9 42.3 49.4 53.5 60.5 68.6 81.8 95.5 105.6 116 123.9 127.6 128.9 127.1 124.7 120.2 115 108.9 100.4 88.7 73.6 64.2 69.4 73.9 78.2 82.8 87.7 91.7 95.6 97 96.8 96.3 95.2 95.5 93.3 91.1 87.1 83.9 74.9 66.1 66.8 66.8 62.6 66.1 72.1 77.5 82.4 84.6 85.9 88.1 90 89.4 87.3 86.6 88.2 89.2 88.6 92.4 99.3 107.6 113.2 115.3 114.5 116.1 120.3
59.8 63.5 63.5 61.5 58.8 53.8 52.5 56.3 60.6 64.4 67.5 69.3 69 65.9 61.1 55.1 44 28.6 27.4 39.6 45.9 51.3 55.8 63.1 74.8 89.2 99.9 109 118.3 123.8 126.3 125.6 123.1 120.5 116.2 111.7 106.4 99.4 90.5 77.5 63.1 65.4 69.7 73.2 76 80.5 84.9 89.3 90.8 89.7 89.4 87.4 88.3 87.4 85.6 84.4 81.8 79 72.3 64 60.5 63 69.4 76.1 82.2 85.9 89.3 95.3 101.8 104.5 103.6 102.3 101.9 101.4 101.2 102 105.4 110.2 113.6 115.8 114.7 112 115.1 119.3
54.7 57.5 59 57.2 55.3 50.7 46.8 51 55.6 60.4 64 65.5 65.5 63 57.6 51.3 41.2 26.3 30.3 40.3 45.1 51.3 56.3 67.5 82.2 94.2 104.4 112.5 120.5 123.2 123.8 121.8 119 114.8 110.3 106 102.9 98.2 95.3 86 71.2 61.2 65 68 70 74.7 79.9 83.6 84.5 83.2 82 80.3 79.9 81.1 81.2 79.7 78.2 76.1 73.9 66.2 59 64.4 71.5 78.7 83.7 88.8 95.5 102.9 109.6 115.4 118.5 114.8 114.6 114.4 113.9 113.8 114 115.1 116.2 115.1 111 109 113.7 118.4
48.4 50.7 52.7 53.9 52.3 47 43.5 46 50.2 56 60 62.3 62.1 59.6 55.3 49.7 40.3 24.2 27.9 34.7 43.4 51.7 60.7 74.9 87.9 97.9 107.3 114.3 121.3 121.9 120.5 117.8 113.6 109 103.7 99.2 97.7 96.2 95.8 92.3 80.7 64.6 60.4 62.5 64.8 69.7 75 78.5 78.1 76.4 75.2 72.1 72.3 73.6 73.3 73.6 72.8 73 70.3 65.7 57.8 66.3 72.7 78.7 84.3 93.1 101.9 109.6 117.3 122.1 123.7 122.1 118.7 117.3 116.4 116.2 116.2 116.2 114.6 110 105 107.8 112.5 117.3
42.1 44.2 46.1 48.1 48.1 44.4 42.2 41.8 46.6 51.6 55.8 58.4 59 56.1 52.9 47.7 40.5 24.5 23.6 33.1 43.9 53.7 68 81.9 93.6 102 109.8 114.9 119.8 117.4 115.6 111.4 107.2 102.7 97.4 93.2 91.1 90.3 94.7 94.3 89.8 73.6 59.8 58.5 61.3 66.2 71 72.9 72.6 70.3 67.1 65.4 65.2 67 68.1 68.2 68.4 68.9 64.4 60.5 57.9 66.7 73.1 79.1 87 98.8 107.4 115.6 121.6 124.9 126.1 123.5 119.5 118 116.3 114.9 114.3 113.3 110.7 105.6 99.4 106.6 111.6 116.6
35.8 37.7 40.3 42.2 42.4 41.3 37.6 37.7 43 47.9 52.5 55 55.4 52.4 48.2 43.2 37 24.2 23.2 33.9 47.1 62 73.8 83.8 95.5 103.1 109.5 113.6 115.9 112.4 109 104.2 100 95.9 92.1 87.8 86.2 87.2 91.9 94.1 91.5 80.3 66.2 55.8 58.8 62.2 66.6 67.8 67.9 64.1 60 57.1 57.3 59.1 60.5 62 63.1 63.4 61.8 57.4 57.3 67.9 73.8 79.9 92.4 104.7 113.2 120 124.2 124.1 125.3 120.9 117.3 115 113.2 111.8 110.4 108.7 105.8 100.7 97.6 105.3 111 116.1
29.8 32 34.6 36.4 37.1 37 33.5 33.5 39.2 44.8 49.6 51.9 51.3 48.2 43.1 37.7 32.2 21.2 24 39 54.8 66.2 75 84.9 95.6 102.9 107 110.7 110.1 106.3 102.5 97.8 93 90 86.4 82.5 80.4 84 89.8 95.9 94.3 85 70.2 58.3 54.9 58.4 62.7 63.3 62.2 58 53 48.9 49.4 51.2 52.6 54.9 57 57.6 57 54.7 61.9 69 75.1 84.3 100.5 110.7 118.9 122.3 124.6 122.2 120.3 116.6 113 109.5 107.8 106.4 105.3 103.8 100.9 97 95.8 102.9 109.5 115.5
24.3 26.6 29 30.6 31.5 32.5 29.6 29.4 35.7 41.8 46.6 49.3 47 43.4 38 31.2 21.7 19.8 28.8 45.1 59.2 65.8 73.2 82.4 93.4 100.1 102.9 105.7 104.1 100 96.2 89.8 84.1 82.7 81.1 77.3 75.5 79.9 87.9 95.7 96.5 90.1 75.5 62 50.4 54.2 56.6 57.6 56.7 49.8 46.4 50.4 53.2 53.4 53 52.1 50.9 51.7 52.5 60.3 66.9 73.1 81.9 93.3 108.2 117.7 121.1 124.1 123.6 120.7 114.9 110 106.8 104 102.5 101.1 100 98.9 95.7 92.5 95.4 102.4 109 114.9
20.4 22.2 23.9 25.5 26.6 27.7 25.3 25.7 32.1 39.7 44 46.1 43.6 39.1 28.8 18.7 18.4 22.4 36.1 52.8 60.6 66.8 73.1 79.8 89.9 96.5 98.9 101.1 98.1 93.9 88.6 82.4 76.5 76.2 75.3 73.8 73.1 77.5 87 95.8 100 95.9 85.2 72.9 59.5 48.8 48.4 51.1 48.8 44.1 51.9 56.5 61.2 64.3 66.1 65.9 65.2 67.6 68.1 70 75.3 81.2 92.9 103.9 116.6 119.5 122.7 124.4 121.4 115.3 109.3 103.4 100.2 98.6 97 95.6 94.3 92.7 90.3 90.2 97.3 104.2 109.9 115.6
16.4 17.5 19 20.9 22.3 22.8 20 22.2 29.8 38.5 42.3 42.2 37.9 25.3 15.8 16.7 20.9 30.8 46.4 54.2 59.4 64.8 71.5 78.8 86.9 92.6 95.9 95.6 91.9 86.8 80.7 75.6 71.6 69.9 70.9 70.6 71 76.4 85.7 96.3 101.9 98.6 90.4 81 68.5 54.3 49.8 44.8 41.3 47.7 53.7 58.3 62.9 67.5 71.5 76.4 81.7 84.9 85.7 85.8 89.1 98.8 107.8 115.5 119.3 122.1 124.3 122.8 117.9 111.2 102.7 97.1 94.9 93.2 91.6 90.1 88.5 86.7 85.2 91.9 100 105.7 112.1 117.4
12.5 13.4 14.8 16.4 17.8 17.2 15.4 20.6 28.8 37.1 39.7 37.1 25.1 12.7 15.3 19.2 30.7 43 49.1 52.8 57.3 62.6 69 75.5 81.7 86.9 89 89.8 85.2 79.8 74.5 69.7 66.2 65.3 66.3 65.4 70.6 76.5 87.5 98.2 101.9 99.1 91.1 83.1 73.4 61.7 54.8 48.7 40 48 52.9 58 63.4 70 76.1 85.3 93.2 99.5 101.9 104.1 108.3 111.8 116.7 120.9 123.8 124.9 122.8 119.7 114.2 106.2 97.3 91.7 90.4 89.1 87.4 85.3 83.7 82.8 86.9 94.6 100.8 106.8 113 117.4
8.3 9.4 10.6 11.6 13.3 12.8 13.4 20.1 29.1 36 37.2 26.9 14 13.7 17.6 30.1 41.5 45.3 48.4 49.9 54.7 60.1 66.3 71 75.6 80.3 82.6 84 79.1 73.8 68.4 63.4 60.4 61.3 62.2 65.8 70.1 80.8 92 100.7 101.2 97.5 89.3 79 69.2 60.6 53.1 46.2 39.8 46.9 52.2 58.4 64.6 72 82.8 93.8 102.1 107.2 111.2 113.2 115.7 119 120.9 122 123.3 121.7 119.4 116.1 109.8 102.6 94.8 87.3 85.3 84.3 82.9 80.6 78.9 83.2 89 95.4 101.4 107.4 112.9 117.3
5.3 6.1 7.4 8.7 9.4 9.2 11.3 20.5 28.6 36.4 33 16.1 10.6 14.7 29.5 35.4 38.3 43.4 44.1 46 50.3 55.8 62.9 68.6 73.7 76.3 77 78.3 73.2 67.9 62.5 57.9 57.6 58.3 63 68.4 76.1 86.5 95.5 101.6 100.5 93.5 84.8 73.1 63.3 56 49.1 43.8 39.8 46.4 53.3 59.8 66.5 78.3 90.6 98.9 106 111.4 115.2 116.5 117.8 119.1 120.2 121.4 120.4 118 115.4 109.3 103.7 98.3 92.8 86.9 82 80 78.3 76 81.5 87.5 93.1 95.7 101.7 107.6 112.3 115.8
3.7 3.9 4.7 5.1 5.6 7.9 15.3 23 30.8 37.7 25.7 10.1 9.6 24.7 30.1 34.4 34.5 37.4 38 41.2 46.3 52.2 58.7 66.1 70.4 72.2 72.6 72.7 67.2 62.7 58.1 54.8 55 59.4 64.2 70.6 80.9 90.5 98.2 101 96.9 88.9 77.4 65 56.3 51.5 45.1 40.1 39.7 46.8 54.5 62.7 74.8 85.9 95 102.9 109.8 113.5 114.7 115.7 116.8 118.3 119 117.9 117.2 113.8 109.3 102.7 99 94.5 90.5 86.4 80.4 74.8 73.7 77.7 83.6 89.8 93.8 97.9 102 106.8 110.8 113.9
2.6 4 3.7 3 8.1 13.1 20.5 27.2 34.7 37.7 20 6.2 11.5 22.7 27.8 33.4 33.6 32 34.4 37 43.4 49.1 54.7 62.7 67.5 68.1 69 66.7 61.4 57.2 54.7 52.1 54.9 59.3 65.3 73.5 83.5 93.7 99.3 99.4 93.2 82.7 70.6 58.3 51.2 44.8 41.1 38.1 41.5 47.9 56.7 69.3 81.8 92.4 99.7 106.7 110.6 111.9 112.9 113.9 115.2 116.2 115.5 113.2 111.5 106.8 102.1 96.9 93.3 90.5 87.5 84.7 79.2 72.9 73.1 80 84.7 89.3 93.4 97.8 102.2 106.1 109.6 112.2
2.1 2.3 4.7 6.9 12.9 19 25.6 31.7 36.8 36.9 20.8 5.1 7.8 18.1 24.6 27.6 26.8 23.5 27.7 33.8 41.1 46.6 53.3 59.2 65.6 65.7 64.8 60.9 56.5 52.5 50.8 52.1 55.4 58.6 67.6 76.4 85.7 93.7 98.2 97.3 89.7 76.3 62.9 52.8 45.1 39.1 36.8 41.6 47.6 53.7 63.9 75.4 87.5 96.1 102.7 107 107.8 107.5 107.6 109.8 112.1 112.8 112.2 109.3 104.6 99.4 94.1 89.5 88.1 85.5 83.8 81.2 77 71 73.4 77.9 82.5 87.2 91.7 96.2 101.2 103.8 106.1 108.8
2.3 2.1 2.8 7.9 15.2 16.6 24.4 22.8 23.1 36.7 28.3 10.2 2.2 5.3 14.5 19 18.7 16.9 22.2 32.2 39.5 45.3 51.6 57.5 58.9 61.8 60.5 55.8 52.5 48.8 49.3 53.3 56.6 62.5 70.2 78.5 86.8 96.1 97.6 95.7 86.5 69.8 55.9 47 38.9 35.5 39.4 46.3 53.6 60.6 69.1 79.3 90.2 97.6 102.7 105.1 104.5 103.1 99.6 106.3 108.4 108.6 107.1 103 97.2 90.9 85.7 83.3 81.9 80.6 80.2 77.7 73.2 67.5 71.4 75.8 80.4 84.9 89.8 94.6 99.4 101.3 102.7 105.3
2.5 2.3 2.6 2.8 9.3 10.9 8.9 12.3 14.2 19 34.3 21.3 4.8 2.2 3.1 8.8 9.7 14 20.2 31 38 44.7 50.6 56.6 57.2 57.5 55.4 50.7 47.7 45.3 48.5 54.5 60 66.1 71.8 79.7 87.9 95.8 97.7 94.9 85.1 67.5 51.5 42 34.4 37.2 41.6 49.2 56.8 64.2 73.9 82.5 90.5 96.1 101.9 102.7 100.8 94.6 94.6 101.9 105.9 103.9 100.6 96.2 90 84.5 80.7 77.6 75.7 75.8 76.3 73.6 69.8 65.6 69.7 74 78.2 82.1 86.3 91.7 97.4 98.3 99.4 103.1
2.6 2.4 2.7 2.6 2.8 5.3 6.9 8.3 9.2 8.9 25.7 32.6 18.3 3.4 2.7 4.4 4.6 13.7 22.7 31 38.2 44.7 50.4 55.5 55.8 55.5 49.8 45.2 41.4 42.5 48.1 54.5 60.5 66.4 73 79.9 87.5 94.7 96.7 93.6 83.6 66.6 48.6 37.6 34.6 39.8 44.9 50.5 58.8 67.1 76.5 83.7 91.5 96.8 100.6 98.1 94.6 86 91.2 99.1 100.7 99 93.5 88.5 83.6 79.2 74.9 72.2 71.8 71.9 72.1 69.6 65.9 64.5 67.3 71.2 75.5 78.3 81.7 86.5 91 92.5 94.4 100.2
2.7 2.5 2.6 2.9 3 2.7 4.4 14.6 8.5 8.1 8.4 25.2 5.1 4.3 3.3 3.8 4.6 13.1 21.9 32.4 39.2 44.8 50.4 54.2 54.6 50.4 45.1 40.4 40.3 44.3 49 54 59.9 65.8 71.9 78.4 85.3 91.9 93.4 88.6 80.4 69.6 50.4 33.9 35.8 41.5 47 52.5 60.2 68.2 76.2 84.6 92.3 96.2 94 92.2 87.3 80.3 89 96.9 96.7 91.8 86.3 81.5 77.4 73.3 69.6 68.4 67.3 68.8 68.4 66.2 63.3 63.1 65.9 69 72.7 74.5 77.6 81.8 84.9 87.6 91.6 97.4
2.6 2.6 2.7 2.7 2.4 2.5 2.6 3.8 8.8 7.5 17.2 5.3 4.8 4.2 3.8 4.1 4 13.8 24.5 33.9 39.8 45.6 50.5 53.4 53.2 45.9 40.5 39.8 43 47.9 51.9 54.6 58.6 64.6 70.5 76.6 83.2 88.3 88.7 84.6 78.5 68.8 54 33.9 35.2 42.3 47.5 52.4 59.9 69 76.9 84.7 91.3 92.9 89.4 86 80.2 76 88.6 93.1 91.6 86 79.9 75.2 71.3 67.4 65.3 62.7 62.1 64 64.2 62.2 59.6 61.4 64.3 67.7 75.9 79.5 81.7 83.2 84 89.9 95.5 103.4
2.6 2.6 2.4 2.4 2.6 2.7 2.6 2.5 3.2 6.8 19.4 9.4 4.4 14.5 4.3 3.7 3.2 15.6 25.6 34 40.6 46 50.8 52.6 50.6 42.6 37.8 41.1 45.3 48.7 50.9 53.5 57.3 61.2 67.3 74.5 81 84.3 84.7 80.8 75.9 65.8 56.8 35.5 33.2 42 46.9 51.8 59.3 68.7 77 83.9 90.2 90.2 86.7 82.7 71.2 75.5 87.4 88.8 86.2 80.3 73.9 68.5 65.1 61.7 60.4 58.3 56.7 58.4 59.2 58.2 57.6 62.9 70.9 79.3 87.1 91.8 93.7 96 97.6 102.8 107.8 115.1
2.7 2.6 2.5 2.6 2.5 2.3 2.4 2.4 2.5 3.3 4.2 5 23 9.4 4.1 3.1 3.5 17.7 25.7 34.9 40.5 45.9 50.2 52.2 48.5 40.1 37.1 40.6 44.3 46.8 48.2 51.1 54.4 57.9 63.7 70.7 77.3 81.3 81.3 76.5 70.6 61.9 53.6 37 32 39.1 45.9 51.1 58.5 68.2 76.5 83.7 88.1 86.8 84.7 75.8 68.6 76 84.2 85.1 80.8 74.9 68.6 62 58.9 56 54.3 53.9 52.9 53.4 55 60.3 65.4 73.3 81.8 90.7 98.8 104 106.4 108.8 112 116.9 121.4 124.8
3.2 2.7 2.4 2.3 2.4 2.4 2.4 2.5 2.5 2.8 3.7 4.8 7.8 3.9 3.4 2.9 11.5 19.3 27.7 34.9 40.5 45.8 49.9 51.8 47.7 39.3 35.3 38.9 42.4 43.8 45.3 46.9 49.8 53.8 60.3 67.7 74.3 77.2 75.9 71.4 65.5 58.7 50.3 40.1 31.6 36.1 42.9 49.9 57.2 67.3 75.3 82.2 84.4 83 80 73 68.4 74.6 79.7 80.9 75.7 69.9 63.3 57.6 52.3 49.8 48.2 51.9 56.2 60.5 64.9 70.3 74.5 82.5 92.1 99.6 107 111 115.5 119.9 121.6 122.9 126.2 130.1
3.2 3.1 2.4 2.3 2.4 2.5 2.5 2.5 2.6 2.6 2.8 4.1 3.8 4.1 3.4 3.7 14.7 21.6 27.8 35.7 40.6 44.9 49.1 51.2 47.4 37.3 33.7 36.4 39 40.5 40.9 42.7 45.9 50.1 57 63.9 70.8 73.4 71.6 66.6 60.7 53.9 46.8 40.8 30.9 34.6 41.2 48 56.8 66.5 74.4 78.2 80 77.1 72.8 67.8 65.2 72.3 77.9 76.9 72.4 65.8 57.6 49.9 45.6 49.5 53.7 59.4 64.5 69.5 74.4 78.1 82.3 89.9 99 105.5 110.7 116.1 121 121.7 123.7 127.3 129.1 130.4
2.8 2.6 2.3 2.3 2.4 2.5 2.6 2.5 2.6 2.5 2.5 3.9 3.1 2.6 3.1 8.5 15.8 21.8 28.6 35.3 40.1 44.6 48.9 50.5 46.9 38.4 31.3 32.3 35.2 36.6 36.4 39.1 42.4 46.7 55.6 61.4 66.3 68.8 68.5 62.1 56.4 49.3 43.4 38.8 31.6 33.2 39.7 46.6 57.3 66.9 72.9 75 74.3 69.6 65 60.3 63.1 71.5 75.7 74.1 69.6 61.6 53.5 45.2 47.1 51.9 58 64.6 68.7 71.3 74.8 80.9 87.3 95.7 103.1 108.2 113.5 119 120.9 122.8 124.4 125.4 125.5 128
3.7 3.1 2.3 2.4 2.5 2.5 2.6 2.6 2.5 2.5 2.6 2.7 3.2 2.6 2.8 10.2 16 21.7 28.5 34 39 43.9 48.1 50.6 47.8 39.2 30.9 28.9 31.1 32.2 32.5 35.8 39.2 43.5 51.4 58.6 64.7 65.7 64.8 59.1 52.1 45.8 41 36.2 31.7 33 40 49.2 59.5 66.9 70.9 71.5 69.6 64.9 59.2 58.6 65.3 71.6 72.2 70.7 65.2 57.2 49.1 41.7 47.5 52.4 59.8 63.9 67.8 71 74.6 82.4 90.3 99.3 105.5 110.7 116 117.6 119.2 121.3 122.1 121.3 120.8 124.2
2.7 3.5 3 2.7 2.6 2.6 2.6 2.4 2.4 2.5 2.6 2.6 3.5 2.8 3.3 12.3 16.4 20.9 27.5 33.9 38.8 43.1 46.9 46.8 46.8 40.9 34.4 28.3 26.6 27.2 29.5 32.5 36 40.7 48.8 57.6 61.2 62.2 63.3 57.1 48.9 42.6 38.9 34.9 31.7 33.5 42.3 51.7 61.2 66.2 68.5 66.8 64.5 60.7 54.5 56.9 63.2 69.4 70.6 67.6 62.2 54.4 46.6 41.1 47 52.7 56.5 60.6 64.7 68.7 73.5 80.2 89.5 99.2 106.7 111.9 114 115.4 117.3 118.8 118.1 117.4 116.6 118.6
2.7 3 3.5 2.5 2.6 2.6 2.6 2.5 2.4 2.5 2.7 2.7 2.7 3.5 3.7 7.7 13.7 19.9 26.7 33.1 38.4 43.6 44.5 44.4 44.1 42.1 37.8 30.8 23.9 23.9 26.8 29.5 33.2 39.1 47.1 55.4 61.6 62.5 61 54.6 46.4 39.9 36.3 32.6 29.6 35.9 48.1 56.4 62.7 64.5 65 63.3 59.5 55.2 50.3 55.6 60.7 67 66.7 63.8 60 52.1 44.3 40.3 45.8 50.7 54.2 57.5 61.4 65.4 70.9 78.9 90.2 100.5 107.4 110.6 111.9 112.8 114.6 113 111.6 110.5 109.8 116
2.8 2.8 3.7 2.5 2.5 2.6 2.7 2.6 2.4 2.4 2.7 2.8 2.8 3.9 5 10.9 14.7 21.5 29.6 35.1 40.3 42 42.9 42.9 42.4 40.9 36.7 31.8 24.6 22 22.4 26.5 31.2 37.5 45.7 52.9 60.2 62.2 58 51.5 40.2 37.2 33.6 30.1 29.2 42.2 52.3 59 61.2 62.7 61.1 58.8 55 49.9 50.1 55.5 60.8 63.3 62.2 59.7 56.3 49.9 42.4 39.6 44.5 47.9 51 54.2 57.5 62.1 68.7 81.3 92.4 101.6 107.9 109.5 110.2 111.1 109.3 106 103.3 101.4 105.6 114.3
2.5 2.4 2.6 3.2 2.5 2.7 2.8 2.7 2.5 2.2 2.6 2.7 2.6 3.9 9 14.9 21.1 27.3 32.2 37.5 39 41 41.6 40.4 38.3 36.2 33.7 29.7 25.5 20.9 20.7 23.7 29.1 35.3 44 52.7 59.1 61.3 57.2 49.9 41.9 33.8 30.2 26.8 35.8 46.6 52.9 57.5 58.7 58.6 57.6 54.4 49.8 44.7 49.4 55.3 59.6 58.6 57.5 55.3 52.5 47.8 40.7 37.5 41.8 45.2 50 54.1 60.7 66.4 76.1 87.7 97.4 102.9 107.3 107.8 108.2 106.6 102.3 97.7 93.7 95.8 104.5 113.3
2.2 2.2 2.5 3.3 2.8 2.9 2.8 2.7 2.6 2.3 2.5 2.8 3.3 4.8 13 19.9 27.3 30.7 34.1 36.9 37.9 37.3 36.7 35.2 32.9 30.8 28.3 26.2 23.9 20.5 19.2 21 26.4 32.6 42.5 51.4 58.9 60.8 56.2 48.6 40.4 30.4 26 29.6 41.5 48.2 53 54.4 54.8 55.7 53.4 50.1 44.9 42.7 49.5 56 56.8 55.5 54 51.8 48.8 43.7 38.3 36 38.4 45.1 53.7 61.2 69.4 77.1 85.8 94.7 99.3 104.4 104.9 105.3 104.8 99.5 94.3 89.7 85.6 94.9 103.8 110.9
2.4 2.5 2.4 2.1 2.8 3.1 3.1 3.1 3 2.9 2.9 3.2 3.6 10.5 18.8 27.4 31.1 33.9 34.9 35.4 33.9 32.6 31.6 30.1 28 25.5 23.6 21.9 21.2 18.6 17.3 19.1 24.4 31.3 40.1 50.3 58.2 62.7 60.2 51.6 40.1 28.8 25.6 32.7 40.4 45.7 48.2 50.1 53.2 52.5 49.5 45.8 40.3 42.3 49.4 52.5 54.3 52.8 51.1 49.2 45.3 40.7 35.2 35.9 38.8 46.9 58.8 69.2 77.2 85.2 90.5 95.1 100.4 101.8 102.2 102.7 97.6 92.4 87.2 82 85.6 94.9 104.3 106.8
-2.3 2.8 2.4 2.5 3 3.1 3 2.9 2.9 2.8 2.8 3.2 3.6 15.4 22.9 30.2 34 34.5 33.1 31.4 30 27.9 26.6 25 22.7 20.5 19.4 18.8 18 16.7 15.3 17.9 22.5 31.1 39.8 51.1 60.1 67.1 63.3 53.7 39.8 27.2 24.7 30.1 36.3 39.7 42.7 45.3 47.8 47.8 45.7 42 35.8 42.1 47.6 50.6 50.2 48.6 47 44.8 41.8 37.6 32.9 37.1 41.8 52.9 64 74.2 83.3 86.9 89.4 91.9 96.9 99.1 99.3 96 90.7 85.4 80.2 75.8 85.7 95.7 101.1 102.7
-2.3 -2.3 2.6 2.6 2.5 3.3 3 2.7 2.7 2.7 3.4 3.8 4.1 17.6 24.2 30.5 31.1 30.8 29.1 26.4 24.3 22.7 21 19.4 17.4 16.8 15.4 14.5 13.2 13.3 13.9 18.2 23.9 31.7 41.4 54.5 65.8 71.2 68.4 64 49.8 30.1 24.5 26.5 30.7 33.4 36.6 39.6 42.2 42.5 41.6 37.4 35.9 42.8 46 47.5 46 44.4 42.1 40 37.5 34.4 33 38.7 49.1 60.2 70.2 78.9 83.7 86 88.6 90.9 93.4 96.5 94.3 89.4 83.9 78.5 73.2 76.9 86.8 95.4 96.5 98.1
-2.3 -2.3 -2.3 2.6 2.5 3.1 3 2.8 2.3 2.7 4 4.6 14.6 19.4 24.6 27.8 26.8 25.6 23.5 20.5 18.5 16.9 16 14.8 12.9 12.8 11.2 10.6 10.8 11.7 15.8 20.5 26.2 32.7 45.8 60.3 72.4 76.6 76.1 70.3 59.9 41.5 25.5 23.8 24.1 27.4 30.6 33.5 36.7 37.7 37.5 32.9 36.6 42.9 44.7 43.3 41.8 39.3 37.1 35.3 32.9 30.3 36.5 46.4 56.9 66.9 75.7 80.5 83.2 85.4 87.7 90.2 92.5 91.9 87.5 82.8 77.3 71.8 68.2 78.1 88 91.2 92.1 93.2
