data/TQ41.asc
ncols 200
nrows 200
xllcorner 540000
yllcorner 110000
cellsize 50
[rows 78 to 116 of 200, columns 88 to 175 of 200]
7.4 7.2 7.5 7.7 7.9 8.1 8.3 8.5 8.8 9 9 9.3 9.6 9.5 10.1 11.5 11.9 12 12.4 13.6 15 16.1 17.2 17.6 18.7 21 23.3 25.6 25.7 25.9 26.2 26.5 26.6 26.6 27.2 26.3 24.8 23 22.4 22.5 22.2 21 20.9 20.9 21.1 20.9 20.6 20.2 19.6 19.2 19.3 19.8 19.1 19.2 20.3 20.2 20.9 20.9 20.9 20.8 20.5 20.1 19.6 19.2 20 20.2 20.5 20.3 21.1 21.9 22.7 23 23.5 24 24.3 24.7 24.6 24.2 24.3 24.3 24.2 24.4 25.2 25.9 24.7 23.2 21.5 22.4
7.2 7.3 7.5 7.7 7.9 8.1 8.4 8.5 8.4 8.7 9.1 9.4 9.7 9.8 10 10.9 11.4 11.8 12.4 13.8 15.3 16.9 17.6 18.6 18.8 21.2 23.5 24.2 24.3 24.5 24.8 25.1 25.4 25.2 25.1 24.9 24.5 22.8 22.7 22.7 22.8 21 20.6 20.9 21 21 20.7 20.4 19.9 19.4 19.1 19.6 19.7 19.8 20.5 20.5 20.9 20.9 21 21.4 21.3 20.5 19.6 20 20.7 20.9 21.3 21.7 22.2 22.7 23.4 23.3 23.8 24.3 24.9 25.1 24.9 24.4 24 24.3 24.9 25.1 24.9 25.5 25.1 24 23.3 23.1
7.5 7.6 7.9 8.1 8.3 8.6 8.5 8.4 8.5 9 9.2 9.5 9.8 10.1 10.4 11.1 12.8 13 13.1 14.2 15.4 16.7 18.2 19.6 19.8 21.3 22.7 22.7 22.8 23.1 23.4 23.7 24 23.1 22.7 23.5 23.8 22.9 22.9 22.2 21.5 20.2 19.9 20.8 21 20.7 20.5 20.3 20.9 20.6 20.4 21.2 22.1 21 21.2 20.9 21 21.4 21.8 22.1 22.1 21.5 20.8 21.2 21.7 21.8 22 22.5 23 23.6 23.8 23.7 23.7 24.6 25.4 25.4 25.2 24.6 23.9 24 23.9 24.3 24.5 24.8 24.7 24 23.1 22.9
7.8 8 8.3 8.5 8.7 8.6 8.5 8.4 8.5 9 9.5 10 10.2 10.3 11.2 12.6 13.3 14 13.8 14.6 15.4 16.3 17.7 19 20.2 21.2 21.2 21.2 21.4 21.6 22 22.4 22.5 21.4 20.4 20.7 21.7 22.2 21.6 20.9 20.2 19.5 19.2 19.9 20.8 20.4 20.5 21.2 22.3 24.5 24.4 24.8 23.5 22.2 21.6 21.9 21.7 22.1 22.5 22.9 22.8 22.5 22.5 22.6 23.1 22.4 22.9 23.2 23.6 24.1 24.6 24 23.9 24.9 26 25.8 25.6 24.8 24 23.8 23.8 23.8 23.9 23.9 23.7 23.4 23 22.1
8.1 8.3 8.6 8.9 8.8 8.7 8.6 8.5 8.6 9 9.5 10 10.5 11.1 11.6 12.3 12.9 13.5 13.3 14.2 14.9 15.6 16.7 18.1 19.3 20.3 19.9 19.8 19.9 20.3 20.7 21.1 20.7 19.8 19 18.4 19.4 20.4 20.1 19.5 19 19.2 18.9 19.3 20.3 20.8 21.5 22.3 23.6 25.5 25.9 25.5 24.9 23.6 23.3 23.6 23.3 23 23.2 23.6 23.4 23.5 23.6 24.1 24.2 23.6 22.9 24 24.3 24.8 25.3 24.8 23.7 23.9 24.9 25.7 25.9 25 23.9 23.8 23.7 23.7 23.5 23.1 22.9 22.8 22.7 21.9
8.5 8.7 9 9 8.8 8.7 8.6 8.6 8.8 9 9.5 10 10.5 10.8 11.3 11.8 12.5 12.8 12.6 13.4 14.1 14.5 15 16.5 18.3 19.6 19.1 18.6 18.7 19 19.4 19.7 19.2 18.4 17.4 16.4 17.2 18.2 18.9 19.1 19.3 19.6 19.5 18.9 20.2 22.1 22.6 23.5 25 26.9 26.8 25.1 24.3 24.5 24.8 25.1 24.9 24.6 24.3 24.7 24.7 24.7 24.7 25.7 25.4 24.7 24 23.4 25 25.5 26 25.1 23.9 23.7 23.6 24.3 24.5 23.9 23.9 23.7 23.6 23.4 23.1 22.8 22.6 22.8 22 21.3
8.8 9 9.2 9 8.9 8.8 8.6 8.7 8.9 9.1 9.5 10 10.3 10.5 11.2 11.8 12.2 12.3 12.2 12.7 13.3 13.7 14.3 15 16.8 18.5 18.1 17.5 17.7 18 18.3 18.6 18.1 17 15.8 14.8 15.2 17.2 19.3 19.8 19.9 19.9 20.1 20.1 20.7 22.5 23.8 24.9 26.5 28.2 27.4 25.1 26.3 28.2 29 27.4 27.4 26.9 26.6 27 27.5 27.7 27.8 27.2 26.5 25.9 25.2 24.5 24.2 25.6 25.8 24.9 24.5 24.4 24.5 24.3 23.7 23.7 23.7 23.7 23.6 23.4 23.2 22.9 22.9 22.1 21.3 21.2
9.1 9.4 9.3 9.1 9 8.8 8.7 8.8 9 9.1 9.6 9.8 10.4 11 11.4 11.6 11.6 11.6 11.7 12 12.5 13.4 14.3 15.2 15.3 17.1 16.5 16.7 17.1 16.7 17.1 17.5 17.3 15.9 14.5 15.3 15 17.2 19.4 20.1 20.6 21.1 21.1 21.9 23.1 24.1 25.2 26.4 28 28.8 28 28.9 30.6 33 32.1 29.5 30.5 28.9 29.1 29.4 30 30.2 30.2 29 27.3 26.6 26 25.3 24.8 24 25.4 25.6 26.6 26 25.8 25.7 25 24.4 23.7 23.6 22.4 23.3 23.2 23 22.2 21.4 21.2 21.2
9.5 9.5 9.3 9.2 9 8.8 8.7 8.9 9.1 9.2 9.4 9.7 10.5 11.2 11.6 11 10.8 11.2 11.2 11.5 12.5 13.4 14.3 15.2 15.7 15.7 15.9 16.3 16.7 15.5 15.3 16.5 16.8 16 15.3 15.3 15.4 17.1 19.4 20.5 21 21.4 23.2 24.9 26.4 27.4 27.8 29.7 30.8 31.4 31.4 33.4 35.6 35.3 35.5 33.9 33.1 31.3 30.7 31.7 32.3 31.9 31.6 30.5 28.8 26.9 25.7 25.6 25.5 25.2 26.6 27.7 28.8 28.1 27.4 27 26.2 25.2 24.5 23.6 20.7 21.7 23 22.3 21.4 21.2 21.2 21.2
9.8 9.4 9.2 9 8.8 8.8 8.8 8.9 9.1 9.7 9.8 10.1 10.6 11.4 10.9 10.4 10.1 10.7 10.7 11.6 12.3 13.1 14.1 15.1 15.8 15.1 15.1 16 16.4 15.4 15 16 15.9 15.9 16.2 15.9 15.7 16.9 19.3 20.8 22.1 24.8 26.4 27.8 29.6 30.1 30.9 33.1 34.4 35.7 36.4 36.6 36.8 35.7 36.4 35.7 35.7 33.8 32.6 33.8 34.5 33.9 32.9 31.7 30.5 28 26.9 27 27.1 27.7 28.8 29.7 30.6 29.8 29.1 28 26.9 26 25.3 25 23.8 23.9 22.8 21.9 21.3 21.4 21.4 21.5
10.1 9.2 9 8.9 8.9 8.9 8.9 8.9 9.2 10.2 10 10.3 10.6 10.9 10.5 9.8 9.4 10 10.5 11.6 12.3 13.1 13.8 14.7 14.6 14.4 14.4 14.9 16 15.4 15.6 15.1 14.9 15.2 16 16.4 16.3 16.6 19.8 22.9 24.9 24.7 26.6 29.5 30.6 30.8 33.1 35.6 35.4 35 35.5 36 36.2 36.4 37 36.2 36 35.6 35 36 35.8 35.3 33.9 32.7 31.5 29.2 29.4 28.4 28.6 29.5 30.4 31.3 32.2 31.3 30.5 29.2 27.6 26.7 26 25.5 25.7 24.2 23.1 22.1 21.6 21.6 21.7 21.7
10.4 9.3 9 8.9 8.9 8.9 9 9.1 10 10.8 10.3 10.4 10.4 10.5 10.2 9.5 9 9.6 10.7 11.6 12.4 13.1 13.6 13.5 13.3 13.2 13.5 14.1 14.7 15.4 14.6 14.2 14 14.6 16 17.3 17.8 18.9 19.8 21.1 22.9 24.3 25.6 27.1 29.1 30.6 32.6 34.6 34.3 34 33.8 34.6 34.8 36.3 36 34.8 36 36 36 36 36 35.4 34.8 33.6 32.4 30.8 30.8 29.2 30 30.9 31.9 32.9 33.8 33.4 32 30.4 28.7 27.3 27.5 26.8 25.5 24.3 23.2 22.5 22 21.9 21.9 22
11 11 10 9 9 9.1 9.3 9.5 9.9 10.5 10.1 10 10.1 10.2 10 9.7 9.2 9.6 11.1 11.6 12.4 12.4 12.3 12.1 12 11.9 12.6 13.2 14.3 14.3 14.2 14.1 14.4 14.9 15.6 16.9 18.3 19.5 20.4 21.3 22.8 23.2 25.1 26.2 28.4 29.9 31.5 33.4 33.3 33 32.8 32.6 34.1 35.5 34.7 33.9 35.4 36 36 36 36 35.7 35.1 34.3 33.1 31.1 30.3 29.7 31.1 32.3 33.3 34.3 35.3 35.5 33.3 32.2 31.1 30.1 30 28.3 26 24.4 23.4 23 22.5 22.1 22.2 22.4
11 11 10.9 9.1 9.1 9.3 9.5 9.6 9.6 9.7 9.4 9.6 9.8 9.9 9.7 9.4 9 9.5 11.2 11.8 11.3 11.1 10.9 10.8 10.7 10.7 11.7 12.8 14 14.2 14.5 14.2 14.9 15.7 16.4 16.9 18.5 19.8 21 22.1 22.7 23.1 24.7 26.5 28.4 29.8 31 32.2 32.1 31.9 31.7 31.5 32.1 34 33.5 33.1 33.9 34.8 35.8 35.7 35.5 35.4 35.5 34.9 33.8 32.3 31.7 32.1 32.4 33.5 34.6 35.6 36 35.9 33 30.4 29.7 30.1 29.3 28.2 26.5 24.6 23.9 23.4 22.9 22.4 22.4 22.7
11 11 11 9.9 9.1 9.2 9.3 9.3 9.2 9 8.9 9 9.4 9.5 9.4 9 9 9.2 10.9 10.8 10.2 9.8 9.5 9.4 9.4 10.4 11.8 13.1 14.4 15.2 15.6 15.8 16.4 17.3 17.6 17.9 19.1 20.4 21.7 22.9 22.3 23.1 24.1 25.8 27.8 29.7 31.4 32.7 33 31.4 30.9 30 29.6 31.6 31.2 31.2 32.2 34 33.7 34.4 34.2 34.1 34.3 34.5 34.7 33.8 33.1 33.8 34.1 35.1 36 35.7 35.5 33.6 30.8 29.2 29.7 29.5 28.2 27 25.8 24.7 24.3 23.8 23.3 22.9 22.8 23.1
10.9 10.2 10.9 9.7 9.9 9 9 8.9 8.8 8.7 9 9.4 9.1 9.2 9.1 9 9 9 10.4 9.8 9.2 9 9.1 9.4 10.4 11.8 12.8 15.3 16.6 17.4 17.5 17.5 18.2 19 18.6 18.9 20 21.2 22.4 22 21.9 22.6 23.7 25 26.5 28.4 31.1 32.9 34 32.2 30.7 29.6 28.7 28.6 28.6 30.8 32.1 31.7 31.7 32.5 32.9 32.8 33.1 34.2 35.3 35.3 34.5 35.2 35.8 35.7 35.4 35.1 34.2 32.4 30.6 29.6 29.7 28.9 27.7 26.4 25.2 24.5 24.4 24.1 23.6 23.3 23.1 23.2
9.8 9.7 10.9 10.4 10.7 9.9 9.1 9.2 9.2 9.1 9.1 9.5 9.8 9.4 9 9 9 9 9.4 9.4 9.7 9.9 10.3 11.2 12.1 13.3 13.6 15.4 18.7 19.3 18.9 19 20.2 18.9 19.2 19.8 20.9 22.5 23.2 23.1 22.9 22.9 23 23.9 25.3 27 30.2 32.1 32.9 32.2 30.8 29.5 27.8 26.3 26.5 29.7 29.8 29.5 29.7 30.5 31.3 31.6 33.1 34.5 35.8 35.9 36 36 35.5 34.8 34.5 34.2 33.6 32.3 30.5 30 29.2 28.4 27.6 25.8 24.7 24.3 24.2 24.1 24.1 23.9 23.6 23.4
9.8 10.7 10.9 11 11 9.1 10.1 9.7 9.7 9.6 9.5 9.7 11 11.5 10.1 9.4 9.3 9.2 9.1 9.3 10.7 11.1 12 13 14.3 14.8 15.1 15.3 17.6 19.1 19 18.7 18.9 19.1 19.3 20.3 21.8 23.1 23.8 24.4 24.2 24.1 24.1 24.1 24.4 25.2 27.4 29.1 30.1 29.8 29.4 28.5 25.6 25.1 25.5 27.3 27.3 27.2 27.7 28.8 30.3 32 33.4 34.9 35.9 36 36 35.8 35 34.1 33.6 33.3 32.7 31.5 30.4 29.5 28.7 27.9 27.1 25.8 24.1 24.1 24.1 24.6 24.8 24.5 24.2 23.9
9.7 9.1 10.6 10.9 9.8 10.1 10.8 10.6 10.1 9.7 9.5 10 11.6 11.9 11.6 10.3 9.9 9.7 9.6 9.5 11.6 12.9 13.8 14.8 16 15.6 15.6 15.5 15.5 16.6 17 18.5 19.3 20.6 21.2 21.6 22.4 23.2 23.7 23.7 23.9 24.7 24.9 24.9 25 25.2 25.4 25.7 26.5 26.8 27.2 26.4 25.9 25.3 24.7 24.8 24.9 25.4 27.3 28.8 30.5 32.4 33.8 34.9 35.7 36 36 35.3 34.4 33.6 32.7 32.3 31.9 30.7 29.6 29.2 28.3 27.4 26.6 25.8 24.8 24.1 24.7 25.1 25.4 25.2 24.9 24.5
11.1 12.2 11.7 11.3 11.6 11.6 10.8 11.2 10.8 10.2 9.7 9.8 12 11.9 11.6 11.2 10.5 10.3 10.1 9.8 11 12.7 14.4 15.7 15.9 16 15.6 14.7 15 15.2 15.5 16.1 16.7 18.3 19.8 20.7 21.7 21.9 22.3 22.3 22.4 23.1 23.7 24.5 25.4 24.8 23.7 23 24 25.1 25.3 25.2 24.3 22.9 21.7 22.9 23 24.9 26.9 28.8 30.5 32.3 33.7 34.7 35.5 36 35.5 34.7 33.9 33 32.2 31.4 31 29.8 29 28.5 28.1 27.2 26.3 25.3 24.3 24.7 25.2 25.6 25.8 25.6 25 25.3
12.7 13.9 13.7 13 13.3 13.3 12.6 12.6 11.8 11.2 10.5 10.6 12.1 12.2 12 11.7 11.3 10.4 9.9 9.8 11.2 12.7 14.4 15.3 15.6 15.7 14.5 14 14 14 14.4 14.4 14.2 16.3 18.4 19 19.8 20.5 20.6 20.8 21 21.4 21.8 22.6 25 22.8 20.8 20.5 21.3 21.9 22.8 23.4 23 21.6 19.3 20.5 22.2 24.3 25.9 27.7 29.6 31.3 32.9 34.4 35.1 35.1 34.5 33.7 33.1 32.4 31.6 30.8 30.1 29.1 28.4 27.9 27.6 26.7 26 25.1 24.9 24.9 24.2 25 25.7 25.3 25.9 26.3
14.2 15.7 15.6 15 15 15.1 14.6 12.7 12.6 12 11.8 11.8 12 12 12.1 12.1 11.7 9.5 9.5 10.1 11.5 12.8 14.3 14.9 15.4 14.7 13.9 14 14.1 14.1 15.2 15.7 15.9 15.5 17 17.5 18.1 19 19.3 19.4 19.5 19.3 19.9 20.9 23.6 21.4 19.1 18.2 19.2 18.4 20 21.6 21.6 20.6 19 20.4 22.2 23.2 24.7 26.6 28.5 30.3 31.9 33.4 34.7 34.7 33.4 32 31.3 30.7 30 29.4 29.3 28.6 27.8 27.5 26.9 26.1 25.6 25 24.4 24.9 25.2 25.1 25.4 25.8 26.4 27.1
15.7 16.7 17.3 17 18.3 17.8 16.7 15.3 14.1 13.3 13.1 12.8 12.1 12.1 12 12 10.6 9.3 9.2 10.8 12.1 13.4 13.7 14.2 14.5 13.7 13.8 13.9 14 14.4 16 15.8 15.7 15.8 15.9 16 16.2 17.1 17 17.4 18.7 20.1 19.9 20.7 21 20.1 18.3 17.2 17 17.9 19.3 20.3 20.2 19.1 19 20.3 21.4 22.6 23.7 25.5 27.7 29.6 30.8 32.4 33.9 34.4 33.2 31.1 29.5 29 28.9 28.8 28.7 28.2 27.4 26.8 26.7 26.2 25.9 25.2 24.1 24.5 24.8 25.3 25.8 26.3 27 27.6
17 17.9 18.7 19.6 23 21.4 19.6 17.7 16.4 14.5 13.9 13.3 12.5 12.3 12.3 12 11.2 10.1 9.1 11.7 11.9 11.3 12.7 13.1 13.2 13.1 13.2 13.4 13.5 13.8 15.7 15.4 15.4 15.5 15.4 15.6 14.9 14.5 14.6 15.5 17.2 18.9 20.5 20.4 20.1 19.3 17.4 16.2 16.1 17.4 18.7 18.7 18.7 18.7 19.2 20.1 21.5 23 24.4 26.3 27.9 29.7 30.5 31.4 32.9 34.2 33.1 31 30.3 28.9 28.5 28.2 28.1 27.7 26.9 26.4 26.5 26.7 26 25.6 24.7 24.4 25 25.6 26.2 26.7 27.3 27.9
17.7 19.3 20.6 22.9 24.4 23.2 21.7 19.9 18 16.1 14.8 13.8 12.9 12.6 12.3 11.7 10.4 9.6 9.2 9.4 9.6 9.5 11.3 11 11.5 12.5 12.7 12.9 13.1 13.3 14.4 15.1 15.1 15.1 15 15.4 15.7 14 14 14.1 14.5 16.2 17.7 18.6 19.1 18.4 16.4 14.9 15.7 17.4 19.2 19.3 19.5 19.8 20.4 21.2 22.4 23.9 25.7 27.5 29.2 29.7 30.6 31.5 32.4 33.3 32.9 32.5 31.9 29.3 28.8 28.3 27.8 27.4 27.2 27 26.8 26.6 26 26.7 25.7 25.1 25.4 26 26.5 26.9 27.5 28.1
17.4 19.2 20.5 22.4 24 23.3 22.1 20.1 18 16 14.4 13.5 12.8 12.4 12.1 11 9.6 9.2 9.7 9.7 9.4 9.8 10.6 9.9 10.3 11.3 12.2 12.4 12.6 12.8 13.8 14.5 14.6 14.5 14.4 15.4 15.3 14 14 14 14.1 15.6 15.9 15.9 16.4 15.6 14.3 14.5 16.2 18.1 19.7 19.9 20.3 20.8 21.6 22.4 23.4 24.8 26.9 28.8 30.5 30.2 31.3 32.3 33.2 34.1 34.1 33.6 33.1 30.9 29.8 29.3 28.4 27.6 28.2 28.1 27.7 27.5 27.4 27.3 26.9 26.3 25.8 26.4 26.9 27.4 27.8 28.4
17.4 18.7 19.8 20.9 21.5 21.5 21.4 19.8 17.8 16 14.4 12.8 12.1 11.4 11.5 10.7 10.4 10.1 10.2 10.5 10.8 11.1 11.4 10.2 9.1 10.7 11.9 11.2 12.1 12.4 12.9 12.9 13.5 13.7 14 15.3 15.3 14.2 14 14 14.2 15.3 15.4 15 14.1 14.4 14.9 15.7 16.8 18.8 20.3 20.8 21.3 21.9 22.7 23.6 24.5 26 28.1 30 29.6 31.3 32.9 34 34.9 35.3 35 34.7 34.2 32.4 30.9 30.1 29.4 28.1 28.6 29.4 29.3 29.1 29 28.1 27.4 26.7 26.5 27 27.9 28.5 29.1 29.2
16.8 17.6 18.9 20 21.5 20.9 20.8 19.6 17.7 16.1 14.5 12.9 11.4 10.7 10.4 10.5 10.8 10.6 11.1 11.8 12.1 12.4 12.1 11 11 12.1 11.4 10.7 10 10.6 11 11.2 12 12.8 14 14.8 14.8 14.7 14 14.2 14.9 14.7 14.7 14.2 14.6 15.3 15.6 15.9 16.5 18.4 19.8 20.4 20.8 22.4 23.7 24.4 25 26.1 28.7 30.4 30.4 30.6 32 34.3 35.9 36.4 36 35.7 35.2 35 32.7 31.4 30.5 31.3 31.8 32 30.8 30.2 29.3 28.4 27.7 27.3 27.2 27.7 28.1 29.1 30 29.6
15.3 15.9 17.2 20 21.5 20.9 20.2 19.4 17.7 16.1 14.5 12.9 11.3 10 9.3 9.9 10.7 11.3 11.7 12.4 13.1 13.7 13.3 12.6 12.3 11.6 11.2 10.8 10.4 9.4 9.9 11.3 11.6 12.7 14.1 14.2 14.2 14.1 14.2 15.4 15.9 14 14.1 14.6 15.3 15.7 15.9 16.2 16.5 17.6 19 19.3 20.5 22 23.6 24.3 25 25.7 27 28.8 29.5 29.3 31.1 33.7 35.3 36.1 37.3 36.7 35.9 35.7 34.7 32.9 33.7 35.5 34.8 33.6 31.2 30.4 29.5 28.8 28.3 27.9 27.9 28.4 28.8 29.3 29.9 30.8
14.5 14.7 17.2 20.1 21.5 20.9 20.2 19.1 18 16.5 14.8 13.1 11.5 9.8 9.7 10.8 11.8 12.8 12.8 13 13.7 14.3 14.5 14.4 14.2 13.8 13.4 13 11.9 9.7 9.8 12.1 11.6 11.8 13.2 14 14 14 15.2 16 15.5 14.1 14 15.9 15.8 16.2 16.5 16.7 17.1 17.6 18.9 19.2 19.5 21.3 23.5 24.2 24.7 25.2 24.9 27.5 29.2 29 30 33.1 34.6 35.7 36.9 36.8 36.5 35.9 35.7 35.1 36 35.3 33.6 32.1 31.2 30.3 29.7 29.4 28.9 28.6 28.6 29 29.6 30.5 31.4 32.3
14.1 16.1 18.4 20.2 21.5 20.9 19.8 18.4 17.2 16.2 15.1 14.1 12.4 11.2 11 11.9 12.9 14.3 14.7 15.4 15.3 15 15.3 16 16.2 16 15.6 14.5 13 12.3 12.7 12.4 11.2 10.9 11.3 12.7 14 14.4 16 16 15 14 14 15.9 16.2 16.6 17.1 17.4 17.8 18.2 18.7 19.7 20.9 22 23.2 23.7 24.1 25 26.5 29 30 29.9 30.8 34 35 34.9 35.7 35.4 36.1 36 36 35.4 34.8 33.6 32.1 30.2 30.7 30.8 30.6 30.2 29.6 29.1 29.2 30 31.1 32 33 33.9
15.7 17.4 19 20.2 21.6 20.5 19.1 17.8 16.4 15.4 14.3 13.3 12.8 13.1 13.1 12.9 14.1 15.6 16 16 15.9 15.5 15.8 16.2 18.3 18.3 17.5 16.8 16.1 15.6 15.4 14.4 12.9 12 11.5 10.9 13.8 15.6 15.3 16 15.3 14 14 15.8 16 16.4 16.9 18.2 18.6 19.1 19.5 20.4 21.6 22.5 23.3 24.3 25.6 27.6 30 30.8 30.8 31.1 34.2 35.9 35.4 35.5 34.7 34.9 35.5 36.1 35.2 34.1 33.5 32.5 31.3 30.4 31.1 31.2 31.1 31.2 30.9 29.6 29.9 31.1 32.8 33.9 34.4 35.5
17.3 18.3 19.3 20.6 21.6 20.1 18.6 17.1 15.8 14.5 13.6 13.6 13.7 14.3 14.5 14.7 14.7 15 15.7 16 15.9 15.6 15.8 15.9 18 18.8 19.3 18.6 18.8 18.7 18.4 16.9 15.8 14.3 13.7 15.3 17.2 17.8 16.5 15.1 14.9 14 14 15.1 15 16.4 16.2 17.5 19.1 20.1 20.6 21.5 22.1 22.7 23.4 24 24.4 25.5 29.2 31 31.2 31.1 33.2 34.6 35.8 35 33.9 33.9 34.9 34.6 33.7 32.9 32.9 33.3 32.7 33.7 34.2 32.8 32 32 31.6 31.8 31.4 31.3 32.7 35.3 35.6 36.7
18.8 19.6 20.4 20.8 21.5 20.8 19.2 17.6 16.1 14.7 14.5 14.5 14.5 15.4 15.6 15.2 14.6 14.3 14.7 15.8 15.1 15.1 15.7 16.2 18.1 19.1 19.5 19.1 20.5 19.9 20.4 19.4 18.7 18.1 18.7 19.4 20.4 19.7 17.9 15.9 14.3 14 14.3 14.7 15.9 15.3 15.5 16.6 18.3 19.9 19.9 20.2 20.9 21.6 22.3 23 24.1 26.1 28.9 30.4 30.8 30.3 31 32.6 34.3 33.9 33 32.9 33.7 34.3 33 33.5 33.9 34.1 34.3 35.5 35.6 34.9 34 32.6 32.7 33.2 33.6 32.7 32.4 34.8 36.1 35.9
18.8 20.7 21.8 22 21.9 21.1 19.9 18.9 17.4 16.6 15.7 15.5 15.4 16.6 15.9 15.5 14.9 14.1 14 14.2 14.3 15 15.6 16.5 17.6 18.5 18.6 19.1 20.4 21.7 21.5 20.1 20.2 21.4 22.7 23.2 22.2 20 18 16.2 14.9 14.2 14.7 15.4 15 15 15.1 15.7 17.3 18.5 18.7 19.2 19.9 20.6 22.3 23.3 25.2 27.8 29.8 28.9 29.6 30.1 29.4 31.5 32.5 32.2 31.9 31.7 32.6 33.4 33.4 33.7 33.9 34.8 34.8 34.9 34.9 34.4 33.6 33.5 33.7 34.3 34.8 33.9 34 34 36 35.9
19.7 20.8 22 23.1 24.1 24.7 23.6 22 20.5 19.1 17.9 16.7 17.2 17.5 16.6 15.7 15.1 14.1 14 14 14.3 15.1 16.3 16.6 17.6 18.4 18.7 19.4 21.1 23 22.2 21.7 21.8 22.6 22.5 22.8 22 20.2 18.4 16.6 15.5 14.7 15.3 15.8 16.1 16.6 16.3 16.4 16.6 17.8 18.1 18.6 19.1 19.8 21.7 23.2 24.6 26 26.9 27.8 28.8 28.5 28.2 30.2 30.3 29.8 29.7 30.4 32.5 33 33.6 34.2 34.8 34.2 34.3 34.1 33.8 33.5 34.3 35.1 35.5 35.2 34.9 34.5 34.7 34.9 35.3 35.8
20.5 20.5 21.6 23.3 25 26.4 26.9 26 24.5 22 20.3 18.9 20 19.6 18.4 17 16 16.6 16.6 16.4 16.4 17.4 17.8 17.9 18.1 18.5 18.8 19.9 21.6 22.8 23.1 23.7 22.3 22.2 21.9 21.6 21.1 20.4 18.8 17 16 15.4 16.5 17.6 17.7 18 17.8 17.4 16.3 16.8 17.4 17.9 18.4 19 21.3 22.9 24.1 25.2 25.7 26.8 27.2 26.7 27.1 27.9 27.6 27.4 28.1 29.4 30.9 32 31.8 32 33.6 33.3 33.5 33.5 33.2 33.1 33.9 34.8 35.5 35.3 35.1 34.9 34.9 35.2 35.5 35.9
20 20 21 23.4 25.4 27.2 29.5 28.8 27 25.1 22.3 22.2 22.2 21.7 20.7 19.5 18.7 19.3 19.5 19.3 19.1 19.2 19.3 19.3 18.9 18.8 19 20.3 21.8 23.4 25 25.3 22 21.7 21.4 21.1 20.7 19.7 18.4 17.3 15.8 16.5 17.6 18.4 18.9 19.3 18.8 18.5 17.7 18.3 19.6 20.5 21.1 22.1 23.5 24.8 24.2 24.2 24.7 25.4 25.5 25.4 25.3 25.4 25.8 26.3 26.9 27.4 28.3 29.4 29 31 31.8 31.9 32 32.7 32.5 32.7 33.6 34.3 34.6 34.3 34.4 34.5 34.8 35.4 35.7 36
18.4 18.5 19.6 21.9 23.6 26.6 30.4 30.9 29.6 28.1 26 25.6 24.7 23.8 22.9 21.5 20.4 20.9 20.5 20.4 20.2 20.9 21.1 21.1 19.6 19.7 20.5 22 24.1 26.1 25.6 24.2 22.2 21.1 20.8 20.4 19.5 18 16.3 15 16 17.4 18.5 19 19.5 19.9 19.8 19.6 19.1 19.7 20.7 22.8 23.8 24.8 25.2 25.6 24.8 23.6 24 24.4 24.3 24.1 24 24.7 25.3 25.5 25.8 26.3 26.7 27.2 27.8 28.7 29.7 30.4 30.9 31.7 31.9 32.3 33 33.3 33.4 33.3 33.3 33.4 33.1 34 34.7 35.9
