data/TQ45.asc
ncols 200
nrows 200
xllcorner 540000
yllcorner 150000
cellsize 50
[rows 70 to 104 of 200, columns 0 to 78 of 200]
244.1 246.6 246.3 244 240.9 236.2 231.5 235.8 240.6 242.9 244.1 245.4 246.8 246.1 244.5 242.7 241.4 241 241 239.3 237.1 234.8 231.6 227.8 224.1 218.6 223.1 226.4 228.3 229.9 231.7 232.3 232.6 231.1 227.9 229.8 230.6 231.6 232.3 232.6 232.9 233 232.6 232.1 231.7 230 227.6 228.2 228.7 228.3 227.7 227.7 228.8 231.7 235 238 240 242 244.3 246.2 247.4 248.2 248.2 247.8 247 246.2 245.2 244 243.6 244.5 246.2 247 246.5 245.8 244.3 242.9 240.5 238.5 237.3
242.6 245.5 247.8 245.5 242.1 236.7 235 238.9 243 245.1 246.2 247.3 248.4 248.2 246.4 245.1 244.9 244 243.5 241.1 238.2 234.1 230 227.4 221.8 222.5 228.1 230.4 231.3 233.5 234.4 234.6 234 231.8 230.5 232.4 233.5 234.8 235.1 235.5 236 236.2 235.8 235.3 235.1 233.4 231.6 231.5 231.2 231.6 231.9 231.8 232.3 234.1 237.1 239.2 240.9 243.1 245 245.9 247.4 249.1 248.7 248.8 248.1 247.1 246.2 245.4 245.7 246.3 247.6 247.2 246.9 245.6 243.6 241.7 238.9 236.6 233.3
239.9 246.2 249 247.7 244.3 239.5 237 240.8 244.4 247 248.1 249.3 250.6 250.9 249.9 248.4 248.4 246.9 244.7 241.9 239.4 236.1 232.1 229.8 223.2 227.1 231.5 233.5 235.1 236.4 236.8 237.1 235.5 232.9 234 235.2 236.9 237.7 238.2 238.5 238.7 238.6 238.9 238.5 238.5 238.3 237.3 234.8 234.6 236.2 236.1 236.2 236.4 237.6 239.1 240 241.9 243.6 244.8 245.5 246.7 248.5 247.6 248.4 248.4 247.3 246.4 246.3 246.5 247.2 249.3 246.8 246.9 245.3 243.5 240.2 237.2 232.2 227.9
236 245.4 249.7 249.4 246.5 241 239.4 242.9 246.2 249.2 250.6 251.9 253.2 253.3 252.4 250.6 250.2 248.6 245.9 243.3 240.7 238.2 234.5 230 225.6 230.9 234.5 236.5 237.5 238.3 239.1 238.6 237.7 235.7 236.1 237.5 238.7 239.9 241.1 241.2 241.3 240.9 241.2 241.1 240.9 241.2 241.4 241.1 240.6 240.8 240.4 240.6 240.9 240.9 241 241.1 242.2 243.7 244.8 245.7 245.7 246 246.9 247.6 247.7 247.5 247.1 247.2 247.1 247.3 249.8 247.8 248.5 245.6 242.8 239.2 233.6 227.4 219.9
231.3 243.6 248.6 251.4 248.5 244.1 241.9 245 248 251 253.6 254.9 255.9 255 254.5 252.8 251.7 249.7 247.8 244.9 242.2 239.3 235.3 230.4 230.3 234.4 237.6 238.4 239.2 240 240.1 239.3 238 237.3 237.7 238.9 240.1 241 241.1 241.1 241.5 242.1 242.5 241.5 240.9 241 241.4 242 241.4 240.9 240.1 239.6 239.6 239.7 239.8 240.3 240.6 242.4 243.4 244.2 244.3 245 245.4 246 246.1 245.9 245.6 245.4 245.4 246.4 247.5 247.5 246 242.8 241.8 239.3 235.1 229.2 221.8
228.6 242.1 249.5 251.7 251.1 247 244.1 246.7 249.7 252.6 255.4 256.6 256.9 256.4 255.6 254.4 252.9 251.2 248.8 246.4 243.4 239.9 235.7 231 232.1 237.4 239.4 240.5 241.3 241.6 241.2 240.5 239 238.1 237.9 239.2 239.5 239.8 240.8 241.1 241.1 241.4 241.3 241.2 241.1 240.6 240.6 240.4 238.5 236 235.8 235.1 234.9 235.3 236 236.3 237.2 240.2 239.7 240.3 240.7 241.9 242 242.2 241.7 241.4 241.6 241.4 241.4 242.3 242.7 242 241.4 240.9 239.4 237.4 234.8 229.9 225.5
227.8 240.9 249 252 252.6 249.8 247.2 248.1 250.7 253.4 255.9 256.2 257.6 257.2 256.5 255.2 253.7 252.2 249.6 246.5 243.4 240.2 236.4 232.4 234.3 237.9 240.4 241.6 242 242 241.3 240.6 239.7 239.5 239.4 238.4 238 238.2 237.8 237.8 238.9 238.4 237.9 237.7 237.5 236.1 235.1 234.3 233.6 231 231.1 230.7 230.2 231 231.6 231.4 231.9 232.9 233.3 235.1 236.6 237.6 237.6 237.3 237.2 236.9 236.9 236.5 237.2 237.4 237.6 237.5 237.1 236.6 232.2 231.4 231.6 228.9 225.7
225 236.5 246.3 251.8 253.8 252.3 249.5 249.8 252.5 254.3 255.7 257.1 258.4 257.2 256.5 255.4 253.7 251.6 249.4 246.3 243.1 240 236.5 231.7 235.9 239 241.3 241.8 242.1 241.4 240.8 240.3 239.6 239.6 240 237.9 236.5 234.5 232.6 232 233.8 234.4 234.3 234 233.2 231.5 229.3 228.2 226.2 225.1 224.8 224.5 222.4 223.6 225.5 223.3 223 223.2 224.8 227.2 229.5 231.1 231.5 230 230.1 229.8 228.5 228.4 229.7 231.1 232.1 231.8 229.5 226.3 226.2 225.5 225.6 222.6 218.5
221.5 233.4 242.2 249.3 254.9 254.2 252.5 252.8 254.9 255.8 256.8 258.2 258.8 257.4 256.4 254.9 253.4 251.4 249.1 246 242.9 239.7 236.5 235 237.3 240.5 241.6 241.4 240.8 239.6 238.5 237.7 236.5 236.1 235 232.3 229.2 224.9 225.8 225.5 224.6 227.9 228.6 229.5 227.4 224.8 222.5 220.8 218.9 217.9 216.7 216 215.9 215.6 215.2 214.3 213.1 213.7 215.2 218.2 222.7 223.1 221 220.2 221.9 221.6 221 221.3 221.6 222.2 222.1 220.6 217.5 218.6 216.1 215.9 214.5 211.3 208.7
221 228.3 238.5 249.5 253.6 256.3 256.7 255.8 257.4 258.4 259.2 259.9 258.8 257.2 255.9 254.6 252.7 250.5 247.9 245.2 242.4 239.6 236.8 238 240 241.6 241.2 238.7 236.6 233.9 232.8 230.7 228.8 227.8 226.3 224.3 222.4 221.1 217.3 214.3 214.9 217.1 219.2 220.1 219.1 218 214.9 212.7 209.8 208.8 207.4 207 206.5 206.3 206 205.6 203.5 203.8 205.4 209 213.7 213.5 212.9 208.8 210.2 209.8 206.8 206.9 209.3 211.6 210.9 208.3 209 209.8 204.8 202.7 203.7 202.2 197.8
222.4 225.8 237.4 248.8 255 256.7 258.6 258.8 259.9 261 261.7 261.3 259.5 257 254.8 253.4 251.3 248.9 246.3 243.6 241.3 238.8 238 240 240.7 240.8 238.9 236.3 231.8 227.9 224.7 221.7 220.2 219.2 217.3 215.2 214.4 209.9 205.8 204.2 205 207 209.2 211.1 210.5 209 205.4 202.6 200.4 198.8 197.5 197.4 197.3 197.3 196.3 194.4 192.9 193.6 197.8 203.8 204.9 205.7 202.5 198.4 199.3 197.7 195 195.6 199.3 200.1 199.7 198.3 197.8 196.7 192.5 189.8 190.5 190.9 186.6
228 233.1 240 248.6 254.3 257.4 259.6 260.7 262 263.4 263 262.3 260.3 257.8 255.1 252 249.6 247.2 245.1 242.8 240.9 240.1 239.6 240.6 238.7 237.2 234.9 230.9 225.4 220.4 214.8 211.1 208.1 207.4 206.6 205.7 203.4 199 194.6 193.3 195.2 196.3 199.3 202 202.4 200 195.9 192.9 191.9 190.8 189.2 190.1 189.8 189.5 187.3 184.7 183 185.2 190.6 192.7 195.1 195.9 193.8 191.1 189.7 187.8 185.6 185.7 187.2 187.9 187.9 186.3 185 183.4 180.1 179.4 179.3 179 178.8
234.9 241 247 252.2 255.9 258.7 260.5 261.6 263.1 263.4 263.8 263.3 260.6 257.4 254.1 251.1 248.8 246.7 244.6 243.1 241.8 241.1 238.7 237.2 235 232.3 228.2 224.7 218.1 210.2 204.1 200.4 196.8 194.2 193.2 192.3 190.6 188.5 183.7 182 186.6 189 191.4 191.9 193 193.1 188.4 185.5 184.9 184 181.6 182.7 183 182.3 180.1 177.6 176.4 178.4 183 184.1 185.4 185.6 185 184.4 182.6 179.5 176.8 176.5 176.7 176.6 176.3 176.4 174.5 174 172.1 170.5 172.3 172.5 170.9
242.4 247.1 253.4 255.5 257.8 259.9 261.3 262.2 263.1 263.7 263.7 262.3 259.6 256.5 253.4 251 249.9 248.1 245.7 241.9 239.9 237.1 234.6 231.6 228.5 224.9 220.1 215.2 210.4 202.1 194.5 188.6 186.5 183.9 180.6 180.8 179.9 178 174.5 174.3 178.5 181.3 183.1 185 185.6 185.7 181.8 179.8 179 177.8 176.3 176.3 176.8 175.7 173.3 171.4 169.7 170.7 174.2 175.4 175.9 177.2 175.6 175.4 173.5 170.6 169.7 169.7 170.2 169.2 167.7 166.9 166.4 166.5 166.1 165 165.1 165.8 164
249.8 253.9 256.6 258.4 259.4 261.1 262.2 262.8 263.3 263.8 262.8 261.7 259 255.5 253.9 252.2 249.2 246.4 241.7 236.4 233.2 230.2 227.4 224.4 220.8 216.5 212 208.3 201.9 193.8 186.1 178.1 176.3 174.7 170.8 170 167.9 167.6 166.5 167 170.1 174 175.1 177.5 179.6 180.8 178.2 176.9 174.5 173.6 172.9 173.2 172.9 171.5 169.8 167.9 166 164.9 169 168 167.1 170 169.1 167.2 165.9 164.7 163.7 163.5 163.5 163.8 163.3 162.9 162.6 163.2 163 161 160.7 160.7 160.1
255.2 257.2 258.1 259.3 260.9 261.3 262.4 262.4 262.4 262.1 260.4 260.9 258.6 255.6 253.9 250.4 245.3 240.8 234.8 229.7 226 222.9 220 216.4 212.4 208.1 204 198.3 187.4 180.3 174 168.4 167.6 167 163.3 161.8 160 159.6 158.5 161.8 164.1 166.4 168.3 171.1 174.2 176 175.8 174.2 171.1 169.8 169.4 169.3 169.7 168.2 166.3 164.5 163.4 162.5 163.9 164.7 164.3 163.8 163 162.5 160.3 160.5 160.2 160.4 160.2 161 160.4 159.9 159.3 159.8 160.2 158.8 157.5 156.2 155.7
258 258.7 258.9 260.1 260.3 259.8 259.2 256.5 255.6 254.2 253 256 256.8 253.1 250.1 245.4 240.8 232.2 225.4 220.3 216.9 213.6 210.4 206.7 202.3 197.6 192.8 183.5 174.6 167.1 164.8 162.6 162.1 161.4 158.8 156.5 155 154 155 156.6 158.8 160.7 162.6 166.5 171.4 173.3 173.6 171.4 168.6 167 166.4 166.7 166.8 165.6 163.9 162.1 160.3 159.2 160.9 161.7 161.9 160.2 159.2 158.1 156.9 156.9 156.9 156.7 156.8 156.8 157.2 156.9 156.9 156.1 155.8 156.1 154.3 152.9 152
258.9 259.3 258.4 257.5 256.2 255.4 253.4 246.2 247 245.7 245.2 246.9 246.4 247.4 243.2 238.7 231.7 223.2 215.6 211 207.3 201.5 196 192.1 188.2 185.1 180.7 173.6 164.7 161.4 159.2 158 157.6 156.9 155.1 153.2 151.6 150.7 151.6 152.9 154.1 155.1 159.2 164.9 170.2 171 170.5 169 166.5 164.6 163.6 164 164.4 163.6 161.8 159.9 158 157 157.8 158.6 159.4 157.7 156 154.7 153.8 153.6 153.5 153.3 153.6 154 154.2 154.2 154.2 153.9 153.3 153.8 151.8 149.8 148.4
257.8 256.1 254.9 251.4 246.4 243 238.6 234.8 231.6 230.8 229.5 232.3 234.6 234.8 234.8 231.1 224.3 215.5 206.6 200 191.1 183.8 179.9 175.4 174.2 172.6 169.5 164.8 160.9 157.5 155.7 154.3 154 153.4 151.8 150.2 149 148.5 148.6 149.4 150.8 152.4 156.3 162.2 167.7 168.8 167.5 166.2 163.8 162.3 161.2 161.6 162.2 161.6 159.9 157.9 156 154.7 155 155.6 156.4 155.3 153.5 152 151 150.6 150.4 151 151.2 151.2 151.5 151.6 151.6 151.5 151.3 151.4 149.3 147.3 145.2
253.9 250.3 245.5 239.9 235.3 232.3 229.1 224.3 218.6 213.7 216.8 218.7 221.7 224.9 227.5 224.2 218.6 209.1 199.6 181.2 175.7 170 164.5 158.6 160.1 161 162.8 162.6 158.7 155.9 154.1 152 151.5 151.1 149.5 147.8 146.8 146.4 146.9 147.4 148.3 150.2 154.7 160.6 166 166.1 164.9 163.4 161.4 160 159.5 159.4 160 159.6 158.1 156.1 154.1 152.9 153 153.2 153.4 152.9 151 149.5 148.8 148.1 147.9 148.2 148.5 148.6 148.8 149.1 149.1 149.3 149.2 148.9 147.2 145.5 144.2
245.6 240.8 235.5 229 222.5 219 215.2 209.2 201.2 197.4 201.1 204.4 207.8 212 217 219.1 215.1 208.2 195.3 181.9 164.2 159.2 155.2 152.5 152.2 155 159.4 162.4 158.8 155.8 153.2 151 149 148.4 147.2 145.7 144.9 145 145.9 147.2 149.5 152.8 156.9 159.8 162.9 164 162.8 160.9 159.4 158.1 157.9 157.8 157.7 157.7 156.2 154.3 152.5 151.7 150.9 151.3 151.8 151.6 149.6 147.8 146.9 146.2 146.1 146 146.3 146.8 147.2 147.4 147.9 148.4 148.3 147.7 146.2 144.3 142.9
237 231.8 225.1 218.4 208.5 202.4 199.3 194.2 182.5 179.5 184.8 188.6 194.2 202.8 209 211.4 212.1 207.4 197.9 187.4 174.4 159.7 153.3 149.6 148.7 151.6 158.5 162.7 159.4 156 154.2 152.7 149.9 147.2 145.7 144.3 143.1 142.8 145.1 147.8 151.9 157.3 161.3 162.8 163.1 162.3 160.7 159.3 157.9 156.5 156.2 156.1 156 155.7 154.5 152.8 151.4 149.7 149.2 149.7 150.2 149.6 148.4 147.2 145.8 144.6 144.3 144.3 144.5 145.6 146.2 145.8 146.2 147.3 147.5 146.7 145.7 143.2 141.3
226.9 219.5 213 203.4 193.7 181.4 181.3 177.2 166.2 165.4 172.2 175.1 181.7 191.2 199.5 203.8 204.3 201.6 198.4 191.4 182.4 168.9 156.2 148.5 146.9 149 158.5 162 159.5 156.9 154.5 153.5 151.8 148.6 146.8 144.5 141.8 144 146.5 149.3 153.6 158.9 161.9 163.3 162.1 160.3 159.1 157.8 156.4 155.1 154.1 153.9 154.5 154.6 153.1 151.5 150 148.3 147.7 148.2 148.6 148.4 146.9 145.5 144.6 143.1 142.7 142.9 143.3 144 144.4 143.8 145.6 146.7 147.3 146.5 145.5 142.8 140.5
216.8 209 198.1 192.3 182 169.8 166.9 162.1 158 157.2 159.8 166 173.1 179.3 187.6 193.4 195.9 197.8 193.2 186.9 179.1 168.4 157.1 148.6 145.5 147.3 156.5 161.3 159.9 156.7 153 152.7 152.6 151.1 149 146 141.5 142.7 144.9 148.1 152.4 157.1 161.1 161.5 159.6 158.2 157.3 156.2 154.9 153.6 153 153.1 153.6 153.3 151.7 150 148.4 146.9 146.6 147.1 147.1 146 144.4 143.4 142.9 141.6 141.2 141.4 141.4 141.6 141.8 143.1 145.3 146.8 146.8 146.2 144.3 142.3 140
204.6 197.9 185.1 175 168.2 160.3 158.2 154.5 151.6 150.8 152.9 158.1 164.3 169 175.9 182.5 186.8 190.3 187 181.7 173.8 165 154.3 147.6 144 144.7 152.7 157.4 157.3 154.2 151.3 150.9 151.6 151.3 150.5 145.7 141.2 139.2 141.8 145.7 150.2 154.1 157.1 156.9 155.4 154.2 153.7 154.7 153.5 152.5 152 152.4 152.8 151.9 150.3 148.8 147.2 145.6 145.5 145.4 144.8 143.7 141.9 140.7 141 140.2 139.7 139.7 140 140.4 140.1 142.2 144.5 146.1 146.4 145.3 143.3 141.3 139.3
187.8 181.7 174.1 161.9 156.7 153.9 151.2 148.6 146.6 146.6 149.1 151.2 154.8 159.6 163.9 169.8 177.3 181.2 181.1 176.9 171 161.7 152.7 146.3 142.3 142.7 147.1 152.2 154 151.7 148.2 148.1 148.8 149.3 146 143.2 139.3 137.8 139.8 143 146.3 149.4 150.2 150.6 150.5 150.3 151.2 152.1 152.3 151.7 151.2 151.4 151.5 150.8 149.2 147.5 145.7 144.3 143.7 143.3 142.4 141.4 139.6 138.7 138.9 138.5 138 137.9 138 138.4 138.4 141.1 143.4 145.3 145.2 144.6 142.8 140.8 139.3
172.3 169.2 164.6 155.3 152 149.6 147.2 144.5 143.2 143.7 145.9 147.2 147.3 150.1 155.6 163.2 169.3 173.2 174 172.6 167.1 157.9 150.8 144.6 141.5 141.2 146.7 150 151 149.2 145.4 144.2 144.3 142.2 140.1 138.2 137.3 136.4 136.9 139 141.4 143.7 146.1 146.7 147.4 147.7 148.5 150.5 151.2 150.9 150.5 150.3 150.1 148.5 146.2 145.2 144 142.9 141.7 140.9 140.1 139.1 137.8 137.2 137.1 136.8 136.3 136 136.2 136.4 137.5 140.1 142.3 142.8 143.5 143.6 142.3 140.8 140.8
165.1 161 155.9 151.5 148.7 146.2 144.4 142.2 140.8 141.8 144.4 143.6 142.9 143.8 150.7 157.1 161 165.5 167.9 170.5 162.9 155 147.8 143.4 139.6 140.1 145.7 149.1 145.9 143.6 140.7 138.6 138.2 137.4 136.2 135.5 135.4 134.5 136.3 137.3 139.1 141.5 142.5 144 144.2 145.9 148.1 148.8 148.4 148.2 148.1 147.5 146.1 144.7 144.1 143.6 142.7 141.7 140.4 139.1 138 137 136.4 135.8 135.5 135.2 135 134.8 135.2 135 136.9 138.9 139.4 140.2 141 141.9 141.5 140.7 141
159.1 153.6 150.6 148.2 146.1 143.7 141.4 139.9 138.2 139.4 140.9 140.8 139.8 140.3 144.6 150.3 153.6 158 163.7 164.5 158.2 149.3 144.2 140.2 138 138.6 142 144.5 140.6 137.7 135.3 134.6 134.1 133.4 132.8 132.6 133.4 134.8 137.2 139.1 139.3 140.1 141.7 142.8 144.1 145.4 146.8 147.2 147 146.4 145.8 145 144 143.2 142.6 142 141.1 140.2 139.3 138.1 136.8 135.9 135.1 134.4 134 133.6 133.4 133.8 135.1 133.5 135 136.3 137.8 138.2 139.5 140.4 140.3 140.9 138.7
156.9 152 148.8 145.7 143.8 141.2 138.6 137.3 136 136.4 137.4 137.9 136.5 137.2 139.3 143.2 146.3 151.1 154.5 155.7 149.6 143.3 140.9 139.2 137.1 135.2 136.8 136.8 134.8 133.1 132.1 131.3 130.9 130.5 131.6 132.2 133.9 135.9 138.8 141.3 142.1 142.5 143.2 145 145.2 145.9 145.6 146.1 146 145 144 143.2 142.3 141.7 141 140.4 139.5 138.6 137.9 137.1 135.8 134.7 133.9 133.2 132.5 132 131.7 132.5 133 131.9 133.2 134.9 136.2 136.4 136.9 138.1 137.2 136.2 135.5
158.6 152.4 147.9 145 142.7 140.2 137.9 135.4 134.1 133 133.4 134.1 133.5 132.2 134.2 137.3 140.1 142.8 143.6 142.7 140.1 139.5 138.2 136.1 134.1 133.2 133.5 133.8 132.5 131.1 129.8 128.8 129.3 130.6 131.8 132.5 134.8 136.7 139.7 142.7 145 145.1 145 145.3 144.8 144.4 144.6 144.8 144.7 143.3 142.3 141.6 141.2 140.5 139.7 138.9 138.1 137.3 136.6 135.8 134.7 133.4 132.7 132 131.3 130.8 130.2 130.6 130.9 131.3 131.7 133.4 134.6 134.8 135.1 135.1 134.8 134.5 134.1
159.8 154.1 148.9 144.9 141.7 139.4 138.1 136.8 134.5 132.9 130.7 130.4 130.4 128.6 130.8 134 135.8 137.5 138.2 137.6 136.3 135.3 133.6 132.6 131.6 131.2 131.2 131.4 130.5 129.1 127.7 127.5 129 130.8 132 133.2 135.6 137.9 140.6 143.1 143.2 143.1 143.1 143.3 142.6 142.2 142.2 142.8 144 142.2 141.3 140.6 140.2 139.5 138.7 137.7 136.8 136.1 135.3 134.5 133.6 132.4 131.5 130.7 130.2 129.6 129.2 129.7 129.2 129.3 129.9 131.7 133.1 133.3 133.5 133.6 133.4 133.1 132.6
161.4 156.4 150.9 145.1 140.5 138.5 138.3 138.6 135.7 131.3 129.1 127.9 128.3 129.1 130.7 132.1 133 134.4 134.4 133.1 132 131.5 131 130.4 129.5 129.5 128.9 129 128.2 127 125.8 127.1 128.4 130.2 132.3 134 136.4 138.8 140.9 141.2 141.4 141.7 142 142 140.7 140 139.8 143.1 143.2 141.5 140.6 140.6 139.4 138.5 137.6 136.6 135.8 134.9 134 133.3 132.5 131.5 130.6 129.9 129.2 128.6 128.3 128.6 127.9 127.3 128.1 130 131.6 131.8 131.8 131.9 132 131.6 131.2
162.5 156.9 149.8 144.3 139.5 136.4 136.1 136.9 132.8 129.1 127.1 126.2 124.3 127.3 128.9 129.9 130 130.6 130.5 128.9 128.9 129.1 128.7 128.2 127.7 127.2 127.2 126.5 125.8 125.4 125.3 126.7 128.1 129.5 132 135.3 137.6 139.5 140 140.1 140.1 139.4 140.8 140.5 139.2 139.9 140.2 142.2 141.1 140.7 139.8 139.9 140 140.5 140.4 138.7 136.1 134.6 133.6 132.7 131.8 130.9 130.1 129.3 128.6 127.8 127.3 127.5 126.7 125.3 126.3 128.2 129.5 130.1 130.1 130.2 130.3 130.2 129.7
159.4 153 146.5 141 136.3 133.3 131.7 131 129.4 126.5 125 124.9 124.3 126.2 127.2 127.9 127.1 126.9 128 125.3 126.9 126.7 126.6 126.5 126 126.2 126.2 125 124 124.2 124.8 126.3 127.7 129.5 132 134.8 137.5 139.3 139.2 139.1 138.8 137.9 138.3 137.9 137.5 137.2 138.4 138.8 138.9 138.5 138.7 139 140.9 141.5 141.1 139.5 137 135.5 134.4 133.4 132.6 131.6 130.5 129.3 128.8 128 127.8 126.5 125.5 124 123.7 124.8 125.8 126.9 128 128.2 128.4 128.6 128.4
