data/TQ49.asc
ncols 200
nrows 200
xllcorner 540000
yllcorner 190000
cellsize 50
[rows 114 to 151 of 200, columns 86 to 171 of 200]
65.3 66.1 66.9 67.3 67 66.9 65.9 63.5 62.3 60.5 59.2 61.2 63.9 66 60.2 58 60.2 64.4 67.2 68.6 67.8 70.5 75 77.7 80.8 80.2 78.1 76.5 76.2 75.6 74.9 74.2 73.3 72 69.8 69.9 71 69.2 66.5 64.6 62.4 60.5 58.2 56.1 54.2 52.2 50.7 50.8 50.9 50.1 49.7 49.9 50.5 52.9 54.3 54.4 54.8 55.5 57.5 60.4 62 64.1 67.3 71.2 73.1 74.5 75.9 76.9 78.8 81.9 84.9 86.1 86.6 86 84.4 84 84 83.1 82.9 83 81.3 80 77.2 72.6 67.5 63.8
65.1 66.6 67.4 68.4 68.4 68.5 68 68.1 67.2 65.5 64.5 64.7 65.3 66 63.5 63.9 65.7 68.1 71.2 72.3 71.7 74.9 75.9 77.7 79.3 79.9 78.9 78.3 78.3 77.3 76 75.4 75.3 73.7 72.1 71 71 69.3 66.5 63.8 61.6 60.6 58.1 55.8 54.1 53.7 52.5 52.4 52.4 52.5 52.3 52.5 52.4 54.3 54 54.4 55.7 56.8 58.7 62 64.9 67.1 69.1 71.9 73.9 76.6 79.4 81.4 82.3 84.1 86.3 88.4 89.8 89.3 87.3 84.1 83.8 81.5 80.9 80 76.2 74.5 69.4 65.4 63.8 61.5
65.7 66.8 67.9 68.8 69.6 70 70.5 70.8 71 70 68 67.2 66.7 66.1 65.9 67.1 70.4 73.4 76.1 76.2 76 76.6 77.4 76.2 76.7 77.3 78.5 79.2 79.1 78.4 77.2 75.9 76 76 73.9 72.3 70.9 69.1 66.4 63.6 60.6 58.9 56.8 54.8 54.1 54 54.2 54 54.6 55.2 55.4 55.3 55.4 56.4 57.5 57.8 57.6 58.9 61.4 63.6 67.1 70.7 71.5 73.7 76.4 79.1 81.7 83.5 84.7 86.4 88.7 90.4 90.8 90.7 89.8 86.9 84.4 81.5 78.9 75.8 73.6 71 68.7 67 64.5 64
66.2 67.2 68.2 69.1 70.1 71 71 70.4 70.3 70.5 68.7 66.6 65.7 65.4 65.8 68.3 72.4 75.8 76.4 76.1 76.1 76 76.3 75.6 74.4 74.7 76.2 77.7 79 78.7 77.8 76.9 76.2 74.6 73.7 72.6 70.9 68.8 66.1 63.3 60.6 58.3 55.8 54.2 54 54.6 56 57.5 58.4 58 59.2 59.5 59.1 59.6 62.1 62.4 61.6 62.3 65.4 67.8 69.5 71.2 73.9 75.9 78.4 80.8 83 84.8 86.5 88.6 90.3 91.8 92.2 91.9 90.8 88.2 84.2 82.3 80.9 80.5 79.1 75.6 72.9 70.2 67.8 65.2
66.7 67.3 68.4 69.6 70.7 71 71 71 70.2 68.5 67.8 65.9 65.1 64.4 64.5 67.5 71.5 75.3 76.1 75.8 75.4 73.3 71.7 70.3 70.3 70.4 74.3 75.5 76.7 77 77.5 76.6 75.9 75.9 74.2 72.3 70.5 68.2 65.7 62.9 60.3 57.8 55.2 54 55.5 57.4 59.6 59 60.6 60.9 62.4 62.6 61.5 62.1 64.8 66.3 65.1 65 68.3 70.6 71.6 72.9 74.8 78.3 80.4 82.5 84.4 85.9 87.5 89.2 90.8 92.2 93.1 92.6 91.1 89.2 87.4 86.5 83.5 82.6 80.8 77.8 75.5 73 69.7 65.3
66.3 66.4 67.9 69.4 70.8 71 71 71 71 68.3 65.3 64.8 63.4 61.4 61.2 64.2 68.5 71.5 72.3 71.5 70.4 69.7 68.6 67.9 69 69 74 76.1 76.3 76.1 76.6 76.3 75.3 74.6 73 71.4 69.4 66.8 64.1 61.6 59.6 57.3 54.5 56 58.8 59.1 60.5 62.4 63.4 64.6 65.5 65.5 62.7 64.2 66.4 68 68.5 67.3 69.1 71.8 74.7 75.1 74.8 78.1 81.5 83.5 84.8 86.6 88.2 89.6 90.9 92.2 93.5 93.1 91.4 90.3 90.7 91 87.1 84 82.6 79.9 77.7 75.5 71.8 67.4
65.5 65.9 67.4 68.5 69.5 70.4 71 71 69.2 66.7 63.6 62.4 61.5 59.8 59.4 61.3 64.4 67.5 68.3 67.5 66.3 66 66.1 65.4 67.3 71.3 76 76.4 76.4 76.2 76 75.7 74.6 73.3 71.4 69.7 68.1 65.3 62.6 60 59.1 58.1 56.8 58.9 61.2 62 62.8 64.7 65.4 66 66.7 66.5 65.4 65.6 67.9 70 70.4 69.3 70.4 73.4 75.8 78 78.3 78.8 81.3 83 84.7 86.6 88.3 89.6 91 92.3 93.6 93.4 92.3 91.3 90.9 90.3 87.7 86.1 85.6 83.6 80.9 76.2 72.8 70.3
64.7 65.1 65.9 66.7 67.4 68.2 69.2 68.3 66.3 64.3 61.5 59.4 58.9 57.8 56.8 58.4 60.6 63.5 64.5 64.7 62.6 62.3 63.1 64.1 68.8 76 76.2 76.6 76.6 76.4 76.1 74.9 73.5 72 70.1 67.9 66.4 64.1 61.3 59.2 59.1 59 58.6 61.2 63 64.6 65.2 66.6 66.9 67.5 68 67.9 67.2 67.6 69.4 71 72.3 72.4 73.6 74.4 77 79.3 80.6 81.4 82.6 83.6 84.5 86.8 88.4 89.7 91 92.4 93.6 93.4 92.6 91.1 89.7 88.3 86.6 86.6 85.3 85.4 85.4 78.5 74.5 72.1
62.4 63 63.8 64.6 65.3 66.1 66.4 65.3 63.9 61.9 59.1 56.9 55.7 54.4 55.9 57.4 58.9 59.7 59.8 60 59 59.3 61 64.1 69.2 75.6 76.4 76.9 76.7 76.4 76 74 72.2 70.8 68.7 66.6 65.5 63.2 60.6 59.2 59.1 59 60.6 63.4 64.9 66.5 67.6 68 68.4 69 69.7 69.6 69.6 69.6 70.9 71.8 73.4 74.7 75.1 75.6 77.7 80.5 81.2 82.9 84.3 85.8 85.8 87.3 88.9 89.8 91.1 92.4 93.4 93 92.1 90.4 88.5 86.1 85.6 85.8 82.1 79.1 76.2 76 76 75
60.4 60.6 61.7 62.5 63.2 63.9 63.6 63.2 61.8 59.5 56.7 54.6 53.8 54.4 55.3 56.3 57.3 57.6 57.6 58.5 58.8 59.2 61.3 64.2 67.6 72.2 76.2 76.8 76.7 76.3 76 72.6 70.9 70.6 69 65.3 64.6 63 60.6 59.1 59 59 62.5 65.2 66.8 68.3 69.9 69.4 70.1 70.8 71.4 72.1 72 71.9 72.5 72.9 74.2 75.3 76 76 77.6 79.3 81.1 83.2 85.4 86 86.1 87.7 89.4 90.8 91.3 92 92.5 92.3 91.4 90.2 88.1 82.9 79.4 75.8 74.9 70.9 69.7 70.3 74 76
58.4 59.1 59.3 60.2 60.9 61.7 60.1 61.1 61.1 58.2 54.9 53.4 52.7 53.1 53.7 54.6 55.6 55.6 56.3 58 59 59.3 61.8 64.2 67.7 71.2 75.6 76.7 76.7 76.4 76.2 73.2 70.7 70.7 70.7 67.4 64.2 63.8 62.6 60.5 60.3 62.4 64.9 66.5 68.1 69.7 71.3 71.4 71.8 72.5 73.2 74.3 74.3 73.5 73.6 74 74.5 74.9 75.3 75.6 77 78.7 80.1 82.5 84.7 86 85.9 87.5 88.9 90.2 91.4 91.7 91.5 91.3 91.2 91 90.7 85.7 83.5 78.7 75.9 73.1 67.5 64.6 66.9 70.7
55 56.5 57.2 57.4 58.3 57.9 57.4 57.7 57.5 55.8 53.4 51.8 51.6 51.5 52.1 52.9 53.8 54.3 56.2 58.7 60.1 61.1 63.3 66 69.6 73.8 76.1 76.8 76.6 76.3 76.1 73.6 70.7 70.7 70.7 69.8 67 65.4 64.8 63.7 64.2 65.7 67.2 68.4 70.2 71.8 73.1 74.1 73.6 74.1 74.8 75.1 75.2 74.9 74.6 74.6 74.3 74.1 74.5 75.5 76.6 77.8 78.8 81.7 82.7 85 86 86.9 88.9 89.4 91 91 91 90.2 90.9 91 90.9 89 87.9 83.4 79 76.2 71.2 63.8 60.8 63.7
53.3 54 54.4 55.3 55 53.9 54.2 54.5 53.8 52.5 50.8 50.7 50.5 50.3 51.4 52.2 53.2 54.5 57 59.5 61.2 63.3 65.4 69.3 72.5 76.1 76.7 76.8 76.5 76.3 76 72.6 70.7 70.7 70.7 70.6 69.7 67.8 64.7 64 65.7 68 70.1 70.6 72 74.1 74.5 75.4 75.7 75.5 75.5 75.5 75.3 75.7 74.8 74.5 74.2 74 73.7 74.6 75.3 75.5 76.9 80.3 79.7 81.8 83.8 86.2 88.8 90.8 90.9 91 89.6 88 88 88.1 90.1 89 85.7 82.7 78.5 74.4 70.6 66.1 59 59
50.6 52.1 52.1 52.4 51.4 51.4 50.9 50.8 50.4 49.2 49.7 49.7 49.3 50 51 52.1 53.3 55.3 57.6 60.2 63 65.5 67.9 71.1 73.4 75.7 77.2 77.1 76.5 76.2 74.7 71.3 70.7 70.7 70.7 70.6 70.5 68.3 64.6 65.6 67.4 69.8 72.3 74.2 74.8 76.1 76.2 76 76.3 76.1 76 75.5 75 75.3 74.4 73.4 72.9 72.5 72 71 73.1 74 74.6 77.4 79.2 81.4 84.2 85.8 88.2 90.4 91 89.6 86.7 85.1 85 84.8 86.2 85.9 82.8 80.6 77.4 72.4 68.3 64.6 61.3 59.4
48.3 49.9 51.1 50.3 49.5 48.6 47.6 47 46.6 46.4 47.9 49 49 49 50.5 52.2 53.8 55.3 57.7 60.5 63.6 66.7 69.6 71.8 74.1 76.2 77.6 77 77.2 77 74.6 73 74.7 71.8 71.7 71.2 70.3 68 67.8 68.8 70.3 72.3 74.4 75.7 76.4 77.2 77.7 77.5 76.5 76.3 76 75.5 75 74.7 73.5 71.9 70.7 70.3 70.1 69.2 71 73.9 76.2 77.7 80.5 81.1 83.4 85.1 86.9 88.1 88.6 86.5 83.6 81 82.2 82.8 83.1 83 81.1 76.2 74.4 69.6 65 60.2 59.7 60.8
46.1 47.6 48.4 47.6 45.9 45.2 44.8 44.3 44.7 45 46.7 48.9 49 49.9 51.2 53.1 54.7 56.1 57.7 60.3 63.6 66.7 69.7 72.6 74.7 76.4 77.8 77.6 78.3 78.3 76 75.6 74.5 74.2 74.8 73 70.8 69 69.7 69.8 72.6 74.4 76.1 77.3 78.3 78.7 79.2 78.2 77.2 76.4 76 75.6 75 74.4 72.6 70.9 69.5 68.1 68.1 68.6 71 73 75.4 77.2 78.8 79.5 81.2 82.9 84.5 85.7 86.5 86.4 82.5 78.9 80.3 81.1 80 81 81.1 77.3 75.3 72.3 67.4 62.4 58.6 57.5
44.6 44.8 45.3 43.8 43.3 44 44.7 44.9 46.4 48.1 49.1 50.3 50.9 51.8 52.6 54.1 55.7 57.1 58.4 60.7 63.6 66.6 69.5 72.3 75.1 76.5 77.9 78.5 79.3 79.5 78.3 77.4 75.9 75.7 75.4 74.6 71.6 71.8 73.1 75.3 74.1 76.2 77.8 79 80 80.5 80.1 78.8 77.9 77 76.2 75.8 74.8 72.6 71.2 69.7 67.9 66 65.1 67.2 70.5 71.2 73 74.8 75.9 77 78.7 79.6 81.8 82.5 83.9 85.7 83.4 78.6 76.6 77.4 77.6 81.1 80.9 78.1 74.1 70 66.2 62.7 59 55.9
42.3 42.4 42.4 42.5 43.8 44.7 47 48.5 48.5 50.6 52.4 53.9 54.6 53.7 54.5 55.8 58 59.7 61.2 62.5 63.9 66.2 68.9 71.9 74.8 77.2 78.6 79.1 79.5 79.5 79.5 78.8 78 77.1 76.2 74.7 73.7 74.4 75.7 77 77 78 79.4 80.3 80.7 80.7 81 79.5 78.5 77.3 76 73.9 72.1 70.8 69.5 67.6 65.4 63.8 63.6 65.1 67.3 69.6 71.5 71.6 72.6 73.8 75.3 77.4 78 77.8 79.4 81.6 81.4 77.7 73 74.4 76.1 81.1 79.3 76 70.9 65.3 63.3 60.5 58.4 55.2
40 40.1 40.1 43.6 46.5 48.4 50.5 51 50.8 52.2 54.8 55.9 55.9 56.1 56.3 59.4 60.9 62.6 64.1 65.9 67.3 67.9 69.2 71.6 74.6 76.9 79.2 79.5 80.1 79.9 80.7 80.3 79.2 78.3 77.2 75.4 74 75.8 77.6 78.7 79 79.7 80 80.6 80.9 80.6 80.6 79.7 78.2 76.9 75.5 73.5 70.8 69.3 68.3 66.9 65.1 62.8 61.6 62.2 65.3 68.5 71 70.3 69.7 72.5 75.5 75.4 73.6 73.3 75.3 75.4 74.4 72.7 70.4 71.4 76.5 79.3 77.2 70.6 67.4 62.5 60.3 58.2 57.4 55.2
38.8 38.9 40 43.5 47.7 50.6 50.9 51 51 52.5 53.7 54.9 55.6 56.2 58 60.2 62 63.5 65.7 68.7 71 69.3 71 73.9 75.7 77.9 79.9 81.1 82 81.8 81.9 81.3 80.3 79.5 78.1 76.9 76.4 77.3 79 80 80.3 80.7 81 81 81.1 80.8 80.5 79.4 77.9 76.4 75.1 73.1 70.5 68.6 67.2 65.9 64.5 62.4 60 60.5 64.5 66.9 67.1 66.4 67.1 69.5 71.4 71.9 70 69.6 70.4 70.4 69.6 68.9 69.6 72.7 76.1 76.9 72.4 67.1 63.9 61.5 57.9 56.2 55.6 54.5
39.8 39.1 40.8 43.7 46.9 49.8 50.6 50.8 50.2 50.5 51.7 54.1 55.1 56.5 58.4 60.5 62.8 64.4 66.9 69.6 71.2 72 74.1 76.4 78.5 80.6 81.4 82.6 83.8 83.5 82.7 82.2 81.4 80.5 80.1 79.3 79.1 79.9 80.7 81.1 81.2 81.2 81.3 81.2 81 80.7 80 78.7 77.1 75.8 74.3 72.6 70.1 68.3 66.4 65 63.6 61.9 59.8 60 63 64.2 64 63.7 63.4 65.5 67.6 67.8 67 66.6 66.3 66.4 66.2 66.8 70 73.8 75.7 72.4 67.8 63.9 61.2 58.7 56 54.5 53.5 51.8
40.5 39 39.9 42.6 45.5 46.9 46.4 47.2 47.5 48.6 50.5 52.9 54.6 56.9 58.8 60.8 63.1 66.1 67.8 69.9 72.2 74.4 76.9 79.3 81.3 82.7 83.4 84.2 85.3 85 84.1 83.2 82.4 81.4 80.9 79 79.1 81.1 81.1 81 81.1 81.1 81.1 80.7 80.5 80.2 79.1 77.8 76 74.5 73.1 71.7 69.8 67.9 66 64.2 62.7 61 59.3 59.2 60.3 62.1 61.6 60.8 60.3 61.9 63 63.8 63.7 63.6 63.4 63.3 63.3 64.9 67.8 68.8 70.4 66.9 64.2 62.1 60.1 57.6 55.5 54.4 52 49.8
39.8 39.5 39.1 41.4 44.1 44 44 45.5 46.9 48.4 50 52 54.2 57.1 60.1 62.2 65.1 68.5 71 72.8 74.8 77.3 79.7 82.4 84.2 84.2 84.7 85 85.8 86 85 83.8 82.8 81.7 81 80.7 81.1 81.1 80.8 81 80.3 80.5 80.3 79.9 79 78.2 77.5 76.7 75.1 73.2 71.6 70.2 69.2 67.4 65.5 63.6 61.8 60.4 59.2 58.5 59.3 61 60.2 59.3 58.5 59.3 60.6 61.2 61.2 61.3 61.3 61.3 61.4 62.7 63.9 65.3 65 64 63.2 61.4 59.3 56.9 54.6 52.9 49.9 49
41 40.4 40.7 42.5 44.3 46 47.2 48 47.8 48.2 50 52.5 54.7 58.3 61.5 64.3 67.4 70.7 73.9 75.7 77.7 80.2 82.6 85 85.9 85.6 85.6 85.5 85.8 86 84.7 83.7 82.7 81.7 81 80.7 80.3 79 78.3 77.7 77.4 78.2 78.3 77.8 77 76.2 75.5 74.7 73.6 71.2 69.6 68.7 67.9 66.7 64.9 62.9 61 59.4 57.7 56.9 57.7 58.1 57.7 57.1 56.4 57.6 58.7 59.1 59.4 59.7 59.7 59.6 59.5 60.3 61.3 62.4 62.6 62.6 62.3 60.6 58.4 57 54.7 51.7 50.4 50
42.5 42 42.7 44 46.5 50.9 50.6 49.3 49.2 49 50.1 53 56.5 60.5 64.2 66.9 70.4 73.6 75.9 78.3 80.1 82.2 84.5 85.9 85.8 85.6 85.7 85.8 85.9 85.8 84.3 83.6 82.7 81.7 81 79.8 78.9 77.5 76.3 74.8 74.9 75.3 75.3 75.1 74.8 74 73.3 72.6 71.5 69.1 68 67.1 66.3 65.5 64.2 62.2 60.2 58.5 56.3 54.8 56.3 56 55.2 54.6 55.1 56.3 56.6 57 57.4 57.8 58.5 58.8 58.8 59 59.7 61.4 62.1 62.1 61.5 60.4 58.5 57.1 54.8 51.9 50.5 50.9
43.5 43.1 43.1 44.1 49.1 53 52.3 49.9 49.1 49 50.6 54 58.8 62.4 66.5 70 73.7 76.3 78.6 80.7 82.5 83.9 85.9 86 85.9 85.7 85.7 85.7 85.9 84.7 83.9 83.2 82.5 81.7 80.8 80.4 77.9 76.1 74.8 73.4 73.2 73.4 72.7 72.7 72.6 71.8 71 70.6 69.4 67.5 66.4 65.5 64.6 63.8 62.7 61.5 59.4 57.6 55 54.1 54.4 54.1 54.1 54 53.9 54.8 54.7 55 55.3 56.3 57 58.8 59 59.1 60.1 61.8 62.5 63.2 63.7 63 60.3 57.3 55.1 52.1 50.3 50.4
44 43.8 43.7 44 48.5 50.6 52.3 50.9 49 49.1 51.2 54.5 58.1 63 67.6 71.6 75.8 78.4 80.8 81.3 82.6 83.8 85 85.3 84.8 84 85.6 85.6 84.6 83.7 82.9 81.9 81.2 80.6 79.8 78.8 77.5 75.3 72.7 70.6 71.2 71.3 70.6 70.3 70.3 69.6 69.1 68.6 67.3 66 65 63.9 63 62 61.3 60.2 58.1 56.6 55.3 54.4 53.1 52.8 53 53.4 53.5 54.3 54.1 53.9 54 54.8 57.2 59.2 59.7 60.4 62 63.6 64.7 65.7 67 67.5 63.3 59.6 55.9 52.8 49.3 47.6
45.1 44.5 45.2 46 47.8 50.4 52.4 52.3 50.3 51 52.8 54.9 58.1 61.4 65.5 69.3 75.1 78 80.6 80.8 81.6 82.1 82.3 81.8 80.8 82.1 84.9 84.5 83.5 82.5 81.6 80.2 79.7 79.3 78.5 77.2 76 73.9 71.1 69.2 69 69.6 68.5 68.1 67.9 67.5 67.1 66.7 65.6 64.6 63.5 62.4 61.3 60.3 60.1 58.6 56.7 55.7 54.6 53.6 52.4 51.5 51.7 52.1 53.1 53.3 53.5 53.7 54.6 55.4 57.7 59.6 60.7 62.1 63.7 66.7 68.6 71 72.3 70.6 65.5 61.5 57.6 54 50.1 46.2
47.5 46.9 47.9 49 50.7 54.2 55.8 55.8 55 54.8 54.6 55.5 57.6 60.4 63.6 66 70.6 74 77.7 78.5 79.4 78.7 77.8 77 77.2 79.8 82.3 83.1 82.2 81.2 80.4 78.3 77.7 77.1 76.4 75.1 73.9 71.8 69.7 68.2 67.6 67.4 66.3 65.3 65.1 64.5 63.9 63.7 63.6 62.5 61.4 60.7 59.8 58.9 58 56.1 55.4 54.8 53.8 52.8 51.4 50.5 50.3 50.3 51.3 52.4 53.2 53.6 54.5 56.8 59.2 60.8 62.4 63.8 67.2 71.1 73.8 77.8 75.8 70.1 65.1 61.6 57.9 54.3 49.7 45.1
50 48.5 50 51.8 53.6 57.5 61 61.6 60 57.7 56.6 55.9 57 59 61.3 62.8 65.5 69.5 72.6 74.6 74.7 73.5 72.3 72.6 74.3 78.2 80 81.1 80.9 79.7 78.9 76.7 74.9 74.7 74.1 73.2 71.7 69.7 67.6 66.1 65.5 65.6 64.9 62.6 62.1 61.6 61.2 61.7 61.6 60 59.8 58.9 57.7 56.5 55.4 54.6 54.1 53.6 52.8 52 50.7 50.2 50.2 50.3 51 53.4 53.5 54 55.5 58 60.1 62.2 64.2 66.7 71.1 74.3 78.9 80.4 73.7 67.7 63 59.6 56.1 51.6 48.2 44.6
50 50.6 52.9 54.6 57.6 61.6 65 65.9 62.8 59.4 57.6 56.4 55.8 57.3 58.5 60 62.2 65.4 67.9 69.6 69.6 68.7 67.8 68.9 72.2 75.8 78 78.8 78.4 77.9 75.8 73.5 71.7 71.6 71.8 71.4 69.6 67.8 66.4 63.2 63.1 64.7 63.6 61.3 59 59.4 59.4 60.5 61 59.8 58.5 57.2 55.9 54.6 54.2 53.4 52.9 52.3 51.6 50.6 50.3 50.3 50.3 50.3 52.6 54 53.9 55.2 56.9 58.9 60.9 62.9 65.6 69.7 75.1 78.3 81.1 78 70.3 64 59 55.3 51.8 49.1 46.3 43.6
51.7 52.3 55.4 59.5 63.6 65.4 66.1 66 64.3 60.3 58.1 56.2 55.1 55.3 56.3 57.6 59 62 63.2 64.8 65.2 64.5 64.4 66.3 71 74.8 76.1 76.9 76.1 74.8 72.6 71.1 68.8 67.8 68 69 68.3 66.8 64.8 61.7 60 61.1 61.6 60.5 58.9 57.3 56.6 57.4 58.1 58.2 57.3 55.9 54.8 54 52.8 52.2 51.7 51.1 50.1 50 50.3 50.3 50.3 52.1 53.8 54.6 54.4 57.3 59.1 61.8 64.2 66.1 68.4 73.8 79.5 81.1 76.1 71.3 65.6 60.5 55.2 51.8 48.8 46.3 44.9 42.4
53.3 53.4 56.1 61.8 66.4 68.9 68.7 65.6 63.3 59.9 57.4 55.8 54.6 54.6 54.7 55.8 57.4 58.7 59.8 60.3 60.7 60.6 62.2 64.3 69.3 72.8 73.2 73.3 72.5 71.7 69.1 68.6 66.8 64.2 65 66.1 66.7 66.3 64.1 60.9 58.6 58.2 58.7 58.1 56.7 55.4 54.2 55.7 56.4 56.6 56.5 55.2 53.9 52.9 51.9 50.3 50 50.9 49.9 49 50.3 50.3 51 52.4 55 55.4 56.5 59 61.3 64 66.9 70.6 74.6 79.3 80.7 80.9 75.9 68.6 63.2 58.2 53.5 50 48 45 43.9 42.6
54.9 54.7 56.9 63.4 68 70.8 69.8 66.5 62.5 59.5 57.4 56.2 55 54 53.9 53.7 54.6 55.4 56.5 57.5 58.2 58.8 59.9 62.2 64.7 68.8 68.5 68.9 69 68.9 66.5 66.1 65.4 62.2 62 63 63.8 64.2 62.6 60.1 56.8 55.6 55.8 54.9 54.3 54.2 54 55.7 56.3 56.2 55.8 55.1 53.7 52.2 50.9 49 48.7 49.2 48.9 48.9 49.4 49.9 50.4 52.6 54.6 55.3 57.5 60.5 64 66.4 69.3 74.6 79.2 81.2 81 80.8 76.7 71.6 66 60.2 55.2 51.1 49.4 47.2 44.9 43.5
57.6 57.7 58.2 63.5 69.9 71.5 70.9 67.2 63 59.6 57.9 56.8 55.6 54.3 52.9 52.1 51.8 52.8 54.5 55.8 56.4 57.2 57.9 59.4 61.5 64.7 65.5 65.2 65.8 65.8 63.9 63.4 62.8 60.9 59 59.8 61.2 62.1 60.7 59.2 55.9 54.4 53.7 52.9 53.3 54.1 55.1 59.1 58.7 57.5 55.8 54.5 53.1 51.5 50.6 49.3 48.2 47.8 47.1 47.3 48 48.6 49.8 51.9 53.4 55.2 57.6 60.6 65 69.1 72.5 77.2 81 81.5 81.2 79.8 76.4 71.9 67.1 60.8 57.3 53.8 51.1 50.7 46.5 43.9
60.3 61 61.6 65 70.3 71.8 71 68.1 64.3 60.1 58.7 57.3 55.7 54.9 52.8 51.3 50.3 51.1 52.6 54 54.7 55.4 56 57.1 58.7 61.1 61.7 62.2 62.6 62.7 61.4 60.6 59.8 57.9 56.5 57.6 59.7 61 59.4 57.4 54.4 53 52 51.2 51.6 52.8 58 60.9 60.3 57.7 55.1 53.5 52 50.8 51 49.4 47.4 46.3 45.6 45.8 46.6 47.7 49.3 51.5 53.7 56.3 60.1 63.4 67 68.8 72.8 78.6 81.2 81.2 80.9 77 74.3 70.9 67.8 62.9 58.3 54.3 51.2 50.4 46.9 44
63.7 64.6 65.5 68.6 70.7 71.8 70.6 68.5 64.7 61 58.8 57.1 55.6 55.1 53 51 50.1 49.3 50.7 52.2 53 53.6 54.2 55.3 56.4 57.5 58.3 58.9 59.7 59.9 58.8 57.6 56.8 55.4 54.7 55.1 56.9 58.5 57.6 55.2 53.1 51.3 50.4 49.4 49.9 52.7 56 60.8 59.5 55 53.7 52.4 50.9 50.4 49.6 48.3 46.4 44.9 44.1 44.6 45.9 47.1 49.1 51.3 53.6 57.3 62 66 69.8 70.9 77.6 80.4 81.1 80.9 78.5 74.7 70.8 67.6 64.7 60.8 57.4 53.1 49 49.7 46.7 45.2
65.1 65.6 67.9 71 71.6 71.9 70.8 68.6 65.1 61.9 59.4 57.3 55.9 54.6 52.2 50.2 48.9 48.6 49 50.3 51.1 51.6 52.4 52.9 53.5 54.3 54.7 55.5 56.3 57.1 56.3 55.3 54.4 53.5 52.8 52.6 53.7 54.9 54.1 52.5 50.8 49.8 48.7 48.3 48.6 50.7 53 55 54.5 52.8 51.5 50.5 49.7 48.9 48.1 46.7 45.2 44.1 44.3 44.4 45.5 47.3 49.1 51.5 55.1 58.1 62 66.2 69.3 73.1 77.1 81.2 80.9 78.9 75.7 74 70.7 67.1 61.9 58.5 55.1 51.8 49.3 49.9 47.9 46
