data/TQ54.asc
ncols 200
nrows 200
xllcorner 550000
yllcorner 140000
cellsize 50
[rows 114 to 151 of 200, columns 0 to 85 of 200]
54.9 51.5 49.9 49.3 52.8 55.8 55 52.8 50.9 49.9 48.9 48.6 49 50.4 50.1 46.2 40.9 36.9 33.9 33.5 32.9 32.4 32 32 31.9 31.9 32.1 32.1 32.2 32.4 32.5 32.1 30.6 29.5 31.9 34 37 40.1 43.6 46.7 49 50.4 52.1 53.2 54.1 53.8 52.4 49.1 43.7 43 41.7 40.6 40.7 40.7 40.9 40.1 37.5 35.5 33.9 32.3 30.7 29.6 29.5 29.4 29.4 29.7 29.7 29.6 29.9 31 33.5 38.3 44.4 47.4 49.9 54.3 55 54.4 51 45.8 41.1 36 32.1 29.2 27.4 27
54.2 50.3 49.3 50.4 55.4 56.1 55.8 54 52.1 50.2 49 49.1 49.3 50.3 49 45.3 40.9 37.3 35.6 34.4 33.1 33.2 32.7 32.3 32.1 32.3 32.4 32.4 32.6 33 32.7 31.8 29.9 29.5 32.5 32.9 35 36.3 39.1 41.5 44.4 46.2 49.4 50.9 52.3 51.6 50.9 47.8 43.9 41.9 40.5 40.8 40.8 40.9 40.9 39.3 36.8 35 33.5 31.8 30.4 29.5 29.5 29.5 29.3 29.5 29.6 29.5 29.4 29.2 30 32.7 38 40.8 45.1 50.3 52.3 51.2 47.9 42.8 38.5 35.6 31.8 29.7 27.8 27.1
52.8 49.2 49.1 54.1 56.7 57.6 58.2 55.4 53.3 51.4 49.4 48.7 48.3 46.9 46.2 43.7 39.3 37.9 36.5 36.1 34.2 33.8 33.9 33.8 33.8 33.9 33.6 34.1 34 33.6 33.2 30.4 29.5 30.5 32.8 32.6 32.7 32.1 34.1 35.6 38.8 42.2 45 47.1 49.1 48.4 46.8 44 41.3 39.7 39.3 40.9 40.9 40.9 40.8 38.7 36 34.5 33 31.4 30.1 29.8 29.5 29.3 28.9 29.1 29.1 29 28.7 27.6 28.3 29.1 30.6 33 36.4 41.8 45.9 46.8 43.8 39.5 37.2 34.9 31.8 29.6 27.5 27.4
51.7 48.8 50.7 57 59 59.7 60.4 58 54.5 52.4 50.3 49.4 48.5 46.1 44.1 43 39.3 39.4 38.2 37.3 36.6 36.2 36.3 37 37.7 38.3 38 37.7 38.2 38.4 34.7 29.5 29.4 31.6 33 32.4 32.7 32.4 31.9 33.1 33.3 37.4 40 41.8 43.3 43.3 42.8 39.8 38.3 38.4 40.6 40.5 40.8 40.9 40 38.1 35.6 33.7 32.4 31.1 30 29.6 29.1 28.9 28.7 28.5 28.2 28 27.7 27.5 27.1 27.2 27.4 28.7 30.2 33.9 38.4 41 39.4 37.8 35.7 34 30.9 29.2 27.9 27.8
52.6 49.9 56.7 60.7 61.5 62.2 61.4 60.1 55.4 53.9 52.3 49.3 49.7 48.8 46.9 45.9 43.9 43.7 41.6 40.2 40.1 40.8 41.7 43.1 44.3 44.2 44.6 45.6 46.7 45.5 42.1 37.5 30.8 29.6 31.7 31.9 32.2 32.5 32 30.4 31.1 33.8 35.6 36.6 37.5 37.6 37.5 36.5 35.8 37 40.7 40.4 40.6 40.8 39.4 37.4 34.9 33.4 32.1 30.6 29.6 29 29 28.8 28.1 27.8 27.6 27.3 27.2 27 27 27.1 27.1 27 28.2 28.9 30.8 34.4 36.4 35.6 35.1 33.1 30.4 28.5 28.1 28
54 53.8 60.2 63.4 63.8 62.8 61.8 60.8 59.3 57 55.1 53.8 53.2 52.6 51.8 50.8 49.6 47.9 45.7 44.4 45.8 47.5 49.3 50.5 51.4 51.9 52.7 53.4 53.2 51.3 46.9 43.6 39.6 34.1 29.5 29.2 29.8 32.1 30.8 29.9 28.9 29.9 31.7 32.8 33.6 34.2 34.1 33.9 34 34.8 39.5 40.8 40.8 40.2 38.6 36.7 34.6 33 31.7 30.1 29.2 29 29 29 27.7 27.6 27.3 27 27.1 27.1 27.1 27 27 27.4 28.2 28.2 28.7 30.7 34.7 36 35.4 33 30.6 28.5 28 28
54.2 58 63.4 65.8 65 64.3 63.6 62.6 61.3 60.3 59.4 58.8 57.2 56.6 55.8 55.2 54.8 53.3 51.1 52.1 53.4 55.2 56.7 56.6 56.9 57.3 57.8 57.7 57.1 55.4 51.4 48.5 45.7 42.4 38.7 33.1 29.2 30.3 29 29 28.7 28.7 29 29.5 30.5 30.3 30.9 30.8 32.3 34.9 39 39.4 39.6 38.5 38 36.2 34.5 32.7 31.2 29.6 29 28.9 28.7 28.8 27.5 27.1 27.1 27.1 27.1 27.2 27.2 27.1 27.1 27.9 27.9 27.9 28.7 30 32.7 35.2 34 31.4 30.9 28.5 28 27.9
56.3 62.3 66 68 68.4 67.7 66.7 65 63.9 62.7 61.8 61.3 61.1 59.7 58.6 58.4 58.5 56.9 56.6 57.1 58.7 60 60.6 60.7 60.6 60.4 60.9 60.7 60.5 58.6 56 52.6 49.2 46.4 43.5 40.5 35.1 32.1 29.6 29.5 28.7 28.4 28.7 28.5 28.4 28.6 28.5 28.9 30.7 33.6 36 37.6 37.5 36.9 36.5 36 35.5 32.9 30.4 29 28.6 28.3 28.4 28.8 28.2 27.1 27.1 27.2 27.2 27.3 27.3 27 27.8 27.9 27.9 27.9 28.7 29.2 30.7 31.9 31.9 30.4 29.3 28.8 27.9 28.1
61.4 65.7 68.2 70.4 70.9 70.7 68.9 67.6 66.4 64.9 63.6 62.7 61.8 61.2 61.1 60.8 60.9 61.2 60.7 61.1 62.1 63.3 63.7 63.5 63.1 63.3 63 62 61.4 60.5 58.1 55 51.9 48.8 45.2 42.6 40.5 36.1 32.7 29.8 28.8 28.6 28.4 28.1 27.9 27.9 28.1 28.6 29.2 32 34.8 35.8 36 35.7 35.5 35.2 34.7 31.1 29.1 28.6 28 28 28.2 28.4 28.7 27.8 28.1 28 28.1 28.1 27.9 27.5 27.7 27.9 27.9 27.9 27.9 28.5 29 29.1 29.2 29.2 28.8 27.9 27.9 27.9
65.6 68.2 70.8 71.7 71.6 70.8 70.5 68.6 66.8 64.9 63.6 62.5 61.8 61.8 62 62.1 62.2 62.7 62.8 63.1 64 64.1 65.3 65.5 65.1 64.4 63.9 63.1 62 60.9 58 54.8 51.2 47.2 44.1 41.2 38.5 35 32.1 30.4 29.3 28.9 28.6 28.1 27.9 27.9 27.9 28.4 28.9 31 33.6 35.2 35.5 35.6 35.3 34.4 31.3 29.1 28.2 28 28 27.9 27.9 27.9 28.6 29.3 29.8 29.7 29.5 29.4 29 27.9 27.9 27.9 27.9 27.9 27.9 27.9 28.3 28.3 28.3 28.3 27.9 27.9 27.9 27.9
68.3 70.9 72.7 73 72.7 71.5 69.4 67.8 65.9 63.9 62.4 61.9 61 61.5 61.8 61.9 63.4 64 64.3 64.2 64.2 64.5 65.5 66 66 66 66 65.3 62.7 60.3 57.1 52.9 48.4 44.3 41.1 37.8 33.4 30.2 29.1 29.1 29.6 28.8 28.5 28.1 27.9 27.9 27.9 28.1 28.7 30.5 32.8 34.2 35.4 35.3 34.5 31.3 29.5 28.7 28 28 27.9 27.9 27.9 28.1 29.3 31.3 32.3 32.2 32 31.6 30.1 28.9 28.4 28.1 27.9 27.9 27.9 27.9 27.9 27.9 27.9 27.9 27.9 27.9 27.9 28
70.8 73 74.5 74.3 73.4 71.3 69.1 66.4 64.2 60.9 58.5 58.3 57.9 59.9 60.3 61.8 63.3 64.6 64.6 64.3 64 64.5 64.8 65.3 66 63.9 64.5 63.8 61.8 58.4 54.2 49.4 45 41.4 37.8 33.2 29.1 28.6 28.7 28.4 28.2 28.3 28.2 28.1 27.9 27.9 27.9 28 28.5 30.1 32.3 33.5 33.6 32.2 30.4 28.9 28.7 28.4 28 27.9 27.9 27.9 28.3 30 32.3 33.8 35.4 35.8 35.9 33.4 32 30.4 29 28.4 27.9 27.9 27.9 27.9 27.9 27.9 27.9 28.3 27.9 27.9 27.9 28.8
73.3 75.4 75.7 75.6 73.4 70.7 66.9 64 60.3 56 54.1 53.3 51.7 54.5 57.8 60.5 61.9 63 63.3 63.4 63.5 63.6 63.9 64.3 64.2 63.6 62.1 60.2 57.4 53.6 49.2 45.1 41.8 38.5 34.1 29.3 28.3 28 27.9 28 28 28 27.9 27.9 27.9 27.9 27.9 28 29.4 32 33.4 33.1 31.1 29.8 29.2 28.6 28.3 28 28 28.1 29.3 30.6 31.2 33.6 38.5 43.4 45.7 45.4 41.1 37.5 33.6 31.9 31 30.1 28.8 28.2 28 27.9 27.9 28 28 28.9 28.4 27.9 28.3 32.1
75.3 76.4 75.9 75.1 72.2 69.4 65.6 60.4 58.8 55.8 56.1 55 50.9 49.3 51.4 55.6 59.5 60.9 61.9 61.9 61.4 61.5 62.1 62.2 61.7 60.6 57.9 55 50.5 46.6 43.5 40.9 37.6 34.7 30.7 28.5 27.9 27.9 27.9 27.9 27.9 28 27.9 27.9 28.1 28.6 28.4 29.4 33 34.4 34.5 32.4 29.9 29.4 29 28.5 28 27.9 28.2 28.8 31 33.7 35.9 41.2 48.9 53.4 53.9 52.5 47.3 41 36.3 34.2 32.8 32 31.3 29.8 28.9 28.3 28 28 28.3 29.7 28.9 28.4 34.1 41.6
77.3 77.2 76.6 74.5 71.2 67 61.8 59.2 59.3 59.4 60.3 57.7 55 50.4 49.3 49.8 55.1 57.7 59.2 59.3 59.2 59.1 59.8 59.7 58.3 53.5 50.7 47.4 43.8 40.7 38.1 36.3 33.6 30.5 28.7 28 27.9 27.9 28 28.1 28.1 29.3 32.5 32.9 33.6 34.1 36.4 38.2 40.1 39.6 35.7 32.5 29 28.6 28.4 28.1 28.2 28.4 28.8 31.3 34 37.6 42.4 50.1 54.3 57.1 57.3 55.7 51.1 43.3 38.4 37.4 37.1 36.1 34.6 33.1 32 30.5 30 29.7 29.6 31.2 32.2 34.7 39.5 53.1
78.9 77.8 75.4 73.3 68.4 64.2 60.4 61.8 62.2 61.9 61.5 59.3 56 53.2 49.9 45.3 48.5 53.9 56.1 57.2 56.7 56.3 55.4 56.2 52.6 47.2 43.8 41.2 38.3 36.5 34.4 33.2 30.4 28.6 28.3 28 28 28.3 28.5 30.2 32.7 37.2 43.7 46 45.8 45.6 45.6 45.2 41.9 40.3 34.8 31 28.2 28.1 28 28 28.4 28.9 29.7 33 38.2 43.4 48.6 52.7 57.3 59.9 59.9 57.4 51 44.1 42.1 44.8 43.4 40.4 37.8 36.5 35.5 34.2 33.6 33.8 33.8 36.3 37.5 43.2 54.5 66.9
79.1 76.9 73.6 71.5 65.5 64.8 66 66.7 64.8 63.7 61.1 58.8 55.4 54.4 50.8 46.7 44.2 47.6 51.3 52.5 52.2 52.5 53.3 50.1 46.1 41.9 38.4 36.1 34.2 33 32 31.1 29.1 28.5 28 28.4 28.7 29.1 32.3 35.5 40.1 44.7 46.7 49.2 49.3 48.6 47 45 42.1 37.9 33.4 28.9 28.1 28 28 28 28.6 29.1 32.1 35.7 40.6 46.3 50.2 54 59.7 62.6 63 59.3 51.1 46.2 51 57 55.1 46.4 42.6 40.4 39.2 37.9 37 37.9 39.5 42.9 48.3 58.1 69.4 82.5
79.4 75.9 72.3 69.5 69.5 72 73.2 70.7 66.8 63.9 61.7 59.4 54.6 53.5 51.2 48.3 44.9 41.7 42.6 44.7 45.9 46.2 47.5 44.4 40.2 37.7 34.3 33.3 31.9 31 30.4 29.8 28.9 28.6 28.5 28.9 31.2 34.5 39.3 40.5 42.3 45.2 46.8 49 49.8 47.5 45.6 43.1 40.1 34.9 30.5 28.5 28 28 28 28 28.6 30.8 34.6 38.8 43.5 48.7 53.9 58.8 63.7 66.1 66.6 60.8 55.4 53.7 58.6 64.7 67.2 60.3 52.2 48.7 46.7 44.4 44.3 45.3 49.8 57.3 64.4 73.8 83.3 88.8
78.6 75.2 72.7 69 73.9 75.4 74.1 70.5 66.4 63.9 62.5 61.2 57.6 55.5 53.7 51.4 47.6 41.7 39.1 38 39 39.3 40 38.3 34.3 32.5 32.3 32.2 30.9 30.2 29.6 29 28.7 28.4 28.9 31.1 35 38.7 40.8 41 43.1 44.7 46 47.6 46.7 46.3 44.2 41.5 37.3 32 29 28.1 28.1 28.1 28.1 28.1 28.3 32.2 37.3 41.7 46.4 51.1 56.2 61.2 65.8 70.8 70.4 66.6 64.5 62.9 66.5 71.1 73.7 72.5 70.5 64.5 62.7 61.8 61.2 63.3 66.5 70.3 77.8 84.1 87.7 90.8
80.6 76.8 74 75.3 77.3 76.2 74.7 71.1 67.1 64.7 63.8 62.5 60.8 58.2 55.2 51.7 48.3 46.7 45.3 41.9 39.2 38.5 37.3 35.2 33.1 32.2 32.4 32.1 30.6 29.4 29 28.7 28.5 28.9 29.5 33.7 35.6 38.9 40.5 40.6 41.6 43.4 45.4 45.9 44.9 43.3 41.5 39.3 34.1 29.3 28.4 28.2 28.3 28.2 28.1 28.3 28.3 32 38.9 43.4 48 53.2 58.3 63.1 68.1 71.3 71.3 71.8 71.5 71.1 72.5 75.6 77.5 77.5 76 75.2 74.4 73.9 73.9 75.7 78.8 82.4 84.8 87.9 88.6 91.1
83.2 79.9 76.5 77.8 79.7 78.5 75.1 72.6 70.8 69 66.4 64.2 61.9 58.4 55.1 51.1 50.8 53 52.2 50.3 46.9 41.8 38.7 36.1 33.5 32.3 32.6 31.9 30.4 29.1 28.5 28.4 28.5 29.1 29.7 32.4 34.9 36.2 37.9 38.8 40.1 41.6 42.4 43.1 42.1 39.9 38.3 34.8 30.1 28.8 28.4 28.5 28.5 28.4 28.2 28.2 28.5 32.3 39.2 43.9 49.3 54.6 60 65.2 70.5 71.3 71.9 73 73.8 74.2 75.4 77.2 78.6 78.5 79 80 79.3 79.7 80.6 82.8 86.8 87 87.4 87.6 87.6 89.5
84.7 81 79 80.7 82.1 80.1 77.7 75.5 73.8 71.9 69.8 65.4 62.5 59.1 55 53.9 55.3 56.6 56 53.4 50.9 47.9 42.5 38.2 34.2 33.1 32.5 31.6 30.2 29.4 28.8 28.7 28.7 28.5 29.2 29.5 30.7 32.4 34.1 35.5 36.8 39 39.5 39.9 38.8 36.7 34.4 30.8 28.6 28.4 28.6 28.7 28.6 28.5 28.3 28.1 28.3 28.7 33.2 40.3 46.8 52.9 59.8 65.5 70.2 71 71.2 72.1 73.8 74.4 74.6 77 78.6 80 80.8 82.3 84.1 84 84.9 85.4 86.8 86.6 86 86 85.7 87.1
85.8 83.3 84.3 84.7 83.5 82.7 80.7 78.2 75.9 73.9 71.2 67.1 62.9 59.6 57.6 57.8 58 57.7 56.3 54.1 52.1 48.8 44.6 39.8 35.7 33.8 32.5 31.2 30.4 30 29.7 29 28.9 28.4 28.2 28.2 28.7 29 29.4 31.1 33.4 34.8 36.2 36.5 34.8 32.6 30.4 28.9 28.5 28.6 28.8 28.9 28.8 28.7 28.7 28.7 28 27.9 28.9 35.6 43 50.8 58.6 65.7 69 69.5 69.9 70.3 72 73.8 75.1 76.6 78.1 79.8 81.7 83.4 85.7 85.7 87.3 86.2 85.6 84.4 82.2 81.5 81.7 85.4
87.3 89 90.7 90 89 85.9 83.1 80.1 77.8 74.9 71.6 67.6 63.1 61.6 61.5 60.7 60.5 58.8 56.2 53.5 51.3 47.9 43.6 39.5 35.9 34.1 32.9 31.6 31.3 31.3 30.8 29.9 28.7 28 27.9 27.9 27.9 28.5 28.6 28.7 29 29.7 30.5 31.1 30.1 29 28.9 28.8 28.8 28.9 29 29.9 29.2 29.1 29.1 29 27.9 27.9 28 31.5 38.3 47.2 57.1 64.4 66.2 66.5 67.6 69.1 70 71.7 73.3 75 76.3 78.8 81.3 82.7 84.4 84.7 84.8 83.4 81.6 79.2 77.8 77.2 79.2 84.1
91 94.2 95.6 95.4 93.4 89.2 84.4 81.5 78.5 75.4 71.8 67.4 64.2 63.8 63.1 62.2 60.9 58.7 55.6 52.8 49.7 46.4 42.6 38.7 35.3 34 34.2 34.5 34 33.8 33.2 31.9 29.1 28.2 27.9 27.9 27.9 27.9 27.9 28 28.3 28.8 29.1 28.8 28.5 29.4 29.1 28.9 28.9 29.5 31.4 31.3 31.2 29.4 29.3 29.1 28.2 27.9 27.9 29.3 34.2 42 49.7 59 62.3 62.7 64.9 66.4 68 69.5 70.5 71.9 73.8 75.9 78.9 81.2 82.4 82.8 82 80 77.8 75 72.8 73.3 77.9 83.1
97.4 101 100.6 99.4 95.8 90.8 84.5 82 78.9 75.9 71.6 68.3 67.2 66 64.6 63.4 60.4 57.7 54.6 51.1 48 44.7 40.4 38.8 39.2 39.2 39.4 38.7 38.4 38.6 38.1 35.8 33 28.3 27.9 27.9 27.9 28 27.9 28.1 28.2 28.3 28.4 28.1 28.7 29.6 29.6 29.3 29 31.2 31.9 32 32.1 31.9 30 29.5 28.8 27.9 28.1 28.5 31.6 36.7 44.4 51.8 57.3 60.1 62.2 63.7 65.1 65.8 66.7 67.8 68.1 71.6 76.6 78.8 79.8 79.9 79.3 77.4 75.2 72.4 68.8 68 73.2 78.2
102.9 105.8 104.8 101.4 97.1 92 86.4 82.5 79.3 76.7 72.6 71.2 70.1 68.6 66.2 61.6 58.8 55.9 52.9 49.4 46.2 42.8 39.1 40.3 45.1 44.5 44.7 44.8 44.4 44.9 45.6 45.7 45 40.7 33 28.8 28.5 28.6 28.6 29 28.7 28.4 28.4 28.7 29 29.8 30 29.7 29 31.4 32.1 32.2 32.6 32.3 30.9 29.7 29 28.3 27.9 28.7 30.1 34.2 39.8 45.6 54.7 58.2 59.2 60.3 61.3 62.5 63.6 65.6 66.2 69 73.7 76.4 76.7 76.4 75.8 74.5 72.5 69.4 66 63.2 68.1 75.3
106.4 106.6 105.5 102 97.9 92.6 87.3 83.2 80 76.8 74.3 71.1 70.8 69.2 65.3 60 56.6 53.8 50.8 47.4 44.1 40.3 39.7 44.9 48.7 50.8 51.1 53.3 54.5 55.4 55.6 55.2 53.7 51.6 51.3 50 47.2 43.4 40.1 35.7 32.8 31.2 30.6 30.6 30 30.5 30.1 29.4 29 31.1 31.8 32.4 32.6 31.5 29.8 29.6 29.1 28.4 28 28 28.9 32.4 37.5 45.5 54.1 56.1 57 57.9 59 59.1 60 62 63.5 65.7 69.5 72 72.2 72.8 72.4 71.5 69.6 66.9 62.6 59.3 67.3 75.1
109.9 107.8 105 101.7 97.2 92.2 86.6 82.4 79.3 76.3 73.2 71.2 69.4 63.9 61 57.7 54.4 51.7 48.1 44.5 43.8 42.9 45.1 49.2 53.4 57.6 60 61.8 64.8 64.8 63.9 62.4 58.9 56.7 54.4 52.6 48.3 43.7 37.9 34.2 33.7 36.1 35.3 33.2 32 31.4 31.1 30.4 30.7 31.3 31.8 31.6 31.2 30.1 29.4 29.1 28.8 28.5 28 28.2 28.8 30.6 36.1 44.6 51.7 53.6 54.9 55.8 55.8 55.8 56.3 58.7 60.3 62.3 65 67.4 67.6 68.1 68.3 68.1 66.2 63.4 59.2 59.8 68.6 76.4
110 106.7 103.1 98.5 94.6 88.7 84.3 81.3 78.1 74.6 71 68.1 66 62.8 59 54.8 52.2 49.1 44.9 44.3 44 46.3 49.5 55 61.2 65.6 68.2 75.8 77.3 75.6 72.9 67.8 63.9 59.4 55.3 49.8 44.8 39.3 35.5 34.8 41.7 45.1 41.1 37.6 34.4 33 32.8 32.8 32.8 33.1 33.1 31.9 30.7 29 29 28.7 28.4 28.2 28 29 29.5 29 35.2 45.5 49.7 51.4 52.8 53.6 53.4 53 53.9 55.4 57.2 58.8 61.1 62.7 63.4 63.9 64.6 64.7 62.7 59.5 54.9 61.6 71.7 78.2
107 102.5 98.5 93.5 88.9 85.2 81.5 78.5 75.2 71.4 68.4 65.6 63.1 60.3 54.3 50.7 49 48.9 47.4 44.9 47.1 48.8 54.2 60.9 67.2 73.9 79 82.7 83.9 80.1 76.3 70.4 65.1 59.9 53.4 47.3 43 40.3 39 42.7 47.2 48.5 46.1 42.6 38.1 36.2 34 34.5 35 34.9 34.5 32.6 30.4 29.1 29 28.9 28.8 28.6 28.4 28.5 29.3 30.6 35.4 44.1 47.9 48.8 50.6 51 50.3 49.2 50.3 51.6 53.4 55.1 57.2 58.8 59.3 59.8 61.3 61.4 59.2 55.8 55.9 65.3 75.3 83.2
100.9 95.3 90.8 87.4 84.5 82 78.6 74.5 70.1 68.4 65.9 63.6 61.3 55.3 50.5 49.3 50.2 51 50.5 49.4 51.8 52.5 57.3 64.4 71.5 78.6 86.9 89.4 86.7 80.5 75.4 69 63.8 59.3 50.3 47.3 47 44.6 45.1 46.9 51 53.6 49.3 46.3 42.9 39.2 34.7 35.7 35.8 35.7 31.8 29.1 29.3 29 28.9 29 29 29 28.8 28.6 28.9 29.3 34.2 42.3 45.3 46.4 47.3 47.7 45.3 45.9 47.5 48.5 50.2 52.3 53.7 55.6 55.6 55.6 58.4 58.3 55.9 54.9 58.9 66 77.3 86.8
100.4 92.5 84.8 81.8 81.5 78.4 74.4 70.2 67.6 65.8 64.3 61.6 59 54.5 53.7 54.1 54.1 51.9 51.2 54.5 56.5 55.1 58.9 68.2 76.1 85.2 97.8 95.9 85.5 77.1 70.4 67.4 61.4 54.9 51.9 54.2 49.9 49.5 50.6 50.6 54.4 55.3 52.9 47.2 42.2 39.7 35.9 35.6 34.6 32.7 29.9 29.5 29.2 28.9 28.8 28.9 28.9 29 29 29 28.8 29.1 29.7 35.5 38.1 40.1 41.9 42.9 41.2 43.7 45 45.7 46.9 49.2 50.9 51.2 51.9 52.4 56.2 55.4 53.7 54.8 61.4 67.7 79.4 86.8
99.4 93.5 82.1 78.1 76.4 72.1 70.4 68.9 67.2 65 63.8 61.3 58.6 57 61.1 60.8 58.1 54.3 54.3 58.9 60.7 58.6 61.3 70.3 83.2 98.9 103.3 95.5 81.1 71.3 68.1 65.9 57.5 54.9 59.6 57.9 51.4 54.4 55.5 55.3 56 54.7 51.8 46.1 40.4 40.6 38.2 35.1 31.7 29.9 29.8 29.4 29.1 28.8 28.7 28.8 28.9 28.9 29 29 29 30 29.8 29.5 29.2 32.3 35.8 37 36.4 40.1 41.2 40.9 43.6 46 48.1 48.9 49 49.6 53.2 52.8 50 55.6 63.2 70.5 80.3 85.9
90.2 86.9 80.1 75 72.3 68.9 68.6 68.7 68.7 68.7 67.3 65.1 63.8 67.8 70.3 64.5 60.5 53.5 57.8 64.3 67.7 63.1 67.8 75.7 92.3 103.4 104.8 98.9 86 76.3 68.7 64.5 62 64.3 61.4 57 57.4 58.1 57.6 57.7 55.8 55 52.5 44.3 43.7 41.4 38.1 33.9 30 29.5 29.9 29.3 29 28.7 28.6 28.7 28.8 28.8 28.9 29 29 29.4 30.9 31.2 30 30.3 32.1 33.1 34.2 35.3 37.3 38.5 41.1 43.4 45 46.8 47.1 48.9 50.9 48.5 47.3 56.3 63.1 71 77.8 81.6
85.7 79.5 77.5 76.2 75.5 75 75.7 77.1 77.3 78.2 77 72.9 72.5 76 72.3 65.4 59.9 55.5 63.7 68.9 72.9 71.8 72.6 81.3 101.8 105 105 102.7 96.9 84 72.7 67.7 73 71.7 63.8 59.9 65.2 63.6 62.4 58.9 56.2 53.2 48.8 44.2 45.7 43 38.9 33.7 29.7 30 30 29.4 28.9 28.6 28.5 28.6 28.7 28.7 28.8 28.9 28.9 30 31.9 31.7 29.1 30.3 32.1 32.5 33.1 33.9 34.2 36.1 38.8 41 42.5 44 44.7 46.2 44.9 44.5 47.2 56.5 62.1 67.9 70.8 71.8
85.5 87.9 98.6 98.3 94.3 92.9 92.7 92.5 92 89.1 85.8 84.5 83.9 78.8 69.9 63.9 58.4 61.3 69.2 74.4 83.7 85 84.9 97.3 104.2 104.8 104.9 103.8 100.2 91.5 79.5 82.7 83.7 75.7 73.4 76.4 74.2 70.7 65.6 60.8 56.9 52.3 46.9 46.9 50 44 39.2 33.6 30.4 30.9 29.8 29.5 28.9 28.5 28.5 28.5 28.6 28.7 28.8 28.9 29 31.3 32.3 32 31.3 32.5 32.6 32.6 32.4 33.2 34.1 34.5 36.9 38.5 40 41.3 42.1 43.1 41.5 43.4 49 55.8 59.2 62.1 63 63
99.5 103.3 103.7 104.5 101.8 99.5 99 98 97.5 95.4 93 90.4 88.3 81.6 72.1 64.1 59.3 69.9 77.5 89.8 93.7 97.4 96.8 97.6 103.2 104.7 104.9 104.1 101.4 95.1 89.4 92 91 86.1 83.5 81.6 77.8 73.1 67.1 61.3 57.5 52.9 49.1 52.7 49.9 43.4 38.9 33.9 30.3 29 29.4 29.2 28.9 28.5 28.4 28.5 28.6 28.7 28.8 28.9 29 31.4 32.2 31.9 32 32.3 32.6 32.6 32.5 32.3 33.3 34 35.3 36.3 37.5 38.8 41.1 40.4 39.7 43.9 48.6 52.1 53.8 54.8 55.9 55.8
