data/TQ62.asc
ncols 200
nrows 200
xllcorner 560000
yllcorner 120000
cellsize 50
[rows 38 to 75 of 200, columns 0 to 85 of 200]
87.9 88.4 93.6 105.4 107.9 108.8 104 106.7 104.5 101.8 99.8 100.6 100.5 99.6 96.9 93.7 91.3 87.1 84 86 88.5 88.9 89.1 88.9 91.8 100.7 108.9 113.1 112.8 110.5 109.8 107.3 104.7 101.9 98.4 92.3 86.8 84 83.8 82.7 80.8 79.2 77.9 75.4 73.2 71.2 68.4 65.5 60.9 56.1 50.3 51.1 51.5 48 44.9 44.8 43.9 42.5 42.5 42.5 42.5 42.5 42.5 42.5 42.5 42.5 42.5 42.5 42.5 42.5 42.5 42.5 43.9 48.9 53.6 56.2 59.5 61.8 62.2 57.9 58 60.9 60.4 58.7 56.1 52.5
81.6 87.3 93.3 102.9 106.6 106.1 104.3 103.1 101.1 97.3 93.8 98.3 99 98.5 97.6 95 92.4 90.2 83.2 79.4 83.3 83.8 83.6 88.2 93.9 103.4 111.4 113.6 112.7 110.3 108.9 106.9 105.2 102 98.9 96 92.4 91.7 91.6 88.8 87.5 86.5 84.2 81.5 79.6 75.9 72 67 61.8 56.1 53.7 58 58.6 55.2 50.6 46.8 44.9 43.6 42.8 42.5 42.5 42.5 42.5 42.5 42.5 42.5 42.5 42.5 42.5 42.5 42.5 42.5 42.5 45.3 49 51.5 53.7 55.1 56 53.9 52.5 54.1 56.7 56.1 54.6 52.3
76.5 83.1 91.9 98.7 105.5 106.1 104.1 101.4 95.5 89.7 88.7 96 98.2 98.4 97.4 95.4 94.1 90.9 86.4 77.7 73.6 74.1 84.2 89.5 96.6 106 111.5 113.1 111.1 110.7 108.6 105.4 104.4 103.3 101.5 99.1 97.1 97.8 99.6 98.6 96.2 93.6 89.5 86.4 83.3 79 73.9 67.7 60.1 55.1 60.5 64.1 62.4 59.6 56.1 52.3 48 47 47.7 45.4 43.4 45.9 44 42.5 42.5 42.5 42.5 42.5 42.5 42.5 42.5 42.5 42.5 42.5 44.6 46.4 48.2 49.9 50.4 49.7 48.5 48 49.7 52.2 52.6 50.3
72.9 79.8 88.6 96.2 103.4 103.5 101.1 95.1 89.7 83.8 85.4 94 96.7 97.1 96.4 96 94.8 91.2 86.9 81.7 69.2 74.3 84.9 90.6 99.6 106.5 110.5 111.6 110.9 110.9 110 105.2 102.7 101.9 100.9 99.4 99.1 101.1 102.5 102.2 101.4 99.7 93.9 89.7 84 78.9 75.7 67.5 60 60.7 67.6 69.5 65.8 62.6 58.3 52.7 52.3 52.8 51.2 49.7 47.8 51.4 49.5 46.6 45 43.7 42.7 42.6 42.5 42.5 42.5 42.5 42.5 42.5 40.3 42.3 43.2 44.3 46.3 46.3 45.2 43.9 45.5 46.5 47.2 48.1
69.5 78.7 86.5 93.2 97.2 98 93.3 89.1 83.9 77.8 80.9 90.1 96 96.3 96.4 96 94.5 91.2 85.7 78.6 69.8 76 85.7 92 100.7 105.1 107.4 109 110.4 111 108.5 104.9 101.3 98.4 96.8 96.7 99 101.3 101.7 101.6 101.5 101.1 95 89.7 84.3 78.7 73.9 65.9 59.6 68.7 73 73.3 68.1 60.9 58 59 58.7 56 53.7 49.4 51.3 54.7 55.7 53.8 50.3 48.7 47.7 47.6 46.2 43.4 42.5 42.5 42.5 42.5 38.5 39.2 39.2 39.8 40.3 41 40.5 40.1 40.7 41 42.1 43.4
66.6 80.8 84.9 89 91.2 90.9 89.3 86 81.4 74.3 73.8 83.4 90.9 93.8 94.9 95.3 93.5 88.3 80.2 72.3 69.7 77.6 86.5 93 98.7 102.2 103.7 105.5 106.9 107 105.3 102.8 99.5 94.4 92.2 92.5 94.9 99.1 100.1 100.5 100.8 98.2 93.8 88.9 83.5 74 66.8 64.8 69 72.7 74.7 74.5 65.3 62.9 63.4 63.2 61 58.5 55 51.6 55.3 60.3 60.4 58.2 54.8 54.5 54.7 54.6 51.5 47.3 43 42.5 42.5 41.9 38.3 38.2 38.1 38.1 37.8 36.8 37 36.9 38.1 38.4 39.2 39.3
72.4 79.1 81 84.3 86.4 87.4 85.9 83.3 79.2 72.1 70.5 82.2 88.7 92.4 93.9 94 90.1 83.3 75.1 68.6 68.8 78.3 87.6 94.3 97.9 99.9 99.1 99.7 101.7 102.6 101.3 99.8 95.3 90.9 86.8 88.4 91.3 95.7 99.2 101 101.1 97.4 93.3 86.9 80.1 77.3 74 74.6 76.7 79.2 79 75.3 68.2 67 67.1 65.1 61.7 57.4 54.2 57 60.8 64.1 65.2 64.5 59.1 63.5 61.8 59.7 54 50.5 48.7 47.3 43.5 40.6 40 39.5 38 37.5 37.4 37.3 37.8 36.7 36.4 37.2 38.1 38.5
65.7 70.3 75.5 79.2 80.5 80.8 81 80.6 76.1 68.3 69.5 81.6 87.4 91.2 93.3 92.9 87.3 80.8 71.8 64.4 68.7 80.7 88.7 91.7 95.4 96.5 95.3 94.5 97.2 99 97.9 95.2 91.7 88.1 84 84.4 90.9 94.5 98.1 100.9 100.7 98.5 94.4 91.3 89.1 84.2 80.7 82.5 84.6 83.8 81.4 75.5 73.8 72.2 69 66.5 62.1 58.4 58.2 63.6 66 68.8 70.2 70.2 68.9 71.1 65 62.4 54.8 53.1 53.7 52.2 51.9 48.4 46.5 44.9 42.2 39.9 41 38.7 38.5 39 38.3 37.6 38.4 38.5
59.3 64.8 69.7 73.1 72.8 74.2 75 74.4 71 65.8 70.8 79.8 84.7 88.2 91 89.5 84.6 77.3 64.6 64.1 70.6 81.6 88.9 91.6 92.9 92.3 89.8 91.4 93.3 94.4 94.5 92.1 88.4 84.9 80 82.7 87.3 90.7 97 100.9 100.3 98.5 95.5 93.7 92.3 89.8 87.9 88.2 88.4 87 84.9 82 78.1 74.9 70.5 65.6 62.8 62.4 64.4 68.1 71.9 74.5 76.2 78.7 77.7 74.5 66.6 60.6 59.4 60.4 59.9 58.9 59.6 55.6 53 49.3 46.1 43 43.7 43.8 42 41.2 40.2 39.6 38.9 38.7
56.6 56.1 60 65 67.8 68.9 69.4 68.8 66.5 62.8 71.3 76.1 79.3 82.8 84.4 83.9 80 73.3 62.8 63.7 70.3 83.1 89.2 91 91.2 88.6 87 89 90.6 91.5 91.1 89.1 85.2 79.7 76.5 75.9 82.4 89.4 95.5 98.5 99.2 98.1 95.9 93.7 92.8 91.6 90.2 90.3 90.4 89.3 87.5 85.6 81.1 76 71 65.1 69 68.2 70.5 73.3 76.9 82.3 86.5 86.7 86.1 82 73.7 68.6 68.2 69.9 69.4 65.8 62.8 60.2 56.7 52.5 49.6 47.4 49.1 48.4 45.8 43.3 42.1 42 41.3 40
61.3 58.3 56.3 54.8 58 61 63.4 63.8 61.9 59.7 68.3 71.7 74.3 77.1 78.2 77.7 73.6 68.9 62.5 62.4 70.4 83.1 89.4 91.1 91 88.5 84.8 85.1 87.3 88.9 88.4 86 82.1 78.9 75.5 71 79.2 88 95 97.4 97.8 96.5 94.9 92.9 91.8 90.7 89.8 89.7 90 89.9 87.5 85.1 81.5 77 71 70.9 74.4 74.4 75.8 79.5 85.5 91.7 94.9 93.2 92 89.1 84.5 79.1 79.8 80.7 77.6 72.3 65.6 62.1 58.4 54.9 53.1 53.7 55.2 51.5 48.2 46.1 45.5 45 43.5 42.1
64.2 63.2 60.8 54 53.3 54 54.3 55.3 59 59.1 64.1 67.2 69.5 71.4 73.4 71.6 68.2 64.3 58.9 63.1 73.3 84.2 90.5 91.6 91 88.6 84.6 84.1 85.9 87 86 81.3 78.6 75.3 73.2 69.9 79.2 89.1 93.2 96 96.1 96.1 93 90.7 89.4 88.6 89.3 89 89.1 89.3 87.1 84.7 81.9 76.7 74.5 77.6 79.3 80.4 84.2 87.7 95.9 98.5 98.8 98 97 95.5 93.1 93.1 91.5 88.9 83 74 65.5 61.8 58.1 58.7 60.9 63.8 64 57.8 53.9 50.4 49.8 49.1 47.2 45.1
71 69.7 68.1 62.8 59.6 54.8 54 53.7 54 54.6 58.4 61.2 63.8 65.9 68.3 68.7 65.8 61 56.7 65.8 74.6 83.8 92.1 93.5 91.1 87.4 79.6 80.3 83.9 85.9 82.5 78.6 76.5 72 69.2 71.3 81.7 87.5 90.5 92.8 92.8 92.1 89.3 87.4 85.6 84.4 86 89.5 89.6 88.6 86.4 84.2 81.9 81 80.4 81.8 84.2 85.6 89.2 93.8 96.3 100.2 99.8 99.2 99.7 100.9 100.4 102.2 99.5 95.1 89.5 77.1 70.6 68.5 68.7 69.3 71.2 71.3 71.2 65.3 60.7 60 56.8 53.8 51.3 49.2
80.3 79.4 77.4 74.6 70.9 65.9 62.4 57.9 54.9 53.8 53 53 56.4 59.3 61.9 64.1 60.4 55.7 61.3 68.9 75.3 85.3 93.2 93.7 91.6 85.9 74.7 76.5 82.4 84.2 82.2 78.2 73.2 65.3 66.2 75.2 82.6 87.2 87.7 87.2 88.6 87.5 85.8 83.2 79.4 81.3 87.4 89.2 89.9 87.8 85.3 82.6 81.2 81 81.6 82.9 85.9 88.8 90.8 94.1 95.3 98.4 101.1 101.2 101.8 103.3 104.9 104.9 102.7 100.4 94.4 86 80.5 77.5 78 79.5 80.3 80.7 78.9 74.6 66.9 65.1 62.8 59.2 56.3 53.3
86 86.4 86.8 83.7 78.5 74.1 71.2 68 64.7 60.3 54.6 53.4 51.6 52.8 54.3 57.6 56.3 55.9 64.1 71 76.9 85.1 91.5 92.2 89.8 84.7 70 69 81.6 83.5 81.4 77.7 68.5 62.5 68.1 79.2 82.4 84.2 82.7 83.3 84.2 83.8 82 79.1 73.3 81 88.6 91 88.2 85.1 82.5 79.8 77.8 77.9 80 81.7 84.4 87.4 89.8 91.9 93.2 95.8 94.2 97.2 101 101.8 106.1 106.5 105.7 103.7 100.1 94.8 90.6 87.5 86.1 85.8 87.4 87.3 86 84.8 77.3 72.6 69.9 66.5 61.9 57.8
93.2 92 90.5 88.4 83.5 80 78.5 76.5 74 69.6 65 61 55 51.9 52.5 51.8 49.3 57.3 64 69.8 75.6 79.3 87 88.5 85.9 80.7 69.2 64.7 79 81.2 79.6 73 62.6 60.9 74.6 79.2 81.4 79.9 77.9 80 80.9 79.7 78.4 75.4 69 80.3 87.6 89.1 86.4 82.9 79.6 77 75 73.5 76.1 78.5 81.5 84.5 86.9 88.1 88.1 87.2 85.7 88.9 92.3 95.3 103.1 106.2 105.4 104.8 102.6 100 96.2 93.7 91.1 90.1 89.9 90.6 89.4 87.5 85.6 82 77.1 72.2 66.2 62.5
98.5 96.5 93.8 92 88.9 84.5 83.2 81.2 78 74.3 70.3 66.8 63.3 58.1 54 50.4 51.2 54.9 59.3 66 70.9 73.5 76.9 78.4 78.8 75.1 67.9 59.8 72.6 75.4 74.7 69.3 58.8 60.2 74.8 78.6 79 74 69.1 77.8 78 76.4 74.9 69.4 71 80 85.5 85.8 84.5 81 77.5 74.1 72.3 69.3 72.1 75.7 79 81.9 83.5 84.9 84.3 83.1 79.2 80.7 83.2 88.6 97.7 104.8 105.1 104.1 102.4 99.4 95.6 90.6 87.5 85.6 84.4 85.3 86.1 87.3 88.1 86.2 81.9 76.1 70.4 67.3
99.9 97.2 95 91.5 89.6 87 85.2 82.1 78.9 76 72.6 68.5 65.1 60.3 54.3 52.1 50.4 49.7 54.5 61 62.8 66.7 68.7 71 71.6 70.2 64.5 59.5 69 70.9 69.5 63.8 56.9 62.4 73.5 75.7 74.3 68 64.7 75.9 75.8 73.7 70.3 62.7 71.8 80.6 83.5 82.8 82.6 79.1 74.9 71.3 69 66.5 68.7 72.4 76.5 78.5 80.1 81.7 80.6 77.4 72.2 73.8 78.3 88.3 92.9 96 96.6 97.5 96.7 92.5 87.4 82.9 78.5 75.2 76.2 78.8 81.2 82.9 84.6 82.9 79.8 74 68.6 67.4
98.3 96 93.2 91.5 88.9 86.5 83.4 79.6 76.8 72.4 67.9 64.3 60.7 55.6 54.4 52.9 51.5 50.4 49.3 51.8 54.6 59.4 61.9 64.5 66.4 64.9 61.2 56.7 65.7 66.8 65.4 60 55.1 63.4 70.8 71.1 68.5 60.2 64.9 70.6 70.9 68.5 63.1 60.3 70.6 80.2 82.5 81.5 80.5 74.5 71.5 68.4 64 61.4 66.7 69.6 73.5 76.2 77.8 78.6 77.6 73.3 66 72.8 81.3 86.1 88.8 89.5 89.3 88.4 87.6 84.5 81.1 77.3 73 69 69.8 72.6 75.5 77.8 78.1 76.2 73.4 69.2 65.9 65.2
94.2 93 90 87.7 86.7 82.9 77.5 72.3 67.7 63.9 61 59.5 56.6 56.5 55.7 54.1 52.8 51.6 50.2 49.4 49 51.5 54.8 58.1 60.5 59.3 55.9 55.1 60.8 62.8 61.5 56.9 53.5 62 65.5 65.3 62.5 57.8 63.2 64.7 64.1 62 57.7 59.4 70.1 79.2 80.6 79.6 77.2 73.1 67 63.8 60.4 58.4 64.6 66.3 68.6 72.5 75.8 74.2 72.3 70.9 62.7 71.9 77.8 80.7 82.3 83.2 82.4 81.3 78.5 76.3 73.4 70.6 68.5 65.1 64.4 67 69.7 71.4 70.7 69.5 66.7 62.8 62.1 61.4
90.3 89 86.4 82 78.7 74 69.9 70.3 69.1 70.4 70 67.9 65.7 62.1 58 56.6 54.8 52.7 51.1 49.1 49.3 49.2 48.2 51.3 50.9 51.7 52.9 51.7 55 58.8 57.1 51.2 48.5 58.2 59.9 60.3 57.6 53.3 59.7 62.1 60.5 57.9 54.5 60.6 68.7 76 77.3 77.4 75.5 71.5 65 60.4 57.8 55.9 60.6 62.5 64.5 69.2 71.1 68 65.8 63.8 60.8 66.9 73.4 76.2 77.9 76.4 75.4 74.5 73.1 71.3 68 66.7 64.1 61.2 59 62 65 66.2 65 62.8 60 58.8 58.2 55.8
86.7 85 80.9 79 79.1 80.8 83.4 83.8 82.8 80.8 78.5 74.5 70.9 64.9 60.2 58.6 56.2 53.7 51.9 50.2 49.8 49.7 49.3 48.2 47.7 47.2 48 49.6 53.6 54.6 53.5 52.1 47.2 52.6 54.9 55.9 52.1 49.9 54.6 56.8 55.9 53.5 52.5 59.5 65.8 73.4 75 75.6 71.8 66.7 62.1 57.8 54.6 52.8 55.5 57.3 63.4 66.4 66.1 64.4 60.2 58.1 55.1 59.3 65.7 69.6 70.2 65.9 66.5 67.3 66.5 65 63.7 62.9 60.2 57.1 54.3 57.4 60.3 61.6 60 58.5 56.6 55 54.1 51.7
91.1 90 89.4 87.9 86.7 88.9 90.9 89.1 87 84 80.8 75.6 70.7 65.1 61.8 59.6 57.5 54.8 53.1 51.5 51.6 52.8 53.3 51 49.2 48.8 48.1 46.8 53.7 54.2 52.3 50.5 47.2 50.9 52.1 51.6 47.8 48.9 50.1 50.1 50.6 49 52.6 58.2 64.4 70.5 72.7 71.9 68.8 63.2 59.2 55.3 50.3 50.5 51.6 53.8 58.9 61.3 60.6 59.6 55.8 52.8 49.7 55.1 57.2 61.2 63.4 63.1 64 62.7 62.7 61 60.4 58.3 55.7 51.4 50.7 53.4 56.5 57.8 56.6 55.3 53.3 51.4 49.8 48.3
100.6 97.8 96.6 96.5 96.1 92.2 90.9 87.4 81.3 77.3 73.2 69.4 66.3 61.5 59.9 59.3 58.4 55.7 53.7 53.4 57 58.5 57.3 52.2 51.9 53 48.5 47 45.6 45.3 45.1 45.7 45.7 45.1 46.3 46.3 45 48.2 48 44.8 49.4 50.5 52.5 56.2 62 66.6 68.1 69.1 65.3 59.6 55.6 52.2 49.8 49.1 50.1 52.3 54.6 56.4 54.9 54.7 50.9 49.4 50.8 53.6 55.2 58 59.1 60.9 60.8 59.6 58.7 55.3 51.5 49.9 47.9 45.5 47 49.2 52.2 54 53.5 49.7 48.9 48.5 47.3 45.2
103.3 102.2 100.2 100.1 94.3 90.4 83.8 80 75.4 71.9 68.1 64.6 63.5 61.7 60.7 60.3 59.8 58 54.2 58.6 63.8 65 60.2 53 57.5 62.8 58.1 52.2 49.7 50.5 51.6 49.8 46.7 46.5 44.9 44.7 44.3 44.2 43.8 46 51.8 53.4 54.2 54.9 58.2 61.9 63.8 63.2 59.8 55.2 52.9 49.4 48.8 48.8 50.5 52.2 53.8 55.1 55.4 53.5 50.7 49.4 54.8 59.2 59 59.6 59.5 61.3 60.8 59.9 59.1 56.3 54.6 52.6 50.9 46.6 45.1 45.4 47.6 49.9 50.2 47.6 47.2 46.7 46 43.6
104.2 101.9 97.2 96.5 90.2 84.2 79.4 75.6 72.7 71.6 69.7 68.2 67.1 67.2 66.5 65.6 65 59.8 57.8 63.3 68.3 68.6 60.9 54.6 61.5 65.6 63.3 60 56.8 56.8 55.9 52.5 50.4 55.3 56 53.8 51 46.5 43.9 43.1 47.8 50.8 51.2 50.8 54.6 58.2 62.9 61.8 61 57.7 54 47.8 47 53.4 57.9 59.4 60 59.4 56.8 53.7 46 50.1 60.3 61.7 61.7 61.2 60.6 62 64.9 64.6 64.7 64 62 57.8 54.9 51.1 44.7 43.1 44.8 46.3 47.1 45.5 45.6 45.5 45.1 42.1
100.1 98.7 96.4 91.3 86.9 84.4 80.6 81.1 80.5 77.4 76.6 75.3 73.4 72.3 70.2 67.9 65.2 61.9 63.7 68.1 73.3 69.1 58.6 60.2 65.7 68.7 69.4 66.7 63.9 60.8 56 51.5 56.7 61.5 60.4 57.5 53.9 50.9 45.7 44.1 44.2 45.7 44.1 43.8 44.7 51.5 59.2 61.5 61 57.7 51.7 46.4 50.4 57.9 62.9 63.4 61.1 61.1 55.3 51.6 44.8 55.3 61.3 62 61.8 61.3 61.1 63.3 67.2 68.7 68.6 66 63.8 61.3 59.9 53.4 44.3 40.6 41 42.1 43.8 43.6 44.3 44.5 42.9 40.5
99.7 98.3 95.9 95.1 92.9 90.3 87 86.7 87.1 83.8 84 81.2 77.4 73.3 70.9 69.1 64.7 65.6 70.2 74.5 74.2 66.9 59 64.7 72 75.3 75 72.8 69.8 64 57.4 55.8 61.7 66.3 63 58.7 54.1 50.7 46.9 44 44.1 44.1 43.3 43 42.9 43.4 49.2 56.4 57.3 53.4 49.1 43.7 52 57.6 59 58.9 58.6 57 50.8 47.3 44.9 55 59.5 60.2 59.8 59.1 59.8 63.8 68.3 71.1 70.8 67.6 66 62.7 58.4 52.6 44.2 39.1 40.2 41 41.4 40.4 41 41.6 39.6 37.6
105.3 103.7 101.8 101 98.9 94.3 91.9 91.8 91.5 89.5 89.1 83.4 79.4 75 71.3 70 68.5 72.3 77.6 80.9 74.4 66.8 62.6 71 76.7 79 81.6 78.5 72.4 64.9 59.1 62.8 67.4 71.1 68.4 57.9 54.8 53 50.6 47.6 44.8 44 44 44.5 42.4 40.3 44.4 50.5 52.7 49.2 45.2 41.7 52.1 53 53.8 52.5 50.7 49.8 46.8 44.4 44.9 50.3 52.6 53.3 52.9 52.2 56.4 60.9 64.8 66.8 67.1 65.9 63.4 59 55.1 50.5 44.5 37.3 37.2 38.4 37.7 36.5 36.5 36.9 35.8 34
110.2 109.5 107.7 105.7 103.7 99.1 99.6 98.1 95.9 95.4 92.9 85.2 79.7 76.5 75.6 77.4 77.8 82.2 86.5 80.4 73.2 66.2 68.4 76.4 82 86.1 85 80.5 73.5 65.4 65.6 68.2 73.2 74.3 69.6 58.8 56.7 57.8 54.5 52.9 52.5 52.6 51.3 47.7 44.5 40.5 41 44.3 45.7 44 40.8 41.9 47.2 48 45.8 45.7 44.5 43.4 41.8 40.3 41.3 44.3 46.1 47.1 47.4 47.9 53.2 56.4 59.4 61 60.8 59.5 56.2 53.1 49.7 47 43.3 38 33.8 34.3 34.8 34.2 34.1 33.6 33.7 33.6
111.4 111 111 109 107.1 105.3 104.2 102.9 100.7 99.5 95.7 88.7 82.8 80.8 82.1 83.6 86.3 90.3 87.9 80.7 73.4 69.8 75.6 82.3 86.3 88 87 81 74.1 68.6 69.9 73.5 78.8 77.5 72 60.3 61.9 63.8 61.3 58 57.7 57.4 56 51.2 46 41.3 40.6 39.9 38.2 38.8 39.3 41.6 42.3 41.9 39.3 38.9 38.8 38.6 38.4 38.5 38.2 37.6 39.4 40.8 41.7 43.9 47.3 49.4 51.8 54.3 54.1 52.9 50 46.5 43.8 41.7 39.2 34.2 33.2 33 33 33 32.9 33 33.2 33.4
110 111 111.1 111.7 110 108.9 108.5 107.8 105.3 101.8 96.8 90.7 88 87.2 89.6 91.2 95 94 90 81.8 75.3 75.5 81 85.5 89.3 90.8 88.9 81.6 74.2 73.9 75.8 80 81.7 79.4 70.7 65.5 65.6 67.5 67.9 65 63.2 58.5 54.1 49.5 44.9 44.5 40.4 39.3 38.5 38.7 39 40.3 40.3 39.1 39 38.9 39 38.6 38.9 38.6 37.6 36.9 36.6 36.9 37.6 40.1 42 43.7 45.2 47.4 47.4 46 43.5 40.5 38.9 36.6 34.5 33.7 32.9 32.9 33 33 32.9 33 33.2 33.7
109.1 111.3 112.9 113.6 112.4 112.3 112.4 111.7 108.6 105 98.5 94.1 92.5 94.3 97.9 101.1 100.7 98.7 92.1 84.2 80.9 83.5 86.2 90.5 94.5 93.7 90 80.6 78.4 80 82.8 84.4 84 80.9 73.8 72 72.7 73.5 74.5 71.8 67.9 60.8 53 49 51.1 48.1 44.2 40.3 39.4 42.9 45.5 42.9 43.3 41.7 40.7 39.6 40.6 40.3 39.3 38 36.8 36.5 36.3 36.2 36.2 37.1 38.3 39.3 41.9 42.5 40.9 38.7 36.2 34.9 35.1 35.1 34.7 34 33.2 32.9 32.9 32.9 32.9 33 33.6 34
106.4 110.9 113.2 115.7 115.6 116.1 116.1 114.1 111 107.9 103.1 99.9 99 102.2 107.5 107.6 105 100.7 93.8 87.8 87.3 90 93.4 97.2 99.1 98.2 95.9 88.9 86.3 87 87.8 87.7 86.7 82.4 78.8 77.4 78 78.8 78 74.4 69.4 63.7 59.1 60.2 59.7 56.8 51.6 48.6 47.9 48.8 51 50.1 48.5 47 45.9 45.2 47.1 48.2 46.3 43.1 38.5 36.4 36.2 35.9 35.9 36.5 36.1 37.6 36.3 36.4 35 34 33.2 33.6 34.3 35.4 34.8 34.1 33.4 32.9 32.9 32.9 32.9 34.4 34.9 36.8
105.8 111.4 115.6 118.9 118.4 118.8 119.9 116.8 114.1 110.7 107.5 105.9 107.3 110.1 112.5 110.7 106.9 103 98.7 95.3 96.6 97.6 101.2 102.6 103.9 102.8 100.5 99.5 96.2 95.6 94.7 94.6 87.7 84.4 83.1 82.9 82.5 82.2 81.3 78.2 75 67.5 66.1 67.5 67.1 64.9 59.7 58.1 55.6 55.8 56.6 56.2 54.3 53.3 54.1 52.2 53.2 52.7 53 51.1 47.5 40.2 37.1 36.8 35.9 34.8 34.6 34.4 34 34 34.6 34 33.3 33.7 34.3 34.9 34.6 34 33.6 33.8 33.6 33.5 33.5 35.3 37.6 39.5
104.8 111.9 117.3 120.5 118.3 117.3 119.1 117.2 116.3 112.7 111.2 110.3 111.1 113.5 114.6 112.7 109.6 107.1 103.7 102.4 104.2 105.2 106.6 107 106.7 106.2 104 103.3 101.8 100.8 98.9 96.7 93.5 88.4 88.1 88 87.1 86.7 85.2 82.4 79.1 76.4 74.6 73.8 70.2 68.1 65 63.4 61.9 61 62.8 61.3 59.6 58.5 59.5 58.7 57 55.4 55.5 53.7 50.2 44.1 39 36.9 35.1 34.8 34.9 34.4 33.9 33.9 34.9 34.5 34.2 33.6 34.3 34.9 34.8 34.3 34.6 34.9 34.6 34.5 35.2 37.9 41.1 42.7
103.7 111.2 117.2 120.1 115.7 116.1 117.1 115.1 112.1 110 109.8 111.3 113.1 116 115.2 114.5 112.4 110.8 109.1 108.4 108.8 109.4 109 107.1 107.4 106.1 103.8 102.1 100.6 99.7 99.8 99.1 97.1 95.7 95.3 95.6 93.4 91.1 89.6 86.7 83.2 80.3 79 78.1 76.8 72.7 70.8 68.9 67.8 67.3 68.1 66.7 64.5 63.3 62.4 61.9 61.3 58.4 54.7 49.9 47.6 43.8 39.5 36.4 35.3 35.1 34.9 34.5 33.9 33.9 35.1 34.7 35 34 34.2 34.5 34.8 35.1 35.7 35.9 35.6 35.4 37.4 39.8 45.6 45.8
101.2 109.6 115 114.6 110.7 109.8 110.6 107.9 104.9 103.3 102.4 104.1 107.2 111.2 113.3 114 114.3 112.1 110.5 109.6 110.3 109.7 107.3 106.7 105.9 103.9 102 100.3 99.3 98.3 98.3 98.3 97.7 98.3 98.3 96.9 96.1 95.3 93.8 90.7 87.2 85.6 84.3 85 82.1 78.6 76.6 74.5 73.5 72.6 70.9 70.4 67.4 64.9 61.2 58.3 55.9 52.8 48.5 45.3 43.1 40.9 38.3 36.2 35.6 35.4 35.2 35 34.8 34.2 35.4 35.1 35.7 35 34 34.3 35 36.4 37.1 37.1 36.9 36.9 37.9 40.4 48.1 51.6
