data/TQ66.asc
ncols 200
nrows 200
xllcorner 560000
yllcorner 160000
cellsize 50
[rows 140 to 174 of 200, columns 0 to 79 of 200]
160.7 160.9 159 157.8 154.6 151.6 146.4 140.6 139.4 139.4 140 139.7 136.8 131.8 124.5 120.7 121.4 125.2 131.5 139.4 148.9 153.9 157 157.7 158 156.6 153.5 148.1 146.2 144.9 140.8 139.3 145.4 150.5 155 158.7 162 163.3 163.5 164.1 164.4 164.1 163.6 161.3 160.1 161.6 163.2 164.7 166.7 166.9 167.3 167.7 168 168.1 168.9 169.8 171.1 171.2 170.8 170.9 164.7 164.1 169 172.3 173.8 174.6 174.8 174.9 175 174.7 174.2 174 173.7 173.3 172.4 170 166.2 160.7 152.9 143.8
160.9 159.8 158.4 156.4 152.7 147.5 141.2 135.4 133.2 131 131.2 131.3 128.7 125.4 123.9 121.6 123.1 126.9 132.6 141.6 150 154.1 157.4 158.1 158.8 157.7 155.9 150.7 152.4 150.4 146.4 142.3 144 148.3 153.2 157.7 161.5 163.8 163.7 164.2 164.6 164.1 164.4 162.2 161.8 163.7 165.1 166.2 168 168 168.4 168.7 169 169.2 169.4 171 172.2 172.3 172.2 171.1 166.6 164.7 169.4 173.2 175.7 175.7 176.1 176.3 176 175.3 175.6 173.9 173.3 172.8 171.5 169.5 165.9 159.9 152.2 147
160.9 159.1 157.5 154.4 148.8 142.7 136 133.5 132.3 129.8 129.1 127.9 124.2 123.2 123.3 123.6 125 128.9 133.4 143.4 151 154.7 158.1 159.9 160 159.8 157.8 155.1 156.8 155.5 151.5 147.4 144 145.8 150.4 155.7 160.1 163.2 165.4 166 165.6 165 165.3 164 163.3 165.1 166.8 168.1 169.3 169.3 169.4 169.5 169.8 170.1 170.3 171.8 173.3 173.4 173.6 171.4 167.4 166.9 170.1 174.2 175.6 176.6 177.2 177.5 177.2 176.5 175.4 175.4 173.8 172.2 170.2 166.9 162.3 156.6 152.5 154.3
160.8 158.1 155.6 151.2 145.6 139.4 134.7 136.3 136.6 135.1 133.2 130.4 125.2 123.7 123.8 126.6 130.9 133.2 134.1 143 150.8 155.1 158.9 161.2 161.4 161.6 160.7 159.1 160.2 159.5 157 153.3 148.5 145.8 147.7 152.4 158 162.6 166 165.9 165.9 166.1 166.5 165.8 164.7 166 167.7 169.3 170.4 171.1 171.1 171.4 171.7 171.5 171.7 173 174.4 174.8 175 171.5 168.8 168.6 171.3 174.5 176.2 177.6 178.2 178.5 178.3 177.4 175.7 175 173.3 171.4 168.6 164.7 160 154.1 154.5 161.7
160.1 157.4 154.2 150.3 142.9 138.8 138.7 143.3 143 140.5 136.8 130.1 124.2 124.9 128.2 132.9 137.5 140.1 140.6 144.1 150.4 155.3 159.6 162.1 163.3 163.5 163 162.4 163.2 162.7 161.4 158.3 154.1 150.9 149.2 150 155.1 160 164.4 165.8 167 167.6 168 167.9 167.4 167.9 169.5 170.8 171.8 172.4 172.9 173.3 173.2 172.8 173 174.3 174.8 176 174.6 170.9 169 169.3 173.2 174.7 176.6 178.1 179.4 179.7 179.4 178.1 176.5 175 173.5 171.3 170.3 167.8 162.5 158.2 163.1 166.8
159.8 156.5 153.4 148.7 141.6 138.8 141.4 147.9 147.1 142.6 136.5 128.6 124.9 129.6 135.2 140 145.5 148.2 148.4 148.1 151.3 156.2 161.5 163.9 164.8 165.7 165.8 165.7 165.7 165.7 164.7 161.8 159.3 157.1 154.1 152.8 153.6 157.9 163.2 166.7 168.4 169.1 169.5 169.8 170 170.2 171.4 172.6 173.6 174.3 174.2 175 174.6 174.1 174.2 175.7 176 176 174.1 171 169.1 170.4 174.7 175.5 177.1 178.4 179.7 180.9 179.3 178.2 176.7 175.9 174.3 173.1 171.2 168.8 162.7 164.2 168.4 170
159.3 156 152.7 147.3 140.8 139.1 146.4 150.9 148.7 142.2 134.2 128.5 129.2 133.2 139.2 145 151.2 153.9 154.3 153 153.4 157.2 163.2 165.5 166.5 167.5 168.3 168.4 168.5 168.5 168.1 166.3 163.8 161.8 159.7 155.6 154.1 159.2 164.5 168.2 170.4 170.7 170.9 171.1 171.3 172 173.2 174.4 175.4 175.4 175.3 175.8 175.4 175 174.7 175.4 175.3 175.5 174.5 171.1 169.1 171.4 175 176.2 177.5 178.8 180 179.8 179 178.6 177.9 176.7 175.8 175.2 172.1 167.1 165.6 169 171.2 172
158.8 155.8 151.7 146 141.3 143.7 150.7 150.9 148.4 141.2 133 128.2 129.1 135.7 143.3 150.6 155.9 158 158.7 158.4 157.2 159.7 164.7 167.4 168.5 169.7 170.8 170.9 171 171.5 171.3 170.1 168.4 165.9 162.5 158.5 157.2 160.8 165.7 169.6 171.3 172.1 172.4 172.5 172.7 173.6 174.4 175.2 176 176.8 177 177 177 176.8 176.4 176.2 175.8 175.6 174.8 172.5 171.2 172.9 175.4 176.9 178.4 179.5 180.9 180.9 180.6 179.5 178.3 177.1 175.5 175.9 170.9 168.1 170.3 172.2 173.4 173.3
159.4 156 151.3 144.5 144.1 148 152.7 152.6 148.2 140.2 132.5 128.5 129.8 136.7 144.7 154.1 159.4 161.8 162.3 162.5 160.9 160.6 165.6 168.7 171 172.3 173.3 173.3 173.4 173.7 174.5 173 171.4 169 164.2 159 159 162.5 167.6 171.2 172.5 173.3 174 174.2 173.9 174.7 175.9 177.1 177.5 178.1 178.6 178.3 178.3 178.3 178.2 178.2 177.3 176.1 174.7 174.3 173.8 174.7 175.8 177.5 178.9 181.1 181.2 181.2 180.8 180 178.7 177.8 176.6 175 170.2 172.6 174.5 175.4 175.4 175
160.3 156 150.3 144.4 144.3 151.7 155.2 153.1 148.8 140.8 133.2 129.9 130.4 136 145.1 154.4 161.3 164.1 165.4 165.9 164.4 164.2 166.3 170.7 173.2 175 175.6 176 175.5 175.8 176.6 175.3 173.7 170.7 164.5 159.6 159.9 165.5 169.8 172.5 173.8 174.9 175.5 175.3 175.5 176.6 177.8 178.6 178.9 179.2 180.3 179.7 179.8 180.1 179.7 179.9 179.6 177 174.1 174.3 175.4 177.2 177.5 178.9 180.4 180.9 181.8 181.8 181.1 180.5 180.4 179.2 176.3 174.1 174.2 175.8 176.6 177 177 175.8
159.7 155.8 149.1 144.5 150.4 155.9 155.8 153.6 149.6 142.2 134.7 131.3 130.9 134.6 142.4 153 160.9 165.4 167.1 168.6 167.9 167.8 168.4 172.4 174.9 176.6 178.1 178.4 178.2 178 177.9 176.4 175.3 172.6 165.3 161 162 168.1 171.8 174 175.2 176.2 177.1 177.7 177.9 178.5 179.7 180.1 180.4 180.6 180.7 180.4 180.8 180.8 180.5 180.3 180.9 178.1 174.4 174.4 176.3 179 180.4 180 181 181.5 182.3 182.2 181.6 181.2 180.8 179.6 177.3 176.2 176.7 177.3 177.6 178 177.7 176.7
159.6 154.5 148.8 148 154.3 157.4 157 154.1 150.8 144.7 137.6 133.4 131.7 132.9 138.5 147.5 155.2 162.5 167.4 170 172 171.9 172.5 174.3 176.7 178.2 180.2 180.4 180.2 180 178.7 178 175.7 173.3 167.1 164.1 164 169.9 173.6 175.9 176.8 177.5 178.3 179.2 180 180.6 181.2 181.6 182 182.4 182.5 182.6 182.8 182.7 182 181.4 180.5 179.2 174.6 174.1 177 180.3 180.6 181 181.4 182 182.7 182.7 182.5 182 181.1 179.8 179.1 179.2 179.4 179 178.7 179.1 178.7 177.1
159.3 152.8 149.3 152.1 158 159.9 158.6 155.7 151.7 145.8 141.1 135.9 132.7 132.4 134.8 140.3 148.8 156.2 163.1 168 173.1 175.2 175.9 177 178.3 179.5 181 181.8 182.2 182 181 179.3 177.7 174.8 168.7 163.7 164.7 170.6 174.8 177.2 178 179 179.9 180.7 181.6 182.4 182.6 183 183.4 183.8 184.2 184.6 184.8 184.2 183.5 182.7 181.4 180.1 177 175.4 178.2 180.4 181.5 181.9 182.2 182.6 183.2 183.7 183.5 183.1 182.1 180.7 180.1 181.1 181.2 180.8 180.4 180.2 178.9 176.8
159 151.4 149.9 157.2 161.6 161.9 159.9 157.2 152.7 147.4 142.9 136.9 133.3 133.2 133.2 135.3 141 148.4 156.3 163 170.6 176.9 177.5 177.6 178.9 180.5 182 183.6 184 184 183.3 181.5 179.8 176.6 171.7 166.9 165.7 170.7 175.4 177.8 179.2 180.4 181.8 182.6 183.5 183.7 183.9 184.2 184.5 185 185.4 185.9 186.1 185.5 184.6 183.6 182.4 180.8 178.3 178 179.8 181.2 182.3 182.8 183.1 183.2 183.6 184 184.7 184.6 183.3 182.3 182.5 183 183 182.5 182.1 181 178.4 175.2
157.8 150.1 154.1 162.1 165 163.2 161 158.4 154.9 148.5 143.7 138 134 134.3 134.2 134 136.7 141.2 148 156 163.9 175.1 178.2 178.3 180 181.5 183 185.1 185.9 185.9 185.6 183.7 181.6 178.6 175.7 172.3 168.4 169.7 175.6 178.3 180.2 181.8 183.2 184.6 184.9 185.4 185.9 186.4 186.4 186.8 187.1 187.3 187.1 186.3 185.4 184.9 182.2 180 178.8 180.2 181.8 183 183.6 184 184.2 184.4 184.5 184.3 185.9 186.1 185 183.8 184.7 184.9 184.8 184.3 182.9 181.1 177.6 172.6
154.4 153.1 160.5 165 166.2 164.5 162.3 159.2 155.4 149.2 143.9 137.3 135.9 138.4 138.1 135.7 136.6 138.5 141.5 147 156.1 166.4 176.3 179.2 181.2 182.6 184.1 185.8 186 186.3 186.1 185.1 183.4 180.8 178.4 176 172.5 170.8 175.5 179 181.8 183.6 185 185.9 186.8 187.5 188.6 189.1 189 188.5 189.5 189.2 188.1 186.9 185.8 185.7 182.5 180 180.7 182.1 183.7 184.8 185.1 185.4 185.6 185.8 186 185.9 187.3 187.3 186.2 185.3 184.9 185.7 185.8 185.6 183.6 180.5 175.6 173.5
153.1 158.5 165.3 167.4 167 165.6 163.1 159.6 154.8 148.7 141.6 138.1 140.2 144.1 143 140.7 138.9 138.6 138.9 142.6 149.2 158.9 169.3 178.7 182.3 183.7 185 185.9 186.9 187.2 187.2 186.5 184.9 182.6 180.8 178.4 175.1 173.9 175.8 179.9 182.7 185.5 186 187.1 188.2 188.9 189.6 190.3 190.5 190.6 190.6 190.2 189.1 187.9 186.5 185.3 182.8 180.5 182 184.4 185.5 186.3 186.5 186.7 186.9 187.1 187.4 187.5 188.5 188.2 187.4 186.8 186.4 186 186.2 185.8 183.4 178.4 174.1 177.1
156 165.1 168.7 169.1 169 165.9 163.5 158.7 154.1 146.5 139.7 138.7 147.5 149.7 147.7 144.7 142.3 140.5 139.4 139.4 143.9 153.5 164.6 174.3 181.8 184.7 186.3 187.4 188.2 188.5 188.5 187.8 186.2 184.9 182.7 180.3 177.1 174.8 175.7 178.7 181.2 185.5 186.8 188.3 189.4 190.3 191 192.2 192.2 192 191.9 190.8 189.8 188.4 186.8 184.9 183.8 183.9 184.9 186.1 187 188 187.9 188 188.3 188.5 188.8 189 189.7 189.5 188.8 188.1 187.5 187 186.1 185.3 183.3 178.4 177.5 180.5
165.2 171.8 171.7 171.4 170.4 167.3 164.4 159 152.8 145.6 140.2 143.4 153.4 154.9 152.7 150 147.3 144.5 142.2 140 142.4 149.8 159.4 169.5 180 185.2 187.3 188.5 189.3 190.2 190 189.2 187.7 187.1 185.4 183 179.7 178.7 178.2 179.1 180.9 185 187.5 189.1 190.7 192 193.6 194.1 193.6 193.4 192.9 191.8 190.8 188.9 186.4 184.1 184.1 185 187.1 187.9 188.6 189.5 189.6 189.5 189.6 189.9 190.3 190.6 190.4 190.7 189.7 189.2 189.1 187.2 185.8 184.9 181.6 179.1 181.1 183
171.4 173.8 174.7 173.5 171.5 168.3 163.8 158.6 152.3 145.2 142.9 148.4 156.8 159.2 156.5 153.9 152.1 148.9 144.4 142.2 142.1 144.8 153 166.3 176.2 183.4 187.1 188.7 190 190.7 191.5 190.6 189.7 189.3 187.5 185.6 184.1 182.8 180.8 179.1 181.7 185.5 187.8 189.8 191.4 194.2 195.9 195.5 195 194.8 194.2 192.9 191.4 189 186.5 184.3 184.2 186.9 189.1 189.7 190.3 191 191.2 191.3 191.5 191.9 192.1 192 191.7 191.6 190.2 190.7 188.8 187.4 186 184.6 180.5 182.5 184.4 185.4
175.4 176.6 176.8 175.2 172.5 169 165.3 158.2 151.3 144.3 144.4 153.5 162.9 163.7 160.5 157.7 155.8 152.5 147.1 143.5 143 143 149.4 157.3 167.6 176.3 183.6 188 190.9 191.5 193 192.4 191.9 191.2 189.6 188.7 187.3 187 185.8 184.1 182.9 185.3 187.9 190.6 192.2 194.9 196.4 197 196.5 196.2 195.5 194.2 192.1 189.6 187.7 185.2 185.2 188.9 190.8 191.5 192.1 192.8 193.2 193.2 193.5 193.7 193.3 193.1 192.8 193 191.3 190.2 189 187.5 185.9 183.9 183.8 185 186.9 186.8
177.8 178.6 177.8 176 173.6 169.3 165.6 157.7 149.6 143.8 148.3 158.6 167.8 167.4 164.7 161.6 158.4 154.6 148.2 144.5 144.3 143.9 146.1 151.3 158 166.7 176.2 183.3 190.1 193.1 194.2 194.3 194 193.2 192.1 191 190.3 189.5 188.7 187.3 184.2 185.2 188 190.1 193.2 195.2 197.1 198.1 197.9 197.7 196.8 195.6 193.5 191.1 189 187 187.5 189.8 191.7 193.2 193.9 194.9 195.3 195.2 195.3 195 194.6 194.2 193.9 194.1 192.5 190.8 189.6 187.9 185.6 184 185 187 187.9 187.8
181 180.8 179.1 177.1 173.6 169.6 164.3 157 149.7 145.4 153 164.7 170.9 171.6 169.8 167 163.4 156.7 149.3 147.1 148.9 146.6 146.3 148.4 151.1 157.4 166.6 176.5 183.3 190.6 195.1 195.9 195.1 195.1 194.8 193.9 192.9 192.1 191.3 190.6 188.5 187 188.9 189.8 193.4 196.2 198.4 199.3 199.3 199.1 198.3 197 195 192.4 189.2 189 189.6 190.7 193.4 195 195.9 196.3 196.6 196.8 196.6 196.3 195.9 195.4 195.2 195.2 193.4 191.5 190 187.2 184.7 185.5 187.1 187.9 188.4 187
182.5 182 180 177.3 174.1 169.2 162.9 154.8 148.8 149.4 160.4 169.3 174.1 175.3 173.8 170.6 166.6 158.4 150.8 149.1 153.1 151.9 149.6 149.1 148.7 152.8 157.7 167.2 176.5 186.8 193.4 195.9 197 197.1 197.3 197 195.6 194.7 194.7 193.6 190.8 190 192 194 195.8 198 199.6 200.7 200.9 200.5 199.7 197.9 195.7 193.3 190.4 189.2 190 191.4 194.2 195.4 196.6 197.7 198 198.4 198.5 197.7 197.3 196.6 196.3 195.3 193.7 192 190.4 188.2 185.8 188.1 189.9 189.7 188.3 186.4
183.7 182.5 180.2 177.4 172.6 166.3 159 152.5 151.3 158.3 167.1 174.1 177 177.7 176.6 173.8 168.8 159.2 153.2 149.4 158.2 157.7 155.4 152.5 149.6 149.1 153.5 159.6 167.8 179.2 188.8 195.9 198.5 198.5 199.2 200.2 199.3 198.5 197.7 196.5 195.3 193.8 195.7 197.5 198.8 200 201.4 202.6 202.1 201.7 200.3 198.2 195.8 193.3 190.8 190 189.9 192.5 195.4 196.3 197.2 198.6 199.9 200.5 200.5 199.3 198.2 197.5 196.3 195.5 194.2 192.3 190.3 189.2 189.3 190.3 191.3 190.5 188.8 188.3
183.5 182.4 179.5 174.6 169.6 161.3 154.5 153.9 158.2 164.8 171.7 177.4 179.4 179.5 178.9 176 169.8 160.5 154.6 153 161.5 163.9 161.6 159.6 154.5 150.5 152.6 156.3 161 169.7 180.9 190.6 196.8 198.7 200.7 201.6 201.1 200.9 200.5 199.4 198.4 198.3 199.1 200.6 202.4 203 203.9 204.2 203.4 202.8 201.3 199.2 196.3 193.3 192.4 192 191.6 194.2 196.8 198.7 199.2 199.8 200.9 200.8 200.9 200.2 199 197.8 196.6 195.4 194.6 191.7 190.3 189.1 190.4 191.5 191.4 190.2 188.9 189.6
183.3 181.1 177.6 172.5 166.5 157.5 154.2 159 166.7 171.6 176.3 180.5 181.9 182.2 181.5 178.4 170.2 162.1 155.5 154.9 165.1 170.1 166.8 162.8 155.9 153.4 154.2 154 156.4 161.6 171.1 182.7 192 197.2 201 203.3 202.1 201.3 200.9 200.8 201.4 201.3 202 204.3 205.1 205.5 205.5 205.8 205 203.9 202.4 200.1 197.3 195.2 194.4 194.3 193.9 195.1 198.9 200.7 200.7 201 201.2 201.2 200.9 200.4 199.3 198.1 196.9 195.5 194 191.8 189.6 190.7 191.9 192.8 192.3 191.3 190.9 191.6
182.7 180 175.9 169.7 162.9 154.9 157.8 168.3 175.2 178.9 182.2 183.7 184.7 185 183.1 179.7 171.5 162.4 155.8 156.8 168.7 174.4 169.7 165.1 157.2 156.8 157.7 156 155.6 157.4 162.8 171.9 182.9 191.6 198.8 201.6 202.5 201.6 201.5 202.6 203.2 203.8 204.7 206.1 207.1 207.5 207.8 207.4 206.6 205.2 203.5 201.8 199.8 198.7 197.3 195.3 194.1 196.1 199.9 200.2 200.8 202 202 202 201.6 201.1 200.6 198.5 197 194.6 193.5 193.5 191.9 192 193.2 193.9 193.5 192.8 192.9 193.6
181.5 178.1 173.3 167.5 159.6 158.1 164.3 175.6 181.4 184.6 186.4 186.7 187.1 186.5 184.7 181 172.3 162.2 157.6 162.6 174 177.2 172.7 166.2 158.6 161 162.1 161.6 159.5 159 159.2 164 171.1 182.4 193.6 199.4 201.3 201.5 203.1 203.7 204.4 205 205.6 207.1 208.8 209.4 209.9 209.2 207.7 206.3 204.8 203.2 201.7 201 199.2 195.9 195.5 197.4 200.3 201.4 202.5 202.9 202.9 202.8 201.8 200.8 200.9 199.5 196.7 195.1 195.2 195 194.2 194.2 194.6 194.9 194.6 194.4 194.8 195.6
180.6 176.7 170.4 165.2 158.8 159.1 172 181.8 185.7 188.1 188.5 188.7 188.6 187.7 185.8 181.3 171.4 161.7 158.2 167.8 179.1 180.2 176.4 168.8 159.6 162.6 169.1 169.4 165.8 163.5 161.4 163.2 164.9 172.7 183.7 195.1 200.6 201.8 203.5 203.8 204.8 205.8 206.2 207.8 209.8 210.7 210.8 209.2 208.4 207.1 205.7 204.1 202.5 201.3 199.4 198.1 198.8 199.9 201.6 203.3 204 204.1 203.9 203 202.1 200.8 199.5 199.3 198.5 197.7 197.4 197 196.5 196.6 196.9 196.3 195.7 196 196.8 197.4
182.2 178.4 170.1 163.5 159.9 168 179.8 186.1 189.1 191 191.3 191.5 190.3 189.4 185.3 180.3 169.2 160.9 162.1 174.7 183.1 183.5 178.3 171.4 161.8 163.2 173 176.9 173.1 169.7 166.3 163.9 163.7 166.9 176.3 188 195.3 199.4 202.1 203 205.1 206.6 207.1 208.2 210.4 210.8 210.9 210.1 209.2 207.9 206.6 205 203.5 202.1 200.3 200 201.1 202.3 203.3 204.8 205.7 205 204.1 203.2 202.3 201.1 199.6 199.1 200.3 200.2 199.6 199 199.5 199.8 200.1 199.5 197.6 198.1 198.9 199.2
183.7 177.5 169.3 164.1 165.3 175.1 183.1 188.6 192.4 193.7 194.5 194 192.6 190.2 185.4 177.8 166.5 162.3 168 180.7 186.2 186 181.4 174.3 164.8 165.2 175.8 182.5 181.7 176.2 172.3 169.6 165.1 165.3 170.4 180.7 189.3 194.9 199.6 202.7 205.2 207 208 209.1 210.2 211 210.5 210 209.9 208.7 207.5 206 204.6 203.6 203.3 202.8 203.6 204.4 205.5 206.2 206.9 205.3 204.6 203.6 202.6 201.6 200.5 200.2 200.5 200.8 200.5 200.8 201.1 201 200.9 200.3 198.7 199.7 200.5 201
183 175.9 166.2 164.1 171.3 179.6 186.4 190.9 194.5 195.5 196 195.7 193.1 190.6 184.4 175.9 163.8 164.4 174.7 187.5 190.2 188.1 184.7 176.7 166.8 168.9 179.7 187.3 188.1 184.7 180.2 174.8 169.5 166.9 169.1 175.7 182.9 190 196.6 200.9 204.4 207.1 208.5 209.6 210.3 211 211.3 210.8 210.6 209.4 208.4 207.1 205.9 205 205.5 205.4 205.9 206.5 207.1 207.8 208.2 207 205.6 204.4 203.7 202.8 201.9 202 202.6 202.4 201.4 201.2 201.5 201.1 199.9 199.3 200.5 200.8 201 201.3
181 173.6 166.3 169.5 177.7 182.9 188.6 192.8 195.6 196.8 197.2 196.7 194.2 190.5 182.8 172.2 165.6 168.6 182.9 190.4 192.8 190.6 187.4 178.2 169.1 170 182.1 189.6 192.3 190.3 187.4 181.5 174.9 168.8 169.5 178.9 186.8 192.2 195.3 201.3 204.4 207 208.6 209.3 210.2 211.4 211.7 211.6 211.3 210.2 209.5 208.7 207.6 207 207.4 207.8 208.1 208.1 208.7 209.2 209.6 208.9 207.5 205.8 204.9 204 203.1 203.1 204.1 203.9 202.8 201.8 201.6 200.6 199.9 200.7 201.1 201 203 201.6
178 169.6 168.7 177.1 183 185.9 190.4 194.7 197.5 198.5 198.6 197.6 194.4 189.3 179.6 168.6 168 175.2 187.5 193.9 195.9 193.4 189.3 182.1 173.5 173 183.6 193.2 195.1 193.7 191 186.4 179.3 172.2 170.5 178.8 191.5 197.9 201.8 203.3 205.8 207.9 209.3 209 210.7 211.6 212 211.9 211.9 211.1 210.4 209.8 209 209 209.3 210.2 210 209.7 209.9 210.4 210.9 210.9 209.2 207.4 206.1 205.1 204.2 204.6 205.8 205.7 204.2 203.1 202.2 201.3 200.9 201.2 202.2 202.6 204.1 202.9
