data/TQ92.asc
ncols 200
nrows 200
xllcorner 590000
yllcorner 120000
cellsize 50
[rows 84 to 125 of 200, columns 0 to 93 of 200]
3.1 3.1 3 3 2.9 2.8 2.7 2.7 2.7 2.7 2.7 2.7 2.8 2.8 2.8 2.9 2.9 2.9 2.9 3 3.1 3.2 3.3 3.4 3.5 3.5 3.6 3.5 3.4 3.4 3.3 3.2 3.2 3.1 3.1 3 3 3 3 3 3 3 3 3.1 3.1 3.1 3.1 2.4 2.4 2.4 2.4 2.4 2.4 2.6 2.8 3 3.2 3.3 3.4 3.4 3.4 3.4 3.3 3.1 2.9 2.6 2.7 2.7 2.8 2.9 3 3 3.1 3.2 3.2 3.3 3.4 3.7 3.6 3.5 3.3 3.1 2.9 2.7 2.7 3.8 2.7 2.6 2.6 2.6 2.5 2.5 2.4 2.4
3 3 3.1 3.1 3 2.9 2.8 2.8 2.8 2.8 2.8 2.8 2.7 2.8 2.8 2.8 2.9 2.9 2.9 2.9 3 3.1 3.2 3.3 3.4 3.6 3.8 3.5 3.5 3.4 3.3 3.3 3.2 3.1 3.1 2.9 2.9 2.9 2.9 2.9 2.9 2.9 2.9 2.9 2.9 2.9 3 2.6 2.4 2.4 2.4 2.4 2.4 2.6 2.8 3 3.3 3.4 3.5 3.5 3.4 3.4 3.2 3.1 2.8 2.6 2.7 2.8 2.8 2.9 3 3.1 3.1 3.2 3.3 3.3 3.3 3.4 3.8 3.6 3.4 3.2 3 2.8 2.7 2.7 2.8 2.7 2.7 2.6 2.6 2.6 2.5 2.5
3 3 3.1 3.2 3.1 2.9 2.9 2.9 2.9 2.9 2.9 2.8 2.7 2.6 2.6 2.7 2.8 2.8 2.9 2.9 2.9 3 3.1 3.2 3.3 3.4 3.7 3.6 3.5 3.5 3.4 3.3 3.2 3.2 3 2.9 2.8 2.9 2.9 2.9 2.9 2.9 2.9 2.9 2.9 2.8 2.9 2.9 2.4 2.4 2.4 2.4 2.4 2.7 2.9 3.1 3.3 3.5 3.6 3.6 3.6 3.4 3.2 3 2.8 2.7 2.7 2.8 2.9 3 3 3.1 3.2 3.2 3.3 3.3 3.3 3.2 3.7 3.5 3.3 3.2 3 2.8 4 3.1 2.8 2.8 2.8 2.7 2.7 2.7 2.6 2.6
3 2.9 3 3.1 3.1 3 3 2.9 2.8 2.7 2.6 2.5 2.4 2.3 2.3 2.5 2.7 2.8 2.8 2.8 2.8 2.9 3 3.1 3.2 3.3 3.5 3.7 3.6 3.5 3.4 3.3 3.2 3.2 3 2.8 2.9 2.8 2.8 2.8 2.8 2.8 2.9 2.9 2.9 2.8 2.8 2.9 2.3 2.4 2.4 2.4 2.5 2.7 2.9 3.2 3.4 3.6 3.7 3.7 3.6 3.4 3.2 3 2.8 2.7 2.8 2.9 2.9 3 3.1 3.1 3.2 3.2 3.2 3.2 3.2 3.2 3.5 3.4 3.3 3.1 2.9 2.7 4.1 3.5 2.9 2.9 2.9 2.8 2.8 2.7 2.7 2.7
2.6 2.7 2.7 2.7 3.1 3.1 2.9 2.8 2.7 2.6 2.4 2.3 2.2 2.1 2.1 2.3 2.5 2.7 2.7 2.7 2.8 2.8 2.9 3 3.1 3.2 3.4 3.5 3.6 3.5 3.4 3.3 3.3 3.1 2.9 2.7 2.8 2.6 2.7 2.7 2.7 2.8 2.8 2.8 2.8 2.7 2.7 2.8 2.4 2.4 2.4 2.4 2.6 2.8 3 3.2 3.4 3.6 3.8 3.7 3.6 3.4 3.2 3 2.7 2.7 2.8 2.9 3 3 3.1 3.1 3.1 3.1 3.1 3.1 3.1 3.1 3.1 3.3 3.2 3 2.8 4 4 3.9 3 3 2.9 2.9 2.9 2.8 2.8 2.8
2.5 2.4 2.3 2.2 2.7 3 2.9 2.8 2.7 2.6 2.4 2.3 2.2 2.1 2.1 2.3 2.5 2.7 2.7 2.7 2.7 2.7 2.8 2.9 3 3.1 3.3 3.4 3.7 3.6 3.5 3.3 3.2 3 2.9 2.7 2.8 2.7 2.6 2.6 2.7 2.7 2.7 2.8 2.7 2.6 2.5 2.7 2.7 2.4 2.4 2.4 2.6 2.8 3 3.3 3.5 3.7 3.9 3.8 3.6 3.4 3.2 2.9 2.7 2.8 2.9 2.9 3 3.1 3.1 3.1 3.1 3.1 3.1 3.1 3 3 3 3.2 3.1 2.9 2.7 3.9 3.9 3.8 3.5 3.1 3 3 2.9 2.9 2.9 2.9
2.7 2.6 2.4 2.3 2.4 2.9 2.9 2.8 2.7 2.5 2.4 2.3 2.3 2.2 2.1 2.3 2.5 2.6 2.6 2.6 2.6 2.6 2.7 2.8 2.9 3 3.2 3.2 3.5 3.7 3.6 3.4 3.2 3 2.8 2.6 2.8 2.8 2.5 2.6 2.6 2.6 2.7 2.6 2.6 2.5 2.3 2.3 2.7 2.3 2.4 2.5 2.7 2.9 3.1 3.3 3.5 3.7 3.9 3.8 3.6 3.4 3.1 2.9 2.8 2.8 2.9 3 3 3 3 3 3 3 3 3 3 3 3 3.1 3 2.8 4.1 3.9 3.8 3.7 3.7 3.1 3.1 3.1 3 3 3 2.9
2.8 2.7 2.5 2.4 2.5 2.8 2.8 2.8 2.7 2.5 2.5 2.5 2.4 2.2 2.2 2.3 2.5 2.6 2.7 2.6 2.6 2.6 2.6 2.7 2.8 2.9 3.1 3.1 3.3 3.7 3.6 3.2 3 3.2 2.8 2.5 2.7 2.7 2.6 2.5 2.5 2.6 2.6 2.5 2.4 2.3 2.1 2.1 2.5 2.3 2.3 2.5 2.7 2.9 3.2 3.4 3.6 3.7 3.9 3.8 3.6 3.3 3.1 2.9 2.8 2.9 2.9 3 3 3 2.9 2.9 2.9 2.9 2.9 2.9 2.9 2.9 2.9 2.8 2.9 2.8 4.1 4 3.9 3.7 3.6 3.5 3.2 3.1 3.1 3.1 3.1 3
2.9 2.8 2.7 2.5 2.6 2.6 2.8 2.7 2.7 2.7 2.6 2.6 2.5 2.3 2.3 2.3 2.4 2.6 2.7 2.6 2.5 2.5 2.5 2.6 2.9 4.2 3.8 3.7 3.6 3.7 4.1 3.3 3 3.2 3 3 2.9 3 3 2.9 2.8 2.6 2.8 2.8 3 3 3 2.3 2.5 2.6 2.3 2.6 2.8 2.7 2.8 3.3 3.9 3.8 3.8 3.7 3.5 3.3 3.1 2.9 2.8 2.9 2.9 2.9 2.9 2.9 2.9 2.9 2.9 2.9 2.9 2.8 2.8 2.8 2.8 2.8 2.8 3 4.1 3.9 3.8 3.7 3.6 3.4 3.3 3.2 3.2 3.2 3.2 3.1
2.9 2.9 2.8 2.7 2.7 2.6 2.5 2.6 2.8 2.8 2.8 2.7 2.5 2.3 2.3 2.4 2.4 2.5 2.7 2.6 2.5 3.8 3.5 3.3 3.3 3.3 3.2 3.3 3.9 3.7 3.8 2.9 2.8 2.7 2.8 2.8 2.8 2.4 2.5 2.1 2 2.1 2.8 2.9 2.9 2.9 2.8 3 3.2 3.1 3 2.4 2.3 2.9 3.6 3.6 3.6 3.6 3.8 3.7 3.4 3.2 3 2.8 2.8 2.8 2.8 2.8 2.8 2.8 2.8 2.8 2.8 2.8 2.8 2.8 2.8 2.8 2.8 2.7 2.7 3.8 3.6 3.5 3.4 3.3 3.2 3.3 3.3 3 3 3 3 3
2.6 2.8 2.9 2.8 2.8 2.3 2.2 2.3 2.5 2.7 2.9 2.7 2.6 2.4 2.4 2.4 2.5 3.8 3.5 3.3 3 2.7 3.4 3.6 3.5 3.7 2.9 2.5 2.7 2.8 2.9 3 2.6 2.7 2.8 2.8 2.9 2.8 6.2 4.7 3.9 4 4.3 5.1 6 6.3 5.9 6.6 7.2 4.9 3.4 3.2 2.9 3.7 3.4 3.5 3.6 3.7 3.8 3.5 3.3 3.2 3 2.8 2.8 2.8 2.8 2.8 2.8 2.7 2.7 2.7 2.7 2.7 2.7 2.7 2.7 2.7 2.7 2.7 3.5 3.3 3 3.1 3.3 3.4 3.4 3.4 3.3 3 2.8 2.6 2.5 2.5
2.4 2.6 2.8 3 2.5 2 1.9 2.1 2.3 2.5 2.9 2.9 2.6 2.5 2.5 2.5 2.5 3.8 3.9 3.6 3.7 6.1 4.4 4.1 3.7 4.2 3.5 2.5 2.8 2.9 3 2.8 2.5 2.6 2.8 2.9 2.9 6.2 10.3 9.7 9.2 9.6 9.8 10.2 11.5 11.9 11.4 11.9 12.2 12.7 12.1 10.1 3 3 3.2 3.4 3.6 3.9 3.7 3.4 3.2 3.2 3 2.9 2.8 2.8 2.8 2.7 2.7 2.7 2.7 2.7 2.7 2.7 2.7 2.6 2.6 2.6 2.6 2.6 4 3.2 3.4 3.4 3.4 3.4 3.4 3.4 3.2 3 2.8 2.6 2.4 2.1
2.4 2.6 2.9 2.9 2.2 1.7 1.7 1.8 2.2 2.7 2.8 2.8 2.5 2.6 3.1 7.7 8.3 10 7.3 3.8 11.2 12.8 9.2 6.1 3.9 4.5 4.5 2.9 2.8 2.9 2.9 3 2.9 2.6 2.8 2.9 3.2 10.1 13.4 13.6 14.3 14.1 14.7 15.4 15.9 16.1 16.3 14.9 15 15.2 15.1 14.7 9.6 2.6 3.1 3.3 3.6 3.9 3.6 3.2 3.2 3.2 3.2 2.9 2.8 2.8 2.8 2.7 2.7 2.7 2.7 2.7 2.7 2.6 2.6 2.6 2.6 2.6 2.6 4.1 3.7 3.5 3.5 3.5 3.5 3.5 3.4 3.4 3.2 3 2.8 2.6 2.3 2.2
2.9 2.9 3.1 2.8 2.2 1.9 1.9 1.9 2.4 2.9 2.7 2.7 2.5 3 10 13 14.6 15.6 15.5 15.7 15.8 16.3 15.8 13.9 10.5 8.8 6.2 3.6 2.8 2.8 2.9 2.7 3 2.7 2.9 3.3 7.6 14 16.8 17.6 17.4 18.3 18.8 18.2 19.3 19.3 19.8 18.7 18.8 18.2 17.4 17 13.2 5.6 2.8 3.1 3.4 3.5 3.4 3.3 3.3 3.3 3.3 3 2.8 2.8 2.8 2.7 2.7 2.7 2.7 2.7 2.7 2.6 2.6 2.6 2.6 2.6 2.6 4.2 3.7 3.5 3.5 3.5 3.5 3.5 3.5 3.4 3.2 3 2.8 2.5 2.4 2.3
3.4 3.1 3.3 2.8 2.2 2.3 2.5 2.6 2.9 4.1 5.4 8.4 10.2 11.6 13.2 15.1 16.5 17.6 17.3 17.4 17.7 18.1 17.7 17 16.2 12.2 6.8 3.7 3.5 2.9 3 3.1 2.9 4.2 3.4 6.2 12.5 17 19.6 20.6 21.8 23.4 23.7 21.9 23.3 25.1 24 22.2 21.4 20.5 19.5 17.1 11.3 4.9 2.2 2.9 3.1 3.2 3.2 3.2 3.4 3.5 3.4 3 2.8 2.8 2.8 2.7 2.7 2.7 2.7 2.7 2.7 2.6 2.6 2.6 2.6 2.6 4.6 3.9 3.8 3.6 3.6 3.5 3.5 3.5 3.5 3.4 3.2 3 2.7 2.5 2.5 2.5
3.5 3.3 3.5 3 2.9 3.2 3.5 3.9 5.2 7.2 8.6 10.3 12.1 13.6 15.5 17 17.9 19.4 18.9 19.1 19.4 19.8 19.7 19.1 17.7 13.9 9.6 3.5 3.2 3.3 3.4 3.5 3.5 4 6.1 11.6 16.5 19.6 21.9 23.9 25.2 26.8 27.3 27.1 26.3 26.8 26.2 24.5 22.5 21.5 19.9 17.2 12.4 4.8 2.1 2.8 3 3 3.1 3.1 3.2 2.7 3.3 3.1 2.7 2.8 2.8 2.7 2.7 2.7 2.7 2.7 2.7 2.6 2.6 2.6 2.6 2.6 4.3 3.9 3.8 3.7 3.6 3.6 3.6 3.6 3.5 3.4 3.2 2.9 2.7 2.7 2.6 2.6
3.7 4 4.3 4.1 4.3 4.7 4.8 5.5 7.2 9 10.5 12.1 13.9 15.8 17.4 18.3 19.1 20.8 20.5 20.8 21.1 21.6 21.6 20.9 19.1 16.1 11.7 6.9 4.6 6.9 10.5 10.2 7.9 7.2 10 16 19.6 22.3 24.6 26.8 28.8 29.5 29.9 30.4 29.1 29.1 28.3 26.8 24.6 22.5 19.8 13.9 7.9 2.6 2.7 2.8 2.9 2.9 3.1 3.1 3.5 3.4 3.2 2.4 2.5 2.8 2.8 2.7 2.7 2.7 2.7 2.7 2.7 2.6 2.6 2.6 2.6 4.5 4 3.9 3.9 3.8 3.6 3.6 3.6 3.6 3.6 3.4 3.1 2.9 2.8 2.8 2.7 2.7
4 4.6 5.3 5.3 5.7 6.1 6.8 7.9 9.6 11 12.5 13.8 15.2 17 18.2 19 20 21.2 21.6 22.2 22.5 22.7 22.7 22.1 21.5 18.4 13.3 9.1 8 13.4 17.4 14.8 13 12.2 13.5 19.3 22.8 25.3 27.7 30 32.2 32.3 32.4 32.1 31.8 31.2 29.4 27.6 25.5 22.7 19.9 12.4 4.6 2.7 2.7 2.7 2.8 2.8 3.1 3.3 3.6 3.8 3.5 3.2 3 2.4 2.9 2.9 2.9 2.9 3 3 2.9 2.8 2.7 2.7 2.8 4.3 3.7 3.8 3.8 3.8 3.7 3.6 3.6 3.6 3.6 3.4 3.1 3 2.9 2.9 2.8 2.8
4.2 5 5.8 6.5 6.6 7.9 9.2 10.3 11.6 12.8 14.3 15.4 16.4 17.7 18.9 20 21.1 22.1 22.9 22.9 23.5 23.7 23.6 23.3 22.6 20.7 16.3 13.4 13.2 18.8 20.7 19.4 18.1 18.4 20.8 23.3 25.8 28.3 30.8 33.1 34.2 34.6 34.5 34.1 33.1 31.6 29.9 28.1 25.6 22.8 20 12.5 4.4 2.7 2.8 2.8 2.8 3.9 3.1 3.3 3.5 3.8 3.5 3.3 3.2 3.1 3.4 3.2 3.1 3 2.9 2.9 2.9 2.8 2.8 2.7 3 3.7 3.5 3.7 3.8 3.9 3.8 3.7 3.7 3.6 3.6 3.3 3.1 3.1 3 3 2.9 2.9
4.4 5.1 6 6.7 8 9.9 11.4 12.2 13.1 14.3 15.3 16.2 17.3 18.2 19.1 20.3 21.5 22.7 23.6 23.7 24.3 24.7 24.5 24.2 23.8 23.1 21.2 21 21.1 22.7 23.2 23.2 23.2 23.2 25.4 27.7 29.8 31.9 34 35.3 36 36.8 35.9 34.8 33.4 31.9 29.8 27.5 24.8 22.3 17.9 8 3.3 2.8 2.9 2.9 7.6 12.3 6.7 3.2 3.4 3.8 3.5 3.4 3.6 3.7 2 3 2.9 2.9 2.8 2.8 2.7 2.6 2.6 2.9 4.2 3.4 3.4 3.6 3.7 3.7 3.8 3.7 3.7 3.7 3.5 3.3 3.2 3.2 3.1 3.1 3.1 3
4.5 5.3 6.3 7.4 9.2 10.9 12.2 13.2 14.2 14.7 15.6 16.3 17 18.3 19.4 20.6 21.8 23 23.9 24.5 25.2 25.6 25.3 25.3 25.3 25 24.6 24.4 25 25.6 25.9 26.5 27 27.3 29 30.9 32.9 34.8 36.6 37.1 37.5 36.7 36.2 35.1 33.3 30.7 28.5 26.8 21.9 17.6 13.4 7 3.2 2.9 4.1 8.7 14 15 9.4 3.9 3.4 3.9 3.6 3.8 3.8 3.8 3.8 2 2.7 2.7 2.7 2.6 2.5 2.5 2.8 3 3.7 3.4 3.4 3.4 3.6 3.6 3.8 3.8 3.7 3.7 3.5 3.4 3.3 3.3 3.3 3.2 3.2 3
4.5 5.7 7.2 8.6 9.7 11 11.8 12.7 13.6 14.8 15.2 15.6 16.2 17.6 18.9 20.3 21.7 23.1 24.2 24.8 25.4 26 26.4 26.4 26.6 26.9 26.8 26.9 27.6 28.6 29 29.3 30.2 30.9 31.1 33.5 35.4 37.2 38.4 38.5 37.7 36.6 35.8 34.9 31.9 29.5 26.8 23.1 17.4 12.7 10 5.2 3.8 4.4 8.7 13.8 17.6 16.3 13.5 7.5 3.2 3.9 3.9 3.8 3.7 3.6 3.5 2.1 3.2 2.6 2.4 2.4 2.4 2.6 2.8 4.1 3.4 3.4 3.4 3.4 3.4 3.6 3.7 3.8 3.8 3.7 3.5 3.5 3.5 3.4 3.3 3.3 3.1 3
4.3 6.2 7.5 8.8 9.6 9.5 10.8 12 13.1 14 14.4 14.9 15.4 16.6 17.9 19.2 20.5 21.9 23 24 24.6 25.2 25.8 26.8 27.8 28.2 28.9 29.4 30.2 31.1 32 32.6 33.6 34 34.7 36.2 38.2 39.1 39.6 38.9 37.9 36.6 35.1 33.9 30.6 27.9 25 18 13.6 9.7 8.6 5.5 4.9 7.5 14.7 19.2 20 18.1 15.9 12.3 6.8 3.4 3.5 3.4 3.3 3.2 3.2 2.9 2.4 3.3 2.9 2.5 2.4 2.6 2.8 3.6 3.4 3.4 3.4 3.5 3.5 3.5 3.6 3.7 3.8 3.7 3.7 3.6 3.5 3.6 3.4 3.3 3.1 3
4.4 5.9 7.1 8.7 8.3 8.2 8.9 10.1 11.3 12.4 12.4 12.8 14.5 15.7 17 18.3 19.6 20.8 21.7 22.6 23.6 24.4 25.1 26.3 27.6 28.1 29 30.3 31.1 32.5 34 34.9 35.7 36.7 37.6 38.2 39.1 39.5 38.8 38.1 37.2 36.1 34 31.6 28.7 25.1 20.8 16 11.1 8.1 8.9 7.6 13.6 18.2 20.9 23.6 23.7 21.8 19.6 16.2 12.4 5.8 3.1 3 3 3 3 3.1 4.3 3.1 3.2 2.9 2.5 2.4 4.1 3.5 3.5 3.5 3.5 3.5 3.5 3.5 3.5 3.6 3.7 3.8 3.7 3.7 3.7 3.6 3.4 3.2 3.1 2.9
3.4 4.8 5.8 7.5 7.1 6.9 7.2 8.2 9.4 10.1 10 11.3 13.6 14.9 16.2 17.5 18.8 19.9 20.9 21.7 22.6 23.5 24.6 25.9 27.2 28.1 29.1 30.4 31.1 32.8 34.5 35.3 36.6 37.7 38.5 39.1 39.3 38.7 37.9 37.1 36.1 34.2 31.2 29.1 26.1 22.6 17.5 13.5 10.3 10.9 12.2 15.9 21.2 24.7 26.7 28.1 27.5 25.6 23.1 20.3 17.2 10.9 2.9 2.9 2.9 2.9 2.9 3 3.5 3.4 3.6 3.2 2.8 2.9 3.7 3.5 3.5 3.5 3.5 3.5 3.4 3.4 3.5 3.6 3.7 3.9 3.9 3.8 3.7 3.5 3.4 3.2 3 2.9
3.5 4.1 4.7 5 5.2 5.6 5.9 6.3 7.3 7.6 7.9 10.4 12.7 14.1 15.4 16.6 17.4 18.6 19.7 20.9 22 22.9 23.5 25 26.5 28.1 29.2 30.2 31.2 33 35 35.9 36.7 37.9 38.6 39.2 38.4 37.8 37 36 34.5 31.3 28.1 24.8 20.7 18.5 14.7 12.6 14.9 16.2 19.7 23.9 27.2 29.2 30.7 31.9 31 28.5 25.6 22.6 20 16.8 5.3 2.9 2.9 2.9 2.9 3 3 3.6 2.7 3.2 2.4 4 3.5 3.5 3.5 3.4 3.4 3.4 3.3 3.4 3.5 3.6 3.7 3.8 3.9 3.8 3.7 3.5 3.3 3.2 3 2.8
3.2 3.4 3.5 3.2 2.7 3.3 3.8 4.7 5.3 5.5 6.9 9.5 10.9 12.7 14.3 15.2 16 17.2 18.4 19.6 20.8 21.3 22.5 24.4 26 27.1 28.8 30.3 31.5 32.7 35.1 36.4 37.2 37.8 38.6 38.6 37.9 37 35.4 34.5 31.5 28.3 24 19.6 15 13.9 14.7 16.9 19.1 21.7 25.7 29.4 31.4 33.1 34.2 34.5 32.7 31 27.9 25 22.2 19.9 10.6 2.9 2.9 2.9 2.9 3 3 3.5 3.7 2.3 4.1 3.9 3.4 3.4 3.4 3.4 3.3 3.3 3.3 3.4 3.5 3.6 3.7 3.8 3.8 3.8 3.6 3.5 3.3 3.1 3 2.8
3.2 3.2 3 2.9 2.8 2.8 3.1 3.2 4 4.6 5.1 6.5 8.4 9.8 12.7 14.1 13.7 15.3 17 18.2 17.9 19.7 22.4 24 25.1 26.2 28.1 30 31.4 32.6 34.9 36.3 37.2 37.8 38.3 38.1 37.3 36.2 34.2 32 28.7 23.9 18.7 18.7 14.7 15.4 19.1 21.6 24.7 27.7 30.9 33.5 35.1 36.3 37.4 36 34.2 32.5 29.6 26.1 23.3 21.5 15.3 2.9 2.9 2.9 2.9 2.9 2.9 3.3 3.5 3.4 2.2 3.7 3.3 3.3 3.3 3.3 3.2 3.2 3.3 3.4 3.5 3.6 3.6 3.6 3.6 3.6 3.6 3.4 3.2 3.1 2.9 2.8
3.4 3.1 2.3 2.8 2.8 2.8 3.1 4.1 5.2 5.9 5.5 5.3 6.4 8.1 10.6 10.8 11.3 12.6 14.4 14.7 17 19.5 20.9 22.6 24.1 25.4 27.4 29.4 31 32.8 34.6 36.2 36.9 37.7 37.9 37.8 36.5 35 32.8 30.7 24.2 22.1 24.6 23.7 18.3 19.9 23.4 26.9 30.6 32.5 34.7 36.8 38 39 38.5 37.2 35.1 32.9 30 26.6 23.7 21.8 17.6 4.6 2.8 2.8 2.8 2.8 2.9 2.9 2.7 2.4 3.1 3.6 3.2 3.2 3.2 3.1 3.1 3.2 3.3 3.4 3.5 3.5 3.5 3.5 3.5 3.5 3.5 3.3 3.2 3 2.9 2.7
3.6 3 2.6 2.9 3 3.4 4.2 5.2 6.1 8 7.5 6.2 6.3 6.7 7.9 9.4 9.1 10.4 12 12.6 14.8 16.9 18.2 20.3 22.2 24.3 26.4 28.2 30 31.8 33.9 36 36.8 37.4 37.5 37.4 35.5 33.9 31.6 29.4 29.4 30.4 31.4 27.9 19.2 24.9 27.9 30.5 32.6 35 37.6 39.7 40.4 40.5 39.6 37.9 35.6 33.2 30.5 27.2 24.3 22 15.6 6.1 3.6 2.6 2.6 2.7 2.8 2.9 2.8 2.5 3.1 3.8 3 3.2 3.1 3 3.1 3.2 3.4 3.4 3.4 3.4 3.4 3.3 3.3 3.3 3.3 3.3 3.1 2.9 2.8 2.6
3.8 3.4 3 3.4 4.2 5.2 4.6 5.6 7.7 9.5 9.6 8.9 8.2 7.9 8.3 9.3 9.3 10.5 13.5 16.7 16.7 16.4 17.7 21.1 23.2 23.2 26 27.4 29 31.5 33.9 35.4 36.8 37 37.2 36.9 35 33.1 30.7 30.7 32.3 32.4 30.9 27.1 24.8 28.6 31.1 33.4 35.4 37.4 40 41.7 41.9 42 40.5 38.5 36.3 33.8 31 28 24.9 19.3 12.2 8.5 6.9 5.6 2.5 2.6 2.7 2.7 2.7 2.5 2.9 3.7 3.2 3 2.9 3 3.1 3.3 3.2 3.2 3.2 3.2 3.2 3.2 3.2 3.2 3.2 3.1 3 2.9 2.7 2.5
5 4.4 2.4 4.3 5.4 5.9 6.8 6.2 7.7 10 11.3 11.8 11.3 10.7 10.8 9.9 9.4 10.9 14.3 17.9 19.9 21 18.7 21.6 24.9 26.8 27.8 29.2 30.6 32.8 34.6 36 36.8 37.2 37 36.7 35 33.3 31.3 32.6 33.9 33.4 31.9 28.2 30.6 32.5 34.6 35.9 37.9 39.8 42.2 43 43.5 43.1 41.1 39 37 32.6 27.3 25.3 20.7 14.1 10.8 12.5 14.5 15 9.1 2.4 2.5 2.5 2.5 2.5 2.8 3.6 3.1 2.9 2.9 3.1 3.1 3.1 3.1 3.1 3.1 3.1 3.1 3 3 3 3 3 2.9 2.8 2.6 2.5
4.2 3.4 4.7 6.5 7 7.2 7.4 8.5 9.5 10.6 11.8 12.9 13 12.8 12.8 11.7 10.8 11.6 15.5 19.1 20.4 21.9 22.7 20.5 25.2 28 29.5 30.9 32.3 33.8 35.1 36.3 37.3 37.6 37.2 36.8 35.7 34.2 32.7 34.1 35.3 34.4 33 32.5 32.9 34.4 36.8 38.7 40.4 42.2 43.6 44.3 45 43.4 41.3 39.2 35.9 29.6 24 19.9 15.5 14.2 15.8 18.2 21.3 23.6 17 2.3 2.3 2.4 2.4 2.7 2.8 3.5 3.1 3 3 3 3 3 2.9 2.9 2.9 2.9 2.9 2.9 2.9 2.9 2.9 2.8 2.8 2.7 2.6 2.4
4.2 3.2 5.7 7.7 7.8 8.7 9.2 9.5 10.3 11.4 12.4 13.5 14.3 15.1 15 14 12.9 11.6 15.4 19.5 21.1 22.6 24.3 25.2 23.5 27.1 30.6 32.3 34 35.1 36.1 37.3 37.9 38.5 38 37.5 36.5 35.1 34.2 35.4 36.1 35.9 34.7 34.7 34.8 36.6 39.7 41.3 42.9 44 44.9 45.9 45.6 44.1 41.5 38.4 34.2 30 23.4 20 17.9 19.6 22.1 24.3 26 25.7 18.7 3.3 2.4 2.6 2.8 3.1 2.6 3.3 3.2 3.1 3 2.9 2.9 2.9 2.8 2.8 2.8 2.8 2.8 2.7 2.7 2.7 2.7 2.7 2.7 2.6 2.5 2.4
4.8 3.3 6.1 7.6 8.2 8.7 10 10.6 11.1 11.9 13.1 14.1 15 15.8 16.5 16.2 14.9 13.6 14.5 18.4 21.8 23.3 25.9 27.1 27.8 26.1 31.1 33.5 35.6 36.8 37.8 39.1 40.7 39.6 38.8 38.3 37.5 36.4 35.4 36.5 37 37.4 37.4 37.9 38.4 39.4 41.9 43.1 44.4 45.1 46 46.6 46 44.5 42.6 38.7 34.6 31.9 27.8 26.1 21.9 26.4 28.2 29 29.2 28.6 16.1 2.2 2.5 2.7 2.9 3.2 2.3 3.3 3.2 3.1 3 3 2.9 2.9 2.8 2.8 2.8 2.7 2.7 2.7 2.6 2.6 2.6 2.5 2.5 2.5 2.4 2.5
4.9 3.2 4.6 6.5 7 7.7 9.2 10.5 11.6 12.1 13.4 14.7 15.7 16.4 17.2 17.9 16.6 15.3 14 17.3 20.8 24 27.1 30 31.5 30.1 30.1 34.4 36.9 38.3 39.7 40.7 41.7 40.5 39.6 39 38.2 37.3 36.6 38 38.4 39.2 39.8 40.9 42 42.6 43.8 44.6 45.5 46.3 46.7 47 46.3 45.1 43.1 39.2 36 36.8 33.4 31.6 29.4 31.6 31.9 32.5 31.8 28.1 10 2.3 2.5 2.7 2.9 3.1 2.1 3.3 3.2 3.1 3 3 2.9 2.8 2.8 2.8 2.7 2.7 2.7 2.6 2.6 2.6 2.5 2.5 2.5 2.4 2.4 2.5
6.3 6.8 5.6 6.1 7.2 9 9.5 9.9 10.7 12.5 13.7 15.2 16.5 17.2 18 18.7 18.4 17.1 15.9 16.7 20.2 23.9 27.5 31.2 33.9 33.8 31.1 32.4 35 36.2 38.5 39 39.4 40.3 40.4 39.8 39.4 38.9 37.7 39.2 39.7 40.7 41.5 42.1 43.2 44.3 45.3 46.1 46.7 47.3 47.6 47.6 46.6 45.7 43.5 41.5 39.9 38.4 38 36.5 35.2 35.1 34.9 35.2 32.7 27.5 10.5 2.3 2.5 2.7 3 3.2 2.1 3.3 3.2 3.1 3 3 2.9 2.9 2.8 2.7 2.7 2.7 2.7 2.6 2.6 2.6 2.5 2.5 2.4 2.4 2.7 2.4
8.4 6.3 8.2 8.8 10 11.1 11.6 12.1 12.3 13.4 14.6 16 17.3 18.2 19 19.5 20.1 19.1 17.9 16.4 19.9 23.6 27.2 31 33.4 34 34.1 34.8 34.9 35.9 37.1 39.7 40.1 40.4 40.9 40.5 40.7 40 39.4 40.4 41.6 42.5 43.4 43.8 44.2 45.7 46.7 47.4 47.9 48.3 48.5 47.8 46.9 46 44.9 43 42.3 42.2 41.8 40.2 38.2 37.3 37.1 36.3 32.9 21.5 6 2.4 2.6 2.8 3.1 3.3 2.1 3.3 3.2 3.1 3.1 3 2.9 2.9 2.8 2.7 2.7 2.6 2.6 2.6 2.6 2.5 2.5 2.5 2.4 2.4 2.8 3.1
6.3 10.1 11.7 13 14.2 13.8 14 14.5 13.9 14.4 15.4 16.6 18 19.2 19.9 20.8 21.4 20.8 19.7 18.3 17.9 22.5 26.9 30.2 31.9 33.1 34.4 35.1 36.7 37.6 39.5 40.2 40.7 40.8 41 41.3 42 41.1 41.1 42 43.6 45.3 46.5 46.3 46.1 46.6 47.8 48 48.3 48.4 48.4 48 47.2 46.4 45.4 44.7 44.8 44.9 44 42.8 41 39.8 39 36.8 32.8 14.7 3.5 2.7 2.9 3.1 3.2 3.4 2.1 3.3 3.2 3.1 3.1 3 2.9 2.9 2.8 2.7 2.7 2.6 2.6 2.6 2.6 2.5 2.5 2.4 2.4 2.4 2.7 3.3
9.9 13.4 16.1 16.8 16.4 14.9 15 15 14.4 15.7 17.1 18 19.3 20.4 21.6 22.4 22.6 22.5 22.2 21.2 18.6 20.6 25.8 29.4 31.6 32 33.6 35.2 36.2 36.6 39.6 40.4 41.4 41.7 41.9 42.2 42.9 43.2 42.9 43.6 45 46.5 48.3 48.5 48.5 48.4 48 47.8 48 48 47.9 47.3 46.6 45.9 46 46 45.6 45.4 44.5 43.8 42.9 42 40.5 36.6 31.8 11.7 3 2.9 3 3.2 3.3 3.5 2.1 3.3 3.2 3.1 3.1 3 2.9 2.9 2.8 2.8 2.7 2.6 2.6 2.5 2.4 2.5 2.5 2.4 2.4 2.4 2.7 3.4
11.3 15.8 18.9 18.8 17.7 17.3 17.4 17.5 17.8 18.6 19.6 20.8 21.1 22 23.7 25.3 25.3 24.8 25 24.2 21.9 19.1 23.3 27.4 29.2 30.6 32 34.4 35.4 37.8 40.6 42.5 42.7 43 43 43 43.7 44.3 44.7 44.6 46.1 47.7 49.2 49.9 49.4 48.9 48.5 48.1 47.6 47.6 47.4 46.9 46.1 46.3 46.4 46.4 45.8 45.8 45.2 44.7 43.6 42.9 41.7 37.1 31.7 8.7 3.2 2.6 2.7 3.1 3.2 3.5 2.1 3.3 3.2 3.1 3.1 3 3 2.9 2.8 2.8 2.7 2.6 2.6 2.5 2.5 2.4 2.4 2.4 2.4 2.3 2.6 3.6
10.3 14.1 17.9 19.3 18.5 18.1 19.2 20.9 21.1 21.9 22.7 24.9 25.3 25.6 26.8 28.7 27.6 27.2 27.5 27.8 25.7 23.6 21.9 23.4 26.1 28.7 31.9 34.8 36.5 38.8 41.5 42.8 44 43.9 43.8 43.8 44.4 45.4 45.7 45.4 47.4 49 50.5 50 49.7 49.1 48.3 47.5 47.2 47.2 47.2 46.5 46 46.2 46.6 46.7 46.1 46 45.8 45.4 44.3 43.1 40.9 37.4 31.8 12.7 4.2 3.6 3 2.9 3.3 3.7 2.5 3.3 3.2 3.2 3.1 3.1 3 3 2.9 2.8 2.7 2.7 2.6 2.5 2.5 2.4 2.3 2.3 2.4 2.3 2.5 3.4
