data/TQ95.asc
ncols 200
nrows 200
xllcorner 590000
yllcorner 150000
cellsize 50
[rows 35 to 69 of 200, columns 80 to 159 of 200]
84.2 85 85.3 85.5 85.5 85.1 84.7 84.3 84.2 84.8 84.9 84.9 85.3 85.3 85.3 85.3 85.6 86 85 84.7 83.9 83.3 82.7 82.1 81.9 82.6 82.8 82.5 82.4 82.7 84.1 84.2 83.8 82.4 81.6 80.5 78.7 76.2 72.5 67 58.1 51.4 45.7 44 44.3 46.2 48.6 50.5 51 51.9 51.8 53.4 57 62.4 67.9 71.7 73.7 74.3 74.3 73.6 71.4 67.8 62.8 63.1 64.7 70.4 74.2 76.1 77.2 78 78.8 79.1 79.9 81.1 81.1 80.9 80.9 81.6 79.8 78.6
85.4 85.8 86.1 86.3 86.3 85.9 85.5 85.1 84.9 84.6 85.3 85.6 85.8 85.9 85.9 85.8 85.5 85.8 85.8 85.1 84.3 83.6 82.9 82.4 83.7 83.9 83.6 83.3 83.2 83.5 84.4 84.6 84.1 82.4 80.4 79.1 77.4 73.7 68 58.6 52.3 45.6 44.1 45.6 50.7 50.9 52.8 54.8 54.8 55.8 55.8 56 59.5 66 70.6 73.9 75.5 76 75.7 74 71.6 68.7 63.9 64.4 68.6 71.8 74.5 76.2 77.2 77.9 78.4 78.9 81 81 81 81 81 81 79.8 78.6
86.7 86.9 87.1 87.2 87.1 86.7 86.3 86 85.8 85.8 86 86.3 86.5 86.6 86.7 86.3 86 85.7 85.6 84.2 84.6 83.9 83.2 82.6 84.6 84.5 84.3 84 84 84.1 84 84.7 83.7 81.5 79.6 77 73.8 69.2 61.2 52.5 49 44 45.5 50.5 54.4 55.9 57.6 60.2 61.2 62.9 63.7 61.5 62.3 68.3 73.1 75.1 75.4 75.8 76 74.1 71.6 69.4 65.6 65.9 71.4 73.6 75.4 76.9 77.9 78.7 79.4 79.6 81 81.3 81.2 81.2 81 80.5 79.6 78.9
88.1 88 88.2 88 87.9 87.5 87.2 87 86.8 86.5 86.8 87.1 87.2 87.3 87.1 86.8 86.5 86.2 85.7 85.6 85 85 84.2 84.7 84.7 84.3 84.1 83.9 83.6 83.4 83.2 84.1 82.7 80.3 76.8 73.2 69.4 62.8 55.2 50.1 47.5 45.9 48.7 52.6 59.1 61.5 63.4 64.2 66.2 67.8 68.9 65.7 64.7 70.7 74.8 75.2 75.5 75.9 75.7 74 71.7 70.1 69.2 69 72.4 74.6 76.1 78 78.8 79.6 80.2 80.6 80.9 81.6 81.5 81.3 80.8 80.4 79.8 79.1
89.5 89.4 89.3 88.9 88.7 88.4 88.4 87.9 87.7 87.3 87.5 87.8 87.9 87.9 87.6 87.3 87.1 86.9 86.3 86.5 86.2 86.3 86.1 85.2 84.8 84.3 83.8 83.4 83 82.5 82.3 82.2 80.9 77 72.6 68.8 64.8 58.3 51.9 49.6 48.1 49.3 50.8 53.4 60.4 64.7 67.4 68.3 70.7 71.6 70.7 68.8 69.7 73.8 75.9 76.8 76.6 75.9 75 74.4 72.4 69.8 69.1 69.6 73.1 75.7 77.8 79.3 79.9 80.4 80.8 81.2 81.5 81.6 81.7 81.2 80.6 80.4 79.3 79.3
90.2 90.2 90.7 90.3 89.6 89.6 89.6 88.9 88.6 88.1 88.3 88.5 88.7 88.4 88.2 88 87.9 87.6 87.4 86.9 87 87 86.6 86 84.9 84.6 84.3 84 83.6 82.5 81.5 80.5 78.6 74.2 69.5 65 59.8 53.8 49.8 48.4 49.3 53 53.5 53.8 60 65.1 69.4 71.3 73.6 75.4 74.2 71 72.6 75.9 77.4 78.4 78.8 77.9 76.1 74.9 73.1 70.3 69.1 71.7 74.9 77.3 79.5 80.9 80.5 81.1 81.5 81.9 82.2 82.4 81.9 81.1 80.6 80.6 79 79.1
90.8 90.1 91 91 90.8 90.5 90.8 89.8 89.4 88.9 89 89.2 89.2 89.1 88.9 88.8 88.6 88.4 87.7 87 87.4 86.7 86.1 85.3 85 84 83.7 83.6 83.3 81.9 80.9 79.2 76.3 71.2 66.3 60.9 55.2 50.7 49.8 49.8 54 57.4 53.9 53.9 60 65.1 70.6 73.7 74.9 76.4 75.7 74.1 74.9 77.8 79.6 80.5 80.6 80.1 78.1 75.8 74.6 71.1 70.8 73.9 76.2 78.6 80.6 80.6 80.7 81.4 82.1 82.7 83 83.4 83.3 81.8 80.9 79.8 79.2 77.9
91 90 90.8 90.5 90.4 90.4 90.2 90 90.2 90.6 90.9 89.9 89.6 89.4 89.3 89.2 89.1 88.3 87.5 86.8 86.4 85.6 84.2 83.1 83 82.4 81.7 80.9 80.3 79.1 78 75.4 72.4 68 62.6 54.8 51 49.3 51.6 53.7 61.2 60.6 54.6 54.6 60.9 66.5 72.7 76.2 77.5 78.4 77.9 75.8 75.6 79.1 80.8 81 81 80.3 79.3 76.6 74.1 72.6 73 74.8 77.4 79.3 80.9 80.5 81 81.5 82.2 83 84.4 85.1 84.7 82.8 81.3 80.3 78.3 77.1
91.3 89.7 90.4 90.5 90.8 90.7 90.8 91.1 91.2 91.2 91.4 91 89.6 89.4 89.2 89 88 86.9 86.3 85 84.5 83 81.5 79.7 80 76.8 76.2 75.7 72.7 72.4 71.3 68.5 65.9 62.4 57.7 52.9 50.4 51.2 54.8 64.3 66.2 63.2 55.9 55.9 61.5 68.2 74.2 77.7 80 80.9 80.4 79 78 80.3 80.6 81 80.7 79.9 79.4 76.9 74.4 73.7 73.8 74.8 77.5 80.2 80.3 81.1 81.6 81.9 82.4 83.6 85.1 85.4 83.9 81.7 80.1 79.5 77.5 76
90.9 90.5 90.9 91.8 91.6 91.7 91.9 92.1 92 91.9 91.8 91.2 89.3 89 88.7 88.1 86.4 85.6 83.6 81.9 80 79.3 76.9 74.8 71.9 68.7 65.9 63.8 61.4 61.7 60.9 60.6 58.5 55.9 53.2 53 52.3 54.3 63.3 68.6 68.7 64.7 57.9 57.9 62.2 69.5 76 79.9 81.2 81.5 80.7 80.1 79.6 80.3 80.4 80.7 80.7 80.5 80 77.5 75.2 74 74.2 76.1 78.1 80 80.8 81.4 81.9 82.3 83 84 84.7 84.3 83.1 80.8 79.4 78.2 76.5 74.8
92.8 92.8 92.9 93 92.7 92.7 92.9 92.9 92.8 92.7 91.7 91.2 89.5 88.9 88.3 86.5 84.7 82.1 80.2 77.7 75.3 72.8 70 66.3 62.3 59.7 56.8 54.1 53.2 54 53.7 52.9 53 53.3 53.2 52.9 54.3 63 69.7 71.8 70.8 65.5 58.8 58.6 63 70.2 77.6 81.3 82.1 81.6 80.9 81 81 80.9 80.7 80.6 80.5 80.4 80.4 78.3 76.3 75.3 75.8 77.6 79.5 80.2 80.7 81.3 81.8 82.4 82.8 82.9 83.3 83.5 83 80.7 80.1 78.3 76.5 74.6
95.1 94.5 94.1 94.2 93.9 93.7 93.8 93.8 93.5 92.7 91.7 91 89.2 88 86.2 84.5 81.3 78.2 75.4 71.6 67.6 63.8 60.6 58.4 56 54.6 54 54.3 54 52.8 52.6 52.3 53.7 53.6 54.4 56.7 63.3 70.5 74.1 74.2 72.3 66.5 59.3 58.9 63.5 71 78.3 81.6 83 82.6 82.3 81.9 81.8 81.7 81.6 81.5 81.3 80.6 79.9 78.4 78.2 77.2 77.6 78.8 80.2 80.7 81.2 81.7 82.2 82.7 82.7 82.8 82.8 82.9 82.4 81.4 79.9 78.1 76.2 74.2
95.1 94.2 94.2 95.5 95.1 94.4 94.7 94.3 93.6 92.6 91.5 89.8 88.1 86 83.4 80.3 77.5 73.1 64.8 63.4 59.3 58.3 56.8 56 54.6 54.5 54.5 55.1 55 53.3 53.3 55.4 57 57.8 60 65.8 72.4 76.2 77.1 76.1 74.2 68 61.2 59 63.7 71.3 78.8 82.4 83.6 83.4 83 82.6 82.8 82.6 82.5 82.4 82.2 81.3 80.4 78.9 79 79.1 79.5 80.5 81.2 81.8 81.7 82.2 82.7 82.8 82.6 82.8 83 83 82 80.9 78.9 76.5 75 73.5
95 94.7 95 94.6 96 96 95.3 94.5 93.4 92.1 90.3 88.1 86.5 83.2 79.4 75.5 69.4 62.5 58.6 58.4 58.7 58.2 58.1 56.3 57.1 59 59.5 57.6 54.5 55 56 60.5 62.6 64.8 68.4 74.4 77.6 79 79.4 78.4 76.2 68.8 62.6 61 64.2 71.8 79.4 83.2 83.9 84.1 83.6 83.4 83.6 83.6 83.5 83.4 82.9 82 81.1 80.8 80.7 80.7 80.9 82.1 82.8 83 82.2 82.7 82.9 82.9 82.7 82.7 83 83 81.4 80.4 78 75.7 73.8 72.4
92.3 91.9 92 92.5 93.3 94 94 93.4 92.6 91 88.4 85.5 83.1 79.7 74.7 68.5 62.6 59.6 58.7 59 59.7 61.3 61 62.2 63.6 64.4 61.1 59.3 57.4 60.8 64 65.9 69.6 72.1 76 78.1 80.1 81.7 81.9 80.6 77.3 71.2 64 63.1 66.4 73.4 79.7 83.4 84.2 84.8 84.3 84.3 84.5 84.6 84.4 84.5 83.6 82.6 82 82.2 82.3 82.5 82.6 83.2 83.6 84 83.4 83.1 83 83 82.8 82.7 82.9 82.8 80.9 79.6 77.4 75.1 73 70.6
86.4 86.7 87 88.4 89.6 90.7 91 90.7 90.6 88.5 85.9 82.3 78.7 74.8 68.3 62.7 59.3 59 60 61.5 62.5 66.6 69.6 70 68.1 66.1 59.7 58.8 60.1 65.7 69.1 72 74.5 77.3 79.2 81.2 82.8 84.1 83.8 82 78.5 73.2 64.4 63.6 66.1 73.8 80.2 83.4 85.3 85.6 85.5 84.9 85 85.7 86 85.4 84.1 83.3 83.4 83.6 83.7 83.7 83.6 84.1 84.6 84.6 84.6 84.7 83.1 83 82.9 82.5 82.5 82.4 80.2 78.6 76 73.8 72.1 68.5
78.1 78.7 79.4 80.5 82.9 84.1 85 85.7 85.5 84.3 81.2 77.8 73.2 68 64.3 59.7 59 60.9 63.2 67.8 71.8 73.9 74.2 72.7 70.1 65.1 59 59.7 64.2 68.6 72.8 75.7 77.9 79.5 82.4 83.5 83.9 84.3 84.4 82.5 78.9 72.2 64.5 63.7 66.9 73.7 80.5 84.3 86 85.8 85.6 85.4 85.6 85.6 85.3 85.5 84 84.2 84.3 84.6 84.8 85.1 84.5 85.1 85.2 85.1 84.8 84.4 84.1 83.5 82.7 81.9 81.6 81.5 79.2 76.6 73.9 72.2 70.9 67.1
71.2 71.5 71.6 72.7 74.2 75.7 76.9 78.5 78.8 78.8 76.1 72.1 66.9 63.5 60.9 60.2 61.3 66.8 73.5 76.9 77.2 76.2 75.2 71.8 68.8 62.9 60.9 64.6 68.6 72.5 75.5 78.4 80.3 81.6 83 84.1 84.3 84.5 84.2 82.1 78.1 70.6 63.8 63.7 66.6 73.9 79.7 84.2 85.9 85.7 85.5 86 86.2 86.3 86 85.8 85.3 85 85.4 85.8 86 85.9 86 85.8 85.7 85.6 85 84.2 84 83.6 82.5 81 80.5 80.4 77.4 73.6 70.2 68.8 67.5 64.7
68.7 68.6 67.2 65.9 66.6 67.2 67.9 68.9 70.1 71 69.4 65.7 63.7 61.8 61.1 63.9 70 76.7 79.2 81 79.9 77.4 75 70.1 65.6 64 63.8 68.7 72.7 75.7 78.6 80.7 81.9 83 84.2 85.3 84.9 83.8 82.4 80.2 76.2 69.3 63.9 66.7 69.6 71.5 76.9 82.8 86 85.7 86.1 86.6 86.8 87 86.7 86.4 85.8 85.3 83.5 84.9 85.5 86.1 86.1 86 85.8 85.5 84.5 84.3 84.4 83.9 81.9 80.1 77.3 74.5 72.8 68.4 64.2 61.7 60.1 58.6
69 68.7 66.4 65 65.8 64.2 63.6 63.4 63.7 63.1 62.2 63.2 63.5 64 66.1 73.1 78.3 81.8 82.7 82.4 81 78.5 75.2 69.8 63.8 63 66.1 72.5 75.8 77.6 79.6 81.8 84 84.4 85.8 86 85.8 82.9 78.9 75.6 70.5 68.2 68.8 73.3 77.1 77.6 76.8 80.6 85.2 85.9 86.8 87.2 87.4 87.6 87.4 86.9 86.3 85.7 85 84.8 85.7 86.3 86.2 86.1 85.3 84.5 84.6 84.6 84.5 83.7 82 79.6 75.7 69.9 66 61.9 57 52.3 49.2 44.7
72.6 70.7 68.2 66.1 66.2 64.4 63.9 63.3 63.1 64.2 63.1 63.8 65.4 70.3 76.4 79.8 83.1 84.6 84 82.8 81.5 78.8 75.4 67.8 63.4 63.9 70.6 75.5 78.7 79.9 80.9 83.2 85.6 86 86.1 86 85.8 81 75.5 70.8 68.6 68.7 70.5 77.8 81.3 82.2 81.3 80.7 84 85.5 87.1 87.6 88 88.2 88 87.4 86.8 86.2 85.8 86.2 86.5 86.7 86.1 86.1 86 84.4 84.2 83.2 82.3 81.5 79.6 76.5 72.5 66.6 58.4 54 49.1 43.9 43.5 42.5
77.1 72.4 69.4 68.9 69.4 68.6 66 64 65.5 66.6 67 68.6 73 77.8 82.2 84.4 86.1 85.8 84.3 83.2 81.5 79.2 72.9 66.1 63.5 66.5 73.8 78.4 81 81.6 82.8 84.7 86.1 86.6 86.7 86.2 82.8 77.1 72 71.9 71.3 69.2 71.5 79.6 82.8 84.7 85.3 84.6 84 85.7 87.2 87.6 88 88.7 88.7 88 87.4 86.8 86.8 87 87.3 87.5 87 86.4 85.6 84.6 82.5 80.4 79.2 77 74.8 71.9 66.8 60 52.2 47.1 44.3 43.7 43.9 43.9
76.7 73.4 71.7 73.9 74 71.4 68.8 69.6 71.6 72.5 73.6 75.8 78.9 84.8 87.1 86.6 86.6 85.6 84.5 83.3 81.4 78.5 71.9 66.2 63.9 70.7 75.6 81.3 82.6 83.4 84.4 85.9 86.5 86.7 86.7 85.5 80.1 74 74.2 77.1 74.6 72.5 74.6 81.1 84.5 85.9 85.8 85.3 85.1 86.2 87.3 88 88.7 89.4 89.3 88.9 88.3 87.8 88 87.9 88.1 88.3 87.8 87.2 85.7 85 82.7 80 74.4 71.1 67.6 64.3 59.7 51.1 46.9 46 45.4 46.4 45.6 44.1
74.3 73.8 75.5 76.9 76.1 71.1 69.2 75 78 78.9 80.2 82.5 84.3 87.5 87.3 87.3 86.5 85.9 85.1 82.7 80.4 77.5 71.4 67.6 67.6 76 80.6 83.8 85.6 85.4 84.3 86 86 86.1 86.2 82.9 77.7 74 78 80.3 77.7 72.9 76.9 81.6 85.7 86.3 86 86 86.5 87.3 88.2 88.8 89.4 90.1 89.8 89.6 89.2 88.8 89.1 89.2 89.1 89.1 88.7 87.4 85.9 85.3 83.3 80.2 71.9 63.8 59.4 55.6 49.6 48 48.2 48.6 50.7 50.2 46.2 43.9
73.7 77.4 79 79.3 75.5 70.5 73.6 80.7 84 85.2 85.8 86.8 88.6 88.6 88.7 88.3 87.4 86.6 85.7 82.8 80.3 76.1 69.6 68.4 71.3 80.8 84.8 86.2 87 86.5 85.8 85.8 86 85.8 85.2 79.4 78.6 78.9 82.4 81.8 77.5 74 79.1 83.7 86.6 87.1 87.2 87.2 87.3 88.1 89.5 90.2 90.7 91 89.7 89.3 89.4 89.8 90.1 90.4 90.4 89.9 89.4 88.7 87.3 86 82.7 78.4 70.7 60.7 55 50.2 49.1 49.1 51.7 57.2 55.2 51.1 46.7 43.9
77.9 81.8 81.7 80.6 75.4 73.1 76.7 82.9 86.8 88.7 90.2 90.6 91 90.8 91 89.7 88.4 87.5 86.2 82.8 79.4 75 68.7 68.6 76.9 85.5 87.1 87.9 88.1 87.6 86.7 85.7 85.7 85.9 81.7 78.9 79.9 83.8 85.7 84.5 78.5 77.2 80.6 85.2 87.4 87.7 88.1 88.4 88.4 89 90.6 90.6 90.8 91 89.4 88.9 91 91 91 91 90.7 90.3 89.6 88.9 87.5 84.7 79.9 75.8 67 57.7 53.4 49.7 53.3 56.6 60.1 59.2 56.2 51.4 46.6 43.7
83.2 85.2 84.4 80.1 74.8 74.1 78.4 85.1 90.5 91.2 91.5 91.9 92.1 91.8 91.4 91 89.2 87.1 84.7 80.5 77.2 72.9 68.7 72.1 82.4 87.3 88.3 89.4 89.1 89.1 88.2 86.9 85.5 85.4 78.9 79.5 84 85.4 85.5 86 78.9 78.9 83.6 86.3 87.9 88.2 88.6 88.9 89.5 89.6 90.5 90.5 90.5 90.4 90.4 90.9 91 91 91 91 89.6 89.6 89 87.8 86.2 82.7 77.4 70.5 61.6 54.2 52.8 54 60.1 62.6 61.2 59.3 55.1 48.8 45.5 44
86 86.4 84.9 79.3 75.6 76 82.1 88.3 91.9 92.7 93 93 92.6 92.3 91.8 91.1 89 86.4 83.3 79.7 73.8 69.5 69.3 77.5 85.6 89 90.4 90.2 90.2 90.2 89.8 88.1 86.5 83.5 80 83.8 86.3 86.8 85.8 86 81.9 82.9 87 88.9 90.1 90.3 90.3 90.3 90.4 90.5 90.5 91 91 90.8 90.5 90.6 91 91 91 91 89.7 88.7 87.2 84.8 82.9 78.7 73.3 65.6 58.1 53.4 53.9 59.9 65.1 65.9 62 56.9 50.3 46 44.6 43.6
88.2 87.7 85.1 79.5 78.4 80.3 86.3 91.4 93.3 94.5 94.5 93.6 93.2 92.9 92.2 90.9 89 87.3 85.5 80.9 72.4 69 73.3 82.4 88 91.5 91.7 90.9 90.9 90.9 91 89.1 84.9 84.2 84.5 87.2 88.4 88.4 86.9 84.7 84 85.3 89.1 90.6 91 91.1 91.1 91.1 91.2 91.4 91.4 91.4 91.4 91.2 90.9 90.6 90.9 91 91 91 89.6 87.8 86.1 83.1 78.1 73.6 68.3 61.6 54.2 53 57.9 64.2 66.5 66 60 53.8 48.6 47.2 45.7 44.3
90.9 88.5 83.6 78.4 78.6 83.6 89.8 93.4 94.9 95.3 96.2 94.5 94.1 93.7 92.9 91.9 90.5 88.7 86.8 80.1 72.9 72.7 80.5 87.2 91.3 93.3 93 92.1 91.5 91.5 90.9 89.9 84 84.1 87 90.3 90.9 90.1 87.3 84.5 84.5 88.5 90.5 91.1 91.5 91.9 91.9 92 92.2 92.2 92.3 92.2 92 91.6 91.3 91 90.8 90.9 91 90 88.5 86.6 84 79.9 74.8 70.2 62.6 56.4 53.9 57.3 64.1 68.5 68.9 64.2 57.5 53.4 53.3 52.1 47 44.1
91 88.1 81.5 78.9 80.6 88.4 93.7 95.9 96 96.3 96.4 95.5 95 94.7 93.7 92.8 92 90.3 86.3 77.8 73.3 76.4 85.3 90.4 93.3 95.2 94.2 93.4 92.8 91.5 91.1 90.4 84 86.4 89.3 90.4 90.6 91 88.6 84.6 86.7 90.2 91.3 91.5 92 92.5 92.7 92.8 93.1 93.1 93 92.9 92.8 92.5 92.1 91.6 91.2 90.9 90.3 88.4 86.4 83.4 79.7 75.6 69.6 62.6 58 54.8 57.5 63.3 68.1 71 69.7 61 57.8 55.4 57.5 55.1 50.8 46.3
90.9 86.5 80.1 79.8 87.2 92.2 95.6 96.3 95.9 97 97.6 96.8 95.9 94.8 94.7 93.9 92.8 90.7 84.7 75.2 72.9 81.7 88.4 92.8 95.5 95.8 95.8 94.3 93.7 91.3 90.3 88 84.5 88.9 90.1 90.1 90.4 90.8 89.7 87.9 89 91 92 92.6 92.5 93 93.5 93.7 94 93.8 93.6 93.6 93.5 93.2 93 92.5 92.1 91.6 90.4 87.7 85.4 80.7 73.5 69.3 63 58.4 58.1 58.3 63 68.6 70.5 71.2 66.7 59.6 59 59.6 60.4 56.9 51.3 48.8
90.7 85.7 82.3 83.6 91.8 95 97.1 96.9 96.1 97.8 98.7 97.8 97 96 95.8 94.3 92.6 88.8 81.2 73.3 75.3 85.2 91 95.1 95.9 95.8 95.5 95.7 94.5 92.1 89.7 87.5 88.2 90.2 91.3 91.2 90.9 90 90 89 90.7 92.1 93.1 93.6 93.4 93.5 94.7 95.1 94.6 94.4 94.3 94.4 94.2 94 93.7 93.5 93 92.2 91 88.6 85.1 78.6 69.9 62.3 58.5 58.3 58.8 64.9 69.5 73.1 74.3 70.4 61.3 59.4 60.8 63.2 62.8 59.9 51.8 48.8
90.2 84.7 84.4 87.2 94.6 97.4 98.1 98.3 98.5 99.1 99.7 99.7 98.1 97 95.8 94 91 86.8 78 74 80.4 89.1 93.4 96.5 96.7 97.1 96 95.6 96.1 91.9 88.9 89.8 90.9 92 92.8 92.7 91.6 90.4 89.7 88.9 91.8 93.2 94.7 94.9 94 93.8 94.6 94.9 95.2 95.5 94.6 95.6 96.1 95.4 95.1 94.6 93.8 92.7 91 88.7 84.6 75 65.7 59.2 58.1 58.7 65.7 70.7 74.1 75.8 74.2 66.5 59 60.1 64.4 65.3 64.5 60.7 53.5 49.4
89.1 84.1 84.4 91.7 95.2 97.3 99.1 100.7 101.2 102.2 102.1 100.4 99.1 97.5 95 93.2 89.8 84 75.7 78.2 86.7 92.8 96.3 97.7 98.2 98.1 96.6 95.3 95.7 91 90.1 91.3 92.8 94.2 95.2 94.4 92.6 90.8 89.5 89.6 92.6 94.4 95.5 94.8 94.5 94.8 95.2 95.7 96.1 96.1 95.7 95.8 95.7 95.8 96.1 95.6 94.2 92.4 89.9 86.3 79 71.1 61.5 59.2 58.7 66 71.4 74.3 76.8 76.8 71.7 64 62.1 65.1 67.6 68.7 65.5 61.4 55.2 50.2
