data/TR04.asc
ncols 200
nrows 200
xllcorner 600000
yllcorner 140000
cellsize 50
[rows 0 to 36 of 200, columns 0 to 84 of 200]
168.3 167.3 166.5 165.2 163.7 162.8 161.8 160.8 160.6 160.4 160.7 161 161.3 161.5 162.6 163.7 163.7 163.6 163.4 161.3 159.4 157.4 155.9 155 152.5 149.2 149.6 151.4 152.4 152.4 153 154.3 155.9 157.4 159 160.9 164.9 166.2 169.3 172.1 173.7 174.8 175 175.3 176 176.7 177.5 178.5 178 176.7 175.2 172.9 170.6 168 165.1 162.2 160.3 160.3 162.3 163.6 164.5 165.7 167.4 168.9 168.5 168.1 168.3 168.3 167.5 165.3 164.4 164.5 165 165.5 166 166.1 165.5 164.6 163.4 161.9 160.5 158.5 156.8 155 153.9
169 168 167.5 166.2 163.9 162.8 162.1 161.3 160.6 159.3 159.5 160.3 160.5 161.1 162.5 164 164.5 165.1 164.8 162.1 159.3 158.3 156.7 155.5 153.6 149.9 145.1 145.8 145.4 144.5 144.7 144.9 146.1 149.4 152 154.8 154.9 162.8 167.5 170 172.6 174.3 174.6 175 176.3 177.4 178.4 179.4 179.4 178.1 176.8 175.2 172.9 169.2 166 163.3 161.9 162.4 164.2 165.1 166.6 168.1 169.4 170 170.1 169.8 170.1 170.6 169.5 167.1 167.2 167.4 167.3 167 167 166.9 165.8 165.8 164.7 162.4 160.7 159.3 156.6 154.5 151.5
169.6 168.8 168.6 167.4 164.7 163.3 162.2 161 159.3 157.5 157.3 158.2 159.8 161.2 162.6 164.1 164.8 165.5 165.4 163.5 161.1 159.2 158.8 157.7 155.3 152.2 147.6 144.6 141 138.3 135.6 135.4 137.1 139.8 143.5 146.4 151.7 159.2 165 168 170.5 172.2 173.3 175.1 175.8 177.1 178.5 180 181 180.1 179 177.6 174.8 171.3 167.6 164.5 163.8 164.3 165.3 166.2 167.7 169.4 169.7 170.4 171.3 171.5 171.7 171.6 170.1 170.5 170 169.6 169.2 168.6 168.2 166.6 165.5 165.1 164.5 162.3 160.4 159.8 157.4 155.6 154.1
170.3 169.6 169.6 168.1 165.4 164.5 163.3 161.8 160.3 158.5 156.3 156.6 159.1 161.7 162.9 164.2 164.6 165.3 165.9 164.3 162.5 160.5 161 159.4 157.6 156.1 154.2 152.7 147.9 142.2 136.7 131.2 129.6 128.8 133.6 137.1 148.7 156.2 161.9 165.2 168.1 169.9 171.5 173.2 174.7 176.1 177.4 178.7 180.4 181.2 181 179.1 176.5 173.4 169.7 166.2 165.3 165.4 166.2 167.1 167.7 168.5 169.3 170.1 171.8 172.7 172.9 171.8 170.5 171.3 171 170.9 170.3 168.9 166.9 165.9 164.8 164.4 164 162.2 160.2 159.9 159.8 157.9 156.6
171.6 170.8 170.7 169.4 166.4 165.3 164.4 163.2 162 160.7 158 153.3 157.9 161.7 162.9 163.6 164.2 164.2 163.5 163 162.8 162.2 161.2 160.6 159.4 158.3 157.5 156 154.8 149.2 143.4 136 129.6 124.2 125.1 134.9 145.3 151.3 156.1 160.3 163.1 165.4 166.8 169.7 172.6 174.6 175.9 177.4 179.1 180.8 181.3 179.9 177.4 174.4 171.4 168.3 167 166.4 167 167 166.9 167.7 168.8 169.9 171.8 172.2 172.3 172.4 171.7 171.5 171 170.2 168.8 167.6 166.4 165.2 164 162.8 161.7 160.7 160.3 159.8 159.4 158.4 157.1
172.9 172.1 172.2 170.8 168.4 166.5 165.4 164.3 162.8 160.9 157.5 152.3 155.5 160 160.8 161.9 162.5 162.2 161.4 161.9 161.9 161.4 160.8 160.2 159.3 158.5 158.2 158 156.7 153.4 148.1 140.7 133 124.5 121.3 131 139 144.6 150.1 154.9 158.2 160.8 163.2 165.1 168.6 172.6 174.4 176.4 178.5 180.5 181.5 180.1 178.3 175.2 172.3 169.5 168.4 167.3 166.8 167.2 167.2 167.7 168.8 169.9 171 171.9 172.2 172.2 171.8 171.4 170.6 169.8 168.7 167.6 166.3 164.8 163.6 162.6 161.8 161.2 161 160.4 159.5 158.6 156.6
174.1 173.4 173.2 171.3 169.2 167.7 166.6 165.4 163.7 161.4 157.6 152.1 149.7 154.1 155.3 156.5 158.8 158.1 157.6 157.8 157.1 156.9 157 156.7 156.2 156.2 156.7 157.2 156.2 154.6 151 143.2 134.3 123.8 118.6 126.3 132.2 138.3 141.2 148.1 151.8 154.8 155.5 158.8 164.1 170.6 173.9 176.2 178.4 180.1 181 180.2 178.6 176.3 173.5 170.7 169 168 166.6 165.5 165.6 167.1 168.3 169.5 170.7 171.8 172.4 172.4 171.6 170.1 168.7 168.5 167.6 166.6 165.5 164.1 163.3 162.9 162.6 162.4 161.5 160.8 159.6 158.4 155.4
174.5 174.9 174 172.2 170.1 168.9 167.8 166.4 164.7 162.9 159.5 155.5 145.9 147.1 149 150.1 150.6 152.6 152.6 152.9 151.7 152.6 152.7 152.4 152.2 151.5 152.5 154.2 153.7 152.2 149.4 142.8 135.1 123.9 116 119.8 124.4 129 137.1 142.6 144.4 144.6 146.1 152.4 162.7 170.7 173.1 175.5 177.8 179.5 180.1 179.7 178.1 175.9 173.7 171.2 168.2 164.8 163.2 162.1 163.3 164.9 166 168.5 169.9 171.7 172.7 172.6 172.1 169 167 166.4 165.6 165 164.4 163.3 162.9 162.5 162.3 162.2 161.4 160.1 157 153.6 150.1
174.4 174.2 173.9 172.6 170.8 169.7 168.5 167.4 166 164.3 162.6 158.5 153.1 145.2 139.7 139.8 139.7 142.5 144 144.9 146.9 148.2 147.6 147.1 145.9 145.5 145.5 147.2 147.8 147.9 146.3 141.3 133.8 123.3 115.2 114.8 119.5 125.5 132.1 135.4 136.4 136.3 140 151.2 161.7 169.9 172.4 174.7 176.7 178.6 179.2 178.9 177.7 175.5 173.3 171.1 166.4 161.6 156.9 159.1 161.7 161.8 162.2 164.2 167.4 171.2 173.2 172.8 171.9 169.3 166.6 163.9 162 161.7 162.4 162.6 162.3 161.7 160.5 159.3 157.8 153.7 150.6 147.5 142.4
174 173.4 173.4 172.8 170.8 170.3 169.3 168.3 167.3 165.9 164.3 162.1 157.7 153.6 146.1 137.6 133.5 134.2 135.4 136.4 139.9 142.3 141.7 138.4 136.7 135.9 136.8 138.1 140.1 140.7 142.3 137.7 131.6 123.8 114.8 111.5 115.1 120.9 124.9 127.2 129.6 131.1 139 151.9 163 169.8 172.1 173.7 175.7 177.2 178.1 177.9 177.1 175 172.6 169.5 163.4 157.6 152.6 154 157.6 155.6 156.3 158.8 162.3 169.7 173.1 173 171.3 170 166.1 164 157.9 155.9 158.2 160.5 160.9 159.8 157.9 155.4 146.2 143.2 142.2 138.7 133.8
172.9 172.7 171.5 170.3 169.9 169.9 168.8 168.2 168.4 166.4 164.7 163.8 162.5 159.1 153.6 145.3 136 130.1 128.3 128.3 131.9 135 132.8 129.5 126.7 125.8 128.4 129.9 131.7 133.1 134.2 134.7 131.1 123.9 113.9 109.1 111.8 115.2 117.9 120 122.8 128.7 141 154.9 164.5 168.7 170.6 172.4 173.8 175 176.5 176.9 176.2 174.1 171.3 167.4 160.7 152.7 147.2 146.4 151.5 149.5 148.7 151.7 158.2 166.6 171.6 171.7 170.4 169 164.7 158.3 150.3 147.2 153.3 154.7 154.8 153.5 154.3 150.6 144.9 133.2 126.9 125.5 118.8
171.7 171.9 169.4 167 166.3 166.9 168.4 168.6 168.3 166.9 165.5 164.8 162.2 160 155.5 151.1 143.2 133.5 130 124 125 126.3 125.1 121.7 119.8 119 120.5 120.8 123 124.2 125.4 128.2 129.5 124.2 114.1 107.8 106.9 109.7 112.6 115.9 124.2 133.8 147 159 165.5 166.9 168.9 170 171.7 173.4 175.6 176 175 172.9 170.1 167.1 161.3 152.6 141.7 137.2 143.1 141.1 139.3 147.1 153.5 161.1 166.9 168.4 167.9 165.3 161.3 153.8 144.8 137 145.9 148.1 146.6 144.8 144 142.4 141.1 136.7 122.2 112.5 108.6
169.9 168 166.3 162.1 160.2 161.5 164.8 165.4 166 165.1 163.9 162.1 158.9 156 152.2 148 145 140.9 135.3 125.7 119.5 118.1 118.7 116.9 113.6 112.9 112 110.2 112.1 113.3 116.7 120.8 124.5 121.5 113.6 106.6 106 107.5 110.8 119.6 129.6 138.9 149.5 157.8 163 164 163.8 164.5 165.7 171.4 173.8 174.6 173.6 171.4 169.2 166.1 160.7 153.8 142.5 131.6 132.6 132.3 133.8 143 149.1 154.1 159.4 161.5 161.8 160.2 156.9 150.4 138.8 129.3 136.6 141 137.9 134.9 133.5 131.9 131 130.8 127.8 117.7 107.3
168.9 167.1 165.8 164.3 162.2 158.3 156.1 158.2 157.9 156 153.3 150.6 147.1 142.6 140.5 137.5 134.3 132.6 129 124.2 118.2 115.4 115.1 114.1 110.7 108.9 107.4 105.4 105.1 107.3 108.2 114.7 120.1 117.6 110.5 105.7 104.8 106.7 110.6 120.7 127.1 135 142.6 149.5 154.3 153.5 150.4 151.3 158.7 166.8 171.2 173.2 172.2 170.2 167.6 164 159.1 152.6 145.3 134.7 124.4 122.3 131.8 140.3 144.3 147.7 150.5 152.7 154.9 153.6 149.9 145.3 136.5 125.3 129.3 134.1 129 124.4 121.9 119.6 118.7 120.5 120.2 118.7 111.8
170.4 169.9 170.4 170 167.8 164.6 157.7 150.1 147.7 144.8 142.6 140.2 138.3 133.9 131.6 128.5 124.9 124.1 121.1 118.7 117.8 116 114.3 113.5 113.7 112.2 112.2 110.9 105.1 104 103.4 108.5 113.5 114.4 108.1 103.5 102.8 104.7 108.9 117.9 124 128.3 133.6 139.9 142.4 141.3 133.3 138.4 150.7 160.6 167.7 169.9 169.6 168.1 165.8 160.9 155.8 148.9 140.8 130.4 120.7 120.7 129.9 137.3 139.4 141 142.4 144.2 146.8 146.8 144.3 137.7 127.9 117.2 123.6 128.5 118.6 111.2 107 104.7 104.5 107 105.7 105.7 102.2
173.1 172.5 171.9 173.1 169.9 167.1 161.1 152.1 149.8 146.8 144.2 141.1 138.6 136.8 134.2 132.2 129 128.4 126.1 123.9 120.8 119.6 117.8 118.5 117.6 116.6 116 115 110 104.4 100.8 100.3 107.8 110.2 105.8 100.8 100.8 101.6 106.7 114.3 119.9 122.1 122.7 127.3 130.2 129.6 122.5 128.1 141.6 153.7 162.8 167.4 167.2 165.8 162.2 157.6 152.2 144.9 135 124.7 116.3 118 127.3 135.1 137.4 136.1 135.7 137.1 137.9 139.6 138.3 128.9 119.4 110.8 118.4 118.9 112.1 101.3 96.3 92.7 92.9 94.3 94.4 94.8 94.4
175.1 174.1 173.1 178.5 171.2 166.1 159.5 158.5 159.6 156.1 152.4 148.4 146.1 143.4 139.6 137 135.8 134.1 132.2 129.3 126.2 123.4 121.7 119.1 116.9 115.6 115.8 114.3 110.9 107 100.6 98.7 100.8 105.9 103.8 99.7 99.3 99.6 104 111.2 114 113.8 113.6 116.4 118.7 118.3 114.9 118.8 132.3 147.9 157.2 164.5 164.7 162.7 158.1 153.5 146.1 138.6 130.7 119.1 111.2 114.1 123.5 130.8 131.7 130.3 128.7 130 131.3 132.6 131.5 125.6 111.5 104.9 109.7 109.5 102.6 95.1 90.4 87.4 86.2 86.7 88.3 86.9 85.9
177.2 175.5 174.3 178.3 170.1 164.4 162.2 164.8 166.6 166.7 163.6 159.9 156.9 152.9 145.2 143.1 142.1 141.4 138.2 134.5 130 125.3 121.3 117.7 114.9 112.8 112.3 110.9 108.2 104.5 100 97.3 96.6 100.6 100.4 98.3 97.4 97.5 102.4 107.3 108.1 106.1 104.6 106.6 109.6 109.5 107.9 111.7 125.1 141 154.8 162 162.1 159.8 154.1 145.2 136.9 131.8 124.6 115 108.9 109.7 119.1 123 123.2 122.6 121.7 122.8 123.9 125.3 126.4 124.1 111 100.5 101.3 101.3 94.3 88.3 85.3 83.2 82.2 83.4 83.9 82.3 79.6
178.8 178.7 175.5 175.5 169.4 167.7 168.8 169.9 170 170.1 170 168.2 165.9 158.5 150.9 152 151.3 149.1 145.3 139.9 133.4 127.9 123.3 119.2 115.4 111.6 109.4 108 103.6 101.9 100.1 97.3 94.7 95.9 98.2 96.7 95.8 95.4 101 104.7 103.5 101.3 99.5 99.1 101.4 101.9 102.3 106.5 120.6 136.4 150.9 159.8 158.6 154.8 147.6 138.1 127.4 121.9 116.9 112.5 105.5 103.5 112.4 113.1 114.4 114.5 114.4 115.2 116.4 118.5 120.6 119.9 111.6 98.9 94.6 97 91.1 85.4 82.3 80.5 79.1 80 80.5 79.1 76.4
180.5 181.2 176.5 175.6 172.7 172.8 173.3 173.4 173.4 173.5 173.3 171.9 168 159.8 162.1 163.7 160.3 155.8 150.3 143.2 136.6 130.2 125.1 119.9 116 111.1 109.7 109.2 107.1 108 106 100.9 96.2 94 93.8 92.5 92.2 93.4 98.3 100.2 99.1 97.6 95.9 94.7 94.1 95.6 99.7 105.3 119.7 137.2 150.2 157.4 157.2 153.3 144.8 133.5 124.4 116.9 111 108.3 103.2 99.9 103.6 103.3 104.4 105.3 106 107 108.2 111.9 116.1 118.1 112.9 99.6 91.5 90 87.8 83.1 79 77.3 76.1 76.5 77.2 76.3 73.8
181.7 181.9 179.3 177.4 176.9 176.9 176.9 176.9 176.3 176.1 174.7 171.6 166.3 166.6 168.5 168.6 165.4 160.3 152.3 144 136.9 131.7 126.7 121.5 116.9 114.1 115.1 116.6 114.6 113.9 111.9 106.5 100.5 95.1 91.7 91 90.2 91.3 94.3 95.1 95.2 93.8 92.5 90.7 90.5 91.1 95.2 104.1 118.8 133.5 147 155.6 158.6 155.7 150.4 140.5 128.8 119.7 113.6 107.9 102.9 97.8 96.1 94.8 96 96.4 98.3 99.6 101.2 105.2 110.5 115.6 113.3 103.2 94.3 86.1 83.2 79.7 77 74.7 73.5 73.6 74.3 73.3 71.9
181.7 181.9 180.6 179.6 179.5 180.2 180.5 179.6 178.6 178.5 176.1 172.3 170.3 171.3 170.9 171 167.9 163.6 156.4 147.1 138.8 132.7 127.9 122.9 119.3 119.2 122.9 125.9 123.3 120.6 117.7 112.8 106.1 99.8 96.4 92.1 89.4 88.5 89.3 90.5 90.1 89.1 87.9 87 86.2 88.1 92.1 98.3 110.4 121.6 135.6 150.4 157 158.8 154.9 147.5 136.8 125.8 117 110.1 104.6 99.4 93.6 91.9 91.3 91.4 92.2 93.4 95.5 100 105.1 111.9 112 106.8 98.8 89.3 85.4 80.8 77.1 74 70.9 69.3 69.9 70.2 69.2
181.6 181.9 181.2 180.6 180.9 181.3 181.6 181.3 181 180.1 177.5 175 174.5 174.1 173.7 171.4 169 165.8 160 149.9 141.7 134.8 130.3 127.1 124 125.4 130.2 132.5 128.8 125.1 120.6 116.1 108.6 106.6 102 96.6 92.3 88.3 87.1 85.9 85.5 85.1 83.5 83.6 82.8 83.6 87.3 92.8 101.6 111.7 122.4 136 144.7 152.8 159.1 154.3 144.4 132.7 122.4 114.3 106.3 100.5 95.5 91.3 86.9 87.8 88.3 89.2 91.7 95.2 100.2 105.5 108.9 105.9 99.9 95 88.5 82.5 78.5 74.1 71 68.8 66.1 66.6 65.3
181.5 181.9 181.2 180.5 181.7 182.1 182.4 182.1 181.7 180.9 179.3 177.4 176.9 176.4 175.5 174.1 172 168.8 163.4 152.5 142.7 138.6 136.2 132.3 132 135.8 137.3 135.6 131.7 127 123.2 118.7 114.1 111.1 108.2 101.8 96.9 92.8 89.4 86.8 87.1 84 83.9 84.7 82.2 80.3 82.3 87.6 95.3 103 112.5 124.1 134.9 142.3 148 152.2 145.3 134.5 124.5 113.6 105.1 99.1 94.2 90.5 86.5 84.6 85.2 86.4 88.6 91.7 96.2 100.4 103.1 101.2 93.7 93.7 89.1 84 78.6 74 70.9 67.5 64.6 63.1 62.2
181.4 181.9 181.2 180.2 181.5 182.1 182.2 182.2 182 181.3 180.2 179 178.6 177.7 176.8 175.5 173.7 171.2 166.8 160.9 155.1 150 144.2 139.2 139.1 141.5 139.5 136.2 132.4 128.6 124.3 120.1 118.2 115.1 110.8 106.4 101.5 98.2 94 92.8 91.3 90.1 87.5 84.8 81.9 80 79 82.9 89.1 96.2 104 114.9 123.4 130.4 136.1 141.5 139.3 132.4 120.9 111.9 103 95.2 92 89.2 85.9 82.4 82.3 83.5 85.4 88.2 91.6 93.4 96.1 93.6 87.2 89.9 87.2 83.4 77.4 73.9 70.5 67.1 63.9 61.6 59.6
181.3 181.9 180.8 179.9 180.9 181.5 181.9 181.6 181.4 181.2 181 180.2 179.3 178.8 178.1 176.8 175.3 172.5 170.4 166.6 164.9 159.7 154.6 150.6 146.8 143 138.5 134.2 129.1 124.4 121.7 119.8 118.8 115.6 111.9 108.5 104.2 99 95.4 93.6 92.1 90.4 88.5 86.4 83.4 80.5 78.3 78.3 84.5 90.9 98.8 106 113.8 120 127.4 135.6 138.1 132 122.6 112.7 103.3 93 89.8 86.7 84.2 81.3 79.5 80.3 81.6 83.4 86.2 87.1 88.3 88.2 85.5 85.9 83.5 80.2 76.4 73.3 70.2 66.8 63.2 60.6 58.1
179 178.4 177.7 178.6 179.3 180.3 180.8 180.9 180.6 180.6 180.7 180.3 179.8 179.4 178.7 177.6 176.3 173.3 170.8 169.2 166.4 164.3 160.7 156.3 150.1 144 138.5 132.4 126 121.7 118.9 116.3 117.2 115.6 112.4 108.6 104.1 100.4 96.9 93.8 92.1 90.4 88.6 86.2 84 80.9 77.9 78.3 80.7 86.6 92.2 98.1 104 111.7 120.6 125.8 123.8 128.8 124.7 119.7 108.4 96.8 87.3 84.2 82 79.9 77.6 77.7 77.7 78.4 80.3 81.4 81.6 81.8 83 83 81.7 79 75.9 72.8 69.7 65.3 62 59.2 56.8
173.9 175.5 173.8 174.6 177 178.4 179.9 180.2 180.4 180.5 180.5 180 179.5 178.8 178.1 176.9 174.9 171.4 169.2 167.3 164.9 162.5 160.8 157.8 151.7 144.4 136.9 130.6 124.7 119.9 116.5 113.4 113.1 114 112.2 108.2 104.9 101.2 97.5 94.4 91.4 89.8 87.5 85 83.1 80.6 77.6 76 78 82.6 88.2 92.2 98.1 105.2 115.1 119.7 121.7 124.4 121.6 119.2 114 102.8 89.5 83.7 81.2 78.9 76.6 75.2 74.4 74.5 76.2 77.2 76.7 77.9 79.8 80.8 78.5 77.2 75.1 72.1 68.9 64.1 61.2 58.1 55.7
166.6 170.1 168.9 169.6 173.9 176 177.7 179.3 179.7 179.7 179.6 179.3 178.9 178.1 177.4 176.2 174.3 172.1 168.7 164.6 159.6 158.1 155.3 151.9 149 142.5 135.1 127.9 122.5 118.2 113.7 110.4 109.5 110.8 110.9 107.3 104.3 100.8 97.7 94.9 92.1 89.1 86.6 84.1 82.1 80.2 77.6 74.8 75.4 79.5 84.8 89.8 97.6 107.9 112.3 115.3 116.6 117.3 117.5 116.8 114 109 102.6 94 86.7 80.5 78.2 74.3 72.7 71.8 72.3 73 73.6 74.1 76.8 77.9 76 74.3 72.7 71 67.3 63.6 60.1 57.1 54.5
156.2 161.3 161.3 164.1 169.1 170.1 173.2 175.9 178.5 178.4 178.2 178.1 178 177.1 176.1 175.1 173.6 172.2 170 164.5 156.6 149.4 145.9 143.9 142.6 137.8 130.9 124.1 119.6 115.4 112.2 108.9 105.2 106.2 106.8 105.5 103 100.8 97.2 94.4 91.4 89 86.7 83.8 81.7 79.7 76.7 73.8 73.3 77.3 83.6 92.4 100.7 107.9 110.1 109 109.7 111 113 112.8 110.9 107.1 103.6 98.4 92.5 86.8 80.7 75.7 73 70.7 69.8 69.4 69.3 71.4 74.4 75.4 74.7 72.8 70.8 68.3 64.9 62.3 59.2 56 53.7
147.7 155.5 153.4 158.3 160.8 161.8 163.8 166 170.6 170.3 171.3 170.9 170 170.7 169.1 169.4 169.7 169.6 168.6 165.9 158.9 149.2 141.5 134.1 133.6 129.7 126 121.2 116.9 113.3 110.5 108.8 105.9 102.7 100.3 100.8 100.8 98.8 96.1 93.1 91.2 89.6 87.7 84.6 82.3 78.9 76 73.2 73.3 76.7 82.6 90.8 98.5 102.5 103.9 103 104.1 106.1 108.9 108.7 106.7 102.9 100.7 97.6 93.7 89.1 83.6 78.9 75.1 71.9 68.6 66.8 65.2 68.7 72.1 73 73.1 69 68.1 65.7 63.2 60.6 57.9 54.9 53.1
143.7 151.2 146.4 148.2 150.8 150.7 152.7 155.1 156.4 157.7 159.4 159.1 158.4 158.9 159.2 159.2 160.3 164.4 165.5 163.4 158.8 151.5 142 131.7 126.2 123.7 122.3 118.3 114.3 110.6 108.4 106.7 105.9 105.7 101.4 95.4 96.2 96.2 93.9 92.9 92 90.3 87.9 85.2 81.8 78.2 75.5 73.4 72.1 74.9 81 86.6 92.5 97.6 98.5 97.3 98.9 102.7 105.3 105 103.4 101.9 100.1 97.6 93.8 89.8 85.5 80.9 75.1 71.7 68.4 66.1 65 65.2 68.9 70.7 71.1 69.2 66.6 64.5 62 59.3 56.6 54 51.6
138.9 147.9 141.8 140.1 141 141.2 142.6 144.1 143.9 143.3 143.4 143.3 142.3 143.3 144.8 144.4 145.9 155.2 158.4 158.6 153.5 148.5 138.6 129.6 123.3 120.4 118.9 116 111.8 108.2 106.4 105.5 105.9 105.8 103.7 98.5 92.6 92.2 92.3 91.8 91.2 89.9 87.4 84.5 81.9 78.5 75.8 73.5 71.1 71.7 78.2 82.7 85.6 88.4 89.7 93.1 97.5 101.5 103.2 102 100.6 98.9 97.5 96.4 94 90.1 85.7 81.1 75.1 71.5 68.5 65.7 63.4 63.1 65.2 67.1 68.3 67.5 65 63.2 60.3 57.5 55.2 52.6 50.3
132.9 143.7 140.6 133.3 132.1 132.2 132.6 131.5 130.7 130.6 131.1 129.1 127.1 127.9 128.3 131 136.1 143.8 146.2 146.7 144.4 141.1 135 126.7 120.7 117.7 115.3 113.1 109.9 106.9 104 104.1 105.7 105.8 103.2 99.2 94.4 87.9 88.2 90.6 89.9 88.3 85.8 83.8 82 79 76 71.9 70 70.7 74.3 78.3 80.5 85 90.3 95.4 100.2 100.1 100 99.1 97.6 95.8 94.2 93.3 91.7 89.3 85.1 81.5 76.4 72.5 68.8 65.3 62.7 61 62.7 64.4 64.8 64.7 58.1 58.5 57.3 55.3 53.3 51 48.5
126.6 135.5 138.4 128.4 124.9 124.4 123.6 121.6 120.7 119.9 120.1 119 117.2 117.6 118.9 121.3 124.3 131.6 133.9 132 133.4 134.4 128.3 122.1 118 115.7 113 110.4 107.8 105.2 102.3 99.5 102.6 103.3 101.6 98.6 95.6 89.2 84.2 86.1 87.5 86.2 84.9 83.1 81 77 75.3 72.2 69.9 69.7 72.5 77.7 85.1 90.4 96.8 99.3 99.6 98.6 96.7 95.8 94.3 92.5 91.3 90.3 89 87.1 83.5 81 77.7 73.9 70.2 66.4 62.3 59.5 60.3 60.1 60.7 60.8 56 54.7 54.3 53.1 51.5 49.3 46
118.2 125.7 127.8 125.5 120.4 120 118.6 116.7 114.9 114.1 113.3 112.6 112.1 112 112 114 117 119.9 121.7 122.2 124.3 126 122.2 118.6 114.9 113.4 111 108.9 105.9 103 101 97.8 95 97.8 98.2 95.8 93.4 88.7 83 80.2 83 82.8 81.7 80.4 79 77.2 73.6 72 69.8 68.6 71.2 78.9 87.6 93 98.2 98.8 98.6 96.2 94.2 92.3 91 89.8 88.6 87.4 86.3 84.6 82.8 80.5 78.4 75.2 71.6 67.8 63.3 59.1 57.3 56.6 56 56.4 56.2 53.7 53 51.5 50 47.9 43
109.6 116.4 118.5 117.7 115.6 116.7 115.5 113.6 111.8 110.2 109.4 108.8 108.3 108.1 107.6 108.7 110.9 112.3 113.8 116.4 121 121.7 118.7 115.5 111.9 110.5 108.9 107.2 106.1 105.6 104.9 101.2 95.6 92.2 92.1 91 87.1 83.8 80.9 79 78.4 77.2 76.5 76 75.9 73.2 72.7 70.4 68.1 66.9 73.1 81.5 89.4 94.4 96.9 98 96.7 94.2 92 90 88.6 87.2 86 84.8 83.8 82.6 81.7 79.6 77.4 75 71.9 69.6 65.1 60 57.4 56.4 55.5 54.2 53.2 52.5 51.3 49.5 48 47.3 46
