data/TR14.asc
ncols 200
nrows 200
xllcorner 610000
yllcorner 140000
cellsize 50
[rows 35 to 69 of 200, columns 0 to 78 of 200]
149.4 149.1 148.7 147.3 145.5 144.2 141.3 140.4 137.8 131.9 128.8 126.8 123.9 120.2 115.1 113.2 111.1 109.9 106.1 103.5 100.2 97.4 95.8 95.1 94.8 100.4 104.5 106 103.2 100.3 97.9 97.2 98.4 96.8 90.4 84.3 79.9 78.9 79.6 81.2 82.2 82.1 87.5 96.3 103.2 115.1 129.2 139.6 141.2 141.9 142.3 142.7 142.5 141.8 141.2 140.8 140.4 141.3 142.2 142 141.8 141.6 141.4 141.3 140 141 143.1 145 145.6 146.3 146.9 147.5 147.4 147.1 146.6 146.1 145.8 146 144.3
148.6 148.5 147.9 146.6 141.6 137.4 134.1 130.2 125.3 122.2 119.2 118.4 115.4 115.1 110.9 107.8 106.9 106.7 102.1 101 99.7 97.7 96 94.4 93.9 93.5 94.8 96 95.7 93.5 91.6 91.1 92.1 92.7 87.1 81.2 79.8 79.7 80.9 80.5 80.1 80 86.7 95.2 103.8 114.6 128.2 137.9 141.3 141.7 142 142.4 142.7 141.8 141.1 140.5 140.7 141.8 142.8 142.6 142.4 142.2 141.9 141.6 141.7 141.9 144 145 146 146.5 147.1 147.7 148.3 147.9 147.4 146.9 146.3 146 143.9
147.8 147.2 144.2 139.7 135.2 129.5 126.2 122.9 118.5 117.2 115.4 113.6 111 109.6 107.8 107.5 104.9 104.2 104.2 104.5 103.1 100.9 98.7 95.8 93.1 91.8 91.4 90.5 90 88.9 87.1 86 85.3 86.8 83.2 81.7 81.1 85.6 82.8 81.2 79.6 80 86.5 94.4 103.6 111.9 126.6 136.9 141.6 141.9 142.2 142.5 142.5 141.6 140.9 140.1 141.2 142.1 143.1 143 142.8 142.5 142.3 142 142.5 142.8 144.8 145 146.4 147 147.5 148.1 148.6 148.7 148.2 147.5 146.7 145.5 142.9
145.4 144.3 137.8 132.7 128 125 121.5 119.1 118.5 116.4 115.6 115.2 113.8 112.1 111 109.8 109.7 109.8 109.3 109.9 107.3 104.5 102.2 100.2 96.7 94.2 92.6 90.4 89.6 88.7 88.5 85.4 83.1 82.8 82.9 82.1 84.3 85.6 84 82 80.1 80.5 85.3 92.3 101.5 108.6 122.4 133.9 143.1 142.7 142.7 142.9 141.5 140.2 139.7 140 141 142.1 143.1 143 143 142.9 142.6 142.4 142.3 143.9 144.8 145 146.4 147.4 148 148.5 149 148.6 148.1 147.3 146.5 145 142
143.5 138.5 133.1 128.8 126.3 124.8 124.9 124.1 123.7 121.1 119.2 119.5 119.7 120.5 117.9 115.2 114.9 115 115.5 114.2 112.4 109.8 107.6 106.2 103.6 100.9 98.5 96.8 94.5 93.1 91.4 88 83.9 83.5 82.9 84.8 87.6 88.9 85 81.7 79.8 80 83.9 89.2 98.7 105.3 116.1 129.4 139 142.1 142.5 142.2 140.5 139 138.5 139.7 140.9 142.3 143 143 143 142.9 142.9 142.7 142.5 144.2 144.8 145 146.3 147.8 148.4 148.9 148.8 147.9 147.2 146.8 146.3 143.9 141.2
140.2 134.2 129 128.9 131 131.8 132.6 131.7 129.6 124.9 124.2 124.9 125.4 127.1 124.2 121.3 121.1 121.7 122 121.1 118.8 116.1 114.9 113 109.8 106.6 103.9 101.3 98.3 96.3 94 89.4 85.8 84.2 84.9 87.9 89.2 90 86.6 83 79.5 79.4 83.1 88.4 95.4 102.4 107.8 120.3 132.7 140.1 141.5 141 140.1 136 139.5 140.5 141.8 142.7 143 143 142.9 142.9 142.9 142.8 142.8 143.7 144.6 145 146.3 147.7 148.8 149.1 148.2 147.2 146.4 145.9 144.7 143.2 141.1
138.2 131.9 130.5 135.4 138.6 139.9 139.9 134.6 129 128.6 129.3 130.3 131.4 133.2 130.9 127.9 130.2 131.2 129.1 127.8 124.8 122.8 119.3 114.9 112.6 108.1 105.7 102.3 97.9 94.7 91.6 88.6 86.5 85.9 87.9 89.6 89.4 90.1 88.1 84.4 80.6 79.5 82.5 86.3 92.8 100.1 104.9 113.5 126.2 132 137 137.3 131.4 138.2 140.4 141.5 143.3 143.3 142.8 142.8 142.8 142.8 142.7 142.8 142.9 143.5 144.6 145.2 146.7 148.2 149 149.2 147.5 146.6 145.6 144.8 143.4 142 140.2
135.4 133.9 136.5 142.9 146.1 144.5 141 134.3 131.7 134.6 136.3 134.6 136.5 138.3 139 138.7 137.8 136.4 133.8 130.4 127 123.9 119 112.9 109.9 106.9 103.7 99.2 94.9 91.5 88.7 87.7 86.1 88.8 90.8 91.7 90.9 90.3 89.5 85.4 82.5 80.8 81.5 85.7 91.3 95.9 101 107.9 118.8 122.3 124.6 125.1 133.8 141.6 142.1 142.5 143.6 143.3 142.9 142.6 142.7 142.9 143.1 143.3 143.4 143.7 144.8 145.8 147.5 148.7 149.1 149.2 147.6 146.4 145.2 143.6 142.1 140.8 139.1
134.8 137.9 140.9 145.8 146.8 146.1 141.5 135.4 136.6 139.7 140.6 139.1 140.6 141.8 141.9 141.2 140.1 137.6 134.4 130.6 126.6 119.6 115.4 110.6 105.9 102.8 98.9 95 92.1 90.4 88.3 87 88.9 91.7 93.9 94.2 93.7 92.8 90.7 85.8 83.7 81.9 80.2 81.8 89.3 93.6 97.8 102.6 109.4 112 120.1 129.1 140.1 143.2 143.3 143.4 143.9 143.7 143.3 143.2 143.5 143.7 143.9 144 143.7 143.8 144.9 146.4 148.3 148.8 149.2 149.1 147.8 146.4 144.9 143.3 141.7 140 138.1
138.9 144.9 146.1 147.1 146.3 145.6 140.1 138.7 142.1 143.7 142.8 142.3 143.3 143.2 142.8 142.8 141.1 137.8 134.6 129.3 123.8 116.5 109.4 106 102.3 98.6 94 91.4 89.4 89.7 89.8 91.2 93.1 95.7 96.7 96.9 96.6 96.4 92.3 87.7 84.5 82.7 80.6 80.6 85.9 90.3 94.2 98.9 105 116.6 128.2 138.3 142.8 143.3 144 144 144.2 144.2 143.8 143.7 144.3 144.5 144.4 144.1 144 144.3 145.3 146.8 148.4 149.3 149.4 149.1 147.6 146.1 144.6 143 141.2 139.3 137.5
142.6 146.7 146.9 147 146.4 144.4 140.6 141.3 146.1 145.9 144.6 144.2 144.4 144 143.7 142.9 140.1 136.7 133.4 128.8 123.6 117.3 109.7 104.3 99.7 94.9 93.7 92.6 91.4 93.5 95.4 97.1 100.3 98.9 99.6 99.9 100.3 98.6 94.7 90.6 86.6 84.1 81.1 80.7 83 87.6 92.3 97.8 104.9 117.8 131 140.1 143.6 145 145.1 144.5 144.4 144.3 144.2 144.3 144.6 144.7 144.5 144.2 144.5 145.1 145.8 146.8 148.3 150.1 150.3 149.1 147.5 145.9 144.3 142.4 140.5 138.7 136.9
146.1 147.9 148.1 147.4 146.2 143.1 142.7 143.9 145.4 146.4 145.2 145.2 145.2 144.8 144.2 143.4 140.4 137.6 134.4 129.1 123.5 116.7 109.8 104.6 99.3 94.2 93.9 93.8 95.6 99.1 102.3 105.9 103.6 101.9 101.9 103 104.3 101.5 98 94.2 90.9 87.4 84 82.4 82.3 86.4 91.4 96.5 102.6 112.2 126 139.6 143.3 146 145.6 144.9 144.6 144.4 144.2 144.1 144.4 144.4 144.2 144.7 145.5 146.1 146.7 147.6 148.6 150.1 150.4 149.1 147.4 146 144.4 142.6 140.9 139.2 137.3
147.6 148.4 148.8 147.6 146.5 145 144.2 145.3 146.2 146.7 146.2 146.2 145.9 145.3 144.7 143.4 140.7 137.7 133.7 127.3 120.6 112.7 107.3 102.6 97.5 94.6 95.3 100.1 106.2 111.1 111.8 109.4 106.9 105.5 104.5 106.6 108.1 105.1 101.2 98.3 94.6 90.5 86.9 84 83.8 85.4 89.5 93.9 99.6 106.9 119.8 136 142 144.7 145.8 145.2 145.6 144.7 144.5 144.2 144.1 144.1 144.5 145.3 146.3 147 147.7 148.4 149.5 150.8 149.8 148.7 147.4 146.2 144.8 143.1 141.4 139.7 137.8
148.8 149.5 149.8 148.7 147.7 146.4 146 146.5 147.6 147.8 147.4 147.1 146.5 145.9 145.3 143 139 135.1 129.7 123 115.4 109.4 104.5 100 97.2 95.8 100 110.8 115.9 118.6 115.9 113 111.1 110.3 109.9 109.8 110.6 110.1 105.1 101.2 97 93.2 89 84.2 84 84 86.1 91.6 97.4 103.4 114.6 129.1 139.8 142.4 144.8 145 146.6 145.3 145.1 145.5 145 144.5 145 146 146.9 147.9 148.6 149.2 150.1 149.7 148.9 147.9 146.6 145.5 144.4 142.4 140.9 139.4 137.9
150.1 151.3 151 149.9 148.8 148.6 148.1 147.8 148.9 148.8 148.4 147.7 147 146.2 144.6 141 135.6 129.8 124.3 117.3 110.6 106.2 102.9 99.7 97.4 96.8 106.6 115.7 121.4 122 118.7 116 115.3 114.1 112.8 112.7 113.2 112 108.1 103.4 98.9 95 90.7 86.2 84.1 83.5 84.2 89.1 94.7 100.7 108.9 122.2 132.7 139.9 143.1 144.6 146.2 145.5 145.4 145.8 145.8 145.2 145.7 146.7 147.6 148.5 149.5 149.6 149.4 148.9 148.1 147.1 146 144.9 143.8 142 140 138.3 136.8
151.3 151.9 151.9 150.9 150 149.7 149.5 149.5 149.5 149.2 148.7 147.8 146.7 145.3 141.1 134.8 129.3 123 116.4 112 107.8 103.6 100.8 98.7 97.8 100.8 109.9 119.3 123.6 122.8 120.2 120.2 119 117.6 116.6 116.4 116.3 113.7 110.3 106 101.1 96.6 92.3 88.1 84.9 83.5 84.1 87.8 92.6 97.9 105 114.9 123.9 138.3 141.7 144.3 145.6 145.5 145.6 145.8 145.5 145.3 146.8 147.7 148.7 149.5 149.8 149.8 149.4 148.1 147.1 146.1 145.2 144.4 143.3 141.6 139.6 137.3 138
152.3 152.4 152.3 151.8 151.2 150.6 150.8 150.4 149.7 149.4 148.7 147.4 146.2 140.3 133.7 125.7 120.2 113.9 109.8 105.9 102.5 99.9 99.5 98.7 98.5 103.3 112.3 123.4 130.2 126.5 124.3 123.8 123 121.4 120.5 120.3 119.8 117.3 113.3 109.3 104.7 98.8 94.4 90.7 86.4 83.7 84.3 86.7 91.4 96.3 104.3 116.5 128.1 137.6 140.8 143.8 145.8 145.8 145.8 145.4 145.3 146 147.6 148.8 149.3 149.8 150.1 149.9 149.1 148 146.5 145.4 144.4 143.5 142.6 140.7 138.2 137.2 138.3
153.3 153.2 152.5 152.1 151.7 151.9 151.9 151.1 150.3 149.3 148.1 146.8 139.2 133.6 125.1 117.8 112.3 107 104 101.4 100.1 99.1 98.4 98.5 101 105.9 116.1 127.4 131.3 129.3 128.3 127.5 126.8 125.9 125.1 124.3 122.9 120.7 117 113.1 108.1 102.3 97.3 93.9 89.1 85.2 84.4 85.8 90.5 95.3 102.3 112.2 123.5 134 140 143.4 145 144.8 144.7 145 145.6 146.4 147.7 149 150.1 150.6 150.3 150 149.1 147.6 146.2 144.9 143.9 142.9 141.2 138.6 136.7 138.2 139.6
154 153.2 152.8 152.3 151.8 152.3 152.3 151.2 149.9 148.6 147 138 129.2 121.9 115.9 110.1 107.1 103.6 103.2 102 101 101.3 100 100.1 102.3 108.2 118 129.7 133.8 133.7 132.7 131.5 129.7 128.5 127.9 127.2 125.3 123.2 120.2 115.9 111.2 106 100.7 96.4 92 87.4 84.1 86.4 90.3 94.6 100.4 107.3 118 124.2 134.8 138.4 140 143.7 143.8 145.4 145.9 146.7 147.8 149.2 149.8 150.7 150.4 150 148.8 147.4 146 144.5 143.1 141.8 139.6 138.2 137.4 139.3 140.6
154.4 153.4 152.9 152.4 152.1 152.1 151.6 150.4 148.7 144.2 138.5 131.2 121.2 115.1 109.9 109.1 108.9 109.7 110.9 111.8 111 107 103.4 101.8 103.7 110.2 119.5 131.4 134.4 136.5 136.4 134.4 132.4 131.1 130.5 129.3 127.6 125.4 121.9 117.1 112.8 108.3 102 97.3 93 88.6 84.3 86.7 90.3 94.7 99.2 103.8 110.7 116.7 119.3 124.7 134.3 141.2 144.2 145.8 146.5 147.6 148.6 149.4 150 150.2 149.6 149.2 148.1 147 145.7 144.3 143 141.9 140.6 138.8 138.3 140.4 142.1
154.4 153.4 153 152.5 152.2 151.5 150.5 148.4 142.2 133.1 126.9 122 117 113.5 113.4 114.5 117.2 121.7 124.5 124.8 122.9 114.2 107.4 104.3 104.1 111.3 121.5 133.6 137.3 138.5 138.3 137 134.9 134 133 131.4 128.9 125.9 122.1 117.5 111.8 107.6 102.4 98.1 93.2 88.4 84.7 87.1 90.3 94.4 97.8 101.8 105.7 110.7 118.7 124.5 134.3 140.7 143.6 146.1 146.8 147.6 148.4 149.2 149.6 149.3 148.8 148.3 147.3 146.1 145.1 144 142.6 141.3 139.9 139 139.2 141.3 143.4
154.4 153.3 152.8 152.1 150.5 149.5 148.5 145.9 134.1 125.5 119.5 115.5 114.5 117.1 121.3 124.5 126.7 130.2 132.9 131.9 127.1 119.2 110.7 106.9 104.8 112.2 124.5 136.1 140 140.5 140 138.7 137.4 136.3 134.8 132 129.3 125.7 121.3 115.6 109.3 103.6 99.9 95.7 92.3 88.3 85.1 87.5 90 93.1 96.1 99.9 104 111.5 122.5 135.6 139.7 142.4 144.5 146 146.6 147.4 148.2 148.7 149.1 148.5 148 147.5 146.6 145.6 144.7 143.8 142 140.7 139.1 139 139.5 141.7 144
154.4 153.2 151.7 150.8 149.3 146.7 143.8 136.8 127.4 120.2 119.1 120.7 122.3 124.7 128.4 132.2 135.3 138.4 138.3 135.8 128.2 120.6 112.9 109.4 108.3 115.9 127.7 138.3 142.1 142.1 141.3 139.9 138.5 137.2 135.7 132.5 128.6 123.2 117.1 110.6 104.6 100.4 97 93.2 89.6 87.5 85.7 88.1 90.8 93.4 97.1 100.3 104.8 114.1 125.1 136.3 141.9 144.9 144.9 146 146.9 147.2 148 148.3 148.3 147.9 147.3 146.8 146.5 145.5 144.3 143.1 142.4 140.6 139 139 139.6 141.6 144
154.3 152.5 150.7 148.7 144.8 141.8 137.2 128.7 122.7 122.8 125.3 127.3 129.5 132.7 137.4 140.3 142.3 141.3 138.8 133.9 127 118.7 112.5 109.1 111.3 119.1 131.7 141.1 143.6 143.3 142.2 140.9 139.7 138.3 135.4 130.6 124.6 118 110.6 104.7 99.4 96.4 93.8 90.5 88.1 86.3 87.4 89.5 92.1 96.3 99.2 102.2 107.8 114.2 125.7 137.5 142.2 145.9 146 146.6 147.1 147.4 147.7 147.7 147.6 147.2 146.6 146.1 146.2 145.2 143.5 142.2 141.3 139.2 139 139 141.5 143.7 144.7
154.1 152 149.9 146.6 141.1 136.9 132.7 128.1 124.3 127.5 133.5 136.6 140 142 145.1 146.7 145.8 142.9 136.5 131 124.8 115.5 110.4 110.7 115 124.1 133.8 142.1 143.9 144.6 143.3 141.9 140.9 138.3 135 128.4 119.4 112.3 105.2 100 96.7 94.3 91.9 89.5 87.8 87 88.3 91.3 95.4 100.7 105.5 111.8 115.1 120.1 132.5 139.7 143.3 145.5 146.9 147.3 147.3 147.1 147.1 146.9 146.8 146.4 145.8 145.3 144.7 144.7 142.8 142 139.8 139.3 139 139 140.1 142.4 144.7
154.4 152.8 150.6 146.8 140.5 131.5 129.2 127.7 127.9 133.4 139.8 145.3 147.3 148 149.2 149.6 147.8 142.4 135.1 127.2 119.6 112.7 114 118.8 126.1 135.8 139.4 143.2 144.6 145.9 145.1 143 140.3 137.6 132.2 124.3 114.6 107.7 103.6 101.8 97.9 94.7 92 89.8 87.8 87.7 89.3 93.7 98 104.2 112.7 121.7 124.9 121.9 136 140.6 143.6 145.5 146.4 146.8 146.8 146.8 146.5 146.2 145.9 145.6 145.3 145 143.9 142.8 142.5 140.5 140.1 139.5 139.6 139.6 140.8 142.4 144.3
154.6 153 150.9 147.1 138.6 129.2 130.1 130.3 129.3 139.6 146.7 148.4 148.7 149.3 149.7 149.6 146.4 140 131.3 122.8 115.4 114.4 121.6 130.3 137.8 142.9 145.2 146.5 146.5 147.1 146.5 143.5 140 137.3 128.9 118.9 112.2 111.4 108.1 107.7 101.6 96.3 93 90 87.8 88.6 92 96.1 100.2 105.9 116.6 126.5 132.3 131.9 134.5 140.2 143 145.5 145.9 146.2 146.3 146.3 146.1 145.7 145.3 145.3 145 144.2 143.1 142 140.9 139.2 140.2 140.4 140.4 140.3 141.9 143.2 144.4
154 151.9 146.6 142.3 132.8 131.2 136.8 137 134.3 145.5 148.2 149.1 150.3 150.4 149.2 146.5 143.1 135.2 126.8 118.4 121.2 124.6 132 139.9 142.4 146.2 148 148 148.1 147.8 146.5 143.7 139.8 134 125.1 119.8 118.2 118.5 120.8 117.5 105.6 97.6 93.8 90.5 88.2 88.9 91.8 95.7 100.1 106 117.4 127.3 137.3 141 138.9 137.6 140.8 144.3 145.4 145.6 145.7 145.7 145.5 145.2 144.8 145.4 144.5 143.4 142.5 141.7 140.8 140.4 140.8 141.3 141.2 141.1 142.2 143.4 144.5
153.7 150 140 136.4 136.6 139.6 143.7 142.5 144 148.7 150.2 150.8 150.5 150.2 147.5 144.7 137.5 129.8 121.5 121.8 128.1 134.9 141.9 145 147.3 148.1 148.3 148.3 148.3 147.6 146.6 143.9 139.6 130.6 123.9 126.1 128.1 129.3 125.6 118.8 107.9 98.2 94.3 91.1 88.7 90.2 92.7 95.2 100.1 105.2 115 129.4 137.5 141.8 142 142.2 142.5 144 145 145.1 145.2 145 144.9 145 144.4 144.2 144 143.3 142.5 141.6 140.8 141.1 141.5 142.1 141.8 141.8 142.4 143.5 144.5
150.2 144.8 138.7 140.9 143.1 145.5 146.8 144.1 146.8 150.2 151.1 150.5 149.8 149.1 148.1 140.9 131.8 124.5 124.1 130.7 136.4 142.4 144.3 146.8 148.4 148.2 148.5 148.6 148.6 147.3 146.1 143.6 138.3 131.8 133 134.1 134.1 132.9 127.6 119.5 108.4 99.7 95.3 92.3 89.4 90.4 92.3 94.8 99.1 103.6 112.8 126.1 135.4 142.9 143.8 143.9 144.1 144.7 145.1 144.9 145 144.8 144.6 144.6 144.2 143.7 143.2 142.6 141.9 141.3 140.6 141.6 142 142.7 142.3 142.3 142.7 143.7 144.6
146.8 140.1 144 148.2 150 148.9 147 145.9 148.9 151.3 151.7 151.1 150.3 148.1 143.4 133.4 127.1 126.6 132.1 138.2 142.8 145.2 146.4 148.5 148.6 148.3 148.7 148.8 148.4 147 145.7 142.6 136.5 136.2 138.7 138.8 138.2 134.3 127.7 119.6 109 101.3 96.9 93.6 90.8 89 90.9 94.4 98.1 101.8 107.2 125.3 135.6 141.2 145.3 145.4 145.1 145.1 145.4 145.2 144.9 144.9 144.5 144.1 143.8 143.4 142.6 142 141.4 140.8 141.1 141.9 142.5 143.2 142.9 142.7 143.2 144 144.8
143.4 145.7 151.7 151.7 151 149.7 148.5 149.3 151.1 151.7 152.3 151.4 149.1 146.9 139.5 131 129.1 133.8 138.9 143.2 146 147.8 148.7 149.6 150 148.8 148.9 149.1 148.1 146.8 144.8 142.6 138.4 139.7 141.6 141.2 139.4 133.3 126.2 118.3 109.1 103.2 98.8 95.3 92.5 89.9 90.2 92.7 95.6 99.1 104.6 123.2 132.8 141.7 146 146.2 146 145.9 145.8 145.6 145.4 145.2 145 144.7 144.5 143.7 142.8 141.9 141 140.7 141.5 142.1 142.8 143.5 142.9 143 143.4 144.2 144.9
146.3 150.8 154.3 153 152.3 150.9 150.3 151.5 151.9 152.5 152.5 150.9 149.6 143.8 135.4 132.4 136.6 141.3 145.4 147.3 149.4 150.5 150.5 150.6 150.2 149.9 149.6 149.2 147.3 145.5 144.4 142.3 141.9 143 142.7 141.9 136.8 130.7 123.5 115.3 110.2 105.4 101.1 97.5 94.3 91.3 89.2 91.1 93.7 96.8 102.4 114.2 128.9 137.7 145.1 146.4 146.5 146.5 146.1 146 145.9 145.7 145.6 145.5 145.1 144.1 143.2 142.2 141.3 141.2 141.5 142.4 143.1 143.7 143.2 143.4 143.6 144 144.6
151 153.9 155.1 153.8 153.1 152.3 152.1 152.6 152.9 152.8 152.3 150.7 147.2 140.3 134.9 136.7 142.3 147.1 148.7 150.4 151.3 151.6 150.6 150.7 150.3 150.1 149.8 149.2 147.5 146 145.5 144.8 144.4 144.4 143.3 139.5 132.9 125.7 118.5 113 108.8 106.5 103 99.1 95.4 92.5 90.3 90.6 92.2 94.7 98.5 108 122.6 131.6 141.3 146.3 146.2 146.4 146.4 146.3 146.3 146.1 146.1 145.9 145.2 144.3 143.3 142.4 141.6 141.3 141.2 142.2 143.3 143.8 143.6 143.8 143.9 143.9 144.3
155.5 154.9 154.8 153.6 152.8 153.8 154.1 154 153.6 153 152 150.6 144.8 138.6 135.5 140.9 148 149.9 151 151.4 151.9 152.4 151.6 150.6 150.5 150.3 149.9 149.3 147.9 146.8 146.4 146 145.2 143.3 140.7 135.4 127.7 121.3 114.8 110.7 107.3 105 102.7 99.9 95.5 93.4 91.7 91.4 91.9 92.7 95.4 99.6 110.8 124.6 136.4 144.4 146.7 146.9 146.8 146.4 146.3 146.3 145.8 145.3 144.7 143.8 142.9 142.4 142 141.5 141.4 142.5 143.8 143.9 144.2 144.5 144.7 144.6 143.9
