data/TR24.asc
ncols 200
nrows 200
xllcorner 620000
yllcorner 140000
cellsize 50
[rows 105 to 139 of 200, columns 0 to 79 of 200]
136.1 129.4 115.9 106.1 101.3 96 91.4 90.2 97.5 106.1 117.2 127.3 133.6 137 138.5 138.4 137.9 136.7 134.3 130.5 129.9 134.5 136.7 138.1 137.2 135.4 133 130.6 125.8 118.8 110.9 109.2 117.8 130.1 135 137.6 137.9 138.2 138.8 138.5 138 137.5 136.8 135.9 133.5 130 132.5 136.7 138.9 139.3 139.4 139.7 140.1 140.4 140.7 141.1 141.3 141.5 141 140.4 140 139.7 138.9 138.1 139 140.1 139.9 139.6 139.3 139.5 140.7 140.7 140.7 140.6 140.2 139.8 140.2 140.5 140.7 141.3
136 125 113.2 103.7 99.3 94 91.6 94.3 100.8 110.7 123.8 131.7 136.2 138.1 138.4 138.2 137.5 136.3 133.7 130.6 131.4 133.8 137.5 138.4 137.5 136.2 134 132.8 128.8 122.2 114.7 108.6 115.2 126.2 130.1 133.7 134.5 136.8 138.2 138.6 138.9 138.1 137.2 136.3 133.8 130.4 134.2 137.4 138.9 139.2 139.9 140.3 140.8 141 141.3 141.5 141.7 142.1 141.4 140.8 140.2 139.8 139.4 139 139.8 140.2 140.4 140.5 140.3 140.2 140.8 140.8 140.8 140.6 140.5 140.5 140.8 141.2 141.6 142.3
130.9 119.9 108.9 101 96.8 91.9 91.6 97.4 105 115.8 127.5 134.3 137.8 139.1 138.5 138.1 136.7 135.6 133.4 132.3 134.4 136.4 137.9 138.5 138 136.6 135.5 135.3 131.5 125.5 118.3 109.5 111.8 118.5 125.2 129.3 132.2 135.1 137.6 138.3 138.3 138.4 137.6 136.6 134.6 131.2 135.2 137.9 139 139.7 140.2 140.8 141 141.2 141.4 141.7 142.1 142.7 142 141.3 140.6 140 139.5 139.5 140.4 140.4 140.7 140.8 140.8 140.9 140.9 140.9 140.8 140.7 141 141.3 141.6 141.9 142.6 143.3
128.4 113.8 103.8 98 94.5 91.3 93.2 101.4 110.4 121.6 131.8 136.9 139 139.8 138.7 137.2 135.7 134.4 132.8 134.1 136 136.7 137.5 138.1 137.6 137 136.5 136 133.6 127.6 120.8 110.1 117.7 128.1 131 132.7 133.5 136.2 137.8 137.9 137.9 138 137.6 136.8 134.5 132.6 135.6 138.3 139.5 140.1 140.5 140.9 141.1 141.4 141.6 142 142.6 143.3 142.6 141.9 141.3 140.6 139.9 140.1 141 141.2 141.2 141.2 141.2 141.1 140.9 141 141.2 141.5 141.8 142.1 142.3 142.8 143.5 144.3
126.3 108.9 101.3 95.8 93.2 91.9 97.8 106 117 127.7 134.7 139.2 139.5 139.8 138.4 136.6 135.3 133.6 134.3 135.3 136.7 136.7 137.1 137.7 137 137 136.9 136.4 132.9 127.5 119.4 111.7 122.4 131.4 135.1 136.5 136.4 137.3 137.4 137.5 137.5 137.6 137.6 136.2 134.5 133.6 136.5 139.2 140.1 140.4 140.7 141.1 141.3 141.5 141.9 142.5 143.2 144 143.3 142.6 141.9 141 140 140.7 141.7 142 141.9 141.9 141.8 141.7 141.6 141.8 142.1 142.3 142.6 142.9 143.2 143.8 144.5 145.2
120.7 104.4 99.9 94.1 92.2 93.2 102.6 111.5 123.1 132 138 139.2 139.5 139.6 138.5 136.5 135.2 135 136 136.8 137.3 137.1 136.9 137 137 136.9 136.6 135.7 130.6 122 113.7 120.2 126.9 134.6 136.7 137.9 138.2 138.4 138.7 138.5 138.3 138.1 137.6 136.4 134.8 135 137 138.8 140.3 140.7 140.9 141.2 141.5 141.8 142.4 143 143.8 144.6 143.9 143.2 142.2 140.9 140.5 141.3 142.3 142.6 142.8 142.7 142.5 142.5 142.5 142.6 143 143.3 143.7 143.8 143.9 144.5 145.4 145.4
114.8 103.5 97.9 93.8 93.1 98.3 107.6 117.8 128.7 135.9 138.7 139 139.6 138.6 137.8 136.4 136.2 135.9 137 138.1 138.2 138.2 138.2 137.7 137 136.5 135.9 134.7 128.1 116.7 119.6 127.9 133.9 136.2 137.9 139 139.5 139.6 140 139.8 139.1 138.5 137.8 136.9 135.8 134.8 136.6 138.4 140.3 141 141.2 141.4 141.6 142.3 142.9 143.5 144.4 145.2 144.5 143.3 142 140.9 141 141.9 142.7 142.9 143.1 143.3 143.2 143.1 143.2 143.4 144 144.4 144.5 144.5 144.6 145.2 145.2 145.2
110.1 101.7 95.5 93.5 93.6 101.9 111.8 122.9 134 138.6 139.9 140.9 139.9 138.7 137.5 136.7 136.8 137.1 137.6 138.4 138.7 138.7 138.7 138.8 138.8 137.2 136 133 126 117 123.3 132.5 135.7 137.9 139 140.1 140.8 140.6 141.1 140.2 139.5 138.8 138.2 137.8 137.1 135.7 136.2 138 139.7 141.2 141.4 141.6 141.9 142.2 143.2 144.1 145 145.3 144.4 143.1 141.8 141.4 141.6 142.3 143 143.2 143.4 143.6 143.7 143.7 143.8 144.1 144.9 145 145.2 145.2 145.3 145.7 145.1 145
107.4 100.1 94.9 93.6 95.5 106.6 116.8 127.5 136.4 138.9 139.5 141 140 138.6 137.8 137.5 137.7 138 137.9 138.4 139 139 138.8 138.9 138.8 137.5 135.4 131 122.4 118.5 125.1 133.5 137.6 138.9 139.7 140.7 141.6 141.6 141.9 141.5 140.4 139.5 139 138.8 138.4 137.1 136.1 137.5 139 140.3 141.6 141.8 142 142.2 142.7 143.9 145.1 145.3 143.4 142.5 141.8 142.1 142.3 142.6 143.3 143.5 143.7 143.9 144.2 144.5 144.6 144.9 145.6 145.2 145.5 145.7 145.9 145.7 145.2 144.7
106 98.7 95.1 94.1 101.3 112.5 123.3 134.7 138 139.5 140.7 139.9 139.4 138.6 138.8 138.7 138.7 138.8 138.7 138.7 139.2 139.3 138.9 138.9 138.7 137.4 133.6 127.3 119.6 119.1 125 134.6 137.9 138.9 139.9 140.8 141.5 142.2 142.6 141.9 141.2 140.2 139.8 139.5 139.3 138.5 137.3 137.2 138.5 139.9 141.2 141.7 141.9 142.1 142.8 143.6 144.9 145.5 143.8 142.6 142.1 142.3 142.8 143.2 143.6 143.9 144.3 144.8 145.1 145.2 145.3 145.8 146.1 145.5 145.6 146 145.4 144.8 144.3 143.7
102.9 96.7 94 94.4 107.9 119.8 130.3 136.1 138.6 140.2 140.5 139.8 139 139.1 139.6 139.7 139.6 139.3 139.3 139.5 139.4 139.5 139 138.9 138.6 136.1 130.8 123.3 123.1 120.2 122.2 134.1 137.2 138.6 139.8 140.9 141.8 142.8 143.1 142.3 141.5 141 140.6 140.4 139.8 139 138.1 137.3 138.2 139.5 140.8 141.6 141.8 142.3 143 143.7 144.7 145.6 143.6 142.9 142.4 142.4 142.9 143.4 144 144.6 145.1 145.7 145.9 146 146.2 146.7 146.5 146 145.5 145 144.4 143.8 143.3 142.8
100.1 95.4 93.5 100.5 113.7 124.8 134.2 136.8 139.3 140.5 140.4 140.2 139.4 139.4 140.3 140.5 140.5 140.2 139.6 139.6 139.7 139.8 139.9 139.1 136.5 133.3 128 128.4 129.1 124 120.3 131.8 136.4 137.8 139.2 140.5 141.7 143.2 143.4 142.7 142.1 141.6 141.5 141.1 140.3 139.5 138.7 138 138.6 139.2 140.4 141.5 141.8 142.5 143.2 143.8 144.4 145 143.9 143.2 142.7 142.6 143.1 143.7 144.4 145 145.7 146.4 146.5 146.5 146.5 146.4 146.1 145.6 144.9 144.1 143.4 142.8 142.3 141.9
97.2 95 95.1 105 115.7 127.5 135.1 137.8 140.4 140.7 140.5 140.2 140.3 140.5 140.9 141.1 141 140.7 140.1 139.8 139.6 139.6 140.1 137.4 134.5 130.2 131.1 134.7 132.6 127.4 121.4 127.8 135.7 137.3 138.7 139.9 141.6 143 143.9 143.2 142.6 142.3 142 141.6 140.8 140 139.2 138.7 139.3 139.9 140.5 141.4 142 142.5 143.1 143.7 144.3 144.8 144.1 143.5 143.3 142.7 143.5 144.1 144.7 145.4 146.1 146.6 146.3 146.1 145.9 146 145.7 145 144.3 143.5 142.8 142 141.3 140.9
96.3 96.4 97.3 105.8 116.8 129.8 136.6 139.2 141.1 140.9 140.8 140.7 140.9 141.2 141.5 141.5 141.4 141 140.7 140.4 140.1 139.8 138.8 135.7 131.8 131.9 135.2 137.4 134.4 129.2 124.3 124.6 133.6 136.9 138.6 140.1 141.5 142.9 143.6 143.6 143.1 143 142.8 142.2 141.4 140.5 140.1 140.3 140.8 141.2 141.4 141.7 142 142.5 143 143.6 144.2 144.8 144.5 145.2 143.3 143.6 143.4 144 144.9 145.8 146.5 146.3 145.9 145.5 145.2 145.5 144.7 144.4 143.7 142.9 142.2 141.6 139.6 138.7
97.9 98 98.8 106.3 116.8 129.1 137.4 140.4 141.3 140.9 141.2 141.3 141.5 141.7 142 142.3 141.8 141.5 141.3 141 140.7 140.3 137.4 134.3 132.7 135.2 138.2 138.5 137.5 132.5 127.5 125.8 133 137.1 139.1 140.1 141.4 142.5 143.3 143.9 143.6 143.5 143.2 142.6 141.6 141.3 141.2 141.1 141.3 141.6 141.8 142 142.4 142.7 143.1 143.5 144.1 144.7 145.1 145.2 144.4 144.2 144.5 144.9 145.8 147 146 145.4 145.4 144.9 144.6 144.5 143.5 143.2 143.1 142.3 141.7 141.2 138.6 136.6
98.5 98.2 100.3 107 117.4 128.4 136.6 140.7 141.7 142 142.2 142.2 142.1 142.3 142.5 142.8 142.7 141.7 141.6 141.5 140.6 138.5 136.2 134.1 136.3 138.7 140.1 139.3 138.4 134.5 129.1 126.8 134.1 136.8 139.5 140.5 141.3 142.2 142.9 143.6 143.7 143.4 143.1 142.9 141.9 141.3 141.4 141.5 141.7 141.9 142.1 142.4 142.8 143.1 143.4 143.8 144.1 144.6 145 145.2 144.7 145 145.5 146.1 147.1 146.8 145.4 144.4 144.2 144.2 144 143.3 142.3 141.6 141.8 141.9 141.4 140.8 138.9 136
98.6 98.1 102.7 109.4 117.8 128.2 136.1 141.4 141.8 142 142.2 142.2 142.2 142.6 142.8 142.7 142.2 141.7 141 140.7 139.7 137.8 135.4 136.3 138.5 140.9 140 139.2 138 135.7 130.6 127.8 132.3 135.6 137.7 139.4 140.6 141.9 142.4 142.8 143.3 143.3 143.1 142.9 142.1 141.7 141.7 141.7 142 142.2 142.3 142.8 143.2 143.5 143.8 144.2 144.5 144.9 145.3 145.3 145.7 146 146.4 147.4 147.5 146.5 145 143.5 143 143 142.9 142.1 141.1 140.8 141.3 141.8 141.5 140.4 139 138
98.4 100.2 101.9 109.8 118.2 129.1 136.4 141.7 141.9 142.1 142.2 142.3 142.7 143 143 143 143.6 141.2 141.3 140.3 138.8 137 137.1 138.4 140.6 140.4 139.9 139.4 137.7 136.1 131.8 129.6 129 131.8 134.8 137 139.9 141.4 142.3 142.6 142.8 143.1 143.1 143.1 142.4 141.7 141.5 141.4 142.3 142.5 142.7 143.2 143.6 143.9 144.2 144.6 145 145.4 146.1 146.5 146.6 147.1 147.4 147.4 147.5 146.2 144.7 143.1 141.9 141.8 141.3 140.6 139.7 139.7 140.5 141.1 141.1 140 138.7 137.5
99.1 101.4 103.5 110.8 119.2 130.2 137.8 141.7 143.2 142.2 142.4 142.8 143.1 143.3 143.1 143.2 143.3 142.3 141 139.9 138 137.5 138.8 140 141.3 140.7 140 139.3 137.5 135.8 134.4 134.9 134.5 133.7 132.2 135 138.1 141.4 142 142.3 142.7 143.3 143.6 143.4 143.1 142.2 141.9 141.7 142.2 142.8 143.1 143.6 143.9 144.3 144.7 145.1 145.5 146 146.5 147 147.5 147.6 147.4 147.3 147.2 146 144.4 142.9 141.3 140.4 139.7 139.1 137.7 137.2 138.6 139.5 139.6 139.6 138.4 135.8
99.4 99.8 103.3 110.6 119.9 130.9 138 141.6 143 142.8 143 143.3 143.6 143.3 142.7 142.8 142.8 141.8 140.5 139.7 138.7 138.7 140.4 141.3 141.6 141.2 140.5 139.4 137.8 136.1 135.1 137.1 137.5 137 135.6 134.6 138.1 141.4 141.9 142.5 143 143.6 144 143.8 143 142.3 141.9 141.9 142.4 143 143.5 144 144.4 144.7 145 145.3 145.7 146.2 146.6 147.1 147.3 147 146.7 146.5 146.4 145.7 144.2 142 139.9 139.6 138.7 137 134.7 134.1 135.7 137.5 138.4 138.9 137.3 133.4
101.1 99.4 102.2 109.3 120.2 130.3 136.7 141.3 142.8 143.5 143.7 143.9 143.7 143.2 142.6 142.4 142.3 141.3 140.4 139.4 139.1 139.8 141.6 141.7 141.8 141.5 141 140.3 138.8 137.1 136.6 137.8 139 139.3 138.5 137 138.5 141.1 141.9 142.6 143.3 143.8 144.3 143.8 142.9 142.6 142.3 142 142.2 143.3 143.8 144.2 144.5 144.7 144.9 145.5 145.8 146.2 146.7 147.2 146.9 146.5 146.2 146 145.8 145.5 143.9 141.9 140 139.6 139 137.7 134 127.3 125.2 125.7 134.3 134.6 134.2 130.8
103 99.6 98.9 103 112.6 124.4 132.2 139.2 142.2 143.5 143.8 143.9 143.5 143 142.5 142 141.8 140.8 139.8 139.3 139 140.6 141.4 141.5 141.6 141.5 141.6 141 139.6 137.9 138.4 139 139.9 140.7 140.4 138 138.8 141.2 142 142.7 143.5 144.3 145 144.2 143.5 143 142.7 142.4 142.3 143.5 144 144.4 144.8 145 145.2 145.7 146.3 146.5 146.8 147.3 146.5 146.1 145.8 145.5 145.3 144.9 144.1 142.5 141.2 140.2 140.1 139.9 136.5 130.4 121.3 120.5 128.3 129.2 128.7 126
106.1 102.6 99 99.2 104.2 115.6 127.2 135.1 141.6 142.9 143.9 143.6 143.2 142.8 142.3 141.9 141.3 140.5 139.6 139.2 140.3 141.2 141.2 141.2 141.2 141.2 141.6 141.2 140 139.2 140.6 141.1 141.2 140.9 141 138.3 138.7 140.8 142.4 143.3 144.1 144.8 145.6 145.1 144.3 143.5 143.2 143 143.5 143.8 144.2 144.5 144.9 145.3 145.8 146.4 147.1 147.3 147.5 146.8 146.1 145.7 145.3 145 144.8 144.4 143.6 142.8 142.1 141 140.7 139.6 137.3 134.2 122.2 115 110.8 111.5 112.2 113.7
110.7 105.8 102.2 100.1 100.4 108.8 120.5 132 140.4 142 143.6 143.5 143.3 142.9 142.4 142 141.5 140.9 139.6 139.5 141.1 141.1 141 140.9 140.8 140.8 141.3 141.4 140.5 140.5 141.9 142.5 142.1 141.5 140.8 138.9 139 140.9 142.9 143.8 144.6 145.3 146 146 145.1 144.1 143.6 144 144.5 144.7 144.8 145.1 145.5 145.6 145.9 146.7 147.6 147.6 146.9 146.2 145.6 145.3 144.9 144.6 144.2 143.8 143.2 142.4 141.5 140.6 140.3 138.7 136.6 130.8 125.4 118.6 111.2 107.3 103.8 100.5
116.1 110 106.1 102.7 101 105.5 116.2 129.5 137.6 141.7 142.9 142.8 142.7 142.7 142.6 142.3 141.8 141.7 141.4 140.9 141.1 141 140.9 140.8 140.8 140.9 141.1 141.1 141.3 141.5 142.8 143.1 142.9 142.6 141.8 140.9 140.3 142 143.3 144.3 145.1 145.8 146.4 146.4 145.7 144.8 144.2 144.4 144.6 144.8 145.2 145.6 145.9 145.8 145.7 146.4 147.3 146.9 146.2 145.6 143.2 143 143.2 143.3 143.4 143.6 142.9 142 141.2 140.2 139.5 138.5 136.5 134.8 130.6 127.3 121.7 115.1 108 101.3
118.3 112.9 107.2 103.8 102.1 105.4 114.3 125.4 136 140.9 142.1 142.1 142.2 142.2 142.3 142.3 142.2 142.1 141.6 141.2 141.2 141.2 141.2 141.2 141.2 141.3 141.7 141.8 141.9 142.5 143.2 143.7 143.5 143.2 142.7 141.8 141.3 142.4 143.8 144.7 145.5 146.2 146.6 146.6 145.8 145.3 144.4 144.6 144.9 145 145.1 145.4 145.6 145.8 145.9 146.1 146.8 146.2 145.5 144.9 142.6 142.7 143.1 142.9 143.2 143.3 142.5 141.7 141.1 140.8 140.3 139.8 138.7 137.6 132.2 126.2 120.1 118.1 111.1 102.9
119 112.3 107 104.9 102.8 105.7 114.5 126.9 137.4 141.5 142.4 142.4 142.5 142.5 142.5 142.5 142.4 142.2 141.8 141.6 141.6 141.6 141.6 141.6 141.6 141.8 142.2 142.5 142.6 143.1 143.8 144.3 144.2 144 143.4 142.5 142.2 142.8 144.2 145.1 145.9 146.5 146.9 146.7 146 145.3 144.9 144.8 145.1 145.4 145.5 145.3 145.2 145.4 145.7 146 146.1 145.4 144.8 143.7 142.1 141.5 142.5 142.4 142.7 142.5 142 141.3 141.1 140.6 140.6 140 135.5 130.5 121 113.7 109.2 105.8 103.5 98.8
118.8 115.8 110.1 104.9 102.9 105.9 116.2 128.2 138.4 142.2 143.1 143.2 143.3 143.3 143.1 142.9 142.6 142.6 142.3 142 142 142 142 142 142.1 142.3 142.7 143.1 143.3 143.7 144.3 144.8 145 144.7 143.7 142.7 142.5 142.8 144.2 145.5 146.3 146.8 147.2 146.8 146.1 145.4 144.8 145.3 145.6 146 146 145.6 145.3 145.1 145.3 145.2 145.1 144.7 144.1 142.9 141.5 139.5 141.1 141.8 142.1 141.6 141.1 140.7 140.4 139.7 138.3 133.8 122.8 113.6 104.6 99.3 94.4 94.6 94.4 93.6
124.7 120.3 113.4 106.8 102.9 105.9 116.6 128.8 138.8 142.4 143.9 143.8 143.6 143.3 143.1 142.9 142.8 142.8 142.9 142.5 142.4 142.4 142.4 142.4 142.5 142.7 143.1 143.5 143.9 144.3 144.8 145.6 146.7 145.1 143.6 142.9 142.5 142.8 144.1 145.5 146.7 147.1 147.5 147 146.3 145.4 145 145.8 146.2 146.6 146.8 146.4 146 145.5 144.8 144.5 143.9 143.4 143.1 142.5 140.3 137.9 138.3 141 141.3 141.2 140.3 137.6 138.4 137.2 130.4 117.1 107.5 100.4 95.9 95 96.1 96.5 95.3 93.3
134.2 124.7 114.4 106.8 104.3 105.9 117.1 128.9 138.8 142.3 143.8 143.8 143.5 143.3 143.1 143.1 143 143 143.1 143 142.8 142.8 142.8 142.9 142.9 143.2 143.6 144 144.4 144.9 145.6 146.9 146.9 145.5 143.8 142.5 142.5 142.8 144.1 145.5 146.6 147.1 147.6 147.1 146.3 145.5 145.7 146.3 146.7 146.8 147 146.5 145.8 144.7 143.8 142.9 142.4 142 141.3 141.2 139.2 136.4 136.5 139.3 140.2 140.7 139.3 135.7 132.7 129.3 116.7 106.1 99.9 97.9 98.6 97.7 99 103.5 104.1 104.8
135.3 126.6 115.5 107.5 104.8 106.6 116.5 128.2 137.9 142 142.7 143.6 143.5 143.3 143.3 143.3 143.2 143.2 143.3 143.3 143.2 143.2 143.3 143.3 143.3 143.6 144 144.4 144.9 145.4 146.6 146.9 146.9 146.1 144 142.5 142.5 143 144.2 145.2 146.3 147 147.3 147.1 146.5 146.4 146.6 147.1 147.5 147.4 146.9 145.7 144.6 143.7 142.8 141.7 140.7 139.9 139.4 138 134.7 129.7 125.8 135.1 135.9 136.7 136.8 133.8 126.5 117.4 108 99.6 98.9 102.3 104.2 101.3 105.6 111.3 117.6 120.4
135.2 126.6 115.8 108.7 106 107.3 113.3 122.9 130.9 136.4 141.3 142.3 143.2 143.5 143.5 143.5 143.4 143.4 143.5 143.5 143.6 143.6 143.6 143.6 143.7 144.1 144.5 144.9 145.3 146 146.4 146.7 146.1 145.4 143.5 143.1 142.8 143.4 144.1 145.9 146.6 147.2 147.1 146.9 146.8 147.3 147.5 148 148 146.9 145.8 144.5 143.3 142.3 141.3 140.2 139.2 139.2 138 135.8 134.7 132.4 126.4 122.3 122.7 128.7 130.4 129.9 123.9 109.1 100.1 98.1 103.1 108.2 108 104.4 113 119.7 126 131.7
134.2 124.5 116.5 109.7 107.2 106.4 107.7 114.9 120.5 125.5 131.3 139.5 141.9 143 143.7 143.6 143.5 143.6 143.8 144.1 144 143.8 143.6 143.5 144 144.5 145 145.4 145.8 146.2 146.2 145.8 144.9 144 143.6 143.5 143.3 143.8 144.6 145.9 146.8 147 147.1 147.1 147.8 148.3 148.5 148.8 148.5 146.9 145.3 144.5 143.9 142.6 141.3 140.2 140.6 140.7 139.9 139.5 138.7 137.3 134.6 128.5 120.8 114.6 116.4 119.7 113 102.8 100.6 103 109.2 115.7 110.9 110.4 119.1 127.7 132.6 137.5
135 125.3 118.3 113 109.5 106.6 106.7 107.7 109.5 114 119.3 128 137.3 141 142.5 143.7 143.8 144.4 144.6 144.6 144.4 144.1 143.8 143.6 144.3 144.7 145.3 145.7 146.1 146.4 145.7 144.9 144.3 143.3 143.5 143.5 143.5 144.1 144.7 145.8 147 147.3 147.6 148.4 149.2 149 149.2 149.3 148.5 147.8 146.3 144.6 144 143.4 142.4 142.4 143.2 143 142.6 142.4 142 140.4 139.2 136.3 128.2 122.7 112.6 108.3 104.1 101.3 103 110.7 120.6 121.9 113.6 114 123.6 132.8 137.6 139.9
136.4 128.1 121.1 115.6 112.1 108.1 107.2 107.5 109.9 110.6 112.3 119.8 128.2 138.1 141.1 142.4 143.6 144.7 145.1 145 144.6 144.6 144.4 144.2 144.6 145 145.6 145.9 146.3 146.3 145.3 144.2 143.2 143.3 143.4 143.5 143.8 144.5 145.2 146.6 147.9 148.3 148.7 149.4 149.1 149 148.9 148.5 148.1 147.4 146.7 145.2 144.4 143.7 143.3 143.6 143.6 143.4 142.8 142.5 142.6 142.5 141.3 138.7 136.4 129.7 122.1 111.2 103.5 101.7 110.2 121.7 129.7 125 113.6 119.4 128.8 136.9 139.5 142
