example_terrain50/SH44.asc
ncols 200
nrows 200
xllcorner 240000
yllcorner 340000
cellsize 50
[rows 140 to 174 of 200, columns 0 to 77 of 200]
127.5 128.2 128.8 129.3 129.7 130.1 130.4 130.9 131.7 132.9 134.9 136.4 138.4 140.1 140.6 141 141 139.9 138.6 138 137.6 136.2 136.7 136.5 136.6 135.7 135.5 136 136.3 136.2 136.3 136.3 137.2 137.5 137.7 138 138.2 138.6 139.6 141.4 145.7 149.6 152.2 152.1 154.4 151.6 151.1 154.3 156 155.3 154.1 152.8 152.2 150.9 148.3 145.7 143.5 141.8 140.1 139.4 139 138.4 137.8 137.2 136.7 136.3 135.9 135.5 135.4 136.4 137.1 139.9 138.7 137.4 136.6 135.7 133.3 128.8
127.4 127.9 128.4 128.9 129.3 129.7 130 130.4 131 131.7 132.4 134.2 136.6 138.1 138.7 138.2 136.8 135.2 134.3 135.4 136.4 134.3 134.6 135.2 134.8 135.5 135.1 135.8 135.6 135.6 135.9 136.6 137.1 137.1 137.4 137.7 138 138.6 139.9 142.1 146 148.2 150 152.6 151.9 150 149.9 153.4 153.2 152.3 151.3 150.4 148.7 146.3 146.5 144.2 142.3 140.8 138.9 138.4 137.8 137.6 137 136.7 137.4 136.8 135.9 135 136.1 136.6 136.6 137 135.4 134.5 134 132.8 130.9 127.6
127.1 127.1 127.7 128.4 128.9 129.1 129.2 129.5 129.9 130.5 131.2 131.7 133.1 135 135.1 134.3 132.7 132.7 133.1 134 135 133.9 134.1 135.2 134.8 136 135.4 135.5 135.8 136.4 137.1 136.9 137.3 137.2 137 137.2 137.5 138 139.4 141.8 145.7 148.2 149.7 149.9 149.5 148.2 149.2 151.4 151.1 149.9 148.8 147.6 145.8 144.2 144.5 143.2 141.8 140.4 137.4 137.1 136.8 136.5 136.7 137.1 137.8 137 135.9 134 134.9 135.1 134.9 133.7 132.3 131.6 131 130.5 128.4 126
126.9 126.8 126.8 127.5 127.7 127.9 128.2 128.9 129.1 129.4 130 130.6 131.1 131.3 131.3 131.5 131.1 131.5 131.9 132.8 134 134.5 134.8 135.5 135.4 136.8 135.7 136.4 137.6 137.6 137.5 137.4 137.5 137.5 137.2 137 137.2 138.9 140.6 142.1 146.4 147.6 148.1 149.4 148.5 148.9 149.5 150.1 149.3 148.1 146.9 145.8 145.6 143.7 142.7 141.8 140.1 138.3 136.7 137.2 137.2 136.4 137 137.2 137 136.8 134.9 133.3 132.9 132.7 132.1 130.4 129.3 128.7 128.1 127.6 124.3 122.4
126.6 126.5 127.1 128.3 127.8 129.3 127.7 128.1 128.3 128.4 128.9 129.4 129.8 130.2 130.8 131.6 131.8 131.9 133.7 136.4 137.8 137.8 137.6 138.3 138.8 138.4 137.8 137.5 138.3 141.6 141.8 140.3 138.8 137.7 137.5 136.9 137.5 139 140.4 141.9 146 146 146.4 148.6 150.8 152 152 148.7 147.1 146.6 145.2 145.2 144.3 144 142 140.4 139.3 138 137.2 137 137.3 135.8 135 135.6 136.1 136.1 135.3 133.8 131 130.5 129.2 127.3 126.9 126.2 125.6 124.4 122.1 119
126.3 127.2 129.8 131.2 132.2 132.3 131.6 130.8 130.3 130.6 129.9 129.8 130.3 130.8 132.5 134.4 133.7 134.5 135.8 138.7 140.2 140.9 141 140.8 140.1 138.9 139.6 138.1 137 139.1 137.7 140.6 138.9 138.1 137.3 137 138.2 139.1 140.4 141.8 145.2 145 146 149.2 151.6 152.2 154.3 152.6 148.1 147 147.5 148.2 146.6 147.3 142.5 140.6 139.4 138.6 137.1 136.9 135.7 134.7 134.9 135.1 135.7 135.2 134.9 134.4 130.8 129.2 127.6 126.1 124.9 124.6 124.1 121.8 119.4 117.3
127.3 129.9 133 135.5 135.7 135.5 135.3 134.5 133.8 134 134 133.4 133.1 136 136.9 138 136.5 135.9 138.7 140.9 140.7 141.6 142.4 141 140 139.1 139.9 138.3 136.5 135.3 134.7 134.4 135.6 136.4 135.7 137.7 138.4 139.2 140.2 141.9 144.5 144.1 144.5 148.2 151.1 151.3 151.8 151.4 151.6 149.9 150.3 150.5 150 150.1 147.1 141.1 139.9 139.8 139.3 137.1 134.5 133.3 133.9 134.7 135.2 133.9 133.9 134.1 131.8 129.6 127.7 125.8 124.8 124.7 122.9 120.3 117.8 116.3
132.2 133.1 135.4 136.5 136.1 136.3 136.7 136.4 136.3 136.8 137.3 138.8 139.4 139.9 140.2 139.8 139.6 138.8 140.7 141.7 141.3 141.9 140.7 139.8 138.6 138.3 138.9 138 135.8 135 134.4 134 134 134.3 135.8 137.5 138.9 139.6 140.3 142.2 145 147.3 145.2 148.5 151.8 151.5 152 154.3 155 152.6 152.1 153.9 154 152.7 149.5 145.8 145 144.1 142.4 140.3 137.4 133.1 132.6 133.1 132.8 132.1 131.6 131.3 130.3 128.5 126.9 125.3 124.3 125.6 123.9 120.4 117.1 115.9
132.3 132.5 134.7 136.4 136.5 136.9 137.6 137.8 138 138.5 139.4 140.7 140.7 140.4 141.6 141.4 140.7 139.6 140.9 142 141.3 140.2 139.1 137.9 137.7 138.3 139.7 140.3 136.4 134.7 134 133.6 133.3 134.4 136.2 137.5 139.1 140.1 140.7 144.1 147.1 148.8 149.1 149 150.6 151.2 156.4 159.1 157.6 157.1 156.7 157.1 155.5 154.4 151.8 148 148 146.3 144.7 142.8 140 133.1 131 130.6 130.7 129.9 128.7 128.5 128.5 127.3 125.8 124.4 123.3 124.3 123.6 120.4 116.3 115.2
131 132.1 133.9 135.5 136.9 137.4 137.9 138.5 138.6 139.1 140.5 141.3 140.6 140.7 141.5 140.4 139.7 139.2 140 140.3 138.8 137.8 137.2 137.1 136.9 137.1 139.2 139.8 137.9 135.5 133.6 132.8 133.1 135 136.7 138.3 139.5 140.5 141.6 145.7 148.2 149.1 148.9 148.9 152 152.6 160.4 161 158.6 157.3 156.4 155.7 154.6 154.1 152.2 149.8 149.2 147.1 145.7 144 141.2 133.7 132.1 130.6 129 129 128.6 127.9 126.2 126.1 125.1 123.6 122.2 122.9 123 120.4 115.7 114.7
130.7 133 134.2 135.7 136.6 136.9 137.6 137 136.2 136.9 138.7 138.8 137.7 138.2 138.8 138.4 134.8 136.7 137.2 137.8 136.5 136.4 136.4 136.4 136.3 136.5 138.8 138.9 137.8 135.1 132.9 132.5 133.8 135.6 137.3 139.1 140.2 141.9 143.4 147.4 148.8 149.6 151.3 154.1 157.5 159.7 163.9 165.1 164.4 160.3 156.8 155.6 155 154 151.5 149.9 148.6 147.5 144 142.4 139.8 134.6 132.2 131 130.1 131.1 130.6 130 127.4 125.3 124.2 122.8 121.8 121.1 120.9 120.4 116.5 114.9
129.2 132.2 134 134.6 136.2 137 136.8 135.3 135.4 135.2 135.9 135.1 135.8 136.3 137.1 134.6 135 135.7 135.6 136 136.4 136.5 136.5 136.5 136.8 136.5 137.3 137 136.8 134.3 132.3 133.4 134.9 136.6 138.4 140.1 142 143.7 145.5 149 151.8 152.3 154.6 157.3 160.5 163.5 166.3 167.7 168.7 166.8 157.4 156.1 156.5 154.3 152.2 150.8 150.7 148.8 144.9 140.8 137.8 133.9 132 131.3 130.4 131.9 131.2 129.9 128.8 127.6 126 123.3 121.9 121.4 120.9 119.6 116.5 114.5
128.5 131 132.6 133.8 134.2 133.5 133.3 133.1 133.6 136.6 134.5 134.7 134.9 135.9 136.6 135 134.4 134.4 134.1 135.4 135.6 135.9 136.2 137 137.3 135.3 131.6 132.5 133.3 132.5 134.3 135.1 136.3 137.9 139.6 141.3 143.4 145.2 147.6 150.7 152.9 155.1 158.6 160.7 164.1 166.7 168.8 170.7 171.1 169.4 159.4 158.9 157.2 154.8 153.4 152.1 151.3 149.8 147.2 141.2 137.3 134.3 132 131.1 131.1 132.3 130.7 128.9 128.5 129.2 128 124.9 122.5 122.3 122 121.1 117.4 114
128.5 130.4 132.3 132.5 131.4 130.2 129.7 129.3 131.2 137.7 134.9 134 134.3 135.1 135.4 134.4 133.8 132.9 133.8 135 135 134.9 135.6 136.4 134.4 131 130 130.5 131.4 134.3 136.5 137.8 137.9 139.1 140.8 142.6 144.9 147.3 149.7 153.1 156.6 160.3 163.1 165.6 168 169.2 171.5 173.3 171.5 165.2 160.1 160.8 157.5 158.3 155.2 153 151.2 150 147.9 143.5 139.6 135.2 133.8 132.5 133.1 132.1 130.2 128.4 128.4 129.1 129.7 126.7 122.9 122.7 122.6 121.6 118.7 113.2
128.2 130.7 130.3 128.2 128.2 128.2 128.2 128.2 131.2 135.7 134.7 133.8 133.4 133.9 134.2 134.3 134.4 133.1 133.5 134.5 134.9 134.4 134.7 135.3 134.6 129.2 128.9 130.1 132.1 135.1 137.5 136.7 134 136.2 140.2 143.7 147.3 150.4 153.4 156.9 160.6 165.3 168 170.5 172.5 170.1 169.3 167.5 164.9 163 162.1 161 160.3 162.7 159.3 159.2 157.1 152.8 149.4 146.2 143.1 139.5 136.2 133.9 133.3 131.4 129.2 128.3 128.4 129.1 128.6 126.8 124.1 123.8 123.2 122.1 116.4 112.5
129.4 129.3 128.2 128.2 128.2 128.2 128.2 128.2 131.5 133.1 133.1 132.8 132.5 133 133 132.8 133.2 132.7 132.6 133.8 134.2 133.7 133.2 133.4 133.7 127.1 129.2 131.3 133.9 135.7 132.4 130.3 132.9 135.9 139.7 145.5 149.3 153.1 157 160.9 165.4 169.6 173 175.4 176.6 177 174.1 172.7 170.1 167.9 166.8 166.2 163.6 161.7 164.5 163.9 159.3 154.9 149.8 147.2 143.5 138.4 136.3 134.6 132.7 130.8 129.3 128.4 128.9 128.8 126.6 124.5 123.4 123.3 122.4 120.1 112.7 111.9
129.8 128.2 128.2 128.2 128.2 128.2 128.2 128.2 128.7 132.1 132 131.9 131.5 130.4 130.7 130.8 131.9 130.9 130.6 130.9 131.7 132.3 131.5 129.7 127 128.3 130.4 131.2 133.3 133 128.7 129.7 132.8 135.8 139.1 145.6 151.4 155.8 159.9 164.5 170.6 174.2 177.9 180.7 182.1 183.3 184 182.1 178.7 175.7 173.5 172.1 167.9 162.2 159.6 156.6 153.9 150 147 143.6 140.3 139 137.1 134.8 132.6 130.7 129.4 129.4 129.2 129.6 126.6 122.5 120.1 120.5 120.5 112.5 109.9 114.1
130 128.2 128.2 128.2 128.2 128.2 128.2 130.2 131.2 130.8 130.3 129.9 129.5 128.2 127.5 128.4 130.1 127.8 129.1 128.4 128.5 128.9 128.1 128.4 128.4 125.9 129 130.2 131 128 128 129.8 132.6 135.6 139.3 145.9 152.5 158.3 162.7 169.5 175.9 180.9 185.3 187.5 190.3 191 190.7 189.5 187.7 184.8 181.1 176.9 172.4 167.2 161 156.3 153.4 148.7 145.2 143 140.5 138.9 138 135.1 132.9 130.7 130.3 130.5 129.3 128.1 124.1 121.1 118 116.1 114.5 110.5 112.4 118.3
127.7 128.8 128.2 128.2 128.2 128.2 130.4 129.7 129.3 129 128.5 128 127.5 125.2 122.6 123.5 123.6 126.3 126.2 125.4 125.7 126.1 125.8 126.9 127.3 124.5 127.1 129.2 129.9 129 133.3 129.6 132.4 135.5 139.9 146.1 152.2 160.7 165.5 175.5 186.5 192.2 194.8 195.8 199.1 200.2 200 197.1 194.8 191.3 187.4 183.2 177.6 171.6 164.7 158.4 154.2 150.1 145.5 143.5 141 140.6 139.1 136 132.8 130.5 131.2 130.8 127.4 123.9 121.5 118.5 115.7 112.8 111.3 111 115.6 118.7
127.3 129.6 129 129.5 129.5 129.7 128.3 128 127.6 127.2 126.7 126.1 125.6 123.7 121.1 121.4 122.1 123.8 123.6 122.9 123.4 123.8 123.7 123.9 123.5 122.6 126.4 127.9 126.5 130.1 129.5 129.8 132.9 136.9 141.7 147.1 153.1 160.2 169 180.1 192.8 198.5 202.8 205.1 207.3 209.3 207.8 205.3 201.5 197.7 193.1 187.4 181.1 175.5 168.2 161.1 162.9 157.9 150.8 143.5 140.5 139.7 140.3 137.2 133.1 129.7 130 129.6 125.5 123.1 119.3 116.2 113.2 110.3 109.5 112.8 115.3 117.9
124.3 126.3 126.7 127.1 128.5 127.9 126.1 125.8 125.5 125 124.6 124 123.4 120.3 120.3 120.6 120.2 121.5 121.4 120.6 121 121.4 121.5 121.5 120.3 123.2 126.8 125.6 125.7 127.4 128.7 129.5 133.1 138.1 142.6 146.6 151.4 159.7 170.6 182 193.2 201.6 208.3 214.2 219.7 217.1 214.5 212.6 208.6 204.4 198.5 190 184.2 177.6 171.3 164.1 162.5 159.3 152.9 146.8 141.6 135.2 133.6 133.8 132.4 130.2 128.5 125.9 122.6 120.8 118.4 114.7 110.3 108.7 109.8 112.4 115 116.9
121.9 123.6 124.3 124.8 125.5 125.3 124 123 122.1 122 121.4 121.5 121.2 118.5 119.5 119.6 118.9 119.5 119.6 119.3 119.6 118.3 118.5 117.2 120.5 123.2 124 124.9 127 130 128.5 130.1 132.8 137.4 141.5 146.7 152.8 161.5 170 178.6 188.2 197.4 208.5 216.5 226.2 220.4 218.8 216.4 212.6 208.1 202.5 195.3 188.4 181.2 173.2 167.8 161.5 156.9 151.3 149.8 144.3 134.4 132.8 130.2 128.3 127.4 124.8 121.8 119.3 117.2 115 110.2 107.6 107.5 109.5 112 114.6 116.4
119.7 120.8 121.5 122.1 122.9 121.9 119.9 119.2 119.1 119 118.6 118.1 118.8 119.1 119.2 118.2 119.4 119.4 119.3 118.8 117.9 115.8 115 115.4 118.1 121.1 123.9 123 126.1 130.3 130.5 131.7 132.9 136 140.5 146.5 152 159.3 167.9 174.2 181.3 190.7 201.9 212.2 220.3 218.6 219.6 218.8 215.6 211 204 197.2 190.2 181.7 175.5 168.9 161 156.4 151.6 148.4 144.7 137.4 131.2 127.1 123.5 122 120.4 118.8 117 113.8 111 107.5 106.2 107.2 109.6 112.4 115.2 116.7
117.5 118.4 119.6 121.1 119.4 117.8 116.8 117 116.7 116.4 116.6 117.9 118.7 118.5 118.6 116.6 117.4 117.6 116.4 115.6 114.8 113.5 112.1 113.9 115.7 119.7 121.8 121.1 125.8 131 132.1 132.6 134.4 137.3 141.5 148.4 151.7 157.9 163.6 169.5 176.6 183 192.2 203.6 211 214.4 216.2 220.3 217.9 213.5 205.3 198.1 190.6 182.5 176.1 168.7 161.7 156.3 149.8 145.2 140.8 136 129.2 123.7 120.4 117.6 116.1 113.9 111.8 108.9 107.4 105.6 105.4 106.6 110.2 113 115.7 116.9
115.4 116.1 116.8 116.7 116.2 115.2 115.1 115.1 115.1 114.4 114.9 116.1 116.4 115.4 114.2 112.9 112.2 112.3 113 112.7 112.3 111.1 110.1 111.5 113.3 116.3 118.7 119.6 122.1 129.5 132.8 133 134.5 138.7 142.7 148 151.6 154.8 159 164 172.1 177.4 184 192.2 200.7 205.1 208.5 216.8 219.4 214.7 203.3 196.7 189.6 182.1 175 168.3 161.8 156.3 150.3 144.3 135.9 130.1 123.1 118.7 114.7 112.6 111.3 108.9 107.5 106.7 105.2 103.8 105.4 107.4 111.3 113.4 116.1 117.2
113.2 113.8 114.3 113.7 113.5 113.6 113.5 113.5 113.4 111.4 112.4 112.6 111.2 110.6 110 109.3 109.3 109.9 110.8 110.3 109.6 108.6 108.7 109.1 110.2 113.5 116.3 118.2 119.9 126 131.4 132.8 134.1 136.9 140.6 146.5 150.2 153 156.2 161 167.6 172.8 178.4 183.9 189.8 194.5 198.6 204.5 207.8 208.7 198.9 193.4 187.8 180.4 172.4 166 159.9 154.3 148.8 142.8 132.8 121.9 114.2 109.3 108.1 106.4 105.2 104.6 104.3 104.3 103.5 103.9 105.1 108.7 112.7 114.7 115.6 116
111.1 111.5 111.5 111.6 111.7 111.8 111.9 111.9 111.7 110 110 109.4 108.7 108.1 107.5 107 107.4 107.9 108.5 108.4 107.4 107.2 107.7 108 108.6 111.4 113.7 115.9 118.2 122.2 125.1 127.9 130 134.3 137.5 142.6 146.3 151.3 156 158.9 164.3 167.2 171.8 177.7 182.1 184.8 187.7 191.6 194.6 196.2 192.8 188.5 184.1 177.3 170 163.8 158 152 146.4 140.2 129.5 116.3 107.1 103.3 102.2 102.2 102.6 102.8 102.4 102.5 103 104.4 107.2 110.7 112.5 113.8 113.6 113.8
110.3 110.4 110.6 110.6 110.7 110.6 111 111.3 110.4 109.3 108.6 108 107.5 106.4 105.4 105.2 105.5 106 106.5 106.6 106 105.8 106.6 107 108 109.6 111.7 113.9 115.6 116.9 121.6 124.1 127.8 130.6 134.8 138.4 141.9 145.9 149.8 153.8 158.7 161.7 165.4 169.9 175 177 179.7 183 186.4 186.7 186.3 183.8 179.3 172.4 166.9 162 156.2 150 143.2 136.3 126.6 112.7 104.1 101.1 100.3 100.8 101.1 101.5 102.2 103 104.3 106.6 109.4 110.8 112 112 111.8 111.6
110 110.3 110.8 110.7 110.4 110.2 110.1 110.1 108.8 107.8 107 106.6 106.1 105.2 104.2 103.8 104.6 105.2 105.8 105.8 105 105.6 106.3 107 107.9 108.9 109.5 111.6 112.5 114.2 118.3 121.5 124 126.7 129.8 133.5 137.3 141.1 144.9 148.4 152.2 156.2 159.2 163.2 167.4 170.3 172.8 175.9 178.3 178.2 178.1 176.4 173 167.5 163.7 158.6 152.4 146 138.9 132.2 120.4 110 101.3 100.1 104.9 104 101.7 101.9 102.3 105.6 108.9 109.2 109.6 110.1 110.4 110.2 110 109.7
107.5 107.8 108.5 109.4 109.3 109.1 109.1 108.8 107.3 106.1 105.6 105.1 104.7 104.1 103.2 103.9 104.6 104.8 105.4 105.2 104.6 105.3 106 106.8 108 108.3 108.2 107.7 108.2 110.4 114.7 118.1 119.7 122.6 125.7 128.8 132.5 136 139.5 143 146.8 150.6 153.5 157.3 160.5 163.5 166 168.8 170 170 169.8 168.3 165.1 162.1 158.9 152.5 147.9 140.2 133.1 125 112.8 106.6 98.3 100.5 105.2 105 103.7 103 105 106.8 107.9 108.3 108.9 108 108.6 108.5 108.3 108
104.8 105.4 106.2 107 107.9 108.6 108.8 107.6 106.4 105.8 105 104.3 103.6 102.8 103.4 104.1 104.7 105.4 105.4 104.3 103.7 105 105.7 106.4 106.8 106.3 105.6 105.2 104.7 107.6 110.8 113.3 114.7 118.7 121.8 124.4 126.5 130.6 134.1 137.7 141.4 145 148.5 151.9 154.7 157.3 158.9 161.1 162.4 162.1 161.7 161.1 158.7 155.8 151.6 146.1 139.1 132.6 123.8 114 103.6 99.8 98.5 101.4 105.1 105 104.6 103.7 104 104.1 105.5 105.5 105.1 105.3 106 106.6 106.5 106.1
104.4 104.2 105.2 106.5 107.8 108.6 108 107.2 106.3 105.5 104.4 104 103.3 102.6 103.4 104.2 104.9 105.5 104.7 103.5 102.2 104.2 105 105.7 105 103.9 103.2 102.3 101.7 103.3 104.9 107 109.4 113.5 116.6 119.9 122.3 124.9 128.7 132.3 135.9 139.4 143 145.9 148.6 151.3 152.3 153.6 154.6 154.1 154.1 153.5 152 147.7 141.9 136.3 129 123.3 111.4 102.1 98 97.6 102.5 104 104.1 103.8 103.5 103.4 103.2 102.9 102.9 102.9 102.6 102.7 103.3 103.9 103.8 103.5
104.6 105.3 105.2 106.5 106.6 106.2 106.2 106.8 106.2 105.1 103.9 103.7 103 102.5 103.3 103.9 103.6 103 102.8 101.8 100.3 102 103.2 103.4 102.6 101.9 100.8 98.9 98.5 99.1 99.5 101.9 104.2 107.5 111.4 114.9 118.3 120.1 123.3 126.7 130.3 133.9 137.1 139.8 142.1 143.3 144.3 144.1 144.6 145.1 147.5 144.8 141.5 139 134 120.8 112.2 103.6 98.9 97.7 104.1 103.8 101.8 103 102.8 102.6 102.6 102.9 102.9 102.4 102.1 101.1 100.3 100 100 99.6 99.6 99.4
106.4 108.7 109.6 108.6 107.9 106.7 106.6 106.2 105.9 104.7 103.6 103 102.6 102.4 102.7 102.8 102.5 101.8 101.3 100.4 98.6 100.8 101.6 101.1 100.5 99.8 97.9 96 94.9 94 94.5 97.9 99.9 102.5 105.8 108.2 112 114.9 118.6 121.5 123.7 126.8 129.6 132.7 134.8 135.2 135 132.7 134.4 136.3 136.2 134.3 131.4 128.1 116.8 106.7 99.9 97 101.3 105.5 105.6 104.1 102.5 101.8 101.8 101.8 101.5 101.3 101.5 101.2 100.2 99.3 98.5 95.8 95.9 95 94.4 94.6
106.4 109.6 111.2 110 109.9 108.7 106.1 104.8 104.1 103.2 102.6 102.1 101.6 101.6 101.6 101.7 101.5 101.2 100.8 98.6 96.6 99.3 99.6 99.4 99.2 98.8 95.8 90.2 88.1 87.2 87.8 92.5 95.1 97.5 101 103.1 106.3 109.4 113 115.2 116.6 119.3 122 124.9 126.7 122.3 123 127.8 130.3 131.9 131.1 127.3 120.6 110.3 97.6 95.9 95.5 102.5 104.7 105.2 104.9 104.1 102.4 101 101 101 101 99.7 100 99.7 98.6 97.5 95 91.9 91.7 93.5 94.1 95
