example_terrain50/SH73.asc
ncols 200
nrows 200
xllcorner 270000
yllcorner 330000
cellsize 50
[rows 35 to 69 of 200, columns 78 to 155 of 200]
364.6 373.7 381.6 390 403.3 414.7 423.8 432.8 442.2 445.3 453.6 455 458.6 465.8 472.1 472.8 474 479.1 477.3 474.5 472.7 474.4 468.5 460.7 456.7 452.3 448.2 447.4 446.2 443.1 440.8 443.4 442.3 445.7 446.7 438 434.5 435.9 438.3 453 462 462 456.3 447.6 442.1 435.6 432.5 427.6 425.5 425.3 418.5 420.4 416.2 408 406.2 410.7 416.1 421 419.9 405.3 404.3 404.4 402.3 400.8 393.9 388 381 371.9 359.1 347.1 331.8 320.8 314.3 310.4 310.4 310.4 309.2 319.5
360.3 370.8 380.2 390.3 403 413.1 422.2 425.1 433.6 439.1 448.5 448.1 450.8 457.9 466.7 471.4 471.8 472.3 469.8 469.4 472.5 473.2 469 462.3 458.5 456.4 449.9 446.3 444.9 444.4 435.3 436.9 438.7 442.2 442 440.1 436.1 436.7 437 444.2 447.8 451.1 452.3 443.2 442.8 441.3 440.1 436.4 433.8 432 433.1 431.3 431.5 418.3 413.7 411.7 413.3 422.1 419.5 402 399.1 404.4 401.6 397.4 391.2 385.3 375.8 364 349.5 334.6 321.5 313.3 310.2 308.9 309.3 309.8 308.6 309.5
353.5 363.6 373.4 382.8 393.7 403.5 407.9 416.7 423.5 430.5 436.7 440.4 444.7 451.2 461.5 468.5 467.7 464.9 462.4 465.3 470.4 469.1 463.5 459.1 453.5 455.7 453.1 449.3 445.3 443.3 433.2 430.6 436.9 432.4 437.9 437.6 435.9 436 436.5 443.9 446.7 447.1 447.4 450.9 452.7 448.1 445.7 443.4 440.2 434.3 436.9 441.2 438.2 434.7 421.3 409.6 409.6 408.5 406.4 399 394.8 398.2 402.1 397 388.3 380 368.2 352.8 336.9 324.8 318.3 312 308.1 307.3 307.3 307.8 306 317.8
348.4 357 364.2 370.2 382.3 387.3 390.6 403.4 414.9 418.4 421.9 428.9 437.4 446.8 459.6 465.1 462.4 457.5 458.3 461.4 466.7 467 459.9 452.9 448.9 450.2 453.8 454.8 449.5 438.7 425.8 426.8 435.5 428.7 435 437.9 435.1 434.4 440.5 447.8 450.1 449.9 450.6 454.8 456.4 450.7 446.8 444.8 437.2 436.1 439 440.4 433.4 426.1 422.1 410.1 407.1 408.3 405.6 403.3 393.5 390 388.3 386.4 383.7 372.4 357.5 341 328.3 321.6 314.8 309.9 306 305.7 305.5 303.7 310.8 323.4
341.1 349.6 356.1 360.9 366.4 368.1 379.2 385.9 395.6 403.4 409.6 417.2 430.5 443.6 455.6 460.5 460 456.9 456.7 459.7 460.7 456.3 451.3 450.9 445.7 443.8 450.9 450.9 441.9 434 426.1 423.5 428.4 425.6 427.7 430.8 430 442.7 457.6 465.7 460.6 457.6 455 455.6 454.3 452.3 445.6 443.9 437.9 437.1 441.2 434.8 429.3 427 417.1 410.9 406.4 410.2 406.9 399.7 394.4 386.8 382 377.8 378 365.2 347.4 332.3 321.2 315.5 310.1 305.5 303.8 303.6 303.8 307.8 321.3 332.5
334 339.5 345.7 351.1 352.1 357.3 368.9 378.8 386.4 394.5 399.7 409.1 422.2 435.8 451.8 455.5 458.8 456.9 456.4 457.8 456.4 453.6 449.5 447.5 445.3 441.5 439.1 438.7 434.4 431.4 428.9 419.4 421 420.9 422 420.5 429.2 447.2 465.9 474.3 474.1 467.7 461.4 454.8 452.6 451 441.9 440.4 440 441.7 444.6 434.9 425.3 418.5 415.5 408 403.4 406.3 401.5 395.8 389 384.8 375.5 367.1 360 349.4 332.6 322.9 313.3 309.2 305.9 302.7 302 302.4 305.9 318.7 330.3 340.5
328 330.2 335.3 337.3 343.1 351.4 362.6 372.9 379.4 386.4 392.3 402.6 417.6 431.7 447.5 455.4 458.8 455.5 455.6 457.7 453.9 451.7 451.1 446.1 442.8 440.8 436 436.7 431.6 428.2 422.3 417 420.2 416 416.9 417 429.5 446.2 462.2 467.1 463.2 459.7 452.3 451.6 450.3 452.9 450.7 445.8 442.6 444.2 442.3 434.5 431 429.8 429.4 422.8 410.6 401.6 401.3 392.1 379 380.2 372.1 358.5 349.8 331.9 317.2 308.5 306.4 304.2 301.6 301.6 301.4 299.9 311 324.6 338.1 349.6
329.2 328.3 329.9 332.7 340.9 352.3 364.5 372.8 383.9 383.6 387.5 397.2 413.6 428.1 441.8 447.1 450.9 452.6 454.6 453.5 447.8 451.9 448.3 444.9 443.9 439 431.5 435 427.3 420 416.1 410.3 413.8 411.9 412.8 416.7 428.8 442.6 447.9 456.1 452.1 441 441 441 449.8 451.6 452.5 445.7 448.7 448.1 447.9 446.6 440.5 436 435.5 426.8 412.5 400.2 403.6 385.1 363.9 367.6 360.1 347.9 336 322.8 309.9 303.7 301.4 299.7 300.2 299.4 300 309.2 317.5 330.4 343.5 358.7
330.3 329.8 329.1 331.6 342.8 354.7 365.9 375.2 385.5 386.5 389.3 393.5 407.9 419.4 427.2 435.9 441.4 449.3 456.8 454.9 447.9 447.2 447.7 445.6 443.8 439.1 427.2 422.3 421.5 417.4 411.8 406.4 409.2 407.3 414.8 420.1 435.3 446.7 443.6 441 441 441 441 441 441 447.8 443.6 443.7 445.7 449.4 448.5 447.5 440.5 436 434.3 425.5 414.5 397.1 385.2 369.4 348 346.3 342 330.2 320.8 314.6 304 299.2 297.3 297.9 297.5 300.6 305.3 316.7 326.1 339.3 348 362.8
325.2 326.9 328 336.2 346.9 358 367.4 377.2 386 392.7 390.3 393 407.8 419.5 427.5 431.1 440.3 447.8 453.9 454.7 449.5 444 445.8 444.4 439.2 437.9 427 417.8 414.2 414 406.5 405.7 402.6 413.5 427.9 436.5 446.5 453.6 448.5 441 441 441 441 441 441 441 441 441 441 449.8 447.3 446.4 440.9 436.4 429.7 418.5 410.8 389.5 373 356.4 333.6 318.7 312.4 310.4 316.4 312.5 297.1 296.8 295.7 296.5 301.3 309 315.8 325 338.2 355.2 361.2 367
329.1 330.7 327.7 334.6 346.2 358.4 368.2 378.5 389.9 397.8 395.1 401.5 414.5 421.9 425 429.5 436.4 444.3 445.8 450.2 445.8 440.2 444.6 439.8 434.9 432.4 420.8 412.1 407.9 409.5 404.5 399.2 407.3 430.1 450.8 453.4 456.4 455.3 454.8 443.1 441 447.4 446.9 441 441 441 441 441 441 441 442.6 452.2 443.9 435.1 423.7 411.2 401 372.8 348.4 335.2 313 306.3 303.2 300.7 300 300.4 295.2 294.3 296.7 301.7 311.6 318 325.4 339.7 361 376.8 372.8 374.1
336 336 330.5 328.1 340.1 354.2 363.7 376.1 390.1 398.4 397.2 405 412 416.9 420.7 423.3 428.8 434.5 440.6 443.2 439.7 434.6 435.3 432.8 426.2 422.2 413 402.5 400.8 402.2 396.5 403.8 420.3 448 461.3 463 462.3 460.3 458 457 453.5 456.9 452.7 451.4 441 441 441 441 442.5 449.7 445.3 450 443.7 431.9 418.4 399.4 379.3 351.7 330.3 314.3 300.6 297.7 291.8 291.5 292.1 292.6 296.4 301.9 308.7 310.8 321.9 330.8 344.2 366 378.5 382.2 379.5 370.6
344.9 345.8 337.3 328.2 335.8 351.6 360.4 367.7 380.1 389.6 388.9 393.6 404.9 410.3 411.9 417.2 422.3 421.9 428 433.7 430.8 426.7 422.4 421.1 417.5 410.6 400.5 393.8 394.6 391.4 390.8 407.3 426.3 445.4 461.2 467.7 465.8 464.5 461 462.7 462.3 458.4 453 452.8 443.6 441 443.8 448.7 459.6 459.5 455.7 448 440.2 425.2 411.8 399 365 335.2 313.1 302.2 295 290.3 290.3 292.4 298.7 306.5 311.1 315.4 315.6 324.5 334.7 345 362.9 382.6 385.8 387.2 383.8 383.2
358.7 355.7 350.3 334.9 338.6 349.8 357.9 362 372 385.1 384.4 394.7 399.5 407.1 410.9 418.3 414.9 415.7 417.7 420.7 423.6 419.8 410.3 411.7 408.6 404.2 392.8 382.8 375.9 371.2 387.1 406.9 426.1 446.1 457.7 465.7 463.1 457.8 461.7 469.1 462.9 456.5 453.1 451.2 450.2 441 446.4 449.2 455.3 455.6 451.9 444.3 439.6 423.6 405.8 392.8 351.5 319.3 303 295.7 291.1 289.4 291.1 294.4 302.2 308.4 313.6 320.6 323.8 339.7 347.2 359 381.9 393.9 394.1 393.7 389.9 387.5
366.4 364.6 355.3 340.2 339.9 340.6 345.5 358.2 368.6 377.3 379.9 390.1 399.5 410.1 413.7 413.3 410.7 410.8 412.5 412.6 410.6 413.8 404.8 398.4 400.3 395.4 384.6 374.6 362.4 362.2 383.5 397.6 412.6 429.2 441.3 452.6 451.9 454.1 462.3 470.2 462.8 457.2 457.5 450.3 444.7 441 445.1 447.5 450.9 451.1 449.1 447.1 437.2 416.7 398.9 370.4 336.5 308.5 297.3 291.1 288 287.6 290.9 296.8 304.7 310.3 317.1 324.7 333.8 349.6 361.7 375.7 393.6 399.4 399.4 399.2 394.8 391.9
365.8 366.3 359.7 344.4 338.1 333.3 343.5 354 361.1 366.6 370 380.6 396.3 406.1 412.6 410.1 408.7 406.2 406 402 397.1 398.5 398 386.5 387.1 382.8 373.5 366.1 353.2 360.4 381.1 385.9 397.8 407.3 424.7 433.2 437.8 443.5 451.4 460.7 463.3 450.6 452.6 454.3 445.4 441 447.1 447.7 444.8 441.3 448.5 440.6 431.7 410.6 385.5 348.8 319.9 298.1 292.3 286.9 287.3 288.1 290.9 299.4 306.9 312.6 320 331 345.4 361.9 378.9 391.7 400.8 404.3 404.8 404.5 399.8 395.7
356.5 360.6 359.4 350.9 340.1 332.5 334.3 337.9 349.2 359.1 367.7 374 390.9 403.2 408 408.1 401.2 397.4 396.1 393 388.4 386.3 388.8 382.9 372.5 368.8 362.6 355.2 342.3 354.7 367.9 375.8 382.1 390.9 401.2 415.4 430.7 440.5 452.3 457.2 460.9 453.4 439.3 446.7 446.3 443 442.9 442 439.9 435.9 442 434.2 423.7 400.7 369.3 332.9 303.3 288.6 285.7 286 286.3 289.7 291.4 301.9 309.1 317.5 330.7 344.3 360.6 373.5 393.3 402.2 407.4 408.9 410 409.5 405 398.9
349.3 353.4 356.8 357.4 344.5 333 333.9 332.9 341.7 356.4 364.3 363.8 382.8 396.8 403.4 399.5 392.8 389 387.6 383.4 378.1 375.5 370.5 367.5 361.8 358.3 353.4 346.4 336.4 344.5 356 360.7 368.7 377.3 389.6 408.9 425.5 438.3 444.6 452.8 456.2 448.8 426.2 426.5 426.7 426.9 439.4 431.7 429.7 431.9 431.7 424.7 409.7 384.6 348 316 292.5 284.1 285.8 286.6 289.1 288.2 296.4 303.9 311.7 325.9 343 357.3 372.5 381 402.7 406.8 412.6 413.2 413.8 414.8 408.3 400.9
342.8 348.4 354.3 354.1 348.7 340 333.5 331.2 336.3 353.1 363.9 356 371 384.2 393.8 390.4 384.2 379.9 378.6 375.9 369 364.4 359 358.4 352.9 348 345.2 335.6 335.5 333 337.6 347.7 359.5 375.3 391.2 401.1 415.2 429.8 436.9 445.7 448.5 441.5 419.5 408.9 402 410.6 422.6 427.4 401.2 418.4 411.9 407.7 393.8 355.9 328.7 301.8 283.5 284.8 286.3 288 287 291.1 298.7 305.8 317.9 337.4 353.7 367 378.4 388.7 404.2 411.1 417.2 416.8 417.3 418.7 409.2 401.7
342.9 344.3 350.4 350 349.7 339.9 332.2 330.4 325.3 345.4 357.5 349.8 360.6 373 370.9 374.1 373.5 372 370.8 363.4 359.1 355.5 351.7 352.5 346.8 340.6 332.9 326 323.4 323.1 332.5 348.4 361 374 385 397.1 404.4 422.8 423.7 430.3 429.9 426.1 403.4 400.6 391.4 395.4 401.9 398.1 390.4 369.9 400.1 382.4 360.7 338.6 308 289.8 284.1 284.7 286 286.4 288.6 292.8 299.6 311.2 328.1 348.2 362 377.3 385.3 396.1 412.5 419.7 420.8 420.5 420 419.7 412.8 405.9
343.3 343.8 344.2 342.1 339.5 330 316.5 317.7 318.2 338.1 352.9 346.9 351.1 365.1 361.2 361.3 363 362.7 358.7 354.5 352.1 352.1 344.3 344.1 341.1 332.6 325.3 317 310.2 320.2 332.7 350.1 362.9 372.5 377.6 386.6 399.7 407.7 405.9 402.1 411.3 415.2 393.9 394.7 383.3 379 375.5 361.3 353.3 338 336.1 333.2 331.3 316.5 291.7 281 285 285.1 286.4 286.7 289.4 293.7 299.4 316.4 339.2 355.2 369.4 383.1 393.2 401.7 414.4 421.9 422.6 423.8 423.3 419.5 412.7 409.3
347.6 340.8 339.7 338.1 331.8 323.5 307.4 307.1 311.1 332 346.2 344.2 340.8 357.2 353.6 352.8 351.7 350.9 351 346.2 345.5 346.5 338.4 335.7 336.1 326.6 319.1 312 309.1 320.6 335.2 347.5 360 367.3 368.4 372.1 382.3 383.3 379.6 378.9 389.3 391.3 385.2 385.8 371.1 360.9 341.2 328 316 304.6 304 297.1 296.8 289.5 280.9 284 283.6 284.2 285.9 286.5 292.1 300.8 311.7 325.4 340.8 353.9 372.7 387.7 398.9 407.6 417.3 426.3 427.3 428.2 426.6 420 412 407.9
332.4 331.9 330.6 333.6 329.1 321.4 307.1 307.1 307.1 326.7 335.5 339.9 336.5 349.6 348.6 344.9 342.5 342.3 340.3 339.4 337.5 332.7 328.1 327.4 326 320.9 315.4 310.5 304.6 316.2 325.2 334.8 349.1 354.4 357 366.5 361.5 366.2 359.4 353.1 358 362.1 358.1 352.1 340.2 331.1 309.1 296.7 293.1 290.3 289.3 285.9 281.1 281.8 282.7 282.5 283.1 284 290.3 292.9 303.7 315.6 326.7 342 352.5 368.6 376.2 391.5 402.1 411.9 425.4 431.3 431 432.3 429.7 420.5 411.7 410.2
328.2 328.5 328.2 331.4 329.6 323.1 310.5 307.1 307.1 312.5 332 335.2 335.7 341.8 342.7 337.8 336.6 334.1 331.6 331.6 329 323.1 318.8 316.4 316.5 312.4 308.9 308 305.8 307.9 315.5 321.8 327.6 330.7 333.6 337.4 331.2 327.4 326.2 329.4 331.9 333.4 329.8 319.1 310.2 296.2 288.7 282.6 277.3 278.7 278.3 280.3 281.9 281 280.1 282.1 287.8 295.9 307.2 314.6 325.7 336.9 350.5 357.7 373.4 383.3 395.6 404.1 407.7 417.8 431.1 434.4 435 434.1 428.9 420.6 411.8 418.9
319.6 327.7 323 325.7 329.9 328 319.3 307.1 307.1 307.1 321.9 333.9 333.1 331 334.8 331.7 328.3 325.7 325.3 322.6 321.1 319.4 315.2 310.2 308.1 307.4 306.4 307.1 306 297.7 308.6 315.7 320 319.8 320.4 318.4 310 306.5 306.3 309.6 313.5 316.5 303.9 292.5 287.8 286.3 280.5 276.7 279.2 280.4 282.9 283.2 281.7 284.1 289.3 298.7 308 316.8 327.4 338.1 351.6 363.3 376 381.4 386.8 390.6 400.6 408.4 414.1 427.8 434.9 439.3 436.6 435.8 427.1 421.1 419.8 424.5
314.9 316.2 319 322.8 327.2 330.9 327.6 310 307.1 307.1 309.6 321.7 325 325.2 326.7 324.4 322 319.1 316.4 314.9 312.6 311.9 310.3 306.4 306.6 307.2 308 306.1 305.4 301.8 303.9 310.1 315.8 314.6 307.5 299.5 296.2 298.5 298.9 298.8 301 292.6 287.2 281.7 279.3 278.2 274.2 277.8 279.4 281.9 284.9 289 294.3 298.8 310.8 319 328 337.8 349.7 362.3 377.1 388.4 395.3 397.9 397.6 403.2 412.5 410.4 420 433.4 439 439.8 438.1 435.2 427.2 426 425.1 421.5
313.1 316.5 318.7 321.6 326.4 330.1 332.3 318.5 307.1 307.1 307.1 312.9 317.5 318.7 319.2 316.7 315.4 311.6 309.7 307.8 306.8 305.6 308 305.7 306.3 309.2 312 310.3 304.6 300.6 290.5 297.9 302.5 302.5 297 291.3 291.4 296 293.9 291.4 288 282 275 272.7 274.4 274.2 277.3 279.8 284.4 289.3 298.3 308.3 315.7 322.9 332.3 341.5 352.5 364.5 379.1 391.1 399.8 408.2 417.1 415.6 413.1 407.7 416.7 425.8 432.1 440.6 440.5 437.4 438.4 433.1 430.7 428.1 427.7 423.8
312.4 317.2 319.1 321.8 326 329.9 332.3 321.4 307.1 307.1 307.1 308.2 311.7 312.6 312 312.7 309.2 307.3 299.1 298.3 297.7 299.2 302.3 305.8 306.8 310.7 316.4 309.8 302.1 298.4 293.6 282.8 287.7 289.9 290.2 286.7 288.9 300.1 290.1 283.4 275.6 270.1 276.1 280.2 279.9 284 287.2 290.8 294.4 302.3 318.2 333.9 344.3 349 355.4 362.9 376.1 400.5 406.5 411.1 418.6 424.9 428.7 430.3 424.4 421.6 426.3 439.3 441.9 443.3 438.6 436.5 436.2 432.3 430.4 429.4 427.4 425
313.4 316.3 319.5 321.9 325.9 329.8 331.1 323.6 310.2 307.1 308.6 308.6 310.3 310.4 310 309.4 304.5 298.4 291.3 291.6 293.1 295.8 298.7 300.5 303.4 305.9 310.6 304.7 296.3 294.1 293.4 285.2 278.9 278.7 279.1 278.8 280.2 281.4 278.7 270.4 271 277.8 286.2 289.8 293.4 297 301.5 305.6 309.3 319 341 359.1 372.9 376.9 381.5 389.9 399.7 419.8 425.6 432.3 437.1 438.3 438.9 435.8 431.6 429.7 429.6 435.1 447.2 442.6 438.4 435.6 435.1 432.6 430.1 428.9 426.1 425.5
314.6 318.5 321.2 322.3 326.4 329.4 330.2 324.5 314.3 309.7 308.4 308.7 312.6 309.4 308.4 305.1 298.9 292.1 287.4 288.6 288.4 290.9 291.5 293.7 296.8 298.6 302.2 298.1 291.9 290 289.8 283.8 277.2 273.6 270.5 271.9 271.4 270.3 267.5 270.7 275.8 281.4 288.8 296.3 303.1 308.7 319.3 328.3 328.6 343.8 367.7 390.1 401.3 405.8 404 413.3 423.3 425.2 435.1 439.5 443 443.8 445.9 442.7 436.7 434.6 431.7 430.8 434.1 440.3 439.6 434.9 434 436.6 429 426.9 426 426.9
312.4 316.9 321.7 322.8 325.3 329.5 332.2 327.8 319.2 307.8 304 305.8 309.1 305.1 303.5 301 294.6 287.7 284.8 281.6 282.8 282.1 285.2 287 288.5 292.6 295.3 292.3 288 288.3 286.5 281.2 276.9 275.5 274 268.9 264.8 268.2 269 272.3 278.4 285.9 295.1 307 315.2 320.6 329.1 344.9 350.2 367.1 391.9 411.5 415.6 422.2 426.7 427 428.5 443.4 447.2 450.6 450 448.9 447.9 445.2 441.8 439.5 434 432.7 432.7 434 439.4 434.9 435.2 437.6 432.2 427.9 425.7 427.6
305.7 310.9 317.4 325.5 324.3 326.5 329.6 327.3 323.2 311.6 302.7 299.5 302.8 298.9 296.2 292.6 288 280.9 279.6 276.9 270.9 273.7 276.2 278.3 279.5 282.8 284.5 285.5 284.4 286.4 282.8 277.8 275.8 275.6 272.5 264.5 266.4 268.1 270 275.9 283.1 294.3 309.9 323.5 326.8 330.8 344 357.3 367.3 382.2 406.6 418.8 425.4 434.9 439.5 439.8 441.5 455.1 454.5 456.3 451.6 447.7 444.9 444.9 444.7 442.3 438.8 434.7 434.2 434.4 436.6 435.4 435.2 439.2 435.2 430.3 427.6 428.2
297 303.8 310.7 317 323.3 324 324.5 324 320.2 310.1 303 298.6 293.2 295.2 287.8 283.7 278.8 276.8 274.4 270.8 265.6 264.8 268 272 272.4 274.7 276.8 277.6 279.8 280.2 277.2 273 271.7 271.3 262.8 265.6 265.8 268.2 272.2 283.6 292.7 302.4 312.5 321.1 331.6 342 351.5 363.1 380 393.6 409.4 427.4 437.4 442.2 447 450 450.6 451.4 453.8 452.9 450.4 445.4 443.1 444.8 444.2 443.3 442.8 439.7 438.9 436.2 435.7 435.6 435.4 437.2 438.4 433.3 429.4 429.3
290.5 295.2 301.2 307.3 314 322.1 320.4 320.8 315.9 304.2 294.9 291.2 282.3 278.9 271.4 273.6 273.6 272.8 270.3 266.7 261.5 259.8 261.9 264.9 269.7 272.1 271.4 271.7 272.4 270.4 268.5 267.7 267.5 263.7 263.1 265.2 269.6 274.4 277.3 288.4 300.5 312 321.3 329.3 339.5 349.8 360.8 370.9 391.5 412.7 429.6 443.1 445.6 446.8 452.3 457.4 457.3 455.2 452 450.2 446.9 440.6 439.5 442.5 446.4 450.7 453.2 444 441.9 437.9 435.2 435.3 435.3 437.6 440 435.6 432.1 432
286.1 287.8 292.6 295.8 301.4 309.8 314.3 315 306.8 301.2 284.1 283.1 277.5 261.3 262.2 267.8 268.9 267.5 265.8 262.9 259.7 257.9 259 261 263.6 264.7 265.3 264.3 262.2 262.2 264.9 265.9 264.9 262.6 263.6 265 272.8 279.9 285.1 297.5 307.8 314.3 322.7 331 345.8 359.1 373.7 387.2 402.6 426.1 440.9 447.6 449.1 450.4 453.7 459 459.2 455.6 452.1 448.5 444.3 436.1 434.8 439.5 445.9 451.1 449.8 442.7 443.1 439.9 435.4 435.4 436.3 439.8 440.4 438.3 436.3 439.3
