example_terrain50/SH84.asc
ncols 200
nrows 200
xllcorner 280000
yllcorner 340000
cellsize 50
[rows 140 to 174 of 200, columns 0 to 77 of 200]
386.3 382 383.3 384.9 391.8 391.1 392.5 395.7 398.7 402.8 405.1 407.9 413.5 421 425.7 431.3 438 444 448 450.8 451.6 452.8 454.5 457 459 460.4 460.9 461.3 460.7 457.9 456.8 455.3 455 453.4 452.3 452.3 449.2 443.5 435.1 431.9 428.4 427 425.8 422.8 418.7 411.8 407.1 405.4 401.9 396.7 388.2 380.1 374 377.7 377.4 380.7 380.7 380.2 378.1 373.1 366.7 357.4 353.2 349.4 339.8 327.4 325.1 330.3 333.7 333.2 331.8 329.7 329.3 328.9 330.2 331.6 335 339.9
383.3 383.6 384.9 384.9 391.7 395.9 396.4 398.6 401.3 404.4 409.2 415 421.4 428.3 434.1 439.9 445 449.4 452.7 453.8 455.4 457.6 458.5 460 461.4 462.5 463.9 463.5 463 461.2 459.8 459.1 458.6 457.4 456.1 454.5 451.8 447.9 438.6 435.4 430.9 428.6 427 424 420.7 415.5 411.2 406.9 400.2 395.4 388.6 384.2 382.8 387.4 385.5 384.2 383.1 381.7 378.2 374.4 369.7 363.2 358.7 352.5 340.9 329.7 325 329.4 331.1 330.5 328.6 326.8 325.1 320.7 321.7 322.8 326.9 330.6
383.6 383.3 386.8 388.1 391 399.5 401.6 402.4 406.8 411.2 416.5 421.7 429 435.4 440.2 446.7 449.9 454.2 457.1 458.3 459.4 461.5 462.4 463.6 464.6 465.5 466.3 466.2 466.6 465.2 462.9 463.2 462.1 460.9 458.9 456.3 453.3 450.2 446.2 441.3 433.6 431 429 426.2 422.4 418 413.1 405.2 403.9 399.3 395 390.5 389.1 391.3 389.6 387.5 384.6 381.7 378.1 374.2 370.6 365.9 360.3 354.7 342.1 333.7 327.5 325.4 326.9 327.3 325.8 324.1 322.7 324.6 322.3 319.9 319.9 324.8
383.6 389.4 390.5 391.3 393 399.8 403.8 406.4 413.9 419.1 423.3 428.5 436.1 441.4 446.5 451.7 454.9 458.4 460.6 462.7 463.8 465 466.4 467.4 468.7 469.5 470.4 470.9 471.1 469.6 467.6 466.8 465.1 462.8 460.6 457.5 454.4 450.9 446.9 442.9 437.2 433.4 431.2 427.2 423.2 418.6 413 411.1 409.7 407.4 400.1 397 394.4 393.9 392.2 389.3 386.4 383.4 378.2 374 370.6 365.2 358.9 352.9 346 343.8 335.4 329 323.6 323.6 322.5 322.2 326.6 328.3 325.8 319.1 319.3 322.1
383.6 392.8 395 395 400.6 405.9 404.7 411.1 419 422.2 426.9 431.7 439.1 445 449.8 454.2 458.5 461.6 463.8 466.1 468.7 469.6 470.8 472.2 473.3 474.1 474.9 475.7 476 474.4 472.2 469.9 467.3 465.1 461.9 458.5 455.4 451.6 447.3 444 439.7 435.5 431.4 427.9 423.8 418.2 415.9 415.5 414.2 412.6 410.7 405.9 398.3 396.5 394.1 391.2 388.3 384.9 380.7 376.9 373.6 369.7 363.7 357.9 353.4 351 346.9 335.7 330.4 327.4 328.4 328.8 328.7 327.4 324.2 318 317.1 320.9
390 393.9 396.6 397.5 405.2 411.1 411.5 411.2 419.1 425.2 429.6 433.4 440.2 446.4 451.2 455.4 459.7 463.2 465.6 468.1 471.4 473.2 475.4 476.9 477.8 478.4 479.2 479.9 479.4 478.3 477.2 474 470.7 467.6 463.9 460.2 456.9 453.7 448.5 444.4 440.1 436.4 431.6 425.8 423.8 422.7 419.7 420.5 418.3 418.3 417 412.6 401.1 398.4 396 393.1 390.1 386.4 383.7 380.9 377.1 372.3 367.2 362.9 358.5 355.5 351.1 341.7 334.5 331.6 331.7 330 328.1 325.3 320.1 315.6 316.1 319.6
391.1 397.4 401 399.5 407.5 413.9 414.8 417.1 418.6 427.8 431.1 434.8 439.5 447 451.9 456.5 460.5 464.5 466.8 470.1 473.5 476.2 478.3 479.8 480.7 481.3 482.1 483.6 482.9 481.8 481.3 479.3 476.1 472.6 469 465.3 461 456.2 451.4 444.6 438.3 435.1 431 429.3 427.5 425.7 422.7 424.5 422.8 421.7 422.4 418.8 409.8 402.4 398 394.8 392.1 389.9 387.3 383.9 380.3 374.7 369.7 365.8 361.8 357.6 353.6 343.9 336.9 335.2 333.6 330.7 326.6 322.9 317.6 313.8 315.8 317.7
394 398.9 404.9 402.6 407.9 413.8 417.2 421 425.7 428.6 433.7 436.8 441 447 452.6 457.9 460.5 464.5 467.8 471.3 474.8 477.9 480.5 482.3 483.4 484.2 484.9 486.1 487.1 486 484.4 482.7 480.9 477.8 474.2 470.3 464.7 459.7 453 444.9 437.9 433.8 432 431.1 429.8 427.6 425.8 426.8 426 427.1 427.3 424.6 417.7 412.7 405.6 398.6 395 393.1 390.9 387.3 383 377.1 372 367.6 363.4 359.1 354.6 345.8 339.3 337.2 334.3 331 325.8 320 315.7 312.6 314.6 316
394.5 401.4 410.6 409.3 411 416.6 421.8 426.5 430.1 426.4 433.1 438.3 442 447.5 453.6 458.2 461.8 465.3 469.6 471.9 475.4 478.5 481.4 483.4 485.6 486.8 488.5 489.5 490.1 489.1 489.3 487.7 485.5 482.4 478.7 473.4 468.1 461.6 453.7 445.6 439.4 433.9 436 435 431.9 430.3 429.4 428.9 430.2 431.4 431.4 430 423.2 417.4 411.7 404.8 397.8 397.4 394.5 390.7 386.5 379.4 374.5 369.7 364.6 359.7 354.9 347.2 342 338 334.7 330.5 324.9 317.8 315.1 313.1 313 314.5
400.2 405.3 411.4 412.8 415.6 421.6 428.6 432.6 434 434 432.1 438.6 442.9 448 453.3 457.5 461.2 465.5 470.7 473.9 477.4 480.2 482.7 485 488.1 489.4 491.9 492.7 492.4 492.1 492 491.1 489.5 486.7 483.1 477.6 470.1 462.7 455.8 447.9 442.2 437.3 440 440.6 438.3 433.5 433.4 433.4 434.8 435.6 435.8 436.3 431.3 424.3 418.9 410.6 403.2 400.5 397.7 394.3 389.8 382.7 376.1 370.6 365.5 360.6 355.4 348.2 343 338.9 335.6 330.2 323.7 318 315 313.2 312.4 312.7
405.5 411.9 416 415.6 419.1 428.2 432.8 436.5 436.8 437.9 439.4 440.7 444.3 448.2 453.4 457 461.2 465.9 471.4 475.2 479.3 482.2 484.3 487.5 489.7 491.4 493.4 494.7 494.6 494.8 494.7 495.3 493.3 490.3 487.4 481.2 474.5 466.1 458.8 452 444.6 444.4 447.9 446.6 445.2 443.2 445.5 443.4 443.8 444.4 438.6 437.2 435.4 432.3 424.6 416.3 410.3 404.8 400.9 397.5 393.2 387.6 379.7 373.4 367.3 361.3 356.2 350.3 347.2 342.9 338.2 332.2 326.3 319.8 315.4 313.4 311.6 310.6
407.3 414.1 418.4 417.3 421.5 431.7 435 437.6 439.7 440.6 441.6 442.7 444.5 449.7 455 460.1 464.6 468.5 472.8 477.2 481.4 484.4 486.7 489.5 491 492.6 494.4 496 496.5 497.1 498.1 499 497.3 494.3 490.6 483.9 477.8 470 462.9 455.1 448.8 451.4 453.3 454.4 453.9 450.9 447.8 446.5 450.6 450.6 443.4 439.8 439.2 438.3 432.2 424.2 416.1 409.7 405.6 401 396.6 390.3 383.3 375.6 367.7 360.5 359.1 356.9 352.1 346 339.7 333 326.6 321.8 317.5 314.9 311.6 310.5
407.8 414.5 419 419 425.1 434.1 437 439 441.8 443.3 444.8 447.1 449.6 453.9 456.1 463.8 468.3 471.9 475.7 480.2 483.6 486.2 488.6 490.7 492.1 493.7 495.6 497.3 499.2 499.8 501 501.3 501.3 498.3 493.1 487.8 480.3 472.8 465.7 455.5 458.9 457.9 454.9 456.3 455.2 455.6 451.9 448.4 451.2 456 450.3 444 441.6 440.5 436.8 430 423.3 414.2 409 404.7 400.3 393.4 387.1 379.1 368.1 368.6 363.8 361 355.7 348.3 342.3 337.1 332.4 326.8 321.1 317 312.9 310.7
407.6 414.3 423.8 424 427.8 434.5 439.9 442.7 446 447.4 447.7 451.5 453.2 458.2 461.7 466.1 470 472.8 477 482.1 484.3 487.1 489.9 492.1 493.4 495 496.8 498.5 500.4 502.2 503.7 503.6 503.2 500.5 495.4 490 483.9 476.5 467.1 463.8 465.4 462.6 460.4 459.6 457.4 457.1 452.1 449.1 450.9 457.9 456.8 447.8 442 438.8 437.6 434.6 429.3 419.1 414.4 409.2 403.8 396.4 388.7 383.7 380.3 375.5 369.9 366.4 360 352.8 347.9 343.1 338.5 333.6 325.6 318.1 314.8 312.2
408.9 415.5 424.1 426 430.5 436.3 442.1 445.6 448.9 451.7 451.9 453.1 455.5 460.6 464.9 466.7 469.9 473.5 478 482.7 484.8 487.3 490 492.6 494.5 496.3 498 499.7 501.5 503.5 505.6 505.8 504.2 501.9 498.5 493.5 487.4 479.9 467.9 470.8 471.1 468.2 466.1 464 463.1 460.3 456.1 449.7 454.7 465.6 462.3 453 446.7 439 437.9 436.2 434 427.6 419.1 411.9 405.9 392.4 395.2 393.6 386.2 380.1 374.2 369.1 362.5 359.8 357.1 351.8 346.5 340.4 330.4 322.8 317.3 314.1
409.8 416.2 425.3 426.8 431.4 437.8 441.7 447.3 453.8 455.7 454.3 453.9 457.6 462.1 467 470.2 472.9 473.1 476.1 480.1 483.6 487.4 490.1 492.7 494.3 496.8 499.1 500.8 502.9 505.9 507.4 506.9 505.3 503.1 499.9 495 489 479.1 478.8 479.3 477.4 476.6 472.3 465 466.1 466.8 465 465.3 466 471.4 466.5 458.6 455.5 448.6 437.3 437.5 436.1 432.2 426.1 414.8 407.6 402.6 404.8 402.4 395.6 384.3 379.1 371 372.6 369.9 366.6 361.8 353.9 345.6 336.9 328.7 322.3 317
408.7 415 422.8 426.4 430.4 436 441.1 446.9 455.5 458.6 457.1 455.5 457.8 464.9 468.4 473 474.2 474.7 475.1 477.1 479.4 484.4 487.5 491.2 493.8 496.8 499.8 501.9 504.7 508.2 509 507.7 506.3 503.3 500.1 496.1 487.7 482.7 486.7 490 492 488.5 487.2 484.7 483.5 479.2 476.2 474 475.5 475.3 469.4 462.4 460.2 453.8 442.4 435.4 435.7 434.8 428.2 420.5 417.4 410 416.4 412.9 407.2 394.4 384.8 378.4 380.3 378.1 373.7 366 360.4 352.3 343.2 335 327.4 321.5
409.8 414.6 421.6 425.1 428.8 434.7 439.1 446.4 454 458.7 458.9 458 460 466.5 471.1 475.7 476.9 477.5 477.8 476.7 478.2 480.4 484.8 489.5 493.2 496.5 499.4 503.3 506.6 509 509.7 508.8 508 505.4 501.9 496.2 488.3 493.7 498.7 504.2 512.8 507.1 503.8 504.4 500.7 501.4 487.7 483.8 482.5 480.3 474.4 467.4 460.9 454.8 448 438.4 432.9 432.8 428.3 428.4 418.9 422.5 422.7 421.5 419 408.2 396 387.2 389.4 382.2 376.7 372.6 366.6 359.7 352.1 341.9 333.7 327.9
411.3 416 421.1 423.8 427.1 431.9 440.6 444.1 450.1 457 460.6 458.6 460.7 464.5 470 475.6 478.3 477.3 478.2 477.9 477.4 478.3 481.6 486 490.2 494.9 499.5 503.6 507.8 509.6 511 510.5 509.5 507.6 504.5 493.7 497.8 500.6 508.7 520.4 525.2 524.1 520.1 517.1 513.7 508.8 498.3 494.1 490.8 486.5 478 468 461.5 454.9 452.4 449 436.9 438.2 440.3 429.2 430.9 429.1 430.6 427.5 423.1 413.8 406 394.9 391 386.2 382.3 378.4 372.9 365 357.4 351.9 341.8 334.9
410.3 414.9 419.4 422.2 425.5 430.7 438.8 443.5 448.6 454.6 458.2 458.2 459.8 463.9 469.1 472.5 473.7 475.7 476.9 477.5 479 479 480.8 483.9 488.4 493 499.2 504 508.3 510.2 511.9 511.9 510.6 509.3 503.5 502.8 507.4 513.6 526 536.1 537.1 534.4 530.6 527.3 522.7 517.6 509.6 507.2 498.7 486.4 475.7 466.9 458.3 453.4 453 453 450.4 452.3 450.6 439.3 438.6 437.7 435.3 430.7 425.8 418 412.4 402.1 394.9 392.1 388.6 383.4 378.1 371.8 364.9 358 349.7 343
411 414.1 417.5 421 424.8 428.3 433.9 440.5 445.8 452.6 456 459.9 460.6 463.2 466.9 470.9 473.2 475.7 477.9 478.6 479.3 480.3 480.5 482.6 485.2 490.1 497.3 504 508.6 511.3 513 512.6 512.1 510.2 508.6 518.1 523.7 537.2 549.7 551.6 549.4 547.2 543.5 539.6 536.5 533.3 531.6 527.2 510.6 487 473.8 465.6 455 453 453 453 453.3 451.8 450.2 445.2 445.1 443.4 438.6 433.7 427.6 421.9 417.7 412.2 398.7 396.4 393.4 388.9 384.9 379.8 374.5 366.2 357 351.8
412.9 416.1 418.2 420.8 424.2 427.5 430.8 435.6 442.3 448.6 454.8 459.6 459.4 461.3 463.3 469.5 473.7 478.5 479.5 479.8 479.9 480.7 482.5 484.3 485.6 487.2 494.9 502.7 508.4 512.5 514.2 514.3 515.6 515.8 520.3 532 537.5 552.8 564.2 568 564.7 561.5 558.6 556.9 555.7 553.7 551.2 547.1 526.9 497.6 474.4 461.8 453 453 453 453 454.6 452.4 450.5 447.5 446.1 446.2 442.9 437.7 431.8 427.1 422.8 419.6 408.4 401 398.1 395.2 391.9 388.2 382.6 375.5 367.3 360.1
414.8 416.8 418.8 420.8 424.3 426.7 429.2 432.9 439.1 443.7 448.9 453.5 457 458.9 461.6 469 473.7 478.7 480.9 481.2 482.5 484.7 485.9 488.9 490.4 491.9 494.1 501.9 508.7 513.4 516.2 518.7 521.4 523.5 531.7 547.7 553.1 559.5 568.9 572.3 575.6 574.9 573.5 572.2 571.8 569.9 564.1 559.1 531.3 499.9 474.4 458.5 453 453 453 453 453.5 457 451.2 450.1 446.8 445.4 445.3 442.5 437.7 432.1 428.6 423.1 417.8 404.8 402.3 400.4 398.1 395.4 389.2 382.2 375.9 370.6
414.1 417.4 419.5 421 423.9 425.9 428 429.9 434.1 438.6 446 451.5 454.6 456 459.8 463.3 470.3 476.8 481.4 484.9 486.2 490.5 493.8 495.7 497.1 498.8 499.1 502 510.1 515.7 519.5 523 526.4 531.5 538.3 549 559 568.3 577.7 579.8 586.1 590.1 589.4 586.9 585.9 581.9 577.1 569.4 531 502.2 475.6 461.3 454.7 453 453 453 453 457 458.8 455.3 451.8 450.4 447.3 446.5 442.8 437.8 432.6 427.5 422.7 414.6 408 404.2 403.1 401.3 396.2 389.8 384.8 379.1
414.3 416.3 418.8 420.6 423.2 425.3 427.9 429.3 431.1 435.6 442.3 448.5 449.6 452.4 456.3 460.6 465.9 473.3 479.8 486.1 489.1 494.1 498.2 502.7 503.6 504.8 504.8 505.9 512.9 520.3 524.3 530.9 535.6 539.8 546.2 556.9 570.2 585 595 595.5 597.2 608.9 609 605.4 602.6 598 592.4 587.8 546.7 509.2 481.7 464.3 453.6 453 453 453 453 453 461.2 457.7 459.4 457.5 452.4 451.6 448.3 443.7 439.1 434.2 427.4 420.1 413 410.2 408.6 407 402.8 397.6 392 385.9
413.8 415.3 417.4 419.4 422.6 425.6 428.5 431 433.5 437.1 439.6 443.2 445.9 449.8 453.4 457 461.7 468.6 475.9 482.8 491.5 500 503.1 505.6 511.7 512.5 511.7 513.7 518.5 526.4 531 539.9 545.6 554.3 560.9 576.8 587.9 601.6 613.9 616.6 622.8 629.8 633.3 626.4 619.7 613.1 607.3 603.5 569.6 521.6 489.1 463.6 453 453 453 453 453 453 458.4 458.5 458.3 459 455.8 454.5 452.9 449 444.8 440 434.4 427.7 418.8 415.4 414.4 411.9 409.5 405.6 399 393.6
412 412.2 415 418.4 422.2 425.4 429.4 432.9 436 438.4 441 443.3 444.3 447.1 450.6 454 458.3 464.9 474.3 479.6 483.2 491.1 498.7 506.4 516.8 518 519 522.3 528.8 535.9 539.2 545.5 553.2 567.1 582.7 603.9 616.2 632.3 644.7 653 661.8 660.7 657 650.7 639.9 630.2 621.2 618.9 587.2 535.4 495.5 462.8 453 453 453 453 453 453 462.6 459.1 458.7 458.5 455.8 456 457.5 451.7 450.4 444.9 442 439.9 429.9 419.2 418.4 416.8 415 411.5 406.9 399.2
407.5 411.1 413.2 417 421 424.9 428.8 432.3 435.7 438.6 442.1 443 443.9 445.6 448.4 451.8 456.4 462.7 468.9 476.8 480.1 483.9 490.6 498.1 505.7 511.4 518.2 523.8 529.4 535.7 541 547.1 558 576.4 604.7 632.1 657.5 665.2 668.9 676 683.8 679.2 673.2 668.4 659.2 648 637.6 629.8 602.6 552.4 506.6 475 453 453 453 453 453 453 457.9 459.5 462.6 463 463.6 460.2 462.9 457.6 455.9 453.1 449.1 446.5 438 426 421.8 420.6 419.3 415.5 410.6 404.6
407.5 410 412.1 415.9 419.9 423.9 427.3 430.8 434.4 437.7 444 442.9 442.7 444.7 447.8 451.2 455.2 459.4 465.6 472.6 478.2 481.3 487.3 493.5 498.2 506.2 515.2 520.5 526.1 533.6 541.9 550 562 584.5 608.7 637.9 659 667.8 674.5 681.1 687.2 685.1 680.2 676.4 670.5 665 654.3 641.8 617.4 571.3 526.2 490.3 461.4 453 453 453 453 453 453 458.7 462.6 467.9 470.7 470.2 471.2 469.6 462.8 464.2 460.4 453.8 447.7 439.2 429 422.5 420.2 418.3 413.8 408.1
406 409.1 411.6 414.3 418.2 422.4 425.8 429.3 432.9 436.3 439.6 440.1 442.1 444.4 447.6 451 454.7 459.3 464 468.8 473.1 478.4 483.1 488.1 493.9 501.5 509.5 515.3 521.5 532 539.5 547.2 560.5 580.9 602.1 626.8 648.3 660 666.7 674.6 681.2 684.3 680.3 676 673.9 670.7 665.5 654.2 635 601.2 547.3 505.9 474.4 458.6 454.8 453 453 453 453 456.4 461.9 468.9 472.3 474.9 477.4 479.8 475.4 474.1 473.1 465.3 452.9 443.4 438.9 425.3 422.8 421.3 415.4 410.5
404.3 409.4 411.7 413.1 415.7 420.7 424.3 427.8 430.3 433.5 436.3 440.3 442.2 444.4 447.4 450.9 454.6 458.7 462.7 467.3 470.9 474.9 479.3 484.3 490.1 498.3 505.6 511.2 516.7 527.2 533.9 542.6 557.5 573.2 593.1 612.9 631.1 646.6 656.4 665.2 670.7 675.4 673.4 671.4 673 670.8 666.2 658.1 646.7 629.6 573 528.3 496.2 479.6 474 472.1 463.5 459.3 455.3 460 466.3 469.6 475.1 480 481.9 484.1 482.4 480.8 480.4 477.2 470.4 457.2 443.3 429.3 425.2 421.1 416.5 411.7
402.9 405.3 408.7 410.6 413.3 414.4 416.6 422.1 428 433 436.7 440.5 442.2 445 447.2 450.8 454.5 457.7 461.2 464.5 468 470.3 474.9 481.1 488.5 495.6 502.9 508.2 513.9 524.7 529.2 539.2 550.4 565.3 583.1 600.5 617.9 636.8 651.9 661 665.6 668.1 667.3 669.8 670.6 668.4 663.8 656 644.4 629.1 599.3 556.4 526.2 499.3 491.4 486.6 481.7 474.8 474.3 471.7 470.9 471.6 480 487.4 486.9 489.9 491.5 488.8 488.5 483.7 477.8 473.4 458.6 436.7 423.5 420.7 417.2 411.5
401.8 403.5 406 407.3 411.3 415.7 419.5 424.7 427.9 427.5 435 439.8 442.4 445.9 447 448.8 452.1 454.6 457 459.8 462.1 464.9 470.9 482.1 489.3 494.5 500.4 505.5 511.8 520.2 525.9 535.3 546.3 558.6 576.5 592 607 624.8 642.6 654.5 659.6 664.7 666.6 668.4 668.2 664.5 659.8 652.9 640.4 624.2 601.3 571.5 540.2 522.4 510.5 502.3 495 490.4 488.4 482 477.2 478.6 486.2 492.4 494.9 492.4 494.5 490.5 488.3 484.6 480.1 475.7 466.4 454 430.1 421.1 415.9 410.8
401.3 403.7 406.3 410.8 413.5 417.8 421.6 427.5 430.3 431.4 437 437.6 442.8 443.6 446.7 447.5 449.4 452.9 457.8 462.9 468.1 472.5 476.7 484.1 489.5 493.9 498.8 503.5 509.2 515.8 524.4 533.5 542.4 553.6 568.9 582.2 596 612.1 628.7 645.1 654.6 661.3 663.7 665.3 665.1 661.2 656.3 648.6 636.6 620 600.4 577 551.1 530.7 518.7 507.2 502.9 506.9 495 490.6 490.5 494.5 494.9 496.1 495.2 495.6 492.5 491.8 488.7 487.9 484.6 482.8 479.1 468.9 447.8 422.9 414.1 408.9
404 406.1 409.1 413.3 417 420.4 424.5 429 434.6 434.4 435.9 440.1 444.5 447.8 449.6 452.1 454.3 456.2 462.7 467.8 473.1 477.4 480.8 484.8 488.6 493.3 496.8 501 505.9 512.8 521 528.9 538.4 548.2 562.5 576.6 586.7 602.4 617.5 631.1 646.3 656.6 660.4 662.6 662.4 658.6 651.6 643.6 632.7 617.2 599.7 579.2 559.8 538.5 523.2 513.9 510.4 508.2 505.2 498.5 497.5 499.9 499.6 498.9 496.6 497.1 495.9 491.4 488.8 484.7 483.7 484.1 478 468.2 453.7 442 418.3 406.8
