example_terrain50/SH92.asc
ncols 200
nrows 200
xllcorner 290000
yllcorner 320000
cellsize 50
[rows 0 to 34 of 200, columns 78 to 155 of 200]
489.1 497 504.5 510.6 516.5 522.9 523.4 515.9 501.3 475.7 429.8 409.2 385 373.8 379.1 391.8 407.2 420 423.1 412.1 406.5 387.7 372.3 365.1 357 343.4 328.8 338.5 357 371 388 405.7 417.6 433 444.4 448.2 443.5 436.5 432.4 431.9 432.1 424.9 416.5 410.8 406.6 403.5 398.7 388.9 380 371.4 359.6 366.4 378.5 396.3 414.1 430.4 445.2 458.5 469.8 478.8 484.4 491.2 500 508.3 515.9 526.8 532.2 535.3 536.4 534 525.9 516.1 507.8 496.5 485.9 471.8 468.4 466.1
493.7 501.5 509.6 516.5 523.9 529.6 528.8 513 496.4 466.4 431.7 407.6 389.4 388 399.4 414.2 432.5 453.2 463.7 439.5 421 402.9 384 372.9 365 351.7 333.9 329.1 347 363.1 378.6 395.6 415.3 432.1 439.9 440.6 438.7 434.9 435.1 438 436.5 430 424.5 422 418.3 414.2 412.1 403.5 392 381.5 367.6 363.5 372.4 383.9 400.8 418.9 434.9 450 462 472.6 483 492.3 502.3 513.1 521.7 530.7 535.6 540.3 542.7 541.7 535 525.7 516.4 503.5 492.1 480.7 475.3 473.9
499.9 508.4 516 523.2 529.6 533.2 528 509.7 483.6 455.7 432.3 409.6 401.4 405.7 420.2 437.9 460.3 486.4 484.1 456.3 437.3 417.3 397.1 382.7 371.9 353.9 337.1 330.6 339.5 356.5 369.6 386.9 407.6 426.9 433.9 434.2 433.8 435 438.2 443.1 440.4 436.8 434.4 431.8 429 425.3 422 414.9 405.4 391.9 376 364.9 369.9 377.3 390.6 406.8 422.6 438.3 453.3 466.6 478.4 488.4 502.7 514.3 521.5 531.1 537.1 541.7 544.3 545.5 540.9 534.9 526.3 518.9 502.3 489.7 482.3 479.7
507.2 515.1 522.1 529 533.4 534.1 528.8 513.6 482.9 458.1 436.4 420.8 417.7 425.5 440.8 460.5 489.6 510.7 504.6 478.6 456 429 406.8 389.6 379 361.1 344.2 332.1 341.1 350.6 361.7 379.8 399.2 417.7 425.6 430.5 432.1 435.8 442.5 446.9 444.7 443.4 442.8 441.7 440.4 440.6 438.3 431.9 417 400.6 382.1 374 367.6 374.2 382.8 395.8 411.2 428.1 445.3 458.5 471.7 484.2 499.4 509.9 519.4 529.7 535.7 541.2 544.7 546 547.1 543.9 536.1 525.6 509.4 498.4 490.6 486.2
513.9 519.9 526.2 531.7 536.2 537.4 532.2 521.1 492.7 467 445.8 433.3 435.2 445.5 461.3 485.4 515.7 528.3 519.9 504.3 479.6 444.3 417.7 398.7 382.8 367.2 348.2 333.5 339.4 346.2 356.5 370 389 406 414.9 422.6 430.4 437.6 447 450.6 449.6 449.4 451.4 454.5 456.1 456.2 454.1 447.9 434.6 414.5 394.1 381.7 371.6 372.1 377.8 387.2 399.2 415.7 433.8 449.2 463.6 478.5 492.8 502.6 513.5 523 530.8 537.7 543 544.8 548.5 546.5 539.8 528.4 515.4 505.5 498.6 493.2
516.1 522.9 529.1 533.9 538.3 540.1 538.3 529.5 502.9 477.4 458.4 450.5 451.7 465 484.8 511.4 535.7 538.5 527 512.1 483.7 450.9 427 405.5 384.1 366 347.2 334.5 337.8 340.6 350.9 362.8 376.9 392.2 403.6 417.8 429.8 440.2 451 454.2 454.9 456.5 461.2 467.2 472.4 473.6 469.9 462 449 429.2 406 388.2 380.8 371.2 373.8 383.5 390.6 404.9 419.2 435.6 451.9 469.2 483.1 494.2 505.6 515.4 524.2 532.1 537.4 542.9 545.7 544.3 542.6 531.8 520.3 510.8 504.5 503.3
519.4 524.7 530.2 536 541.4 545 545.4 542.6 517.8 494.4 477.8 469.7 473.7 487.2 511 541.1 548.7 545.5 531.6 511.9 480.9 452.8 433.1 409.4 385 362.2 341.6 336.8 338.6 341.3 344.7 354.5 365.2 379 396.5 413.5 428.1 442.7 454.4 456.8 461.2 465.9 472.6 479.9 485.9 485.6 481.6 475.5 463.4 442.2 419.4 396.7 384 379.7 373.4 381.1 387.3 396.8 407.8 423.2 439.1 457.3 472.1 484.2 496.7 507.2 516.2 524.7 531.4 538.7 541.3 543.8 544.8 533.5 523.6 514.1 511 511
520 525.9 531.4 536.7 543.8 548.3 552.1 556.7 540.8 516.5 500.2 492.4 497.3 514.4 538.7 558 559.6 551.2 540.9 514.6 480.2 451.4 428.8 404.2 381.1 360.2 337.3 338.3 340.1 342.2 345.2 348.5 355.6 370.2 389.5 409.5 426.5 443.8 455.2 460.4 469.2 475.6 482.2 491.2 497.5 496.5 493.8 489.6 477.3 457.7 433.4 408.3 391.5 382.9 378.1 377.7 381.6 393.3 400.2 411.4 425.7 443.8 460.7 474.6 486.7 498.7 508.1 516.2 520.9 528.2 534 539.6 538.9 532 524.4 518 517.3 519.5
518.7 525.8 531.8 540 545.9 552 559.8 569.1 572.3 544 525.3 518.5 524.6 543.6 567.1 568.6 564.5 553.9 539 511.7 474.4 444.8 421 397.6 376.1 358.2 343.7 338.1 340.5 345.7 355.3 358.8 354.2 363.3 383.8 404.9 424.8 443.4 455.1 459.4 470.1 484.1 491.8 500.5 505.9 507.4 505.1 502.1 491.6 473.1 448.1 425.8 407.6 394.2 387.9 383.3 381.7 389.8 397.2 405.8 415.3 430.3 447.5 462.9 475.3 487.8 497.2 507.2 513.4 520.6 525.9 529.9 528.3 527.1 522.8 521.1 521.3 523.8
515.4 523 529.9 538.2 545.5 554.5 564.7 576.6 588.7 588 574.7 557.7 561.8 576.2 578.6 574.9 567.1 553.6 528.6 493.2 461.6 435.2 413 390.2 370.5 354.5 342 338.8 342.3 353.4 362 367.6 365.3 357.8 378.1 398.9 418.6 439.1 451.8 458.8 470.3 484.7 496.1 506.1 513.3 516.1 515.5 513 502.3 483.8 463.5 439.6 422.3 409.5 398.5 390.6 384.5 390.2 396.4 401.4 408.6 418.1 435.1 450.9 464.5 475.2 484.5 494.9 505.3 511.7 515.4 519.3 518.4 518.1 518.1 519.5 521.5 525.4
510.2 517.9 525.6 534.2 545 554.6 564.7 577.4 591.4 597.5 593.8 591 589.5 588.1 584.8 578.1 565 544.1 511.9 479.3 450.3 425.5 404.2 382.7 365.1 350.8 340.6 339.3 346.1 355.9 365.9 372.9 376.2 363.9 370.2 390.6 409.2 428.1 444.1 453.8 467.9 485 497 508.5 517.5 521.6 522.1 519.9 509.5 493.7 475.1 455.4 439.6 424.8 411.4 399.3 389.3 390.2 395.8 399.6 403.6 412.7 425 439.5 453 464.3 472.7 481.3 491.1 500.1 504.6 507 508 508.5 511.1 513.2 517 524
501.7 511.6 520.7 530.3 540.9 551.5 562.6 577.1 594.1 600.7 601.3 600 598.2 594 589 577.3 558.9 530 497.6 464.9 437.4 414.4 394.4 375.2 360.2 347.5 340.2 341 348.5 358.5 371.1 380.4 385.2 386.4 369.6 379.7 397.8 414.8 432.5 443.1 463.3 481.1 494.9 508.5 519.4 524.7 526.5 524.9 517.4 507 492 475.4 459.8 442.1 424.8 410.3 396.7 390.5 395.8 399.8 403.7 409.4 418.2 430.4 441 450.7 458.6 467.2 476.6 485.3 491.1 493.2 494.7 499.1 502.2 508.6 515 521.5
495.5 505.4 517.5 525.3 534.5 547.6 559.5 575.9 594.5 605.4 607 606.3 604.1 599.5 588.4 572.2 545.8 514 481.6 450.6 424.8 403.1 384 367.3 355.5 345.1 340.3 343 353.5 365.1 378.7 387.4 394 398.5 388.1 374 383.2 402.2 419.5 432.9 452.8 472.6 489.4 506.3 520 526.4 529.7 529.5 525.5 519 508.7 491.8 475.2 457.4 439.6 422.3 404.8 393.5 393.9 399.8 403.7 407.8 414.7 422 431.3 441.9 448.9 454.7 461.5 467.8 473.6 477.7 482.6 488.2 495.2 501.9 508.3 515.4
488.3 497.8 511.8 518 529.8 543.3 557.2 575.9 594.8 605.3 608.6 608.2 605.5 598.7 583.7 558.7 527.1 495.1 466.3 437.2 413.2 393 375.6 361.6 351 342.1 340.9 348.4 360.4 374.3 386.8 396 403.3 411.3 406.5 399 382.3 389.4 408.2 424.7 445.2 465.5 484.1 503.3 519.2 528.4 533.4 533.5 533.2 527.5 517.9 505 490 468.9 449.7 430.8 413.8 401.5 391.9 399.1 402.9 405 412 418.2 424.8 434.9 441.3 445.6 450.6 452.4 457.3 462.3 468.1 473.7 482.8 491.6 498.9 507
480.6 489.4 499.8 511.9 523.6 538.4 556.1 576.9 593.2 604.4 609.7 609.1 603.8 593.6 573.7 543.5 510.5 476.5 449.7 423.7 400.7 381.1 366.4 354 346.1 341.4 346 355.6 369.3 384.3 396 405.5 412.6 420.9 422.6 415.1 402.5 384.4 399.2 420.5 440.4 465.4 484.2 504 521.3 530 535 537.9 539.9 535.7 529.9 521.1 505.5 487 466 446.6 427.7 411 401.9 396 398.1 402.2 408.8 414.2 419.9 425.8 428.8 435.5 442.7 451.9 456.5 461.1 462.8 466.4 474.2 481.4 490.8 497.3
473.4 483 494.9 509 525.7 541.3 560.3 579.6 595.1 605.4 609.1 607.2 599.3 584.5 559 525.5 490.9 460.7 434.1 410.5 389.9 371 358.1 346.4 342.2 345.2 352.6 364.4 380.3 394.2 405 413.6 424.3 432.9 433.7 432.1 415.6 401.8 397.6 419.8 444.2 468.3 487.8 506 522.8 532.7 537.9 543.5 549.2 546.6 542.8 534.5 523.4 508.7 485.6 467 448.1 428.1 416.9 406.5 399.9 405.5 409 413.2 420.1 427 433.9 441 448.3 455.1 460.7 465.9 470.6 472.8 474.6 480.9 483.9 492.5
475.7 483.6 495.1 509.9 526.6 545 565.3 585.7 601.5 607.5 608 603.2 592.8 572.6 541.8 505.7 471.3 444.2 420 398.7 378.5 363.4 350.7 343 342.7 349.6 359.2 373.6 390.6 403.8 415.9 427.6 438 444.4 445.4 441.8 422.3 405.4 399.1 418.7 447.4 472.3 493.3 511.1 526.1 537.9 545.9 551.7 556.5 556.2 552.2 546.3 535.6 521.9 501.9 483.3 468.2 449.7 436.1 420.7 410 406.1 410.4 415.7 421.2 427.6 434.1 442.1 449.9 457 462.7 470.5 475.5 480.6 484.7 488.8 492.4 494.8
477.6 484.3 496.3 510.6 529.1 549.3 571.4 594.2 608.2 609.6 606.4 597.8 584.4 556.5 522.1 486.4 456.8 430.1 406.7 385.5 368 355.3 345 343.6 347.2 355.9 367.8 386.3 403 415.5 427.6 440.7 451.6 456.9 457.6 452.3 430.9 413.7 402 421.5 450.1 475 496.9 515.3 530 542.8 550.5 557.6 562.8 563.7 560.4 554.3 543.8 527 510.3 494.7 478.2 462.3 450.1 435.9 423.8 416.5 409.8 415.3 421.3 427.6 434 442.3 451 458.9 466.4 475.8 483 490.2 493.8 497.1 500.8 502.4
478.2 484.2 495.3 510.3 529.4 552.7 576.6 599.2 611.6 609.3 601.3 592.3 570.4 538.2 502.6 468.1 441.2 417.4 395 375 360.1 349.5 344.5 344.5 353.9 363.8 379.3 400.2 415.7 428.2 441.5 455.5 465.1 469.9 470.1 463.6 442.6 419.6 405.5 424 454.5 478 499.1 519.4 534.7 547.3 555.2 563.4 569 570.3 568.2 560.7 548.5 530.6 516.2 502.3 486.6 471.8 463 451.9 438.3 429.4 421.4 415.3 421.4 427.8 434.2 442.1 450.8 460.4 472.8 483.3 490.8 498.4 502.8 506.2 509.4 511.2
476.3 483.2 492.1 507 527.8 550.8 573.1 593.7 605.2 604.2 596.1 582.9 555.1 519 483.3 453.6 426.6 404 383 367 354 345.5 345.1 351.7 360.7 373.7 393.2 413.5 428.1 441.3 457 470.9 478.4 481 479.2 471.7 449.1 426.9 410.1 431.4 460.2 482.6 502 521.7 539.2 552 560.8 569.9 574.2 576.3 573.9 565.5 553.9 536 520.3 507.2 494.8 481.3 471.5 458 447.3 439.3 433.1 426.1 422.2 428.5 434.9 441.8 449.8 463.9 478.4 486 498 504.9 509.1 513.3 517.8 519.8
473.3 479.7 486.6 501.3 519.6 542.1 563.3 582.9 591.9 594.5 585.6 566.2 536.5 501.1 469 440.7 414.6 391.4 373.4 358.5 348.5 345.6 349.1 357.5 370.5 388 407.6 427.5 442.1 457.5 474.8 485.5 490.6 492.4 487.9 476.3 451.7 429.2 418.1 439.6 466.1 487.9 507.5 526 544.1 557.3 567.1 575 579.1 582.3 579.8 568.6 554.5 540.3 525.4 511.7 499.4 487.8 475.6 461.6 452.3 444.7 440.4 434.4 430.4 431 436.7 442.5 451 463.7 480.1 489.9 500.9 508.8 513.7 519.5 527.7 533.2
470.4 477 483.2 492 508 528.9 549.9 568.7 582.4 591.8 576.8 549.3 516.9 484.7 455.5 427.2 403.4 383.6 364.9 353.1 348 346.6 354.7 366.8 383.1 404.4 423.5 441.9 458.2 475.3 491 498.3 500.8 500.2 493.7 477.5 450.2 438.5 425.6 448.1 472.2 493.4 513.2 533 549.5 562.9 573.2 582.6 587.4 587.9 583.7 571.5 554.6 544 530.7 516.5 505 491.7 477.5 463.7 454.2 447.2 442.6 437.9 435.4 435.3 437.7 443.7 451 463.9 478 491 502 509.9 518.9 527.5 536.6 544.8
473.2 476.9 481.4 488.5 499.3 516.7 537 557 575.8 584.9 568.4 534.4 501 469.6 441 415.8 392.8 373 357.5 350.3 348.3 351 361.8 379.3 398.9 421.3 439.3 456.9 475.6 495.9 505.5 509.1 509.8 505.5 494.6 475.7 450 439.2 439.1 455.9 477.4 499.1 518.8 540 555.4 568.9 579.6 589.1 593.2 593.4 588.6 575.5 557.1 546.8 535.1 519.7 507.1 492.9 478.5 465.8 455.3 449.1 444.5 440.1 439.6 440.3 440.9 444.9 451 461.1 473.4 486.6 498.6 508.6 520.2 530.9 538.2 547
476.9 479.8 485.7 492.4 500.2 510.8 530 550.4 568.9 576.4 552.6 521.3 491.9 461 429.9 404.6 383.1 364.2 350.5 348.9 350.8 358.8 373 394 415.9 437.1 455.7 475.2 496.9 512 516.7 517.5 514.7 506.6 493.6 473 450.8 440.1 447.8 461.9 482.5 505.1 524.1 546.8 561.7 574.8 586.3 592.9 597.5 596.9 589.7 577.1 561.6 550.7 538 521.8 507.5 493.9 479.9 466.8 455.9 450.4 447.3 447.1 448 448.7 448.4 449.7 452.4 461.2 470.6 481.8 494.4 505 517.2 531 539.5 545.8
487.1 487.8 491.1 499.7 509.4 522.4 535.5 549.7 563.1 566.5 544.5 512 480.9 449 419.5 395.2 374.2 356.9 349.2 349.9 353.8 367.6 387.6 410.6 433.3 453.1 471.6 496.4 517.2 525.4 524.8 521.4 515.7 505.7 491.4 469.4 445.2 452.1 457.9 471.2 488.4 508.2 529.7 553.3 567.5 580.6 591.3 598.6 601.2 598.8 591.9 581.3 566.9 554.4 541.1 522.8 505.3 492 479.5 466.6 458.2 452.7 454 456.6 459.6 462.2 460.3 459.3 457.9 460.5 468.2 479.1 490.1 500.9 514 528.3 539.2 545.3
495.8 496.3 503 512.4 523.4 535.6 546.7 557 565.4 561.1 531.8 495.3 469.1 437.1 409.6 386.2 366.6 351.8 350.6 351.4 361.7 379.3 401 425.1 448.5 468 491.4 519.1 528.4 530.6 527.8 523.1 515.1 503 485.4 460.7 455.5 461.6 474 489.5 500 514 535.1 556.6 574.3 587.1 597.5 603.7 605.8 604.3 599.5 590.4 573.3 557.4 544.2 524.5 504.3 492.1 478.8 469.2 462.1 459.5 463.1 470.2 477.5 482.9 479.8 473.4 468.8 463.2 465.3 474.6 485 497.4 510 523.3 536.6 544.5
501.6 506.6 515.3 526 537.9 550.3 559.8 567.4 571.3 559.2 522.1 485.9 456.1 427.9 401.2 378.7 359.8 350.3 351.6 355.1 368.3 390.7 412.8 438.1 463.1 484.4 513.8 531 535 533 529.6 524.8 516.1 504.7 483.2 457.2 465.5 476.2 496.3 511 519.4 530.1 545.4 562.3 581 594.4 603.9 609.7 610.2 609.8 608.5 598.8 582.2 563 548.4 528.3 508.2 493.3 482.2 473.1 467.3 468.4 474.2 483.1 492.5 500.2 496.4 487.9 480.4 473.1 465.6 472.7 480.7 495.1 508.2 521.7 533.9 544.9
504.9 511.5 523.1 538.3 554.9 567.8 576.7 578.9 573 548.4 513.5 476.6 446.7 417.7 393.1 373.7 356.1 352.6 353.3 363.1 379.2 403.2 425.1 450 480.5 508.1 532 538.2 539 536 532.7 527 518.9 505.2 481.3 466.5 476.3 493.3 512 528.1 537.4 549.6 563.5 577.8 590.8 603.2 611 615.6 615.8 617.4 615 604.6 590 570.3 554.3 534.3 513.5 495.2 487.2 479.9 477.5 481.9 491.5 501.4 511.2 516.1 510.3 498.2 488.7 481.5 471.4 475.4 483.6 497 509.9 523.9 533.8 544.7
504.1 515 529.7 550.8 571.5 584.6 587.6 585 566.1 533 499.3 466.4 436.5 409.3 385.5 366.7 354.7 352.8 356.7 370.6 390.5 414.5 436.9 465.2 499.1 528.7 541 542.9 541.8 539.9 536.1 529.7 519.4 503.7 479.3 477 491.5 509.6 528 541.8 555.3 569.5 579.8 590.3 601.8 612 618.8 621.9 622.1 623 618.3 608.9 596.4 577.1 559 539.5 518.6 500.5 490.3 485.7 488.2 494.5 506 520.2 526 528.4 526.4 513.9 499.5 489.2 478.2 480.1 488.2 500.1 514.6 528 538.5 546.4
503 517 538.7 562.4 587 595.4 593.5 585.9 558 518.3 485.6 455.4 426 399.7 375.2 358.6 354.3 355.4 363.8 378.8 399.7 424.1 448.9 481.3 517.9 541.7 547 547.6 547.2 544.7 538.6 529.7 515.2 496.5 482.3 490.8 506 525.9 544.3 555 569.3 582 592.3 602.2 612.3 620.9 626.8 627.5 628.1 625 619.9 609.6 596.2 578.9 561.7 542.8 523.4 506.5 496.8 497.1 501.2 510.4 524.3 535.6 538.8 539.9 537.2 526.3 509.2 494.7 483.3 484.3 492.8 505.5 521.2 536.5 549.9 558.9
500.9 523.2 549.1 576.3 602.2 601.9 593.3 573 544.3 508.2 474.5 442.7 416.2 391.2 367.4 356.5 355.8 358 371.7 386.9 407.8 433.9 460.4 494.9 532.6 548.8 552.3 554.4 553.5 550 543.3 530.2 513 495.8 498.6 506.3 521 541 555.9 568.7 581.9 592 602.2 612.6 621.6 628.7 632.2 632.6 632.7 626.3 619.3 609.1 595.9 579.4 563.4 544.4 526.2 512.6 509 508 512.8 525 541.5 546.5 547.7 546.1 542.4 534.4 516.7 499.2 487.3 488.4 497.2 510.9 528.5 545 559.2 567.9
506.1 530 560.5 590 609.7 602.9 587 560.4 529 495 463.1 431.8 404.3 380.9 360.2 357.6 357.5 362.9 377.8 394.9 417.3 444.5 473.2 506.2 536.8 553.7 558.7 561.4 562.4 559.2 551.5 538.5 520.3 505.1 511.2 521.5 537.8 554.1 568.8 581.1 591.2 601.3 611.3 621 628.3 633.7 636.1 636.4 635.5 626.7 620.4 610.7 597.9 582.4 564.5 545.6 526.8 522.4 521.8 522.9 527 540 552.9 557.5 556.9 553.9 548.5 540.4 522.4 504.1 493.4 493.8 501.6 516.1 533.8 548.5 566.3 574.7
514.2 540.2 571.5 601.8 608.4 600.5 582.5 549.1 512.9 481.1 449.7 421 395.6 373.7 360.1 359.2 359.1 365.6 384.6 404.5 428.4 456.7 486.4 520.1 550 563.5 567.1 570.1 572 570.1 561.6 549.1 530 516.7 525 538.8 554.2 567.6 579.8 591.3 601.3 611.2 620.3 628 633.8 637.2 640.3 640.9 637.7 629.5 621.9 613.5 601 587 567.5 547.5 536.7 535 534.9 537 539.1 550.8 560.8 565 563.8 559 553.4 545.4 528.2 511.6 500.7 500.5 506.9 521.4 536 551.7 566.2 578.6
523.7 551 580.7 604.3 602.8 593 574.6 538.7 502.3 468.2 437.2 409.6 390.9 370.4 361.3 365.1 363.8 371.7 394 416.8 442.4 471.2 501 533.4 564.4 571.1 574.6 578.6 581.3 579 571.6 559.2 537.6 534 542.6 555.8 567.6 579 590.9 601.6 611.7 621.8 628.8 634.2 638.4 640.4 642.2 643 635.9 627.1 619.2 611.6 601.3 589.6 571.6 552.8 553 550.8 548.1 550.8 554.6 565.2 571.5 574.1 572 566.9 559.4 549.2 534.1 518.4 508.8 508.3 513.2 524.3 537.2 553.9 568.8 581.9
532.9 562.3 590.1 602.2 599.3 585.1 569.1 529.9 494.9 462.1 426 399.8 384.3 369.4 363.3 367.5 366.4 382.7 404.6 427.7 454.5 485.4 517 549.4 571 576.7 582 588.2 590.6 586.9 579.3 567 553.2 552.6 561.3 572.5 582.3 592.8 603.7 613.9 623 630 635.2 639.4 640.6 640.7 642.1 638.9 629.3 621.1 614.3 608.5 602.6 592.8 578.4 568.2 568.5 566.2 563.8 563.8 569.6 578.4 582.2 582.9 580.2 573.5 562.7 551.3 539.9 527.2 518.9 516.4 519.8 528.9 540.5 559.4 572.1 584.2
