example_terrain50/SN34.asc
ncols 200
nrows 200
xllcorner 230000
yllcorner 240000
cellsize 50
[rows 140 to 174 of 200, columns 79 to 157 of 200]
167.4 168.4 168.4 168 159.8 151.9 162 174.4 178.2 182.5 186 188.7 191.3 191.7 192.1 191.6 189.4 186.7 181.4 175.7 167.5 147.7 117.7 102.5 94.9 88.8 89.1 101.5 120.5 137.7 149.1 156.1 162.3 164 161.4 157 156.5 157.6 157.6 162.3 176.8 185.5 188.4 190.6 191 190.4 188.8 186.7 184.2 181.6 178.5 173.4 167.8 161.5 153.5 134.5 110.4 90 90 92.3 96.6 103.9 112.7 127 141.2 152.7 158.8 163.1 166.3 167.6 170.3 172.3 174.2 177 179.4 180.6 182.7 181.8 181
164.3 165.3 165.4 164.3 154.9 146.4 155.4 170.2 174.2 178.5 184.2 187.5 190.2 191.3 191.8 191.4 189.3 186.4 181.8 176.5 168.1 151 124.5 106.4 96.9 91.1 88 89.4 107.5 127.1 141.2 148.8 153.7 152.8 145.4 136.5 136.8 147.5 159.1 171.4 181.1 186.3 189.1 191.4 192.2 191.4 190.1 187.9 185.7 183.1 178.9 173.6 167.7 160.2 151.2 130.6 107 88.5 92.6 95.4 100.5 107.8 122.6 135.7 146.1 156.1 161.4 165.6 168.3 170.1 171.7 173.3 175.3 177.9 179.1 179.2 179 178.1 177.9
160.2 160.5 160.5 159.2 149.9 142.4 148.8 165.1 171.2 177 181.7 185.5 188.4 190.5 190.8 189.9 188 185.4 181.1 176 167.6 154.8 135.3 115.3 99.7 92.6 86.9 85.9 98.8 116.7 130.3 137 140.8 136.7 129.5 128.2 142.9 156.3 169 178 183.4 186.9 189.7 192.3 192.4 191.5 190.5 188.6 186.2 183 178.4 173 165.7 156.4 145 124.1 101.3 88.6 92.6 95.1 103.2 117 128.8 138.5 148.7 158 163.1 166.1 169.4 171.5 173.4 173.7 174.6 176.1 175.3 174.7 174.4 174.4 174.6
155.1 155.6 155.2 153 140.7 138.8 145.3 162.4 168.8 174.1 179 183.9 186.8 188.3 188.4 188.2 186.6 183.3 179.4 174.5 167.8 159.6 149.8 128.3 110.5 95.1 85.2 87.3 92.8 106.2 118.8 126.2 127.2 124.4 123.3 137.1 154.9 166.8 175.6 180.6 185.3 188.8 191.4 192.6 192.4 191.6 189.9 188.1 185.2 182.3 177.5 171.6 163.1 152.8 132.1 111.8 92.3 89.4 93.5 98.2 106.4 118.5 129 138.6 149.2 157.1 162.5 166.3 168.7 170.4 171.5 171.7 171.6 171.3 171.1 170.8 171.7 172.4 172.8
149.8 150.4 149.8 142.5 131.4 135.6 143 157.6 165.6 170.9 176.4 181.7 184.3 185.5 185.7 185.8 184.1 181.2 177.6 173.2 167.7 161.8 156.1 139.9 119.9 102.3 85.5 87 91 96.8 106.7 111.8 113.3 115.4 129.7 147 162.2 172.6 179.1 183.6 187.4 189.9 191.4 191.7 191.1 190.5 188.3 186.1 183.5 180.2 175.9 169 160.2 144.2 119.6 99.3 88.1 90.3 95.7 101.3 110.5 119.6 127.3 137 144.9 152.9 158 162.2 166.1 166.7 166 166.1 167.1 166.3 167.5 168.7 169.9 170.4 171.2
144.5 144.5 136.7 129 128.8 133.5 145.3 155.5 161.9 167.6 173.6 178.5 180.9 182.4 182.8 182 180.4 178.6 175.4 171.7 166.9 162.6 157.6 148 125.2 104.2 84.3 85.9 91.8 97.4 102.5 105.3 108.7 122 137.7 153.7 168.1 175.6 180.6 184.8 187.3 188.6 190.3 190.5 189.2 187.9 185.9 183.7 181.2 177.7 173 166.4 157.5 136.6 110.5 90.4 86.8 90.8 96.5 103.7 112.1 118.2 124.6 132.9 140.2 145.6 151.1 155.7 157.4 156.7 157.4 159.4 162 162.4 164.4 166.7 168.4 169.3 170.5
138.9 134.2 126.1 119.6 128.7 134.3 146.9 153 158.6 163.5 168.6 173.4 176 177.5 178.2 178 176.5 175 173 169.5 166 161.6 157.1 142.3 119.7 97.4 82.4 87.1 93.5 99.8 105.4 112.2 124.3 133.5 145.6 160.8 171.7 176.9 180.9 183.3 184.8 186.1 187.1 187 186.1 184.8 183.5 181.2 177.7 173.9 168.7 162.3 155.2 131.1 104.9 86 88.7 91.4 97.4 103.8 110.8 115.8 121.9 127.2 132.7 137.4 141.7 145.7 146.9 147.7 149.9 154.2 156.5 159.2 162.1 164.3 166.7 169.3 170.1
127.9 122.8 120.6 120.9 128.3 134.3 144.4 150.9 156.5 159.8 163.6 167.9 170.4 172 174 173.8 173.1 172.2 170.1 167.4 164.6 160.5 153.3 133.6 110.8 87.4 80.7 85.9 93 105.2 116.4 124.2 133.8 144.3 154.3 163.5 171.7 175.9 178.9 180.4 181.1 181.3 183.3 182.9 182.6 181.6 179.5 176 173 169.5 165.3 159.8 152.5 127.1 100 86.7 89.6 91.3 97.1 103.7 107.8 113.2 118.4 122.9 126.9 130.9 133.7 136.3 137.4 137.8 143.2 148.8 151.7 157.4 161 164.7 167.7 169.6 168.2
120.3 116.9 114.7 116.8 126.8 131.7 141.6 147.4 152.1 155.9 159.8 163.1 165 168 169.6 170.3 169.6 168.6 167.2 164.8 161.9 157.6 148.8 123.5 101 83.8 79.7 83.6 103.1 116.5 126.1 134.2 141.2 148.1 155.1 162.7 168.3 171.7 174.2 174.4 173.7 174.3 175.3 174.8 175.4 174 171.8 170.1 168.9 166 162.5 157.4 149.2 123.1 95.4 87 89.5 91.9 97.3 101.1 107.4 111.2 114.9 118.4 121.3 124.1 126.7 128.3 127.9 131.5 134.1 146.6 152.1 156.4 162.3 166 169 169.4 163.9
116.1 111.9 110.4 111.8 121.4 130.6 136.8 143.3 148 151.9 155.7 158.2 161.2 163.9 165.1 166.3 166 165 163.9 161.9 158.7 154 145.7 115.6 94 81.9 78.7 88.4 107.3 120.9 129.3 135.4 141.4 146.3 151.8 156.7 161 164.4 165.8 165.4 162.7 159.5 160 164.2 166.3 167.1 166.8 165.9 164.8 162.5 159 154.1 145.4 122.3 93.1 87.3 89.1 90.6 95.5 98.3 104.2 107.7 111 114.4 116.5 118.7 120.8 116.2 122.3 130.5 138.5 146.3 152.1 157.3 163.5 168.4 171.1 162.6 142.9
114 109.4 105.5 105.7 114.5 123 130.3 136.8 142.5 147.9 151.4 154.4 157.4 159.4 160.7 162.1 162.7 161.6 160.5 158.9 155.4 151.2 140.7 108 91.5 81 77.6 86.6 105.8 120 128.3 133.9 138.3 142.2 145.8 149.7 153.1 154.7 156.5 156.8 154.1 134.8 133.7 140.2 145.1 148.7 149.7 153.8 155.9 155.8 152.8 149.9 144.8 122.3 93.1 85.8 89 88.8 91.8 95.1 100.2 103.2 106.6 109.4 111.6 113.2 110.5 120.8 126.8 132.4 139.4 145.9 151.9 158 162.4 166.2 156.3 139.8 124.5
112 105.1 99.6 104.3 107.6 113.5 121.9 129.2 135.8 142.8 147.4 150.7 153.6 155.3 157 157.7 158.4 158.3 157.2 156.1 152.4 148.5 138.5 105.5 88.2 80.4 77.2 81 102.3 114.7 123.7 128.3 133.5 137.6 141.5 143.5 146.1 147.6 149.3 148.6 143.4 118.2 115.9 119.5 122.6 125 127.4 129.4 130.8 130.4 126.7 124.7 123.8 122.9 95.4 84.8 86.7 87.9 90.4 92.2 95.4 98.7 102 104.4 104.8 109.4 115.6 119.6 126 131.9 138.1 144 149.8 155.3 155.1 143.7 129.7 119.4 109.7
103 96 94.6 100.7 105.8 110.1 116.4 122.8 129.6 136.4 142.9 146.8 149.3 151.5 152.8 153.3 154 154.7 154.1 152.5 149.7 145.7 134.2 109.9 88 79.4 76.7 76.3 93.5 107.6 115.4 121.7 127.7 132.6 136.8 139.1 141.5 142.8 143.4 141.3 135.5 110.6 95.6 101.7 106.3 107.8 108.3 109.6 109.3 107.9 106.9 104.1 103.5 102.9 90.8 82.9 86.2 88.2 91.8 93.7 94.2 97.3 99.1 101.9 106.9 111.7 116.7 121.1 126 129.5 134.9 140 143.3 141.6 126 116.3 109.3 105.6 104.3
88.5 90.7 98 104.6 108.7 110.6 114 119.6 125.5 132 137.7 141.7 144.6 147 148.3 149.4 150.4 150.9 150.6 149.3 146.8 143.1 136.2 112.6 87.9 78.7 75.7 75.3 86.7 99.7 107.6 114.2 122.1 127.7 132.4 135.1 137.1 138.2 138 134.5 127.4 107.6 83 81.5 88.7 90.3 88.7 89.5 90.1 90.2 87.7 84.7 83.5 84.1 82.5 82.5 83.3 87 91 93.4 96.7 99.4 102.1 105.5 109.4 113.1 116.9 121.1 124.4 127.2 131.8 132.5 133.7 115.8 104.2 97.9 98.2 99.5 101.1
92 95.4 101.6 108.5 112.7 114.5 116 118.1 123.6 128.2 132.4 136.2 139.3 142.2 144.2 145.2 146.3 147.4 147 145.9 143.6 141.2 135 112.9 90.5 78.7 74.2 74.3 81.4 92.1 100.1 106.8 114.7 123.8 128.4 131 133.8 134.4 132.2 128.2 113.5 95.6 79.1 75 77.6 80.9 82.1 80.6 80.2 79.3 80.5 80.5 80.3 81.2 82 83.2 85.9 88.5 92.4 96.2 98.9 101.5 104.2 107.6 110.5 113.4 117.1 120.3 122.9 125.8 126.8 126.1 113.7 98.9 96.6 99.7 100 102.1 104.6
89.8 96 103.7 113.2 116.4 118 119.2 120 122.1 125.6 129.5 131.4 134 136.6 139.4 141.1 142.2 143.7 143.4 142.9 141.3 139.4 134.9 116.9 92 78.1 73.5 73.2 77.1 85.3 92.8 99.4 105.4 113.2 122.4 128.3 132 133.8 127.1 112.4 95.5 80.4 74.2 76.7 79.9 80.5 81.5 81 82.2 82.2 83.3 82.3 80.1 80.9 82.6 86 89.9 93.5 96.2 98.4 100.7 103 105.7 108.4 110.6 113 116.4 118.6 120.3 122.9 119.5 114.6 100.9 94.1 97.9 100.8 100.7 104.6 108.6
92.9 101.3 109.6 116.5 118.9 120.7 121.9 123 122.5 123.3 126.5 127.1 129.1 130.7 133.4 136.5 138.6 140.1 140 139.9 139.4 137.8 134.5 122.1 96.3 77.8 74 72.1 74.4 78.4 82.9 90.1 94.6 102.3 113.4 125.1 132.2 134.2 116 97.7 79.7 73.6 74.7 75.6 77.7 79.3 79.9 81.4 82.9 82.9 83.6 84.1 82.9 82.7 84.8 85.6 91 95.4 98.5 100 101.9 103.8 106.5 108.8 110.8 112.6 115.1 117 117.8 117.5 113.7 108.1 95.2 94.9 98.1 106.2 112.7 116.9 121.8
101.4 109 115 118.8 121.2 122.9 124.4 124.1 123.6 123.1 121.7 121.3 122.6 125.1 128.1 131.7 135.1 136.3 137 137.3 137.3 136.1 133.5 126.8 100.4 79.6 73.8 70.9 72.8 75.3 77.4 78.9 82.1 90.1 100.5 114.8 131.3 123.6 103.9 86 73.4 73.8 75.9 77.6 77.6 78.5 80.7 83 84.3 84.6 85 86.6 88 89.7 91 91 91.3 97 99.5 101 102.6 104.6 106.6 108.1 109.4 111 113 114 113.9 112.4 108.8 103.9 92.7 94.6 99.4 109.5 115.8 121 126
109.3 113.7 117.6 120.4 122.4 124.1 124.7 124.3 122.8 121 118 113.2 115.4 119.5 124.1 127.9 131.1 132.5 133.8 134.9 135.2 134.6 133.3 128.9 106.1 81.9 75 70.7 71.1 72.4 73.4 73.3 73.8 77.4 85.9 97.8 109.8 104.7 91.1 72.4 75 77 78.5 79.8 80.1 82.3 85.1 86.8 87.9 88.8 89.7 91.1 91.9 93.6 95 96.3 96.1 98.2 99.6 101.1 103.1 103.9 105.6 106.8 107.8 109.4 110.6 109.7 108.3 106 103.8 100.1 92 93.6 98.6 106.7 114.3 120.4 127
111.7 115.5 118.5 120.9 123.3 125 124.3 123.4 121.6 119.5 116.9 110.8 107.5 114.2 119.5 124 127 129.1 130.3 130.9 133 133 132 129.1 113 88.9 75.8 69.3 69.2 70.2 70.4 69.2 69.5 69.3 72.5 80.1 91 89.3 72 75.7 76.4 78.7 80.7 81.9 85.6 88.5 90.7 92 93.2 94.1 94.9 96.4 97.4 98.5 98.5 98.4 98.5 100 101.4 102.1 102.9 103.7 104.4 105.5 106.2 106.1 103.7 97.4 94.6 91.8 90.3 90 92.3 95.1 100 109.6 118.6 128.4 136.8
113.1 116.3 118.8 121.3 123.3 123.4 122.5 121.4 119.8 117.6 114.9 111 97.2 109 114.3 119.8 121.3 124 125.9 128 130.1 131.3 130.5 128.6 121.2 98.8 80 70.3 68.1 67.9 67.8 66.6 66.9 67.5 67.8 70.5 73.2 70.9 75.6 77 77.8 80.3 82.8 84.3 88.7 93.8 95.6 97.5 99.1 100.4 100.7 101.4 101.3 101.2 101.2 101.2 101.3 101.8 102.6 102.5 102.5 102.8 102.9 100.5 96.3 93.2 90.6 88.8 87.7 88.6 90.5 92.6 94 98 108 119.2 131.1 139.2 144.9
113.3 116.5 118.8 120.9 121.6 121.4 120.2 118.7 117.3 115.5 112.5 109.4 95.7 102.9 107.9 110.9 112 119.3 123.9 125.9 127.9 129.7 129.4 128.2 124.2 111.7 92.5 74.7 66.5 66.6 66.1 67.3 67.4 68.7 69.4 68.3 69.3 70.7 71.9 73.9 77.2 79.2 81.8 85.6 91.6 97.3 99.8 101.3 103.5 104.2 104.3 104.3 104.1 104 104 104.1 104.1 103.7 103.3 103 102.4 97.6 91.1 88.6 87.6 86.5 85.2 85.8 86.8 90.3 93.2 96.2 98 107.3 120.4 132.1 139.3 145.3 150.2
113.7 116.7 118.4 119.5 119.5 118.6 117.1 115.8 114.4 112.5 109.6 106.5 92.6 96.5 101.4 102.6 108.7 115.3 120.1 124 126.1 127.6 128.5 127.2 124.2 117.5 104.5 85.4 67.1 66.2 67.7 68.5 69.7 71.3 70.6 69.8 69.3 72 73 75.1 75.6 78.5 83.7 89.1 94.8 99.3 102.4 104.3 105.8 106.4 106.3 106.4 106.6 106.7 106.4 105.9 105.5 105.1 104.2 101.5 88.5 85 83.3 82.3 82.7 85.1 87.4 88.5 90.6 94.7 97.3 101.3 106.7 120.5 131 139.6 145.2 150.2 154.4
114.4 117.2 118.3 118.5 117.8 115.7 114.1 112.7 111.4 108.7 105.8 101.8 88.6 86.9 92.8 98.8 106.9 113.2 118 122 124.5 126 127.2 126.4 124.2 119 109 95.4 76.2 65.1 78.4 74.3 73.5 73.5 73.3 72.9 73.1 73.3 73.7 76.8 78.3 80.4 85.5 90.6 95.2 99.9 103.6 105.8 107.3 107.6 107.9 108.1 108 107.9 108.1 107.6 107.2 105.6 99.3 85.1 81.5 82.3 83 86.1 87.2 89.5 91.6 96.2 103 108.9 114.6 118.9 122.2 132.8 139.7 145.6 149.8 153.3 156.5
114 116.8 117.8 116.9 115.5 113.3 111.2 109.7 108.1 105.2 103.6 95.9 84.2 83.4 93.9 101.2 106.9 112.1 117 120.5 122.9 124.7 125.6 124.7 122.2 117.2 110.8 100.6 84.7 68.4 71 79.4 79.3 77.5 76.7 75.7 75.1 75.2 75.6 77.2 79.9 82.3 84.5 89.8 94.8 99.3 102.4 104 105.8 106.6 107.3 107.4 108 108.7 109.3 109.5 107.8 103.8 85.3 81.3 82.3 84.4 87.2 91.3 97.8 103.1 108 115.6 122.1 128.3 132.3 135.7 139.6 143.7 147 150.3 153.2 155.3 157.6
112.5 114.8 115.6 115.1 113 110.8 108.8 106.7 104.7 102.4 99.2 85.8 80.8 84 95 101.1 106.5 111.2 115.5 118.5 120.9 123 123.5 121.6 119.8 116.1 111.4 104.8 94.4 80 63.8 78.4 84.7 85.9 83.1 82.3 79.7 78.1 77.6 77.4 79.3 82.3 84.5 88.3 93.8 97 99.4 101.6 103.8 104.6 105.3 106.5 107.6 108.2 109.8 110.2 107.8 90.9 80.4 81.2 84 87 97.9 108.1 114.5 121.4 126.3 130.4 134.3 138 141.6 144.5 147.5 149.9 152.3 153.4 155.3 156.9 158.6
109.6 112.1 113.2 112.3 110.7 108.1 106 103.5 100.9 97.5 92.3 81.9 79.1 87.7 88.5 99.1 105.9 110.5 114 117 119.4 121.3 121.4 119.6 117.7 115.9 111.8 106.2 99.7 89.7 71.6 70.8 81.8 87 88.8 89.3 86.1 83.8 80.5 79.3 80.3 82.6 84.8 87 90.6 94.2 97.7 99.6 101 101.9 103 104.6 106.3 107.8 109.1 109.5 94.9 81.2 79.4 81.4 86.4 98.3 109.7 117.7 124.1 129 132.8 137 140.7 144.5 147.4 149.6 151.9 154.8 155.6 156.3 157.3 159.1 160.3
107.2 109 110 108.5 107.3 104.9 103.2 100.5 97.8 92.5 84.5 75.8 82.6 93.9 98.8 102.5 107 108.3 113.6 116.3 118 118.9 119 117.6 116.3 114.3 110.4 105.8 99.7 92 77.8 61 81 86.4 88.2 90.8 90.1 88.4 83.6 80.9 81.4 82.6 84.8 86.5 88 91 94.4 96.4 97.7 99 100.8 102.4 104.1 106.3 106.6 95.1 82.1 78.5 79.7 82.3 88.7 104.2 115 122.8 128.3 132.2 136.6 141 145.1 148.9 151.7 154.3 156.8 158.6 159.4 160.2 160.4 161.3 161.1
104.8 106 106.4 104.6 103.5 101.5 99.8 98.2 95.7 91.9 80.6 70.4 85.3 97.3 103.3 107.9 111.4 113.6 115.5 116.5 117.6 117.2 116.6 115.9 114.7 112 108.9 103.4 98.7 93.8 82.8 61.5 75.7 84.6 87.4 90.5 91 89.9 86.3 82.5 82.3 81.4 82.4 85.3 85.8 87.6 90.5 93.2 94.8 96.7 98.6 100.2 101.9 103 102.4 82.7 78.7 78.8 80.6 84.2 96.8 108.9 119.1 125.9 131.1 135.5 139.7 144.1 148.7 152.6 155.9 158.5 161 162.2 163.3 164 163.7 163.6 161.1
102.1 103.2 103.2 101.2 99.5 98.2 97 96 95.3 93.6 77.3 71.3 87 101.8 108.4 112 115 116.6 117.6 117.7 117 116.1 114.7 113.3 111.9 109.2 105.9 101.7 97.5 92.1 83.6 67.2 71.6 82.9 86.5 89.5 90.2 90.2 86.5 84 80.7 78.5 79.6 82.5 82.5 83.2 86.2 89 91.5 93.9 96.2 98 99.4 100.6 87.3 79.3 77.5 79 82.3 91.4 104.2 113.7 121.5 127.8 133.2 138 142.4 146.8 151.6 155.9 158.9 161.7 164.1 165.7 166.7 166.5 165.6 163.9 160.4
99.7 100.4 100.1 98.4 96 94.2 94.4 94.1 93.8 88.7 68.3 72 88.6 106.1 111.7 115.2 117.8 119.4 119.4 118.2 116.2 114.2 111.4 109.5 108.2 105.4 102.3 99.3 95.3 90.7 83.7 67.2 70.5 79.8 84.2 87.8 89.3 89.2 86.5 84 81.4 75.2 73 75.3 74.9 78.1 81.9 84.6 87.9 90.4 92.5 94.6 96.4 96.8 79.8 77.3 76.9 80.1 88.6 100.2 108.8 116 122.8 129.5 135.2 139.8 144.1 148.5 153.4 158.1 162.4 165.3 167 166.5 165.9 166.3 164.9 161.9 157
98.7 99.2 97.3 93.6 90.6 89.6 91.3 90.5 85.4 74.2 64 72.9 91.8 107.8 114.1 117.9 119.7 120.7 120 117.6 114.6 110.8 107.1 104.6 101.6 100.8 98.8 95.8 92.9 88.8 80.6 65.8 69.1 76.8 81.6 85.4 87.1 87.9 86.1 82.2 81.2 76 70.3 68.1 71.1 73.9 78.3 81.4 84.7 86.6 88.9 91.4 92.7 89.8 77.4 76.5 76.5 81.9 95.4 103.7 111.2 117.6 124.1 130.9 137.2 141.5 145.8 150.2 154.7 159.1 164.8 168.3 167.2 165.3 164.1 163.5 161.3 157.5 152.9
98.1 98.3 93.8 88 82.9 83.6 84.3 81.5 70.6 60.9 62.6 76.6 96.7 110.2 115.2 117.4 118.7 119.9 118.9 116.3 111.8 107.5 103.5 100.2 95.4 94.9 93.9 92.6 90.1 85.8 76.5 61.5 67.5 74.2 79 82.7 84.7 86.3 85.5 81.2 78.1 76.2 69.3 62.5 65.9 70.8 76.1 78.4 80.7 83 85.3 87.6 87.3 82.8 75.8 75.1 76 84.3 99.8 107.1 113.3 119.6 126.1 132.5 139.2 144.5 148.2 152.7 157.3 161.3 164.7 167.4 165.5 163.3 161.4 158.5 155.6 152.2 148.2
95.8 95.5 88.3 78.8 74.5 77.4 72.1 63.1 57.1 61.7 66.5 82.2 101.5 110.6 115.1 116.1 117.3 118.4 116.7 113.8 109.3 104.6 100.6 95.9 88.4 88.4 87.9 87 85.3 81 72.4 59.3 65.9 71.7 75.8 79.2 82.2 83.4 83.3 79.7 76.1 74.1 70.4 57.9 63.7 68.2 72.4 74.8 76.6 79 81.3 83.6 83.7 75.6 75.3 75 78.2 87.8 102.2 108.9 115.4 121.1 127.5 133.8 140.6 147.9 153 156.9 160.7 163.6 165.4 165 163 160.3 156.8 153.3 151 148.1 144.6
91.1 87.8 82.9 71.5 64.6 62.8 55.8 55.2 60.2 64.8 75.2 91.2 104.6 111.5 114.3 114.8 115.8 116.1 114.3 110.4 106.3 102.2 97.1 91.9 82.6 71.2 76.2 79.1 78.4 70.2 59.4 60.1 65.9 68.9 73.3 77.1 79.8 80.2 80.2 77.4 73.9 71.7 70.1 58.5 60.3 64.4 68 71.2 72.4 75.6 78.2 81 79.6 76.1 75.4 76.1 80.7 88.9 100.7 107.7 117.3 123.2 129 134.9 140.5 147.9 154.3 156.8 158.6 159.3 162.7 160.8 158.7 155.5 152.1 149.3 147 142.6 134.4
