example_terrain50/SN53.asc
ncols 200
nrows 200
xllcorner 250000
yllcorner 230000
cellsize 50
[rows 140 to 174 of 200, columns 0 to 77 of 200]
285.1 284.6 284 282.8 281.5 278.7 274.7 274.8 273.4 271.6 268.4 264.8 261 258.3 253.4 249.2 246.1 243.2 236.9 223.2 214.4 204.3 185.4 172.1 158.4 144.7 130.8 127.3 146.1 165.9 191.4 221.4 239.3 250.2 253.7 251.9 246.6 233.6 235.6 242.9 250.8 256.5 258 256.8 253 248.2 242.3 236.4 224.4 203.7 184.9 179 191.3 204.5 222.6 236.2 239.9 239.1 236.5 227.6 212 204.8 203.8 202 190.1 178.5 167.3 154.9 134.6 107.7 90.7 99.4 98.5 100.5 101.8 102.3 106.9 116.5
292.5 291.6 290.8 290.2 288.5 285.5 282.8 281.1 278.4 275.1 270.1 264.5 258.4 255.1 249.7 247.1 239.7 227.9 217.3 204.6 196.6 186.1 171.6 156.8 143.2 134.9 128.9 126.4 149.3 168.3 192 220.5 239.8 248.9 249.6 245.7 238.3 221.3 231.8 240.1 250 253.5 253.3 251.5 247.8 244 236.6 228.5 218.9 201.8 181.3 168.6 175.7 186.8 205.3 224.7 233.6 235.7 233 223.1 196.5 184.6 181.4 179.4 179.4 174.5 169.5 155.6 129.7 96.9 95.1 98.4 104 106.5 111.3 117.7 123.8 130.2
299.4 297.8 296.6 295 292.8 290 287.4 285.3 281.8 277.4 272.8 264.4 254.2 246.6 236.8 228 217.2 205.5 195.6 185.6 175.6 164.2 154.4 141.1 134.8 133.4 126.9 126.5 148.3 165.6 187.5 211.5 232.4 242.1 243.3 238.7 230.2 211.9 219.1 234.8 247 249.7 249.8 247.8 244.4 239.1 230.2 221.2 208.5 189.9 180.9 170.2 160.5 173 189.8 210.2 226.1 230.4 229.3 221.9 196.9 176.2 161.3 160.4 164.4 170.8 163.4 150 117.5 88.7 99.7 102.6 106.6 113.8 121.3 129 135.1 142.1
302 301 300 297.9 295.3 293 290.3 287.3 282.5 277.8 271.8 261.1 246.4 222.2 208.3 200.6 190 179.1 171.6 164.8 156.4 148 141.1 144.4 149.1 139.3 127.1 123.7 141.6 161.2 180.2 199.8 220.2 232.5 236.5 228.9 214.4 200.5 210.4 230.6 242.7 246.3 245.9 243.5 239 234.2 225.9 213.2 199.4 201 197.9 176.4 158.1 162.4 178.1 198.8 216.1 224.7 224.1 218.4 201.7 179.8 158.6 143.2 147.2 153.7 150.1 136.8 109.6 91.1 100.3 103.2 108 117.4 126.6 137.5 146.2 158.3
303.1 302.3 301.1 299.1 296.7 293.5 290.6 287.6 282.5 275.6 267.3 253.7 230 201.4 188.6 184.4 180.7 172.8 169.2 164.5 161.9 160 162.3 166.8 165.2 148.7 128.7 117.3 133 146.5 169.6 188.7 206.6 224.2 230.5 216.6 196.5 185.6 208.2 231.6 239.1 242.9 243.4 240.5 236.6 231.3 222.8 216.1 216.8 215.1 206.4 183.3 161.1 152 171.2 189.4 205.2 216.1 217.1 214.6 206.4 189.6 162.5 146.8 128.6 131.6 129.8 121.6 106.7 90.6 99.1 102.6 109.4 118.9 130 143.8 154.7 168.3
302.4 301.9 301.4 298.9 296.5 293.4 289.3 284.6 279.8 271 261.3 243.8 214.8 205.9 210.3 207.9 201.2 194.1 191.5 188 186.5 186.7 189.3 189.9 180.4 161.5 141.3 125.3 120.9 135.5 156.1 175.9 193.9 212.9 220.2 203.3 182.4 184.5 206.7 228.7 235.6 240.1 241.4 239 235.5 230.8 225.9 223.4 221.7 217.3 209.3 186.1 163.2 146 163.1 177.6 193 203.9 209.8 208.9 204.4 192.2 167.9 152.1 138.3 123.4 113.8 107.3 98.5 87.9 97 100.8 105.8 117.1 129.1 146.4 161.7 177.9
301.5 301 300.2 298.3 296 292.5 288.5 282.6 274.5 265.8 256.2 232.7 208.3 225.4 234 232.9 227.8 221.3 216.3 213.1 211.9 211.7 213.8 208.3 196.2 176.9 153.9 132.8 117.6 124.4 142 161.2 181 198.4 196.8 186.8 172 176.5 198.1 220.7 234.6 240.2 242.4 240.1 236.1 232.5 228.5 225.1 222.2 214.4 202.6 182.5 161.6 142.1 150.7 166.6 183.2 191.4 197.6 198.6 197.2 182.9 163.7 146.7 139.6 129.5 118.2 108.8 98 86.3 92.9 98.8 103.8 114.9 129.1 149.5 170.6 190.7
299.9 299.8 298.5 297.2 295.2 292 286.7 277 266.1 260.9 247.3 218.6 227.6 243.4 253.2 253.2 251.1 244.6 239.1 235.9 232.3 233.1 234.2 232.4 215 189.1 166.6 144.2 124.4 118.6 127.7 145.2 170 176.4 173.6 166.3 157.3 171.3 197.5 223.6 238.2 243.7 243.5 240.7 237.1 233.5 229.9 226.1 219.8 204.2 184 164.8 151.5 138.5 141.8 153.8 166.9 179.1 184.9 182.5 174.6 165.2 149.9 139.8 133.4 124.9 117.1 105.4 90.9 85.6 92 96.8 102.6 115.1 132.4 153.4 176.5 201.1
296.9 295.3 294.6 296.1 294.4 290.6 286 276.6 262.9 249.9 238.7 242.6 254.5 259.7 263.1 263.4 263.6 262.7 260.7 258.9 256.9 254.3 252.7 247.8 229.9 204.4 179.7 158.1 140.5 122.8 117.4 128.1 145.5 151.3 148.5 140.9 158.2 181.1 206.2 229.6 241 244.6 243.2 240.3 237.4 234.7 231.1 225.6 213.4 188.4 167.2 159 155.3 144.3 130.5 139.9 151.4 162.9 166.7 162.5 154.2 147.8 139.5 131.2 123.4 116.2 110.1 103.6 90.2 84.8 91.5 96.3 103.9 117.6 138.3 159.7 182.6 206.5
292 292.8 293.4 294.2 293.1 290.9 287.6 281.2 272.7 265.2 260.1 264.1 265.4 269.2 271.4 270.9 270.7 268.8 265.2 261.5 258.3 255.9 252.9 247.6 239.8 220.6 194.1 175.1 156.9 137.9 119.5 117.7 125.7 130.6 132 151.7 171.2 193.4 214.8 236.1 243.1 244.8 242.8 239.9 236.8 233.9 229.8 220.1 198.5 180.6 182.3 181.8 174.2 160.2 141.9 125.1 136.3 145.4 149.6 147.4 138.3 133 123.9 116.3 113.9 110.9 106.5 102.4 91.4 86.6 92.3 95.4 105.8 125 145.6 169.1 193.9 213.3
286.9 289.1 291.3 292.4 291.9 291.1 288.5 284 279.9 272.6 272.2 272.4 274 275.9 276.8 277.2 274.4 271.4 267.1 262.6 258.2 254.8 251.7 246.3 239.7 232 208.5 190.1 172.6 153.8 133.3 116.5 115.4 124.6 141.3 164.1 182.1 205.2 227.8 239.7 243.4 244.5 242.4 239.4 236.2 232.4 224.1 206.2 200.5 203.3 204.2 199.2 191 172.3 156.9 139.3 123.7 128.1 134.4 130.6 123.4 117.7 112.5 109.4 107.9 105.5 102.9 100.3 96 86.1 91.3 96.3 110.2 133.5 153.9 179.8 205.6 217.6
281.9 285.7 288.2 289.8 290.6 290 287.5 285.3 282.9 281.1 279.1 277.6 278.1 278.7 279.5 278.2 275.3 271.8 266.9 261.6 257.2 253.2 250.2 245.8 239.5 234 224 206.1 187.3 167.2 149.2 130.4 112.9 118.7 134 155.8 177.2 205.4 228.7 239.4 242.4 242.6 240.4 236.3 235.3 230.7 224.8 221 219.5 219.2 216.7 208.5 199 182.3 163.5 151.2 132.1 120.3 115.8 117.5 112.1 108.9 105.8 100.8 98.8 99 105.9 102.5 95.4 85.8 90.2 97.6 118.5 141.8 164.4 190.8 209.8 217.3
278.1 282.2 284.7 286.4 287.4 286.7 285.9 285.6 284.2 283.3 281.7 280.6 280.9 281.6 281.3 278.3 275.2 270.4 265 259.6 254.3 250.5 247.2 244.2 238.6 234.9 223.5 209.9 196.6 179.7 163 144.1 126.9 111.5 118.3 140.4 162.4 188 213.7 232.5 237.4 238.9 234.8 236.1 234.9 231.5 229.7 227.5 226.6 222.7 212 205 198.4 181.3 162.1 144.8 131 121.5 114.8 111.6 109.7 110.8 110.5 113 115.4 112 98.7 97.6 93.6 84.5 91.2 101.1 127 152 178.7 200.3 211.2 215.5
265.7 277.3 280.9 281.7 282.1 284.2 285.1 285.4 285.3 284.8 283.5 283 283.5 283.5 281.4 278.3 273.1 268 263.1 257.7 251.8 245.8 241.6 239.8 235.4 231.3 217.5 207.8 197.4 184.7 169.8 154.2 136.4 119.5 109.6 127.1 150.6 171.7 196.5 218.4 229.6 222.5 228.9 235.2 234.4 235.3 234 232 226.7 217.6 200.7 195.2 185.8 166.1 151 132.4 126.1 124.3 123.6 122.1 120.5 121.8 123.9 127.6 127.8 121.5 110.1 94.2 93.8 83.6 90.6 108 136.5 167.9 192.2 201.6 205.5 208.8
255.3 270.2 274.2 272.5 276 281.3 284.4 284 283.1 283.5 283.3 283.1 284 283.1 280.8 277.2 272.1 266.7 261.3 255.1 247.5 238.4 231.8 231.1 224.9 216 205.3 194.4 182.7 168.8 153.8 149 134.6 119.2 109 112.8 133.5 155.1 180.1 203.9 217.6 214.6 233.4 237.3 237.9 238.5 235.9 230.7 222.9 211.2 195.5 190.5 171.3 154 139.7 131.1 128 131 132.7 135.4 137 137.3 140.2 141.1 136.2 123.2 107.3 96 92.1 81.4 92.3 112.9 143.6 171.5 186.8 195 198.4 200.7
263.6 255.6 262.9 272.2 276.3 279.7 280.3 281.7 281.3 281.4 281.9 282.6 281.7 281.5 279 275.6 270.7 264.7 258.3 252.2 245.8 237.8 222.8 208.7 200.4 193.2 184.7 172.8 160.9 151.9 141.6 132.3 121.6 115.4 115 104.3 116.3 139.4 165.5 188.8 202.2 218.6 234.5 237.9 237.7 237.1 235.2 228.6 220.3 209.1 187.4 175.6 159.4 144.2 137.8 136.6 137.9 143.7 144.9 146.6 149.4 153.6 156 153.5 145.4 126.3 104.3 94.9 84.8 82.1 96 117.9 138.7 159.1 175.9 182.9 187.2 189.1
259.8 253.6 254.8 266.9 273.2 274.9 275.4 275.6 277 278.9 280.5 281.2 280.4 279 277 273.6 268.5 262.6 256.4 250.4 245 236.4 222.2 194.2 175.9 170.2 164.4 153.5 142 134.4 132.9 133.7 134.2 134.7 130 118.6 106.3 128.7 150.6 171.2 193 215.1 230.2 237.1 237.9 237.6 234.1 228 220.9 203.2 184.6 166.1 149.3 145.5 147.9 149.1 152.3 154.9 158.2 162.2 166.9 169.6 169.1 165.8 156.6 134 108.5 88.9 80.6 91.5 98.7 116.7 131.6 148.3 163.2 170.2 173.8 176.8
271.5 268.3 253 248.6 256.7 259.2 266.8 267 268.8 273.6 278.3 278.1 277.3 277.9 275.8 270.9 266.1 260.2 254.6 248.4 239.5 226.5 205.5 189.5 189.3 182 164 155.9 150.9 152.7 153.3 154.7 156 157.7 147.5 123.8 108.6 118.8 141.9 163.3 187.4 212.3 231.7 236.9 235.8 233.1 227.2 216.3 201.2 186.3 171.1 156.2 154.2 155.7 162.3 166.1 167.8 170.4 176.9 182 184.2 182.2 179.4 173.6 158.9 135.4 105.7 81 83.1 92.9 101.5 113.4 129.7 142.3 153.6 159.4 160.8 163.7
277 275.1 271.3 252.3 240.8 234.8 244.6 248.2 253.8 263.4 272.2 274.3 276.9 277.7 275.5 271.3 265.7 258.3 250.1 242.2 227.1 212.8 211.8 214.6 217 206.9 192.2 186.1 181.5 178.5 178.7 180.9 180.2 175.5 152.7 125.5 111.6 112.3 134.9 157 179.3 203.1 224.5 229.2 228.7 224.1 209.3 196.1 181.6 168.1 165.8 166.4 170.5 173.5 178.2 181.9 184.4 186.1 189.1 191 191.1 187.2 183.8 178.5 156.6 129.8 99.3 78 88.4 94.4 101.6 112.5 127.8 136.7 143.5 147.6 148.3 149
280.2 278.2 275.9 271.8 263.9 253.2 227.2 208.2 230.4 252 273.8 275.2 275.2 277.2 277 272.4 267.3 259.7 248.5 237.9 235.7 233.9 232.4 234.3 234.5 225.5 219.5 212.6 206.1 202.4 202 201 186.6 167.5 146.1 126.3 112 106.4 127.6 152.5 173.4 191.8 208.9 215.4 212.4 203.1 188.8 174.3 166.4 168 178.6 185.2 187.6 191.3 189.5 192 191.7 194.8 195.6 193.3 191.4 188.9 184.6 174.3 147 122.2 93.4 77.1 87.8 94.3 100.7 109.3 118.2 125.9 132.1 134.9 134.8 132.7
283.4 281.1 278.9 277.1 272.4 265.8 247.2 208 202.2 231.3 251.9 273.4 273.8 275.6 277 273.8 268.4 262.7 256.4 252.3 247.9 245.7 243.1 242.5 238.9 231.3 237.9 233.7 229.2 225.1 216.7 197.8 178.2 157.1 141.2 124.5 109 104.3 121.9 147.4 167.7 180.4 190.5 190 185.1 176.5 167.9 166.4 172.6 183.9 194.3 202.6 205.3 203.8 200 197.2 193.1 194.7 194.8 191.6 187.3 183.1 177.6 159.1 139.6 117.1 92.5 77.1 84 91.1 97.3 102.4 108.6 113.7 116.8 120.2 119.7 119.7
285 283.8 281.9 278.6 273.1 267.4 253 212.7 183 214.3 240.5 270.7 273 273.4 274.8 271.9 267.6 263.4 258.1 255.1 252.5 250.2 247.2 240.5 234.2 242.7 242.1 240.4 238.2 231 209.8 187.9 167.7 149.6 132.8 118 107.6 101.6 120 142.8 158.3 167 168.7 166.8 164.4 165 166.3 173.2 186.7 200 208.7 210.5 212.4 207.6 201.6 196 183.6 186.5 183.1 179.5 174.8 169 160 147.7 132.6 113.8 93 79.5 79.9 89.1 92.4 96.9 101.6 107.4 110.8 112.2 113.8 114.2
286.9 285.7 283.1 279.2 272.5 266 248.1 212 180.2 198.5 228.5 260.8 273 272.2 270.8 268.6 266 262.4 258.9 255.7 251.8 249 244.6 235.9 231.2 241.1 242.2 240.4 236.6 223.6 201.5 178.6 158.1 139.9 122 111.8 102.9 106 124.5 138.7 148.8 149.7 153.9 154.3 162.7 172.2 181.5 191.6 203.1 211.4 214.3 216.2 213.2 207.5 202.1 191.3 170.5 168.4 167.9 163 157.6 150.9 143.9 134.4 124.4 106.6 92.6 85 75.2 85.1 89.3 92.9 97.1 100.2 103 106.1 108.9 111.4
288.3 286.8 284 279.8 272.9 264.9 246.5 213.4 183.6 181.9 214.3 250.1 268.1 269.4 267.9 265.7 264.2 260.6 256.5 251.3 248.4 243.3 235.7 227.7 229.8 237.2 237.4 236.4 230.1 216.2 192.3 170.3 151 132.1 119.1 105.9 97.7 112.6 124.1 130.3 133.9 144.1 152.6 163.3 175.2 188.6 197.5 206 212.6 216.8 218.9 218.3 211.4 204.7 197.2 184.3 163.3 147.9 150.2 146.6 142.4 136.5 129.2 121.7 113.5 104.8 91.9 85.8 76.9 79.7 86.2 90.6 94.5 97.1 98.8 102.2 109.6 118.2
289.7 287.6 285.6 280.1 272.8 264 243.3 212.1 183.3 171.7 198.1 240.9 266.1 266.5 265 262.7 260.4 256.6 251.7 246.3 240.9 235.6 228.7 221.2 224.3 225.4 225.6 224 219.1 209.4 183.9 162.7 144.8 127 114.2 100 98.9 112.3 126.1 137.3 146.3 154 162.6 176 187.8 199.9 210 214 218.5 218.1 217.2 212 203.5 196.7 187.4 175.8 159.6 139.7 134.1 132.8 128.4 120.6 114.4 108.4 103.1 96.5 90.2 84.6 76.2 77.8 85.1 89.8 93.3 94.4 101.8 110.4 119.7 131.3
289.6 287.3 285 279.3 272.5 263.8 237.4 206.5 181.1 165.4 192.7 229.4 258.6 263 261.9 259.7 256.9 252.3 246.8 240.5 234.3 227.8 217.2 206.7 207.2 206.3 207.2 210 208.9 195.7 179.9 164.3 146.2 126.3 108.5 94.5 104.3 119.7 137 150.5 155.4 162.2 171.1 182 191.5 203.6 207.9 210 212.3 210.9 207.3 201.4 194.2 186.5 178.4 166.9 154.7 134.8 120.6 119 115.3 111.2 107.4 104.1 98.6 92.6 87.5 80 76 77 84.3 89 95.9 105 114.6 124.7 134.3 145.7
288.6 286.1 282.2 277.7 270.4 259 226.2 198.8 177.2 165.5 191.7 219.4 242.9 257.9 258.6 258 254.5 251 243 235.4 224 211.2 201.7 188.4 183.5 181.8 181.1 185.3 186.4 182.7 176.2 165.7 149.8 130.3 110.3 95.3 108.9 122.1 139.1 153.3 158 167.1 174.4 183.9 193.7 200.9 202.6 203.8 202.5 200.9 196.5 191.2 183.5 175.8 168 158.8 146.6 129.1 121 114.5 109.3 104 100.6 97.5 94.1 90.3 86.3 86.5 76.5 76.3 83.4 91.7 101 116.6 127.8 136.1 145.6 153.7
286.1 282.9 279.1 274.6 268.2 250.6 220.1 193 173.5 162.5 189.2 216.1 243.9 253.6 253.1 255.2 252.4 248.6 242.2 233.5 224.5 212.9 196.2 179.7 163.2 160.4 162.8 167.2 172.2 174.2 171.4 167.4 154.2 134.9 114.2 95.5 106.3 119.4 132.2 148.1 154.7 167.4 176 185.8 193.3 195.6 196.4 195.7 194.3 190.8 185.5 178.6 171.8 166.3 158.9 149.6 136.2 124.7 118.2 112.1 108.3 110.5 108.4 107 104 96.8 91.1 85.1 76.8 74.7 82.7 90.4 101 119.8 131.6 141 147.9 153.8
282.5 279.9 276.1 271 264.6 245.2 215.6 187.8 167.8 164.4 186.8 213.1 240.3 246.8 247.1 251 249.6 245.4 241.2 234.4 227.1 221 208.9 191.8 175.6 158.4 145 149.5 155.9 162.4 165.4 163.4 154.9 135.9 118.1 98.8 105.9 113.7 125.7 139.1 150.2 163.4 175.2 185.2 187.8 188.8 188.1 187.4 183.7 177.4 171.5 165 161.6 158.3 152.6 143.1 130.2 123.6 119.2 116.5 118.7 117.1 119.1 121.7 118.3 110.9 98.9 87 80.4 73.8 83.6 89.6 99.9 118.5 130.8 138.5 145.3 149
279.6 277 271.9 266.3 260 240.5 210.4 184.2 166.4 162.2 181.4 204.1 219.9 229.9 242.9 247.5 248.3 242 238 231.9 225.3 218.6 212.7 202.6 188.6 169.4 151.4 136.3 137.6 144.4 149 151.6 148 133.4 120.6 100.2 103.6 110.5 119 132.9 147.2 162.5 174.4 178.1 178.8 177.8 175.8 172.7 167.8 162.8 158.4 155.6 154.7 152 147.3 139.7 132.7 128.5 128.2 129.4 130.2 128.4 132 134.9 133.5 128.9 116.7 102.4 86.9 71.8 82.5 87.3 97.2 113.8 124.4 131.2 136.3 141.5
276.3 273.1 267.7 262.2 254.3 232.5 205.3 181.4 167.1 158.6 175.7 193.3 208.8 227.1 239 240.7 241.7 237.9 234.1 229.2 223.2 216.6 209.1 199.8 188.9 172.6 154.1 138.3 130.4 129.9 131.5 132.9 132 127.3 119.9 106.2 96.5 107.7 119.6 131.5 143.9 159.2 163.7 163.3 162.2 161.9 160.2 157.7 153.7 150.1 147.8 147.1 146.9 147.9 145.9 141.6 138 137.7 140.5 141.8 141.6 141.1 143.8 147.1 146.4 140.5 132.7 117.8 94.6 76.7 79.6 83.9 91.7 106.4 116.4 119.6 124.8 132.9
272.6 269 263.5 256.8 248.3 230.7 204.7 180.8 165.7 152.8 171.8 194.4 214.2 226.2 234.7 237.3 235.7 233.7 230 225.9 219.2 212.2 204.7 195.5 183.9 168.3 154.2 142.7 135.1 127.4 121.8 118.2 118.2 119 114.7 105.7 93 107.3 117.9 130.5 139.3 142.3 145.2 144.4 141.9 145 145.4 142.4 138.4 136.6 135.7 138.6 142 146 149.6 150 147.7 149.8 153.1 154.4 154.2 153.1 156.3 157.6 158.6 152.8 142.8 128.9 103.3 81.2 69.8 79.5 85.2 95.1 104.7 111.6 118.7 129.2
268.5 264.7 257.7 249.7 242 224.3 200.7 179.5 164.4 151 174.7 199.8 218.4 214.2 221.5 226.6 226.4 226.7 223.9 217.2 211.8 207.8 200 191 178 168.6 162.9 156.8 149.4 139.8 130.3 123.1 115.1 109.9 104.2 96.5 95.8 105.8 116.4 130.2 135.9 136.7 137.2 136.1 133.6 132.2 130.6 127.7 128.1 128.8 133.9 138.4 145.1 152 156.2 162.1 159.7 157.8 161.7 165.4 168.4 166.9 167.6 165.8 164.3 161.1 153.2 136 116.4 86.3 75.5 72.6 80.7 85.4 95 104.5 113.3 122.8
263.3 257.2 245 227.3 217.8 210.1 195.1 177 160.7 153.3 174.3 191.6 197.7 199.3 210.3 215.5 215.1 214.4 209.8 206.2 203 200.5 195.7 188.1 173.8 173.1 173.2 171.5 165.6 155.3 139.1 133 125.6 118.1 108.4 93.2 98.1 105.6 117 131.4 133.2 133.6 133.2 131.3 126.6 124 123.2 123.7 126.9 129.3 135.2 143.3 151.2 158.9 166.1 168.9 167 166.4 170.3 173.6 174.8 174.2 174.2 173.2 170.4 166.5 160.9 146.5 121.6 99.4 80.6 73.6 72.8 82.3 88.3 98.7 106.5 114.5
255.3 245.8 222.4 209 202.1 195.6 187.8 171 157.7 151.1 166.5 178.8 193.7 204.3 210.6 205.2 199.9 192.2 186.6 186.2 187.5 189 188.7 184.6 170.2 180.1 185.5 177.9 171.8 167.5 159.5 148.8 137.3 126.1 114.6 92.2 95.7 105.4 117.9 129.7 130.6 130.7 129.2 126.1 120.1 119.3 119.5 122.6 128.5 133.7 141.3 148 154.7 163 168.1 172.6 172.9 174.5 176.7 178.1 177.9 177.5 176.4 174.2 171.3 169.9 166.9 157.8 133 112.3 91 81.2 71.1 78.8 86.5 93.9 100.3 106.1
