example_terrain50/SN54.asc
ncols 200
nrows 200
xllcorner 250000
yllcorner 240000
cellsize 50
[rows 70 to 104 of 200, columns 0 to 78 of 200]
143.9 139.1 134.9 138.5 142.2 144.3 146.8 149.7 150.6 151.3 150.1 144.3 136.8 134.5 132.1 130.1 130.3 130.6 131.6 132.3 134.8 139.4 145.7 150.1 153.6 156 157.8 157.5 158 158.1 157.3 156.7 156.2 156.2 154.5 152.5 150.8 148.6 147.6 147.6 147.7 147 145.5 143.5 141.4 140.2 139 139.5 141.9 142.7 143.3 143 141.8 139.7 136.7 135.1 133.6 131.4 129.7 127.3 125.3 124.8 123.9 122.7 120.8 120.8 116.9 114.7 110.8 107.3 106.2 105.9 105.5 115.6 120.9 121.9 121.6 121.8 119.9
136.9 133.2 133.8 138 141.9 144.9 148.9 151.7 153.5 154 152.3 146 136.2 131.7 130.3 129.5 129.7 130.3 131.5 135.4 140.7 145.9 150.5 153.5 156.2 158.6 159.8 159.7 159.6 159.5 159.3 158.6 157.9 157 154.8 152.6 150.1 149 148.1 147.5 147.3 146.5 145.4 143.4 141.5 139.7 139 137.8 136.1 141 142 142 140.4 138 135.3 133.8 132.2 129.2 127.2 125.5 124.3 123.8 123.3 122.6 120.1 116.5 114.7 113.6 110.3 107.1 105.8 105.8 109.7 115.4 119.5 120.6 117 116.7 113.4
130.8 130.5 133.7 137.9 143.1 147.5 150.6 153.6 155 155 153.2 146.9 137.2 131.1 130.1 128.7 129.2 130.6 134.9 140.4 145.2 148.6 153.1 155.3 157 160 161.1 161.9 162.1 162.7 161.8 160 159.3 158.4 156.7 153.8 150.5 149.6 148.7 147.8 146.8 146.2 145.2 143.3 141.7 140.8 140 139.2 137.1 136.3 138.9 139.9 138.3 135.7 133.3 131.3 129.3 127.4 126 124.5 123.8 123 123 122.5 119.5 115.2 111.6 111.2 109.4 106.4 105.2 105.4 108.7 112.8 116.7 113.2 111.5 110.6 109
127.9 130.7 134.3 138.3 143.8 148.4 151.9 155 157.3 156.4 153.6 147.6 138.6 130.3 129.9 128.2 129.3 131.9 137.1 142.5 145.8 150.5 154 157.4 159.6 161.6 162.5 163.4 164.3 165.4 164.3 162.4 160.6 159.7 158.7 155.5 152.7 150.2 149.2 148.1 146.9 146 145.2 143.7 142.4 141.7 141.3 142.2 139.8 136 132.8 134.8 134.7 133 131.5 129.3 127.5 126.2 124.8 123.3 122.7 122.1 122.8 123.5 117 113.2 108.9 108.1 105.8 104.9 105 104.6 105.6 105.1 105.1 107.5 106.3 105.9 106.3
126.7 130.9 134.8 139 144.5 148.5 152.6 156.4 159 159.6 154.7 145.7 134.4 129.1 128.3 127.7 129.5 132.7 136.7 141.2 148.5 152.9 155.9 158.7 160.8 162.8 164.5 165.9 167.1 168 166.7 164.5 162.7 161.2 160.1 157.9 155 152.1 150.6 149.4 148 147.1 146.5 145.9 143.1 141.6 142.3 143.4 139.3 134.5 131.2 128.9 129.8 130.1 128.8 128.2 126.3 124.9 123.6 122.2 121.4 120.8 121.3 119.7 114.6 111.1 105.4 105.5 104.9 104.6 104.6 104.2 103.4 104.1 104.7 104.9 104.9 105 104.1
125.5 131.3 135.6 139.2 144.1 147.9 152.4 157.5 160 159.9 152.8 139.3 130.1 128.4 127.5 127.9 129.7 131.9 135.9 144 150.9 154 156.8 159.4 161.5 163.7 166.1 168.8 169.4 169 168 166.7 165.2 163.4 161.3 159.4 157.2 154.3 152.9 152.3 150.2 149.8 151.4 149.7 145.5 143.2 140.9 140.9 137.3 133.3 130.3 128.3 125.7 125.9 125.9 125.4 125.2 124 122.7 121.5 120.2 119 120 116.7 110.2 104.2 104.5 104.8 105.2 105.2 103.2 103.9 105.4 106.5 106.7 107.5 108.5 109.8 106
125.6 129.6 134 137.6 142.9 148.7 153.9 158.1 160.4 156.6 147.6 133.2 128.8 127.5 126.7 128 129.8 132.3 138.2 146.9 151.7 154.8 157.6 160.1 162.2 165.2 168.8 170 170.5 169.8 169.8 168.8 166.7 164.5 162.6 160.5 158.6 156.4 155.2 155.4 155.8 155.3 155.2 152.6 147.2 140.6 139.3 137.5 135.3 131.8 130.3 128.3 126 123.5 122.6 122.5 123.5 123 122.2 121 118.9 117.7 118.2 114 103.2 103.7 104.4 104.5 104.6 102.9 104.9 111.2 116.3 114.4 110.5 112.4 114.7 113.4 110.4
124.5 126 131.9 135.9 141.6 148.2 154.1 157.9 158.6 153.8 138.3 131.7 127.7 126.7 126.1 128 129.9 137.9 141.9 146.5 151.7 155.1 158.5 162.5 166.2 168.7 170.5 171.8 172.1 171.3 171.6 170.7 167.9 166 164.8 163.3 161.8 160.8 159.7 159 159.5 159.7 158.1 153.7 147.8 140.8 138.1 136.3 133.4 130.6 129.2 128.1 126.5 124.4 121.4 120.6 121.7 121.3 120.9 120.1 118.8 112.6 114.6 102.4 106.7 107.1 104.5 104.1 106.8 110 116.7 121.4 123.2 122.3 120.8 118.5 117 115.8 113.2
124.3 124.1 129.1 134.5 139.1 148.1 153 156.3 154.7 148.9 134.7 130 126.7 126 126.3 128.7 131.9 138.2 142.2 146.5 151.4 156.9 160.5 165.8 167.9 170.1 172.2 172.9 173.3 172.8 172.8 172.4 169.8 168.1 167 165.8 165.3 164.9 164.7 163.3 163.9 162.5 159.4 153.8 146.7 141.4 137.1 134.9 131.6 129.4 127.5 126.7 126 124.2 121.8 118.3 117.5 118.7 119.4 119.2 119.5 115.2 102.2 104.2 111.9 114.7 117 120 120.8 121.7 121.7 122.1 121.8 121.4 121.2 119.2 117.4 117.1 115.7
124.3 123.1 125.7 129.2 137.1 146.4 150.6 152.3 149.5 144 133.5 128.7 125.8 125.5 126.4 128.8 132 136.6 141.6 147.3 152.8 157.4 163.4 166.7 168.5 170.7 172.2 173.2 174 174.2 174 173.1 170.7 169.6 168.8 169.2 169.2 168.5 167.9 168.4 168.4 165.9 159.6 152.3 144.6 140.4 136.5 133.2 130.3 127.7 125.9 125 124.4 123.1 120.7 118.4 115.5 115.3 118.5 118.7 116.2 104.9 102.9 111 116.4 119.1 119.7 120 121.1 122.1 123.2 123.3 123 122.8 121.5 119.5 117.6 116.5 116.7
123.2 122.7 124.1 127.8 133.2 140.5 145 147.1 145.2 140.4 135 128.5 125.1 124.5 125.7 128.2 130.9 135.8 142.2 148.3 155.8 162.1 165.6 167.8 169.4 171.2 172.2 173.2 174.2 174.5 173.9 172.9 171.7 171.5 171.4 171.5 172 172.1 173.3 173.6 171.9 167.1 159.2 150.5 142.9 138.6 134.4 131.3 128.4 125.7 124 123.2 122.3 121 119.9 118.6 116.2 114.2 114.7 114.9 105.2 102.6 112.1 116.4 120.3 120.1 119.7 120.3 121.3 122.4 123.8 124.2 123.5 123.6 123.1 120.7 120.8 119 117.8
124 122.4 123.2 125.1 128.5 133.6 139.1 142.7 143 137.6 131.7 126.1 124.3 124.6 125.5 128 131.1 136.7 142 150.9 159 163.8 166.5 169.1 170.5 171.6 171.9 172.9 173.9 173.9 172.9 171.9 171.4 171.5 171.9 172.3 173.9 175.4 176.7 176.1 172.1 166.2 159.3 149.8 139.8 135.9 132.4 129.3 126.3 123.8 122.2 121.3 120.3 118.9 118.4 117.3 116.9 113.1 111.6 106.2 101.8 110.4 113.9 117.9 120.7 120.5 120.4 120.1 120.7 122.1 124.1 124.9 124.2 124.3 122.2 123.2 124.2 123.1 122.4
123.2 121.3 122.1 123 124.9 129.1 132.9 138 138.9 136 129.9 125.1 123.8 124.7 125.5 128.4 131.5 137.5 145.3 155.1 160.8 164.6 167.5 170.2 171.8 172.2 172.3 172.3 173.2 172.8 172 171.1 171 171.3 171.8 173.1 175.8 178.3 178.4 176.5 171.1 165.1 158 147.6 138 133.9 130.1 126.8 123.8 121.8 120.4 120.3 119.6 118.3 116.3 116.4 115.9 110 104.5 101.8 106.5 113.4 116.5 118.9 120.4 120 119.7 119.3 119.9 121.8 123.7 124.7 124.3 122.2 121.4 121.8 124.3 123.2 121.9
122.6 121.2 121.7 122.1 122.5 125.6 130 133.8 136.4 134.5 129.2 124.1 122.8 123.8 125.4 127.8 132.8 140.3 149.7 156.7 161.1 164.9 167.9 170.5 172.1 173.2 173.2 172.9 172.2 171.7 170.9 171 171.1 171.2 172.4 174 178.2 179.4 178.6 174.9 169.4 163.6 155 143.8 136.4 131.5 128 124.7 121.9 120.2 119.3 119.6 118.7 116.4 113.7 112 108.8 104.2 103 104.1 111.4 115 117.1 119 119.5 119.2 119 119.4 119.7 120.9 122.3 124.1 123.2 121.2 122.3 122.1 122.5 119.4 117.2
123 120.8 120 121.2 121.7 124.3 128.3 131.9 134.5 133.4 128.8 123.7 122.5 123.5 125.5 128.7 134.4 144.4 152.2 157.7 161.6 164.9 168.1 170.6 172 172.1 172.3 171.6 170.3 169.5 168.3 169.2 169.9 170.9 172.7 174.8 178.5 179 177.7 173.8 169.4 163 152.9 142.4 134.5 130 125.5 123.1 119 117 116.7 117.2 115.8 112.9 109.2 107.3 104.1 102.7 103 108 114.5 116.6 118.6 118.8 118.7 119 119.2 119.7 119.8 120.6 121.5 122.9 121.1 117.8 117.7 117.6 113.3 111 114.8
122.6 120.4 119.5 120.2 121 123.1 126.5 129.8 134.6 132 127.6 122.8 120.8 123.3 125.3 129.6 137.6 146.7 153.6 157.7 161.6 165.3 168.5 171.2 171.9 172 171 169.6 167.8 166.7 166.5 167.4 168.5 170.4 172.2 174.2 177.4 177.6 177.1 173.5 168.5 161.4 150.9 140.5 132 127.8 122.6 119.5 116.7 114.8 112.3 111.9 110 106.8 105 102 103 101.6 103.1 112.9 115.9 117.6 119 119.9 119.6 118.4 119 120 120.6 120.6 121.1 118.7 115.2 111 111 111 111 111 112.6
121.6 119.6 118.7 119.7 120.4 121.5 124.2 128.4 132.9 128.1 124.5 121.5 120 123.1 125.2 131.1 139 147.3 152.5 156.7 161.2 165.5 168.8 171 171.8 170.7 169.6 167.6 165.6 164.5 164 164.9 166.8 169.2 171 174.3 176.9 176.5 174.6 171 165.9 158.7 148.7 137.7 130.7 125.6 120 116.1 114 111 107.4 105.6 106.4 105.4 102.2 103.2 102.4 101.9 103.3 113.8 117.4 119.9 121.8 120.7 119.5 118.3 119.2 119.9 119.1 118.6 117.9 111 111 111 111 111 111 111 111
122 119.3 118.2 118.8 119.7 120.3 122.4 125.5 126.7 124.2 122.4 120.8 119.6 122.3 125 130.8 137.8 146 151.2 155.8 160.6 165.1 168.3 169.6 169.7 169.1 167.6 165.6 163.6 161.4 161 162.3 164.5 166.7 171.1 174.4 175.6 173.9 171.3 167.5 161.7 154.7 145.1 132.9 127.7 123.5 118.1 112.9 108.6 106.3 105.8 106.1 106.5 101.9 101.9 102.2 103.2 103.3 103.7 113.4 118.3 119.5 120.2 119.5 118.6 118.5 119.4 118.8 118.1 117.1 111 111 111 111 111 111 111 111 111
121.7 118.8 117.9 118 118.6 119.4 120.6 121.5 122.1 121.3 120.3 118.3 119.6 121.9 124.5 129.7 135.6 142.3 149.5 154.9 160.1 163.8 166 167.2 167.1 167.1 165.7 163.7 161.4 158.9 157.7 160.4 163.7 166 169.4 171.6 172.4 169.9 166.3 162.4 156.8 148.6 139.2 131.4 125.3 120.7 112.9 105.3 104.7 105 105 105.6 103.6 102.2 102.8 103.6 103.9 103.8 103.5 115.7 118.8 120.2 120 119.3 118.6 118.8 118.5 117.8 117.1 115.5 111 111 111 111 111 111 112 115.8 115
120.6 118.1 117.5 117.8 117.7 119 119.3 119.4 119.4 119.4 118.5 116.6 118.4 120.6 123.2 127.6 134.2 140.6 146.7 152.7 157.3 160.8 162.9 164.1 164.5 164.4 163.4 161.7 159.5 156.8 153.9 158.1 161.6 164.7 165.8 166.8 165.2 163.9 162 156.7 150.2 142.2 135.7 130.1 123.7 116.4 102.7 102.3 103.4 104.3 104.5 104.1 102.2 103 103.3 103.5 103.7 103.2 105.8 118.6 120 119.7 118.5 118.5 118.6 118.2 117.9 117.2 117.9 116.8 111 111 111 111 111 111 117.5 122.1 123.1
120.7 117.5 116.5 116.7 117 118.3 118.3 118.4 118.4 117.6 116.2 115.7 116.6 118.8 121.3 126 132.6 139 143.4 148.5 153.9 157.2 160.1 160.8 161.7 161.8 161.2 161.1 159.1 154.8 147 153.6 157.7 160.1 160.8 161.1 160.2 158.3 154.6 150 143.8 138 133.2 127.6 121.7 104.3 101.7 102.1 102.5 102.9 102.4 101.8 102.4 103.1 103 103.2 103.3 103 119 119.7 119.5 119.4 118.5 118.5 118.9 117.1 116 117 117.2 116.6 111 111 111 118.1 116.8 121 123.6 125.8 128.9
120.5 117.7 116 115.5 115.7 117.6 118.1 118.1 117.3 114.8 114.9 115.1 115.5 116.9 119.2 123.6 129.2 134.2 138.5 144.9 150.6 154.2 157.5 158.2 158.7 159.2 159.1 158.6 157.3 152.3 144.4 148.8 152.6 154.6 155.2 155.3 155.3 152.3 148.2 144.3 139.3 134.7 130.6 122.4 103.9 101.6 101.9 102.3 102.6 102.7 101.3 102 102.6 102.9 102.9 102.9 104.9 117.9 119 119.2 116.6 115.3 115.9 116.2 116 115.3 114.4 113.6 114.1 115.7 115.7 117.3 117.6 123.1 124.2 125.9 127.8 138.3 143
119.5 117.8 115.6 115.3 114.8 116.5 117.9 117.6 115.4 114.6 113.9 114.2 114.6 116.2 118.1 121.4 126 130.4 133.9 141.8 146.9 150.6 153.8 154.7 155.8 156 153.4 150.5 150.6 145.3 140.3 143.5 145.5 148.7 150.2 150.1 149.4 147 144.6 140.8 137.1 132.4 128.3 105.8 100 101.5 101.8 102.3 102.7 102.8 100.9 102.8 103.2 104.9 105.6 111 120.7 121.2 120.5 116.7 112.6 109.7 112 112.7 113.5 113.3 114.2 113.7 115.4 116.4 118.9 119.3 122.6 124 125.9 129.9 137.9 148.5 152.2
118.6 117.8 114.9 114.3 114.3 115.7 116.8 114.6 113.8 113.9 113.6 113.7 114.4 115.5 117.7 120.7 123.4 127 131 135.3 140.8 145.3 147.5 148.9 149.4 147.5 144.5 140.1 135.5 135.7 137.4 139.9 142.4 144.8 145.3 146.4 145.3 143.1 140.9 139.2 135.2 129.8 124.9 100.1 101.1 101.9 100.3 102.4 102.6 102.1 102.7 113 118.1 119.4 112.9 114.1 121.4 120.2 116.5 112.7 108.9 108.5 108.9 108.9 109.7 109.5 112.8 112.1 115 118.3 119.2 119.6 122.2 125.4 128.6 134.9 143.7 153.1 163.2
117.7 116.1 114.2 113.7 113.9 114.7 114.2 113.4 113.2 113.3 113.3 113.8 114.7 115.2 116.7 119.3 122.1 124.8 127.9 131.5 134.2 137 138.3 136.3 134.4 132.1 129.4 129.8 131.4 133.1 135.6 137 138.8 141 142.7 143.8 142.6 140.9 139 137.1 133.1 128.8 121.8 100.5 102 102.1 104.5 104.1 103.6 111.5 118 117.4 119.4 117.2 112.6 112.8 114.8 115.4 113.4 110.7 108.2 106.9 106 106.4 107 108.3 110 110.7 113.6 116.4 118.7 120.5 123.8 127.5 137.2 144.4 151.2 156.5 164
115.8 114.6 113.6 113.4 113.6 114.1 113.5 112.8 113.3 113.2 113.5 115.1 115.6 116.2 117.2 118.4 120.6 122.4 124 124.3 124.6 123.9 122.5 122.7 123.2 124.3 126.1 127.3 128.8 131.2 133.5 135.1 137.3 139.7 140.9 141.2 140.5 139 137.1 135 131.9 127.5 121.5 100.4 101.7 101.9 102.2 107.9 113.9 116.3 117.4 117.6 117.4 113.2 112.2 113.6 115.9 113.9 110.7 107.6 107 105.7 105.5 105 105.1 107.1 108.9 109.3 110.5 113.4 119.8 123 126.8 140.6 151.3 156.9 157.8 160.1 165.4
113.7 113.2 112.5 113 113.5 113.2 113 113.3 113.6 114.2 115.5 117.5 118.1 117 116.6 117.4 119.1 120 121 120.7 120.4 120 119.1 119.4 120.1 121.6 123.1 124.9 127 129.1 131.3 133.5 135.7 138.3 138.9 139.2 138.8 137.2 135 133 130 126.1 120.8 110.5 99.8 101.6 101.6 103.1 115 115.9 119.3 118.5 113.9 111.4 112.2 112.3 113.1 111 107.9 106.6 105.5 105 104.9 104.9 105.2 106 107.7 108.3 111.5 116.3 122.8 126.2 137.8 149.2 157.9 156.2 155.1 156.9 159.9
111.4 111.3 111.8 112.3 112.9 112.9 115.3 116.1 115.8 117.8 119.8 121.1 121.1 121 117.2 117.2 116.8 118.1 119.2 119.5 118.9 117.7 116.5 116.6 118 119.7 121.3 123.2 125.5 128 130.6 134.4 136.7 137.4 138.1 138.1 137.3 135.5 133.4 131.5 128.5 124.8 119.7 114.7 105.7 100.9 101.5 101.1 107.6 111.1 112.8 113.4 110.2 110.5 110.9 110 109.3 107.8 107.3 106.3 105.6 105 105 105 105.3 106.2 107.6 110.2 116.4 124.5 129.4 132.3 141.6 153.3 152.3 146.7 148 149 154.3
110.5 110.6 111 111.6 112.2 115.9 119.7 121.4 121.5 123.7 125.1 127.7 128.2 127 119.5 116.8 116.7 117.3 118.8 119.3 118.6 117.9 115.5 115 116.6 118.2 120 122 125.8 128.1 131 134.8 136.4 136.7 137.4 137.4 135.7 133.8 132.4 129.6 126.7 123.4 117 114.4 112.5 103.5 101 101.3 100.9 101.1 106.5 109.2 108.8 109.6 109.3 107.2 107 106 106.1 106.4 105.7 105.2 105.2 105.2 105.5 107.5 110.2 114.7 122.1 131.7 138.1 145.7 143.9 139 135.9 135.6 137.3 141 144.7
110.2 110.4 110.6 111 112.8 119.8 123.2 125.1 127.1 128.8 130.5 131.2 131.1 129.6 122.9 117 116.1 116.7 117.7 117.5 117.9 116.8 114.4 114.2 115.1 117 119.2 122.5 126.2 128.4 131.8 134.4 136.2 136.5 136.8 136.8 134.4 132.5 130.2 127.5 124.6 120.1 115.8 114.1 112.5 110.1 100 101.4 100.8 100.4 100.7 101.7 107.1 106.1 107 105.7 105.9 106.1 106 106.4 105.8 105.4 105.3 105.5 107 110.7 115.2 124.8 140.9 142.7 146 133.7 128.8 127.6 129 131.8 134.6 138.1 141.5
109.4 109.9 110.2 110.1 117.4 124.2 125.3 127 129 131.4 132.6 133.3 132.7 131 125.8 118.4 116 115.8 116.1 116.7 117.1 116.4 113.9 112.5 113.4 116 120.6 123.7 126.3 129.2 131.6 133.8 135.9 136.3 136.5 136.3 133.9 130.6 127.6 125.5 122.5 118.9 116.6 114.8 112.4 106 102.5 100.4 100.4 100.3 100.8 100.8 100.6 100.6 100.3 101 105.3 105.7 106.1 106.1 106.2 105.6 105.6 107.3 108.3 113.7 120.5 133.9 137.8 135.9 128.9 124.9 124.4 126.2 129.6 133.5 138.1 142.1 145.4
108.7 109 109.5 114.3 122.1 127.2 128.8 130.1 131 133.4 134.2 135.3 134.4 132.5 129 123.4 118.5 116 115.5 116.3 116.3 115.1 113.8 111.3 112.3 115.4 120.4 122.9 125.8 129 131.2 133.4 135.5 136.8 137.5 136.6 134.2 129.8 126.1 123.7 121.6 118.7 117.8 115.7 112.4 102.9 102.3 101.9 100.8 99.9 100.5 100.4 100.6 100.8 100.4 100.6 100.9 101 102.4 104.9 105.7 106.2 107 108.9 110.3 115.1 118.2 123.3 124.3 121.3 121 122.2 125.8 129.5 133.5 138.6 143.5 150.6 156.6
107.9 108.1 112.4 121 127.6 130.6 132 132.2 133.3 135.4 135.8 137.7 137.7 135.5 130 127 122.1 117.2 117.1 116.1 114.3 112.8 112 110.6 111.5 115.2 119.3 122.2 125 128.6 131.1 133.3 135.5 138.1 138.8 138.3 134.5 128.9 125.1 121.8 119.9 119.2 117.7 116.4 109.6 102.3 101.8 101.4 101.3 100.4 100.2 99.8 100.5 100.9 100.5 101 100.9 100.6 100.6 101.4 103.5 105.2 107.3 109.6 111.1 112.2 114.5 116.4 118.2 118.1 119.9 123.9 129.1 134.6 141.2 148.3 159.5 166.4 172.8
107.6 109.7 119.8 124.6 129.5 131.7 132.9 134.2 135.4 135.7 136.5 139.1 139.2 136.6 132.6 128.5 124.9 119.8 117.1 113.8 111.6 112 111.8 109.9 110.3 112.9 116.8 121.6 124.9 127.8 130.5 134.1 136.8 139.2 139.5 135.6 131.7 126.5 122.1 119.9 119 118.8 116.6 115.7 104 101.7 102 101.6 101.4 101.3 101.4 100.4 99.5 99.5 100 100 99.7 99.6 99.7 100.8 100.9 106.7 108.6 109.1 111 112.3 113.7 115.4 117.6 119.6 122.3 128.5 136.5 142 152.3 163.7 173 181.4 189.9
107.1 113.9 120.5 125.8 128.8 130.6 132.3 133.6 134.6 135.6 136.7 137.5 137.7 136.2 134.5 130.8 125 120.2 115.9 113.3 112.6 112.1 111 109.1 108.6 111.7 114.9 121.6 124.5 127.4 130.6 134.3 137.4 136.9 135.2 130.4 126.5 122.8 120.3 119.6 119.4 119.7 116.2 110.7 101.7 101.6 101.9 101.3 101 100.9 101.2 101.1 99.8 99.7 100.3 99.6 100.4 101.3 100.7 98.9 100.7 103.6 107.8 108.4 111.8 115.4 118.3 122.5 127 129.7 134 140.6 147.7 157.3 167.5 176 185.2 194.6 204.2
