example_terrain50/SN64.asc
ncols 200
nrows 200
xllcorner 260000
yllcorner 240000
cellsize 50
[rows 0 to 34 of 200, columns 78 to 155 of 200]
272.3 270.5 267.5 264.2 262.3 263 264 265.9 269 275.3 277.8 280 283 286.1 289.1 292 296.2 300.5 304.5 308.3 312.1 316 319.8 323.3 327.3 331.2 335.1 339 342.8 346.3 349.3 352.4 355.8 359.6 363.6 367.2 370.3 374.1 378.7 384.4 394.9 408.2 423.9 439.4 447.7 454.1 455.3 453.1 448.3 450 458.6 465.8 468.4 470.1 470.4 465.8 457.3 450.2 449.9 451.3 452 450 445.8 443.9 442.3 439.4 437 435.6 434.6 431.4 424.6 415.3 401.6 385.1 362.7 341.5 322.8 312.7
276.8 276 274 270.2 268.1 268.8 270.9 272.7 273.7 273.7 279.1 281.6 284.7 287.4 290 293 296.1 300.4 303.8 307.7 312.2 316.5 319.4 322.8 327 330.9 334.8 338.5 342.2 345.9 348.9 352 355.3 359.4 363.5 367.1 371.7 375.3 380.2 389.7 402.6 416.5 431 441.9 451.6 454.1 451.6 450.3 447.6 454.4 463 467.3 472.5 472.2 467.7 458.8 452.4 448.2 448 449.6 449.5 444.7 440.1 438.4 437.8 437.3 437 435.8 432.1 422.4 410.8 400.8 387.2 367.6 351.2 335.3 320.1 309.1
282.5 281.5 280 277.6 275.2 274.7 275.1 276.3 277.6 278.6 278.5 282.3 286.4 288.1 290.3 293.6 296.8 300.2 303.3 307.6 312 316.2 319.5 322.5 326.6 330.7 334.1 337.4 341.9 345.6 348.6 351.7 355.8 359.7 363.7 366.5 371.1 375.7 382.3 393.2 407.4 421.1 431.8 441.6 447.4 447.7 445.8 443.6 450.3 457.1 462.7 467.5 470.4 465.6 455.7 448.6 449.1 449.3 447 447.1 439.4 436.6 435.4 434.7 436 436.6 435.6 430.2 419.7 409.1 396.9 381.3 363.2 351.6 338.4 321.9 310.1 298.2
287.2 286.6 286.6 285.3 282.7 280.5 281.2 280 280.8 281.3 281.7 280.1 286.9 288.8 290.9 293.9 297.1 299.8 304.1 306.8 311.2 315.3 318.6 322.1 326.5 329.8 332.7 337.1 341.6 345.2 348.3 352.4 356.4 360.2 363.4 366.2 371.1 378 385.8 396.2 410.1 422.9 429.2 436.6 439.5 439.7 439.1 442.7 450.1 456.4 461.3 464.6 459.8 450.3 445.7 445.4 445.8 442.3 439.1 436.8 434.5 431.7 431.9 433.3 434.9 434 427.7 418.5 406.4 393.3 374.6 357.7 344 335.3 322.1 306.8 298 286.3
291.4 292.6 292.8 293 291.2 288.6 286.8 285.2 284.7 284.8 285 284.1 285.2 289.4 291.6 294.2 296.7 299.9 303.6 306.5 310.6 314.6 318.1 321.7 325.9 329.6 332.9 336.8 341.3 344.9 348.6 353 356.9 360.2 363.1 366.5 371.8 379.5 387.4 396.9 405.5 413.9 421.9 427.5 426.8 428.8 435.4 443.4 450.1 454.4 459.3 455.6 449.6 445.1 444.1 441.9 440 438.5 436.4 432.5 429.6 428.9 430.5 431.8 429 423.6 415.8 405.2 390.1 370.1 353.9 340.3 324 317.5 304.3 292.3 282.5 274
294.5 295.5 296.7 297.5 297.2 295.2 291.9 289.7 289.2 288.7 288.1 287.8 288.9 290.2 291.5 294.7 298 301.1 303.7 306.5 310.7 314 317.7 321.3 325.5 329.4 333.5 337.1 341.1 344.8 349.3 353.6 357 360.2 363.4 367.6 374.4 382.7 390 397 403.4 410.1 416 420.2 422.4 427.9 440.6 445.7 448.4 452.6 452.8 449.7 444.9 444.2 444.1 440.1 437 435.2 432.6 427.3 425.9 426.2 427.3 423 420.6 416.5 407.4 389.2 367.8 352.5 337.4 326.1 308 299.5 289.7 277.3 269.3 264.6
297.7 299.4 301 302.2 301.9 300 296.9 293.7 292.9 292.2 291.3 290.6 291.8 292.9 294.3 295.5 298.3 301 303.7 307.1 310.1 313.4 317.1 320.8 324.5 327.9 332.1 336.3 340.5 345.7 350.2 354.1 357.6 361.1 365.1 372 380.7 388.6 393.5 399 404.4 409.1 412.8 418.5 424 437.2 444.2 446.4 446.6 449.2 448.8 443.7 439.3 438.3 433.8 432.6 433.1 430 423.4 419.3 417.5 417.6 416.7 416.9 411.3 402.4 388.2 366.7 350.9 336.2 319.8 306.7 295.2 285.6 276.7 266.4 261 257
304.2 305.1 306.5 307.1 306.3 304.4 301 297.4 296.8 295.9 295 294.5 295.1 295.8 297.1 298.3 299.5 301.2 303.7 306.5 309.6 312.8 316.4 319.8 323.1 326.5 330.4 334.9 340 345.1 350.5 354.6 358.5 361.8 366.6 376.8 387.4 395.1 399.3 402.6 405.5 408.8 411.5 417.7 426.9 435.2 439.7 441.4 439.7 436.4 432.3 429.2 430.2 430.4 429.6 428.1 425.4 418.4 413.4 407.1 400.3 405.6 404.5 399.2 393.5 384.2 365.3 349 334.7 317.8 303.6 292.5 281.4 274.4 266.9 258.7 253.8 251.6
310.6 312.2 312 311.3 309.9 308.5 304.8 302.2 300.7 299.8 299.7 298.3 299.3 299.6 300.6 301.5 302.3 303.3 304.5 307 309.7 312.4 315.1 317.9 321.7 325 330.3 334.3 338.6 343.7 348.7 353.3 357.7 361.9 369.6 380.7 391.9 400.4 402.6 407.7 411.1 410.4 411.9 418 427.6 430.8 432.5 434.2 429.1 427.3 426.8 427.6 429 427.1 423.7 417.8 413 408.9 401.3 389.5 371.5 383.1 383.3 382.9 375 360.3 345.6 332.2 316.7 302.1 291 278.7 270.5 264.9 258.7 253.4 249.7 247.9
315.8 317.1 315.6 314.1 312.9 310.7 308.5 306.6 304.3 303.6 302.8 302.2 303.7 303.5 303.7 304.2 304.8 305.8 306.9 308.2 310.3 312.9 315.5 318.3 321.4 325.5 328.7 332.9 337.2 341.9 346.9 352.1 357.4 361.5 370.7 380.7 391.1 397.2 403.3 411.7 412.5 410 415.1 424 429.6 432.4 429.8 428.4 426.7 426.3 426.6 427.8 427.2 421.2 414.2 409.1 404.8 396 384.2 370 348.6 354.9 361.8 361 351.8 341.1 329.3 314.7 301.5 287.8 278.2 271.6 263.8 256.9 252.6 248 246.6 246.2
319.4 321.6 320.5 319 317 314.8 312.8 311.1 308.6 306.9 306.4 306.3 306.8 306.9 306.9 307.3 307.8 308.4 309.8 310.6 312.1 313.9 316.1 318.9 322.2 326 329 332 335.8 340 344.9 350.5 355.5 360.6 368.8 377.2 385 393.5 402.3 410.9 407.5 409.3 418.4 427.3 430.8 431.3 429.7 427.5 427 425.5 423.8 423.3 415.7 408.8 406.4 403.1 393 385.4 375.2 356.6 338.8 332 333.6 336.9 332.8 324.3 312.7 298.1 285.4 275.5 268.7 262.6 257.4 251.4 247.8 245.2 244.4 244.9
322.6 324.8 326.2 324.4 321.9 319.3 317.2 315.4 313.2 311.3 310.3 310.1 310.4 310.3 310.3 310.5 310.8 310.8 311.8 313.1 314.6 316.3 318.4 320.6 323 326.4 329.3 332.3 334.8 338.3 343.3 348.5 353.1 359.1 368.5 376.2 379.9 388.2 399.6 403.6 405.6 412.4 419.8 428.1 431.3 431.8 431.6 431.7 426.8 421.2 416.1 410 405.3 401.5 396.9 389.3 384.4 378 366.4 349.5 329.6 311.5 313.9 311.5 310.3 305.1 294.9 282.3 271.9 265.1 259.3 255.5 251.3 247.5 244.6 243.7 243.4 244.4
325.8 327.8 329.4 329.1 326.2 324 321.7 319.1 316.2 314.5 314.1 313.9 314.1 314 314 313.9 314.7 314.5 315.1 316.1 317.1 319 321.1 323.2 325.6 326.4 328.2 330.7 332.5 336.4 341.1 344.9 349.6 356.7 365.6 369.5 374.7 383.8 394 399.4 406.7 412.4 418.4 428.7 432.5 436 436.2 432.1 425.2 417.4 411.9 400.8 398.8 394.1 385.4 382 377.7 369.4 360 345.3 324.8 309.7 294 296.7 292.4 285 276.4 268.7 263.1 257.8 254 250.3 246.5 243.6 242.1 242.4 242.9 243.8
327.9 329 330.1 329.5 328.1 326.7 324.3 322.2 319.2 318.3 318.2 318.1 317.8 317.5 317 317 318 317.9 318.5 319.5 320.4 321.4 323.2 325.3 327.5 328.7 329.4 330.1 331.9 335.1 338.8 341.6 344.7 349 353.4 362.3 373.6 382.2 389.8 398 405.6 408.4 412.1 423.9 429.5 432.2 432.9 428.8 421.9 416 405.8 395.1 389.2 382.1 379.3 377.4 372.7 365.5 356.8 342 318.1 301.8 291.5 283.7 280.7 271.6 264.8 259.8 255.5 252 248.7 245.6 243 240.9 241.3 241.6 242.5 243.4
328.4 329.4 330.5 330.4 329.2 328.1 326.6 324.3 321.4 320.7 321.5 322 322.3 321.5 320.9 320.6 321.3 321.6 321.8 322.7 323.5 324.5 325.7 327.4 329 330.3 331 331.5 331.8 334.1 336.8 339.3 342 345.3 349.7 357.2 367.6 381.9 391.2 398 404 407.7 408.4 413 421.4 426.5 428 425.4 418.3 410.3 395.6 388.9 379.8 375.8 375.6 374.3 369.7 363.3 351.6 329 307.4 293.4 285.9 267.4 267.9 261.9 256.3 253 249.7 247.4 244.9 242.8 240.2 239.9 240.5 241.1 242 243.1
330.4 330.9 331.5 331.8 331 329.6 328.1 326.7 325.2 324.5 325 325.5 325.9 325.1 324.6 324.3 325.2 324.1 324 325.4 326 327.2 328.4 330.1 331.4 332.7 332.6 332.8 333.4 334.8 335.1 336.8 339.6 342.7 346 351.7 365.6 381.5 394.7 401 406.2 407.3 408.2 410.5 418.3 423.3 423.6 421 415.2 399.1 387 379.5 372.2 371.3 372 372.1 370.1 352.5 332.5 312 291.7 281.8 272.6 259.2 257.1 253.6 249.7 247.6 245.6 243.1 241.7 240 239 239.4 239.9 240.7 241.9 243.6
332 332.2 332.4 333.4 332.7 331.7 330.4 329.4 328.2 328.5 328.5 329 329.5 328.6 328.3 328.5 327.6 326.3 325.9 327 328.2 329.7 331.6 333.4 334.6 335.9 335.2 335 334.5 335.1 335.5 336.4 339.1 340.6 343 352.3 368.8 383.7 398.7 409.3 410.1 411.5 411.1 410.9 414.5 417.5 416.8 415.8 403.1 388.7 376.7 367.6 365.4 366.9 368.4 365.2 350.9 334 313.3 292.3 273.2 266.3 259.4 253.8 250.5 247.6 245.2 243.1 241 239.6 238 238.2 238.6 239 239.9 240.7 242.9 248.4
332.9 333.1 333.3 334.8 336.3 336.5 335.6 332.6 332.4 333.2 333.5 332.9 333.5 332.6 331.5 330.6 329.7 328.5 328.2 329.5 330.8 332.7 334.8 336.7 338.3 340.8 342.3 340.9 337.1 335.8 335.9 335.9 338.3 338.9 341.6 352.8 370.9 387.6 404.4 414 413.3 412.4 411.3 411.7 412.7 414.8 411.7 406 391.7 381.3 368 359.2 359 360.3 352.8 342 329.8 315.6 294 273.3 261.1 253.3 249.6 246.2 244.5 242.5 241.3 239.5 237.5 237 237.3 237.7 238.2 238.8 239.9 242 248.3 262.2
332.7 333.3 334.3 335.9 337.3 338.5 338.4 337.9 338.1 338.7 339.4 339.3 338 336.6 334.4 332.8 331.7 330.6 330.8 332 333.7 335.8 337.8 339.7 343.5 348.1 350.8 348.9 343.4 338.2 337.2 337.1 337.7 339.6 343.1 358.2 373.3 390.7 408.8 417.9 418.2 413.4 414.6 414.2 412.3 410.8 409.4 398.8 384.2 374.3 356.2 348.6 341.5 337.7 330.9 321.6 306.7 289.8 269.9 255.2 247.4 244.5 241.7 240.4 239 238.7 237.3 236.4 236.1 236.6 237.4 237.7 238.1 239 240.7 247.2 260.6 275.2
330.9 332.9 334.3 335.4 337.3 339.1 339.3 340.7 342.8 344 344.6 343.4 341.7 339.9 337.4 335.5 334.1 333 333.3 334.6 336.4 338.2 340.1 342.3 345.4 350.1 355.4 354.5 350.7 344.6 340 339 339.4 342 351.6 365.7 379.7 393.3 410.1 417.2 419 416.8 415.6 411.8 408.2 407.1 403.8 390.5 378.6 364.1 348.4 333.3 322.3 315.4 308.3 296.6 281 264.8 249.8 242.5 238 237 236.1 235.1 234.7 235.3 235 235.3 235.5 236.1 237.2 237.8 238.2 239.7 245.8 257.2 274.8 285.1
328.4 331.2 333.2 334.9 337.5 339.3 341.1 343.5 345.9 347.7 348.7 347.8 345.8 342.9 339.9 336.8 335.6 334.5 334.6 336.4 338.5 340.4 342.5 344.9 350.7 357.3 360.4 360.4 356.6 350.7 345.2 344.2 345.1 350.5 361.5 373.8 384.7 393 406.6 412.4 413.3 413.6 413.2 409.9 404.1 402.2 393.8 383.3 372.4 354.4 342 322.7 305.5 290.4 282.7 271.1 256.2 246.3 239.3 234.2 232.1 232.3 232.3 233.2 233.8 234.4 234.6 235 235.4 235.9 236.7 237.7 239.5 243.4 253.1 267.4 281.7 291.8
326.1 329.9 332.9 335.7 338.9 342 345.4 347.9 350.3 351.8 353 351.6 348.7 344.8 341 337.8 336.3 334.9 336.2 338.3 340.3 342.5 344.9 350.2 357.9 363.1 367.3 367.4 361 355.4 353.4 357.9 363.3 366.9 371.6 380.7 392.8 395.1 399.5 404.7 408.2 409.5 410.3 406.8 400.6 397.8 387.1 379.4 365.7 353.1 338.3 314.1 294.1 270.5 261.8 250.7 241.9 235.9 232.3 231.3 231.1 231.4 232 234.2 235.4 235.8 235.9 235.8 235.9 236.3 236.8 239.1 244.8 251.6 265.8 282.6 296.9 311.6
324.1 327.7 331.8 336.3 340.5 345 349.1 352.1 354.7 356.5 356.9 355.3 349.8 345.6 340.5 337.5 336.6 335.9 338.1 340.2 342.4 344.6 350.4 358.2 365.6 371.5 373.2 374 366.3 360.4 361.2 366.4 372.9 374.1 378.3 387.8 394.5 399.9 399.4 400.9 404.2 406.2 405.8 400.1 397.9 388 382.7 375.8 361.4 351.7 327.5 301.2 281 262.8 245.7 240.2 234.2 231.8 230.3 230.3 231.1 231.9 233.5 235.4 236.6 237.5 237.4 237.3 237 236.8 240.4 244.7 252.7 267.5 286.4 304.1 322.1 337.4
320.3 324.1 328.1 332.6 339.6 345.9 350.7 354.9 357.3 358.8 359 358.1 353.1 346.6 341.3 339.1 338 337.3 338.9 341.2 343.6 348.6 358 365.9 373.9 381.4 378.6 376.9 369.1 365.3 366.2 372.3 374.7 376.2 383.5 391.7 396.4 400.4 401.1 400.9 403.8 407.7 400 396.9 388.6 382.2 375.6 367.4 358.4 331.1 307 283.3 264.6 248.3 239.2 234.3 232.4 229.9 230.1 231.4 233.8 234.9 236.1 236.8 238.1 238.7 239.5 240.2 241.1 242 247.4 256.4 269 282.4 304.2 321.5 339.5 353.3
315.1 320.1 324.4 330.9 337.7 345.1 351.4 355.5 358.1 359.5 359.8 359.8 356.1 350.5 344.1 341.3 340.2 339.6 339.3 342.4 345.5 354.9 365.1 373.8 382.7 386.5 383 379.6 372.7 370 371.1 374.9 375.5 378.9 389.1 398 400.5 400.3 401.4 402 405.7 402.3 398.1 390.8 384.3 378.4 366.8 353.2 330.5 308.6 286.5 265 250.2 239.1 232.2 230.6 229.6 229.6 230.4 233.9 236.3 238.2 238.2 238.8 240 241.3 242.8 246.4 248.7 253.6 262.6 274.1 286 299.6 320.1 333.5 351.4 364.6
309.7 314.8 320.7 328.7 337.3 345.7 351.5 355.8 358.2 359.3 360.3 360.5 357.9 352.6 346.8 343.6 342.7 342.3 343.1 345 351.4 362.5 372.8 382.4 391.6 391.4 387.8 382.6 379.3 376.4 374.1 375 376.5 380.8 391 400.1 399.5 400.2 401.1 401.1 396.7 395 390.1 384.6 381.1 369.3 353.6 328.1 307.2 287.6 267.9 251.5 239.3 230.7 229.1 228.8 229.3 230 232.9 236.5 238.4 240.5 241.9 243.9 244.6 246.1 248.6 252.7 259.7 266.7 278.1 294 304.8 315.8 331.5 345.4 363.2 374.5
304.4 310.4 317.8 326.3 335.5 345 349.6 353.4 356.4 358.8 359.8 360.2 357.7 354.3 350.2 347.3 346.4 345.9 347.2 350.6 359.5 370.3 381.5 390.7 394.4 392.9 389.3 387 384.8 377.5 376.1 377.2 379 383.7 391.1 395.9 397.7 398.5 399.2 395.3 393.9 386.4 381.1 376.5 367.5 360.2 342.9 313.3 289.2 268.6 251.2 240.2 231.1 227.9 227.7 228.6 229.3 231.4 235.7 239.1 241.4 243.2 246.3 250.1 249.9 250.7 254.7 262.4 269.9 280.8 295.9 309.2 315.8 327.6 342.6 356.7 372.8 382.4
299.7 305.1 313.9 323.3 333 340.4 345.9 349.8 353.1 356.1 356.8 357.2 356.3 354 354.4 354.4 353.3 352.3 354 358.9 367.6 380 391.8 397.9 397.1 394.7 393 390.3 386.5 379.3 377.8 381 384.9 387 393.8 396 396.6 395.8 394.1 393.6 385.2 375.3 372 365.7 361.5 349.1 323.7 297.7 273.3 252.6 241.4 231.9 229.3 227.5 227.8 228.4 230.2 234.2 238.5 241.7 244.3 248.1 251.9 253.8 254.2 255.4 262.7 271.2 281.5 294.6 307.9 317.1 326.6 342.7 356.6 368.6 380.3 387.3
295.3 301 309.4 319.4 326.5 332.6 338.4 343.4 347.3 350.7 352.9 353.9 353 354.9 357.2 359.7 361 363.6 363.1 368.8 379.1 391.8 399.9 402.8 401.4 402.3 400.8 393.2 385.8 380.8 380.8 385.4 386.3 387.1 388.9 392.9 394.6 393.6 392.3 384.5 373.6 369.5 363.4 355.6 344.4 321.3 299.5 275.6 256 240 233.8 230.1 227.5 227.6 227.6 228.6 232.3 236.7 239.8 244.3 249.1 252.5 255.3 257.1 258.3 260.9 270.1 280.8 292.6 305.3 315.1 329.6 343.6 357.2 366.2 375.9 383.7 381.7
292.5 297.7 304.8 312.2 318.5 324.7 330 335.9 340.7 344.5 346.5 350.3 351.1 355.1 358.6 362.6 367.2 367.4 369.8 378.5 392.2 400.5 408.5 408.8 408.7 409.5 402.5 395.8 388.1 383.4 384.5 385 386.3 387.2 388.3 390.1 390.5 390.3 383.3 374.9 369.2 359.2 349.6 328.4 311.7 293.5 273.9 255.7 239.3 229.7 228.7 227.4 226.3 227.2 228.3 229.6 235.5 239.7 242.8 247.3 251.7 255.5 258.8 260.7 264.3 271 281.5 291.9 304.9 315.7 328.1 345.9 359.2 369.7 376.4 382.1 380.2 376.4
292.1 296.1 300.9 305.6 310.5 316.8 321.5 327.8 333.1 338.4 342.1 346.7 351.4 355.5 361.3 365.7 368.5 370.6 381 391.7 401.7 408.3 411.6 411.9 412.1 408 402.8 395.5 389.4 388.5 387.9 385.5 386 388.5 391.3 390.2 389.9 385.5 376.1 367.5 355.6 344.5 323.4 303.2 283.1 269.2 253.7 240.3 231.4 226.9 226 225.6 226.9 228.5 230.1 231.1 236.1 240.5 245.4 249.2 253.6 259 263.5 267.9 274.3 284.1 293.4 301.9 315.6 326.8 344.9 360.7 372.5 380.8 384 383.7 378.6 373.1
290.4 295 298.8 303.2 307.6 311.2 314.6 319.8 325.8 331.7 338.6 345.2 351.3 357 363.5 366.1 371.2 381.3 394 403.9 407.7 410.3 412.5 415.2 411.4 407.2 403 393.6 389.5 391.4 391.1 387 386.8 389 391.4 389.6 385.5 374.6 363.8 348 338.2 316.2 296.6 278.1 262.7 249.9 239.1 231.3 227 224.1 226.9 227.8 229.2 230.9 233.3 237.7 237.3 242.8 249 255.5 260.1 265.4 269.6 275.6 285.8 294.2 301.3 309.5 323.7 342.2 359.9 373.4 380.4 384.7 384.7 381.7 375.5 370.2
288.7 293.4 297.3 301.1 305.3 307.6 310.6 313.1 318.2 324.2 333 342.4 349.1 355.6 359.7 364.5 378.3 393 405.3 409.4 411.7 412.1 413.6 414 408 405.9 399.4 388.9 388.7 392.6 391.8 388.1 386.4 387.3 390.1 385.5 375.4 363.5 347.7 331.1 306.2 288.9 270.5 254.4 243.9 237.4 233.2 227.1 223.4 226.6 228.5 230.1 232.9 234 237.5 241.4 244.1 247.4 254 260.3 266.3 274.3 279.2 285.6 293.7 300.3 308.7 316.5 334.7 352.7 368.6 377.8 382.8 385.2 382.4 376.6 370.6 362.2
287.3 291.5 295.6 299.6 302.4 304.3 307.6 311.4 316.1 321.3 327.3 335.8 342.3 348.5 353.3 366 385.2 400.4 410.2 412.9 411.8 411.4 414.6 409.1 402.6 399.5 392.1 384.6 387.3 388.3 384.5 384 385.4 388 386.1 375.7 362.9 344.6 325.5 301.1 279.9 262.4 247.5 238.6 232 227.3 225.5 222.3 225.7 227.5 229.8 231.5 234.3 235.6 238.8 243.3 246.3 250.1 255.4 262.5 272.8 282.5 287.4 292.3 299.6 305.2 314.1 324.7 341.6 357.7 369.5 376 378.9 377.6 376.8 369.8 361.5 342.9
286.1 290.1 294.1 297.5 300.4 302.8 306 309.7 314.1 319.1 324.4 329.7 335.1 341.2 350.4 368.4 387.7 404.5 413.1 412.5 408.4 410.8 409.9 405.9 395.5 389.6 382.2 381.4 384.3 380.2 381.1 383.1 382.9 378.8 374.3 359.7 339.4 316.2 294.1 274.4 256.3 242.1 230.7 225.4 223.2 222.5 221.7 224.4 227.4 228.8 231.4 233.2 235.3 237.8 240.3 244.6 248.2 254.4 260.9 268.1 278.5 286.2 291.5 294.1 301.8 310.4 321 332.8 347.6 358.7 365.5 368.3 368.7 370 368.2 360.2 343.7 330.1
