example_terrain50/SN67.asc
ncols 200
nrows 200
xllcorner 260000
yllcorner 270000
cellsize 50
[rows 36 to 71 of 200, columns 82 to 163 of 200]
98.4 98.6 98.9 98.9 102 105.6 111.6 117.4 120.8 127 132.4 137.1 140.4 141.6 142.5 143.5 147 147.8 149.5 151.7 153.8 157.6 160.5 162 163.6 164.7 167.3 170.2 170.5 171.1 171.6 173 174.6 175.6 173.8 167.4 157 137.9 114.7 96.7 94.7 96.3 90.5 79 75.1 67 63.5 54.6 47.4 45.1 43.6 44.8 39.5 44.3 47.5 50.2 51.8 52.1 59 62.1 61.9 62.2 60.6 59.4 58.3 59.3 60.9 62 62.6 64.2 70.2 79.5 88.5 97.8 107.1 118.3 131.6 139 146 153.4 160.1 166.1
106.4 104.7 101.8 99.4 99.9 101.8 106.8 110.7 114.5 121.4 126.2 130.3 132.7 133.8 135.1 136.5 138.4 140.3 143.2 145.4 147.9 151.7 155.3 159.2 159.7 161.3 164.2 167.5 169.5 171 172.4 174.1 175.7 176.7 173.9 167.4 154 133.1 112 101.6 108.6 110.4 106.9 102.5 92 82 70 61.3 55.5 51.1 48.4 48.9 49.3 50.4 58.4 68.7 77.8 76.4 76.7 77 74.9 76.2 78.2 76.9 71.9 68.2 68.5 70 72.9 71.4 69.8 79.3 85.3 93.7 103.4 113.4 121.3 125.2 135.2 140.1 150 160.7
117.3 113.8 107 103.1 101.7 101.9 103.4 106.9 110.2 115 118.3 121.4 124.5 126.3 128.1 130.3 131.8 133.8 137.3 138.8 141.3 145.6 149.7 152.5 155.6 159 162.5 167.1 170.2 170.4 173 175.3 176.2 173.1 170.9 163.9 151.6 132.6 118.6 109.7 119.2 126.1 125.9 121.5 115.1 101.2 92 77.8 68.7 60.1 52.9 56.1 58.9 64.4 73.3 86 92.2 95.8 96.7 97.4 92.5 96.6 96.8 94.7 88.1 81.5 77.5 79 83.9 85.4 88.7 91.2 91.1 98.2 108.6 114.9 123.8 134.4 143.9 155.1 168.3 180.2
121.7 119.2 111.4 107.8 103.7 103 103.5 104.8 106.7 110.9 114.5 118.6 118.8 119 120.2 123.3 124 128.6 131.3 132.3 135.2 138.8 143.2 147.2 150.4 154.3 159 165.2 170.3 171 173.1 175.7 176.1 172.3 168.1 162.7 153.1 135.3 132.7 122.1 135.2 143.1 141.3 137.4 134.9 124.6 113.3 93.4 84.6 74.9 64.4 62.4 66.2 76.4 89.3 100.8 106.9 111.5 112.6 109.9 109.8 117 112.8 109.1 104.7 99.1 92.7 90.3 93.3 96.5 99.2 100.4 103.4 108.3 114.9 124.9 134.1 143.3 153.3 167.1 180.1 192.8
127.1 126.4 120.6 112 108.1 105.9 105.2 105.3 106 106.9 108.9 111.1 114.8 114.4 115 116.9 119.9 119.8 126.7 127.7 130.8 134.8 139.5 141.6 145.7 150.4 156.9 162.6 166.9 169 170.9 173.3 174.7 170.6 168.4 164.6 154.1 148.4 142.9 134.1 150.7 154.8 154.2 151.5 149.8 138.3 125.6 109.9 100.1 91.2 85.3 75.4 81.4 94.1 103 113.5 119.7 123.8 123.4 123.2 122.7 129.3 128.7 127.3 124.6 119.6 114.8 111.8 111.6 112.6 113.9 113.9 115.2 120.2 126.7 135 143.5 152.6 163.9 177.8 191.4 204.2
133.4 136 130.1 121.4 113.8 109.8 107.3 107.1 110 112.3 114.9 113.8 115.5 117.3 119.9 121.9 123.7 125.5 125.8 127.7 130.9 129.6 133.9 139.7 143.2 147.9 152.4 157.6 161.6 163.3 166.8 167.9 169.5 169.6 168.2 165.1 162.4 156.8 147.4 150.7 160.9 164.7 163.6 162.6 161.8 151.1 139.9 128.9 119.7 113.7 102.2 99 97.8 106.3 115.9 124.1 130.6 133.8 134.8 135.5 135.3 139.3 144.3 144 142.3 138.6 135.4 134.4 133.3 134.9 134.4 133.5 132.2 134.2 138.4 143.7 150.4 159.5 172.4 187.4 202.2 211.8
136.4 140 136.5 133 124.3 116.9 114.1 110.3 112.7 117.6 119.4 121.4 123.8 125.3 127.6 129.3 129.6 131.6 132.2 133.6 135.3 135.8 131.4 140 143.3 147.3 149.1 152.9 156.8 159.4 160.8 161.8 165.2 166.9 167.6 166.9 166 163.3 162.1 164.7 168.3 170.2 171.3 172.1 171.9 162 155 146.7 134.6 129.3 121.5 116.2 113.2 115.9 123.6 131.4 136.5 142.5 144.5 146.1 146.8 149.8 155.4 157.9 158.8 155.3 152.6 153 152.8 152 150.6 148.5 146.2 148.5 149.9 153 158.6 168.3 179.6 194.3 207.5 217.5
141.6 142.5 142.1 138.9 137.2 129.7 123.8 118.4 115.7 118.4 123.9 128.4 131.1 134 135.6 134.5 135.2 137.3 138.4 140.5 142.3 142.2 140.2 139.2 139.3 141.8 148.8 151.8 154.8 156.3 157.1 159.3 160.4 163.3 165.4 167.4 167.9 167.8 167.9 171 174.5 176.2 177.3 179 180.7 175.7 168.8 160.5 153 149.7 141.5 134.2 128.6 125.5 130 137.9 144.9 150.3 157.2 161 162.9 163.8 165.8 168 172.9 171.1 168.5 169.1 170.4 171 169.4 165.2 160.8 162.2 163.8 165 171.2 178.6 188 199.5 212.3 218.4
146.8 147.1 149.5 146.3 144.5 140.2 134.1 124.4 121.2 120.6 127.8 132 135.1 139.2 139.7 139.2 140.1 142.4 144.6 146.3 147.5 146.5 144.2 144.2 145 146.7 150.4 150 151.7 154.7 156.3 158.3 159.6 160.8 163.3 165.6 169.8 171.4 172.7 174.5 177.3 180.6 183 187.1 189.3 184.8 180.7 176 169.7 165.2 161.8 152.2 143 140.4 141.3 144.6 153.3 160.5 168 174.4 177.4 178.7 179.5 180.3 181.9 183.1 185.1 184.2 184.2 183.6 183.4 179.3 174.4 173.9 174.4 177.6 180.9 188.8 195.3 205.2 213.7 213.3
150.9 152.1 154.7 154 153.7 149.2 142.5 132.1 127.9 126.8 130.9 135.1 139.6 142.3 143.7 145.2 145.8 147.6 149.8 151.1 151.2 150.6 149 149.4 150.8 152.6 153.8 154.9 156.8 158 158.1 159.9 163.8 164.4 166.7 169 171.3 172.8 174.7 177.3 179.5 182.9 189.3 194.4 196.3 195 191.2 187.2 185.2 182.2 178.3 174.5 163.6 159.1 162.6 159.8 162.3 170 177.6 185.9 189.5 191.4 192.6 194.1 194.6 193.4 194.8 196.4 196.8 195.8 194.8 190.7 187.5 186.3 185.3 185.8 188 194.7 200 199.2 197.5 197.2
152.1 157.6 158.4 158 159.2 156.8 149.4 141.1 134.5 133.5 133.6 137.7 142.8 145.4 147 148.8 149.7 151.6 153.6 155.2 156.2 156.4 156 154.8 155.4 157.3 158.8 160.5 164.7 169.5 169 170.6 171.3 169.8 170.1 171.7 173.3 175.6 178.3 181.4 183.9 190.3 194.8 199.2 201.9 201.7 200.7 199.7 198.3 195.4 192.8 191 183.2 175.8 176.5 177.4 173.4 180.4 189.3 197 200.9 203.2 205.6 207.3 204.5 201.7 201.6 203.8 207 206 203.8 201.1 198.8 196.3 192.5 190.6 193.1 192.9 187.6 184.6 182.7 181.2
154.3 160.1 160.5 164.1 167.7 166.3 161.7 153.8 144.7 140.1 137.8 140.3 141 146.2 148.6 149.9 152 154.4 156.5 158.3 160 160.7 161.3 162.2 162.3 162.7 165.9 169.9 173.1 175.8 176.4 177.4 178.6 176.6 176.6 177.7 178.8 179.5 182.1 187 190.4 194.8 200.8 203.2 206.8 208.1 207.7 207.3 208.8 208.6 206.4 204.9 201.9 193.9 190.5 193.3 190.7 191.9 200 206.7 210.6 213.6 217.2 218.1 215 213.5 214.3 213.4 215 214.6 212.3 208 205.6 199.3 192.6 184.2 184 179 176.4 173.6 172.7 170.6
155.6 161.3 164.8 166.8 170.6 171.2 167.7 160.1 150 145.2 142.7 144 146.2 147.9 148.5 151.1 154.1 157.1 159 160.8 162.6 164.5 165.2 166.3 167.7 170.2 173.4 176.2 178.5 181.3 181.9 181.2 182.4 182 181.5 182 183.8 184.5 186.6 192 194.4 197.8 201.2 205.4 209.7 212.9 214.4 216.2 217.9 217.7 219.1 217.6 213.4 208.4 203.4 207.2 205.1 204.4 211.6 216 219.7 221.4 223 223.3 221 220.1 221.8 222.3 223.5 221.7 217.1 210.4 199.7 187.1 178.2 173.2 170 170.1 168.7 170.5 172.3 172.3
156.7 164 168.6 167.4 169.9 172.3 169 161.8 154.6 150.2 148 147.9 148.8 149.6 151.4 153.7 156.1 158.9 161.3 163.5 165.5 167 168 169.1 170.2 171.1 176.6 179.2 182 184.8 186.5 186.2 186.4 186.9 187 186.7 186.7 187.4 189.4 194.4 197.9 200.1 203.4 207.3 211.1 215.2 219.9 223.7 225.6 226.2 227 225.6 223.8 218.5 215.3 219.9 214.4 211.9 217.7 221.9 224.3 226.9 228 227.2 226 225.3 226.8 228.8 228 215.2 201.9 189.3 175.2 167 161 164 166.3 165.8 168 171.2 174.3 176.1
155.9 160.7 168.2 168.4 168.6 169 167.1 161.5 155.9 153.6 152.7 153.6 151.9 151.8 152.8 155.5 158.1 160.5 163.5 167.2 168.5 169.3 169.8 170.5 171 172.4 177.3 181.3 184.2 186.9 188.8 188.9 189.2 189.6 190.1 189.1 188.3 187.8 189.2 194.7 197.7 200.7 204.6 208.9 212.3 217.1 222 227.5 228.5 228.8 231.2 230.1 228.1 226 225.1 225.7 223.1 220.8 223.4 224.9 227.1 229.3 231.6 230.4 229.8 229.7 230.6 224.6 210.5 194.8 179.2 164.2 159.6 160.2 165.4 170.1 168.5 173.5 173.9 177.2 181 185.2
152.5 157.6 165.6 169.1 168.2 168 164.1 159.9 158.1 155.6 156.6 155.7 153.8 152.5 152.5 155.1 157.4 159.9 163.6 169 171.1 171.4 170.3 170.4 170.6 171.8 175.8 180.9 185.3 188.4 190 190.7 191.1 191 191.4 189.4 187.7 185.8 186.8 193.1 196.3 198.1 203.5 208.2 211.5 215.8 220.7 225.2 228.2 229.6 232.3 232.4 229.9 229.5 230.8 230.3 228.6 226.8 227.3 230.4 235 232.5 233.8 232.5 232.1 228.1 220.7 203.6 184.9 167.4 154.3 157.1 163.3 169.8 171.3 172.5 175.3 178.6 183.8 188.7 193.7 196.9
149.9 154.2 162 167.8 166.6 166.6 164.1 158.8 155.9 154.4 153 153 152.6 152.9 153.3 154 155.9 158 161.9 167.5 170.6 170.9 169.2 169.5 169.7 170.8 174 179.4 183.6 187 189 190.1 191.2 192.9 189.3 186.1 183 180.8 181.2 188.4 192.2 195.9 200.7 206.1 210.6 214.4 218.7 222.2 226.3 227.8 231 231.3 230.8 230.4 234.7 232.2 230.8 229.9 229.8 232.2 237.1 233.1 233 232.8 229.3 219.1 198.4 171.6 149.5 152.8 157.7 163.4 169.7 171.4 173.3 175.6 180.1 183.7 190.6 196.4 201.7 206.7
148.4 152.6 158.3 164.1 163.9 164.6 163.8 158.7 154.2 150.9 149.2 147.6 147.5 148.8 149.8 152.9 153.9 154.9 158.1 163.6 166.6 165.7 165 166.6 167.3 169.3 171.6 176.6 182 185.5 187.6 189.2 190 189.6 189.3 184 180 174.1 175.1 180.2 186.8 189.9 196.5 202.7 207.1 210.9 214.6 219.4 222.9 226 226.9 227.2 227.4 228.5 230.4 227.9 228.6 228.5 230.4 232.5 233 231.2 229.8 225.5 216 197.7 170.1 143.1 151.4 160 166.8 169 170.9 172.8 174.5 177.1 182.6 190.5 197.3 203.1 208.4 214.2
147 151.3 156.1 160.1 160.5 159.8 158.2 156 149.1 146.4 143.7 140.1 137 137.5 140.6 147.5 149.7 150.4 153.7 158.9 160.7 160.3 160.7 163.3 164.3 165.4 168.2 172.7 179.3 182.3 184.8 187.3 188.5 187.8 185.9 181.1 169.8 165.6 167.8 173.2 179.4 185.5 191.1 198.6 202.6 206.3 210.1 215 218.1 220 220.9 220.9 220.3 221.4 222.9 224.2 223.9 225.1 228 229.6 228.6 225.2 221.2 209.9 197.6 170.3 141.5 143.8 152.3 158.9 166.9 169.7 172.1 174.4 176.6 178.9 186.2 196 203.5 209.9 215.1 220.4
144.5 147.9 152.6 156.8 157.3 157.7 154.5 149.2 142.1 137.3 133.2 131.5 129.1 130.4 135.9 139.5 143.8 143.2 147 151.6 152.6 152.9 154.3 156.5 158.7 160.5 164.2 169.6 175.5 178.8 181.4 185 185.7 184.8 181.3 168.9 157.2 156.5 161.7 167.2 174.8 182.1 187.5 194.3 198.9 202.9 206.4 209.5 212 213.2 213.8 213.5 210.9 212.1 213.3 215.8 218.6 220.1 221.5 222.3 222.1 217.3 212.3 187.6 171.5 151.2 140.1 149.7 159.9 164.9 167.8 170.8 174.1 177.7 182 185 188.6 198 208.3 214.9 220.2 225.5
140 142.7 149.2 153 154.4 154.1 150.6 142.4 135.9 129.2 127 125 125.2 125.4 128.5 131.2 135.1 134.8 138.8 141.3 144 146.4 147.8 150.1 152.1 155.6 161.4 166.5 171.6 175.4 178.7 181.9 182.6 180.1 171.5 157 148.1 150.5 157.7 165 172.4 179 185 191.8 196.7 199.9 202.5 204.3 204.7 205.6 204 202.5 199.7 201.9 203.4 206.5 210.4 212.4 215.2 217.5 217.6 213.2 208 188.8 158.5 139.1 146.4 157 161.3 165.2 168.3 171.5 177.9 183.5 189.2 192.6 196.5 202.4 210 217.2 224.1 230.3
136.3 138.8 142.9 149.4 152.1 151.6 143.6 134.1 127.7 123.3 121.6 121.3 122.2 122.8 123.1 124.2 126.2 126.3 127.8 131.6 135.2 138.9 142.1 144.7 146.6 149.6 156.8 163.1 167.2 171.2 174.9 178.1 179.7 172 160.5 145.3 141.8 145.8 153.3 160.9 167.6 174.1 180 185.4 191.4 194.4 196.5 198.2 197.3 193.1 190.6 188.8 188.7 191 193.8 197.6 200.4 203.4 208.4 208.8 206.7 203.9 203.6 184.5 150.1 140.4 150.8 155.6 159.7 164.1 169.1 176.4 182.8 188.5 194.5 199.7 204.2 208.6 213.4 220.1 226.5 232.4
134.1 135.3 138.6 144.3 146.2 146.7 139.9 126.2 121.1 118.5 117.7 117.3 118.3 118.8 118 119.8 120.6 123.3 125.4 127.6 130.5 134.2 137.5 139.7 142.5 145.7 152.4 157.4 161.8 165.2 169 172.7 171.9 162.9 149.4 138.2 137.5 141 148.1 154.7 161.8 168.9 173.4 179 184 187.2 189.2 186.8 182.8 178.8 178.7 179.1 180.4 182.9 185.9 188.8 190.9 194.4 199.4 196.9 193.8 195.1 196.9 175.7 147.3 138.9 149.6 152 157.9 165.7 174.1 181.5 187.8 193.6 199.3 204.2 209.3 213.5 217.4 221.7 227.8 233.3
130.4 132.8 136.2 138.9 139.7 137.4 132.9 121.9 117 115 113.6 113.4 114.2 114.4 116.1 119.6 122.1 125.4 127.1 128.1 130.6 132.2 134.6 138.5 140.8 142 145.7 148.4 154.1 157.5 161.5 164.7 158.8 145 135.8 132.3 133.5 136.2 142.9 148.1 153.6 160.5 166.2 171.1 174.9 177.7 176.1 172 167.5 165.6 166.6 170 173 174.9 178.4 181.5 184.2 188.1 191.5 188.2 184.7 188.6 190.4 170.6 133.9 135.1 144.8 148.9 154.9 165.8 175.2 183 190.5 195.4 201 204.1 206.4 207.9 214.2 221.3 226.1 230.7
123.4 129.5 132.2 135.8 135.9 131.8 124.7 117.6 113.8 111.8 110.5 110.6 110.7 112.3 117.2 120.7 123.8 127.7 131.7 133.3 134.2 135.8 136.7 140.3 140 139.5 141 144.8 146.4 149.5 151.5 149.5 145 134 127.8 127.5 128.8 132.5 136.9 141.1 144.5 150.5 155.5 160.3 164 166.8 164.8 160.2 156.9 158.1 161 165.1 169.8 170 173.8 177.6 180 183.6 183.5 178.1 174.5 180.9 179.4 165.3 133.1 136.7 141.7 145.3 151.9 163.2 172.1 180.1 187.1 192.2 195.1 194.1 194.4 199.8 206.4 212.6 216.8 222.1
123.6 128 131.6 133.1 133.3 127.3 118.9 114.3 110.1 108.7 107.3 110.3 109.1 111.2 117.4 121.4 124.8 128.4 133.1 136 136.6 138.6 139.3 139.3 137.4 134.7 136.9 138.8 140.1 141.7 142.3 138.4 127.4 121.6 122.6 119.1 119.4 125.8 130.6 134.3 137.2 140.1 144.9 149.6 152.9 155.9 155.2 153.6 152.4 158.1 162.4 165.7 169.7 172.7 174.6 176.5 178.8 181.5 181.6 170 164.1 167.6 166.6 153 128 132.1 137.9 140.7 147.9 155.8 163.7 171.7 176.6 180.5 179.9 179.8 182.9 187.6 193 199.3 204.7 211.5
118.2 122.5 126.8 127.9 126.1 119.2 114.1 111.5 109.5 106 101 106.6 107.6 112 116.7 121.2 125.3 128.2 131.9 135.3 138 138.9 140.1 136.8 131.3 128.8 129.4 130.3 130.6 131.9 128.2 122.9 115.4 115.5 122.5 126.2 128.9 131.2 133.1 132.3 132.7 136.8 139.5 142.1 144.2 146.7 149.2 149.7 151.1 159.2 166.2 170.8 172.8 175.4 178 179 180.7 182 181 162.3 154.3 155 150.3 137.8 124.2 130.2 133.1 135.2 140.9 147.9 155 160.8 163.5 164.3 165.1 166.5 168.8 175 176.6 182.4 188.9 195.9
113.9 116.6 122.4 123 121.2 115.7 110.1 108.1 107 104.8 96.2 104.8 107.9 112 115.4 118.8 123.2 127.6 131.3 135 137.6 138.7 137.6 132.7 124.9 119.9 118.1 119.9 119.9 120.5 115.8 110.1 108.5 119.6 125.6 130.2 132.3 134.5 136.1 136.7 137.2 137.9 139.7 141.2 142.3 144 146.2 149.4 158.4 166.8 171.4 174.6 175.8 178.2 180.2 181.7 182.9 183.2 178.9 159.7 147.3 145.8 139.7 126.6 122.2 124.7 125 127.1 132.4 139 142.6 143.9 146.1 148.9 151.3 154 158 161.9 163.6 165.3 171.5 178.2
110.7 114.5 118 118.9 117.3 111.6 106.9 105.6 105 103.3 94.1 105.1 109 112.3 116.1 119.9 123.3 127.4 131.8 135.5 138.1 139 135.7 127.3 118.2 112.8 111.8 112.5 113 107.8 103.1 105.4 111.5 121.1 126.3 130.7 134.5 137.2 139.1 139.7 140.3 141.9 146.7 148.1 149.9 150.7 156.1 160.6 165.6 170.8 175.2 176.4 178.9 181.2 182.4 183.8 184.7 182.5 174 153.4 140.7 138.2 130.4 119.6 118.4 121.2 126 128.2 130 134.1 135.2 136.4 135.9 138.7 140.9 141.6 143 147 150.5 155.4 159.3 164.6
109 113 117.9 118.6 115.8 109.8 105.8 103.5 103.1 100.8 93.4 104.3 109.5 112.9 116.6 119.7 123.8 126.8 131.6 135.1 138.5 140.3 134.3 122.8 113.5 106.9 107.9 105.8 105.1 99.6 102.8 106.7 112.7 120.2 125.2 130.3 134.5 138.9 141.3 142.4 143 144.1 146.9 150.5 152.1 156.4 160.6 164.4 169 172.2 175.3 178 180.3 182.1 183.8 185.3 185.4 175.6 155.2 139.4 133.4 130 120.3 115.9 119 125.9 130 133.1 135.5 138.7 139.7 140.9 140.9 142.4 144.4 145.1 147.6 149.3 151.8 152 154 156.2
107 112.4 117.7 117.7 115.4 110.7 103.9 100.4 100.2 98.7 89 105.5 108.9 112.5 115.5 118.5 121.9 126.9 131.3 133.9 137.3 139.8 136.1 122.3 111.8 105 101.2 100.2 96 97.1 101.9 106.1 112.1 118.2 122.6 127.5 132.6 135.8 139 141.2 143.2 144.8 145.8 148.4 150.7 154.8 159.4 163.6 167.5 170.4 172.9 175.9 178.1 180.4 182.5 180 176.3 159.1 141.1 129.6 126.9 121.1 116 116.5 120.5 126.5 131.5 134.5 137.7 139.9 142.1 145.5 146.9 148.2 148.7 148.6 149.8 151.2 154 155.7 157.1 158.3
108.2 112.9 118.3 118.1 114 109 101.3 97.1 95.7 94.2 88.3 102 106.4 108.2 112 115.6 118.8 123.2 128.7 131 131.8 134 129.8 118.8 107.8 100.3 97.7 96.6 89.3 94.6 100.2 106.4 112.3 116.8 120.2 123.9 128.5 131.7 134.2 136.5 138.8 142.2 143.1 145.9 149 152.4 157.7 160.8 163.7 166.7 169.5 172 175 177.5 177.9 174.8 166.5 148.1 128.4 121.7 120 116.5 113.3 117.9 123.6 129.9 134.7 137.3 141.3 142.8 146.1 149.9 151.9 153.2 154.3 157.1 156.3 156.5 157.8 159.8 161.7 163.4
111.9 117.3 119.4 117.6 111.4 105.7 100.3 96.4 92.2 88 90.9 101.7 104.2 106 107.7 110.8 114.3 118.7 121.8 123.7 123.1 123.2 116.9 105.5 97.1 93.9 93 93.2 90.5 90.9 100.2 106.6 111.3 114.8 117.6 120.8 123.9 126.2 128.7 131 134 139.8 141.5 145.6 150 152.2 156.6 159.8 160.4 163.2 166.1 168.7 170.3 171.8 174 171.4 160.3 139.1 121.6 115 114 112.5 114 121.5 126.2 133.1 137.9 141.2 144 146.6 150.1 150.1 153.8 157.7 162.8 168.7 170.7 171.9 172.1 171.2 170.7 172.6
114.9 118.6 118.3 115.5 111 104.8 99.4 95.4 90.4 79.5 92.1 98 101.8 103.8 105.5 106.8 109.2 112.7 113.4 114.9 113.2 108.9 97.2 89.3 88.1 88.7 88.4 89.5 87.4 90.4 99.4 103.1 108.9 111.8 112.8 114.5 117.4 121.2 124.8 131.8 136.2 140.6 143.2 147.8 151.3 153.4 157 159.5 160.9 162.6 165.9 167 167.4 168.8 171.5 167.8 154.8 132.3 115.5 110.2 110.2 113.7 120.9 125.6 129 133.1 139.1 142.7 144.5 149.3 150.5 154 155.8 159.8 165.7 171.8 176.9 180.8 185.4 187.9 187.3 185.2
115.3 118.2 116.8 113.9 109.2 101.9 96.5 92.8 89 79.5 91 95.5 99.2 101.2 101.4 101.9 104 103.9 103.5 104.2 97.1 87.4 80.5 80.3 83.9 86 84.8 87.5 79.1 88 94.3 96.9 100.2 104.9 106 109.6 112.9 121.1 131.1 135.6 137.9 140.4 143.6 148.8 152 154.8 157.4 159.7 161 162.1 162.4 163.1 161.9 161.6 165.1 165.1 149.8 123.3 110.4 107.8 113.1 119.4 123.7 128.3 132.3 137 141.5 143.9 144.6 149.9 152.8 157.2 158.4 161.8 167.2 172.5 177.6 182.2 186.4 189.4 190.9 190.9
111 112.6 112.6 111.3 106.3 98.7 93.4 89.7 82.7 78.8 89.7 93.2 95.3 96.6 96.7 96.3 97 95.7 94.3 88.4 80.2 75.1 76.7 75.8 80.3 81.6 81.8 83.5 74.8 85.8 89.2 90.3 94 97.7 99.8 108.4 115.8 120.8 126.2 130.5 135 137 140.6 145.1 148.6 150.9 154.5 156.4 158.8 156.6 154.4 154.7 152.9 152.7 153.8 151.9 138 113.2 105.2 108.4 114.2 122.5 126.8 131.1 136.8 141 145 147.3 149.4 153.1 155.7 158.8 160.9 164.3 169.3 174.6 179.6 184 187.5 190.6 193.6 196
