example_terrain50/SN74.asc
ncols 200
nrows 200
xllcorner 270000
yllcorner 240000
cellsize 50
[rows 105 to 139 of 200, columns 0 to 77 of 200]
215.6 206 191.1 182.6 186.1 189.5 194.7 199.7 209 218.1 228.5 237.1 245.7 253.7 262.3 272.1 280.5 288.5 298.7 314 329.3 340.2 348.6 355.8 362 364.1 366.1 368.2 369 373.7 375.9 375.8 370.9 370.5 386.9 403.7 414.4 424 431.1 435.5 438.5 441.2 440.6 440.1 438.7 437 436.4 436.7 439 439.4 439 439.3 439.2 440.4 441 441 439.1 433.8 427.8 421.5 418.2 417.2 419.3 420.9 426.8 431.6 435.1 438.7 441 440.8 440.6 440.7 440.7 440.8 440.9 439.5 435.5 431.4
201 190.3 182.3 185.9 191.2 196 202.1 207.5 217.2 225.4 232.4 241.3 249.2 260.6 268.4 278.7 291.4 303 312.8 319.9 330.5 337.3 342.7 345.9 349 350 351.3 353.1 350.6 357.8 362.4 361 362.2 382.1 398 410.1 420.1 428.9 434.3 438.7 442.4 444.4 442.2 439.6 437.3 435.6 434.6 433.4 433.7 433.4 434.6 438.5 439.7 440.3 440.9 440.6 434.5 429 422.3 416.6 414.6 414.5 418 420.6 429 432.9 436.3 439.9 440.1 440.7 440.9 441 440.9 440.4 439 436.2 431.6 427.5
185.3 182.4 185.9 192.1 197.7 205.1 213.6 222.8 233.1 241.7 245.8 250.7 261.7 271.3 288.1 297.8 306.4 316.4 324.5 328 331.7 334.6 336 336.1 336.3 336.9 337.6 339.1 339.6 343.8 349.8 357.6 373.5 389.6 402.4 414.8 424 430.4 436.1 439.3 442.5 442.4 441.6 439 436.6 433.4 431.3 429.7 429 429.7 431.4 436.1 439.8 440.9 441 436.4 430 424.2 417.1 412.9 410.2 412.1 416.8 423.7 430.6 433.8 437.3 439.3 439.3 439.3 439.3 438.8 438.3 437.5 435.5 432.7 428.2 423.6
182.6 186.3 192.3 198.7 207.3 217.8 224.7 241.4 252.6 264.8 273 279.5 289.4 298 305.8 312.1 316.6 320.9 324.1 326.7 325.8 325.2 324.6 323.9 323.6 324.4 325.3 324.8 329.2 334.5 347 362.9 379.9 394.9 404.5 416.2 425.1 431 436.3 440.4 440.7 439.8 438.8 437.9 435.5 432.1 428.2 426 427.6 429.2 432.4 436.2 440.2 440.7 439.6 433.9 426.9 419.2 413.1 409.2 409.2 411.1 416.6 423.2 430.7 434.3 438 439.1 438.7 438.6 437.9 436.9 436 434.2 432 429.1 424.8 420.3
188.6 195.5 201.7 208.9 219 226.5 239.5 257 269.4 280 290.1 295.7 301.7 307.3 311.4 313.9 316.7 317.9 317.9 316.7 314.7 313.1 312.9 313.2 313.2 313.5 311.7 318.8 324.3 335.6 355.6 371.9 387.1 398.5 408.1 416.2 424.2 432 434.6 437.9 439 438.1 437.1 435.9 433.9 430.1 424.9 422.1 425.5 429.9 433.6 437.4 438.9 439.4 434.7 429.7 423.2 415.6 410 408.8 409 410.3 416.6 425.3 430.8 434.5 438 439.3 438.1 437.5 436.8 435.7 433.9 431.8 428.6 425.6 421.6 417.5
197 205.9 212.4 219 227.7 242.7 258.8 267.5 278.8 288.6 297.3 302.8 306.5 309.3 311.7 311.4 311.2 308.4 306.6 304.6 303.2 303.7 303.3 302.9 308.1 310.1 318.4 329.1 338.7 352.4 361.6 378.4 392.7 402.2 409 418.3 425.8 428.7 431.5 435 437.4 437 436.2 434.2 431.4 428 422.4 419.5 424.5 430.4 433 435.7 435.6 433 428.2 423.2 416.9 410 407.2 408.7 409.2 412 419.6 427.9 431.6 434.6 437.1 439.1 437 436.5 435.4 433.6 431.8 429.8 426.4 423 419.3 416.3
204.8 214 223.1 233.1 245.4 260.3 265.7 273.6 283.1 292.5 299.4 302.8 305.1 307.9 308.2 304.8 301.4 296.6 294 291.6 291 294.2 300.9 304 314 322.4 334.3 346.4 355 364.5 375.8 391.5 397.8 405.4 409.9 418.8 421.5 424.3 429.3 433.1 437.3 436.8 434.1 431.6 428.9 425 419.7 417.9 422.9 427.5 430.6 432.1 429.3 425.9 421.6 416.7 410.8 404.6 400.8 409.2 411.5 416.5 422.7 429 432.3 434.3 435.8 437.4 436.1 434.5 433.6 431.7 429.8 427.7 424.2 420.7 418.4 415.7
213.8 224.4 235.9 245.7 254.4 263.8 269.5 278.6 287.8 293.6 296.4 299.6 301.8 304.9 302.7 298 290.4 283 284.1 289.6 293.1 301.5 309.3 317.5 327 338.3 352.3 365.8 376.8 386.1 391.2 395.1 398.5 405.9 411.5 415.2 417.8 421 429.2 434.6 438.3 437 431.6 428.9 426.4 422 415.6 409.9 415.7 423.3 425.3 424.3 421.7 417.4 414.3 409.2 401.8 400.4 403.6 409.1 414.1 419.7 425 430 431.9 433 433.7 434.5 434.9 433.4 431.7 429.9 427.3 424.5 421.3 418.8 416.8 415
217.9 228.9 239.9 246.6 255 265.3 272.9 281 284.9 287.7 291.2 295.8 299.7 301.2 298.3 287.8 280.9 281.6 291 299 306.8 316.3 325.9 336.4 347.4 359.7 374.5 386.9 395.8 395.5 395 397.8 401.1 407.3 411.3 411.8 415.5 420.4 428.6 433.1 435.3 432.9 430.1 426.6 423.7 419.3 415 410.6 409.8 417.7 417.8 415.3 412 408 404.5 402.3 399.9 401.9 405.3 410.6 415.5 421.1 427.4 430.8 430.8 431.6 432.4 432.9 432.5 431.3 429.6 427.2 424.3 421.5 419.2 417.3 415.3 413.5
222 231.1 240.3 247.3 256 262.7 268.4 272.3 277.5 281.5 288.2 294.2 300.3 300.5 291.1 280.5 278.2 288.6 301 312.8 324.1 334.9 346.2 356.7 365.4 379.1 390.2 396.4 401.1 400.2 399.3 401.1 403 406.1 408 409.1 412.8 419.3 425.1 430.4 431.9 428.1 423.2 422.5 421.6 417.2 412.7 407.9 401.3 407.9 406.5 404.2 401 397.6 393.9 394.4 400.4 403.8 407.2 411.3 416.9 422.2 428 430.8 430.8 430.8 431.2 430.8 429.7 428.1 426.4 424.3 421.7 418.9 417 415.4 413.7 412
219.2 226.1 236.1 244.7 249.2 254.5 259.6 263.6 269.7 276.5 286.1 292.4 294.8 294.6 283.8 272.3 284.7 298.7 313.4 328.2 340.8 353.2 363.5 373.2 378.6 390.1 396.4 402.1 402.7 403 403.9 404.9 404.5 405.4 406.3 407.5 410.5 415.6 420.3 424.9 422.9 419.9 419.5 420.2 420.6 416.9 410.1 402.4 392 397.3 396.3 392.1 388.6 385.1 388.9 396.5 401.8 405.6 409.1 412.4 417.4 422.8 428.5 430.8 430.8 430.8 428.7 426.9 425.7 423.3 421.3 419.6 417.8 415.2 414.2 413.1 413.4 412.8
215.7 221.9 226.9 232.7 239.3 245.9 250.9 257.9 268.4 277.6 285 288.7 290.7 287.6 275.6 271 291.1 307.8 324.7 340.8 354.9 367.1 375.3 384.5 391.1 395.1 400.8 404.3 404.5 406.3 406.4 406.3 405.2 405.2 406.1 407 408.2 408.5 411.6 415 414 415 417.6 419.9 418.4 413.1 406 397.6 389.6 388.5 386.7 382.6 379.6 382.4 391 396.9 401.9 405.3 407.7 412 417.6 423 427.9 430.2 430.4 430.4 426.5 422.9 421.3 418.5 416.4 414.5 412.4 410.7 412.4 411.6 413.5 413.8
212.2 217 222.9 228.9 235.7 242.9 249.4 258.4 267.5 275.3 281.2 284.7 286.9 279.6 264.4 275.2 295.8 316.1 333 350 364.8 374.4 383.3 390.6 395.7 399.4 403.1 404.8 406.3 408.2 407.6 407.7 407.6 406.2 404.6 402.8 402.5 402.2 403.3 406 409.4 412 414.6 416.5 415.2 408.9 401.3 392.6 383.7 374.5 375.7 378.5 380.2 384.6 391.4 396.9 402 404.5 406.8 409.2 415.8 422.2 425.9 428.7 429.1 428.8 424.8 420.7 416.5 413.8 411.5 409.4 409.7 410.2 410.5 412.4 415.2 415.9
210.6 215 220.4 225.8 232.5 241.4 249.9 257.2 266.5 273.4 278.8 280.2 279.1 266.4 266.7 281.9 303.8 323.1 340 355.1 370.4 379.9 388.3 394.1 398.9 402.2 405.4 405.9 408.7 409.9 408.9 409 409.1 408 405.3 402.6 401.3 398.1 398.2 402.5 406.7 409.6 411.9 412.8 410.7 404.2 394.7 386.1 376 369.3 370 376.2 382.5 387.2 391.4 396.8 400.9 403.5 406.1 408.6 413.9 419 423.1 426.5 428 427 423.2 418.8 411.1 406 407.4 409.8 410.3 410.9 411.8 414.6 417.3 418.1
209.7 212.6 217.8 224.3 233.5 242.6 249.7 255.1 263.6 269.3 274.3 273.5 269.5 258.8 268.4 288.1 309.9 329.9 347 361.3 374.2 383.5 391.6 396.9 401.1 405.2 406.7 407.4 409 411 410.3 410.9 410.4 408.7 405.3 402.4 400.2 396.7 394.4 399.4 403.7 406.6 409.3 407.5 403.1 397.5 388 376.9 362.3 370 373.7 377.8 383.3 388.7 392.1 395.7 398.7 401.5 404.1 407.6 412.8 417.5 420.9 424.3 424.7 423.7 421.6 415.4 400 400.5 409.4 410.5 411 411.9 414.1 416.8 419.5 419.6
209.1 209.3 215 221.1 229.4 238.9 247.2 253.1 258.3 262.7 265.5 263.3 254.7 257.8 269.1 292.5 315.9 335.2 351.8 364.2 376.9 386.4 393.7 399.5 403.8 407.4 408.8 409.4 410.7 413.4 414.3 412.3 411.3 409.4 406.2 402.8 398.1 393.5 390.2 395.9 400.6 403.1 402.9 399.9 395.3 389.4 381.8 371.2 362.4 373.4 378 382.1 386.1 390.3 392.3 394 397.6 399.5 402.6 407.7 412.7 417.7 421.3 422.8 420.6 419 414.6 405.2 397.4 404.7 410.2 411.2 413.1 415.2 417.2 419.5 421.1 421.2
208.9 211.5 213.1 219.5 224.1 233.4 242.6 247 249.8 254.2 254.7 249.9 249.7 262 279.9 304.2 323.7 340.1 354.9 366.7 377.7 385.1 392.6 399.9 405.5 409.6 411 412.1 412.9 416.1 417.1 415.2 412.3 409.7 406 401.9 396.7 391.6 388.9 390.7 393.4 395.1 395 392 387.6 381.7 375 365.2 365.5 376.8 382.4 386.4 389.7 391 391.8 392.5 394.9 399.5 402.2 407.2 413.1 418 420.6 420.8 419 415.3 406.4 391.9 396.3 408.3 413.6 414.9 416.5 418.4 420.3 420.9 421.5 422.4
221.1 222.5 221.4 219.6 221.7 227.2 233.1 239.3 240.4 244.7 243.1 247.5 256.3 273.7 293.1 311.6 328.2 343.6 356.6 367.9 376 383.6 391.1 398.5 406.6 410.5 410.9 411.9 414 415.3 416.2 413.1 410.6 408.1 405.1 400.8 395.4 390.6 385.8 381.9 383.9 386.9 385.5 382.9 380.4 374.4 365.5 359.3 372.2 378 386.2 389.7 391 390.8 389.1 389.4 393.1 399.4 402.2 406.5 411.7 414.8 415.6 416.3 417.7 409.3 390.5 383.7 398.3 411 415.8 418.4 418.8 419.9 420.9 420.9 421.8 422.8
241.6 246.1 247.8 236.6 227.2 226.4 228.9 229.3 237.5 240.6 243.4 249.7 264.9 284.7 302.5 317.4 331.8 345.1 355.8 367.1 375.3 383.6 391.5 398.6 405.4 409.9 410.1 411 412.2 412.9 412 410.7 408.9 406.2 403.5 400.2 395.9 390.7 385.3 379.6 374.7 377.2 376.2 374.2 373.1 366.7 354.8 360.6 375.3 383.5 390.8 393.8 392.6 390.3 388.2 387.1 390.9 395.7 401.1 405.6 407.8 409.5 410.1 412.2 408.9 391.9 374.9 387.6 400.3 410 414.1 415.8 417.4 419.4 420.2 421 422.1 423.6
264.9 271.2 269.3 264.6 250.8 239.6 237.4 244 247.8 251.3 254.1 258.1 263.6 284.7 303.3 318.3 332.3 345 356 365.9 374.7 382.8 390.5 396.5 402.1 404.8 407.7 409.9 410.2 409.3 408.6 407.3 405.9 404.6 402.3 400.3 395.8 390.4 385.1 378.6 371.4 368.5 368.1 366.2 364.3 349.3 356.1 370.5 381 389.3 393.5 394.2 391.2 387.9 383.3 382.4 386 389.8 395.7 399.2 400.9 404.1 407.3 407.1 392.2 372 376.4 393.1 402.4 410.5 412.4 413.9 414.9 415.9 416.9 419.2 421.2 423.4
282 281.6 282.9 278.4 272.6 265.3 259.6 257.5 262.3 267 273.3 277 277.3 274.9 287.4 306.7 326.3 340.3 353.4 363.5 373.1 381.4 389.3 395.9 400.3 402.5 405 406.6 407.3 405.2 404.4 403.8 402.5 401.2 399.9 398.8 394.2 389.3 381.5 376.4 369.5 359.7 356.7 358.8 351.9 355 365.7 374.4 386.3 392.2 392.5 390.3 388.3 384.2 379.6 378.4 380.7 385.6 388.7 390.8 395.1 400.5 404.3 397.5 372.6 367 383.5 395.2 405.7 411.5 411.7 411 411.7 412.6 414.9 417.2 419.8 423.8
288.8 287.7 287.4 287.5 286.6 285.9 284.2 282.6 284 288.9 295 299.5 301.9 303.2 298.4 294.9 315.9 330.8 345.4 359.9 371 380.8 388.3 395.1 399.4 401 402.3 403.3 403.4 401.3 400.2 400.4 399.4 398 396.7 395.7 392.3 386.9 381.4 374.1 367.1 361.4 349.7 349.6 351.9 362.5 369.6 377.5 389.2 391.8 392.2 390.1 386.4 380.3 374.8 370.4 373.9 378.9 384 388.7 391.7 399.4 399.1 385.1 354.6 368.7 384.6 396.7 408.8 411.1 411.1 409.8 408.4 410 412.6 415.7 420.2 424.6
285.6 288.6 292.2 295 296.8 298.2 298 301 304.6 309.8 314.6 319.1 321.6 326.8 328.5 319.2 315.3 321 332.6 348.8 369 379.4 389 396.3 400.6 400.9 399.7 399.1 399.1 397.6 397.5 396.9 396.4 394.8 393.4 392.4 389.5 384.4 379.2 371.8 364.6 359.1 351 346.9 357 365.4 372.5 380.9 387.2 391 390.5 388.3 384 378.7 369 364.5 370.4 375.6 380.8 385.6 390.6 394.9 395.1 377.9 349.9 370.2 381.2 391.3 401.8 405.4 406.5 403.3 402.5 407 411.5 416.1 420.6 425
285.5 290.3 294.3 297.5 303 305.5 309.1 313.9 320.6 325.7 327.7 332.1 335.4 341.7 346 348.1 345.1 347.2 357.5 364.6 373.5 383.1 390.8 398 400.4 399.6 397.7 395.1 395 394.6 393.9 393.2 392.6 392 390.1 390.4 384.1 378.7 373.2 368.3 361.9 356 345.3 342.3 358.6 365.8 373.6 381.3 385.3 384.8 384.2 382 378.1 376 366.5 360.2 365.8 373.1 378.4 383 390.7 392.8 390 372 351 366.4 375.3 385 390.7 393.6 392.8 394.2 401.6 408.7 414.2 417.6 421 424.2
285 289.4 294.3 298.9 302.9 307.3 314.4 320 327 327.9 330.5 334.3 339.6 347 353.5 359.8 366 371.6 375.9 378.4 383 387.6 394.9 399.3 399.5 398.4 395.8 392.7 391 391.5 390.4 389.4 388.7 387.6 384 380.1 376.7 371.3 367.3 362.5 358 354.4 342.9 349 356.6 363.7 370.4 377.3 376.8 375.6 376 373.1 370 367.4 362.1 356.1 363 374.6 381.1 384.2 388.3 388.4 382.5 367.4 339.7 357.7 366.6 373.1 377.6 381 388.6 396.5 403.7 410.9 416.3 420.9 421.6 421.5
279.8 285.9 291.3 296 300.1 307 312.2 316.7 319.2 319 320.6 323.2 333.4 345.5 357.5 370.6 376.3 380.7 381.9 384.1 387.3 390.9 394.2 395.7 394.9 394.6 393 390.7 389.8 388.4 387.3 386.3 385.2 382.9 379 374.4 368.7 364.5 360.2 357 353.5 350.3 341.9 343.8 352.2 358 362.3 364.1 364.2 364.1 364.3 361.2 360.8 358.5 354.4 349.4 359.7 372.2 378.2 381.7 383.4 379 366.3 344.2 329.5 340.6 353.1 362.7 372.9 385.4 396.2 402.5 407.9 411.6 415.7 419.1 420.6 421
274.2 279.2 283.2 288 293.6 299 302.8 302.8 302.9 303 310.6 324.8 340.9 354.2 363.8 369.9 379.8 383.4 385.3 387.7 389.4 390.4 391.2 392.9 392.2 391.1 390.3 390.8 389 386.8 384.2 382.8 381.7 377.9 376 369.9 363.8 356.6 350 345.6 342.9 341.2 338.8 337.9 344.6 345.1 345.8 347.7 348.6 351.3 350.3 347.9 345.9 343.8 342.4 344.2 352.4 365.1 372.2 375.6 375.6 368.7 344.9 322.6 333.3 349.6 363.3 373.8 388.4 400.2 401.7 406.2 408.9 410.4 412.6 416.5 418 415.3
263.7 268.2 273.3 276.8 282.5 285.9 286.3 290.1 295.5 308 324.6 339.1 350.1 361.8 371.9 380 383.4 385.4 387.2 388.9 390 390.6 389.9 389.8 389.9 388.6 388.7 389.3 387.9 386.1 383.5 380.8 378.2 372.7 369.2 361 356.7 351 347.2 342.9 340.8 340.8 338.6 332.7 329.5 328.8 330.5 331.4 331.4 331.6 328.6 331.9 333.6 336 334.3 337.6 343.4 355.8 364.1 365.4 362.5 346.9 325.1 320.3 339.8 355 369.8 381.3 395.7 402.8 402.2 405.3 407.4 409 409.6 411.4 410.9 406.6
258.8 259.7 266.3 270 270 277.6 282.2 291.8 303.4 313.3 322.8 342.7 360.8 372.2 379.2 384.8 386.9 388.2 389.2 389.5 390.6 389.5 388.9 388.8 388 386.1 387.1 387.7 386.3 384.9 381.3 376.7 372.7 370.2 365.7 354.3 349.4 349.8 352.3 352.7 350.6 351 348.8 343.9 339 334 328.8 328.5 327.7 321.7 319.7 319.2 319.6 321.8 324.6 328.9 333.7 342.2 350 348.3 340.7 325.5 310 328.6 346.4 359.1 374.4 384.6 394.4 399.8 401.8 403 404.3 405 405.5 402.8 400.1 394.6
271 275 278.7 278.6 281.2 286.2 293.8 303.9 317 331.4 347 356 373.4 382.5 386 388.5 390.3 390.9 391 390.1 389.9 388.4 388 387.7 386.4 384.9 385.2 386.2 385.5 383.8 381.7 377.5 370.9 366.8 358.9 358.1 360.5 364.2 366.3 368.3 369.6 370.6 370.2 366.3 360.2 354.1 347.5 342.3 335.9 335.1 333.2 328.3 323.2 319.9 316.2 316.5 321.6 327.7 330.7 330.3 323.2 302.5 315.6 335.5 351.4 362.5 375.3 385.2 391.4 396.2 398.7 400 400 400.7 398.2 393.7 389.2 390.3
290.9 298.1 298.9 301.6 305 307.5 315.7 324.6 339.1 353.5 366.6 380.1 385.4 388.1 392.4 394.1 394.6 392.8 392.1 390.3 388.8 387.3 387 386.4 384.9 383.5 383.2 384.2 384.1 382.6 380.8 375 368.7 362.6 367.1 371.2 375.6 380.5 383 385.2 389 388.9 388.5 387.4 383.7 379.3 371.1 363.5 353.7 350.7 347.9 344.6 338.7 329.8 320.7 311.5 300.4 307.7 310.3 314 296.3 304.3 325 343.5 354.2 365.2 374.5 382 388 392.4 395.5 396.6 396.8 395.2 390.8 382.3 386.5 392.9
311.1 323.2 327.9 332.4 335.4 338.5 344.7 351.9 364.5 376.5 388.8 393.2 395.4 397.1 398.2 398.8 398.8 397 393.3 389.9 387.8 386.2 385.7 384.8 383.6 382.8 381.8 382.5 382.9 380.5 377.6 369 370.7 376 378.3 382.3 387.3 394.2 398.7 400 401.8 402.9 402 400.3 398.8 395.3 391.6 386.4 377.5 371.1 366.2 362.5 355.8 347.7 337.1 326.3 309.9 289.4 291.3 290.4 285.3 310.6 330.1 342 353.7 363.6 372.7 379.4 386.3 389.8 392.3 392.7 392.2 387.1 378.6 378.8 388.4 396.7
332.3 341.2 346.2 352 358.1 364 372.2 378.1 385.7 395.8 399.9 399.8 401.2 401.5 401.2 400.9 399.5 396.5 393.2 389.8 387.7 385.8 384.7 383.7 382.9 382.1 381.1 380.6 380.8 377.6 370.2 376 381.7 385.2 387.6 392.5 396.9 403.9 407.4 410.6 410.6 409.8 409.4 409.8 408.8 405.5 402.1 397.7 393.3 391.3 388 382.6 374.2 366.8 355.4 342.1 327.7 311.9 283.7 271 289.7 303.1 319.6 338.1 351.1 362.9 370.6 378 384 387.2 389.3 389.2 385.1 376.2 369.6 381.9 392.7 401.3
346.1 351.6 356.4 362.9 370.1 376.7 384.2 391.2 398.1 401.9 401.9 401.9 401.4 401.5 401.2 400.9 399.1 395.8 392.4 389.8 387.8 385.9 384.9 384.4 383.6 381.8 380.8 379.8 379.6 379.3 379.8 382.6 387.1 391.4 395.4 402 406.8 410.1 413.1 415.7 416.2 417.3 417 417.5 415.5 411.6 407.7 404 402.5 402 399.2 393.9 388.7 379.9 370.9 361.3 347.6 329.3 307.8 286.7 266.5 280 303.2 328 346.6 359.6 370 377 382.8 385.6 385.1 386 373.2 357.7 372.5 385.6 397.3 405.2
352.2 358.6 364.6 371.5 377.1 385.3 392.6 398.7 402 402 401.7 401.7 401.4 400.6 400.5 400.6 397.2 393.7 390.4 389.2 388 386.1 385.8 385.4 385 383.1 380.6 380.6 380.9 383.7 388.4 390.5 395.4 399.7 403.5 410.4 413.5 416.1 418.6 419.7 420.6 421.3 422.1 421.8 417.6 413.4 410.2 406.7 405.3 405.7 402.4 397.9 393 385.5 376.1 368.6 363 347.8 329.3 307.2 280.2 261.5 291.3 321.3 341.9 356.3 369.8 376.6 380.1 380.5 379.3 372.7 354 355.8 374.4 389.5 401 405.8
