example_terrain50/SN90.asc
ncols 200
nrows 200
xllcorner 290000
yllcorner 200000
cellsize 50
[rows 140 to 174 of 200, columns 0 to 77 of 200]
535.5 536.4 536.9 546.2 560.4 569.8 575.4 579.3 583.4 586.7 588.2 589.2 590 590.4 591 590.5 586.9 585 580.8 577.2 573.7 571.2 568.2 564.4 561.4 556.8 552.6 548.3 546.7 545.5 541.6 538.4 536 532.8 528.6 513.8 505.6 502.3 506.2 504.2 501.6 504.1 504.4 504.6 502.2 499 500.6 502.9 505.3 506 505.7 503.1 500.5 496.8 492.1 488.8 488.5 487.9 484.1 479.8 476.5 471.9 471.3 470.2 468.6 466.4 463.9 461.2 459.1 454.3 452.1 452 452 457.4 464.5 470.3 474.7 479.1
532.3 533 537.2 544.6 558.5 566.9 571.6 575.6 579.2 582.1 584.4 585.8 586.7 586.3 586.1 587.6 582.8 580.1 576.5 572.6 568.8 565.2 561.7 558.8 555.3 551.9 548.8 546.5 544.1 542.6 542 539.7 535.9 530.9 525.8 519.5 505.7 498.7 500.8 500.7 499.5 500.3 500.6 501.9 502.7 501.9 502.8 502.6 504.6 505.1 504.5 502.6 501.7 499.7 495.2 491.1 488.8 488.4 485.9 480.8 476.3 470.7 468.6 465.9 465.6 463.4 462.1 460.3 456.8 453.7 451.2 449.2 448.8 455.1 462.8 468.1 472.4 476.3
530.9 532.7 536 544.7 557.1 563.1 567.8 571.9 575.5 576.9 578.3 578.3 579.8 582.5 586.2 586.2 581 577.5 571.3 567 562.8 558.4 555.8 553.5 549.4 545.2 543 541.6 541.2 540.6 538.9 537.3 534.5 529.3 526.3 520.4 508.3 496.5 497.1 495.5 497.4 498.1 498.9 501.1 501.1 501.5 502.4 502.5 503.2 503.9 503.7 504.8 502.5 499.9 496.9 494.2 491.7 489.9 487.7 481.3 476.6 473.4 470.2 465.7 463.2 461.5 460.2 459.4 457.7 454.6 451.8 451.3 448.8 453.4 461.5 465.7 469.5 473.2
530.4 532.5 535.5 543.7 555.1 559.6 563.9 568.1 571.1 572.7 574.1 575.1 577.6 581.3 584.6 583.1 580.5 575.2 567.1 560.1 556 552.2 549 545.7 542.2 538.7 537.6 538.1 539.9 538.4 537 535.4 533.1 530.6 525.2 518.9 513.7 505 494.4 490 491.5 494.1 497 499.2 499.3 500 501.1 501.3 502.1 503.6 504.9 504.7 502.7 499.2 498.1 496.1 494.2 492.1 490.9 484.8 481.3 478.8 475.5 470.1 465.2 465.7 460.2 458.9 458.8 455.7 452.9 451.4 448.8 448.8 457.6 463.4 466.7 470.8
530.8 533.2 535.9 542.2 552 556.7 560.3 564.8 566.9 568.5 569.5 572.1 575.2 580.1 580 578.3 575.7 571 563.8 556.1 550.1 545 541.1 537.4 534.8 533.1 533.7 535.1 536.5 535.9 535.4 534 532.3 530.2 527.5 521.4 515.7 510.7 502.1 492.2 489 491.1 492.2 494.4 495.6 496.5 498.8 499.2 501.1 503.8 505 504.7 503.6 500.6 499.3 497.2 495.4 493.7 492 488.2 486.2 482.5 478.7 474.5 471.3 470 468.6 463 460.4 457.4 454.5 451.7 449.5 448.8 452 459.3 462.6 467.8
532.3 534.8 537.6 541.7 549.5 554.4 559.6 561.6 562.6 564.4 566.6 569 571.2 575.7 575.2 573.6 571.1 567.2 560 553.4 546.4 536.9 532.9 529.9 528.8 528.5 530.3 531.7 533.2 533.6 534 532.4 530.8 529.4 526.4 523.4 518.4 513.4 506.1 496.8 487.3 488 488.7 490.4 491.1 492.7 494.4 496.5 498 501.1 501 502.7 502.3 502.4 499.8 498.4 497.2 495.1 493.3 492.3 490.3 485.8 481 477.4 474.2 471.1 468.9 465.7 462.5 459.4 456.5 452.9 451.4 446.4 448.3 454.1 459.3 463.4
533.2 536.4 539.3 544 549.2 553.5 557.1 558.5 559.8 561.6 562.5 565.9 569.2 570.3 570.6 568 564.9 561.1 556.7 550.5 541.8 532.4 526.1 523.5 523.6 525.9 528.4 529.5 529.9 532.1 532.1 530.9 529.8 527 524.1 522.6 519.5 513 506.5 500.6 490.2 485.8 486.3 487.2 488 489.2 490.7 495.7 498.8 499.2 498.7 501 499.9 498.7 498.7 498.9 495.9 496.2 495.3 494.6 493.2 489.1 484.2 479.3 475.9 472.9 470.9 467.8 463.6 461.3 457.8 454.1 451.6 444.6 444.7 450.4 455.5 458.8
533 535.5 538.5 543.6 548.3 551.9 554.2 555.7 557.1 557.9 559.1 562.7 564.8 565.9 566.4 562.5 560.4 557 554 548.7 538.6 526.7 520.6 518 518.7 522.8 525.7 527.3 529.2 530.2 530.5 528.6 526.9 524.5 521.7 521.3 519.8 513.7 508.3 502.1 500.5 485.6 485.5 484.7 485.2 486.5 494 498 500.3 500.5 500.1 497.8 496.8 495.3 494.4 493.6 490.2 491.2 490 489.7 488.3 487.1 484.9 481.7 476.8 474.6 471.4 469 465.3 461 459.5 453.7 451.8 446.7 441.4 446.5 451.5 455.4
531.8 534.5 537.8 542.2 546.1 550.7 550.3 551.7 553.2 555 557.3 560.5 561.3 561.5 561.4 559.1 556.4 553.5 551.3 546.1 537.4 525.7 516.5 513.1 518.4 521.9 523.7 524.9 525.8 525.5 525.3 524.4 523.4 521.1 521.1 519.6 516.4 512.7 507.9 501.7 500.2 488.7 482.9 484 486.4 491.3 493.3 499 499.8 500.1 501.1 500.3 498.4 497.1 496.5 498.1 495 488.8 484.4 481.8 480.3 480 480 479.6 477 473.8 470.5 468.5 465.3 461.4 459.1 453.5 448.3 445.5 437.6 440 445.2 449.5
530.6 533.2 536.2 539.9 543.7 546.7 546.9 547.7 549.7 549.8 553.3 555.1 556 557.5 556.4 554.4 552.2 550 548.1 543.4 537.1 530 515.2 508.8 512.2 518.3 521.6 521.7 522.5 521.9 520.6 519.3 520.7 518.1 514.7 514.3 512.3 510.1 505.7 499 494.5 488.8 481.8 485.5 489.4 491 489.6 492.4 495.9 500.1 501.1 501.1 499.8 501.1 501.1 501.1 499.6 493.4 490.3 487.1 480.8 476 475.9 476.4 475.3 471.9 469.1 466.4 463.1 460.5 457.3 451.5 446.1 444.3 436.3 435.3 438.3 442.6
528.8 531.1 533.5 537.4 541.3 542.4 543 544.4 546.3 549.6 550.9 551.2 550.6 552.4 552.3 550.5 547.7 545.2 542.7 540 535.2 529.3 518.4 508.7 509 513.1 517.5 518.5 518.6 518.9 520 518.7 516.3 513.4 509.6 511.1 509.4 506.2 502.2 499.9 490.2 481.1 479.5 482.6 486.7 489.4 488.7 488.9 490.1 493.5 498.2 499.3 500.5 501.1 501.1 501.1 499.1 496.6 493.8 492.1 490.7 487.7 479.8 475.8 473.6 470.9 467.9 463.8 460.4 458.2 454.5 451.7 450.7 447 438.8 434 431.1 435.3
525.7 528.8 531.2 534.7 537.5 538.7 540.6 540.7 541.7 546.7 549.2 547.7 546.8 548.4 547.7 546.2 542.8 540.4 537.9 535.8 532.5 527.9 521.9 512.3 505.1 509.2 512.2 514 513.2 514 514.5 512.3 511.3 509.7 507.3 506.7 505 501.6 497.7 495.2 485.2 472.6 477.5 481 483.7 488 489.7 489.6 488.7 489.7 492.6 496 497.6 498.5 499.4 499.1 498.8 499.3 497.4 494.9 491.1 490.9 488.9 481.3 479.9 474 469.7 464 459.4 457.6 455.5 454 452.1 449.5 442.7 437.2 433.4 430.6
523.1 526 528.7 531.5 533 534.5 536.4 538 538.8 544.4 544.3 544.6 543.2 545 542.9 541.2 538.1 535.5 533.3 532 529.3 525.1 519.8 512.8 503.4 505.3 507.5 509.7 508.1 508.5 508.2 508 505.6 504.1 503 501.8 500.5 497.2 494.6 490.3 480.1 469 474.1 480.4 484.7 489.1 491.1 491.1 490.8 489.2 491.6 491.5 492.5 492.3 493.6 496.5 497.8 500.5 497.3 495.2 491.6 491.1 487.7 482 478.1 474.3 470.6 467.1 463 462.5 458.6 456.5 454.2 451.4 448.3 442.4 439 435.9
520 523.1 525.6 527.2 529.2 530.3 532 534.3 538.5 539.8 540.4 541.2 541.3 541.1 538.6 537.2 534.1 531.1 529 528.1 525.6 522 517.2 511.4 506.5 493.4 498.2 504.1 505.2 504.9 504.8 503.9 501.6 498.3 499.5 496.8 495.8 491.9 488.2 484.1 474.5 468.3 473.9 481.6 488.9 491.1 491.1 491 491.1 491.5 491.2 491.7 492 491.5 490.3 492.7 494.6 495.2 494.5 492.8 491.3 489.3 486.1 478.7 478.1 473.6 469.5 468 468.4 467.2 463.2 459.2 457 453.4 451 446.1 442.4 438.5
514 519.5 521 523.4 526.1 528.5 528.6 530 535.6 537.3 538 538.8 537.8 537.3 535.7 533.7 532.1 528.8 526 524.2 521.9 518.7 515.2 510.8 505.6 490.6 488.4 496.4 500 503 501.5 499.6 498.1 494.7 491.4 490.7 490 486.3 482.3 478.1 466 461 471.8 479.9 488 490.5 490.4 489.8 488.9 489.6 488.5 488.4 489.1 489.4 491 490.2 490.1 491.1 489.8 488.5 488.6 487.9 486.4 482.3 478.2 476 471.3 469.5 471.1 470.9 467.8 462.8 460.8 457 450.1 448.5 444.9 441
509.5 514.3 518 520.9 523.2 525.6 527.8 528.6 531.7 534.2 535 535.1 534.3 534.2 532.9 531.9 529.9 526.7 523.8 522.6 519.4 516.1 513.1 509 502.8 490.8 482 485.7 490 492.7 493.8 495.4 494.4 490.1 487.5 486.4 484.6 480.5 476.3 469.9 456.2 462.4 471.1 479 485.8 489 491 488.6 486.9 484.9 484.3 484.8 485.5 486.6 487.4 487.9 487.8 487.7 486.7 486.9 487.4 487.6 485.9 483.4 481 480 476 472.5 471 471.1 470.1 466.1 461.4 460.1 458.5 451.4 447.4 442.8
509.9 516.8 519 519.3 522.1 525.1 526.5 527.8 529.5 531.3 531.8 531.8 531.6 531.7 530.7 528.7 526.8 524.4 521.6 519.1 515.8 513.1 509.2 505.8 499.4 487.8 475.2 479.5 483.8 485.9 484.2 484.1 485.8 483.2 479.2 479.4 479 475.1 470.3 460.2 450 462.6 471.3 477.5 483 485.9 489 489.1 485.1 481.1 481.1 481.3 481.9 482.7 484 485 485.2 484.7 484.9 485.9 486.3 487.5 485.6 484.3 482.1 479.4 477.7 475.5 472.8 470.1 467.9 464.8 460.3 460.6 458.2 453.6 448.2 444
508.4 514.2 513.4 520.4 522.2 524.5 526.5 528.5 529.8 531 530.9 530.2 530 528.8 527.9 525.6 523.6 521.7 519.6 514.7 509.5 507.1 504.3 501 494.1 481.5 471.4 471.8 475.5 478 475.1 475.5 477.3 476.8 476.3 475.1 473.6 469.6 463.5 445.8 449.1 461.4 467.8 474.7 478.4 482.1 484.3 484.2 481.7 479.3 478.3 478.5 479.1 479.9 482.3 482.4 482.2 483.1 484.3 486.5 488 488.7 486.1 485.7 483.6 481 478.7 476.2 473.4 470.7 467.6 463.2 459.3 458.9 457.5 453.5 448.9 444.3
503.2 506.7 516.3 520.9 523.2 526 527.7 528.4 531 531 530.7 530.4 529.7 528.8 527.3 524.7 522.3 519.9 517.1 512.3 506.5 498.5 493.7 487.2 478.9 471.1 468.3 463.6 467.9 469 466.9 469 470.9 471.7 471.3 470 468.4 466.2 457.3 438.8 447.5 458.3 465.3 471.9 476 478.5 479.2 479.4 480.5 476.8 475.4 475.1 475.7 478.4 481.1 479 480.6 482.7 484.2 487.6 490.1 489.5 487.4 485.7 484.2 482.3 479.2 476.8 474 471.3 468.9 464.4 460.5 459.4 455.9 452 450.4 445.7
503.3 512.2 518.7 522.7 525.7 527.7 528.5 529.3 530.7 530.9 530.6 530.4 529.8 528.2 526.7 523.6 521.2 520.3 517.2 513.3 508.1 498.8 488.7 481.9 479.1 478.5 476.7 467.8 456.8 460.1 461.7 460.3 463.9 465.8 466.9 465.8 464.7 460.6 449.5 430.8 444.4 454.9 461.8 467.3 472.5 474.5 474.3 475.4 476 473.3 472.2 471.8 472.8 475.5 477.8 478.9 479 482 485.7 488.2 489.8 488.8 488.6 488.8 487.5 482.8 479 476.8 474.6 471.1 468.6 464.9 460.8 458.8 453.2 448.9 447.8 445.6
509 519.5 521.3 523.5 526.6 528.3 529 529.7 528.9 530.9 530.3 529.7 528.4 526.7 525.1 524.1 521.4 519.1 517 514.2 511.5 504.8 499.9 495 493.1 487.4 485.4 478 461.2 450.4 448.4 452 454.9 458.8 462.7 462.2 458 448.9 429.8 429.6 444.6 449.7 455.5 460.7 467 469.8 469.4 470.2 469.5 469.1 468.4 469.3 469.9 472.7 476.2 479.8 481.4 483.7 487.2 489.4 490.8 491.1 490.5 491.3 488.7 483.8 480.3 478.2 475.3 471.3 468.1 464 460.1 456.2 451.5 448.1 446.2 444.1
512.4 520.2 522.3 524.5 526.8 528.3 529 529.7 528.6 528.9 530.8 529.3 526.9 525.3 523.6 522.2 521.3 518.2 516.2 514.1 511.4 509.6 505.9 502.9 498.1 492.1 486.9 483.3 475.7 464.4 446 439.2 436.6 444.8 456.6 458.4 458 437.1 411.7 435.5 447 448.4 449.4 455.9 461.4 464.7 463 463.1 463.3 463 463.6 466.5 469.4 470.8 474.3 478.4 481.3 483.5 486.9 491.3 491.8 491.7 491.9 491.6 490.7 487 481.8 479.6 476 472.6 469.2 464.6 459.3 454.7 449.9 447.3 445.1 442.6
513 518.7 521.9 524.2 526.4 528.4 529 529.6 528.6 528.6 529.5 527.4 525.7 524.7 522.6 520.4 519.8 517.9 515.3 513.2 511.2 509.3 505.4 502 499.5 493.3 488.3 484.1 479.3 472.4 462 452.2 441.5 428.8 447.7 454.8 451.8 434.6 406.3 426 443.6 448.8 446 454.5 456.9 458.9 457.7 456.4 457 456.3 457.6 463.8 467 469 471.1 475.3 479.1 481 485.1 489.4 491.7 491.6 492.8 492.2 491.7 489.2 485.3 480.5 477.2 473.8 470.5 465.2 459.5 454 449.4 447.6 444.7 441.9
512.3 517.4 521.1 522.8 525 528.3 529.1 529.7 529.9 528.6 527.9 526.9 525.5 522.9 521.6 520 517.6 515.9 514.4 512.3 510.1 507.3 502.8 500.4 496.2 492.9 487.9 483.4 479.5 474.4 467.3 458.3 448.3 425 433.8 445.7 446.4 427.6 398.1 409.6 429.4 425.8 432.9 448.2 453.4 451.4 452 451 446.4 444.4 453.2 459.5 462.7 465.2 467.2 470.6 476 479.4 483 487.8 489.8 491.7 493.5 493.7 492.1 491.2 486.7 482.2 479 476.2 472.7 467.9 461.5 455.9 452.5 448.7 445.7 442.7
512.4 516.8 518.8 520.1 523.9 528 528.4 531 531.1 530.7 528.3 526.9 525.2 522.8 520.2 518.2 514.9 513.4 511.7 509.9 505.8 502.8 498.3 495.5 491.8 488.6 487 481.9 478.1 475.1 470.1 461.7 452.2 428.6 414.7 431 434.5 424.2 392.8 393.6 403.3 407.2 414.1 423.2 432.2 443.5 441.9 440.1 430.6 426.9 438.3 452 461.4 467.2 469.4 471.1 474 477.2 480.4 484.1 487.7 491.2 494 494.3 491.8 492.1 490.7 486.6 483.5 479.7 475.2 469.6 463.5 458 453.6 450.2 446.6 443.7
514 517.3 520.8 522.3 524.4 528.2 529.4 530.4 531.4 532.3 530 527.4 524 520.6 519.1 515.6 512.5 510.1 508.2 504.1 500.3 495.8 491.6 490 489.2 486.2 483.4 480.2 477.6 475.1 470.4 463.9 456.2 442.4 404.7 398.1 404.5 397.1 383.7 380.7 388.2 391.9 395.7 402 411.5 414.9 420.6 421 408.7 402.4 419.3 435.3 454.3 462.1 468.1 471 473 475.3 478.1 481.7 485.3 489.3 492.5 495.1 494.9 494.3 492.8 491.1 487.8 482.9 477.2 471.4 465.4 459.4 455 450.7 447.8 444.9
514.6 518 521.4 524.3 525.6 528.7 531.1 531.1 532.1 533.1 531.7 527.1 523.1 520.2 516.5 513.8 510.7 506.9 504.4 500.3 496.5 491.1 489.3 487.5 483.8 480.4 481.6 478 476.1 473.8 467.9 462 455.5 448.5 426.8 394.6 387.1 382 377.4 373.9 379.1 381.7 383.9 390.9 393.4 393.4 394.2 396.8 389.5 385.4 398.1 408.6 436.1 454.4 463 468.1 469.7 472.1 475.9 480.4 483 487.2 491.7 493.7 495.5 496.1 494.4 491.4 488.9 482.9 479 473.4 467.1 460.9 456.4 452 448.3 445
515.4 518.8 522.2 524.3 526.3 529.7 532.3 533.4 533.2 532.1 530.1 527.1 522.6 517.5 514.4 511.6 508.6 503.4 500.5 497.7 495.2 491.6 490.7 485.1 480.5 477.9 476.8 474.7 472.7 469.6 463.5 455.2 447.1 436.5 417.4 395.9 394.8 396.2 390.8 380.6 367.8 368.3 372.5 368 372.7 374.2 373.4 376.2 373.6 372.1 387.1 398.8 405.1 435.8 455.8 465.1 466.3 470 474.1 478.3 480.8 485.4 490.5 491.8 493.4 494.9 496.1 493.4 488.6 484.4 480.7 475.1 468.9 462.6 457.8 453.5 449.5 446.3
517.8 519.8 522.5 525.9 528.9 532.3 534.8 535.6 534.4 532.8 530.3 528 522.8 517.1 513 509.6 505.2 500.1 496 493.7 492.9 489.8 487.4 483.5 479.4 475.5 473.2 471.3 466.8 463.2 453.6 440.5 428 420.9 414.2 415.1 433.6 421.7 400.4 389.7 378.7 360 357.2 350.5 354.4 361.8 360 356.4 355.2 347.2 365.4 383.5 391.8 408.1 433.2 458.3 462.5 468.3 473.1 476.6 479.4 484 488.4 490.1 491.4 493.6 496.8 496.6 491.2 486.8 483.1 477 470.3 465.1 459.5 455.3 451.4 448.6
520.3 522.2 525.5 531.4 532.1 535.5 537.5 537.4 536 533.7 530.8 528.6 523.1 517.3 512.1 507.2 502.3 497.8 492.1 490.3 488.7 486.9 484.1 481.7 477.1 473.3 470.4 464.6 460.6 453 443.2 439.5 442.5 446.4 447.4 448.3 449.7 451.1 432.3 413.6 396.3 379.4 368.5 353.1 339.8 331.8 327.6 329.4 322.4 321.7 338 355.6 378.6 391.3 407.8 434.3 456.5 466.4 470.8 474.7 478.2 482.2 486.4 489.2 491.1 495.4 498.8 500.7 500.4 494.3 488.9 483.4 477.5 470.8 463.4 457.7 456 454.7
521.7 523.9 529.4 533.1 535.4 537.8 538.9 538.3 536.2 533.3 530.3 527.6 523.2 517 511.2 506 500.9 495.8 489.5 485.3 481.7 481.4 481 477 472.7 470.2 465.4 454.8 448.6 444.7 449.4 454 457.1 459.3 459.2 459.8 460 458.6 456.8 444.7 418.3 396.9 382 368.7 356.5 321 293.8 290.7 293 298.1 320.5 334.7 360.2 379.1 390.5 419.1 439 463.1 467.9 472.7 477.4 482.2 487.1 491 492.4 496.2 499 501.7 501.9 501.2 496.2 491.1 485.3 477.2 470 469.3 467.5 463.8
525.1 526.8 532.2 534.3 536.5 538.4 539 538 534.8 531.6 530.1 524.9 520.5 515.9 510.8 505.9 500.9 495.2 489.4 482 478.7 478.9 474.9 470.8 465.9 461.6 458.2 457.6 460.9 461.2 462.7 464.3 466.3 466.6 465.3 466.3 467 469.2 467 462.4 446.1 418.8 393.1 378.6 366.1 352.2 310.4 295.2 280.7 282.5 302.2 318.8 338.5 358.2 382.1 400.7 421.9 449.2 464.5 471.3 476.6 482.1 487.9 491.8 494.9 498.3 501.1 502 502.7 503 500.2 495.6 490.7 484.3 481.5 479.6 477.3 474.1
530.5 532.4 532.4 533.5 535.5 537 536.2 534.8 532.1 529.4 525.9 522 517.9 515 511.9 507.6 502.6 497.1 491.1 484.3 480.7 476.8 470.7 468.7 462.4 463.6 466 466.9 470.1 472.5 471.8 472.1 471.6 472.1 471.5 472.6 474.1 475.4 475 471.3 463 435.3 401.9 382.6 371.5 360.9 340.6 311.2 294.6 294.7 299 309.9 325.6 339.1 364.4 379.5 403 425.5 461.2 469.4 475.4 480.5 485.2 489 493.7 497.9 501.4 502.3 502.4 503.1 501.1 498.6 494.7 491.3 488.9 487 485 482.4
532.5 534.7 533.8 532.8 533.5 534.6 533.2 531.4 529.4 526.1 523.1 520.9 517.8 515.6 512.7 509.2 504.8 500 494.6 491.7 486.3 481.3 474.8 473.1 473.5 474.4 474.3 475.3 476.4 478.4 478.1 478.2 478.6 480.1 479.7 479.8 479.5 478.9 478.2 476.3 470 442.8 408.4 383.3 371.5 361.8 350.6 318 314.3 313 308.5 309.1 316.3 329.1 341.2 370.8 388.4 410.9 449.6 466.5 473.6 479.1 484 490.2 495.3 499.8 501.4 503.5 504.4 504.7 503.6 500 498.6 497.1 494.4 492.5 490.8 489.3
532.7 533.2 532.6 531.9 531.4 530.5 528.7 527.4 526 523.1 519.8 518.7 517.4 516.3 515 511.3 508.3 503.2 498.3 495.2 491 486.4 482.1 482.1 481.3 481.3 481.4 482.1 481.8 482 483.7 483.9 484 483.9 485 484.1 483.8 483.9 484.9 481.3 474.6 445.2 401.3 379.3 369 361.9 343.3 313.2 311.7 311.7 302.2 297.2 304.9 320.1 335.8 360.7 380.7 401.1 430.9 461 471.2 478.2 485.9 491.7 496.7 501.1 501.2 504.2 505.3 506.5 505.8 503.3 502.6 501.7 500.1 498 496.4 495.1
