example_terrain50/SN96.asc
ncols 200
nrows 200
xllcorner 290000
yllcorner 260000
cellsize 50
[rows 70 to 104 of 200, columns 0 to 77 of 200]
440.1 447 452.2 456.7 461.5 462.8 462.9 460.5 458 455.3 452 448 442.3 437.3 431.8 425.9 419.5 413.6 406.2 390.7 359.6 327.6 295.9 274.8 260.6 253.9 253.9 253.9 253.9 263 285.4 309.8 349.2 386.3 427.6 450.5 457.1 460.4 460.3 459.8 459.8 469.4 468.6 468.1 467.6 466.4 464.1 458.2 441.7 444.3 437.8 427.8 420.9 414.6 405.7 399.5 391.8 384.1 371.7 368.2 365.3 359.9 356 349.8 343.7 338.6 335.5 332.6 328.4 325 323.2 319.8 313.6 307.9 310.9 304.9 297.3 290.5
454.9 459.7 460.5 461.6 463.9 464.7 461.6 460.4 458 455 451.3 447.8 441.8 435.1 428.6 421.4 413.9 407.6 397.6 383.7 343.9 309.2 284.8 266 255.2 253.9 253.9 253.9 260.9 279.3 301.7 335.9 372.9 416.2 450.5 451.7 451 458.6 458.8 461.1 465.3 469.3 468.5 467.4 466.6 463.9 460.5 446 436 430.4 423.9 418 410.4 405.3 398 387.8 376.2 367.2 360.6 349.7 346.6 340.9 334.8 330.2 325.7 322.4 321.6 319.2 315.6 314 312.8 308.2 302.8 297 298.7 291.6 285.3 280.5
465.5 467.5 465.9 464.2 464.3 463.4 462.1 459.5 455.8 452.6 448.6 445.5 439.4 432 423.4 412.8 399.2 391.8 385.2 364.8 327.5 297.8 279 260.4 253.9 253.9 253.9 258.8 278.1 297.2 326.9 367.1 398.9 437.7 447.1 450 451.7 457.7 464.1 470.5 471 470.1 469.3 466.7 463.9 461.7 453.2 440.8 438.4 439.1 425.7 418.8 420.3 422.4 405.8 393.2 378.8 368.3 354.5 341.6 337.3 326.9 319.7 315.7 310.8 309 307.8 305.7 303.6 302.7 300.1 295.3 293.9 290.4 288.6 282.9 276.6 272.7
471.2 471.1 470.5 467.8 466.1 462.5 460.9 457.5 453.1 449.5 445.3 441.7 433.6 424.5 414.8 401.8 382.4 369.9 364.3 342.2 311 287.8 270.9 256.8 253.9 253.9 254.9 270.4 293.8 319.6 361.5 392.7 429.9 441.5 440 448.3 454.6 461.2 468.4 471.5 470.6 469.7 469.2 469.7 461.1 458 450.8 439 440.2 441.2 430.7 433.2 436.6 436 422.7 405 392.1 381.4 364.9 347.8 336.3 330.3 322.4 314.8 309.8 305.3 299.5 294.7 293.5 292.4 291.1 284.5 283.7 287 278.3 273.5 268.7 266
473 471.3 471.1 468.7 465.5 461.7 457.5 453.8 450.2 446.8 442.9 434.4 423.5 410.4 392.8 378.1 361.3 347.2 339 318.2 299.4 278.8 259.5 253.9 253.9 253.9 262 285.2 321.4 350.6 382.8 415.3 432.1 429.4 436.4 445.9 458.6 464.6 470.2 471.1 469.1 469.5 471.1 469.3 457.8 454 449.2 440.5 441.2 441.2 440 441.9 443 441.2 431.9 415.4 404.2 393.9 373.5 353.9 344.6 335.6 326.5 319.5 313.3 309.5 301.9 295.3 289 281.9 281.2 277.7 272.8 278.7 265 264.1 261.9 260.3
473 472 470.4 467 463.8 459.7 455.4 451.4 446.7 441.7 435.4 423.3 404.3 388.5 372.2 357.5 344.2 333.1 322.1 303.2 283.4 265.8 255.3 253.9 253.9 254.2 268.5 300.7 357 369.7 394.1 410.9 415.2 418.5 427.3 437.7 450.1 458.8 463.4 463.2 467.2 470.3 462.2 460 455.1 450.5 441.9 438.9 441.5 445.2 444.5 446.3 445.9 442.4 438.2 430.5 415.3 402.1 381.8 371.3 355.8 343 333.1 322.7 315.1 312 306.9 297.3 289.1 281.3 274.6 259.7 263.9 266.3 260.7 255.9 255 253.5
470.8 471.1 466.8 463.7 461.6 457.8 453.1 448.2 442.8 435.3 424.2 406.6 381.7 366.5 350 340.1 331.3 319.2 304.4 288.8 273.8 259.6 254 253.9 253.9 255.3 272.5 304.2 336.6 361.5 397.6 398.8 401.5 405.4 413.7 425.5 436.6 444.8 450.7 454.3 456 454.9 454.6 452.6 450.9 449.9 440.3 438.9 446.4 449.5 448.8 448.4 447.7 446.4 442.6 439.9 424.9 410.9 396.7 386.9 373.1 354.4 342.4 329.5 316.8 311.4 302.9 295.5 286.9 277.2 268.1 252.2 252.9 256.7 254.3 247 247.7 248.3
467 464.7 461.4 459.7 457.7 453.8 448.1 443.4 436.9 429.2 415.3 388.1 365.2 350.8 336.4 325.6 318.3 306.3 294.5 284 271.9 259.8 254 253.9 253.9 253.9 268.1 293 312.1 346 378.6 376.9 373.9 385.6 395.1 407.2 419.1 427.6 438.1 439.9 442.1 444.8 448.4 446.6 447.9 443.6 438.3 440.6 445.2 449.5 449.5 448.8 448.7 446.9 443.4 439.1 432 425.2 408.6 397.3 382.7 370.7 353 333.8 318.7 305.6 296.8 290.6 282.3 272.2 264.2 254.7 241.3 248.3 245.2 241.8 242.2 242.2
460.6 457.7 455.2 452.7 451.7 448 441.7 437.1 433.1 422.1 390.4 366.1 344.8 334.4 321.2 314.8 307.2 297.1 290 281.5 273.2 262.4 255.6 253.9 253.9 253.9 256.6 274.9 299.8 332.2 333.3 344.3 352.7 362.1 369.8 384.4 395.1 409.3 417.6 422.8 427.5 432.6 438.2 438.4 438.4 436 434.2 437.4 444 449.1 449 449.3 448.6 446.8 444 440.4 432.5 425.7 416.6 406.7 393.2 375.4 357 338.8 318.9 303.7 295.7 289.6 281.3 271 263 254.8 242.7 236.5 236.1 234.1 234.9 237.8
455.4 454.6 449.3 448 445.2 440 434.5 429.5 417.1 403.7 371.9 348.7 333.4 320.4 311.2 304.7 296.9 291.4 286.4 281.9 275.7 268.9 257.9 253.9 253.9 253.9 253.9 256.8 275.1 293.2 300 318.2 328.5 340.7 356.3 369.7 380.3 392.8 402.3 410.7 416.9 422.6 425.7 429 428.2 428 429.6 436.5 443.3 447.7 449 449.9 448.8 446.6 443.4 437.3 430.2 423.7 417.2 408.2 400.1 382.4 365.7 342.9 320.3 303.3 295.3 289.1 284.8 275.8 262.7 251.3 238.1 229.4 227.1 226.8 226.6 229
451.2 450.8 448.1 444.6 441 438.8 434.8 427.3 418.7 398.3 370.5 349.6 329.2 316.9 310.3 302.2 294.6 290.2 286.6 281.5 271.8 267.5 258.6 253.9 253.9 253.9 253.9 253.9 262.5 288.4 307.8 326.9 345.5 359.4 372.9 376.8 380.1 382.9 391.3 401.4 406.8 413.4 415.6 417.6 419.9 423.2 427.5 433.7 441.2 446.1 449.8 451.1 448.1 444.6 439.6 433.3 425.2 419.6 414.1 407.5 399.5 386.1 375.2 349 319.8 305.1 297.8 293.3 288.4 275.1 259.9 250.3 240 230.6 220.7 215.7 216.1 217.9
446.9 446.2 445.2 442 439.3 436.1 432.4 425.3 416.1 397.5 366.1 344.8 329.2 317.3 309.9 303.9 297 292.9 289.1 284.4 279.5 275.8 270.2 264.1 253.9 253.9 253.9 256 272.3 295.4 324.6 347.9 361.3 379.6 388.7 394.8 393.9 389 389.4 397.4 402.5 408.4 410.6 412.8 416.6 420.7 425.8 432.1 439.9 445.2 448.8 447.7 444.6 439.8 431.8 426.2 420.2 410.7 403.7 397.7 392.1 377.8 362.4 339.4 315.6 308.3 300.6 292.3 282.5 270.8 258.9 249.4 240.3 228.5 217.7 209.6 209.2 209.5
443.1 442.6 441.6 440.3 437.9 435.2 429.5 424.1 408.4 385.2 359.6 341.6 329.9 318.7 310.3 303.8 299 295 290.9 287.2 283.8 286.9 290 281.3 262.3 253.9 253.9 258.9 280.5 307.1 333.7 363 382.2 396.9 401.8 404.4 400.2 395.5 395.5 400.8 402.7 408 410 410.7 414.3 418.4 424.5 433.9 440.7 442.8 442.5 441.2 439.8 433.6 424.3 417.9 409.3 403.3 392 384.1 377.2 363.5 345.6 325.7 313.7 309.4 300.6 287.4 275.9 264.8 255.6 247.1 235 222.9 214.2 208.8 206.2 204.4
440.3 438.5 437.9 437.6 436.5 434.7 431.5 425.3 414.3 391.4 366.6 344.3 331.2 319.2 311 304.4 300.4 294.5 290.3 287 286 290.2 297.9 273.6 253.9 253.9 254.2 267.9 290 314.4 344.8 378.7 399.4 409.8 416.7 412.5 406.4 402.1 402 406 409.1 409.9 410.2 412 414.6 418.1 425.7 436.6 443.2 445.4 443 439.3 438.5 428.3 420 411.2 397.7 390.3 379.8 369 361.9 350.9 338.2 325.6 317 309.2 298.5 282.3 270.2 260 250.3 240.5 228.8 217 208.8 205 201.8 200.6
436.5 434.3 432.6 434.1 435.1 435.1 434.6 428.9 420.3 401.4 378 352.6 332.8 319.2 311.6 305.1 301.2 295.5 289.6 284.9 281.9 285.2 282 258.1 253.9 253.9 253.9 264.6 292 322.7 355.5 389.5 408.5 418.2 421.7 422 418.7 409.2 408.4 410.5 411.5 413.6 414.2 414.8 417.6 422.7 429.6 438.3 446.3 449.8 448.7 450 447.4 430.8 419.7 404.2 394.6 381.5 368 357.3 349.3 343.7 335.6 325.2 317.3 308.7 293.3 277 263.7 254.5 244.1 229.1 218 208.3 203.8 202 200.2 200.4
431.6 430.6 428.4 432 434.8 434.9 434.8 431.7 424.5 408.9 387.6 359.1 335.3 319.9 311.8 305.8 301.1 293.9 289 281.3 275.7 275.2 267.3 253.9 253.9 253.9 253.9 260.6 290.4 325.7 364.8 394.8 415.1 425.3 427.4 428.8 426.4 420.1 411 415.2 414.2 415.9 419.1 419.6 422.1 430.5 434.4 440.6 451.4 453.4 453.5 451.6 447.6 440.3 421.7 409 400.8 387.4 371.1 356.6 346.4 334.6 328.8 317.8 310.6 299 288 272.7 258.2 246.3 231.8 219.4 213.2 206.2 200.5 200.1 200.1 200
420.9 423.8 420 429.9 432.6 433.5 433 430.7 421.5 413.8 394 369.1 341.3 321.4 311.3 302.3 298.1 289.5 284.1 277.7 267.4 263.1 256.3 253.9 253.9 253.9 253.9 260.2 283.8 321.6 365.8 395.3 419.6 430.6 431.1 432.8 431.4 430.6 424.7 419.5 419 419.2 422.5 431 428.2 431.9 438.7 446.6 453.4 457.9 458.9 456.9 450.9 441.2 425.8 419.5 408.2 393.9 378.6 363.6 350 341.4 328.2 317.7 301.1 292.2 279.9 267.3 250.9 235.4 219.5 214.8 210.9 205.5 201.2 199.9 199.7 200.1
401.2 406.3 409.4 423.3 426.7 430.8 429.7 426 417.9 407.3 393.8 370.1 351.5 328.5 316.2 307 298.3 290.8 282.3 276 266.4 257.6 253.9 253.9 253.9 253.9 253.9 259.4 285.1 324.7 375.6 404.9 415.5 428.4 431.3 436.8 439.5 438.7 430.3 425.5 425.1 426.3 430.1 431.8 431.6 434.7 442.9 452 459.4 465.7 464.6 462.8 459.5 447.3 438.8 428.7 412 402 388.7 372.4 358 349.5 332.5 317.7 303.5 291.5 280.3 268.5 253.1 232.7 218.4 211.6 208.7 204.3 200.9 199.6 199.2 199
375.6 380.6 392.6 408.6 421 427.1 427.1 423.3 415.9 404.4 392.4 381.1 353 345.3 327.6 313.2 302.1 295.7 291 282 271.5 259.6 253.9 253.9 253.9 253.9 253.9 258.8 292.2 328.5 377.2 413 417.6 423.6 430.3 434.7 437.6 439.8 434.1 433.1 435.7 434.8 438.3 436.3 436.5 437.7 448.3 457.9 466.6 473.4 469.2 465 459.6 452 447.5 437 423.7 415.7 400.2 382 363.2 350.8 333.4 317.7 299.8 289.2 277.7 264.7 249.9 228.9 216 206.9 204 201.4 199.3 199.4 198.9 198.6
353.4 360.7 378.1 394.7 414.5 420.3 423.2 421.4 415.5 408 399.3 385.6 376.6 363.1 344.7 329.4 310.5 303 296.2 288.6 279.3 264 253.9 253.9 253.9 253.9 253.9 259.5 289.1 326.6 376.1 418.3 419 420 428.4 431 432.8 437 438.8 444.4 451.3 449.2 448.1 440 440.3 440.2 449.4 459.4 471 481 474.1 468.2 460.7 455.2 450.5 443.5 431.9 429 415.6 396.4 386.1 362.9 342.8 318.8 295.7 283 269.8 255 239.7 223.4 211.3 204.5 201.6 199.9 199 200.6 201.3 200
338.8 353.5 367.8 377.4 403 415.3 419.1 418.2 415.6 411 406 398.8 394.2 385.2 366.2 346.3 326.5 312.1 303.3 297.7 287 260.1 253.9 253.9 253.9 253.9 253.9 257.5 284.5 321.4 374.4 429.5 430.1 423.9 427.2 429 430.8 435.9 440.6 451.1 451.1 449.9 451.1 450.4 445.2 446.7 452.8 463.2 471.9 480.3 477.8 471.3 461.7 455.4 450.4 442.2 436.3 430.4 419.9 405.1 390.3 365 334.4 314.4 288.9 273.3 261.5 244 230.9 213.9 206.9 201.6 200.3 199 199.7 202 204.3 208
336.3 339.6 354 361.5 386.4 409.6 416.8 417.2 418 416 412.1 406.7 405.2 400.6 387.1 368.6 343.8 324.6 312.5 304.8 293.5 263.4 253.9 253.9 253.9 253.9 253.9 254.6 277.5 311 356.5 404.7 432 430.3 428.9 429.8 432.3 437 441.1 448.5 451 452.3 454.5 455.2 453.2 453.6 456.6 465 471.4 476.8 475.4 469.8 458.7 455.9 448.4 438.9 434.4 428.8 420.3 404.8 389.4 356.5 328.5 306.9 283.1 270 252.2 235.3 215.8 209.5 204 200.6 199 199.5 202.5 205.4 210.4 214.7
347.1 327.9 331.4 343.1 375.2 399.1 410.3 417.4 419.7 420.5 422.2 420.8 417 407.9 398.3 383.1 363.9 344.2 326.6 311.9 296.5 275.9 253.9 253.9 253.9 253.9 253.9 253.9 270.2 302.1 339.2 379.4 420.5 432.5 429.6 433.3 437.5 439 439.9 445.1 449.6 453.8 457.8 459.4 457.3 457.5 459.3 465.4 471.3 472.6 471.2 466.9 459 451.3 439.4 440 430.7 426.6 417.8 404.4 386.1 350.8 322.4 296.9 276.1 265.5 240.2 223.5 208.4 202.3 199.9 199.5 199.8 202.5 206.5 212.1 219.2 224.3
350.5 330.6 310 325.9 350.1 382.4 398.3 411.5 421 423 427 427.7 429.4 424.3 408.2 392.4 380.5 363.1 340 324.6 301.9 279.5 253.9 253.9 253.9 253.9 253.9 253.9 260.3 292.4 322.7 359.6 400.4 428.3 434.9 440.2 441.2 439.2 441.8 446.5 451.9 457.4 461.1 461 459.8 458.7 459.1 464.5 469.8 466.4 465.4 461.5 453.3 447.2 442 436.7 427.3 423.6 413.4 398.5 371 335.1 307.9 285.6 267.6 241.6 230.9 212.8 200.2 199.5 200.2 200.9 203.5 208.5 215.1 221.6 233.1 239.5
342.2 314.6 299.8 314.7 325.8 346 375.6 407.4 416.5 422.2 428.3 431 430.7 426.1 417.1 402.1 388.8 376.9 360.5 349.3 317.7 279.6 254.3 253.9 253.9 253.9 253.9 253.9 256.7 279.8 306.7 339.9 387.7 421.8 440.3 442.5 441.7 444.9 448.9 450.6 454.9 461 467 468.9 461.8 460.6 458.8 461.3 461.2 458.8 459.8 455.8 449.4 448 441 431 422.1 416.3 402.7 379.4 345.4 316.9 295.3 271.8 240.5 231.8 218.9 205.1 199.6 199.5 200 202.6 207.8 216.1 224.7 237.2 250.5 262.6
324.3 305.1 297.7 301.9 313.7 322.4 345.5 371.4 383 413.3 430.5 433.2 430.2 423.3 414.9 405.7 397.3 384.8 375 356.9 327 285.5 260.7 253.9 253.9 253.9 253.9 253.9 253.9 265.9 294.5 324.2 356.9 395.4 430.8 441.6 444.7 448.4 451.4 453.5 457.4 459.4 467.2 470.2 462.8 460.9 459 460.9 460.5 455.4 454.6 452 449.2 444.7 437 427.9 417.3 405.3 383.2 352.4 324.4 298 275.3 245.2 232 219.1 212.8 199.3 200.2 200.1 203.6 207.4 214.8 224 238.1 259.1 273.3 290.2
313.1 301.1 291.9 291.8 303.3 306.7 319.5 335.5 352.5 371.1 400.5 419.4 425.9 420.8 415.9 408.8 401.8 393 378.1 373.1 333.6 292.9 266.9 257.1 253.9 253.9 253.9 253.9 253.9 257.4 280.7 309.4 345.9 379.1 419.1 439.5 446.6 450.1 454 459.4 460.5 463 469.8 468.6 460.9 458.1 456.8 459.5 459.5 450.7 448 447.8 446.3 439.8 434.4 423.8 405.3 379.7 352.9 326.5 302.4 281.5 241.4 231.7 220.5 213.8 206 199.7 200 200.2 205.4 212.5 225.8 237.1 254.4 278.6 298.2 315.6
311 302.7 293.2 289.1 295 300.1 300.1 314.3 326.6 340.3 355.6 381 409.7 417.3 416 410.7 406.8 401.5 389.2 376 342.7 300.2 281.4 262.1 254.3 253.9 253.9 253.9 253.9 253.9 269.3 296.3 327.3 368.2 405 432.5 441.9 449.8 455.4 460.2 463.7 467.5 470.1 466 461 453 449.9 459.2 460.3 447.3 439.9 441 440.5 431.8 422 403.9 379.3 350.2 327.2 304.9 286 250.2 230.1 219 213.5 209.3 207.2 202.9 203.8 205.7 211.6 222.5 235.2 255.3 277.6 299.8 317.1 331.7
310.6 299.6 292 289.6 289 289.3 286.4 296.1 304.5 315.7 328.4 343.5 363.7 387.3 412.1 409.3 402.2 400.4 397.2 382.8 341.7 305.3 285.8 265.3 254.8 253.9 253.9 253.9 253.9 253.9 260.4 286.7 316 348.9 384.2 422.8 440.1 449.5 457.6 463.3 467.8 469.4 469.4 465.1 460.6 449.2 445.4 454.7 456.2 443.1 436.1 435.3 432.9 422.4 406.2 387 356 328.9 303.5 282.2 252.8 233.5 224.9 212.3 209.5 207.8 207.8 207.9 210.6 213.6 221.5 234 250.2 275.3 298.7 317.8 332.4 342.8
314.6 306.1 299.8 294 290.6 287.9 279.7 283.7 290.6 295.8 305.3 319.5 332.4 348.7 369.1 389.8 393.7 401.2 396.4 376.2 334.1 306.5 284.9 268.2 255 253.9 253.9 253.9 253.9 253.9 258.9 280.6 307.8 347 383.1 409.1 434.9 450.2 458.4 464.6 468.9 469.9 467.8 463.6 458.2 448.5 438.3 449.3 448.9 440.7 433.1 425.5 422.3 411.1 389 369.4 344.3 317.5 290.3 265.8 237.7 230.3 216.9 209.7 207.9 208 207.8 209 216.3 225 232.6 245.1 268.2 294.4 319.5 334 348.1 354.4
325.3 315.5 306.8 300.6 298.5 295.1 285.1 278.9 280.8 282.9 287.3 294.3 306.4 319.9 335.6 353 371 376.4 363.3 347.3 325.1 297.7 283.2 265.5 254.7 253.9 253.9 253.9 253.9 253.9 257.9 277.3 304.5 337 378.8 405.6 428.1 445.1 457.7 464.4 465.7 465.8 463 459.4 452.9 443.6 429.9 436.9 441.4 435.4 429.2 418.9 403.6 395.7 373.8 354.5 336 310.7 276.2 255 233.8 218.8 208.6 208 208.5 208.3 208.7 213.9 222.2 234.5 244 260 285.6 312.2 338.6 352 361.2 368.8
339.5 328.9 322.6 313.6 309.7 304 283.4 279.1 277.7 271.7 275.4 280.3 287.1 298.8 312 322.8 333.6 343 343.1 332.3 311.5 295.8 279 263.2 254.4 253.9 253.9 253.9 253.9 253.9 258.2 278.3 306.1 335.2 372.8 402.9 425.3 443.9 454.5 460.2 461.3 461 456.3 449 441.1 431.8 418.7 423.9 430.1 429.3 424.2 417.9 397.2 371 365.7 349.5 321.6 288.6 264.1 240 225 210.5 208.3 208.1 210 211.8 213.9 220.5 230.8 242.6 251.7 271.1 300.4 326.6 349.1 362.2 375.3 386.1
357.9 347.5 339.3 326.1 316.8 309.3 293.8 281.4 277.7 272.1 269.5 270.2 275.6 283.7 291.5 300.4 306.9 317.3 318.6 312.3 300.4 291.8 274.6 257.8 253.9 253.9 253.9 253.9 253.9 253.9 260.5 282 307.6 339 373.2 403 424.4 441.2 450.9 458.1 460.6 456.8 447.9 440.4 426.9 415.5 405.2 409.4 424.7 423 416.7 407.8 378.6 347.1 338.5 328.2 304.8 279.8 253.9 231 213.2 208.2 208.1 210.6 218.3 219.3 219.6 230.2 240.9 250.8 261.7 282 311.1 342 360.3 374.3 390.3 403
373.7 362.9 353 341.6 329 321.3 306.3 295.9 288.3 279.2 272.8 268.1 262.5 269.1 275 282.8 289.5 297.7 295.6 290.9 286.5 277 262.6 254.2 253.9 253.9 253.9 253.9 253.9 253.9 270.9 288.6 313.9 347.4 381 408.3 425.6 440.9 449.5 455.5 455.5 451.2 440.3 425 407.5 394.8 389.1 396.6 406.4 407 397.1 386.9 370.9 328.7 305.6 306 297.4 266.9 241.4 219.7 208.9 208.4 210.8 222.9 228.1 226.9 228.5 242.3 253.8 262.7 270 292.6 319.1 346.9 370.9 388.4 406.2 418.5
390.3 379.2 366.6 357.8 343.2 333 324.2 309.1 300.3 291.8 281.4 272.4 266.1 260.4 260.6 269.7 274.4 280 278.8 276.9 275 266.2 255.8 253.9 253.9 253.9 253.9 253.9 253.9 258.1 280.3 297.9 324.9 358.3 388.7 414.4 429.3 443.5 451.9 453.1 451 447.2 437.6 415.8 391.2 370.2 362.4 385.2 391.6 391 376.5 367.8 350.8 303.3 280.7 274.9 268.3 247.6 230 213 208.4 211.6 222.4 241.6 256.1 243 236.6 249.2 259.7 267.8 282.6 306.9 332.2 357.7 383.1 405 416.9 433.3
