example_terrain50/SO04.asc
ncols 200
nrows 200
xllcorner 300000
yllcorner 240000
cellsize 50
[rows 105 to 139 of 200, columns 78 to 155 of 200]
402.5 399.2 399.1 399.7 399.7 396.7 394.7 391.8 387.6 385.8 385.5 384.3 381.7 377 373.2 367.6 361.2 350.3 342 333.1 321.6 310.6 307.3 313.9 317.8 321.4 324.9 329.7 333.9 339.3 344.4 354 364.6 366.5 367.6 366.7 365.2 361.7 356.5 351.4 346.7 341.7 336.5 328.9 321.4 312.4 303.3 293.3 283.2 275.7 270.8 265.5 250.8 251.2 258.5 256.1 247.1 243.6 243.8 244.6 250.7 251.8 249.7 242.7 220.6 190.7 161.5 137.9 125.8 113.4 106.8 112.4 115 120.6 129.2 142.6 153.3 164.6
402.5 399.2 393.6 396.4 396.1 394.6 393 390.9 388.8 387.1 386.8 385.6 384.8 384.2 381.8 375.8 369 361.2 354.9 346.3 333.5 321.2 309.2 305.8 308.3 315.2 317.3 320.5 325.3 330.7 336.6 342.1 352.8 365.5 368.3 366.5 364.7 363.2 358.8 353.5 348.4 342.1 337.5 332.6 325.9 319.7 311.1 301.3 291.2 283.1 276.6 270.1 263.6 243.4 243.3 250.4 245.9 237.5 228 231 238.1 237.7 243.7 241.4 212.9 189 162.4 145.3 131.1 119.2 106.6 107.6 112.7 118.6 124 131.6 146.2 152.5
400.4 396.9 393 390.1 391.5 391.2 390.6 389.5 388.2 388.2 389.8 389.7 388.8 388 385.7 381.5 377.5 371.3 364.5 356.6 345.5 332.9 317.3 305 304.3 305.2 310.4 313.7 317.4 323.6 329.3 334.8 341.3 355.5 362.2 365 363.7 362.2 360.2 356.6 351.5 345.8 338.4 333.5 328.7 323.1 316 307.5 298.5 289.9 282.8 275.4 268 257.1 238.7 233.1 233.7 230.6 221.9 209.3 211.4 219.2 230.5 234.7 215.8 190.3 166.8 154.6 145.3 124.7 111 106.5 112.1 112.9 121.1 126.8 133.4 141.4
398.1 395.8 392.6 388.8 387.1 386.8 386.8 387.6 387.2 388.1 389.3 391.4 391.3 392.3 392.2 389.4 384.2 377 372.9 365.8 357.2 342.4 327.4 311.4 302.4 303.1 303.9 308.4 312.5 316 321.7 326 329.4 344.1 356.2 359 359.8 359.9 359.1 357.2 354.2 348.9 343.3 336.5 329.4 325.2 319 313.4 307 297.3 289.4 282.3 274.5 266 252.6 242.2 236.7 230.8 222.6 216.1 196.7 201.3 209.7 222.4 216.8 197.9 175.9 160.1 152.7 129.8 116.1 106.5 110 112.4 115.8 122.7 127.4 133.9
396.5 394.4 393.1 390.1 386.4 384.3 384.7 385.3 385.8 386.3 387.8 389.4 391.1 392.8 393.7 390.6 387.7 381.8 375.1 369.4 361.7 348.6 336 318.5 304.3 299.2 299.9 302.1 306.4 305.7 314.4 319.4 322 330.5 340.9 350.6 354 355.3 356.4 356.3 355.6 351.6 346.9 341.7 333.3 328 323.3 317.6 310.7 304.3 296.4 288.4 280.4 271.7 264.2 256.1 247.2 239.1 232 221.7 205.8 190.3 195.4 210.7 216.4 202.5 181.7 164.9 154.8 137.6 121.5 110.5 106.5 111.9 112.2 117.9 123.9 127.8
394.7 392.7 391.9 391.4 386.5 383.1 382.7 383.3 383.8 384.8 386.4 387.7 388.9 390.1 389.4 388.7 387 383.1 378.1 370.4 363.7 353.6 339.8 327.6 310.4 304.9 302.9 298.1 296.6 298 306.9 313.2 316.6 318.8 324.9 333.1 339.6 344.5 348.2 350.5 352.6 351.8 348.9 345.9 337 333.4 327.8 321.2 314.9 309 301.4 292.8 285.5 278.3 271.9 266.9 262.1 253.3 239.2 228.3 213.5 195.9 182.8 199.6 207.5 196.8 182.1 166.7 157.7 143.3 129.9 115.7 106.5 106.6 111.5 112.5 121.3 123.9
393.6 391 390.2 389.2 385.6 382.2 382.3 381.3 382.1 382.7 384.1 385.3 386.6 388.2 387.9 387.1 385.1 382.1 377.8 371.5 363.7 355.2 344.5 330.7 320.4 311.6 306.6 304 300.9 295.7 298.7 306 310.7 313.7 316.7 320.4 325.9 331.8 336.8 339.7 343.5 346.6 347.7 347.4 340.8 339.4 333.5 327 320.8 313.3 306 299 291.7 284.9 279.1 274.9 270.6 261.7 250.8 235.2 222.4 204.8 185.5 185.5 192.3 189.5 180.5 168.4 159.3 146.7 135.6 126.1 112.8 107.2 107.2 111.5 119.2 121.4
396.7 391.6 389.7 387.4 386.6 382.5 381.4 377.8 381.1 382 381.7 383.2 384.8 386.3 387.4 388.1 388 384.9 379.6 375.8 367.6 357.1 347.5 336.3 325.6 315.8 309.5 306.8 304.6 300.9 292.9 302.8 308.7 312.1 313.1 315 317.7 321.9 325.3 332 336.4 340.1 343 343.7 344.1 342.7 340.1 335.2 330 322.3 314 306.4 299 292.8 287.8 282.8 277.7 270.9 261.6 248.7 231.1 212.7 195.3 182 177.6 176.5 174.5 168.8 163.9 155.9 147.4 135.7 129.9 117.8 107.2 107.2 109.5 118.5
403.4 395.2 390.9 390.3 388 384 381.2 378.1 377.3 378.7 379.1 381.1 382.6 384.1 387 386.8 386.4 385 384.1 379.3 372.8 361.5 350.1 340.8 330.3 320 312.6 308.9 306.1 303 291.1 300.5 308.3 310.5 311.7 312.8 313.6 314.2 317.2 318.6 325.4 330.5 334.3 337.2 339.5 340.9 340.9 339.3 336.4 331.3 324.4 316.6 307.8 300.9 295 290.7 286.2 280.1 269.8 259.8 244.1 226 207.1 191.9 180.6 170.4 165 168.5 169.1 161.2 152 147.3 146.4 142.9 121.4 110.4 106.7 106.3
407.3 399.7 393 390 387.6 384.9 383.3 380.1 377 372.6 375.7 377.9 380 381.4 382.6 382.9 382.7 383.2 383.1 381.2 375.7 368.6 357.3 345 334.3 324.5 316 311.3 307.4 304.2 295.5 296.9 305.8 311.7 314.3 313.1 312.1 311.4 312.4 312.6 317.2 321.2 324.6 328.8 333.3 335.8 337.9 339.2 338 335.1 330 323.4 316.6 309.8 302.2 298.2 294.7 289.7 280.2 269.4 257.5 244.2 223.7 207.2 193.6 181.1 172.2 160.8 162.4 163.8 155.3 151.2 148.5 146.5 143.8 139 120.4 106.1
406.9 403.3 396.9 393.6 390.4 385.6 384.4 382.4 379.8 375.3 369.2 373.7 375.9 374.8 375.5 377.3 377.9 378.7 380.9 380.5 376.5 371.5 363.3 351.4 339.5 329 319.8 314.7 309.3 304.7 297.5 292 301 307.3 312.8 314.9 312.7 310.8 310.6 310.8 311.9 315.6 319.2 322.3 326.2 331.3 333.7 335.1 335.7 336.1 333.8 330.3 326.8 321 313.1 307.1 303.3 297.8 294.3 283.5 270.1 256.1 241.8 223.2 206.3 191.4 180.9 172.3 161.9 152.9 154.2 152.8 149.1 146.5 143.7 138.8 133.5 126.5
403.8 400.9 397.5 396.2 395 390.9 386.7 384.4 382.3 379.2 372.5 368.9 370.5 370.3 369.6 371.4 373.1 374.4 375.5 378 375.4 372.5 366.3 356.7 344.3 334.6 324.7 318.2 312.7 305.7 301.4 289.2 289.8 298.6 307.1 313.3 313.6 310.1 307.8 309 312.1 315.7 316.1 317.9 321.2 326.3 329.7 332.1 333.6 334.7 334.8 334.9 333.2 329 323.7 317.3 311.3 307.2 303.1 298.3 285.8 269.7 255.8 242.3 222.7 205.1 196.7 190.9 180.7 165.7 153 147.6 144.5 141.4 141.4 135.5 130.8 128.4
400.8 397.7 395.6 394.8 394.7 393.3 391.5 387.3 384.5 377.5 370.3 361.8 366.7 366.9 365.8 366.6 367.1 369.4 371.7 374.4 373.6 371 367 359.3 348.2 338.7 331 324.2 318.6 310.7 306 299.7 287.7 286.4 299.9 307.2 310.2 308.5 305.9 305 306.9 311.3 315.1 316.9 318.8 320.8 323.6 328.6 332.1 334.8 335.2 333.8 333.1 332.2 327.3 323.6 317.9 313.7 310.2 306.3 300.2 286.8 273.9 255.9 243.8 222.3 211.2 204.6 197.8 177.9 164.1 155.1 151.3 146.1 136 136.8 129.7 121.5
400.2 395.9 393.7 393.5 393.1 391.4 390.8 388.4 382 374.1 367 357.5 362.2 362.7 362.4 361.3 360.3 362 364.9 369.5 370.6 369.9 366.7 362 350.8 342.3 335.7 329.1 323.9 315.9 310.4 305.4 299.1 280.4 293.2 302.1 305.4 305.4 303.3 299.2 300 302.5 306.5 309.8 313.7 313.9 318.3 324.3 330.4 333.3 335.6 334.5 332.6 330.1 326.7 322.7 318.7 316.4 313.6 309.8 304.9 299.1 289.7 277 256.1 240.6 226.8 217.1 202.3 190.2 176 168.1 163.4 157 151.7 147.7 139.3 132.2
397.7 394.7 392.7 390.8 389.6 389 388.9 385.8 379.2 371.8 364.9 359.3 357 358.2 359.1 356.9 355.4 355 356.1 361.1 364.8 364.2 362 358.7 354.2 345.9 339.5 333.5 328.1 321 314.4 309.2 303.9 282.3 291.4 298.5 303.1 301.5 297.8 294.2 289.9 293.4 297.1 301.4 305.9 306.8 313.6 320.6 327.4 331 333.3 333.9 331.9 329.6 325.6 321.4 318.4 316.7 314.7 312.1 308.5 303.1 297.1 287.5 272.9 259.6 247.7 237.8 223.1 207.7 193.8 180.9 176.6 171.1 162.9 159.1 146.9 138.1
393.4 392 391 389.9 386.6 386.1 385.5 381.7 376.9 370.9 364.9 357.5 346.6 352.3 352.7 349.6 350.2 349.1 349 351.6 354.5 356.4 355.1 355.2 353 349 343.6 337.8 331.5 326.2 319.3 312.7 304.3 281.7 290 297.7 303.1 298.7 292.6 288 282.9 284.6 287.6 292.1 297.7 302.4 311.1 318.3 323.2 326.8 329.9 330.5 329.1 326.5 322.4 318.6 315.9 313.9 312.6 311.6 308.6 305.6 301.3 295 285.5 274.9 267.1 258.4 247.5 231.9 218.2 206.6 195.8 184.4 174.7 168.1 156.9 146.9
388 386.3 386 385.5 382.4 380.5 378.9 376.4 374.6 370.5 365.4 358.5 351.9 343.6 344.8 344.2 343.4 341.1 341 341.4 342.2 347.5 350.3 351.4 352.9 352.2 347.9 342.1 334.8 329.2 322.5 315.4 306.7 292.2 275.6 292.6 298.6 296.4 290.3 284.3 279.5 277.4 281.9 286 290.2 295.9 304 310.1 317.3 322.2 325.4 325.6 323.5 320.9 319 315.8 313.5 311.3 309.6 308.8 307 303.7 300.9 297.5 291.9 285.4 276.8 268.4 259.1 251.8 241.1 228.4 214.9 203.7 193.8 183.5 170.9 161.5
383.8 380.7 379.2 376 371.9 368.8 369.1 368.7 369.5 368.9 364.1 359.2 351.4 342.4 338.8 338.2 336 333.8 332.5 330.9 331.6 336 339.8 345.1 350.3 352.1 352.4 348.2 339.8 330.8 324.6 317.7 309.1 301 283.6 278.1 291.3 288.1 286.4 281.1 275.3 269.7 276.5 280.1 283.8 289.7 296.1 302.4 308.8 315.2 319.5 319.9 318.2 316.1 314.4 312.5 310.5 308.7 305 304.1 303.4 301.6 298.8 295.8 293.7 289.7 284.9 277.6 267.3 259.1 251.5 244.4 234.1 220.2 210.2 202.5 188.8 184.2
377.2 374.7 371.3 367.1 361.8 353.2 352.5 353.9 357.7 359.5 355.2 351.9 347.3 343.2 329.7 332.2 329.7 327.2 323.7 321.6 323.6 328.5 331.2 335.8 342.9 349.5 352.4 350.6 344.2 335.3 326.4 318.4 310.3 303 294.8 270.7 272.6 274.1 278.3 276.3 271.4 265.3 272.2 274.8 278.8 283.3 289.4 297.2 300.8 305.9 309 310.5 311.1 310.2 308.9 308.5 305.8 304.8 302.5 299.5 299.1 297.2 295.2 293.3 293.2 289.4 284.9 282.4 278.2 270.2 259 251.7 245.2 238.9 230.1 219.9 208.7 199.4
367 364.9 363 358.8 351.5 341.1 335.8 335.4 338.5 339 339.2 337.3 337 335.3 327.4 325.5 323.5 318 316.8 315.1 315.8 318.7 322.3 328.6 334.7 341.2 346.9 346.5 343 337 330.3 319.6 311.5 304.3 299.5 289.9 275.7 260.1 264.3 264.6 260 260.2 267.6 272.1 275.6 281.4 287.2 293.3 295.9 299 303.1 304.8 304.7 303.8 302.9 302.3 301.1 299.7 297.7 293.7 293.9 291.9 290.2 288.5 289.1 287.1 283.4 280.4 278.3 276.7 270 263.4 255.6 250.4 245 238.6 227.2 214.3
350.3 352 350 345.6 336.9 329 324.5 323.3 322.9 322.5 322.6 323.5 322.9 321.5 319.5 312 314.5 310.3 309 306.5 307.8 308.7 311.2 318.2 324.5 331.8 337.9 338.8 339.8 337.6 333 320.7 312.9 308.7 304.6 298.5 287.1 277.6 262.1 249.9 248.2 252.5 262.1 267.1 272.8 279.5 284.9 287.1 291 294.8 297.8 297.9 296.4 295.2 295.2 294.3 293 292 292.7 288.1 288.2 286.1 285.1 284 282.2 281.6 279.5 276 268.2 268.9 269.5 270.4 266.9 261 256.5 250.5 241.8 233.1
335.7 336.2 331.2 328.8 323.5 318.2 315.2 316.4 316.1 315.5 313.7 311.6 310.2 307 306.2 297.3 304.6 302.9 300.1 298.6 299.4 298.8 301.6 304.9 312.3 320.6 325.7 331.2 334.6 337.1 336.9 325.3 317.5 312.7 307.9 304.5 295.9 286.3 276.4 261.5 252.1 245.7 250.3 258.3 265.8 271 273.7 277.9 282.3 284.1 287.1 286.7 288.3 287.5 287.5 286.3 285.1 282.3 283.4 279.4 275.5 275.7 277.2 276.1 273.1 272 268.5 261.9 256.7 261.5 261.2 262.2 264.9 268.5 269 262.6 253.4 241.9
321.6 320.1 317.8 315.5 313.3 309 304.4 306 307.4 306.9 305.4 302.5 299.7 298.1 297.4 296.2 294.5 295.7 291.5 290.2 288.9 289.4 291.5 293.3 298.2 304.7 312.8 321.9 329.3 331.2 331.6 326.8 319 314 309.9 306.6 300 292.4 285.8 271.4 259.7 251.4 245.5 243 255.8 259.9 264.7 270 271 270.1 272.8 275.4 278.3 278.9 279.4 279.2 278.3 275.2 273 268.3 261.8 264.7 267.9 265.8 261.5 259.9 255.8 250.3 247.9 251 251.3 253.5 256.8 259.4 262.8 268.2 264.4 253.6
310.8 306.9 304.8 302.7 297.9 293 285.5 282 285.1 289.8 291.5 290 289.1 288.7 289 288.4 280.3 284.4 282.7 280.6 279.2 279.2 278.4 281.1 285.7 291.5 298.8 306.3 314.2 320 322 321.9 318.5 313.9 310.2 307.4 301.7 294.6 287.2 278.5 269.8 260.7 250.2 242.1 242.1 248.3 255.8 261.5 263.3 262.5 263.4 265.3 268 268.6 269.6 270.5 269.3 266.7 262.4 254.5 253.7 253.8 257.4 255.7 251.5 248.6 245.7 242.3 239.9 241.5 241.2 243.3 246.7 250.7 253.3 255.8 260.1 264.2
295.6 294.2 290.8 289.5 290.8 290.8 295 292.5 287.1 280.1 276.1 276.7 276.5 276.6 276.4 277.9 276.7 274.7 267.6 268.6 265.5 265.1 267.2 270.6 273.9 277.3 282.8 289.3 299.3 310.7 315.7 317.4 314.8 311.6 308.6 306.8 303.6 297.2 289.1 281.4 274.8 267.1 255.6 246.7 239.8 234.3 242.2 250.6 253.3 252.8 253.1 253.5 255.4 256.7 258.3 259.3 259.2 257.2 252 243.9 243.2 241.3 243.1 245 240 237.5 236.5 233.1 230.5 232.5 230.9 230.3 233.4 238.1 243.3 247.6 251.6 254.8
303.1 304.9 304.9 303.7 302.8 302.1 301.3 301.2 294.6 286 280.1 277.4 274.3 270.4 268.3 265.9 264.7 264.1 260.7 258.4 257.5 256.1 254 258.7 263.4 265.3 269.5 274.3 282.7 294.3 309.6 314 312.4 310 308 306.3 304.4 299.7 291.3 284.3 279.6 272.4 260.1 250.5 241.8 236.1 231.3 235.6 241.8 244.9 242 242.4 243.3 244.7 245.6 247.2 247.9 244.6 240 232.9 228.8 230.1 229.4 227.5 223.9 222.2 221.9 220.5 221.4 224.2 223.6 222.3 220.2 224.5 231.1 237.7 242.5 247
308.4 309.9 310.1 310.1 309.3 307.8 306.6 306.1 302.9 297.6 295.7 289.3 285.8 282.9 278.5 273.3 269 268.3 273.9 273.6 263.5 256.8 255 252.1 250.3 255.2 263.9 268 273.8 285.2 300.6 309.1 311.6 310.3 308.4 307.1 305.3 301.6 295 288.3 283.2 274.3 267.9 256.8 247.6 240.4 234.3 227.7 228.9 231.3 232.7 235.9 235.5 236.1 235.6 235.4 234.3 231 227.8 224.9 220 222.4 220.7 215.9 213.2 210.5 207.3 208.5 213.1 216 216.5 215.2 213.6 213.5 218.3 225.1 230.9 235.2
313.7 315 315.3 315.5 316 312.9 311.9 310.3 304.8 305.6 303.5 299.9 295.9 289.1 285.8 282.8 278.4 277.3 279.9 282.3 276.3 266.7 260.1 252.8 250.2 248.6 257.6 264 270.8 280.9 293.4 303.3 308.4 310.6 309.3 308.1 305.6 302.7 298.6 291.8 283.6 278.3 273.4 266.5 257.3 248.2 241.5 235.6 229.5 225.9 219.5 224.5 227.3 226.9 224.8 222.7 222.1 219.1 213.9 210.5 208.6 207.8 203.8 202.2 202.9 203.5 201.5 201.6 201.8 207.5 207.7 207.8 206.6 206.1 209.3 212 217.5 222.7
322.7 320.8 321.5 323.9 322.4 318.4 317.5 315.8 312.4 311.6 309.3 306.3 301.7 293.7 290.5 287.7 282.7 282.8 285.7 287.9 285.6 277.6 267.1 257.6 249.9 246.9 249.4 260.3 269 278.9 288.4 296.9 304.7 308.8 309.6 308.7 307.3 304.6 300.1 295.1 288.1 283 275.8 269.4 264.7 254.8 248.2 243.2 238 232.6 230.4 225.5 216.8 216.5 213.1 209.6 209.1 205.5 203.7 202.7 200.3 197.9 196.4 192.3 187.8 187.8 192.8 195.6 195.7 197.5 198.5 199 199.9 200.1 199.1 200.8 204.3 209.7
337.9 334.8 330.6 331.9 327.3 325 322.7 319.8 318.2 317.1 314.9 311.7 304 298.3 295.3 292.6 288.8 288.4 291.1 291.5 285.1 278.2 270.4 261.5 252 245.8 244.4 251.5 262 272.1 280.6 288 298.4 306.3 309.4 309.2 309.5 307.2 303.1 299 292.3 285 278.9 273.3 268.3 260.6 254.8 250 244.7 239.4 236.5 233.5 230.5 229.5 227.9 225.2 224.5 222.8 220 218 215.4 210.7 205.7 202.5 200 194 184.5 181.4 180 183 189.5 192.2 192.3 192.3 190.3 190.3 192.6 198.2
349.7 345 341.6 338.2 333.1 330.6 327.7 327.2 324.3 322.7 320.5 316.8 311.6 304.1 301.3 297.6 294 288.3 287.6 285.1 279.2 270.8 264 257.4 251 245.5 242.9 245.4 250.9 262.3 270.8 278.9 293.8 301.4 306.8 309.5 311.7 311 307.8 302.2 299.7 292.2 284.3 278.1 272.6 269 264.7 258.5 252.2 247.3 243.8 240 237.2 234.5 232.9 231.1 230.1 228.7 225.7 222.1 219 213.5 207.7 204.1 200.3 197.7 194.3 192.2 184.2 177.3 174.7 179.2 185.7 183.3 179.7 179.7 181.3 185.6
356 350.5 346.8 343.2 341.8 338.7 335.1 333.2 330 328 325.6 321.8 317.3 311.2 307.3 303.7 301.1 292.1 281.9 274.8 268.3 263.9 258.8 253.4 247.7 244.7 241.6 242.4 244.1 254.1 263 269.9 282.2 294.6 303.5 309 312.6 315.3 312.8 307 305.7 300 292 284.3 276.8 273.6 270 268.2 263.9 258.9 255.4 253.3 248.2 241.2 237.3 235.8 234.6 233.4 228.7 223.8 220.1 216.3 212.9 207.6 202.1 196.5 194.4 192.3 190.1 188.9 178.4 171.5 170.9 168.5 166.1 166.6 166.2 167.9
361 354.2 350.8 348 347.2 346.9 343.3 340.1 336.5 333.5 331.2 327.1 323.6 318.9 315.5 313.2 314.1 310.1 294.3 283.4 277.6 273.1 263.6 256.4 251.7 247.7 243.5 239 239 243.7 253.7 262.7 269.2 286.4 297 306.2 310.8 315.3 316.8 313.7 311.8 307.1 300.2 293.7 282.6 276.9 272.9 269 265.8 262 258.4 253.9 249.5 243.4 241.1 239.7 237.8 236.1 234.7 226.3 222 220.1 218.9 213.3 206.5 198.3 194.2 192.2 189.5 188.4 178.2 170.1 168.3 166.9 165.9 164.8 164 167
365.8 361.2 356.6 353.8 352 352.7 348.2 346.3 343.8 340.6 339.2 334.6 329.7 327.1 325.6 325 326.4 324.7 311.8 295.2 286.8 279.6 272.1 263.4 257.7 252.2 245.8 241.9 238.2 237.3 243.5 253.1 260.1 275 288.5 297.2 306.3 310.1 316 317.8 316.3 313.1 308.4 303.7 298.1 283.5 275.3 269.3 265 261.4 257.1 252.5 247.9 242.7 241.1 240.5 239.2 237.4 233.7 227.2 223 220 218 212.6 207.9 200.5 195 190.8 175.7 169.9 171.4 168.4 170.5 176.9 180.5 182.3 182.2 181
372.1 367.5 362.6 358.9 356.5 354.9 351.4 351.9 350.9 348.4 347.4 342 338 335.8 333.8 332.3 335.2 335.2 325.1 308.2 296.4 285.9 277 269.5 263.9 258.2 250.7 244.4 239.5 235.1 234.5 243 250.3 258.9 273.9 287.5 294.8 305.7 313.1 318.1 320 319.4 316.3 311.9 305.7 294.1 280.4 269.6 264.1 260.4 255.9 251.3 245.8 243 241.5 241.8 236.5 234.6 230.6 223.6 220 216.9 212.9 207.6 202.7 197.4 190.2 176.5 172.6 177.5 180.5 187.9 187.8 188.4 187.7 186.5 183.5 181.6
