example_terrain50/SO15.asc
ncols 200
nrows 200
xllcorner 310000
yllcorner 250000
cellsize 50
[rows 105 to 139 of 200, columns 0 to 77 of 200]
252.5 246.8 240.6 239.4 239.8 238.4 239.8 243.9 247.4 249 250.1 250.9 254.3 254 249.8 243.3 235.3 230.8 227.6 227.6 229.2 227.6 224.3 221.4 216.4 209.8 207 204.6 203 201.3 201.4 201.6 203.6 206.2 209.6 212.1 215.2 218.6 223.8 229.8 237.1 242.8 246.6 248.8 250.4 264.2 281.2 289 293 297.8 302.7 308.3 313.8 319.3 325.8 330.5 334.9 342.3 351.4 361 371.3 375.9 379.6 384.4 387.6 388.4 392.6 399.3 403.9 409 414.7 419.3 422.4 426.7 433 443.9 452.4 457.6
252.3 249.1 242.5 238.7 236.5 231.3 230.8 232.9 237.8 241.1 241.5 243.4 244.1 242.6 240.7 234.6 229.1 226.5 225.3 226.3 228 226.9 224.4 221.1 216.3 210.6 207.2 201.9 200.6 200.8 201.2 201.9 203.4 206 209.6 211.7 215.5 218.7 222.5 227.3 232.9 240.9 240.5 244.8 252.8 266.8 286 293.9 303.1 307.9 309.1 312.4 317.6 324 330.7 335.3 340.7 348.3 357.7 367.4 376.3 380.6 384 388.1 391.4 393 399.1 404.2 408.7 413.6 419.1 421.5 424.9 429 436.5 446.8 453.3 457.6
249.6 248.2 243 239.9 237 232.4 230.8 230.3 229.4 232.4 234.6 236.5 235.5 233.8 231.6 228.8 224.5 222.4 222.5 222.8 224 224.4 222.5 219.6 214.6 211 207.7 200.2 198.9 201.1 201.5 201.8 202.6 205.6 208.4 210.9 215.5 219.8 222.7 226.7 230.9 237.2 238.8 244.3 252.4 264.9 284.1 296.3 306.7 312 313.6 316.4 320.9 328.1 332.1 336.4 341.5 352.3 362.1 371.4 380.7 386.4 388.9 392.4 395.9 399.6 403.7 408.1 412 416.6 420.9 421.1 422.6 429.1 437.7 446.8 451.8 454
248.2 249.1 247 243.8 241.1 238.9 232.9 229.1 223.5 225.3 229.7 229.2 228.6 225.7 222.6 223.3 221.2 219.3 220 220.4 220.9 221.4 220 216 211 209.2 205.7 200.7 198.9 201.1 201.3 201.7 202.2 204.8 207.3 209.4 213.2 220.8 221.4 225.6 231.2 232.5 239.3 244.1 251.5 262.9 278 292.5 305.6 312.8 315.4 316.6 321 327.5 331.3 337 344.3 354 364.1 374.2 383.2 390.3 391.8 394.6 397.8 400.8 403.4 407.9 411.4 413.8 415.5 414.8 418.3 427.3 435.2 441.5 444.6 445.2
250.4 251 249.5 248.8 246.8 240.6 237.1 231.3 225.2 219 223.1 223.1 222 218.9 215.9 216.7 218.2 215.3 216 217.5 219.4 220.9 216.9 211.4 209.7 208.5 203.5 200.2 198.9 198.9 200.2 201.1 201.7 203.4 206.2 209.3 212 216.9 219.4 223.2 226.4 229.7 237.5 242.8 249.8 258.6 273.6 286.1 300.5 309 312.2 313.5 316.4 321.1 326.7 332.8 343.3 353.6 363.9 374.3 383.1 388.9 391.1 393 394.7 394.8 398.7 401.4 400.1 400.3 400.7 405.8 409.5 419.7 429.7 434.3 436.6 437.4
250.1 251 252.7 253.3 250 245.4 241 233 226 219 219 218 216.6 214.5 211.6 210.6 211.4 209.8 211.8 213.2 213.4 215.1 211.4 209.9 211.1 208.9 205 200.8 199.8 198.9 198.9 199.1 200.5 202.5 205.4 208.6 210.8 214.1 217.5 220.7 223.5 227.1 233.1 241.2 246.6 255 270 281.1 294.6 302.3 307.4 308.2 310.4 314.4 319.8 329 340.1 350.2 360.9 371.2 377.7 381.2 384.1 387.5 387 384.7 384.3 385.5 383.5 385.4 389 395.9 401.8 410.5 418.6 424.9 429.2 432.4
248.2 251 253.9 256.1 251.2 246.6 240.6 233.4 224.4 220.9 219.8 212.4 211 211.1 209 208.9 209.3 208.8 209.7 209.5 209.7 209.6 208.2 209.7 209.2 207.8 207.4 201.9 198.8 198.8 198.8 199.1 200.2 201.9 204.4 207.1 208.6 210.8 213.9 218.4 221.1 225.3 230.5 238.2 242.5 246.2 256.2 271 282.5 294.2 300.5 301.7 305.1 310.6 315.1 324.1 332.9 343.7 353 360.9 368.2 371.2 374.1 377.7 377.1 374.8 373.1 373.4 372.3 376.4 379.9 387.7 396.4 402.5 409.4 414.9 422.5 429.1
244.2 249.1 250.5 253.5 249.8 244.4 237.8 231 223.2 221.1 218 211.3 208.9 208.6 208.4 208.9 209.1 208.2 208.8 206.6 206.4 204.9 203.2 203.9 204.3 204.4 204.1 200.6 198.8 198.6 198.6 199.5 199.7 201.3 203.3 204.7 206.1 208.4 209.9 217 220.8 224.9 227.9 231.8 235.1 237.5 245.4 257.5 271.7 284.5 290.5 293.1 297.8 303.2 309.6 316.9 325.3 335.8 342.8 350.1 356.5 359.2 361.1 362.5 365.3 363.8 360.3 360 361.1 365.7 372.8 381.4 387.9 393.7 399.7 408.5 422.7 430.7
242 247.4 251 249.5 245.5 239.9 232 226 222 220.2 216.4 211.5 208.7 208 208.3 208.8 208.5 207.7 207.3 205 203.5 202 199.5 199.7 199.8 200.6 201 201.1 198.8 198.6 198.7 198.9 198.9 201.1 201.1 202.2 203.5 206.1 208.7 214.9 221.1 224.1 225.9 225.8 224.7 229.2 236.3 249.3 260.9 271.8 279 283.8 288.8 298.8 304.2 308.4 318.3 327.9 336.2 342.6 346.4 349 351.3 352.5 351.7 350.4 349.9 350.9 349.5 353.4 363.2 370.1 373.7 384 401.1 412.2 422.5 432
238.8 242.3 248 244.2 239.2 233.2 226.1 220.2 215.6 213.9 210.3 209.3 208.8 207.9 208.3 208.7 207.9 207.1 205.9 203.5 202.1 201.1 201 199.3 198.9 199.6 201.1 199.4 199.3 199 198.8 199.5 199.2 201.1 201.1 199.8 201.3 204 207.6 213 219.9 222.2 223.1 220.8 219.3 222.9 232.9 244.5 254.5 262.1 268.2 275.5 281.7 291.4 296.2 302.6 310.3 322.2 330.4 336.6 338.7 339.6 341.3 340.8 337.1 337.7 338.9 334.8 337.1 346 358.2 372.8 387 399.8 407.7 416.9 426.4 434.7
233.9 237.8 241.8 238.5 232.6 226 220.4 214.9 210.7 209.3 208.9 208.6 208 208.6 209.6 209.1 208.9 208.4 206.8 204.3 202.1 201 200.6 200.1 199.4 199.3 199 199.3 199.1 199 198.9 198.9 200.7 200.7 201.1 198.9 198.9 200.7 204.5 208.8 213.5 217.3 219.1 217 214.3 218.3 230.8 239 247.1 255.9 264.4 271 276.4 284.4 286.2 292.2 306.1 318.1 325.8 330.5 331.7 332.1 330.4 327.5 325.3 323 320.4 330.9 340.9 353.7 368.7 385.1 397.2 406.3 413.7 422.7 431.9 438.6
229.5 232.8 234.5 232.6 226.8 220.1 215.1 210.7 209 208.4 208.4 208.7 209.3 213.3 215.6 215.5 214.6 212.3 208.5 205.7 203.3 202.1 201 200.7 200.3 198.9 199.4 199.1 199 198.9 199 198.9 199.2 199.2 198.6 198.9 199 199.1 200.4 204 207.3 210.2 211.9 209.3 209.3 216.1 226.3 232.7 239 252.9 260.4 265.3 269.9 275.7 275.7 285.7 304.1 314.5 322.3 324.2 324.2 325.5 323.6 318 310.5 316.4 327.2 339.1 352.4 363.4 374.9 390.8 402.5 410.2 419.1 429.8 438 444.9
224.8 226.3 226.6 223.7 220.2 216.7 212 208.4 208.5 208.4 210.3 216.1 218.7 220.5 222.3 222 222.1 219.5 212.9 208.7 206.7 206.4 205.2 205.5 204.7 203.7 203.5 200 199 199.1 199 198.5 198.6 198.6 198 198.8 198.9 198.4 198.1 201.3 202.3 205 206.5 207.5 208.7 215.2 222.5 229.5 240.4 249.6 255.3 260.1 266.3 271 270.2 286.9 301.4 311.3 319.5 319.2 319.2 319.5 317.1 309.1 300.3 318.8 332.7 345.7 357.4 367.6 380.3 396.7 407.4 415.8 424.8 435.7 444 450.8
219 219.7 219.9 216 213.1 211.3 209.2 206.6 207.2 210.4 215.4 220.7 225.5 228 228.4 229.3 228.6 226.1 219.4 213.6 209.5 209.5 209.5 210.3 209.2 209.8 210 205.1 201.1 198.9 198 197.9 197.9 197.7 197.1 197.5 198 198 198 198.4 198.9 200.6 202.4 203.7 207.2 213.2 220 227.3 235.5 243.8 251.9 259.1 264.3 265.3 272.2 287.4 301.1 308.3 313.4 313.9 314.1 313.9 308.4 299.6 306.9 321.8 334.6 344.8 357.9 370.5 386.4 402.1 413.2 422.1 431.7 441 448.7 454.8
210.6 212.1 212.3 210.8 209.2 208.8 208.1 206.7 208.2 211.6 218.8 224.4 229.9 233.8 237.2 239.6 234 230.4 223.1 218.8 213.2 209 211.1 210.9 210.2 210.3 210.9 209.6 205.1 199.9 198.4 197.8 197.8 196.1 196.1 196.1 196.4 196.8 197.2 197.3 198.2 199 199.1 201.8 206.1 212.2 217.9 224.6 232 240.3 249.2 256.6 260.1 259.1 267 279.3 295.4 305 308.2 306.3 308.9 307.9 302.3 288.8 303.6 321.2 333.3 344.1 360.1 373.7 390.2 405.8 417.6 429.2 439.5 446.1 453 458.8
209.3 208.9 209 208.3 208.3 208.7 207.7 208 210.9 215.1 220.8 226.9 232.5 237.3 240.3 240.3 234.7 228.1 223.9 219.3 212.2 209.3 209 210.1 210.7 211.4 211.8 210.5 207.8 202.8 199.5 198.7 197.2 196 196 196 196.1 196.4 196.9 196.8 195.9 196.3 196.6 198.7 203.5 209.9 215.3 222 230.3 238.4 244.9 252.8 256.1 253.3 264.8 278.6 290.6 300.7 302.8 299.7 301.6 300.1 295.9 282 300.1 317.2 331.4 343.8 362.4 378.3 395.5 409.2 421.6 433.6 443.5 449.4 455.3 462.9
212.5 210.5 209.3 208.6 208.4 208.2 208.1 209 214.4 219.1 224.3 228.9 236.9 239.1 236.8 233.7 228.2 221.9 219.8 216.6 211.9 209.1 209.5 210.3 212 213.8 214.8 213.2 212 208.9 205.5 202.4 199.3 197.1 196 196 196.4 196.7 196.5 195.8 195.1 195.1 195.1 196.4 200 206 211.7 219.1 227.7 235.6 240.9 250.1 250.1 248.7 261.3 274.2 286.1 296.2 300.5 294.6 291.8 291.2 287 280.8 297.1 315.8 328.7 343.8 363.9 381.2 398.8 412 425.4 436.4 445.2 450.8 457 463.7
218.9 217.7 213.2 212.4 211.9 210.4 209.7 210.7 217.4 221.7 227.1 233.3 240 238.9 234 230.4 224.8 219 218.5 217.6 214.4 212.5 211.5 213.4 215.2 217 219.5 219.8 217.6 214.4 211.2 208.2 203.3 198.9 196.4 196.7 195.1 195.8 196 195 195 195.1 195.1 195.2 198.4 203.6 210.7 218.5 224.7 233.8 239.3 242.8 243 240.7 258.8 271.3 283 290.9 294.1 288.1 284.1 282.9 278.2 279.1 294.8 314.2 325.6 344.9 364.9 382.2 400.3 415.4 428.2 438.3 446.4 449.8 454.6 463.2
223.5 222.8 221.5 220.2 218.8 218.2 218.5 219.7 220.9 224.3 229.8 231.3 235.5 234.7 232.2 228.9 221.6 219.5 219.7 219.1 219.2 217.5 216.3 216.7 219 221.3 224.3 225.2 223.6 219.8 216.7 214.4 209.7 204.2 200.5 197.1 195.3 195.3 195.4 194.6 194.8 195 195.2 196.3 197 201.8 208.4 221.8 230.6 232.2 235.2 235 232.1 241.2 256.7 268.8 279.6 287.3 289.8 283.7 278.9 277.4 270.1 276.3 295.3 311.2 322.4 343.4 365 382.8 401.9 417.1 428.9 437.7 442 445.5 452.9 462
229.8 230.1 229 227.5 224.8 224.9 225 225.3 225.6 227.3 229 230.7 229.6 230.5 229.9 225.7 219.5 219.1 222.2 224.9 225.3 222.2 219.6 220.9 222.1 226.9 229.7 231.1 229.6 225.9 222.7 221.3 217.8 211.6 205.7 198.1 195.1 194.8 194.7 194.5 194.6 194.8 194.7 194.8 196.1 201.1 207.1 216.7 228 231.5 230.5 228.7 228.3 241.4 256.4 268.3 279.5 283.8 283.6 280 272.4 272 269.5 276 290.4 305.8 319.6 343.7 364 382.3 399.3 414.1 425.9 434.5 437.7 442.6 453.2 462.5
235.9 235.8 235.4 233.9 231.5 230.7 231.2 229.3 228.4 228.3 228.6 228.9 228.7 228.7 221.9 219.9 219.5 223.4 227.7 231.3 231.2 228.9 226.8 226.2 230.2 234.3 236.5 237.5 234.7 232.5 230.7 227.5 225.5 220.9 216.2 204.9 196.1 194.3 194.1 194.3 194.5 194.5 194.3 194.1 194.8 198.5 204.3 212.5 222.8 229.5 227.1 221.3 225.9 243 257.2 268.6 279.3 282.6 281.9 279.1 271.8 264.7 263 276.3 286.8 300.1 315.9 342.2 361.5 379.9 395.8 410.2 423.4 430.7 433.5 441.9 453 461.8
240.1 240.7 239.8 239.9 234.7 231 230.2 228.9 228.9 228.8 229 228.7 228.6 228.9 226.1 224.3 224.9 230.2 233 236 234.9 231.9 232.6 232.2 236.3 241.2 245.4 245.2 242.1 240.3 244.1 242.4 235.7 231.4 226.6 212.5 199.7 194.6 193.9 194.1 194.3 194.1 193.9 193.8 194 197.2 202.5 210.2 216.8 221.9 220.6 218.8 223.3 243.7 257.1 269.7 278.8 282.6 281.9 278.1 271.4 259.4 266.6 275.5 282.7 294.9 310.5 335.3 357.2 375.7 391.2 405.6 417.3 423.7 429.1 439.1 450.5 459.9
242.5 247 244 239.7 235.1 230.5 229.2 228.7 228.5 228.4 229.2 230 231.9 233.8 234.1 231.8 231.6 236.2 237.9 240.9 237.2 235.7 239.2 240.5 247 251.3 257 257 257.2 262.9 264.8 255.8 243.7 244.3 231.2 209.3 200 194.2 193.9 193.9 193.9 193.8 193.6 193.4 193.3 196.1 199.8 206.3 212.7 216.9 216.2 217.9 227.3 245.5 257.2 269.5 277.9 281.1 280.9 277.5 271.7 262.7 260.2 272.4 277.6 286.2 304.1 329 351.8 369.1 385 397.5 407.7 416.2 425.5 436.5 447.7 457.5
240.5 243.5 240.9 239.3 234.9 231.1 228.8 228.4 228.4 228.6 231.3 234.8 238.3 240.6 241.1 237.4 237.2 241.6 244.2 244.4 246.4 251.9 259.1 258.8 266.5 273.6 275.9 278.5 279.1 279.5 273.5 259.9 253.9 248 229.9 213.9 203.7 197.1 194.5 194.2 193.4 193.3 193.4 193.3 193.2 195.2 198.4 203.2 209 210.3 210.8 218 232.5 246.8 257.8 267.9 275 278.7 279.4 277.2 272.9 263.9 251.4 265.6 268.4 279 294.5 320.4 342.9 361 376.2 388.6 399.1 409 422.1 433.1 444.8 455.5
238.8 239.9 239.2 239.1 234.1 230.6 229.1 229 229.6 230 234.7 239.1 242.4 247 247.9 244.3 243.2 246.6 252 257.1 267.4 276.9 287.3 288.3 280.7 297.3 297.1 300.2 294 287.1 275.6 268.4 268.3 249.7 235 223.7 209.6 200.6 196.1 196.4 194.7 193.2 193.3 193.3 193 195.6 199 202.3 206.9 209.2 210.8 222.7 233.4 245.8 257.4 265.4 271.7 274.9 276.1 274.6 270.6 260.6 248.8 258.4 262.9 272.6 287.9 312.7 332.8 352 365.3 380.1 394 406 418 429.9 441.7 452.3
239.2 239.6 237.9 235.5 231.7 230.7 229.1 229.3 231.7 235 239.3 243.5 246.2 250.2 252 248.8 251.2 256.9 269.2 282.2 295.1 307.9 310.8 306.6 294.3 303.7 308.8 306.2 298.7 289.8 282.5 281.2 270.7 249.5 235.6 223.5 212.1 204.5 200.8 200 197.9 195.1 192.5 192.2 192.4 195 198.7 201.9 205 208.5 212.8 222.2 232.9 244 255.4 263.4 268.8 270.9 271.8 272.1 271.3 259.5 249.3 252.4 256.5 266.9 280.5 305.1 321.9 337.2 358.1 375.2 387.7 400.4 414.3 426.4 437.1 449.4
239.1 237.8 235.4 233 232 231.1 230.7 232.9 236.4 242.1 247.1 250.1 251.7 253.6 252.1 255.8 264.4 279.2 295.8 313.8 321 321.7 316.7 309.2 301.5 307.7 309 303.9 299.7 293.9 288.5 279.5 267.7 249.7 235 226 216.6 208.8 205.6 204 201.6 197.6 194.5 192.3 192.1 194.7 197.9 201 201.5 206.7 213.1 221.5 232.3 244.4 254.5 260.2 265.3 267.5 270.4 271.2 271.2 263.3 249.5 244.2 252.8 264.6 277.7 297.6 312.1 330.8 348.2 366.7 381.2 393.8 407.6 420.3 431.5 444.3
237.3 235.2 234.3 233.7 232.4 231.9 234.5 237 243.3 248.3 253.7 258.1 256.8 258.9 262.2 272.9 286.9 305.1 325 334.4 331.9 325.4 318 309.1 310.4 312.2 309.1 301.6 296.8 292.5 287.9 277.4 262.9 247.4 234.3 226.1 221.6 217.1 211.5 208.4 205.4 201.2 197.5 194.4 193.7 195 197.6 199.3 198.9 204.9 212.3 222.6 232.9 244.1 252.2 258.4 262.4 264 266 268.8 267.6 259.5 250.8 238.7 249.4 261.4 273.9 289.7 306.2 323.7 340.2 356.9 372.5 384.8 400.7 414.8 428.1 440.6
237.4 236.5 235.4 234.4 233.2 233.3 237.4 243 251.4 259 261.8 263.7 264 270.7 281.5 297.2 315.4 334.6 344.1 340.5 334.1 327.9 320.2 313.6 311.5 310.6 308.4 300.5 292.5 287.5 283.1 276.4 259.3 247.2 237.4 231.4 228.9 225.2 218.7 213.8 211.4 209.3 203.4 197.7 196.5 197.3 196.7 195.5 198.3 203.7 212.6 222.8 233.1 242.1 250.2 255 257.6 259 262.3 264 262.4 254.4 247.9 239.4 245.6 256.9 267.6 281 299.7 312.3 325 338.6 354.6 370 395.2 410.9 425.3 438.5
239.3 238.4 237.4 236.2 235.9 237 241 246.4 256.3 266.6 271.1 271.6 278.9 288.5 304.9 326.2 345.4 348.9 347.1 342.6 334.3 328.6 325.2 318.4 312.4 307.4 303.8 296.2 289.5 283.6 277.7 272.6 261.9 252.9 248.6 241.1 234.4 227.9 223.9 218.2 217.5 214.7 209.7 203.4 199.3 196.8 193.6 191.9 193.1 200.8 213.6 224.1 231.3 238.8 245.8 249.7 252.8 254.8 259.3 261.3 259.2 250.3 242.2 238.5 244.6 254.7 263 274 289.4 299.3 307.6 325.6 350 372.2 391 405.9 421.6 436
240.5 240.4 240 240.1 240.2 242.4 247.2 253.6 264.3 274.1 280.5 284.6 300.2 316.7 333.2 344.6 352.7 352.3 349.4 340.7 338.8 339.9 336.8 329.8 313.3 304.8 299.8 292.3 286.5 279.6 273.7 269.1 262.8 258.5 255.2 247.5 240.3 234.5 231 224.9 221.3 217.8 211.5 206 201.8 199.3 194.8 191.5 188.7 197.6 213.6 223.1 228.6 235.1 237.1 240.2 245.1 250.5 256.3 258.8 253.8 243.8 233.3 232.2 244.2 252.9 262 270.1 278.8 293.1 309.6 326.2 343.8 366.1 384.4 399.8 415.7 432.5
242.4 244 245.2 244.5 244.3 247.2 255.3 271.1 283.3 291.4 302.5 315.9 332.2 346.7 353 354.9 353.5 351.2 349.6 347 350.2 350 345 334.4 318.6 308.2 300.4 291.7 285 278.1 270.1 266.2 262.6 261.5 259.2 252.9 246 239.1 233.1 228.8 222.8 217.1 210.8 206.4 201.9 201.2 197.2 191.3 188.7 193.6 209 216.4 222 225.4 228.6 232.8 237.4 246 252.8 254.5 249 234.7 229.5 237.1 245.2 252.6 258.5 264.6 275 289 304.9 320.5 338 356.1 376.9 393.4 408.8 425.2
245.6 248 250.2 249.9 251.3 254.9 271.9 287.4 303.2 320 331.7 344.8 356.4 361.2 359.3 358.4 356 353.4 356.4 360.3 361.5 358.5 350.1 340.7 329.7 314.7 299.2 287.8 280.5 273.4 267.1 259.4 258.3 258.4 256 251.1 245 237.5 230.2 223.4 218.4 209.9 208.7 204.2 200.9 201.1 198.1 190.1 188.8 188.6 199.7 207.8 211.4 215.9 221.9 226.5 231.8 239.5 251 251 242.7 230 229.7 238.4 244.7 249.4 254.4 260.7 270.3 284.1 301.5 318.1 334.2 350.1 368.9 385.8 401.1 416
251.4 249.1 256.8 258.8 258.3 267.3 285.6 306.2 329.1 348 358.5 361.7 364.7 366.2 364.6 361.8 358.9 362.8 369.5 370.2 366.6 362 356 348.1 336.4 320.9 303.4 286.9 276.7 269.1 262.3 255 249.4 247.3 245.9 243.3 237.8 230.1 219.7 218.7 215.5 212 208.1 203.8 199.5 198.5 198.6 194.9 189 187.9 194.8 204.4 208.2 210.7 216.1 221.3 227.3 235 243.4 247 240 225.4 231.1 238.7 243.2 245 250.8 255.7 265.6 279.8 295.8 314.7 332.1 345.8 360.7 375.9 391.8 405.7
259 255.9 263.1 269.8 272.3 285.9 306.7 329.5 351.1 363.1 368.4 370.5 370.1 368.9 367.3 366.3 371.4 377 376.9 375.3 370.2 366.1 360.7 353.5 343.9 327.8 307.1 284.9 273 265.3 258.5 252.2 247 239.6 239.8 236.2 230.1 232.3 230.6 225.5 223.5 220.4 211.6 207 203.4 200.8 200.6 199.9 190.7 188.3 189.3 198 202.8 207.9 213.1 219.2 224.9 230.3 238.4 239.1 233.3 221.6 227.3 234.2 238.4 239.6 247.4 254.1 263.9 276.7 288.3 303.7 320 333 347.6 363.7 379.7 396.2
