example_terrain50/SO32.asc
ncols 200
nrows 200
xllcorner 330000
yllcorner 220000
cellsize 50
[rows 105 to 139 of 200, columns 0 to 78 of 200]
501.2 509.1 511.6 508.6 502.6 492 474.1 445.7 419.4 391.8 363.6 342.3 321.4 320.2 337.9 349.5 359.6 369.7 383.1 395.8 407.2 415.9 423.5 431.1 441.6 451.8 463.1 469.3 469.3 460.6 438.3 405.7 371.9 340.3 314.3 294.1 279.3 266.6 254.1 245.4 237.1 230.9 223.4 213.4 204.3 194.5 185.8 177.2 171.1 164.5 157.8 151.6 147 141.5 136.8 133.9 128.9 125.6 121.7 117.9 115.1 110.5 107.9 104.7 107.4 107.5 107.8 113.8 120 124.4 129.2 136.4 143 147.5 153.2 155.8 157.3 157.5 155.9
498.1 504.8 506.8 504.2 499.2 488.7 467.9 437 409.3 381.6 352.5 328.8 310.6 315.3 325.3 334.7 345.7 354.9 363 377.9 390.7 404.4 415.2 423.6 432.5 442.5 452 463.4 466.6 460.6 439.4 406.8 372.6 341.1 311.7 296.2 278.6 265.2 254.1 244 236.4 231.1 223.2 212.5 201.4 192.9 184.8 178.8 173.2 166.7 159.2 152.7 147.6 141.8 137.3 132.3 128.4 124.2 119.8 117.7 115.4 109.7 107.7 103.9 107.2 106.5 108 115.3 121.4 126.6 131.8 138.4 144.4 148.8 153.8 156.4 157.6 157.2 155.4
494.9 500.2 500.7 497.8 495.2 484.9 462.4 430.7 400 371.5 344 321.8 301.8 305.4 312.7 317.8 324 334.2 344.7 357.3 371.5 386.9 400.6 414.5 426 436.1 446.8 455.4 463.4 460.5 441 410.7 377.7 342.8 313.4 296.4 279.8 265.7 253 243.5 237 230.7 221.6 210.7 200.5 191.6 184.6 178.7 173.5 167 160.7 153.5 146.4 141.2 135 130.3 126.3 123.2 118.5 116.9 114.5 109.2 107 103.9 107.7 107.4 109.2 116.6 120.8 126.9 133.7 138.9 144.7 150 154.3 156.9 156.9 156.5 154.2
489.4 492.9 495.3 493 489.6 482 461.5 430.7 397.7 367.3 338.7 317.2 299.8 293.3 298.2 305.3 309.9 315.8 322.9 334.3 349 365 385.7 403.9 418.1 429.8 440.7 449.4 459.6 460.7 443 414.2 382.4 349 317.7 295.9 279.2 265.9 254.3 244.1 235.6 229 222.3 211.2 202.3 190.8 184.1 178.1 172.8 170.2 160.9 152.3 145 139.7 132.2 128.1 125 121.9 118.8 116.3 113.3 109.6 107.6 105.5 107.6 107.6 108.2 114.8 120.9 126.7 133.4 139.6 144.4 149.8 154.8 156.7 156.2 155.7 152.7
483.9 487.6 489.5 488.8 485.2 478.2 456.4 429.7 398.9 366.6 336.4 311.8 295.1 281.4 285.6 289.1 292.6 301.5 306.5 318.9 332.2 351.5 372.7 393.6 412.9 425.6 437.4 448.1 458.8 463.9 447.1 416.4 384.2 348.5 320.7 296.6 280.3 267.5 255.2 244.7 235.6 227.5 221.7 213.2 203 190.9 183.6 177.6 173.6 170.5 159.7 151.1 144.3 138.8 131 125.9 122.9 120 116.5 114.5 111.6 109.1 108 104.8 106.9 107.1 107.8 114.5 120.1 125.9 132.1 139.5 144.7 149.8 155.4 155.7 155.5 153.4 149.8
479.3 482.3 484.1 482.9 479.1 470.1 445.8 422.7 393.1 360.4 332.3 308.8 291 277.8 274.7 277 280.1 287.7 295.1 305.1 320.8 337.8 359.5 383.1 403.5 420.5 434.8 447 458.7 464.3 448 422 389.5 353.1 320.7 299.1 283 270.2 257.2 244.1 233.9 226.4 221.3 211 203.6 195.3 184.8 178 172.3 168.8 158.4 150.2 144.1 138.9 129.3 126.5 122.8 119.8 116.9 114.3 111.1 109.8 108.2 104.4 107.4 106.8 107 113.9 120.8 126.2 133.1 141 147.5 152.2 155.3 155.7 154.6 152 148
472.9 474.3 476.6 475.8 472.7 455.1 432.4 408.6 380.1 351.3 324 304.8 288.5 276.2 269.3 268.8 271.8 276.5 283.4 296.2 308.8 328.5 349.7 372.2 395.7 415.9 432.6 445.8 456.4 465.2 452.5 425.8 395 359 320.2 301.2 285.7 269.6 259.1 245 234.7 227.4 219.9 214.1 205.5 194.3 185.4 178.4 171.8 165.9 158.4 151.2 143.8 138.2 134.3 129.5 124 120.8 118.5 115.7 111.8 109.3 107 106.5 106.3 106.2 107.4 114.9 120.9 126.1 133.9 143.7 149.5 152.2 154.3 155.2 152.9 149.4 144.7
466 467.7 468.8 469.3 458.8 437.2 416.4 389.8 362 336.2 315.5 298.4 283.8 273.2 267.5 258.9 263.4 267.8 272.9 284 300 317.9 341.4 364.8 388.5 410.8 429.5 444.8 456.1 465.7 456.5 429.9 398 365.3 323.5 304.4 288.6 273.5 260.4 245.7 237.4 229.9 221.9 213.7 205.4 195.6 187.1 178.7 171.7 166 159.8 152.7 146.6 142.7 137.8 130.4 124.4 121.7 119.1 116.3 112.8 108.9 107.3 107.2 103.7 105.8 107.5 116.3 121.7 126.9 134 144.2 149.8 152.2 153.2 153.3 150.1 146.5 142
463.4 464.7 463.9 457.1 440.7 418.5 396.1 370.1 343.6 319.6 305.5 291.4 278.8 269.5 264.9 256.6 250.7 256.8 264.7 275.3 288.9 308.3 332.8 356.8 381.5 409.4 427.2 443 455.4 463.8 461 436.4 405 371.2 329.6 305.3 289.2 275.7 260.8 247.1 238.1 231.1 222.5 214.2 205.9 198.5 187.4 177.3 169.8 165 159.1 152.9 147.9 143.5 138.6 130.5 123.8 120.7 117.6 114.4 111 108.1 106.9 106.2 106 104.4 107.8 116.3 123 128.5 135.5 144 150.4 153.1 151.5 150.3 147 145.3 140.2
457.5 457.9 453.9 440.9 420.9 401.6 373.4 349.7 325.4 307.9 294.6 284.3 273.6 265.7 260.2 254.4 243.7 248.4 258.6 269.4 284.6 303.9 326.1 351.8 376.1 405.8 425.8 441.6 455.5 463.5 461.8 441 409.4 374.5 339 305.7 291 278.9 262.7 250.6 241 232 223 215.5 206.7 197.6 186 177.4 170 163 157.4 152.4 147.2 143.2 137.9 130.2 122.8 119 115.5 111.3 108.4 107.4 106.2 104.1 104.6 105 109.9 120.1 125 130.6 137.7 145.3 149.9 152.1 152.3 149 146.6 144.1 139.4
446.8 449.5 440.9 420.7 402.7 380 354.9 329.9 310.1 296 284.2 274.3 267.5 262.2 255.9 249.6 241.4 243 253.7 264.4 279.5 298.5 318.5 343.9 373 401.2 422.8 439.2 452.3 462.9 462.5 443.6 413.8 378 342.1 308.2 295.3 282.4 264.4 247.8 240.9 232.7 224.4 218 208.6 199 187.8 176.7 169.6 163 157.2 150.3 144.6 140.7 134.8 129.6 121.9 116.9 112.8 110 107.8 106.9 106.6 104.8 104.4 106.6 114.8 122 126.7 133.5 141.9 146.8 149.6 150.6 150.4 147.2 145 142.9 139.4
435.7 438.3 421.2 404.7 382.8 358.6 333.5 312.6 297.4 283.5 274.7 266.7 261.9 256.9 251.9 243.8 236.1 238.4 248.9 260.5 276.2 294.3 314.9 340.8 371 398.8 419 436.4 448.8 461.3 463.8 444.7 417.8 382.2 346.4 312.8 296 281.5 264.7 252.9 242.8 235.1 226 218.9 210.6 199.3 188.2 176.6 169.6 163.2 156.2 148.6 141.5 139.1 127.2 123.3 118.4 114.3 112.2 110 108 106.5 103.7 104.2 104.8 110.9 117.6 123.1 128.9 138.1 143.5 146.6 148 147.9 147.1 144.5 141.8 139.9 137.3
416.7 418.1 407.8 389.7 363.2 341 317.2 300.7 283.8 275 267.1 260.6 257.6 250.1 245.2 237.2 231.4 235.8 245.7 259.8 272.3 287.2 309 335.1 366.8 394.1 414.7 434.9 444.4 457.1 460.5 446 420.6 385.2 349 320.3 299.5 281.2 267.7 255.9 244.9 236.7 228.4 221.2 214.1 201.9 189.9 176.8 167.4 161.4 155.9 148.1 140.6 133.3 125.6 120.5 116.4 113.4 111.1 109.3 107.4 105.5 103.1 104.1 107.1 112.2 119.2 125.2 133.1 138.1 142.4 144.7 144.5 143.4 141.9 139.5 137 135.7 132.4
400.6 403.5 395.1 372.3 348.1 323.4 303.3 286.1 276 266.8 259.2 255.3 250.6 243.2 236.7 230.6 226.5 233 243.6 256.5 268.9 286.2 305 331.6 363.7 388.5 413.5 432.5 441.5 453.1 458.9 445.5 421 385.6 352.8 320.9 300.8 283.5 268.8 257.7 247.6 237.8 230 221.6 215.4 204 192.7 176.3 166.8 159.9 154.4 147.5 140.1 132.9 125.9 119.8 115.3 113 110.3 108.6 106.8 105.5 103.8 103 105.4 111.2 119.1 127.4 132.4 136.5 138.5 140.7 139.6 138.1 135.6 133.4 129.1 127.8 124.8
386.7 389.2 380.1 356.4 332.7 308.4 292.3 276.3 265.8 258 252.7 249.1 242.2 236.4 229.4 223.6 222.6 231.8 241 252.7 265.6 281.3 298.8 328.3 360.3 385.8 412.3 430.4 438.5 449.3 455.7 443.3 418.8 386.9 352.2 322.7 299 282.8 269.9 258.7 249.5 242 231.8 222 215.5 204.2 192.5 173.7 165.5 158.9 153 145.7 137.7 132.8 126.5 120.2 114.8 112 110 108.5 106.8 104.6 105.3 104 105.3 110 118.1 124.8 130.5 132.9 133.7 133.5 132.7 130.7 127.4 123.9 121.7 119 118
366.5 368.2 358.3 340.7 316 294.1 280.9 268.6 259 250.6 245.4 242.4 235.9 229.2 222.7 216.3 222.2 231.4 242.1 252.3 267.4 280.7 297.9 323.2 358.7 383.3 408.5 427.9 437.1 444.6 446.6 441.2 419.8 388.8 354 324.8 299.8 286.3 270.6 259.9 250.7 241.5 230.8 221.5 213.2 202.2 190.2 176.4 165.2 157.8 151.3 144.2 136.8 129.3 125.9 119.4 114.6 111.5 109.9 108.4 106.1 104.1 104.6 104.5 104.8 112.2 122.7 126.2 128.8 130.1 130 128.2 126.6 124 118.8 116 115.3 117.2 121.3
343.7 346 336.6 323 301.3 285.8 273.5 260.1 250.5 244.7 238.2 232.6 228 222.8 217.4 214.1 223.7 231.1 240.4 252.4 268.5 281.2 301.8 323.7 354 382 405.1 423.3 432.8 438.1 439.8 437.3 423.4 389.4 354.9 325 301.1 284.2 271.6 260.2 250.3 241.1 230.5 221.9 213.6 203.1 190.2 176.6 165.7 157.1 150.6 144.5 137.2 130.4 123.8 118.3 114.9 112.1 109.9 108.5 103.3 104 104.1 104.7 107.4 114.2 122 126.1 128.5 127.8 124.9 122.9 121.4 118.1 113.6 117.5 123.8 129.5 132
324.4 320.1 313 299.8 288.2 278 265.1 252.5 244.2 238.4 231.9 225.1 220.6 216.4 211.6 212.5 222.4 231.1 241.3 252.7 267.5 283.2 301.6 324.9 353.9 379.3 403.4 421.4 429.6 434.9 435.4 433.3 424.8 391 357.8 327.8 301.2 284.5 271.7 259.7 249.6 239.3 230.8 220.5 212.7 203.5 191.2 177.3 165.8 157.5 149.7 142.8 137.6 128.5 123.3 118.8 115.7 112.8 110.3 108.3 103.9 103.8 103.8 105.1 107.8 113.1 121.5 125.9 127.5 125.9 121.1 118.1 116.1 112 112.7 125.8 135.4 140.3 142
321.7 313.4 303.5 291.2 279.6 268.9 258.4 248.4 238.3 232 225.2 219.2 215.4 210.4 206.1 211.7 221.7 232.7 244.6 256.4 269.8 287 304 326.5 354.3 380.4 400.6 419.4 427.6 433.5 431.2 429.2 420.5 395.9 362.7 328.1 303 282.9 268.5 257.5 249.2 240.3 229.3 221.6 213.8 205.3 195.3 179.5 167.4 158.4 150 144 137.4 129.8 124.9 119.9 116.4 113.6 111.1 107.9 105.4 103.1 102.7 100.2 106 111.2 121.3 124.7 124.8 122.4 116.8 113.8 111.2 108.9 119.9 131.7 139.6 146.2 148.4
317 309.3 299.8 289.7 277.3 268.3 256.1 246.6 235.6 225.6 218.1 212.1 208.3 205.1 203.7 214.5 224.3 237.5 250.9 264.3 275.7 292.1 309.7 337 360.6 384.1 401.6 419.4 430.2 434 429.9 424 415.2 398.5 366.2 330.4 304 283 267.8 256.7 247.2 237.7 229 220.5 213.5 205 195.4 181.7 167 157.8 149.5 143.7 138.6 131.9 126.5 121.2 118 114.2 110.6 107.5 106.1 104.4 103.4 102.7 103.3 111.5 119.9 121.5 121.4 117.4 112 109.3 107.5 116.4 124.4 135 143.9 147.1 148.2
325.5 319.1 300.3 284.5 277.5 269.3 257 243.4 231.7 217.6 212 207.3 202.5 197.7 205.6 213.4 227.9 242.5 256.9 268.3 280.9 295.9 315.9 341.3 369 389.5 403.6 419.6 429 429.7 424.3 419.8 410.1 393.5 364.2 331.8 303 284.3 268.9 257 247.7 239 228 218.7 211.2 203.1 193.3 179.9 165.3 156.4 149.2 143.3 138.2 132 126.7 122.7 118.6 114.5 110.4 108 106.4 104.2 103.4 100.6 104 111.9 118.8 118.7 116.5 110.8 108.2 106.3 112.6 119.8 127.2 137.1 142.3 143.3 143.9
322.7 327.7 298 280.3 276.6 268 256.2 242.4 224.8 213.4 207.4 203 197.2 200.2 209.9 217.8 230 241.4 255.5 272 286.5 306.4 328.2 353.7 377.8 392.2 406.5 420 422.7 421.5 416.6 410.6 404.8 390.8 366.3 335.1 307.9 288.1 270.2 257.3 247.6 238.9 229.2 219.2 210.5 203.4 193.2 179.6 167.9 158.7 149.8 143.7 139.1 133.3 127.9 123.9 121 116.1 111.6 108.3 105.8 104 103.5 103.1 104.3 111.8 117.1 116.9 113.2 107.8 105.6 107.7 116.3 123.8 130.2 135.7 136.7 136.7 136.8
308.2 315.4 291.6 275.8 269.2 261.3 250.4 236.8 216.1 206.4 201.5 196.3 191.4 201.4 209.7 218.5 229.4 242.2 257.9 275.9 298 319.7 346.3 366 383.2 399.2 412.7 417.4 416.3 412.9 409.5 401.2 395.2 386.1 372.7 341.6 314 291.7 272.8 258.4 247 236.9 227 218 211.2 204.5 197 186.4 173.9 163 155.2 148.3 145.4 139.9 134.1 128 123.4 117.7 113.1 109.2 105.6 103.9 103.4 102.5 103.6 109.4 116.6 114.3 110 104.6 104.8 109.2 119.7 126.3 130.7 128.7 128.7 128.3 125.6
281.8 283.3 287.2 266.8 257.6 252.1 245.6 227.5 211.3 200.6 197 191.4 193.1 200.4 209.9 218.8 230.2 243.9 262.7 281.1 306.4 332.8 361.1 378.6 392.2 406.1 412.2 412.2 410.2 406.2 400.9 394.2 387.7 382.3 374.3 354 326.3 298.7 280.3 261.9 248 237.9 227.6 219.5 212.6 205.6 199.4 189.9 179.5 171 162.6 157 152.1 146.8 140.3 132.5 125.2 118.4 113.3 109.1 105.7 103.7 103.2 102.8 103 109.4 113.5 111.3 107.7 103.1 104.5 111.9 121.7 125.4 123.4 121.1 119.2 108.5 108
250.2 254.1 255.1 252.7 251.2 246.1 238.7 221.3 206.3 196.7 189.9 187.2 193.2 200 208.9 221 232.2 249.2 264.6 283.8 311.9 340.6 365.8 381.4 394 403.6 404.7 403.9 403.3 400.2 394.2 387.8 381.2 376.4 370.6 362.8 340.2 315.8 293.1 272.1 252.1 239.9 232.4 224 217.9 208.8 199.3 192.1 183.6 175.9 168.8 164.2 156.7 151.5 142.8 135.9 128.7 121.7 113.7 110.4 107.1 104.1 103.1 101 102.3 105.5 108.1 106.9 104.9 102.7 106.5 114.7 121.3 118.1 114.4 104 99.1 98.1 97.6
243.8 243.9 243.1 241.7 242 235.7 230.9 215.6 202 192.8 186 183.6 194 199.8 208.2 219.7 233.3 247.2 264.7 283.9 313.6 343.8 361.2 377.3 390.5 393.9 396.8 396.7 396.1 393.9 387.5 382.1 375.3 370.2 364.7 360.1 353 328.7 307.2 286.3 263.1 242.8 238.1 229.1 221.3 212.9 201.8 193.8 186.8 178.9 171.6 166.9 160.2 152 144.1 136.5 128.8 122.1 116 112 108.1 104.9 102.6 101.3 100.9 101.5 103.6 104.3 102.5 100.6 104.4 113.2 113.2 112.8 101.1 98.9 99.5 97.5 100.7
235.4 235.6 233.5 231.2 227.2 224 216.4 207.8 195.7 188.5 183.1 183.8 192.7 199 208.2 221.8 235.3 245.5 264.6 286.5 313.7 337.6 358.4 370.3 379.5 383.8 386.6 389 388.2 386.5 379 373.5 367.7 361.4 358.6 355.4 352.8 342.7 320 296.7 263.9 251.8 242.6 233.1 223.2 214.7 204 195.1 187.2 179.7 173.5 167.7 161.9 154.8 146.6 138.8 131.1 123.9 119.1 113.3 109 106.6 104.2 102.6 101.1 101.4 101.6 102.4 101.8 100.5 101.9 109.7 102.5 98.9 100.4 100.4 99.9 100.4 100.7
222.9 222.2 220.8 218.7 215.5 209.9 205.7 198.3 191.7 185.6 179.9 181.5 190.5 197.3 206.5 221 234.5 244.8 263.2 289.7 312.5 335.3 352.9 363.2 370.3 373.8 375.3 379.8 380.2 373.4 369.4 365.7 359.8 354.8 351.7 349.2 348.1 347.5 337.1 309.2 273.1 255.6 248 236.4 226.4 216.8 205.9 196.9 189.4 181.6 173.2 168.3 160.6 155.5 148.9 140.9 132.2 125.6 120.3 114.6 110.1 107.5 105.4 103.9 102.7 102.4 102 101.5 101.8 100.9 100.9 99 99 97.9 98 100.8 100.8 100.5 100.8
203.3 205.4 204.3 203.4 199.6 198.7 194.7 190 186.1 182.4 177.6 177.6 186.8 194.8 205.3 219.5 233.3 244.3 258.2 285.1 308.1 329.5 347.6 356.4 360.2 363.6 366.1 369.1 368.3 364.7 360.5 356 350.9 347.3 345 343.7 341.9 342.7 342.9 325.9 294.3 271.1 257.2 245.3 228.1 215.9 206.1 199.9 193.5 184.6 175.1 167.2 160.1 155.1 149.7 141.9 133.8 127.1 120.7 116.1 111.4 108.4 106.2 104.4 103.8 103.3 102.4 102.6 102 100.6 101 102.3 101.8 102.3 102.4 102.3 102.2 101.7 101.3
192.6 193.3 193.9 191.7 187.5 187.3 185.1 183.3 181.8 179.8 176.3 174.6 184.3 191.7 203.6 217.7 231.7 244.3 252.8 282.8 304.3 322 338.2 348.6 354.2 353 354 356.7 357.4 354.7 352.2 347.9 342.8 340.2 337.7 336 335.9 335.7 339.3 337.2 314.6 290.7 269.8 250.7 235 221.5 214.2 204.5 194 186.4 178.3 169.1 160.4 155.5 151.3 144.8 134.7 126.9 121.2 116.5 111.9 109 106.9 105.5 104.9 104.6 104.7 104 103.1 101 100.9 102.3 102.7 102.7 103.1 102.9 102.7 103.3 103
180.8 183 183.8 180.5 178.2 178.7 178 178.3 178.2 177.3 173.7 171.5 181.1 187.7 197.8 212.2 228.8 239.1 245.7 269.8 293.8 309.9 325.2 336.3 342 343.8 344.9 344.1 346.2 347.3 342.8 339 335 332.2 330.2 326 328.5 331.1 334 337.2 333.5 308.9 285.5 260.5 242.1 227.9 220.3 208.4 197.5 189.2 181.1 172.6 162.3 156.1 150 143.9 136.2 127.9 122.1 117.6 112.7 109.7 107.9 106.6 106.2 105.6 104.9 104.7 104.4 101.4 101.3 101.7 102.5 103 103.9 104.2 103.3 103.5 103.9
168.7 171.1 172.9 172.4 171.6 172.1 172.6 173.3 174 173.9 171.4 171.4 177.9 184.6 193.6 205 219.2 233.4 240.6 260.5 282.2 296.8 312.5 320.9 327.9 331.7 330.9 331.7 333.7 336 331.6 330.1 328 324.8 319.7 315.4 318.1 322.1 327.1 332.9 336.2 326.4 299.4 274 252.8 236.5 223 211.7 201.7 191.7 181.6 174 163.9 156.1 149.4 144.2 136.5 130.3 124.9 119.8 114 110.4 108.3 108.2 107.1 106 104.8 104.7 104.6 101.6 101.8 101.9 102.3 103.2 104.4 104.6 104.6 104.2 105.2
163.7 163.5 164.1 164.9 165.3 165.8 167.7 169.5 170.4 170.2 168.6 169.1 175.8 181.4 190 199.7 208.1 223.2 234.3 246.1 265.7 283.5 293.8 304.4 312.8 314.5 319.8 321.5 321.3 321.9 321.7 321.7 319.5 314.9 311.2 303.2 305.4 314.1 322.4 327.7 333 335.2 314.6 288.5 270.6 248.9 232.6 217.6 206 194.5 183.7 174.1 165.2 156.3 149.4 143.3 137.3 132.3 126.5 120.2 115.9 111.4 109.4 108.6 107.6 106.3 105.3 105.1 104.9 102.1 102.5 103.2 103.4 103.8 104.2 104.6 104.5 105.8 105.3
158.3 159.2 159.8 160.2 160.4 161.4 163.8 165.5 166.8 166.2 165.9 167.3 173.4 179.3 186.1 195.7 204 215.3 224.8 231.7 247.8 266.7 279.7 287.1 292.3 296.8 303 307.2 311.2 311.9 311.9 310.8 306.8 304.3 300.5 293 293.8 303.4 312.5 320.2 325.8 331.9 329 308.4 288.9 269.1 245.5 225.7 209.8 196.9 186.1 175.6 166.5 156.6 150.1 144 137.5 132.5 125.9 120.1 115.9 113.1 111.1 109.8 107.8 106.1 105.8 105.6 104.8 103.3 102 103.2 103.8 104.2 104.7 104.9 106.9 106.6 106.7
155.8 155.9 156.1 156.8 157.4 157.7 160.3 162.2 163.6 164 164.5 166 172 176.8 182.3 189.5 198.1 208.9 217.2 224.5 233.1 251.7 265 271.1 274.7 279.4 284.5 288.8 291.9 296.9 297 295.9 295.4 293.1 289.6 282.1 284.4 292.3 301.8 312.1 319.9 327 328.2 325.7 309.2 284.6 262.5 236.5 216.5 200.6 186.6 174.9 166.3 156.1 151.2 146 138.7 132.1 126.4 120.6 118 116.2 116.1 111.6 108.4 106.6 106.3 106.1 104.6 104.3 103.2 104.2 104.3 104.5 105.3 107.7 108.6 109.8 110.6
