example_terrain50/SO70.asc
ncols 200
nrows 200
xllcorner 370000
yllcorner 200000
cellsize 50
[rows 40 to 79 of 200, columns 90 to 179 of 200]
10.2 10.2 10.2 10.3 10.1 10.2 10.3 10.4 10.5 10.6 10.8 11 11.2 11.3 11.4 11.6 11.8 12.3 12.3 12.3 12.2 12.1 12.1 12 12.3 12.6 13 13.4 13.8 13.7 13.6 13.2 12.4 12 11.7 11.5 11.2 10.5 10 10.7 11.2 11 11 11 11 11 11.2 12 13.6 14.2 16.9 21.2 24.7 28.7 29.8 30.8 31.5 31.6 31.6 31 31 30.9 31.3 31.2 31.1 30.7 29.6 29 28.3 28 27.9 27.6 27.1 26.4 25.5 25.5 25.4 23.6 22.5 23.2 24.1 24.3 24 23.7 23.3 22.8 22.4 23.2 23.8 25.3
10.2 10.2 10.4 10.1 10.2 10.3 10.3 10.4 10.6 10.8 11 11.2 11.5 11.6 11.7 11.9 12.1 12.4 12.4 12.4 12.3 12.2 12.2 12.4 12.7 13 13.4 13.9 14.4 14.6 14.5 14.1 13.6 13.2 13 13.1 12.8 12.2 11.7 10.9 11.4 11.4 11.3 11.1 11 11.2 11.6 12.4 13.5 13.9 14.2 14.8 19.9 23.8 27.7 30.6 30.9 31.1 30.5 30.8 30.8 31 31.4 31.8 31.6 31.2 30 29.5 29.7 29.6 29.6 29.1 28.5 27.9 27.3 27 27.3 26.2 24.2 24.2 24.1 25 25.1 25 24.2 24.2 23.8 23.5 24 24.5
10.2 10.5 10.3 10.1 10.2 10.3 10.4 10.6 10.8 11 11.2 11.4 11.6 11.9 12.1 12.2 12.4 12.6 12.6 12.5 12.4 12.3 12.6 12.8 13 13.4 13.9 14.4 14.9 15.4 15.3 15.1 14.4 14.1 14.3 14.7 14.5 14 13.6 12.1 11.5 11.9 11.7 11.5 11.5 11.7 12.2 13.1 13.1 13.4 13.6 14.2 15.5 21.2 25.6 28.2 29.7 29.5 29.2 30.5 30.7 31 31.4 31.9 32.4 31.7 31.4 29.4 30.8 30.9 31 30.5 29.9 28.7 29.2 28.6 28.7 28.8 26 24.8 24 25.5 26 26.2 25.7 24.3 24.3 24.1 24 24
10.5 10.7 10.1 10.1 10.2 10.4 10.6 10.8 10.9 11.1 11.3 11.6 11.8 12 12.3 12.5 12.6 12.6 12.6 12.6 12.5 12.7 12.9 13 13 13.5 14.1 14.7 15.5 16 16 16 15.2 15 15.2 15.6 15.8 15.8 15.1 13.4 12.2 12.2 12.2 12.2 12.3 12.7 13.1 13.5 13.4 13.2 13.2 13.5 13.9 17.5 20.9 24.2 25.6 26.4 28.1 30.1 30.7 31 31.6 32.3 33.1 33 32.2 31.5 30.7 30.9 31 31 30 30.2 30.8 30.6 29.8 30.7 27.5 24.5 24.3 25.6 26.2 26.8 27.1 25.7 24.3 24.1 24 25.5
10.7 10.3 10.1 10.2 10.3 10.5 10.7 10.9 11.1 11.3 11.5 11.7 12 12.2 12.4 12.6 12.6 12.6 12.6 12.6 12.6 12.7 12.8 12.8 12.9 13.5 14.3 15.1 15.6 15.7 15.9 16.1 15.6 15.8 16 16.3 15.9 15.9 14.3 13.3 13.2 13 13 13 13.1 13.5 13.8 13.8 13.7 13.5 13.2 13.1 13.6 14.2 16.7 19 21.1 22.6 26.8 29.3 30.7 31.3 32 32.8 33.6 34.4 33.7 32.8 31.8 31.1 31.1 29.4 29 30 31 31 30.7 30.9 28.9 26.2 24.6 26.1 27 27.7 28.7 27.6 26.3 24.7 25.7 27.9
10.8 10 10.1 10.3 10.5 10.7 10.9 11.1 11.3 11.5 11.7 11.9 12.1 12.4 12.6 12.6 12.6 12.6 12.6 12.6 12.6 12.6 12.6 12.6 12.9 13.7 14.4 14.9 15.4 15.3 15.6 16.1 16.2 16.6 16.8 16.7 16.3 15.6 14.1 14.5 14.2 13.8 13.8 13.8 14 14.2 14.1 14.1 14 13.2 13.4 13.1 13.2 13.6 14.4 16.5 18.4 20.6 24.5 28.8 30.3 31.7 32.4 33.2 34 34.8 35.2 33.6 33.1 32.1 30.8 29.6 29.2 29 31 31 31 31 29.6 28.1 26.3 27 27.8 28.7 29.7 29.9 29 26.5 26.6 30.7
10.4 10.1 10.3 10.5 10.7 10.9 11.1 11.3 11.5 11.7 11.9 12.1 12.3 12.5 12.6 12.6 12.6 12.6 12.6 12.6 12.6 12.6 12.6 12.5 12.6 13.2 13.9 14.4 14.5 15 15.5 16.1 17.1 17.5 17.3 17 16.8 15.9 14 14.3 14.6 14.6 14.6 14.6 14.6 14.4 14.3 14.1 13.9 13.7 13.4 13.3 13.1 13.2 13.8 14.6 17.2 19.5 21.3 27.6 29.8 30.9 32.5 33.7 34.6 35.5 36 34.3 34 32.7 31.1 29.3 29 29.3 30.7 30.8 30.9 30.5 29.5 29.4 28.4 28.2 29 29.4 30.6 31 30.5 28.6 28.8 29.3
9 10.1 10.3 10.6 10.8 11 11.2 11.4 11.6 11.8 12 12.2 12.4 12.6 12.6 12.6 12.6 12.6 12.6 12.6 12.6 12.6 12.6 12.6 12.7 12.8 13.5 14.1 15.5 15.1 15.6 16.5 18.1 18.6 18.3 17.8 17.3 15.7 14.2 14.1 15.2 14.4 14.8 14.7 14.6 14.4 14.3 14.1 13.9 13.9 13.5 13.2 13 12.9 13.3 14 16.1 18.4 20.8 24.3 27.4 30 31.7 33.5 35.4 36 35.9 35.7 34.9 33.1 31.3 28.8 26.5 26.4 28.5 30.9 31 30.4 30 30.6 30.7 30 29.4 29.1 29.4 31 31.1 30.2 29.7 29
9 9.2 10.1 10.4 10.6 10.9 11.1 11.4 11.6 11.9 12.2 12.4 12.6 12.6 12.6 12.6 12.6 12.6 12.6 12.6 12.6 12.6 12.6 12.6 12.7 12.8 13.1 14.4 15.2 15.2 15.6 17.1 18.7 19.7 19.3 18.7 17.6 16 14.4 14 16 15.9 15.3 14.6 14.3 14.4 14.3 14.1 14.1 13.9 13.5 13.1 12.9 12.8 12.9 13.6 14.9 17.1 19.5 21.7 23.7 26.9 30.8 32.5 34.3 35.6 36 36 36 34.3 31.2 28.4 24.6 24.3 25.7 28.2 30.1 30.1 30.5 30.7 30.7 29.9 29.2 29 29.4 30.6 31.1 30.8 29.8 29.4
9 9.7 9.4 10.1 10.4 10.6 10.9 11.2 11.4 11.7 11.9 12.3 12.6 12.6 12.6 12.6 12.6 12.6 12.6 12.6 12.6 12.6 12.6 12.6 12.7 12.7 12.8 13.5 14.4 15.3 16.1 17.7 19.3 20.8 20.2 19.4 18 16.4 14.7 14.5 15.3 15.8 15.4 15.4 15.1 14.8 14.3 14.1 14.4 14 13.6 13.2 12.8 12.7 12.8 13.6 14 15.5 17.6 19.2 21 24.7 29.8 31.6 33.2 34.5 35.3 35.8 36 35.2 31.8 27.9 24.2 24 24 26 28.4 30.5 31 31.1 31.9 32.2 30.8 29.3 30.3 32.4 33.1 32.7 31.9 31.3
9 11 10 9.9 10.2 10.4 10.7 10.9 11.2 11.6 12 12.4 12.6 12.6 12.6 12.6 12.6 12.6 12.6 12.6 12.6 12.6 12.8 13 13.2 13.3 13.3 13.6 14.4 15.6 16.2 18 19.6 21 20.5 19.5 18.4 16.8 15.1 14 14.7 15.5 16 16 15.7 15.4 15 14.8 14.4 14 13.6 13.3 12.9 12.6 12.8 13.7 14.5 14.2 15.8 17.6 19.3 21.9 26.6 30.7 33 34.1 35.6 35.6 35.9 34.1 31.7 28 24.7 24 24.1 24.9 26.6 29.2 31.1 31.2 32.1 34.1 33.5 32.5 31.9 33.6 35.1 34.6 33.8 32.5
9.4 9.5 10.2 10.2 10.2 10.2 10.4 10.8 11.3 11.7 12.2 12.6 12.6 12.6 12.6 12.6 12.6 12.6 12.6 12.6 12.6 12.7 13.3 13.6 13.6 13.9 13.9 14.3 14.7 15.1 15.9 17.6 19.5 21 20.8 19.8 18.8 17.3 15.6 14.1 15 15.4 15.7 16 15.9 15.6 15.2 14.9 14.5 14.1 13.7 13.3 12.9 12.5 12.9 13.5 14.1 14.1 14.8 16.6 18.3 20.4 24.3 30.5 32.6 34.8 36.1 36.2 36.2 36 32.8 29.1 25.2 24.1 24.4 24.8 25.5 27.1 29.1 31.3 32.8 35.1 35.4 34.3 34.9 34.5 36 36 36 34.6
9.4 9.7 9.6 10.2 10.2 10 10.5 10.9 11.4 11.9 12.3 12.6 12.6 12.6 12.6 12.6 12.6 12.6 12.6 12.6 12.6 13.1 13.6 14.1 14.1 14.3 14.6 14.5 14 14.2 15.4 17 19 21 21 19.5 19.5 18.1 16.4 15.2 15.1 15.2 15.5 15.7 16 15.7 15.4 14.8 14.7 14.3 13.9 13.5 13.1 12.6 12.4 12.9 13.3 13.5 14.2 15.8 17.2 19.2 23.5 30.1 31.8 34.2 35.9 36.2 36.3 36.1 33.5 29 24.7 24.1 23.8 23.8 24.4 25.1 27.3 29.7 31.3 33.4 36 34 34 34 36 36 36 35.3
10 9 9 10 9.4 9.9 10.5 10.9 11.4 11.8 12.2 12.3 12.4 12.5 12.6 12.3 12.5 12.6 12.6 12.6 12.9 13.4 14 14.5 14.6 14.6 14.5 14 14.3 15.3 15.4 16.5 19.2 21 21 21 20.1 19 17.6 16.6 15.4 15.4 15.4 15.5 15.8 15.9 15.6 14.6 14.8 14.4 14 13.5 13.1 12.6 12.4 12.3 12.7 13 13.6 14.9 16 18 21.5 27 29.9 32.5 35 36.1 36.5 36.2 33.1 28.6 24.2 23.3 23 23.1 23.7 24.4 25.6 28.3 30.2 31.2 34.4 34 34 34 35.4 35.5 35.7 35.6
10.4 10.4 9.8 9.5 9.4 9.9 10.5 10.9 11.3 11.6 11.8 12 12 11.8 11.7 11.5 11.9 12.6 12.6 12.6 12.8 13.3 13.8 14.7 14.6 15.5 14 14.1 14.1 14.1 14 14.9 18.5 21 21 21 20.8 19.3 18.4 16.8 15.6 15.6 15.6 15.6 15.6 15.8 15.7 14.7 14.7 14.5 14 13.6 13.1 12.5 12.4 12.3 12.4 12.7 13 13.8 14.7 16.7 18.7 22.3 26.5 30 33.2 35.8 36.7 35.6 32.3 27.2 23.4 22.5 21.7 21.9 22.4 23.2 24.4 25.4 27.1 30.2 33.3 34 34.5 34.5 34.9 35.6 36.2 36.1
10.3 9 11 10.3 10.5 10.5 10.6 11 11.1 11.3 11.5 11.7 11.5 11.4 11 11 11.1 11.4 12.1 12.7 12.6 12.8 13.7 15.1 14.3 14.2 14.3 14.3 14.4 14.4 14 14 15.9 19.4 21 21 21 19.4 18.7 16.9 15.8 15.8 15.8 15.8 15.8 15.8 15.8 15 15 14.6 14.1 13.7 12.9 12.5 12.4 12.3 12.4 12.5 13 13.8 14.3 15.8 17.8 19.6 21.9 26.4 31.4 34.6 36.1 36.1 31.6 25.3 22.6 21.3 20.1 20.5 20.9 22.2 24.1 24.3 25.9 29.3 32.3 33.8 35.1 35.2 35.6 36.3 36.3 36.3
10.3 9.5 10.8 10.3 10.5 10.7 10.9 11 11 11 11.2 11.3 11.1 11 11 11 11 11.2 12.2 13.3 13.2 13.3 15 15.6 14.4 14.4 14.5 14.6 14.6 14.4 14 14 14.4 17.5 20.4 20.9 21 20.5 19.1 16.5 15.9 15.8 15.8 15.8 15.9 16 15.9 15.6 15.1 14.7 14.2 13.3 12.6 12.5 12.5 12.4 12.4 12.5 12.7 13.4 14.2 16 16.2 17.1 18.7 22 27.5 32.2 35.8 33.7 29.5 24.2 21.1 19.8 19.2 19.2 20.1 21.6 23.8 24 26.1 29.4 32 34.1 35.3 35.9 36.2 36.5 36.4 36.4
10 10.6 10.7 10.5 10.5 10.7 11 11 11 11 11 11 11 11 11 11 11 11 12.4 13.7 14.1 14.7 14.1 15 15.6 14.6 14.8 14.9 14.9 14.3 14 14 14 15.4 18.8 20.7 21 19.6 18.1 16.3 15.8 15.8 15.9 16 16.1 16.1 15.8 15.6 15.2 14.8 13.8 12.8 12.7 12.6 12.5 12.5 12.4 12.6 12.7 12.9 14.2 15.7 15.2 16.1 17.1 19.2 23 27.3 29.8 28.1 25.7 22 19.4 19.4 19.3 19.3 19.9 22 24.4 24.7 27.3 29.9 32.5 35.4 35.9 36.4 36.6 36.6 36.5 36.5
11 10.9 10.2 10.5 10.6 10.8 11 11 11 11 11 11 11 11 11 11 11 11 11.9 12.8 14.4 14.4 14 14 14 15 15 15.1 14.9 14.3 14 14 14 14 16.5 18.5 18.5 17.5 16.8 15.9 15.9 16 16.1 16.2 16.3 16 15.8 15.5 15.3 14.2 13.2 12.8 12.7 12.7 12.6 12.6 12.5 12.6 12.8 12.9 13.3 13.9 14.5 15.4 16.9 18.7 19.7 22.4 22.3 22.4 21.3 19.7 19.1 20.4 19.7 19.4 19.8 22.3 24.9 26.4 28.2 30.3 32.4 35.4 36.1 36.6 36.9 36.8 36.7 36.6
9.5 10.2 10.6 10.7 10.7 10.9 11 11 11 11 11 11 11 11 11 11 11 11 11 11 12 14.1 14 14 14 14 14.9 15.4 14.8 14.2 14 14 14 14 15.5 15.9 15.4 14.8 15.7 16.1 16.2 16.2 16.3 16.4 16.2 16 15.8 15.6 15.2 13.5 12.9 12.9 12.8 12.8 12.7 12.7 12.6 12.7 12.8 12.8 13.1 13.6 14 15 16.5 17.9 18.4 19.9 19.9 19.7 19.4 19.8 19.6 21 19.6 19.2 20.3 22.5 24.5 26 28.1 30.2 32.9 35.5 36.3 37 37.3 37.2 37.2 37.2
11 10.3 10.5 10.6 10.8 10.9 11 11 11 11 11 11 11 11 11 11 11 11 11 11 13.8 14 14 14 14 14 14.1 15.6 14.4 14.2 14 14 14 14 15.3 15.7 14.5 14 14.8 16.6 16.5 16.5 16.5 16.5 16.3 16.1 15.8 15.4 15.1 13.9 13.2 13.1 13 12.9 12.8 12.8 12.7 12.7 12.7 12.8 13 13.4 13.9 14.5 16 16.7 17.2 17.7 18.2 18.8 19.6 19.9 20 20.1 19.3 19.9 21 22.6 24.2 25.8 27.9 30 33.3 35.3 36.3 37.1 37.8 38.1 38.1 38.1
11 10.1 10.3 10.5 10.6 10.8 11 11 11 11 11 11 11 11 11 11 11 11 11.2 12.3 15.5 15.8 14.6 14 14 14 14.8 15.9 15.1 14.2 14 14 14 14.5 14.2 14 14 14 15.6 17.1 17 16.8 16.7 16.6 16.3 16.1 15.8 15.5 15.2 14.7 13.8 13.6 13.5 13.4 13.3 13.2 13 12.8 13 13.1 13.2 13.5 13.9 14 14.9 15.9 16.8 17.7 18.5 19.2 19.9 20.1 20.2 20.3 20 20.5 21.7 22.9 23.9 25.7 27.8 29.8 32.9 35.2 36 36.9 37.6 38.2 38.8 39
9.7 10.1 10.3 10.5 10.6 10.8 11 11.2 11.2 11 11 11 11 11 11 11.2 11.5 13.3 14.2 13.9 15.8 15.9 15.3 15.2 14.7 14 15.7 15.5 15.5 15.5 14 14 14.4 14.7 14.2 14 14 14.2 16.5 16.9 17 16.9 16.8 16.9 16.6 16.3 16.5 16.9 16.2 14.6 14.5 14.1 14 13.8 13.7 13.6 13.4 13 13.2 13.4 13.5 13.7 13.9 16 15.2 16 16.8 17.7 18.5 19.3 20 20.5 20.5 20.6 20.9 21 22.3 23.3 24.4 25.6 27.6 29.6 32.5 34.9 36.1 36.8 37.4 38.1 38.6 39.2
10 10.1 10.3 10.6 10.8 11 11.2 11.4 11.7 12.6 11.5 11 11 11 11.9 12.6 12.7 14.1 14 15 15.5 16.2 15.7 15.5 15.7 15.7 15.8 15.9 16 16 15.6 14.6 16 16 14.4 14 14 14.9 15.7 16.1 16.6 17 17 17.1 16.9 17.5 18 18.5 16.7 14.6 14.9 14.7 14.4 14.3 14.1 13.9 13.7 13.3 13.4 13.5 13.7 13.9 14.8 15.4 15.3 16.1 16.9 17.8 18.5 19.1 19.7 20.7 20.9 21.2 21.6 21.9 22.7 23.8 25 26.4 27.8 29.4 32.2 34.8 35.9 36.6 37.2 37.9 38.5 39.4
10.1 10.2 10.5 10.8 11 11.2 11.4 11.6 11.8 12.7 12.4 11.4 12 12 13 14 14 15.5 15.1 15.4 15.6 16.3 16.1 16.1 16.3 16.4 16.5 16.6 16.7 16.5 16.1 15.7 15.6 15.5 15.3 15.7 14.2 15.7 16.2 16.6 17 17.4 17.6 17.7 18.1 18.9 19.6 19.6 17.9 15.5 16 14.5 14 14 14 14 13.9 13.5 13.6 13.7 13.9 14 15 15.2 15.4 16.2 17 17.7 18.3 18.9 19.5 20.4 21.2 21.5 21.8 22.2 22.9 24 25.1 26.2 27.7 29.2 31.8 34.5 36.3 37.1 37.6 37.8 38.8 39.8
10.2 10.2 10.6 10.9 11.2 11.4 11.7 11.9 12.1 12.6 12.3 12.2 12.8 13.2 14 15.1 15.3 15.2 15.5 15.9 16.2 16.4 16.6 16.7 16.9 17 17.1 17.3 17.3 17 16.7 16.6 16.3 16.2 15.9 16.4 15.5 16.5 17.1 17.5 18 18.5 18.5 18.6 18.7 19.8 20.5 20.3 19 17.4 16.1 14.8 14 14 13.9 13.9 13.8 13.8 13.7 13.8 13.9 13.9 14 14.6 15.5 16.3 17 17.5 18.1 18.7 19.3 20.1 20.3 21.5 21.9 22.6 23.3 24 25 26 27.2 29.1 31.5 34.7 36.4 37.5 37.6 38.2 39 40.1
10.2 10.3 10.6 10.9 11.2 11.5 11.8 12.1 12.3 12.6 12.3 12.9 13.6 14.3 15.1 16 15.1 15.4 15.7 16.1 16.3 16.6 17 17.3 17.5 17.6 17.7 17.9 18 17.6 17.8 17.3 17.1 16.9 17 18 17.9 18 18.1 18.6 19.1 19.5 19.4 19.5 19.6 20.3 21 19.1 19.5 18.4 17 15.6 14.2 14 13.9 13.8 13.8 13.7 13.7 13.8 13.8 13.9 13.9 14.2 15.6 16.2 16.7 17.3 17.9 18.5 19.2 19.8 19.7 21.1 21.9 22.8 23.6 24.3 25 26.1 26.3 28.4 30.6 34.2 36.2 36.9 37.5 38 38.5 39.5
10.3 10.3 10.6 10.9 11.2 11.5 11.9 12.2 12.5 12.7 13 13.7 14.1 14.6 14.5 15.2 15.2 15.5 15.8 16.1 16.4 16.7 17 17.5 18 18.2 18.3 18.6 18.6 18.7 18.7 18.1 17.8 17.6 18.5 19.4 20.4 19.6 19.8 20 20.2 20.3 20.2 20 19.9 19.8 21 19 19.1 19.2 17.9 16.6 15.2 14 13.9 13.9 13.8 13.7 13.7 13.8 13.9 13.9 14 14 15.6 16 16.5 17.1 17.7 18.3 19 19.9 20.5 20.8 21.6 22.4 23.3 24.2 25.2 26.1 27.3 28.7 30 32.6 35.5 36.1 36.7 37.1 37.6 39
10.4 10.3 10.6 10.9 11.3 11.6 11.9 12.2 12.5 12.9 13.2 13.5 13.9 14.4 14.6 14.5 15.1 15.5 15.8 16.1 16.4 16.7 17.1 17.5 17.9 18.4 18.9 19.3 19.4 19.8 19.4 18.8 18.6 19.1 19.9 20.7 20.9 20.8 21 21.2 21.3 21 20.7 20.5 20.2 19.9 19 19 19.1 19.2 19.1 17.8 16.2 14.3 14 13.9 13.8 13.6 13.6 13.8 13.9 13.9 14 14 15.9 16.1 16.3 16.9 17.6 18.4 19.2 19.8 20.5 20.6 21.4 22.1 22.9 23.8 24.7 25.6 27 28.3 29.6 31.3 33.2 35.1 35.7 36.1 36.6 37.9
10.4 10.4 10.7 11 11.3 11.6 11.9 12.3 12.6 13 13.4 13.7 14 14.3 14.6 14.3 14.9 15.4 15.8 16.1 16.4 16.7 17.1 17.5 17.9 18.4 18.9 19.3 20.9 21 20.4 19.3 19.7 20.2 20.9 21.7 22 22 22.1 22.2 22.4 21.9 21.2 21 20.7 20.6 20.4 19 19.1 19.4 20.2 18.9 17.2 15.2 14 13.9 13.8 13.6 13.6 13.7 13.8 14 14 14 14.3 15.1 15.6 16.5 17.1 17.7 18.4 19.1 19.9 20.6 21.2 21.8 22.5 23.4 24.3 25.2 26.5 27.7 28.9 29.7 30.8 32 33.8 35.2 35.7 36.7
10.4 10.5 10.7 11 11.3 11.7 12 12.4 12.8 13.2 13.5 13.8 14.1 14.4 15 14.6 14.8 15.2 15.8 16.1 16.4 16.8 17.2 17.5 17.9 18.3 18.8 19.2 20.8 20.4 20.6 21.1 21.3 21.6 22.3 23 23.2 23.1 23.2 23.3 23.5 22.7 22 21.6 21.6 21.6 21.1 19.9 19 19 20 19.9 18 16.2 14.3 13.9 13.8 13.6 13.4 13.5 13.6 13.8 14 14 14 14 14.5 15.7 16.3 17 17.8 18.5 19.3 20.2 21.2 21.9 22.6 23 23.8 24.7 25.8 27 27.8 28.8 29.4 29.7 31.5 33.3 34.9 35.3
10.4 10.5 10.7 11.1 11.5 11.8 12.2 12.6 12.9 13.3 13.7 14 14.3 14.6 14.2 15.1 15.3 15.5 15.8 16.1 16.5 16.8 17.2 17.6 17.9 18.3 18.8 19.7 20.3 20.8 21.7 22.6 22.7 23.1 23.7 24.4 24.6 24.4 24.3 24.4 24.3 23.5 23.1 22.7 22.7 22.7 21.9 20.7 19.5 19 21 20.8 18.2 18.1 17.4 14.6 14.1 13.7 13.3 13.2 13.3 13.4 13.8 14 14 14 14 14.9 15.6 16.4 17.3 18.1 18.9 20.3 21.2 22.1 22.6 22.7 23.4 24.2 25.1 26.1 27.2 28 28.6 29.1 30.1 31.4 32.9 34.5
10.6 10.5 10.9 11.2 11.6 12 12.3 12.7 13.1 13.5 13.8 14.2 14.5 14.8 14.2 15.1 15.7 15.8 15.9 15.9 16.3 16.7 17.1 17.4 17.8 18.2 18.8 19.7 20.9 21.9 22.8 23.8 24.3 24.3 25.2 26.2 27 26.4 25.9 25.5 24.9 24.5 24 23.9 23.8 23.8 22.6 21.4 20.4 19 20.8 20.3 19.1 20 20.3 18.1 14.2 13.8 13.4 13.1 13.1 13.1 13.6 14 14 14 14 13.9 15.3 16 16.9 17.7 19 20.4 21.2 22.1 22.3 22.5 23 23.8 25 25.5 26.4 27.2 27.8 28.3 28.9 30.2 31.5 32.9
10.5 10.5 10.9 11.4 11.7 12.1 12.5 12.9 13.2 13.6 14 14.3 14.6 14.3 14 15.1 15.4 15.2 15.2 15.6 16 16.4 16.8 17.1 17.7 18.2 18.7 19.5 21.3 22.6 24 24.4 25.4 26.6 27.7 28.6 29.4 29.8 29.2 28.3 26.4 25.9 24 24.5 24.9 24.5 23.4 22.5 21.6 20.7 20.7 20 19.7 19.9 20.2 19.6 16.5 13.9 13.5 13.1 13 13 13.2 13.7 13.7 13.7 13.7 13.9 14.9 15.6 16.5 17.6 19.2 20.5 21.1 21.6 21.8 22.1 22.5 23.3 23.9 25.9 25.4 26.3 26.9 27.5 28.2 28.9 29.9 31.8
10.4 10.5 11 11.4 11.9 12.2 12.6 13 13.4 13.8 14.1 14.5 14.8 14 14.2 15.1 15.5 14.9 14.7 15.3 15.8 16.1 16.6 17.1 17.6 18.1 18.7 19.7 21.7 23.7 25 25.6 27.1 29.3 30.4 30.6 31 31.5 30.9 30.1 28.6 25.8 24.9 24.9 25.9 25.5 24.6 23.7 22.6 21.6 21.4 21 20.8 21 21.2 20.5 16.8 14 13.6 13.2 13 13 12.9 13.3 13.4 13.4 13.7 13.9 14.9 15.6 16.2 17.8 19.2 20.5 21.1 21.1 21.3 21.6 21.5 21.1 21.6 23.6 24 24.9 26.2 26.7 27.4 28.2 28.9 30.5
10.3 10.6 11 11.5 11.9 12.4 12.7 13.1 13.5 13.9 14.3 14.6 14.3 14 14 15.4 15.5 14.8 14 15 15.5 16 16.5 17 17.5 18.1 18.8 20 22 23.9 25.8 27.4 28.6 30 31.6 31.8 32.4 32.9 32.5 31.7 30.4 28.2 26.9 26.4 26 26.1 25.8 25 23.6 22.7 22.3 22.2 22 22 22.2 21.3 18.8 14.2 13.8 13.3 13 13 12.9 12.9 13.1 13.4 13.7 13.9 14.2 14.8 16.2 17 18.7 20 19.9 19.8 20.7 20.5 20.3 19.7 19.6 21.2 21.1 24.2 25.9 26 26.7 27.4 28.2 29.2
10.2 10.7 11.1 11.5 12 12.4 12.9 13.2 13.6 14 14.4 14.8 14.9 14 14 14.1 14 14.3 14 14.9 15.3 15.9 16.4 16.9 17.5 18.2 18.9 20.2 22.2 24 25.7 27.6 30.3 30.8 32.1 33.1 33.7 34.3 34.2 33.2 32.2 29.8 28.5 28 27.7 27.5 26.8 25.5 24.3 23.5 23.4 23.3 23.2 23.1 23 22.3 21 17.5 13.9 13.7 13.3 13.3 13.3 13.1 13.2 13.4 13.7 14 14 14 15.8 14.8 16.7 18.8 19.4 18.3 18.9 19.3 19 19.4 19.7 19 19.1 20.7 24.2 24.8 25.9 26.6 27.5 28.5
10.3 10.7 11.2 11.6 12 12.5 12.9 13.4 13.7 14.1 14.5 14.8 16 16 14.3 14.1 14 14 14.8 15.7 15.7 15.6 16.3 16.9 17.5 18.2 19 20.5 22.4 24 25.6 27.6 30 31.5 32.7 34.1 35.2 35.1 35.3 35.1 34.5 32.1 30.5 29.7 29.5 29.5 28.3 26.7 25 24.2 23.9 24.6 24.5 24.2 24 24.3 23.2 21.8 18.7 15.3 13.9 14.1 13.8 13.1 13.4 13.6 13.9 14 15.8 14.5 14.2 15.1 17.1 18.6 19.5 19.6 17.5 19 20 20.8 20.5 20.7 20.6 19.9 19.2 22 25.2 26.1 26.6 27.8
10.3 10.7 11.2 11.7 12.1 12.5 13 13.4 13.9 14.2 14.6 15.5 16 16 16 14 14 14 14 14 14.7 15.4 16 16.7 17.6 18.3 19.1 20.7 22.3 24.1 26 28.3 30.5 31.8 32.9 34.2 35.7 35.4 36.2 36 35.5 34.8 32.9 32.3 31.3 31 29.5 27.8 26.1 24.5 24 24.4 25.6 25.5 25.7 25.7 25.4 23.5 22.1 18.8 15.6 14.4 13.7 13.2 13.2 13.8 14 14.3 14.9 14.4 14.1 15.2 18.5 20.7 20.7 20.4 19.8 20.7 21.7 22.3 22.5 22.7 22.5 21.9 20 19.7 23.2 25.8 25.9 27
10.2 10.6 11.1 11.6 12 12.5 13 13.5 13.9 14.4 14.5 15.9 16 16 16 14 14 14 14 14 14.5 15.2 15.9 16.5 17.5 18.5 19.3 21.3 23 24.5 26.5 29 30.8 31.9 33 34.6 35.8 35.2 36 36.8 36.3 35.7 35.1 34 32.6 31.5 30.5 28.9 27.3 25.6 24.2 24.7 25.7 25.8 26.7 26.9 26.3 25.6 25.2 22.1 18.3 15 13.6 13.3 13.1 14 14.3 14.6 14.6 14.3 13.9 15 18.3 20.1 20.3 20.6 20 20.2 21.6 23.4 23.4 24.1 24.6 24.4 23.4 20.7 20.6 23.9 25.4 26
